214.30612244897958 740.0083298625574
218.9387755102041 386.5880882965432
220.24489795918367 377.5318617242813
220.6530612244898 391.8592253227825
220.44897959183675 387.4310703873384
219.81632653061226 423.4968763015413
221.20408163265307 419.71345272803
221.59183673469389 428.8538109121197
221.3265306122449 401.64847980008335
221.55102040816325 393.10453977509354
218.26530612244898 388.7663473552687
205.77551020408163 259.9700124947938
195.0612244897959 264.01665972511455
193.3877551020408 313.7067888379843
191.0 280.2040816326531