-1.347189 4.761221 
-0.979618 -5.009459 
3.988748 1.174247 
2.879166 -1.857395 
3.698035 0.763359 
-0.568911 3.486757 
-3.378774 -2.173199 
3.484859 0.919356 
3.911373 -0.555528 
-3.717905 -0.257461 
-1.402179 -3.087058 
-1.673999 2.685170 
1.985689 -4.001980 
-3.493262 -1.485310 
1.547208 -3.224288 
-1.905278 3.475019 
-0.145919 -4.651325 
4.067297 0.473225 
4.019350 -0.870641 
-1.801549 -4.141920 
3.602296 -0.640178 
2.298172 3.381082 
1.523296 3.824777 
2.874012 3.204189 
3.829405 -2.947137 
3.405706 0.778759 
1.258827 -4.397632 
-2.266365 -3.177301 
-2.302902 2.483471 
-3.224105 3.126639 
3.255033 1.863931 
-3.543635 -3.581520 
-2.922921 -2.470646 
-0.368912 -4.262285 
1.041131 4.561597 
-1.998615 -3.069931 
-1.383205 4.381167 
3.108519 1.400371 
-0.952699 -4.976710 
2.317149 -2.561025 
4.837686 0.113497 
3.896791 -2.770782 
2.994952 3.939080 
-4.279485 -0.758083 
4.852442 -1.678014 
0.956224 -3.636462 
3.932169 -1.258698 
0.669760 3.374455 
0.317344 3.128893 
3.787911 -3.274851 
1.631265 -4.455248 
-3.689570 -0.119661 
-4.289907 0.472434 
2.281759 2.855611 
-0.690827 5.143379 
2.759738 3.201979 
4.912952 1.185420 
1.992255 2.713300 
3.152534 4.118586 
-5.116446 0.188030 
2.819776 -4.084432 
2.127418 4.183933 
-1.692277 3.294689 
0.575201 3.711766 
1.957860 -4.806977 
4.749450 -1.044547 
0.483246 4.266056 
0.645997 4.626475 
0.663409 4.529995 
0.081833 -4.353288 
4.794470 -0.091841 
0.563847 -4.434941 
-3.637420 0.562154 
0.642541 4.560039 
1.052307 -3.175466 
0.369946 -3.457577 
-4.737543 0.484508 
-4.069601 -2.228624 
3.094107 -0.797860 
3.980230 -0.481300 
-2.345402 3.309985 
-3.213313 -3.451339 
0.589374 -3.257755 
-1.409643 -4.625925 
2.768447 -3.154346 
-0.970797 -4.204334 
3.608458 3.068405 
-0.601412 3.692520 
3.948612 -3.012358 
-0.011172 -3.863659 
3.181344 2.290164 
-3.868962 2.328529 
3.531621 1.966736 
0.145586 -4.857896 
3.069729 -2.102793 
2.985085 -1.387953 
3.507709 1.908870 
-1.457387 -4.744853 
4.733676 1.004792 
3.394871 2.307756 
-2.544951 -1.828112 
3.377586 -1.124143 
-3.095094 -3.641434 
-2.924987 3.987417 
3.199779 2.221613 
1.155579 5.038679 
-0.213703 4.543303 
1.452263 3.582221 
-3.648060 2.675528 
2.054897 -4.183139 
3.794424 -2.854265 
-3.857951 2.960595 
-2.856119 1.739138 
1.907147 -3.721077 
-0.004993 -3.649453 
-1.944227 3.158760 
-3.801332 1.593958 
-1.875130 4.527481 
2.370628 -3.468695 
-2.006672 -3.367838 
-2.895405 -1.704326 
0.821099 4.053983 
-1.140653 -3.170893 
4.283643 2.450721 
-0.067583 -3.290693 
-4.413022 -0.680218 
4.773822 0.312567 
-2.612165 -2.551781 
-4.397840 1.907632 
3.521400 2.002580 
-2.177921 -2.646236 
3.138694 -3.982811 
4.205491 -2.293799 
4.638052 -0.591583 
-0.331905 4.300925 
-2.487178 2.070387 
-2.661133 -2.184840 
4.145473 -3.093165 
-4.289382 -2.312055 
-3.595587 3.662589 
1.455210 -3.911535 
-4.377181 -2.636701 
-4.346684 0.904001 
-1.718631 -3.043336 
2.133446 2.841170 
3.835523 0.706007 
0.058905 3.650004 
-2.362396 -2.764397 
5.041477 -0.546921 
-1.862626 -3.130255 
-1.289566 -4.404638 
0.653262 -3.148529 
2.367009 -2.200131 
-3.505940 0.416639 
-4.071059 1.810485 
-1.663614 3.095948 
-1.061000 3.869296 
1.017075 3.196133 
-3.128564 -3.651702 
2.224600 2.886892 
4.603662 2.211464 
0.488504 -4.565995 
4.405120 0.464210 
-2.718154 1.691908 
3.277997 1.066948 
3.499145 3.508064 
0.023931 -4.741262 
-3.664526 0.236223 
-3.815278 1.716366 
0.341979 -3.597945 
-4.485284 0.732173 
-3.695037 -1.765718 
-1.530145 3.685899 
1.466299 -4.542028 
0.518574 -4.937967 
0.590069 -4.765405 
-3.924590 -2.869077 
-3.824283 -0.479347 
0.312667 5.070298 
-1.704449 4.201843 
-1.076913 3.881682 
-4.658228 1.872143 
-4.138329 1.516037 
-1.312221 -4.520113 
-4.639952 -1.667752 
-3.276309 3.527043 
3.886738 -0.965425 
-3.146779 3.297483 
-5.093372 -0.619019 
-0.175131 -4.852591 
-4.076616 2.868802 
-4.372079 -1.849903 
-2.704369 -2.293311 
0.847572 -3.324937 
-3.431435 -1.771476 
-4.541605 1.521158 
2.869882 1.599226 
3.737301 1.602055 
3.992674 0.578958 
3.865489 0.058849 
0.499128 3.164646 
0.227609 3.946137 
-1.638733 -3.385537 
-1.917572 3.785530 
0.911597 -4.975091 
3.749097 0.706325 
-3.567348 1.293149 
-0.095867 3.229305 
-0.291281 -3.274348 
4.970920 -0.730908 
-1.469983 -4.090426 
3.183501 0.529561 
0.303946 4.499920 
-3.722095 -1.862332 
3.212708 -4.021370 
-0.285117 -4.259709 
0.456258 4.418106 
3.471430 -0.378848 
-3.022292 -2.081275 
-3.000762 1.627788 
1.035306 4.190183 
-3.976473 -0.614904 
-1.217927 -4.016523 
-3.550288 3.004978 
3.745247 -2.780892 
-2.235910 3.825412 
-4.096186 -1.371755 
0.965019 4.353640 
0.920966 -3.459914 
-3.855053 1.981661 
0.565532 -3.776789 
-0.498262 4.234625 
-1.603909 -3.729284 
4.104714 2.624015 
-0.124460 4.381233 
1.322239 4.134765 
3.505631 3.214838 
-3.188281 3.562498 
-4.811573 1.914409 
1.236385 2.869281 
-3.348793 -3.219465 
-0.167938 4.510582 
-4.432029 -0.782175 
1.195677 3.940796 
-4.507298 -2.118970 
4.866029 -1.806002 
-4.429517 -0.107977 
-2.951676 3.427294 
-1.928335 4.026757 
2.943870 3.130941 
3.503953 -3.840087 
1.927950 3.719366 
-1.942866 4.585423 
3.460675 -2.557056 
-3.386706 -3.576472 
1.669050 -3.492100 
-0.178901 -5.031012 
-3.171993 -3.541268 
4.702720 -1.098131 
3.866716 1.870858 
1.460550 4.771882 
2.812869 -1.598890 
0.712402 4.136073 
-2.429953 -3.804091 
-4.356554 -2.159246 
-0.622964 3.599984 
0.199151 -4.769557 
0.718303 4.910260 
-2.633205 4.267328 
2.644312 -4.263379 
3.804533 -2.122548 
-2.055128 2.930400 
1.784370 2.979803 
-2.124780 -3.154061 
-3.651659 -2.046248 
-3.641853 -3.253103 
-0.329374 5.177807 
3.738381 -1.107518 
-0.780827 -4.578525 
-3.172522 3.006810 
-3.141850 -2.894505 
-1.512984 4.698091 
0.456582 -4.070387 
4.007223 -0.766549 
-4.659538 -1.280397 
-0.927701 4.958140 
-2.293050 -2.184989 
-0.130901 4.901285 
-0.808335 -4.341723 
0.276165 -4.894817 
-3.669011 -2.707472 
-2.197588 -3.419980 
-4.135203 -3.060315 
-2.959925 1.729596 
-3.458148 0.363491 
-1.042231 -4.367044 
4.859260 -1.399390 
3.216379 0.156821 
0.842314 -4.178852 
2.985683 -1.641890 
0.436936 4.593619 
1.989103 -4.101252 
-2.622993 -2.465217 
0.854967 -3.256799 
-1.111195 3.693549 
4.697571 1.673477 
4.663130 -0.924274 
-2.955483 -4.236833 
3.216885 2.350553 
1.059871 -3.791009 
2.373812 -3.150278 
-1.415339 4.210931 
1.900849 -2.670376 
-2.085909 2.585976 
0.152973 -4.516911 
-4.329448 -1.715683 
-4.874628 -0.991714 
4.282580 -0.821048 
-3.355799 -1.226876 
-4.330430 -1.206591 
-5.059757 0.916832 
-3.851137 -2.967024 
-2.839995 4.305660 
4.648488 -2.076700 
-1.431975 -2.873699 
-1.096076 -3.600441 
-2.328345 3.708823 
-4.426000 -1.521195 
2.942933 -3.845160 
4.579091 1.829746 
0.446305 4.284798 
-3.168305 -4.111424 
2.958705 3.717926 
-3.125949 3.133306 
1.328885 -3.575451 
-4.595520 0.874037 
-3.446537 0.839376 
3.953999 -0.232574 
3.387095 3.867866 
-2.006078 -4.063378 
0.071493 4.458463 
1.453735 2.899370 
-3.317605 2.289880 
0.605147 -4.084247 
-4.954521 1.379681 
-3.709955 0.844702 
1.767772 4.141372 
0.268866 3.123350 
2.766621 4.007958 
-0.133817 3.164827 
-0.324556 3.849382 
-3.718209 2.318244 
-0.864906 3.113430 
-2.986476 2.598452 
1.778482 3.257121 
0.980058 4.227948 
-0.063493 -3.740486 
-3.845550 1.508605 
4.100766 1.672056 
5.093980 -0.163397 
-2.137101 -3.353781 
-2.331174 4.522986 
-3.874245 -0.779742 
5.029294 1.076919 
2.290207 -2.899523 
3.319398 -3.029695 
2.141940 -3.292086 
-2.572147 2.926078 
-0.363856 4.075502 
-1.686207 -4.742729 
2.553289 4.010326 
3.494659 2.760754 
0.443582 3.367481 
-2.377224 -2.780333 
2.259613 2.175197 
2.468782 3.975422 
-4.385804 0.140743 
-3.973520 0.463524 
-0.454723 -3.982481 
4.800872 -0.769812 
-2.554252 3.615064 
4.518081 0.210103 
-3.281053 -1.834967 
-2.761976 2.050759 
-3.561336 2.102398 
1.401565 4.633194 
-3.207797 -1.488219 
-3.899906 -0.198160 
-3.022609 -2.815058 
-1.932920 -3.988011 
-0.857155 4.891275 
-0.246696 3.610973 
-0.402776 3.513005 
-1.577759 4.002340 
2.730562 2.361613 
1.800899 -3.893394 
-1.470549 -3.456000 
-0.726548 3.426425 
1.093125 4.346384 
2.507362 -3.775670 
-1.920542 -3.464512 
4.643577 -0.589334 
3.462067 0.567191 
4.166800 1.389252 
-3.057102 -3.198396 
-4.110049 3.008016 
2.163585 3.959974 
-3.762949 -1.402853 
4.601588 -1.017874 
4.841528 -0.832421 
2.924712 -3.204628 
0.991967 -4.251290 
-3.244170 -3.671945 
3.289035 1.932542 
1.224246 -3.274065 
3.416482 3.889180 
-3.954461 0.041621 
-0.880685 -3.300638 
4.762563 1.907606 
0.214633 4.836560 
-0.584043 -3.606538 
3.686045 2.442222 
-3.642709 -3.557152 
4.157841 -1.962928 
2.774131 2.170807 
-3.200162 -3.118737 
-3.670289 -1.690373 
-2.437695 -3.086703 
5.137968 -0.192286 
-1.834089 4.024684 
-2.199289 2.452273 
-2.962112 3.464788 
2.807354 3.010989 
3.851629 2.557728 
4.132266 2.450933 
1.061754 4.975725 
3.882912 0.132530 
3.383849 -1.251086 
-0.826723 -4.729652 
-3.378698 1.439819 
-1.584957 -4.543960 
-2.650174 -2.065147 
-3.277452 -0.012672 
1.665336 -4.206133 
0.189760 3.654388 
1.688814 -4.865814 
-2.793682 -2.488652 
2.240843 3.959515 
-1.291961 -4.826133 
1.929004 3.590584 
3.436706 3.627993 
-3.373218 -1.671582 
-1.518848 -2.835271 
3.848843 3.306063 
-4.944150 -1.440897 
-3.378995 1.058340 
-0.671850 5.080064 
0.549965 4.076717 
2.438541 -2.578313 
-2.440348 2.940611 
-3.277473 -0.715463 
2.056416 2.523085 
-2.253937 2.438174 
1.360836 3.797194 
-3.934266 -2.192770 
-2.814620 1.387670 
-0.571404 3.316375 
3.008124 -4.014906 
4.956392 0.383391 
0.061456 -3.296636 
2.413452 -2.209174 
-3.404491 -0.207148 
-4.262333 -1.747871 
-3.571834 2.943667 
-4.936495 1.084668 
0.677400 4.509240 
-4.265973 1.106976 
-1.890231 -4.231718 
-1.009841 4.658051 
-3.751368 -1.768463 
4.278385 -1.802840 
3.206379 1.845756 
0.193447 3.162224 
-2.035258 -4.532741 
0.256667 -4.386064 
2.743476 3.512719 
-2.437251 -2.350884 
0.309795 3.727806 
-1.751802 -4.122907 
3.845380 1.477110 
1.981510 -3.926594 
-4.579364 -1.318409 
4.395434 0.601233 
3.003282 -1.515918 
-0.864138 -3.033184 
1.390256 3.503038 
-1.246632 3.169579 
3.999252 -3.026313 
1.311427 4.584105 
3.370851 -1.940487 
-2.252985 2.295290 
-3.273686 -2.633019 
-3.580695 -3.039664 
-1.236189 4.704259 
-2.500672 -4.417059 
2.451792 3.652633 
3.647958 1.065172 
-3.803283 1.181511 
-2.497806 -3.395331 
-0.113325 -4.090804 
2.110320 -3.026284 
4.313960 -1.589438 
4.050673 -0.408268 
-2.797590 -2.953425 
-3.523408 2.232982 
-1.484345 -3.649190 
-0.678724 -3.358856 
2.864224 -3.891571 
1.972444 -4.484808 
1.210456 -4.632823 
0.360724 3.451821 
-0.500566 3.129401 
-2.343002 2.334613 
0.873023 -3.955541 
3.266892 1.680668 
-1.469342 3.274439 
1.424227 4.632943 
-2.315856 3.780705 
1.144805 -4.074285 
1.082080 -3.877001 
2.414600 -2.198251 
3.189460 -4.022792 
-2.280426 -4.431734 
2.946886 1.637560 
-4.716852 1.899002 
-0.203274 -3.202184 
-3.299708 3.125212 
1.544003 4.406502 
-2.376834 -4.571670 
-4.249000 -2.831508 
-0.767507 4.370448 
3.227661 -3.206964 
-0.808674 5.046799 
-1.567253 4.127466 
-4.184896 2.841055 
-3.064266 1.225944 
-0.819044 -5.064624 
-3.270479 0.210224 
4.368364 -1.489676 
2.682667 -2.850879 
1.709528 -2.687259 
-1.803050 -4.277761 
3.817089 1.826083 
-2.748418 2.465698 
-3.257071 -3.383559 
-4.650440 -0.178640 
1.714753 -2.876784 
-1.212932 4.041077 
2.364037 -4.280127 
3.426891 1.364813 
2.319667 3.181605 
0.698521 -4.582086 
-3.134693 -2.475479 
3.569113 -3.222217 
3.922251 1.859529 
1.644913 -3.577848 
-3.872427 2.592840 
0.907271 5.032536 
0.622930 -5.137372 
-0.976664 3.116245 
0.779038 -3.269212 
4.312710 -1.005225 
3.257959 1.260979 
-1.272933 -3.763428 
4.563704 -0.935301 
5.145127 0.169665 
-3.103170 4.153089 
-4.650293 1.509710 
4.186057 2.911171 
0.522860 4.003927 
4.581092 1.365045 
-5.078699 -0.336682 
-3.802535 -2.601204 
1.065663 3.321509 
-2.249485 -3.802899 
3.192604 -3.722610 
-1.381343 -4.083671 
-0.634567 -3.136078 
-0.043874 3.377821 
-2.138799 -2.763430 
-0.084256 4.740964 
1.066083 -3.454462 
-0.954125 -3.536603 
0.745355 5.121301 
-0.003349 -4.598045 
2.110329 4.378624 
4.820553 0.050402 
3.287635 3.825033 
1.860286 3.822004 
5.064470 0.370636 
-1.141619 -4.273797 
4.656681 -0.942177 
-2.310151 -3.101611 
-3.542411 1.743476 
2.906492 -2.125350 
-1.915438 3.029735 
-3.484921 2.535430 
3.621153 -3.406485 
2.513773 -2.337510 
3.992741 -2.645352 
-1.618625 -3.688642 
4.801179 -0.506339 
2.737500 -4.339996 
0.383805 -4.840172 
3.997510 -1.042140 
-4.862727 0.114137 
-3.932143 -2.251168 
4.368498 -2.604623 
-0.077896 4.286208 
1.305598 -3.833567 
-4.030584 1.538248 
-4.427848 -0.075475 
-2.760089 -4.229377 
-3.663658 3.220515 
0.906604 3.204528 
-1.290707 -3.586000 
3.858844 -2.073083 
2.695499 1.580593 
-3.211616 -1.805188 
-3.117218 4.013977 
-3.862635 -0.174061 
-3.398663 0.583324 
-2.742112 -3.714448 
2.311376 3.600899 
3.396826 0.537233 
1.203825 -3.584245 
0.278156 3.173666 
3.134978 0.054382 
-1.592148 4.527335 
3.210466 -3.557523 
-3.168227 -4.010146 
-1.748309 3.585788 
3.692433 -1.259084 
-2.611852 2.907492 
1.225039 -3.709268 
3.678154 -2.173690 
-0.089923 -4.321680 
1.011884 3.634785 
0.132489 3.786663 
2.125833 -3.404833 
2.007651 4.400152 
-3.289713 -0.370235 
-2.055369 2.770416 
-5.109274 0.543586 
-4.185176 0.767432 
-3.911099 1.520824 
-0.132470 4.014993 
-2.561790 -3.290317 
-4.722460 -0.915704 
-3.738180 2.860897 
-1.178926 -3.571802 
-3.293629 1.533583 
0.093512 -3.754800 
3.333627 -1.926956 
-3.154215 -3.109545 
1.785753 -4.258239 
-1.184654 4.884467 