6 6 6 26 26 26 23 23 26 26 26 26 26 26 26 26 23 23 23 26 26 26 6 6 6 7 22 29 29 18 29 29 18 
23 23 23 23 23 23 23 15 14 14 14 6 6 6 6 22 30 30 
24 26 15 15 26 26 26 26 15 26 26 26 26 26 6 6 6 22 29 29 29 29 29 7 
23 23 23 15 15 15 15 15 15 15 15 15 6 6 27 27 22 30 3 
25 23 23 23 23 23 23 23 23 23 26 26 26 6 6 6 6 27 27 12 12 11 11 19 
26 15 15 15 15 15 23 23 23 23 26 26 26 26 26 26 24 26 6 6 6 6 22 30 30 22 30 30 30 22 22 
6 26 15 24 26 15 24 26 15 15 15 15 15 15 15 15 7 7 7 6 7 7 22 22 30 30 30 3 3 
15 15 15 15 15 15 15 15 15 15 15 24 15 15 15 15 15 15 23 15 23 23 6 7 8 8 22 22 22 22 22 22 29 
12 11 11 28 12 27 27 27 6 6 6 15 15 15 15 15 15 26 26 26 26 26 26 26 26 15 23 6 6 6 22 22 22 22 22 22 22 22 22 22 22 
16 16 16 16 16 16 16 9 27 27 6 15 15 15 15 15 15 15 23 15 23 23 23 15 23 6 6 6 6 6 6 6 6 22 22 30 30 30 2 2 
16 23 23 23 15 23 15 15 26 23 23 23 26 23 23 23 23 23 23 23 23 23 23 26 26 26 6 6 6 22 22 22 22 30 22 18 18 22 18 22 22 18 18 18 22 22 
15 15 15 15 15 26 15 15 15 15 15 15 15 15 15 15 15 25 7 22 20 20 20 20 20 20 20 20 
6 24 24 23 15 26 26 15 26 26 15 26 26 26 26 26 26 26 15 15 6 6 6 22 22 30 30 30 30 30 30 3 3 
7 7 9 7 7 7 7 7 7 7 7 7 8 8 8 8 8 8 8 8 8 8 29 29 8 31 31 
12 19 7 19 19 11 16 7 7 7 7 7 7 1 8 8 8 8 8 8 8 8 8 8 8 31 31 31 
12 12 12 12 7 7 7 7 7 7 7 7 7 7 9 12 7 22 8 8 30 8 8 8 8 
25 25 25 25 25 25 25 25 25 7 25 7 7 7 7 25 1 1 8 8 8 30 3 3 3 31 31 31 
16 7 5 5 5 7 7 7 7 25 25 25 7 6 6 27 22 8 30 30 30 30 30 30 30 30 3 
6 6 22 8 8 22 22 22 22 20 20 20 20 20 22 
28 28 28 24 12 7 25 12 12 12 12 12 12 8 31 31 31 31 31 31 31 31 31 31 31 
7 7 7 7 7 7 7 7 7 20 6 22 22 22 22 22 22 22 22 22 22 22 22 
16 16 16 16 16 1 16 16 16 16 28 16 16 28 11 31 31 4 31 31 31 31 19 19 19 19 19 19 9 1 1 16 16 7 19 1 1 
25 25 9 12 12 12 12 12 12 19 19 6 6 22 8 8 22 4 18 18 18 18 18 18 18 18 29 29 29 29 
16 16 16 16 16 16 19 9 7 7 7 7 7 7 7 7 25 25 25 7 7 7 7 7 7 25 7 7 22 30 30 30 30 30 30 2 30 2 30 3 
27 9 9 9 7 6 25 6 6 12 22 7 8 8 8 3 3 
7 11 11 7 7 9 7 7 7 11 12 7 7 11 11 11 11 11 27 11 7 11 12 12 7 11 8 8 30 30 30 3 3 3 3 3 
12 12 12 27 27 27 27 27 7 12 12 27 7 7 7 8 8 8 
16 28 28 28 12 12 27 24 24 6 14 15 24 24 14 14 12 12 27 27 27 7 8 8 3 
5 25 25 25 12 12 19 25 25 5 5 25 25 19 25 22 8 30 30 30 2 3 3 3 
9 15 25 24 9 25 9 9 6 6 11 27 22 30 30 3 3 3 3 3 
7 7 7 7 7 7 7 7 7 7 25 25 7 7 7 7 7 7 8 8 8 8 22 22 22 22 22 22 22 8 8 8 
23 24 15 6 6 0 18 30 30 30 30 30 2 2 2 2 
15 15 15 15 23 23 15 23 23 23 23 23 23 23 6 6 6 6 6 12 22 22 22 30 30 30 30 30 30 
24 23 23 23 26 15 23 23 24 26 23 26 26 23 6 6 6 6 6 12 12 30 30 30 30 30 30 30 2 3 
24 24 24 24 24 24 24 24 24 24 24 24 24 6 6 22 22 30 30 30 30 30 30 30 30 
6 6 6 6 6 6 26 24 26 26 26 24 24 25 24 6 6 6 6 12 30 2 2 2 2 2 2 3 
6 15 15 15 15 15 15 15 24 15 23 23 26 26 26 23 24 24 26 6 6 12 22 22 30 30 30 30 30 30 30 30 30 
23 23 15 15 15 15 23 26 26 15 15 15 6 6 22 22 30 30 30 30 30 30 30 30 30 
16 16 16 16 16 16 16 16 23 23 24 25 25 24 15 25 24 24 24 26 15 15 23 23 23 23 23 23 26 26 26 6 6 27 27 12 30 30 2 2 2 2 2 2 2 2 3 
5 24 15 15 15 5 5 5 5 15 5 5 5 5 24 15 15 15 6 6 5 6 
6 6 24 24 24 24 15 5 24 26 26 24 24 24 24 23 23 24 26 26 6 22 22 22 18 18 18 18 18 18 18 
25 24 24 24 26 26 26 24 24 24 24 24 25 24 6 6 6 6 30 30 30 30 2 2 2 2 2 30 
26 27 26 26 26 26 26 15 15 15 26 26 26 26 26 26 26 26 26 26 26 26 26 26 26 26 26 27 22 22 22 22 30 2 2 2 2 2 2 2 2 2 2 2 2 2 2 2 2 2 2 2 2 2 18 18 22 22 22 
12 28 26 26 26 26 26 27 27 26 6 27 27 27 27 6 26 6 12 12 6 6 12 7 8 22 22 22 22 22 22 22 
23 23 26 15 15 26 15 23 23 15 26 26 26 6 6 22 22 20 20 20 20 2 2 2 2 2 2 2 2 
11 28 16 28 28 28 16 15 24 24 16 25 19 19 7 25 25 23 24 25 24 25 24 9 9 9 9 22 22 22 22 30 2 2 2 3 
19 24 24 24 15 15 24 24 15 24 26 15 15 15 15 15 15 15 15 15 15 15 15 24 24 24 24 24 24 24 24 15 26 26 26 26 6 7 22 22 22 22 22 22 2 2 2 2 2 2 2 2 2 2 2 
15 5 24 24 23 24 26 26 5 2 2 2 2 2 2 2 2 2 2 2 2 2 2 
15 15 26 26 26 15 15 5 15 26 26 15 26 26 26 24 25 26 27 22 22 22 22 22 2 2 2 2 2 2 2 2 
7 7 7 12 12 12 12 12 11 7 6 26 26 26 15 24 15 15 15 15 15 15 15 15 6 27 22 22 22 22 30 2 2 2 
23 15 24 24 24 24 24 26 26 24 23 6 7 22 22 22 22 30 2 2 2 
12 11 11 11 26 24 24 9 24 24 6 24 24 28 24 24 24 24 9 12 12 9 27 27 27 9 10 10 4 4 
19 19 28 28 28 28 28 25 13 13 13 13 13 13 13 13 13 13 13 13 13 23 6 7 7 7 7 4 7 7 7 
24 24 24 24 25 23 6 12 9 22 22 22 2 2 2 2 2 2 2 
11 11 27 9 24 24 24 24 24 24 24 26 26 24 24 26 24 24 7 7 22 22 22 22 22 22 
17 16 16 17 17 17 17 13 13 13 13 13 9 9 4 4 4 4 4 4 4 31 31 
17 17 17 17 17 17 17 17 10 10 10 10 10 10 10 10 10 10 10 10 4 
17 17 17 17 17 17 17 17 17 17 17 13 13 13 13 9 9 9 10 10 4 4 4 
13 17 17 13 17 17 17 13 13 17 17 13 13 27 9 10 10 10 10 10 4 4 
16 10 11 7 9 9 16 16 16 16 17 17 17 17 17 17 17 17 17 17 17 17 17 17 17 17 17 17 17 17 17 17 13 13 13 13 17 10 10 10 10 10 10 10 10 10 10 10 10 10 10 10 
28 28 28 28 28 6 6 13 13 13 13 27 9 27 9 9 10 9 4 4 4 
25 25 17 17 17 13 17 17 13 13 13 9 9 10 10 10 10 10 4 4 4 
17 27 28 27 17 13 13 13 13 13 13 27 9 10 10 10 10 10 10 4 4 
17 17 17 17 17 13 13 17 17 9 10 10 10 10 10 10 10 4 4 4 4 
17 17 17 17 17 17 17 17 17 17 17 17 17 17 17 17 17 17 10 10 10 10 10 10 10 10 10 10 
19 19 11 16 16 16 16 19 19 16 16 16 16 16 17 17 17 17 17 17 17 17 17 10 10 10 10 10 10 10 10 10 10 4 4 4 
6 6 11 28 11 8 8 8 8 22 22 22 18 18 18 18 18 18 0 0 
11 11 11 11 12 12 19 19 19 1 31 8 8 8 8 8 8 8 8 8 8 8 
19 19 19 19 19 19 19 19 25 7 7 7 25 25 25 12 27 6 12 11 8 8 30 30 30 30 30 30 30 
6 6 17 6 6 6 6 6 6 6 6 27 27 6 6 25 6 6 6 6 6 22 30 30 30 30 2 22 2 22 
19 24 24 24 26 12 9 12 12 19 28 28 28 12 12 22 22 22 22 30 22 22 22 
19 19 19 19 19 16 19 19 19 16 16 19 19 28 12 11 11 16 1 8 8 8 8 30 30 30 30 30 30 30 
11 1 11 11 11 16 16 11 11 1 8 3 3 3 3 3 3 3 3 3 3 
7 7 7 7 6 22 22 7 9 
5 5 15 5 7 7 7 7 7 7 16 16 16 12 12 7 7 7 29 29 29 29 29 29 29 29 29 29 29 29 
5 5 15 15 26 26 26 26 15 15 15 15 15 15 15 25 25 25 6 18 30 22 2 2 2 2 2 2 2 
24 24 24 24 23 24 24 24 24 9 9 16 28 12 12 12 12 
16 28 28 25 25 25 14 25 25 25 25 25 25 25 14 25 25 25 6 27 10 10 10 4 4 
9 26 26 26 26 6 6 6 9 10 10 2 2 2 2 2 2 2 2 2 2 
13 13 13 13 13 13 13 13 13 13 13 13 13 13 13 13 13 13 13 13 13 27 20 20 20 20 20 20 10 10 10 10 
23 15 23 26 15 15 26 26 26 26 15 6 27 27 20 20 20 20 20 20 20 2 2 2 
6 6 9 9 9 27 27 27 12 12 9 6 6 6 23 26 6 6 22 22 22 22 22 22 22 22 22 22 22 22 22 7 11 
8 8 8 21 21 21 21 21 21 21 21 21 21 
11 1 1 1 1 1 1 1 1 1 1 1 1 1 1 1 8 21 21 21 21 21 21 21 21 21 
16 16 16 16 16 16 16 16 16 16 16 16 28 28 28 11 8 8 8 8 8 8 8 8 8 8 
26 26 26 26 26 26 15 15 7 6 22 8 8 21 30 2 2 2 2 
28 28 28 12 12 11 11 28 11 11 8 8 8 30 30 30 3 3 3 21 31 
19 28 28 16 16 28 28 28 12 12 11 11 11 8 8 3 3 3 3 3 
16 19 19 16 16 11 11 28 16 19 19 28 28 28 12 19 11 11 8 8 8 8 8 22 29 22 22 22 22 22 8 8 8 31 
16 16 16 19 19 19 12 11 7 19 8 8 8 30 30 3 3 3 
11 11 12 19 11 19 19 11 19 19 19 12 12 12 12 11 8 8 8 8 22 22 22 22 22 22 22 22 29 8 8 
16 28 28 28 28 28 28 28 11 11 11 8 29 29 29 29 30 30 30 22 22 22 22 
19 16 16 16 19 11 19 28 7 7 7 12 8 8 8 30 30 3 
12 11 11 11 11 11 11 11 12 12 12 8 8 8 8 8 8 8 8 8 
12 8 8 8 22 29 30 30 30 30 30 30 30 30 
8 8 30 30 30 30 3 3 3 3 3 
11 11 28 12 12 12 12 12 12 11 11 31 8 8 8 8 29 29 29 29 29 29 29 29 29 29 31 31 
16 19 19 19 28 28 28 28 11 11 8 8 3 3 3 30 29 29 29 29 29 29 29 29 29 29 29 29 29 
12 6 12 12 12 3 3 3 2 2 2 2 2 2 2 2 2 
19 19 19 19 19 28 28 19 16 16 16 16 16 16 16 19 28 28 6 12 12 12 12 9 7 12 8 3 3 3 3 3 3 3 3 
16 16 16 16 16 16 19 19 16 16 16 16 16 16 28 28 12 28 12 12 12 12 12 8 3 3 3 3 3 3 3 3 3 
12 12 12 12 12 12 3 3 3 3 3 3 3 
19 19 19 19 28 28 12 12 28 12 19 12 12 12 3 3 3 3 3 
12 12 28 19 19 19 24 24 24 24 7 6 6 26 9 12 12 12 12 19 11 12 12 30 30 30 30 30 30 30 30 30 30 30 30 
31 19 28 28 28 28 12 11 16 16 16 19 16 16 19 28 19 19 12 12 12 12 3 3 3 3 3 3 31 31 
12 24 12 6 6 12 12 6 12 12 12 8 3 3 30 30 30 30 30 30 30 30 3 3 3 3 
12 12 12 12 12 12 12 12 12 12 12 12 6 12 12 12 12 12 12 12 12 19 3 3 8 8 8 8 
19 28 28 12 12 12 12 27 12 12 12 8 29 29 29 29 29 29 29 29 29 
16 25 25 25 19 19 19 9 10 10 10 10 10 10 10 10 7 25 19 9 19 
16 16 16 16 16 1 1 19 19 19 19 9 10 10 10 10 10 10 10 10 25 19 19 
19 19 19 16 16 19 16 16 16 19 19 28 28 9 9 9 9 10 10 10 10 10 10 10 10 22 
19 19 9 9 7 7 7 7 7 7 7 7 7 16 19 19 9 9 12 19 28 9 8 10 4 4 4 4 4 4 
19 19 28 9 19 28 11 19 19 19 9 19 9 12 9 9 4 10 10 10 4 4 4 4 4 
9 9 9 9 9 9 9 9 9 9 9 27 27 9 10 10 22 22 22 22 22 22 
9 9 9 9 9 9 16 9 9 9 9 7 7 19 19 7 7 9 9 9 9 10 10 10 4 4 4 4 
9 9 9 9 9 9 9 9 9 9 9 10 10 10 10 10 2 4 4 
9 11 9 12 9 9 9 9 9 9 9 9 10 10 10 10 10 10 10 10 10 10 7 7 7 
25 9 9 9 9 16 19 19 12 12 9 10 10 4 4 4 
19 19 19 11 12 12 9 9 9 9 10 10 10 4 4 4 4 
19 19 19 19 19 19 16 16 7 9 9 10 3 3 3 4 4 4 
19 19 19 9 19 16 16 16 16 28 25 16 9 9 9 9 10 10 10 10 10 4 4 4 
9 16 16 16 19 19 16 16 16 9 9 9 9 10 10 10 10 10 4 4 4 4 
9 9 9 9 7 1 9 9 9 9 9 9 7 7 7 9 9 9 9 9 9 9 10 10 10 10 10 20 20 20 20 22 22 22 
12 12 9 10 10 10 10 10 4 4 2 2 2 
19 19 16 19 19 19 12 12 12 9 9 9 10 10 10 10 10 10 10 2 10 
9 9 9 9 9 9 9 9 9 9 9 9 9 9 9 28 9 9 19 9 7 9 9 10 10 4 4 4 4 
15 15 15 5 22 22 30 30 2 18 30 30 30 30 30 22 
24 26 26 5 22 22 30 30 30 2 2 2 2 2 2 2 
5 5 5 5 26 5 5 5 7 5 5 5 5 5 5 12 30 30 30 30 30 30 3 3 3 
5 5 5 5 5 5 5 5 5 5 5 5 5 5 5 5 5 22 22 22 22 30 30 30 30 30 30 30 30 30 30 3 
31 31 31 31 31 7 7 22 22 5 5 5 5 5 5 5 5 5 5 5 15 15 22 18 18 6 22 30 30 30 30 30 30 30 30 30 3 3 
5 5 5 5 5 5 5 5 5 5 5 26 5 22 6 22 30 30 30 29 29 29 29 29 29 8 
15 15 15 15 15 26 26 5 5 5 5 5 5 7 22 29 29 29 29 29 18 18 18 29 29 29 
5 5 5 5 5 5 5 5 5 5 5 5 5 5 18 30 30 30 30 30 18 30 30 18 
4 5 5 5 5 5 5 5 5 5 5 5 5 5 12 22 22 30 30 30 30 29 29 29 29 
5 5 5 5 5 5 5 5 5 18 22 22 30 30 30 30 30 30 30 30 3 3 
5 5 5 5 5 5 5 5 5 5 5 5 18 30 30 30 30 30 30 30 30 2 2 3 
26 5 5 26 26 26 26 26 5 26 26 26 26 6 12 12 12 12 12 30 3 3 3 3 3 3 3 
5 5 5 5 5 5 5 5 5 5 5 15 5 5 5 5 5 22 22 30 30 30 20 20 20 30 30 22 22 22 30 30 
12 12 12 12 12 12 4 10 5 5 15 15 25 26 5 5 5 15 26 26 26 26 26 27 6 6 6 12 22 30 30 30 30 3 3 3 3 
11 7 11 16 16 8 31 7 7 15 24 15 15 24 24 24 24 5 26 15 15 26 15 26 26 26 15 15 6 6 6 12 30 30 30 30 30 30 30 30 30 30 30 29 29 18 18 
7 25 25 15 15 15 15 15 15 15 26 25 6 25 22 22 22 20 20 22 22 22 22 22 22 
26 26 15 15 15 26 15 15 26 26 14 15 15 15 15 15 15 14 27 22 22 22 22 22 22 22 22 22 22 
19 25 25 26 15 15 15 15 15 15 15 15 15 15 15 15 15 15 26 26 15 15 25 25 6 22 22 22 22 22 2 2 2 2 10 
7 7 7 7 7 15 15 5 15 15 15 15 5 15 15 15 15 15 15 15 6 22 22 20 20 20 2 2 2 2 2 2 2 2 10 10 10 
26 15 15 15 27 26 26 26 15 15 26 26 6 6 22 22 22 22 22 22 22 22 22 22 22 
25 25 25 25 15 15 25 15 26 25 25 26 26 15 15 15 22 22 22 22 20 20 20 20 20 20 20 20 20 
24 15 15 15 15 15 15 15 15 15 15 15 15 15 15 15 15 15 15 15 6 6 6 22 22 22 22 2 2 2 2 2 2 2 
5 15 15 15 15 15 15 15 15 15 15 15 15 15 15 15 15 24 6 22 22 22 22 22 20 20 20 2 2 2 2 2 2 2 2 
25 6 6 15 15 26 26 26 5 5 26 23 15 15 15 15 23 15 15 15 6 6 27 22 22 22 22 22 2 2 10 
5 5 5 5 5 5 5 5 5 5 15 5 15 6 22 22 22 20 20 20 2 2 22 22 10 
15 15 15 15 15 25 25 15 15 15 15 15 6 22 22 22 22 22 22 22 2 10 
26 26 26 15 26 26 26 15 26 15 15 15 26 15 15 0 0 0 0 0 0 0 0 20 0 0 0 0 0 
28 16 16 16 16 16 16 28 23 23 23 15 26 26 26 26 15 15 15 15 0 0 0 0 0 10 10 10 
15 15 15 15 15 15 15 15 15 15 15 15 6 6 6 22 22 22 22 22 2 2 
25 25 25 25 25 25 23 26 26 6 15 25 25 6 6 6 6 6 6 6 22 22 10 10 10 
26 26 26 26 15 26 26 26 26 26 26 20 22 22 20 20 20 20 20 20 20 20 20 20 20 2 2 
27 27 26 26 15 15 15 15 15 15 15 15 15 15 6 6 22 30 22 22 2 2 2 2 2 2 
26 15 15 22 22 0 20 20 20 20 20 20 20 20 20 2 2 10 
26 26 26 26 26 26 15 26 26 26 15 15 15 23 26 26 15 15 15 6 6 22 22 22 22 22 18 22 22 
26 26 26 25 5 15 5 26 15 26 26 26 26 6 6 22 22 22 22 22 22 22 22 20 22 10 
5 15 15 26 26 15 15 26 15 15 26 26 5 5 5 5 5 15 25 25 22 30 30 30 2 2 2 2 2 2 2 
5 5 5 15 5 5 15 15 15 5 5 5 5 15 15 22 22 22 22 22 22 2 2 2 2 4 4 
26 26 26 15 15 15 14 14 15 15 26 26 15 6 6 6 18 18 18 18 18 18 0 18 18 
15 23 23 23 15 15 15 15 15 15 5 15 15 15 15 15 15 15 22 0 0 0 0 18 0 0 0 18 18 18 18 18 18 
15 15 26 26 15 15 15 15 15 15 15 15 15 6 18 18 18 0 0 0 0 0 0 0 0 0 0 18 18 
19 19 6 6 15 15 15 15 15 15 15 15 23 23 26 15 26 26 15 15 6 6 6 22 22 22 22 22 22 22 22 22 22 22 
9 9 9 12 28 9 9 9 9 24 24 24 9 6 12 12 30 30 30 8 8 1 
24 24 24 24 24 24 24 24 24 22 22 22 22 22 18 18 18 18 18 18 18 18 29 22 29 
7 7 7 7 24 24 24 24 9 7 24 24 24 24 24 24 12 24 6 22 22 29 22 22 22 8 
24 24 24 24 24 24 24 24 24 24 24 19 28 28 28 28 28 28 28 24 24 24 24 24 24 9 9 22 22 22 22 2 2 2 2 2 2 2 2 2 10 10 
16 7 16 25 16 16 16 16 16 16 7 24 24 24 24 24 24 24 24 24 24 6 22 18 18 18 18 18 18 18 18 2 2 22 22 
7 7 25 25 25 25 24 24 24 24 15 26 26 6 27 22 22 22 22 22 22 30 22 
19 19 9 9 12 12 12 12 12 12 12 28 12 12 12 27 22 18 18 18 18 18 18 18 29 29 31 31 19 
25 24 28 19 25 24 28 9 9 12 30 30 2 2 2 2 3 
19 24 24 24 24 24 24 24 24 24 24 6 24 9 24 6 12 25 12 22 30 30 2 2 2 2 2 3 
5 22 6 5 5 5 24 24 5 25 6 6 22 30 2 2 2 2 2 2 2 2 
28 19 19 19 19 19 28 12 12 30 30 30 2 2 2 2 2 2 25 
19 19 19 24 16 7 16 24 24 24 24 24 28 24 24 24 24 24 24 24 6 12 22 30 30 30 30 30 30 30 30 30 3 19 
16 9 7 7 11 7 9 16 11 11 16 16 9 24 24 24 24 24 24 6 9 22 22 22 30 30 2 2 2 3 
16 16 16 19 16 16 16 16 28 28 28 28 28 28 28 16 28 12 28 28 27 22 30 30 30 30 30 30 30 30 30 
7 16 16 9 16 16 9 16 16 16 9 9 16 16 16 16 16 16 16 16 9 9 16 16 9 16 24 25 9 12 9 27 22 22 2 2 2 2 2 3 3 3 4 19 19 
28 28 25 28 28 28 9 9 9 22 22 22 30 2 2 2 2 2 
16 16 24 7 7 16 24 28 9 9 9 7 7 24 24 24 24 24 28 28 12 12 30 30 30 30 2 2 2 3 3 
7 5 5 24 5 5 24 24 24 24 24 24 24 24 22 22 22 2 2 2 2 2 2 2 2 2 
19 19 28 28 11 11 28 28 28 28 12 12 12 28 9 9 9 9 9 9 19 1 31 31 31 10 1 31 
24 25 25 25 25 25 25 25 25 25 25 25 25 25 25 25 6 9 9 10 10 10 4 4 
25 25 7 7 7 7 15 15 24 15 15 15 15 15 25 25 7 9 10 10 10 10 10 10 10 4 
9 25 7 9 9 9 9 9 9 9 9 27 6 6 25 27 9 10 10 10 10 10 10 10 10 4 4 4 4 4 
9 9 9 9 11 9 9 27 9 9 9 9 9 7 25 25 27 27 27 27 27 25 27 7 9 10 10 4 4 4 
7 25 25 25 25 25 25 25 25 25 6 7 9 9 9 9 4 4 4 
9 9 9 9 9 9 9 9 25 9 9 9 25 25 25 9 25 25 25 27 27 6 6 9 10 10 10 22 22 22 
25 25 25 25 25 25 25 25 25 25 25 25 25 6 25 25 25 25 6 6 7 7 10 10 10 10 10 10 10 10 10 10 10 1 1 1 
25 25 25 25 26 25 25 25 6 27 27 6 9 10 10 10 10 4 4 4 
6 25 7 25 25 25 25 25 25 25 25 25 25 25 9 9 10 10 10 4 4 
9 24 25 19 6 6 12 9 6 6 12 9 10 10 10 10 4 4 
11 16 16 11 16 24 6 6 6 25 6 25 25 25 25 25 25 25 25 25 6 24 6 25 27 9 10 10 10 10 10 10 
25 25 25 25 25 25 25 25 25 25 25 25 25 25 25 25 6 25 6 10 10 10 10 10 10 10 
11 11 11 11 28 9 9 9 9 28 27 6 27 25 25 25 25 24 27 9 9 25 6 6 6 6 6 9 25 9 10 10 10 10 10 10 10 
25 6 6 25 6 6 6 25 25 25 25 25 6 
9 9 9 27 6 27 24 9 6 6 27 27 6 6 6 27 9 9 10 10 10 10 4 4 
25 27 27 25 25 27 27 25 25 25 23 14 25 25 
6 7 6 7 0 0 0 0 0 0 0 0 
9 12 9 27 27 27 27 14 9 9 27 27 27 27 27 27 27 9 10 10 10 10 10 
24 25 25 25 26 14 25 25 25 9 25 10 10 10 10 10 2 2 2 2 2 2 2 2 2 
6 6 25 25 25 24 24 23 24 25 25 25 25 6 6 27 9 27 10 10 10 10 10 10 10 10 
9 9 9 9 9 9 25 19 25 25 25 25 25 27 9 25 9 9 9 9 9 4 4 4 4 4 4 
14 14 14 14 14 14 14 14 14 14 14 14 27 27 27 27 27 27 10 10 10 10 
19 16 16 9 14 14 14 14 14 14 14 14 14 14 14 14 14 14 14 14 14 14 14 14 27 10 10 10 
6 14 14 14 14 25 23 14 14 26 23 14 14 14 14 14 26 26 14 14 14 26 14 14 27 27 27 27 27 10 10 10 10 10 
14 14 14 14 15 14 15 15 15 14 14 14 14 14 14 14 14 14 14 14 14 27 20 20 10 10 10 10 20 2 10 10 10 
12 12 14 14 14 14 14 14 14 14 14 14 14 14 14 14 14 14 14 14 14 14 14 14 14 14 14 14 14 14 14 14 27 27 10 10 2 2 2 2 2 2 2 2 
13 13 13 13 13 13 13 13 13 13 13 13 13 13 20 20 0 20 0 0 0 0 0 0 
14 27 27 14 14 14 14 14 14 26 26 26 14 14 14 14 27 27 27 27 27 27 22 22 22 22 10 10 10 
9 14 14 14 14 14 14 14 14 14 14 14 14 27 14 14 27 27 27 27 27 27 27 22 22 22 22 22 22 22 
4 4 4 4 12 4 4 2 2 2 4 4 2 2 2 10 20 10 10 10 10 10 10 10 10 10 4 4 4 4 4 4 
28 28 19 28 24 24 23 23 23 23 23 23 23 26 23 23 23 23 23 26 26 26 6 12 22 22 22 22 30 30 2 2 2 2 2 2 3 3 
24 28 24 23 26 26 26 28 24 24 6 24 24 6 6 6 12 22 22 22 22 22 22 22 22 22 22 10 10 10 1 1 12 
14 14 14 14 14 13 13 14 14 14 14 14 14 14 27 27 27 27 27 21 12 4 12 
19 11 11 16 16 19 19 28 23 14 14 14 14 14 14 14 14 14 14 14 14 14 27 27 27 27 
7 27 25 6 25 23 23 23 14 14 23 23 23 23 23 23 23 24 23 26 23 26 23 14 23 23 14 14 14 14 23 14 14 6 6 27 22 22 22 22 22 22 22 22 22 
28 28 28 28 24 23 23 23 23 23 23 23 23 23 23 23 23 26 26 24 23 23 23 23 23 23 23 23 23 23 24 23 23 23 26 26 27 27 27 27 20 20 20 20 20 20 10 10 10 
28 23 23 23 23 26 23 23 23 26 26 26 26 26 23 6 27 27 27 27 27 27 27 27 27 
26 26 26 26 26 26 26 26 26 27 27 20 20 20 20 20 20 20 20 20 20 20 
6 24 24 6 6 23 23 23 23 23 23 23 23 23 23 23 23 23 23 23 23 23 23 23 23 23 23 23 23 23 23 23 23 6 6 27 20 20 20 20 20 20 20 2 2 2 
6 23 23 23 23 23 23 23 23 23 23 23 26 26 6 6 6 6 27 27 20 20 20 27 27 27 9 9 
16 16 16 28 28 28 28 28 28 28 28 28 25 23 9 23 23 23 23 23 23 23 23 23 23 23 23 23 23 23 23 23 26 26 26 23 23 23 23 23 23 23 23 23 23 23 23 23 6 20 20 20 20 20 20 20 20 20 20 20 20 20 20 20 20 
6 23 23 23 6 23 23 23 23 23 23 23 23 23 23 23 23 23 23 23 23 23 23 23 23 23 23 23 27 27 27 27 20 20 20 20 20 10 10 
28 28 28 28 28 28 28 28 27 27 27 23 23 23 23 23 23 23 23 23 23 23 23 23 23 23 23 23 23 27 27 20 20 20 20 20 20 27 
11 11 28 28 28 28 28 11 28 28 28 28 28 28 23 26 23 23 23 23 23 23 23 23 23 23 6 27 27 27 27 20 20 20 20 20 27 27 27 2 27 
23 23 23 23 23 23 23 23 23 23 23 23 23 23 23 26 6 6 27 27 20 20 20 20 22 27 7 
23 23 23 23 23 23 23 23 23 23 23 23 6 27 20 20 20 20 20 0 0 0 0 13 13 
16 6 6 23 23 23 23 23 23 23 23 23 23 23 23 23 23 23 23 23 6 6 27 20 20 20 20 20 20 20 20 20 10 
23 23 23 23 23 23 23 23 23 23 23 23 23 23 23 23 23 23 23 23 23 23 23 23 23 26 27 27 20 20 20 20 20 20 20 20 2 
27 27 12 12 28 28 12 12 12 12 12 28 28 26 26 26 26 26 26 26 26 14 26 26 6 6 6 27 20 20 20 20 20 20 20 20 20 20 20 
28 28 28 28 28 28 6 24 23 23 23 23 23 23 23 23 23 23 23 23 23 23 23 23 23 24 23 23 23 6 6 27 27 22 22 22 20 20 6 6 6 
28 28 28 28 28 28 23 23 23 23 23 23 23 26 23 23 23 23 23 27 27 27 27 27 27 10 9 
26 26 27 26 26 26 26 26 26 26 26 26 26 26 26 26 26 25 25 15 26 26 15 26 26 26 26 26 26 26 14 26 26 26 27 6 27 20 20 20 20 20 20 20 20 20 20 20 20 20 20 20 22 
23 25 16 25 16 23 23 23 23 23 6 6 6 6 28 27 27 20 20 10 10 
7 7 25 24 23 23 23 23 23 23 23 23 26 26 23 26 27 27 27 27 27 27 27 27 27 27 27 9 
28 6 24 24 23 23 23 23 23 23 23 23 28 16 16 28 28 28 28 28 28 23 23 6 6 6 0 0 0 0 0 0 0 0 0 
23 23 23 23 23 23 23 23 23 23 23 23 23 23 23 27 27 20 20 20 20 20 20 20 20 20 0 
27 28 26 26 26 26 26 26 26 26 26 26 26 26 26 26 23 23 26 26 23 23 26 26 26 26 26 23 6 6 27 27 20 20 20 20 20 20 20 20 20 27 
23 23 23 23 26 26 26 23 23 23 26 23 23 23 23 23 23 26 26 23 23 23 23 26 27 27 20 20 20 20 20 20 20 20 20 20 2 2 20 20 10 
15 15 15 15 24 15 24 24 24 24 24 26 26 26 24 24 26 26 24 24 24 26 15 26 27 27 20 20 20 20 20 20 20 20 20 10 10 27 
23 23 23 23 23 23 23 23 23 23 23 26 23 23 23 23 23 23 23 23 23 23 26 26 23 23 26 25 22 22 22 20 22 20 20 20 20 2 30 2 30 30 19 12 
6 24 24 24 28 28 23 6 6 6 6 6 6 19 5 29 
12 12 12 12 26 26 26 26 6 6 6 6 22 29 29 29 29 29 18 18 18 18 
16 11 16 16 16 6 6 6 6 6 6 28 28 28 28 6 6 6 6 7 7 8 22 30 20 30 2 2 2 2 2 2 2 27 27 
23 23 23 23 23 23 23 23 23 26 26 6 6 22 22 22 22 22 22 18 18 7 29 7 6 
19 19 7 19 7 7 18 18 18 18 18 18 18 18 18 18 22 7 7 16 
23 23 23 23 26 26 26 26 15 15 7 22 22 20 20 20 20 20 2 20 20 20 10 
28 28 28 28 28 28 28 11 28 28 28 28 28 28 6 
15 5 5 15 15 15 26 15 7 22 22 22 22 30 30 30 30 2 
7 7 16 16 16 16 16 16 16 16 16 16 16 28 28 28 28 23 23 23 23 23 23 23 26 6 6 6 6 8 8 8 8 21 21 10 4 4 31 
17 28 28 28 28 28 28 28 28 28 28 28 28 28 28 28 28 28 28 28 28 28 28 28 28 28 11 22 22 22 22 20 20 20 18 18 18 18 20 20 30 30 30 
19 28 28 28 28 28 28 28 28 28 28 28 17 28 28 28 28 17 17 17 17 1 30 30 30 30 30 30 2 2 2 2 2 2 
28 28 28 28 28 28 28 28 6 6 22 22 30 30 30 30 
23 14 6 6 12 27 22 22 30 30 30 2 2 2 2 2 2 
28 11 11 11 11 11 16 28 28 28 9 9 9 6 6 27 6 6 6 6 6 6 6 28 28 6 23 23 23 23 23 23 26 6 22 22 22 22 20 20 20 20 20 20 20 20 
25 6 7 6 25 23 23 6 15 6 6 22 22 22 30 30 30 30 30 30 
16 16 16 16 16 16 16 16 16 16 16 16 28 28 11 11 8 8 21 21 3 3 3 3 
11 11 11 11 16 1 31 31 31 31 31 31 31 31 
16 16 28 28 11 16 16 16 16 16 19 28 11 28 11 31 21 21 21 21 31 31 
19 19 19 19 19 28 16 16 16 16 19 19 28 28 11 11 11 8 8 8 8 8 8 22 22 22 8 8 8 
28 28 28 28 28 28 19 28 28 28 28 28 28 28 28 28 28 28 28 28 28 28 28 28 28 28 28 28 28 28 28 28 28 28 28 28 28 28 28 28 28 28 28 28 28 11 28 28 28 28 28 19 19 1 10 10 10 10 10 10 10 10 10 31 31 
19 28 28 19 19 16 16 9 1 31 1 1 1 1 1 1 1 16 16 16 
19 19 19 19 19 19 8 8 8 8 8 8 10 10 10 31 
28 16 28 28 28 1 8 31 31 31 31 31 
16 16 9 10 10 10 10 10 10 10 
19 19 19 19 19 19 19 11 19 9 10 10 10 10 31 31 
16 16 19 19 12 12 8 8 3 21 21 8 21 21 21 
11 11 12 11 11 12 11 11 11 8 8 21 21 21 21 21 8 8 8 8 8 
11 12 11 11 11 11 11 11 8 8 31 31 31 31 31 31 31 31 31 
11 11 11 11 11 7 11 11 11 11 11 11 11 11 11 11 11 11 11 31 
11 11 11 11 11 11 19 11 11 11 8 8 8 8 8 8 8 8 8 8 8 8 12 12 12 8 1 1 19 
16 19 16 16 16 16 16 16 16 16 16 16 16 16 16 7 8 8 8 8 8 8 8 8 8 31 31 19 19 28 19 16 16 16 16 16 16 16 16 19 7 11 11 11 8 8 8 8 8 8 8 31 8 8 8 8 8 8 8 31 
11 28 28 16 16 16 16 16 28 28 28 11 11 8 21 21 21 31 31 
16 16 16 16 16 28 28 28 19 16 11 11 8 8 21 21 21 21 21 
16 16 16 16 16 16 16 16 16 16 16 16 11 11 8 21 21 21 31 
1 1 1 1 1 19 19 19 1 19 19 1 1 1 1 1 1 8 8 31 31 21 21 21 21 21 21 21 21 21 31 31 
11 11 11 11 11 11 16 11 11 11 16 16 16 16 11 19 16 16 11 11 11 11 28 11 11 11 28 28 28 11 11 12 28 28 11 11 28 28 28 28 28 11 11 11 11 11 19 1 1 1 1 1 1 1 1 1 12 9 9 11 1 27 1 1 1 8 8 8 8 8 8 8 21 
1 1 1 1 1 1 1 1 1 1 1 1 1 1 1 1 8 21 21 21 21 21 21 21 21 21 21 21 21 21 21 21 
16 16 1 1 1 16 1 1 1 16 1 1 31 31 31 31 31 31 31 31 31 31 31 31 31 
1 1 1 1 1 1 1 1 1 1 1 1 1 1 1 1 1 1 10 1 21 21 21 21 21 21 21 21 21 21 8 31 31 
1 19 19 16 19 1 19 19 19 11 11 1 1 1 12 28 12 11 8 21 21 21 21 21 21 21 31 
1 1 1 1 1 1 1 1 1 1 1 1 1 1 1 1 1 8 8 8 8 8 31 31 31 31 31 31 31 
31 19 19 19 19 19 19 19 31 31 31 11 11 31 31 31 31 31 8 31 8 31 31 31 11 11 11 11 
1 1 1 1 1 1 1 1 1 1 1 1 1 1 1 1 8 21 21 21 21 21 21 21 21 21 
1 1 19 16 1 19 12 1 1 1 1 8 21 21 21 21 21 21 21 21 21 
11 11 1 1 1 1 1 1 1 1 1 1 11 11 8 21 21 21 21 21 21 21 8 8 8 8 8 8 31 
1 1 1 1 1 1 1 1 1 1 21 21 21 21 21 21 21 21 21 21 
1 1 1 1 1 1 1 1 1 1 1 1 1 1 1 8 21 21 21 21 21 21 21 
1 11 16 1 1 1 1 1 1 1 1 1 1 1 1 1 1 1 1 1 1 1 1 31 21 21 21 21 21 21 21 21 
1 1 1 1 1 1 1 1 1 1 8 31 21 21 21 21 21 21 21 21 
1 1 1 1 1 1 1 1 1 1 1 1 1 1 9 1 8 21 21 21 21 21 21 21 21 21 21 21 31 31 
1 1 1 1 1 1 1 1 1 1 1 1 1 8 21 21 21 21 21 21 21 21 21 
12 1 1 1 1 1 1 1 1 1 1 1 1 1 1 1 1 8 21 21 21 21 21 21 21 21 21 
11 16 16 19 1 1 1 16 7 1 1 1 1 1 1 1 8 21 21 21 21 21 21 21 21 31 31 31 31 31 31 31 31 31 31 31 31 31 31 31 31 31 31 31 31 
11 11 11 1 1 1 1 1 1 1 1 1 7 1 9 9 8 21 21 21 21 21 21 21 21 
1 1 1 1 1 1 1 1 1 1 1 1 1 1 21 21 21 21 21 21 21 21 21 21 21 21 
12 12 12 11 12 12 12 12 12 12 11 12 12 3 30 30 30 30 30 30 3 3 3 3 
11 11 11 11 11 11 11 11 11 11 11 12 12 11 11 28 12 3 30 30 30 30 30 30 3 3 3 
11 16 16 16 16 28 28 28 11 11 16 16 16 28 11 8 8 8 8 8 8 8 8 8 8 
11 11 11 11 11 11 11 11 11 11 11 11 28 28 28 11 11 8 8 8 8 8 8 8 8 31 
12 12 12 12 12 12 12 12 12 12 11 12 19 28 11 11 11 11 11 11 3 3 30 30 30 3 21 
11 11 11 11 11 12 12 11 12 12 12 12 11 11 28 28 11 12 8 30 30 30 30 21 3 21 21 21 21 
11 28 11 11 11 16 16 16 19 28 28 28 28 28 28 28 28 11 28 28 28 28 28 11 8 21 30 30 30 30 30 30 30 30 3 
16 16 16 16 16 16 28 16 16 16 16 16 11 11 28 28 28 11 8 8 8 29 29 8 8 30 8 8 
28 28 28 28 11 11 11 11 28 11 11 11 12 8 30 30 30 30 3 3 3 3 3 
28 28 28 28 28 28 28 28 28 28 28 28 28 11 12 8 21 21 21 21 21 21 21 
28 28 28 28 28 28 28 28 28 28 28 28 12 3 3 30 30 30 30 3 3 3 3 21 
11 11 8 8 30 22 18 18 18 18 18 18 18 18 29 
16 16 16 16 16 16 11 28 28 11 11 11 11 16 16 16 11 11 16 28 12 30 30 30 30 30 30 30 30 30 30 3 3 
12 12 19 19 12 12 12 12 11 11 11 8 8 30 30 30 30 30 30 30 30 3 
16 16 16 11 11 11 11 11 19 28 12 12 11 11 11 8 8 30 30 30 30 30 30 30 30 21 
11 11 11 11 28 28 11 28 28 28 28 28 28 28 28 28 28 11 11 11 11 8 8 8 29 29 29 29 29 29 29 29 29 
19 16 16 16 19 16 16 28 28 28 28 28 28 28 28 28 28 28 28 11 11 8 30 30 30 30 30 30 30 30 30 8 8 
11 11 11 11 11 11 11 28 11 11 11 11 11 11 11 11 12 3 3 3 3 3 3 3 
16 16 16 16 16 16 16 16 19 16 16 16 11 11 11 28 11 8 8 8 8 3 3 31 31 
11 11 11 11 11 11 28 11 11 11 28 28 28 28 28 28 28 11 12 12 3 3 3 3 3 3 
8 30 30 30 30 30 30 30 2 2 2 2 3 3 3 
30 5 5 5 5 5 5 5 22 22 8 8 30 30 22 22 22 22 22 22 8 8 
12 12 12 12 5 5 12 19 12 8 8 29 29 30 30 30 3 3 3 3 21 21 31 21 21 31 31 
12 7 7 7 7 7 12 7 7 7 7 6 6 6 11 12 8 8 30 30 30 30 30 30 30 30 30 
5 5 12 12 5 5 5 5 5 5 24 5 5 5 5 5 7 8 8 8 22 22 22 22 22 22 22 22 22 22 22 8 8 8 8 8 
12 27 12 12 12 12 27 27 12 27 1 8 8 30 30 30 30 3 
19 16 16 11 11 6 7 16 16 7 25 12 6 25 15 25 6 12 12 6 12 27 7 7 8 8 8 30 30 30 30 30 29 29 29 29 29 
1 1 1 1 1 7 7 7 7 7 24 7 7 7 9 26 25 12 12 12 22 22 22 22 22 30 30 22 22 30 30 
7 7 7 7 7 7 7 19 7 9 7 7 7 6 7 8 8 8 8 8 8 31 31 31 31 
7 7 7 7 7 7 7 7 5 7 7 7 1 31 19 7 8 8 3 30 30 30 30 30 30 
16 16 1 11 28 28 12 12 12 11 11 8 8 8 
8 1 1 19 19 19 19 7 7 7 5 5 25 7 7 7 6 22 22 30 30 30 30 30 30 30 30 30 30 
7 7 7 7 7 7 9 7 7 7 7 7 7 7 7 7 9 7 7 7 7 25 25 25 27 27 12 12 8 8 30 30 30 30 30 30 30 30 30 30 21 30 8 8 8 8 31 
19 19 19 5 5 5 5 5 5 18 7 8 8 3 3 
12 12 12 27 12 12 11 8 8 3 3 3 3 8 
7 7 7 7 7 7 7 7 7 7 7 7 7 7 25 15 15 26 6 6 6 6 7 7 8 8 30 30 30 30 30 30 30 30 30 
19 9 7 7 7 7 7 5 5 5 5 12 9 10 9 22 30 30 30 30 30 30 30 30 30 
7 7 7 11 11 7 7 7 7 7 7 7 7 7 7 25 7 19 7 7 7 12 12 7 8 8 30 30 30 30 3 3 3 
19 19 19 19 19 19 19 19 19 19 12 11 28 12 28 12 9 9 7 25 19 12 9 6 6 8 8 8 8 8 21 21 8 8 8 8 8 8 8 8 31 31 31 31 
5 5 5 5 5 5 5 5 5 5 5 5 5 12 5 7 8 8 8 30 30 30 21 21 21 21 21 8 8 8 8 8 8 8 31 8 
22 22 22 21 4 4 21 10 10 10 10 10 7 7 10 9 9 9 27 27 12 12 8 8 22 30 30 30 30 30 30 30 30 30 30 30 
12 9 12 11 7 12 12 26 5 25 9 9 27 27 12 12 12 8 8 29 29 30 30 3 
