25 26 26 15 15 26 26 26 15 15 15 15 15 26 26 26 26 26 26 26 15 15 15 15 6 27 27 10 22 18 18 0 0 18 18 18 18 18 18 18 18 18 18 18 18 18 18 
15 15 26 15 15 15 15 15 15 26 26 26 23 15 15 15 15 15 6 6 0 0 18 18 22 18 18 18 18 30 30 30 29 29 18 29 
11 12 7 7 7 7 7 19 19 7 16 19 16 19 28 11 7 7 11 11 11 8 8 8 8 29 29 29 29 29 29 29 29 29 29 
7 7 11 7 7 7 7 7 7 7 7 7 7 7 8 8 8 29 29 30 30 30 30 30 30 30 30 30 30 30 30 
7 7 7 7 7 7 7 9 7 7 9 7 7 9 19 19 19 19 11 16 16 16 7 7 7 7 8 8 8 29 29 29 30 29 29 29 30 30 30 30 30 29 
6 6 24 24 24 26 24 24 24 26 26 26 26 23 23 23 23 23 24 26 23 23 23 26 26 6 6 6 18 18 18 18 18 18 18 18 18 18 18 18 18 18 18 18 18 29 
24 24 24 15 15 15 15 15 15 15 15 15 15 15 15 15 6 0 6 18 18 18 18 18 18 18 18 18 18 18 18 18 18 29 29 29 
24 24 24 24 24 24 24 24 24 24 24 24 24 24 24 24 24 24 24 26 24 24 6 6 6 18 18 18 18 18 18 18 18 18 18 18 18 18 18 18 18 18 18 
24 24 24 24 24 24 26 23 26 26 24 24 24 23 23 26 24 6 6 6 6 6 18 18 18 18 18 18 18 18 18 18 18 18 18 18 18 18 29 29 
13 13 13 13 13 13 24 7 18 18 18 18 18 18 18 18 18 18 18 18 18 18 18 
17 13 13 6 6 17 17 17 13 17 14 17 17 17 17 17 17 0 0 0 0 0 0 0 0 0 0 0 0 0 0 0 0 0 0 0 5 
17 17 17 17 17 17 17 17 17 17 17 17 17 17 17 17 13 13 7 7 0 0 0 0 0 0 0 0 0 0 0 0 0 0 0 
17 17 17 17 17 17 17 17 17 17 6 6 6 6 6 7 22 22 0 0 0 0 0 0 0 0 0 0 0 0 0 
17 17 17 17 17 17 17 17 17 17 17 17 17 17 17 17 6 6 6 7 7 0 0 0 0 0 0 0 0 0 0 0 0 0 0 0 19 
19 19 19 19 19 11 28 16 28 28 19 19 28 28 28 28 11 28 28 19 19 28 28 28 28 11 11 31 31 29 29 29 21 30 30 29 29 29 29 29 29 29 29 29 
11 11 11 11 11 11 11 19 19 19 28 11 11 11 31 8 8 8 29 29 29 29 29 29 29 29 29 29 29 29 29 29 29 29 
11 11 11 11 11 11 11 11 7 7 16 11 12 12 6 6 6 29 29 29 29 29 29 29 29 29 18 29 18 18 18 18 29 29 29 29 
12 25 25 12 12 12 12 12 12 12 12 12 29 29 29 29 29 29 29 29 29 29 29 29 
12 12 12 12 12 12 12 12 12 12 12 12 25 25 12 12 12 12 12 30 29 29 29 29 29 29 29 29 29 29 29 29 29 29 29 
19 19 19 16 16 16 16 7 7 7 12 12 12 7 8 8 29 29 29 29 29 29 29 29 29 29 29 29 
16 16 16 16 19 7 7 7 7 7 15 26 6 6 6 6 7 8 29 29 29 29 29 29 29 29 29 29 29 29 29 
11 11 11 16 16 11 11 11 12 12 12 19 12 11 8 29 29 29 29 29 29 29 29 29 29 29 29 29 
16 16 19 16 16 7 19 19 7 7 7 12 12 7 22 22 22 22 22 22 22 22 22 22 22 22 
12 12 12 27 22 22 22 22 22 22 22 22 22 22 22 22 22 22 22 22 
7 7 9 9 7 7 25 4 4 4 10 12 12 7 7 7 27 27 10 22 22 22 22 22 22 22 22 22 10 
1 19 16 9 9 9 25 7 9 9 9 9 8 22 22 22 22 22 22 22 22 22 22 22 
19 7 19 1 19 1 7 7 25 7 25 7 1 1 22 22 22 22 22 22 22 22 0 22 22 22 
5 5 5 5 5 5 5 5 15 5 5 5 5 5 5 5 18 18 29 29 29 29 18 18 18 18 18 18 18 18 18 18 18 
10 5 5 5 5 5 5 15 5 5 15 7 5 5 5 5 5 5 7 12 7 29 29 29 29 29 18 18 18 18 18 18 18 18 18 29 29 29 29 29 29 
2 12 12 3 12 12 12 12 12 12 12 12 12 12 25 25 7 12 26 26 26 26 26 26 15 26 5 15 15 15 5 5 15 26 5 6 22 29 29 18 18 18 18 18 18 18 18 18 18 18 18 18 29 29 29 29 
5 5 5 5 5 5 5 5 5 5 5 5 5 5 18 29 29 29 29 29 18 18 18 18 18 18 18 29 29 29 29 
5 5 5 5 26 26 5 5 15 26 26 15 15 6 6 6 6 29 29 29 18 18 18 18 18 18 18 18 18 18 18 18 
31 31 31 31 31 31 29 29 29 29 29 31 31 31 19 
5 5 5 5 5 15 5 26 26 15 15 7 6 5 18 12 12 30 29 30 30 30 30 30 30 30 29 29 29 29 29 
24 24 7 5 5 24 6 6 6 7 29 29 29 29 29 29 29 29 29 29 29 29 29 
5 5 5 5 5 5 5 5 5 5 5 5 5 5 5 7 7 7 29 29 18 18 18 29 29 29 29 29 29 29 29 29 29 29 29 29 
5 5 5 5 5 5 5 5 5 5 5 5 5 18 7 7 29 29 29 18 18 18 18 18 18 18 18 29 29 29 29 29 
5 5 5 5 5 5 5 5 25 5 5 5 5 7 7 6 7 29 29 29 29 29 18 18 18 18 18 18 18 18 29 29 29 
2 10 2 2 2 3 12 3 2 4 4 5 15 5 5 5 26 26 26 26 26 15 15 15 5 22 22 29 22 18 18 18 18 18 18 18 18 18 18 18 18 18 18 18 
5 5 5 5 5 5 5 5 5 5 5 5 5 5 5 5 5 6 6 7 18 18 18 18 18 18 18 18 18 18 18 18 18 18 29 29 
5 15 15 15 15 15 15 15 15 15 14 14 25 6 0 18 0 0 0 0 0 0 0 0 0 0 0 0 0 0 
25 25 15 15 26 23 15 15 15 15 15 15 15 15 15 15 7 22 18 0 0 0 0 0 0 0 0 0 0 0 0 0 0 0 
24 24 24 24 24 24 24 24 19 28 28 28 9 9 9 24 24 24 24 24 6 18 18 18 18 18 18 18 18 18 18 18 18 
24 24 25 25 25 24 24 24 24 24 24 24 22 18 18 18 18 18 18 18 18 18 18 18 18 18 18 18 
7 19 19 16 7 9 28 19 25 7 25 25 25 25 15 25 24 23 24 24 14 25 25 24 6 6 25 25 6 6 6 22 22 0 0 0 0 0 0 0 0 0 0 0 0 
9 12 9 9 27 12 28 11 11 9 9 9 28 9 9 25 26 24 25 25 25 24 25 26 26 25 25 25 27 6 6 6 6 6 27 22 22 22 0 0 0 0 0 0 0 0 0 0 
7 7 24 6 6 6 6 6 25 25 6 6 26 26 24 25 25 24 24 6 25 25 6 6 6 9 9 12 22 22 22 22 22 22 22 22 22 22 22 22 22 
0 14 14 14 14 14 14 14 14 14 14 14 14 14 14 14 14 14 14 14 14 27 27 27 27 27 22 22 22 22 22 22 22 22 22 22 22 22 22 
6 6 14 14 14 14 14 14 14 14 14 14 14 26 26 6 6 27 27 27 27 27 27 27 22 22 22 22 22 22 22 22 
13 13 13 13 13 13 13 13 13 17 13 13 13 13 17 17 17 13 13 17 13 7 0 0 0 0 0 0 0 0 0 0 0 0 0 0 
24 24 23 23 23 23 23 23 23 23 23 23 23 23 23 23 23 23 23 15 6 6 6 6 0 0 0 0 0 0 0 0 0 0 0 0 0 0 
16 16 16 28 28 17 16 16 16 23 24 23 23 23 23 23 23 23 23 23 23 23 26 26 23 23 23 23 23 6 6 6 6 0 0 0 0 0 0 0 0 0 0 0 0 0 0 0 0 
23 23 24 24 23 23 23 15 15 15 23 23 23 23 23 23 23 23 23 23 23 15 6 6 6 0 0 0 0 0 0 0 0 0 0 0 0 0 0 
13 13 14 14 14 14 14 23 23 23 23 23 23 23 23 23 23 23 23 23 23 23 23 23 23 23 23 23 23 26 6 6 0 0 0 0 0 0 0 0 0 0 0 0 0 0 0 0 0 0 
6 6 24 23 23 23 23 23 23 23 23 23 23 23 23 23 6 6 28 28 6 0 0 0 0 0 0 0 0 0 0 0 0 0 0 0 
6 6 6 6 6 23 23 23 23 23 23 23 23 23 23 23 23 23 23 23 23 23 26 26 6 6 6 0 0 0 0 0 0 0 0 0 0 0 0 0 0 0 0 0 
28 23 23 23 23 23 23 23 23 23 23 23 23 23 23 23 23 23 23 23 23 23 23 23 23 23 23 23 23 23 23 6 6 0 0 0 0 0 0 0 0 0 0 0 0 0 
7 7 7 7 7 7 7 7 7 6 23 23 23 6 6 6 6 6 6 22 22 18 22 22 18 18 18 18 18 18 18 18 18 18 18 18 18 
11 11 11 16 16 16 16 16 16 19 19 28 16 16 16 11 11 8 8 8 8 8 29 30 29 29 29 29 29 29 29 8 
11 19 11 11 19 16 16 16 16 19 16 16 16 16 28 28 28 28 28 16 28 28 28 28 28 28 28 16 28 28 28 11 1 8 8 8 8 8 8 8 8 29 29 29 
11 16 16 16 16 16 16 16 19 16 16 16 16 16 16 11 8 8 8 8 8 29 29 29 29 29 29 29 29 29 29 29 29 8 
28 11 31 8 8 8 8 8 8 8 
16 16 16 16 16 28 28 11 11 16 16 19 16 16 16 16 16 16 16 19 28 28 28 28 28 28 28 28 28 28 16 28 16 28 28 28 28 11 19 31 8 8 8 8 8 8 8 8 21 21 22 30 22 30 29 8 
11 16 11 11 16 16 19 19 19 11 11 16 11 16 11 11 1 8 8 8 8 8 8 8 8 31 31 8 
19 28 28 19 19 28 28 28 28 28 12 11 11 8 8 29 29 29 29 29 29 29 29 29 29 29 29 29 29 29 29 29 29 
5 5 5 5 5 5 5 5 5 15 6 6 6 6 8 29 29 29 29 29 29 18 29 29 29 29 29 29 
14 14 27 27 27 27 27 22 22 22 22 22 22 20 20 20 20 22 27 1 19 16 19 19 11 6 6 6 6 6 6 
11 16 16 11 11 16 19 16 16 16 16 16 16 19 19 19 19 8 8 8 8 8 8 8 8 8 8 29 8 8 
11 1 1 1 1 1 1 1 1 8 8 8 8 8 8 8 21 21 21 8 8 8 8 8 
1 1 1 1 1 1 1 1 1 1 1 1 1 1 8 8 8 31 8 8 8 8 8 8 8 8 8 8 
1 1 1 1 1 1 1 1 19 19 1 11 1 19 19 1 11 1 1 31 8 8 31 8 8 8 8 8 21 21 8 8 
1 1 1 1 1 1 16 16 16 16 16 16 16 11 1 1 1 1 11 11 1 1 1 1 11 11 1 1 1 1 1 8 8 8 8 21 21 21 21 21 21 8 8 8 
12 11 28 28 28 28 11 11 11 11 28 28 28 28 28 28 28 28 28 28 28 28 28 28 28 28 28 28 28 11 28 11 8 29 29 29 29 29 29 29 29 29 29 29 29 29 29 29 
11 29 29 29 29 0 0 18 18 18 18 18 18 18 18 18 18 18 18 18 18 18 
11 11 19 19 11 19 19 19 11 12 12 12 12 28 11 8 29 29 29 29 29 29 29 29 29 29 29 29 29 29 
12 8 29 29 29 29 29 29 29 29 29 29 29 29 29 29 29 29 29 29 
16 16 16 16 16 19 16 16 16 19 28 11 28 28 16 16 16 16 28 28 11 31 31 31 31 31 31 31 31 31 31 31 31 31 31 31 
11 11 11 11 11 11 11 11 11 11 11 11 11 11 8 29 29 29 29 29 29 29 21 29 29 29 29 29 
5 7 7 19 7 29 29 29 29 29 29 29 29 29 29 29 29 29 29 
12 12 29 29 29 12 27 7 7 4 25 12 12 12 29 29 29 29 29 30 30 30 30 18 30 30 29 29 29 29 
5 5 5 5 5 5 7 7 12 12 12 12 12 11 12 12 8 8 8 8 29 29 29 29 29 29 29 29 29 29 29 29 
8 8 22 22 22 22 22 18 29 22 8 29 29 29 22 22 18 29 18 18 18 29 29 18 
7 7 7 19 7 7 7 7 7 7 19 7 7 7 8 8 8 8 8 29 29 29 29 29 29 29 29 29 8 
5 26 12 25 7 7 7 7 7 7 7 16 7 7 12 7 7 7 8 8 8 8 8 8 3 8 3 29 29 29 29 29 29 29 
11 19 24 5 5 15 15 5 5 5 24 26 15 15 15 26 5 5 5 6 6 4 8 8 29 29 29 22 30 30 29 29 29 29 29 29 29 29 29 
12 12 12 9 7 9 12 12 12 12 9 9 12 9 12 12 9 7 9 9 12 12 12 8 8 8 8 8 8 29 29 29 29 29 29 29 29 
