8 4 4 8 8 8 15 15 8 8 8 8 8 8 15 15 15 15 15 15 15 8 8 8 8 2 2 5 10 3 3 12 12 12 3 3 3 3 3 3 3 3 3 12 12 12 10 
8 15 15 15 15 15 15 15 15 15 15 15 15 15 15 15 15 15 15 4 12 12 3 3 10 3 3 3 3 3 9 9 3 3 3 3 
11 1 1 1 1 1 1 1 1 1 1 7 1 14 14 11 1 1 14 11 11 13 13 13 13 13 13 3 13 13 3 3 3 3 3 
1 1 1 1 1 1 1 1 1 1 1 1 1 1 13 13 13 13 3 3 9 9 9 9 3 9 9 9 3 9 13 
11 1 1 1 1 1 1 1 1 1 1 1 1 1 14 1 14 14 14 1 1 1 1 1 1 1 13 13 13 10 3 3 3 3 3 3 3 3 3 10 3 3 
1 4 4 15 15 15 15 15 15 15 15 15 15 15 15 15 15 15 15 15 15 15 15 15 15 4 4 4 3 3 3 3 3 3 3 3 3 3 3 3 3 3 3 3 3 3 
8 15 15 15 15 15 15 15 1 15 15 15 15 15 15 15 15 12 12 12 3 3 3 3 3 3 3 3 3 3 3 3 3 3 3 3 
8 8 15 15 15 15 15 15 15 8 15 15 8 8 15 15 15 15 15 15 15 8 15 8 8 3 3 3 3 3 3 3 3 3 3 3 3 3 3 3 3 3 3 
15 15 8 15 15 15 15 15 15 15 15 15 15 15 15 15 15 15 4 4 4 10 3 3 3 3 3 3 3 3 3 3 3 3 3 3 3 3 3 3 
0 15 15 0 0 15 0 1 3 12 12 12 3 3 3 3 12 12 12 3 3 3 3 
0 0 0 0 0 0 0 0 0 0 0 0 0 0 0 0 0 12 12 12 12 12 12 12 12 12 12 12 12 12 12 12 12 12 12 12 8 
0 0 0 0 0 0 0 0 0 0 0 0 0 0 0 0 0 0 1 1 12 12 12 12 12 12 12 12 12 12 12 12 12 12 12 
0 0 0 0 0 0 0 0 0 0 4 4 4 4 4 1 12 1 12 12 12 12 12 12 12 12 12 12 12 12 12 
0 0 0 0 0 0 0 0 0 0 0 0 0 0 0 0 0 4 4 1 1 12 12 12 12 12 12 12 12 12 12 12 12 12 12 12 8 
7 14 14 7 7 14 14 14 14 14 14 14 14 14 14 14 14 14 14 14 14 14 14 14 14 14 7 7 13 6 3 13 13 13 13 3 3 3 3 3 3 3 3 3 
14 11 14 14 14 14 14 7 7 14 14 11 11 7 7 13 13 13 13 3 3 3 3 3 3 3 3 3 3 3 3 3 3 3 
11 7 7 7 7 11 11 1 1 1 1 11 11 11 11 1 11 3 3 3 3 3 3 3 3 3 3 3 3 3 3 3 3 3 3 3 
11 1 1 1 11 11 11 11 11 11 11 11 3 3 3 3 3 3 3 3 3 3 3 3 
11 11 11 11 11 11 11 11 11 11 8 8 8 4 4 11 11 11 11 13 3 3 3 3 3 3 3 3 3 3 3 3 3 3 3 
14 7 14 14 7 7 1 1 1 1 11 14 11 1 13 13 13 3 3 3 3 3 3 3 3 3 3 3 
7 1 7 7 14 1 1 1 1 1 8 4 4 4 11 11 7 13 13 3 3 3 3 3 3 3 3 3 3 3 3 
11 11 14 14 7 14 14 14 11 11 11 1 11 11 13 3 3 3 3 3 3 3 3 3 3 3 3 3 
1 1 7 7 1 1 7 1 1 1 1 11 11 1 10 10 10 10 10 10 12 10 10 10 10 10 
11 11 11 11 10 10 10 10 10 10 10 10 10 10 10 10 10 12 10 10 
1 1 1 1 1 1 1 5 5 5 5 5 11 1 1 1 11 11 2 10 10 10 10 10 10 2 10 10 10 
7 1 1 1 11 1 1 1 11 1 1 1 13 10 10 10 10 10 10 10 10 10 10 10 
1 1 7 7 7 1 1 1 1 1 1 1 7 1 10 10 10 10 10 10 10 12 12 12 12 10 
8 8 8 8 8 8 8 8 8 8 8 8 8 8 8 8 3 3 3 3 3 3 3 3 3 3 3 3 3 3 3 3 3 
5 8 8 8 8 8 8 8 8 8 8 8 8 8 8 8 8 8 1 11 11 3 3 3 3 3 3 3 3 3 3 3 3 3 3 3 3 3 3 3 13 
9 9 11 9 11 11 11 11 11 11 11 9 11 11 1 1 1 11 4 15 8 8 15 15 8 8 8 8 8 8 8 8 8 8 8 8 10 3 3 3 3 3 3 3 3 3 3 3 3 3 3 3 3 3 3 3 
8 8 8 8 8 8 8 8 8 8 8 8 8 8 3 3 3 3 3 3 3 3 3 3 3 3 3 3 3 3 3 
8 8 8 8 8 15 8 8 8 8 8 8 8 8 12 11 11 3 3 3 3 3 3 3 3 3 3 3 3 3 3 3 
7 7 7 7 7 13 13 3 3 3 3 3 3 7 7 
8 8 8 8 8 8 8 15 15 8 8 8 8 8 3 11 11 13 3 3 3 9 3 3 3 3 3 3 3 3 3 
8 1 8 8 8 15 8 3 1 11 3 3 3 3 3 3 3 3 3 3 3 3 3 
8 8 8 8 8 8 8 8 8 8 8 8 8 8 8 1 1 3 3 3 3 3 3 3 3 3 3 3 3 3 3 3 3 3 3 3 
8 8 8 8 8 8 8 8 8 8 8 8 3 3 3 1 3 3 3 3 3 3 3 3 3 3 3 3 3 3 3 3 
8 8 8 8 8 8 8 8 8 8 8 8 8 1 1 1 1 3 3 3 3 3 3 3 3 3 3 3 3 3 3 3 3 
9 5 5 5 9 9 9 9 5 5 5 8 8 8 8 8 8 8 8 8 8 8 8 8 8 10 10 10 10 3 3 3 3 3 3 3 3 3 3 3 3 3 3 3 
3 8 8 8 8 8 8 8 8 8 8 8 8 8 8 8 8 4 11 10 3 3 3 3 3 3 3 3 3 3 3 3 3 3 3 3 
8 8 8 8 8 8 8 8 8 8 4 0 0 0 12 12 12 12 12 12 12 12 12 12 12 12 12 12 12 12 
8 1 1 15 15 15 15 1 8 8 8 8 8 8 8 8 8 12 12 12 12 12 12 12 12 12 12 12 12 12 12 12 12 12 
8 15 8 8 8 8 1 4 14 14 14 14 1 14 1 15 15 15 15 1 1 3 3 3 3 3 3 3 3 3 3 3 3 
15 8 8 1 1 1 15 15 15 15 4 4 10 3 3 3 3 3 3 3 3 3 3 12 12 12 3 3 
1 7 7 1 1 1 14 14 1 1 1 4 4 4 15 4 4 4 15 15 4 4 8 8 4 4 4 4 4 4 4 10 12 12 12 12 12 12 12 12 12 12 12 12 12 
11 11 11 11 11 11 11 11 11 11 11 14 11 11 11 11 4 4 4 8 15 15 4 4 4 4 4 4 4 4 4 4 4 4 4 10 10 10 12 12 12 12 12 12 12 12 12 12 
1 1 1 4 4 4 4 4 8 4 4 4 4 4 8 8 8 4 4 4 4 4 4 4 4 4 1 11 10 10 10 10 10 10 10 13 10 10 10 10 10 
12 0 0 0 0 0 15 15 15 0 0 15 15 15 0 0 0 0 0 4 4 4 4 4 4 4 10 10 10 10 10 10 10 10 10 10 10 10 10 
4 4 15 15 15 15 15 15 15 4 4 4 4 4 4 4 4 4 4 4 4 4 2 10 2 10 2 10 10 10 10 10 
0 0 0 0 0 0 0 0 0 0 0 0 0 0 0 0 0 0 0 0 0 1 12 12 12 12 12 12 12 12 12 12 12 12 12 12 
15 15 15 15 15 15 15 15 15 15 15 15 15 15 15 15 15 15 15 15 15 4 4 4 12 12 12 12 12 12 12 12 12 12 12 12 12 12 
14 14 14 14 14 0 0 1 14 15 15 15 15 15 15 15 15 15 15 15 15 15 15 15 15 15 15 15 15 4 4 4 4 12 12 12 12 12 12 12 12 12 12 12 12 12 12 12 12 
15 15 15 15 15 15 15 15 15 15 15 15 15 15 15 15 15 15 15 15 15 15 4 4 4 12 12 12 12 12 12 12 12 12 12 12 12 12 12 
0 0 0 4 4 0 0 15 15 15 15 15 15 15 15 15 15 15 15 15 15 15 15 15 15 15 15 15 15 4 4 4 12 12 12 12 12 12 12 12 12 12 12 12 12 12 12 12 12 12 
4 15 15 15 15 15 15 15 15 15 15 15 15 15 15 4 4 4 4 4 4 12 12 12 12 12 12 12 12 12 12 12 12 12 12 12 
1 4 4 4 15 15 15 15 15 15 15 15 15 15 15 15 15 15 15 15 15 15 15 15 4 4 4 12 12 12 12 12 12 12 12 12 12 12 12 12 12 12 12 12 
14 15 15 15 15 15 15 15 15 15 15 15 15 15 15 15 15 15 15 15 15 15 15 15 15 15 15 15 15 15 15 4 4 12 12 12 12 12 12 12 12 12 12 12 12 12 
1 1 1 1 1 1 1 1 1 0 4 15 15 4 4 4 4 4 10 10 3 3 10 10 3 3 12 12 3 12 12 12 12 3 3 3 3 
14 14 14 14 14 14 14 14 14 14 14 14 14 14 14 14 7 13 13 13 13 13 13 3 3 3 3 3 13 13 13 13 
7 14 14 14 14 14 14 1 7 7 14 14 7 14 14 14 14 14 14 14 14 14 14 14 14 14 14 14 14 14 14 14 7 13 13 13 13 13 13 13 13 13 3 3 
7 1 14 7 7 7 7 7 7 7 1 7 14 14 14 7 13 13 13 13 13 13 13 13 13 3 3 3 3 3 3 3 3 13 
14 7 7 13 13 13 13 13 13 13 
14 14 14 1 14 14 14 14 14 7 14 14 14 14 14 14 14 14 14 14 14 14 14 14 14 14 14 14 14 14 14 14 14 14 14 14 14 7 7 7 7 13 13 13 13 13 13 13 13 10 13 10 10 13 13 13 
14 14 14 14 14 14 14 7 14 14 7 14 14 14 14 7 7 13 13 13 13 13 13 13 13 13 6 13 
14 14 14 14 14 14 14 14 14 14 11 11 7 7 13 13 3 3 3 3 3 3 3 3 3 3 3 3 3 3 3 3 3 
8 8 8 8 8 8 8 8 8 8 4 4 4 11 13 3 3 3 3 3 3 3 3 3 3 3 3 3 
0 4 4 4 4 2 2 10 10 10 10 10 10 2 2 2 2 10 1 7 7 14 14 14 14 4 4 12 12 12 12 
7 7 7 14 14 7 7 7 7 14 14 7 7 7 7 7 7 7 13 13 13 13 13 13 13 13 13 13 13 13 
7 7 7 7 7 7 7 7 7 7 13 13 13 13 13 13 13 13 13 13 13 13 13 13 
7 7 7 7 7 7 7 7 7 7 7 7 7 7 13 13 13 13 13 13 13 13 13 13 13 13 13 13 
7 7 7 7 7 7 7 7 7 7 7 7 7 11 7 7 11 11 7 7 13 13 13 13 13 13 13 13 13 13 13 13 
7 7 7 7 7 7 7 7 7 7 7 7 7 7 7 7 7 7 7 7 7 7 7 7 11 11 11 11 7 11 7 13 13 13 13 13 13 13 13 13 13 13 13 13 
11 14 14 14 11 11 14 14 14 14 14 14 14 14 14 14 14 14 14 14 14 14 14 14 14 14 14 11 11 14 14 7 13 13 3 3 3 3 3 3 3 3 3 3 3 3 3 3 
11 13 3 13 13 12 12 3 3 3 3 3 3 3 3 3 3 3 3 3 3 3 
7 7 14 7 7 7 7 7 14 11 11 11 11 14 14 13 13 3 3 3 3 3 3 3 3 3 3 3 3 3 
11 7 13 3 3 3 3 3 3 3 3 3 3 3 3 3 3 3 3 3 
14 14 14 14 14 14 14 14 14 14 14 14 14 14 14 14 14 14 14 14 7 7 13 6 6 6 6 6 6 6 6 6 6 6 6 6 
11 14 14 14 14 14 11 11 14 11 11 14 14 7 13 13 3 3 3 3 3 13 13 13 13 13 13 13 
8 1 1 1 13 3 3 3 13 13 13 3 3 3 3 3 13 13 13 
11 11 3 3 11 11 11 1 11 8 8 3 11 11 13 3 3 3 3 3 10 3 3 3 3 3 3 3 13 13 
8 8 8 8 8 8 8 8 11 11 11 11 11 11 11 7 13 13 13 13 13 13 13 3 3 3 3 3 3 3 13 13 
13 13 10 10 10 13 10 3 3 13 13 13 3 3 10 10 3 3 3 3 3 3 3 3 
1 1 7 7 7 1 1 1 1 1 7 1 1 1 13 13 13 13 13 13 13 13 3 3 3 13 13 13 13 
8 8 8 8 1 1 1 1 1 11 1 1 1 1 11 1 1 1 13 13 13 13 13 13 13 13 13 13 3 3 3 13 13 13 
11 14 8 8 8 8 8 8 8 8 8 15 8 15 15 15 8 8 8 8 8 5 13 13 3 13 3 10 10 3 3 3 3 3 3 3 3 3 3 
11 11 11 11 1 1 11 11 11 11 1 11 11 11 11 11 11 1 1 1 11 11 14 13 13 13 13 13 13 13 3 3 3 3 13 13 13 
