4 4 4 4 6 6 6 6 6 0 0 0 0 0 0 0 5 5 5 5 5 5 5 5 5 5 
4 4 4 4 4 4 6 6 6 4 6 7 7 7 7 7 7 7 7 7 7 7 7 7 7 7 7 7 7 7 7 7 4 4 
4 6 6 6 6 2 2 2 2 2 2 2 2 2 2 2 2 2 2 2 2 1 1 1 5 5 5 5 5 5 5 5 5 5 
0 0 0 0 0 0 0 0 0 0 0 0 0 0 0 0 0 0 0 0 0 0 0 0 5 5 5 5 5 5 5 5 5 7 7 7 7 7 
2 2 2 2 2 2 2 2 2 2 2 2 2 0 0 0 0 6 7 7 5 5 5 5 5 5 5 5 5 6 
4 0 0 0 0 0 0 0 0 0 0 0 0 0 0 0 0 0 6 6 5 5 5 5 5 5 5 5 1 1 1 7 5 7 7 7 7 7 7 7 7 7 7 7 7 5 5 5 5 5 
4 4 4 4 4 4 4 4 4 4 4 4 4 4 4 4 4 4 4 4 4 4 4 4 4 4 4 4 4 4 4 4 4 4 4 4 7 7 7 7 7 7 5 5 5 5 5 5 5 5 5 5 5 5 5 5 5 5 5 5 5 5 5 7 7 
5 6 4 4 4 4 0 0 4 0 0 0 4 0 7 7 7 7 7 7 7 7 7 7 7 7 7 7 7 7 7 
7 5 5 6 4 7 7 7 7 4 4 6 6 7 7 7 5 5 5 5 5 5 5 5 5 5 5 5 5 5 5 5 5 7 7 7 7 7 7 7 7 7 7 7 7 
6 6 6 6 6 6 6 4 4 4 4 4 4 0 0 0 0 0 4 7 7 7 7 5 5 5 5 5 5 5 5 5 5 5 5 5 7 7 7 7 7 
4 4 0 0 0 0 6 4 7 7 7 7 7 1 1 1 1 7 7 7 7 7 
6 6 0 6 6 6 6 6 6 6 6 6 6 6 6 6 6 6 6 6 6 6 6 6 6 5 5 5 5 5 5 5 1 1 1 6 
6 5 0 0 5 6 6 5 1 6 5 0 0 6 6 6 5 1 6 6 6 6 6 6 6 5 5 5 5 5 1 5 5 5 1 1 1 1 1 1 5 5 1 1 1 6 1 
6 6 7 7 6 6 5 5 5 6 6 3 6 6 6 6 6 6 6 6 6 3 6 6 7 7 7 5 5 5 5 5 5 5 5 7 7 7 7 
6 6 6 6 2 2 2 2 2 2 6 6 6 0 0 5 5 5 5 5 5 5 5 5 5 5 5 5 5 5 5 5 5 5 5 5 1 
6 2 2 0 2 0 0 0 0 0 0 0 0 0 0 0 5 5 5 5 3 3 3 5 5 5 5 5 5 3 3 3 3 3 3 3 3 3 5 5 5 5 
4 0 6 0 4 4 4 4 4 4 4 4 4 4 4 4 4 4 0 0 6 6 6 5 5 5 5 5 
4 5 5 0 4 4 4 4 0 0 6 0 0 0 0 0 0 0 0 0 0 6 0 5 5 5 5 5 5 5 5 5 5 5 5 
6 6 6 6 6 6 6 6 6 6 6 6 6 0 6 0 0 0 0 5 5 5 5 5 6 6 6 6 
4 4 4 4 4 4 4 4 4 4 4 4 0 2 2 2 2 2 2 0 2 2 2 2 0 0 0 0 0 0 0 0 0 0 4 4 6 6 5 5 5 5 5 5 1 5 5 7 7 7 4 
4 4 4 0 0 0 0 0 0 0 0 0 0 0 0 0 0 0 0 0 6 5 5 5 6 6 6 5 
4 0 0 0 0 0 0 0 0 0 0 0 0 0 0 6 6 6 6 6 6 6 6 6 6 
0 0 0 0 0 0 0 0 0 0 0 0 0 0 0 0 5 5 5 5 5 5 5 5 5 5 5 5 5 5 5 5 5 5 
4 4 4 4 4 4 4 4 0 0 0 0 0 0 0 0 0 0 0 0 0 0 0 0 0 0 0 0 0 4 4 4 6 4 7 7 7 7 5 5 7 6 6 6 
2 2 2 2 2 2 2 2 2 0 0 0 0 0 0 0 0 0 0 5 5 5 5 5 5 5 5 5 5 5 5 5 5 3 3 3 5 
4 0 0 0 0 0 0 0 0 0 0 0 0 0 0 0 0 0 0 0 0 0 0 0 0 0 0 0 0 0 0 0 0 0 0 0 0 0 0 4 5 5 6 6 6 5 5 5 5 7 6 7 7 7 7 6 4 7 4 4 
0 0 0 0 0 0 0 0 0 0 0 0 0 0 0 0 0 0 0 0 5 5 5 5 5 5 5 6 6 6 6 4 4 4 
4 4 4 4 4 4 4 4 0 0 0 0 0 0 0 4 7 5 5 5 5 5 5 5 5 5 5 5 5 5 5 5 5 5 5 5 5 5 5 
6 0 0 0 2 2 0 0 0 6 6 6 6 6 6 6 7 7 5 5 5 5 5 7 7 7 7 
4 4 4 4 4 4 4 4 4 4 4 4 4 4 4 4 4 7 7 7 7 7 7 7 7 7 5 5 5 5 5 5 7 7 7 7 7 7 7 7 
4 4 4 4 4 4 4 4 4 4 4 7 7 7 7 7 7 7 7 7 7 7 7 7 7 4 4 4 4 4 6 6 6 6 6 4 6 4 6 6 6 4 4 4 4 4 4 4 7 7 7 7 7 7 7 7 7 7 7 7 7 7 7 7 7 7 
4 4 4 4 4 4 4 4 4 4 4 4 4 4 4 0 0 4 4 4 4 7 7 7 7 7 7 7 7 7 7 7 7 7 7 7 7 7 7 7 7 
4 4 4 4 4 4 4 4 4 4 4 4 4 4 4 4 4 4 7 7 7 7 7 7 7 7 7 7 7 7 7 7 7 
4 4 4 4 4 4 4 6 6 4 4 4 4 7 7 7 7 7 7 7 7 7 7 7 7 7 7 7 7 7 4 4 4 4 
0 4 4 4 4 4 4 4 4 4 4 4 4 4 7 7 7 7 7 7 7 7 7 7 7 7 7 7 7 7 7 7 7 7 7 7 7 
4 4 4 4 4 4 4 4 4 4 4 4 4 4 4 4 7 7 7 7 7 7 7 7 7 7 7 7 7 7 7 
4 4 4 4 4 4 4 4 4 4 4 4 4 7 7 7 7 7 7 7 7 7 7 7 7 7 7 7 7 7 7 7 7 7 7 7 7 7 7 7 7 7 7 
4 4 4 4 4 4 4 4 4 4 4 4 4 4 4 4 4 4 4 0 4 4 7 7 7 7 7 7 7 7 7 7 7 7 7 7 7 7 7 7 7 7 7 7 7 7 7 
4 4 4 4 4 4 4 4 4 4 4 4 4 4 4 4 4 4 4 4 4 7 7 7 7 7 7 7 7 7 7 7 7 7 7 7 7 7 4 4 4 4 
4 4 4 4 4 4 4 4 4 4 4 4 4 4 4 4 7 7 7 7 7 7 7 7 7 7 
4 4 4 4 4 4 4 4 4 4 4 4 4 4 4 4 4 4 4 7 7 7 7 7 7 7 4 4 
4 4 4 4 4 4 4 4 4 4 4 4 4 4 4 4 4 4 7 7 7 7 7 7 7 7 7 7 7 7 7 7 7 7 7 7 7 7 
4 4 4 4 4 4 4 4 4 4 4 4 4 4 4 4 4 4 4 4 4 4 4 7 7 7 7 7 7 7 7 4 4 
4 4 4 4 4 4 4 4 0 0 0 4 4 4 4 4 4 0 4 7 7 7 7 5 5 5 5 5 5 5 5 5 7 7 7 7 7 7 7 
4 4 4 4 4 4 4 4 4 4 4 4 4 4 4 4 4 4 4 4 4 4 4 4 0 4 4 7 7 7 7 7 7 7 7 7 7 7 7 7 7 7 7 7 7 7 7 7 7 7 4 4 
4 4 4 4 4 4 4 4 4 4 4 4 5 7 7 7 7 7 7 7 7 7 7 7 7 7 7 7 7 4 4 4 4 4 4 4 
0 0 0 2 2 2 2 6 6 2 6 0 6 6 0 6 6 6 6 7 7 7 7 5 5 5 5 1 1 1 1 1 1 1 1 1 1 1 1 5 5 5 5 5 5 
4 4 4 4 0 0 0 0 7 7 7 7 7 7 7 7 7 7 7 7 7 7 7 7 7 
4 4 4 4 4 4 4 6 4 4 6 6 4 4 6 6 6 6 0 6 0 0 7 7 7 7 7 7 7 7 7 7 7 7 7 7 7 7 7 7 7 
4 4 4 4 4 4 4 4 6 6 6 6 4 4 7 7 7 7 7 7 7 7 7 7 7 7 7 7 7 7 7 4 4 4 4 
6 6 6 6 6 6 6 6 6 6 7 7 7 7 5 5 5 1 5 5 5 7 7 7 7 
4 4 0 4 4 6 0 4 6 6 0 0 6 0 0 0 0 0 0 0 4 4 7 7 7 7 7 7 7 7 7 7 5 5 5 5 5 5 5 5 7 7 7 
4 6 4 6 6 6 4 6 6 6 6 5 7 7 7 7 7 7 7 7 5 
