16 19 28 9 19 19 19 25 25 25 25 14 14 27 27 9 9 4 4 4 4 4 4 4 4 4 
19 9 9 9 11 9 9 19 19 9 9 31 31 31 31 31 31 31 31 31 3 4 3 3 21 31 3 3 3 3 31 31 19 19 
16 16 25 25 24 15 15 26 24 24 23 15 24 23 26 24 24 26 6 6 6 22 30 30 3 2 2 18 2 2 2 2 2 2 
12 12 12 12 12 25 25 9 9 12 12 14 14 6 14 9 14 14 14 14 14 14 27 27 4 4 3 3 4 4 4 4 4 4 4 31 31 31 
24 24 24 24 24 24 24 24 24 24 24 24 6 6 6 6 6 9 10 10 10 10 7 4 4 4 4 4 4 4 
19 17 17 17 17 17 17 17 17 17 13 17 17 17 17 17 17 17 17 7 4 4 4 4 4 4 4 4 4 4 4 4 4 4 4 4 4 4 31 31 4 4 4 4 4 4 4 4 4 4 
19 11 11 11 11 11 19 19 19 19 19 19 28 28 28 19 19 28 28 19 28 28 19 28 28 28 28 28 28 28 28 28 28 28 11 11 11 21 21 3 21 21 3 3 4 4 4 3 3 3 3 3 3 3 3 3 3 3 3 3 3 21 3 3 3 
12 12 12 12 12 12 12 12 12 12 12 12 12 12 3 3 3 3 3 3 3 3 3 3 3 3 3 3 3 3 8 
3 3 3 19 19 31 3 3 12 12 12 12 12 12 3 3 3 3 3 3 3 3 3 2 2 2 2 2 2 2 10 10 30 3 3 3 3 3 3 21 21 21 21 21 21 
9 9 9 1 1 1 1 1 1 1 1 1 1 9 9 9 27 27 12 3 3 3 3 3 3 3 3 3 3 3 3 3 3 3 3 3 3 3 3 3 3 
9 12 9 12 12 12 12 12 12 3 3 3 3 3 3 3 3 3 3 3 3 3 
25 12 12 7 7 7 9 7 7 7 7 7 7 7 4 4 7 7 25 25 7 7 7 7 4 4 4 4 4 4 4 4 4 4 4 4 
12 12 12 12 12 25 25 2 30 12 12 12 6 25 25 25 4 18 5 25 6 7 7 7 7 7 4 4 4 4 4 4 4 4 4 18 18 18 4 4 4 4 4 4 30 5 30 
7 7 8 31 31 10 10 2 10 10 7 5 5 5 5 24 5 5 24 24 7 27 22 10 8 8 8 4 4 4 4 4 3 3 3 31 31 31 19 
5 5 15 5 5 15 15 5 5 15 15 5 5 6 6 4 3 3 3 3 3 3 3 3 2 3 3 3 3 3 3 3 3 3 3 3 30 
25 25 14 14 15 14 14 14 14 14 14 13 13 13 13 27 2 2 2 2 20 20 20 20 20 20 20 20 20 20 20 20 20 20 0 0 22 10 10 10 10 10 
12 9 9 9 9 19 19 19 19 28 19 19 19 19 19 9 16 19 12 24 25 25 9 3 3 3 3 3 
9 9 9 9 12 12 12 9 9 9 9 9 14 25 14 14 14 25 25 25 25 25 9 9 4 4 4 4 4 4 4 4 4 4 4 
19 19 5 25 25 7 25 25 25 25 25 25 25 6 25 25 25 27 9 10 10 10 4 4 4 4 4 4 
16 19 16 16 19 19 16 28 19 9 9 28 28 14 14 23 26 26 26 14 14 14 14 14 14 14 14 14 14 14 14 14 12 28 9 9 7 4 4 4 4 4 4 4 4 4 4 4 12 12 11 
16 28 28 28 13 13 13 13 13 13 13 13 13 13 13 13 13 13 13 13 13 10 10 10 4 4 4 4 
13 13 13 13 13 13 13 13 13 13 13 13 13 13 13 7 10 10 10 10 10 10 10 7 19 
13 13 13 13 13 13 13 13 13 13 13 13 13 13 13 13 10 4 4 4 4 4 4 4 4 4 4 4 4 10 10 10 10 10 
28 28 28 28 28 19 19 28 28 28 28 9 14 14 14 14 14 14 14 14 14 14 14 13 27 9 9 9 9 9 11 9 7 11 7 4 4 4 4 4 4 7 4 4 
23 23 23 23 23 23 23 23 23 14 14 14 14 14 14 6 27 27 27 10 10 10 4 4 4 4 4 4 4 10 10 10 10 10 10 10 10 
28 28 28 28 28 28 28 25 25 17 17 17 17 17 14 14 14 14 14 14 17 17 17 14 17 17 17 17 17 17 17 17 14 17 17 14 17 17 27 9 10 4 4 4 4 4 4 4 4 4 4 4 4 4 11 7 11 11 11 11 
9 9 9 14 14 14 14 14 14 14 14 14 14 14 14 14 14 14 27 9 10 10 10 4 4 4 4 4 4 4 4 4 4 16 
16 16 16 16 16 16 28 28 28 14 27 27 27 27 27 9 9 9 4 4 4 4 4 4 4 4 4 4 4 4 4 4 4 4 4 4 4 4 4 
25 25 14 14 15 15 14 15 14 25 25 25 9 7 9 12 31 3 3 3 4 10 10 10 8 8 8 
16 19 19 19 28 28 28 28 16 16 28 28 28 28 28 28 11 11 31 31 21 21 21 21 21 21 21 21 21 21 21 21 21 21 21 21 21 21 21 21 
19 19 19 16 16 16 16 16 16 28 11 31 8 8 31 8 8 8 8 8 8 8 8 8 8 11 11 16 19 16 16 7 7 16 16 16 16 16 16 16 16 16 19 28 16 16 16 11 8 8 31 31 31 31 31 31 31 31 31 31 31 31 31 31 31 31 
19 16 16 19 19 19 19 16 19 19 16 16 16 16 11 11 11 16 16 28 11 1 31 31 31 31 31 31 31 31 31 31 31 31 31 31 31 31 31 31 31 
16 28 28 28 28 16 16 16 16 16 28 16 28 28 28 28 11 11 31 31 31 31 31 31 31 31 31 31 31 31 31 31 31 
12 11 11 11 19 16 19 19 7 11 12 9 9 31 31 31 31 31 31 31 31 31 31 31 31 31 31 31 31 31 31 11 11 11 
28 28 28 28 11 11 16 28 11 11 16 11 11 11 31 31 31 31 31 31 31 31 31 31 31 31 31 31 31 3 31 31 31 31 31 31 31 
16 28 28 19 19 19 28 28 28 28 28 28 28 28 11 1 31 31 31 31 31 31 31 31 31 31 31 31 31 31 31 
19 19 19 19 19 19 16 16 16 19 19 19 19 31 31 31 31 31 31 31 31 31 31 31 31 31 31 31 31 31 31 31 31 31 31 31 31 31 31 31 31 31 31 
19 19 12 12 11 11 19 11 11 11 28 11 11 11 11 11 11 28 28 12 11 1 8 8 8 8 8 3 3 3 3 3 3 3 3 3 3 3 31 31 31 31 31 31 31 31 31 
16 9 16 16 11 11 16 16 16 11 11 16 11 11 28 16 28 28 28 28 11 8 8 31 31 31 31 31 31 31 31 31 31 31 31 31 31 31 31 31 31 31 
11 11 11 11 11 11 11 11 11 28 28 11 11 11 11 31 31 31 31 31 31 31 31 31 31 31 
16 16 28 28 28 28 16 16 28 28 28 28 28 28 28 28 28 28 11 31 31 31 31 31 31 31 31 19 
11 11 16 16 16 11 11 11 11 19 16 16 11 11 11 11 11 11 8 8 8 8 8 8 8 8 8 8 8 3 3 3 31 31 31 31 31 31 
19 19 28 16 16 16 16 28 16 16 16 16 28 28 28 28 28 28 28 28 28 28 11 31 31 31 31 31 31 31 31 31 31 
12 12 12 12 12 12 12 12 28 28 28 28 28 28 28 28 28 28 11 31 31 3 3 3 3 3 3 3 3 3 3 21 3 3 3 3 3 3 3 
16 16 16 16 9 12 12 11 11 11 11 11 16 16 28 28 28 11 11 11 16 11 11 28 11 11 28 8 8 3 3 3 3 10 10 10 31 31 31 31 31 31 31 31 31 31 31 31 31 31 19 19 
16 19 19 19 19 19 19 19 19 11 9 9 10 31 31 3 3 21 8 8 8 8 8 31 31 31 31 31 31 19 31 19 19 11 19 19 
12 26 9 26 5 24 6 6 7 15 25 24 12 7 6 7 6 6 7 8 3 8 29 21 21 21 3 3 30 30 30 30 30 30 30 30 30 30 3 3 3 3 3 3 3 
19 16 11 11 12 12 12 27 8 8 8 21 21 3 3 3 3 3 3 3 8 8 8 31 31 
1 16 16 16 16 16 16 16 16 7 7 7 16 7 7 7 7 6 6 25 27 27 8 3 21 21 21 3 3 3 3 3 31 31 31 31 31 31 31 31 31 
16 16 19 19 19 19 16 19 19 7 7 19 1 9 1 31 3 3 3 3 3 3 31 31 31 31 31 31 31 31 31 31 19 19 19 
7 7 7 7 7 7 7 7 7 7 8 3 3 3 10 4 4 4 3 4 3 4 3 3 31 
16 19 12 12 19 12 12 19 19 9 9 12 19 12 12 12 12 27 27 12 9 9 8 3 3 3 3 3 21 21 3 3 3 3 3 3 3 3 3 3 3 3 3 
1 19 16 19 19 19 19 19 19 7 9 9 31 3 3 3 3 3 3 3 3 
