14 14 14 1 11 1 1 1 1 0 4 4 4 4 4 4 1 5 5 5 5 5 5 5 5 5 
14 14 11 1 11 11 1 1 7 7 7 7 6 6 6 6 6 6 6 6 6 6 6 6 6 6 6 6 6 6 6 7 7 14 
1 1 1 1 8 8 15 15 8 15 15 15 15 15 15 15 15 4 4 8 4 10 10 9 9 5 5 5 5 5 5 5 9 9 
11 11 11 11 11 4 4 4 4 4 4 4 4 4 4 4 4 4 4 4 4 4 4 11 5 6 6 6 6 6 6 6 6 6 6 6 6 7 
8 8 15 8 8 15 15 15 15 15 15 15 4 4 4 4 11 1 1 13 10 5 5 5 5 5 5 5 5 5 
0 0 0 0 0 0 0 0 0 0 0 0 0 0 0 0 0 0 0 1 5 5 5 5 5 5 5 5 3 6 6 6 6 6 6 6 6 6 6 6 6 6 6 6 6 6 6 6 6 6 
14 7 7 11 11 7 7 7 7 14 14 14 14 14 14 14 14 14 14 14 14 14 14 14 14 14 14 14 14 14 14 14 14 14 11 11 7 6 6 6 6 6 6 6 6 6 6 6 6 6 6 6 6 6 6 9 5 5 9 9 9 9 9 9 13 
11 11 11 11 11 11 11 11 11 11 11 11 11 11 6 6 6 6 6 6 6 13 9 9 9 9 13 13 13 13 13 
11 9 9 6 7 6 6 6 11 11 11 11 11 11 6 9 9 9 9 9 9 9 9 9 9 9 9 9 9 9 5 9 9 13 13 6 6 6 13 6 11 11 6 11 6 
1 1 1 7 7 7 7 7 7 7 7 7 11 11 1 11 11 11 11 6 6 6 9 9 9 9 9 9 9 9 9 9 9 9 9 9 9 6 6 6 6 
11 11 11 11 11 11 11 11 11 13 9 9 9 9 9 9 9 9 6 6 6 6 
11 11 11 11 1 1 1 1 1 1 1 1 1 1 1 5 1 1 1 1 1 1 1 1 6 5 5 5 6 5 5 3 3 3 3 6 
11 11 11 11 9 9 11 9 9 11 11 4 4 1 1 1 5 10 8 8 4 1 1 1 1 5 5 5 5 5 3 3 3 3 3 3 3 3 3 3 3 6 6 3 3 7 13 
7 7 7 7 7 1 5 5 5 10 8 8 8 8 8 8 8 8 8 8 8 1 1 1 13 13 13 5 5 6 6 6 6 6 6 6 6 7 7 
8 8 8 8 8 8 8 8 8 8 8 8 8 4 4 5 6 6 6 6 9 6 9 9 9 9 9 9 9 9 9 9 9 9 9 9 9 
8 8 0 0 1 0 4 4 0 0 0 0 0 0 0 2 5 5 9 2 2 2 2 2 2 2 2 2 2 2 2 2 2 2 12 12 10 5 5 5 5 5 
11 11 1 11 1 14 14 14 14 14 14 14 14 7 7 14 1 14 11 11 1 1 11 5 5 5 5 5 
11 11 11 11 11 11 11 11 11 11 11 4 4 4 4 4 4 4 8 4 4 8 1 11 5 5 5 5 5 5 5 5 5 5 5 
7 7 8 8 1 1 8 8 8 1 8 8 8 4 4 4 4 4 1 5 5 5 5 5 5 6 6 6 
14 14 14 14 14 14 14 14 14 14 14 14 15 15 15 15 15 15 15 15 15 15 0 0 4 4 4 4 4 4 4 4 4 14 11 1 1 1 6 6 6 6 6 6 6 6 11 6 11 11 11 
14 14 14 14 0 0 0 0 0 0 0 0 0 0 0 0 0 0 0 0 1 5 5 5 5 5 5 5 
0 0 0 0 0 0 0 0 0 0 0 0 0 0 0 1 5 5 5 5 5 5 5 1 7 
0 0 0 0 0 0 0 0 0 0 0 0 0 0 0 0 5 5 5 5 5 5 5 5 5 5 5 5 5 5 5 5 5 5 
14 14 14 14 14 14 14 14 14 14 14 14 4 4 0 4 4 4 15 0 0 0 0 0 4 4 1 11 11 11 11 11 1 11 6 6 6 6 6 6 6 1 1 1 
15 15 15 15 15 15 15 15 15 0 0 0 0 0 0 4 4 4 2 5 5 5 5 5 5 5 5 5 5 5 5 5 5 2 2 2 5 
14 14 14 14 14 4 14 4 4 4 0 0 0 0 0 4 0 0 0 0 0 0 0 0 0 0 0 0 0 0 0 0 0 0 0 0 0 0 4 5 5 5 5 5 5 6 5 6 6 6 6 6 6 6 11 11 11 11 7 7 
1 1 4 15 0 0 4 0 0 0 0 0 0 0 0 0 0 0 4 1 5 5 5 5 5 5 5 6 1 1 6 1 1 1 
14 14 14 14 14 14 14 14 0 4 4 4 4 4 11 7 7 6 5 6 6 6 6 6 6 6 6 6 5 5 5 6 5 5 5 5 5 5 5 
0 0 0 0 0 0 4 0 0 0 1 1 1 1 1 7 6 6 6 6 5 5 5 6 13 7 7 
14 7 14 14 14 14 14 14 14 14 14 14 14 14 14 14 14 7 6 6 6 6 6 6 6 6 6 6 6 6 6 6 6 6 6 6 6 6 6 6 
14 14 14 14 14 14 14 1 14 14 7 7 13 13 7 13 13 13 13 13 13 13 13 13 7 7 14 14 14 14 1 1 1 1 1 1 1 14 1 1 1 14 14 14 14 14 14 14 7 7 7 7 7 7 7 7 7 7 7 7 7 7 7 7 7 7 
14 14 14 14 14 14 14 7 14 14 14 14 14 14 14 11 14 14 14 14 14 7 7 6 6 6 6 6 6 6 6 6 6 6 6 6 6 6 6 6 6 
14 14 14 14 14 14 14 14 14 14 14 14 14 14 14 14 14 7 7 7 6 7 6 6 6 6 6 6 6 6 6 6 7 
14 14 7 7 7 7 7 7 1 11 11 1 1 6 6 6 6 6 6 6 6 6 6 6 6 6 6 6 6 6 6 7 7 14 
14 14 14 14 14 14 14 14 14 14 14 14 14 14 6 6 6 6 6 6 6 6 6 6 6 6 6 6 6 6 6 6 6 6 6 6 6 
14 14 14 14 14 14 14 14 14 14 14 14 14 14 14 7 7 6 6 6 6 6 6 6 6 6 6 6 6 7 7 
7 7 7 7 7 7 7 14 14 7 7 7 7 7 7 13 6 6 6 6 6 6 6 6 6 6 6 6 6 6 6 6 6 6 6 6 6 6 6 6 6 6 6 
7 14 11 11 11 11 14 14 14 14 14 14 14 14 14 14 14 14 11 11 11 7 13 13 13 13 13 6 6 6 6 6 6 6 6 6 6 6 6 6 6 6 7 7 7 7 7 
14 14 14 1 14 14 14 14 14 14 14 14 14 14 14 14 14 14 14 14 14 7 13 13 6 6 6 6 6 6 6 6 6 6 7 7 7 7 7 7 7 7 
14 14 14 14 14 14 14 14 14 14 14 14 14 14 14 7 7 7 13 7 7 7 13 7 7 7 
14 14 14 14 14 14 14 14 14 14 14 14 14 14 14 14 14 14 7 7 7 7 7 7 7 7 7 7 
7 14 14 1 14 14 14 14 14 7 14 14 14 14 14 14 14 7 13 13 13 13 13 13 13 13 13 13 13 13 6 13 7 7 7 7 7 7 
14 14 14 14 14 14 14 14 14 14 14 14 14 14 14 14 14 14 14 14 14 14 7 7 6 7 7 7 7 7 7 7 7 
11 11 11 11 11 11 11 11 11 11 11 11 11 11 14 14 14 11 11 6 6 6 6 6 6 6 6 6 6 6 6 6 9 9 13 13 13 13 13 
14 14 14 14 11 11 11 14 14 14 14 14 14 14 14 14 14 14 14 14 14 14 14 14 14 14 14 13 13 13 6 6 6 6 6 6 6 6 6 6 6 6 6 6 7 6 7 7 7 7 7 7 
1 14 14 14 14 7 7 11 7 7 11 11 5 6 6 6 6 6 13 13 13 13 13 6 6 6 6 6 7 7 7 7 7 7 7 7 
11 4 11 11 8 8 4 8 8 8 8 4 11 1 4 1 1 1 1 13 13 13 13 13 5 5 9 9 9 9 9 9 9 9 9 9 9 9 9 9 9 9 9 9 9 
7 14 14 11 11 11 11 11 13 13 13 6 6 6 6 6 13 13 13 13 13 13 13 7 7 
7 7 7 7 7 7 1 7 7 1 7 1 1 1 1 1 1 1 4 4 11 11 13 13 6 6 6 6 6 6 6 6 6 6 6 7 7 7 7 7 7 
14 7 7 7 7 7 7 14 7 1 1 7 7 1 6 6 6 6 6 6 6 6 6 6 6 6 6 7 7 7 7 7 7 7 7 
1 1 1 1 1 1 1 1 1 1 6 6 6 6 6 5 6 6 6 6 6 6 6 6 6 
14 14 11 11 14 11 11 11 1 1 11 11 11 4 11 11 11 11 11 11 11 11 13 6 6 6 6 6 6 6 6 6 6 6 6 6 6 9 9 9 9 9 9 
7 7 1 7 7 1 14 1 1 1 5 5 6 6 6 6 6 6 6 6 6 
