69.01140994964794 
17.530566061851797 
55.972282005641745 
64.25482930096717 
64.86215403722947 
55.14463741334784 
52.69548201013776 
40.073183091320814 
34.379704028985515 
64.4416314355386 
196.65143908987895 
-46.89485263430279 
191.54302155110318 
25.843246638066525 
65.5908515115669 
-111.31059012086114 
18.21724137581623 
-476.1200312057765 
51.207445892014356 
18.70651174783675 
65.47715349503086 
21.55012938930264 
-13.806859446260116 
62.26578416360362 
63.21579583601205 
65.15751615571529 
69.51889624338865 
64.9451340132901 
65.71786296414655 
-34.50023320256784 
61.78296402010716 
-61.175394310270725 
31.018377778251384 
-118.6502429006666 
-75.9351611342401 
65.45142132132686 
-87.43181873366221 
-23.234407119586535 
-21.795230677094906 
64.53381477234012 
-40.77461425956024 
2.7817450815548277 
-603.4200618523731 
-174.05887392355174 
-48.99923733759992 
65.79326508098194 
64.13125127059958 
67.95225506068587 
22.552465575263454 
-71.86386050417785 
