13.10727277565386 
3.008238400551827 
9.694884022589616 
4.67349129309833 
7.896252068886406 
2.9814426971604933 
7.155960747794949 
3.2417137551852617 
9.318555989909866 
10.331526312163861 
6.320105350724064 
11.721470385803231 
1.7545399467514189 
12.140555108298644 
9.024624211241868 
14.629310474685306 
2.9837145874471367 
2.6338781665680218 
8.494734751332679 
16.179734623176063 
7.04597918292701 
7.720837704946124 
8.102619193125172 
7.713301171206808 
6.998584379181622 
4.581284046095023 
7.214363626056885 
9.71414874336019 
0.32694473445058314 
9.500403569409565 
2.214868708890469 
8.282318990417398 
8.729227743297283 
9.911771354330718 
9.508362210342746 
-2.888381294748119 
11.396568617870383 
7.100555427660438 
-0.9185182138536132 
12.307774931063166 
12.139011325266654 
9.502632646862388 
5.945962625992415 
9.655803953392883 
6.475349533049785 
8.223094461702399 
3.0933390033206747 
