134.40223583137944 
167.5608347902298 
171.08815831898124 
158.36331908142432 
155.33889396873454 
-365.342897249948 
143.30156629894518 
167.41170254023626 
-199.08307654048147 
174.79748883270895 
-196.07761253797986 
176.32686129780245 
-140.84752174725787 
45.28112038197192 
168.2113755401802 
146.62178905531036 
-100.12284485456527 
-459.9007289553983 
182.0848411850339 
157.93389480445765 
-623.9957560493192 
169.5119262439764 
20.5637151460543 
-108.33749679312581 
173.63673628937642 
-346.89221342214375 
-325.216927613055 
-91.15058280591278 
-64.86895685675829 
167.19964245002444 
101.83639057337695 
-141.18785079279826 
-726.302397852445 
159.45436289955902 
-193.79689048767005 
172.1708359822621 
88.21754654184564 
171.98474317678412 
171.24873365833253 
118.79655750612797 
167.98796574211354 
173.92363382394467 
130.44269942398324 
164.68228381565723 
-136.80070248004495 
-795.8330481389971 
173.90959918315875 
164.55434904069503 
168.6658322886003 
