352 13 158 501 0 0 0 0 352 8 72 439 153 0 0 0 352 8 59 380 225 0 0 0 
569 289 120 46 0 0 0 0 550 173 237 48 16 0 0 0 502 202 224 75 21 0 0 0 
545 87 60 328 4 0 0 0 492 133 33 105 261 0 0 0 408 214 35 116 251 0 0 0 
0 36 320 667 1 0 0 0 0 4 156 825 39 0 0 0 0 5 155 825 39 0 0 0 
179 152 265 377 43 4 3 1 75 158 124 506 120 30 8 3 78 139 100 488 137 51 26 5 
303 415 264 31 6 4 1 0 163 375 410 40 26 6 3 1 166 367 406 51 27 3 4 0 
0 17 25 292 53 58 135 444 0 8 18 171 159 50 78 540 0 8 17 197 128 49 63 562 
0 0 19 35 22 23 116 809 0 0 0 36 24 23 30 911 0 0 0 18 35 24 23 924 
0 4 49 856 78 8 27 2 0 0 4 84 841 66 2 27 0 0 3 16 321 634 21 29 
741 91 11 149 32 0 0 0 481 351 0 27 165 0 0 0 54 447 329 10 45 139 0 0 
375 178 442 29 0 0 0 0 365 89 309 261 0 0 0 0 361 91 325 247 0 0 0 0 
599 109 316 0 0 0 0 0 545 128 334 17 0 0 0 0 307 365 244 108 0 0 0 0 
550 101 56 316 1 0 0 0 493 153 43 241 94 0 0 0 209 437 33 232 113 0 0 0 
0 41 299 684 0 0 0 0 0 8 136 878 2 0 0 0 0 7 149 864 4 0 0 0 
204 196 166 431 19 3 5 0 157 152 166 480 45 17 5 2 160 151 164 467 59 16 5 2 
292 450 196 47 18 13 7 1 156 299 301 96 62 64 33 13 161 363 286 78 81 32 14 9 
101 212 207 190 99 61 57 97 5 62 177 209 185 125 98 163 17 105 199 222 155 112 70 144 
0 1 14 43 27 21 94 824 0 0 1 30 34 24 25 910 0 0 1 10 51 21 23 918 
0 0 40 841 102 14 27 0 0 0 3 51 897 42 15 16 0 0 0 14 243 718 22 27 
725 94 13 162 30 0 0 0 445 363 24 0 192 0 0 0 0 461 353 18 15 177 0 0 
433 328 262 1 0 0 0 0 394 156 391 83 0 0 0 0 393 178 389 64 0 0 0 0 
620 105 299 0 0 0 0 0 529 152 343 0 0 0 0 0 438 243 342 1 0 0 0 0 
563 102 112 247 0 0 0 0 490 150 94 288 2 0 0 0 293 354 95 279 3 0 0 0 
23 114 358 478 43 8 0 0 0 19 180 690 86 41 8 0 0 49 220 647 77 28 3 0 
210 206 219 301 77 11 0 0 45 164 138 270 151 153 89 14 89 174 144 275 182 135 24 1 
438 340 136 74 16 12 4 4 130 355 200 141 106 65 17 10 211 353 198 134 81 32 9 6 
584 322 66 24 16 10 2 0 201 518 196 69 16 11 11 2 269 504 162 52 18 8 10 1 
5 91 88 70 27 16 47 680 0 11 95 103 55 20 25 715 0 9 91 105 56 24 20 719 
0 0 4 826 143 32 19 0 0 0 0 28 923 42 31 0 0 0 0 1 239 729 31 24 
753 47 8 190 26 0 0 0 445 355 0 26 198 0 0 0 7 473 320 8 62 154 0 0 
767 257 0 0 0 0 0 0 725 287 12 0 0 0 0 0 731 283 10 0 0 0 0 0 
657 175 192 0 0 0 0 0 644 74 306 0 0 0 0 0 508 195 321 0 0 0 0 0 
674 229 94 24 3 0 0 0 465 345 156 55 3 0 0 0 492 365 126 25 15 1 0 0 
541 233 184 60 6 0 0 0 350 311 204 139 17 3 0 0 427 285 187 113 11 1 0 0 
767 156 49 31 10 10 1 0 531 290 113 50 20 9 11 0 567 305 83 35 17 14 3 0 
763 166 37 26 19 10 3 0 545 301 95 30 25 16 10 2 634 258 59 24 28 14 7 0 
882 98 16 13 4 4 4 3 696 267 28 13 8 5 4 3 815 160 17 15 4 6 4 3 
83 132 64 354 195 98 46 52 27 150 62 310 160 208 20 87 23 142 59 66 331 137 169 97 
16 35 96 420 386 51 20 0 1 25 48 158 487 275 18 12 0 19 31 91 372 323 167 21 
745 51 4 224 0 0 0 0 540 244 16 0 224 0 0 0 0 509 287 4 222 2 0 0 
741 216 42 8 14 2 1 0 686 258 52 13 12 2 1 0 731 198 65 11 12 6 1 0 
693 263 38 20 10 0 0 0 626 310 53 22 13 0 0 0 670 252 66 22 11 3 0 0 
676 295 48 5 0 0 0 0 403 453 148 20 0 0 0 0 574 361 75 9 5 0 0 0 
963 61 0 0 0 0 0 0 879 142 3 0 0 0 0 0 947 77 0 0 0 0 0 0 
850 53 6 3 7 26 23 56 756 142 10 4 5 19 25 63 797 102 8 4 2 6 17 88 
238 101 154 103 73 77 61 217 200 71 128 120 113 77 84 231 187 66 32 35 106 134 118 346 
236 44 52 60 61 44 45 482 192 87 44 72 69 48 42 470 193 81 23 41 65 81 48 492 
23 38 95 223 182 117 104 242 3 50 25 261 185 166 100 234 0 53 14 18 169 332 143 295 
20 25 77 329 231 114 77 151 4 20 30 149 325 236 65 195 7 16 26 59 236 221 240 219 
763 5 17 217 3 5 13 1 582 186 6 42 187 4 12 5 28 517 223 15 217 3 4 17 
743 159 110 7 4 1 0 0 713 158 139 10 3 1 0 0 720 155 135 10 3 1 0 0 
791 230 3 0 0 0 0 0 457 434 132 1 0 0 0 0 659 343 22 0 0 0 0 0 
841 180 3 0 0 0 0 0 498 408 117 1 0 0 0 0 674 339 11 0 0 0 0 0 
1014 10 0 0 0 0 0 0 1001 23 0 0 0 0 0 0 1010 14 0 0 0 0 0 0 
586 10 7 14 84 145 94 84 583 12 5 9 63 147 99 106 574 18 7 5 5 8 40 367 
199 80 456 58 27 64 69 71 170 76 303 237 25 47 78 88 129 45 26 27 65 413 111 208 
210 74 276 82 42 85 92 163 188 56 188 195 48 58 107 184 167 52 15 23 77 218 134 338 
0 0 1022 2 0 0 0 0 0 0 269 755 0 0 0 0 0 0 0 0 0 1021 3 0 
93 134 410 281 68 19 6 13 33 147 169 512 109 26 12 16 9 19 88 97 95 463 195 58 
754 44 51 67 20 20 46 22 623 159 36 90 21 16 42 37 70 534 166 38 95 27 22 72 
517 101 406 0 0 0 0 0 512 84 427 1 0 0 0 0 513 84 427 0 0 0 0 0 
740 129 99 56 0 0 0 0 650 156 84 119 15 0 0 0 702 112 78 123 9 0 0 0 
718 55 120 131 0 0 0 0 598 148 81 197 0 0 0 0 665 85 76 198 0 0 0 0 
497 139 377 11 0 0 0 0 461 82 414 67 0 0 0 0 460 73 432 59 0 0 0 0 
258 122 227 79 64 105 118 51 236 84 230 127 55 74 146 72 224 81 169 120 59 64 82 225 
348 152 202 69 22 45 58 128 315 128 223 98 21 40 58 141 284 145 216 110 23 33 41 172 
348 117 162 229 54 45 19 50 310 125 160 241 61 48 25 54 277 150 151 246 70 47 24 59 
155 112 527 64 42 60 41 23 126 122 307 294 46 52 51 26 99 128 55 63 71 513 57 38 
308 386 299 28 2 1 0 0 223 375 300 121 3 2 0 0 181 371 266 52 20 131 3 0 
795 83 109 8 9 12 2 6 742 116 118 17 4 12 8 7 222 578 155 34 6 7 11 11 
263 625 131 5 0 0 0 0 257 541 86 112 28 0 0 0 258 546 78 107 35 0 0 0 
173 596 95 160 0 0 0 0 160 29 565 215 55 0 0 0 161 25 558 215 65 0 0 0 
4 11 15 956 32 6 0 0 2 12 13 944 40 13 0 0 2 10 15 930 49 18 0 0 
3 9 131 96 618 113 54 0 1 7 101 107 608 102 98 0 0 7 105 102 607 94 107 2 
0 0 0 6 39 82 758 139 0 0 0 0 21 71 728 204 0 0 0 0 17 59 696 252 
80 28 16 17 7 531 194 151 32 72 19 11 14 522 91 263 4 90 20 14 15 521 36 324 
309 22 531 14 11 48 64 25 260 66 533 11 13 35 51 55 45 270 22 527 14 16 49 81 
962 29 2 2 11 11 6 1 402 588 3 2 8 9 11 1 210 777 4 2 2 15 9 5 
157 758 76 14 11 8 0 0 120 763 106 14 8 13 0 0 81 771 135 15 9 13 0 0 
384 541 22 17 10 39 5 6 382 534 27 17 9 37 12 6 145 762 37 16 8 29 18 9 
