0 0 0 0 0 883 141 0 0 0 0 372 652 0 0 0 0 236 788 0 0 0 0 0 
0 0 0 0 0 455 569 0 0 0 0 209 815 0 0 0 0 96 928 0 0 0 0 0 
0 0 0 0 0 222 802 0 0 0 0 116 908 0 0 0 0 67 957 0 0 0 0 0 
0 0 0 0 0 126 898 0 0 0 0 39 985 0 0 0 0 37 987 0 0 0 0 0 
0 0 0 0 3 57 964 0 0 0 2 43 979 0 0 0 2 41 981 0 0 0 0 0 
0 0 0 5 29 105 885 0 0 1 27 82 914 0 0 0 20 77 927 0 0 0 0 0 
0 0 0 2 28 82 912 0 0 0 22 67 935 0 0 0 18 66 940 0 0 0 0 0 
0 0 0 9 22 59 934 0 0 0 26 59 939 0 0 0 21 56 947 0 0 0 0 0 
148 389 90 33 32 97 235 0 97 417 133 63 314 0 0 0 289 366 357 12 0 0 0 0 
519 454 50 1 0 0 0 0 474 452 90 8 0 0 0 0 661 323 39 1 0 0 0 0 
163 259 142 90 103 177 90 0 228 325 115 137 218 1 0 0 473 243 257 50 1 0 0 0 
0 40 131 125 111 148 469 0 7 133 79 170 634 1 0 0 79 135 609 169 32 0 0 0 
0 0 0 0 3 75 946 0 0 0 3 45 974 2 0 0 0 30 975 19 0 0 0 0 
8 78 72 27 19 141 679 0 0 103 74 48 727 58 14 0 51 146 687 66 18 45 11 0 
1 135 190 76 68 183 371 0 6 235 142 77 349 134 81 0 157 226 350 60 25 130 76 0 
0 29 65 73 77 324 456 0 0 71 85 87 409 272 100 0 54 131 381 67 33 265 93 0 
0 69 170 59 70 419 237 0 1 130 140 66 191 380 116 0 49 226 169 42 43 385 110 0 
3 76 101 51 59 585 148 1 19 136 67 53 86 533 130 0 113 99 59 69 40 515 129 0 
35 159 61 37 65 581 86 0 66 194 17 30 84 536 97 0 161 105 21 47 71 530 89 0 
63 635 39 16 27 210 34 0 40 676 19 17 30 201 41 0 79 650 9 15 31 198 42 0 
3 1021 0 0 0 0 0 0 2 1022 0 0 0 0 0 0 7 1017 0 0 0 0 0 0 
0 1011 13 0 0 0 0 0 0 1024 0 0 0 0 0 0 0 1024 0 0 0 0 0 0 
0 989 35 0 0 0 0 0 0 1024 0 0 0 0 0 0 0 1024 0 0 0 0 0 0 
0 985 39 0 0 0 0 0 0 1024 0 0 0 0 0 0 0 1024 0 0 0 0 0 0 
0 767 239 12 6 0 0 0 0 996 11 10 7 0 0 0 0 1005 4 15 0 0 0 0 
0 493 242 22 267 0 0 0 0 686 50 36 252 0 0 0 0 732 6 237 49 0 0 0 
0 567 169 31 257 0 0 0 0 711 31 55 227 0 0 0 0 736 12 238 38 0 0 0 
0 869 118 15 22 0 0 0 0 969 19 32 4 0 0 0 32 946 13 31 2 0 0 0 
50 974 0 0 0 0 0 0 61 963 0 0 0 0 0 0 107 917 0 0 0 0 0 0 
50 974 0 0 0 0 0 0 34 990 0 0 0 0 0 0 65 959 0 0 0 0 0 0 
56 968 0 0 0 0 0 0 19 1005 0 0 0 0 0 0 52 972 0 0 0 0 0 0 
68 956 0 0 0 0 0 0 40 984 0 0 0 0 0 0 74 950 0 0 0 0 0 0 
0 0 0 0 0 83 941 0 0 0 0 0 1024 0 0 0 0 0 1024 0 0 0 0 0 
0 0 0 0 0 0 1024 0 0 0 0 0 1024 0 0 0 0 0 1024 0 0 0 0 0 
0 0 0 0 0 0 1024 0 0 0 0 0 1024 0 0 0 0 0 1024 0 0 0 0 0 
0 0 0 0 0 0 1024 0 0 0 0 0 1024 0 0 0 0 0 1024 0 0 0 0 0 
0 0 0 0 0 0 1024 0 0 0 0 0 1024 0 0 0 0 0 1024 0 0 0 0 0 
0 0 0 0 0 0 1024 0 0 0 0 0 1024 0 0 0 0 0 1024 0 0 0 0 0 
0 0 0 0 0 0 1024 0 0 0 0 0 1024 0 0 0 0 0 1024 0 0 0 0 0 
0 0 0 0 0 0 1024 0 0 0 0 0 1006 18 0 0 0 0 1011 13 0 0 0 0 
179 393 135 64 36 47 169 1 179 383 160 78 200 24 0 0 395 318 256 55 0 0 0 0 
783 216 21 4 0 0 0 0 758 234 25 7 0 0 0 0 874 134 14 2 0 0 0 0 
283 468 145 67 41 16 4 0 289 516 126 57 34 2 0 0 595 306 70 37 16 0 0 0 
74 324 271 218 89 42 6 0 72 425 209 210 101 7 0 0 247 425 122 192 35 3 0 0 
73 143 53 62 87 295 309 2 71 180 62 51 327 313 20 0 190 116 219 149 83 261 6 0 
65 260 17 46 96 483 57 0 151 167 18 42 109 500 37 0 254 68 14 59 106 498 25 0 
77 348 12 29 65 490 3 0 104 314 16 20 58 509 3 0 261 159 15 22 61 505 1 0 
118 412 12 30 59 389 4 0 177 351 12 20 52 403 9 0 328 200 13 24 54 402 3 0 
200 443 16 33 80 245 7 0 290 344 18 24 60 277 11 0 386 250 21 27 64 270 6 0 
313 446 20 23 44 173 5 0 350 402 21 23 35 175 18 0 473 283 19 23 41 171 14 0 
457 489 17 11 10 40 0 0 533 412 16 11 8 40 4 0 718 229 17 9 7 44 0 0 
95 823 106 0 0 0 0 0 100 924 0 0 0 0 0 0 128 896 0 0 0 0 0 0 
0 539 485 0 0 0 0 0 0 1024 0 0 0 0 0 0 0 1024 0 0 0 0 0 0 
0 269 755 0 0 0 0 0 0 972 52 0 0 0 0 0 0 1024 0 0 0 0 0 0 
0 102 922 0 0 0 0 0 0 890 134 0 0 0 0 0 0 1024 0 0 0 0 0 0 
0 41 962 6 3 12 0 0 0 799 205 6 2 12 0 0 0 1000 4 6 3 11 0 0 
0 114 682 42 96 90 0 0 0 585 219 45 90 85 0 0 0 777 36 95 35 81 0 0 
0 16 604 53 351 0 0 0 0 83 543 47 351 0 0 0 0 570 61 202 191 0 0 0 
0 1 895 70 58 0 0 0 0 0 896 17 111 0 0 0 0 568 328 116 12 0 0 0 
0 70 911 26 17 0 0 0 0 97 878 35 14 0 0 0 0 784 202 38 0 0 0 0 
0 438 586 0 0 0 0 0 0 450 574 0 0 0 0 0 0 1024 0 0 0 0 0 0 
0 1024 0 0 0 0 0 0 0 1024 0 0 0 0 0 0 0 1024 0 0 0 0 0 0 
0 997 27 0 0 0 0 0 0 1024 0 0 0 0 0 0 0 1024 0 0 0 0 0 0 
0 822 202 0 0 0 0 0 0 1011 13 0 0 0 0 0 0 1024 0 0 0 0 0 0 
0 0 0 0 14 71 939 0 0 0 0 19 610 46 349 0 0 0 547 77 36 364 0 0 
0 3 14 10 42 68 887 0 0 7 11 44 745 45 172 0 2 15 671 110 43 183 0 0 
1 56 48 48 35 50 786 0 2 68 45 60 833 12 4 0 20 82 767 141 9 5 0 0 
14 152 48 42 15 54 699 0 28 154 50 37 703 52 0 0 115 93 677 139 0 0 0 0 
32 262 35 49 17 32 597 0 42 262 39 43 493 145 0 0 253 73 471 223 4 0 0 0 
130 295 34 48 17 33 458 9 186 245 34 50 361 148 0 0 377 75 312 259 1 0 0 0 
198 350 21 28 36 42 343 6 285 268 23 28 239 181 0 0 479 87 182 273 3 0 0 0 
283 389 8 21 32 39 250 2 417 255 10 22 170 150 0 0 625 54 90 244 11 0 0 0 
556 327 48 39 25 13 16 0 689 196 54 36 40 9 0 0 803 108 58 45 10 0 0 0 
848 114 21 23 18 0 0 0 822 144 16 24 18 0 0 0 908 63 15 23 15 0 0 0 
861 148 4 5 5 1 0 0 845 164 3 5 6 1 0 0 936 73 4 5 5 1 0 0 
683 302 20 19 0 0 0 0 739 245 21 19 0 0 0 0 848 138 20 18 0 0 0 0 
520 504 0 0 0 0 0 0 590 434 0 0 0 0 0 0 776 248 0 0 0 0 0 0 
491 533 0 0 0 0 0 0 515 509 0 0 0 0 0 0 542 482 0 0 0 0 0 0 
471 553 0 0 0 0 0 0 496 528 0 0 0 0 0 0 513 511 0 0 0 0 0 0 
422 602 0 0 0 0 0 0 441 583 0 0 0 0 0 0 449 575 0 0 0 0 0 0 
338 686 0 0 0 0 0 0 357 667 0 0 0 0 0 0 374 650 0 0 0 0 0 0 
280 744 0 0 0 0 0 0 278 746 0 0 0 0 0 0 285 739 0 0 0 0 0 0 
90 890 44 0 0 0 0 0 129 895 0 0 0 0 0 0 169 855 0 0 0 0 0 0 
0 255 553 18 20 174 4 0 1 687 124 14 28 165 5 0 16 771 33 9 27 167 1 0 
0 0 487 35 60 408 34 0 0 191 318 27 55 410 23 0 0 476 41 24 68 403 12 0 
0 0 372 44 87 487 34 0 0 36 361 28 89 482 28 0 0 355 46 36 114 460 13 0 
0 0 277 43 91 591 22 0 0 8 299 25 93 581 18 0 0 267 45 27 142 537 6 0 
0 0 224 40 70 676 14 0 0 0 239 29 69 674 13 0 0 196 49 28 106 637 8 0 
0 0 153 56 211 604 0 0 0 10 171 30 209 604 0 0 0 78 109 48 219 570 0 0 
0 1 783 20 220 0 0 0 0 21 772 19 212 0 0 0 0 702 97 36 189 0 0 0 
0 0 1024 0 0 0 0 0 0 0 1024 0 0 0 0 0 0 915 109 0 0 0 0 0 
0 0 1024 0 0 0 0 0 0 0 1024 0 0 0 0 0 0 898 126 0 0 0 0 0 
0 118 868 15 19 4 0 0 0 189 801 13 17 4 0 0 0 974 20 16 13 1 0 0 
0 824 156 16 27 1 0 0 0 953 35 8 26 2 0 0 0 971 20 10 23 0 0 0 
0 454 570 0 0 0 0 0 0 760 264 0 0 0 0 0 0 1024 0 0 0 0 0 0 
0 0 1024 0 0 0 0 0 0 91 933 0 0 0 0 0 0 1024 0 0 0 0 0 0 
18 417 149 43 41 33 323 0 156 352 93 34 48 42 299 0 282 289 56 43 37 315 2 0 
187 640 70 31 6 9 81 0 371 475 69 16 9 6 78 0 553 323 52 6 9 81 0 0 
256 768 0 0 0 0 0 0 596 428 0 0 0 0 0 0 870 154 0 0 0 0 0 0 
281 743 0 0 0 0 0 0 606 418 0 0 0 0 0 0 970 54 0 0 0 0 0 0 
234 738 52 0 0 0 0 0 486 502 36 0 0 0 0 0 723 293 8 0 0 0 0 0 
48 858 118 0 0 0 0 0 388 540 96 0 0 0 0 0 606 408 10 0 0 0 0 0 
46 791 187 0 0 0 0 0 265 597 162 0 0 0 0 0 442 561 21 0 0 0 0 0 
110 904 10 0 0 0 0 0 178 838 8 0 0 0 0 0 305 719 0 0 0 0 0 0 
322 702 0 0 0 0 0 0 222 802 0 0 0 0 0 0 373 651 0 0 0 0 0 0 
650 374 0 0 0 0 0 0 573 451 0 0 0 0 0 0 600 424 0 0 0 0 0 0 
210 813 1 0 0 0 0 0 201 823 0 0 0 0 0 0 246 778 0 0 0 0 0 0 
292 732 0 0 0 0 0 0 446 578 0 0 0 0 0 0 470 554 0 0 0 0 0 0 
620 404 0 0 0 0 0 0 665 359 0 0 0 0 0 0 696 328 0 0 0 0 0 0 
687 337 0 0 0 0 0 0 729 295 0 0 0 0 0 0 745 279 0 0 0 0 0 0 
17 698 309 0 0 0 0 0 39 985 0 0 0 0 0 0 53 971 0 0 0 0 0 0 
0 400 624 0 0 0 0 0 0 1024 0 0 0 0 0 0 0 1024 0 0 0 0 0 0 
0 282 742 0 0 0 0 0 0 1024 0 0 0 0 0 0 0 1024 0 0 0 0 0 0 
0 191 833 0 0 0 0 0 0 1019 5 0 0 0 0 0 0 1024 0 0 0 0 0 0 
0 53 971 0 0 0 0 0 0 945 79 0 0 0 0 0 0 1024 0 0 0 0 0 0 
0 15 539 11 49 351 59 0 0 159 397 10 41 346 71 0 0 474 83 16 51 356 44 0 
0 0 0 0 45 790 189 0 0 0 0 0 40 775 208 1 0 0 0 0 64 857 103 0 
0 0 0 4 80 742 198 0 0 0 0 4 90 756 174 0 0 0 0 4 136 788 96 0 
0 0 0 7 88 743 186 0 0 0 0 7 95 763 159 0 0 0 0 11 133 783 97 0 
0 0 0 0 84 853 86 1 0 0 0 1 93 856 73 1 0 0 0 4 141 835 44 0 
0 0 99 71 260 594 0 0 0 0 128 47 264 585 0 0 0 3 145 31 275 570 0 0 
0 59 810 21 134 0 0 0 0 142 736 15 131 0 0 0 0 568 314 20 122 0 0 0 
0 0 709 315 0 0 0 0 0 0 1024 0 0 0 0 0 0 396 628 0 0 0 0 0 
0 0 554 470 0 0 0 0 0 0 1024 0 0 0 0 0 0 360 664 0 0 0 0 0 
0 0 487 256 215 66 0 0 0 0 731 13 210 70 0 0 0 335 401 71 169 48 0 0 
0 0 228 97 365 334 0 0 0 72 185 84 323 360 0 0 0 157 125 103 542 97 0 0 
0 53 971 0 0 0 0 0 0 119 905 0 0 0 0 0 0 1024 0 0 0 0 0 0 
0 0 1024 0 0 0 0 0 0 0 1024 0 0 0 0 0 0 1024 0 0 0 0 0 0 
31 891 40 7 7 17 31 0 134 811 17 8 7 22 25 0 725 236 8 6 13 36 0 0 
14 939 18 13 10 4 26 0 54 912 7 12 11 5 23 0 321 647 7 13 10 26 0 0 
203 821 0 0 0 0 0 0 335 689 0 0 0 0 0 0 824 200 0 0 0 0 0 0 
671 353 0 0 0 0 0 0 851 173 0 0 0 0 0 0 963 61 0 0 0 0 0 0 
65 705 106 39 29 26 53 1 108 692 81 37 28 35 43 0 265 572 50 46 28 62 1 0 
35 683 189 18 12 27 60 0 71 672 170 13 14 24 60 0 230 558 133 9 16 78 0 0 
30 557 415 22 0 0 0 0 32 794 177 21 0 0 0 0 77 827 118 2 0 0 0 0 
0 530 197 44 3 248 2 0 0 684 61 26 24 229 0 0 1 698 57 17 38 213 0 0 
351 568 30 7 3 65 0 0 335 601 9 13 2 64 0 0 311 629 7 12 4 61 0 0 
1024 0 0 0 0 0 0 0 1024 0 0 0 0 0 0 0 1011 13 0 0 0 0 0 0 
292 350 173 23 10 164 12 0 336 454 27 27 6 174 0 0 306 494 19 26 14 165 0 0 
77 266 518 124 2 37 0 0 130 428 409 18 2 37 0 0 211 668 100 7 4 34 0 0 
56 459 509 0 0 0 0 0 64 609 351 0 0 0 0 0 143 873 8 0 0 0 0 0 
212 301 388 123 0 0 0 0 295 344 315 70 0 0 0 0 458 412 154 0 0 0 0 0 
3 92 525 19 9 353 23 0 14 555 62 13 19 354 7 0 25 584 27 8 25 354 1 0 
0 0 576 8 24 409 7 0 0 465 113 30 1 415 0 0 0 576 6 26 7 409 0 0 
0 0 576 8 24 416 0 0 0 355 221 25 11 412 0 0 0 575 8 25 8 408 0 0 
0 0 589 20 17 381 17 0 0 149 459 8 20 388 0 0 0 573 35 13 22 381 0 0 
0 0 553 33 19 400 19 0 0 33 529 24 35 392 11 0 0 544 39 4 34 399 4 0 
0 0 298 65 45 565 51 0 0 6 315 41 47 573 42 0 0 192 149 27 63 566 27 0 
0 0 0 2 66 739 216 1 0 0 0 1 64 727 231 1 0 0 0 4 84 798 138 0 
0 0 0 8 98 661 256 1 0 0 0 9 100 661 253 1 0 0 0 11 131 722 160 0 
0 0 0 3 77 785 159 0 0 0 0 4 91 789 140 0 0 0 0 6 122 812 84 0 
0 0 0 3 41 934 46 0 0 0 0 3 43 937 41 0 0 0 0 3 72 931 18 0 
0 0 79 80 324 541 0 0 0 0 114 46 336 528 0 0 0 0 137 30 343 514 0 0 
0 247 698 24 55 0 0 0 0 303 651 20 50 0 0 0 0 673 285 20 46 0 0 0 
0 556 203 265 0 0 0 0 0 550 474 0 0 0 0 0 5 574 445 0 0 0 0 0 
0 544 100 380 0 0 0 0 0 544 472 8 0 0 0 0 0 552 472 0 0 0 0 0 
1 332 84 241 300 66 0 0 0 330 299 26 295 74 0 0 7 326 314 12 303 62 0 0 
0 77 157 103 202 485 0 0 9 95 173 75 145 527 0 0 48 122 124 76 243 411 0 0 
414 130 480 0 0 0 0 0 473 75 476 0 0 0 0 0 507 517 0 0 0 0 0 0 
504 40 480 0 0 0 0 0 509 35 480 0 0 0 0 0 512 419 93 0 0 0 0 0 
106 918 0 0 0 0 0 0 263 761 0 0 0 0 0 0 982 42 0 0 0 0 0 0 
6 408 102 35 469 4 0 0 4 482 39 38 460 1 0 0 79 417 40 38 450 0 0 0 
187 445 180 64 121 27 0 0 263 448 118 53 131 11 0 0 343 434 74 51 122 0 0 0 
599 422 3 0 0 0 0 0 630 387 7 0 0 0 0 0 779 245 0 0 0 0 0 0 
625 296 65 38 0 0 0 0 628 286 75 35 0 0 0 0 690 236 73 25 0 0 0 0 
17 572 211 107 25 92 0 0 27 588 218 79 28 84 0 0 147 523 200 46 90 18 0 0 
1 376 393 169 28 44 12 1 0 446 421 66 39 45 7 0 39 669 204 53 18 38 3 0 
0 0 85 56 19 847 17 0 0 3 102 47 8 864 0 0 0 26 96 38 0 864 0 0 
350 506 8 0 19 141 0 0 352 504 8 0 10 150 0 0 112 744 8 0 16 144 0 0 
1024 0 0 0 0 0 0 0 1024 0 0 0 0 0 0 0 616 408 0 0 0 0 0 0 
202 118 82 22 18 572 10 0 298 22 88 19 21 576 0 0 91 234 92 10 28 569 0 0 
7 210 687 49 12 59 0 0 48 345 524 37 10 60 0 0 111 682 153 10 11 57 0 0 
0 150 874 0 0 0 0 0 0 794 230 0 0 0 0 0 0 1024 0 0 0 0 0 0 
47 328 476 173 0 0 0 0 124 598 228 74 0 0 0 0 274 532 218 0 0 0 0 0 
0 0 0 6 5 989 24 0 0 0 0 8 4 1001 11 0 0 0 0 8 5 1008 3 0 
0 0 0 0 0 1024 0 0 0 0 0 0 0 1024 0 0 0 0 0 0 0 1024 0 0 
0 0 0 0 0 1024 0 0 0 0 0 0 0 1024 0 0 0 0 0 0 0 1024 0 0 
0 0 0 0 0 1024 0 0 0 0 0 0 0 1024 0 0 0 0 0 0 0 1024 0 0 
0 0 0 0 0 1024 0 0 0 0 0 0 0 1024 0 0 0 0 0 0 0 1024 0 0 
0 0 58 88 104 629 143 2 0 0 65 81 108 607 161 2 0 3 75 73 127 623 122 1 
0 0 0 3 92 728 200 1 0 0 0 3 94 720 206 1 0 0 0 5 131 770 118 0 
0 0 0 0 29 799 196 0 0 0 0 0 30 787 207 0 0 0 0 0 56 851 117 0 
0 0 13 26 39 791 155 0 0 0 26 17 29 797 155 0 0 0 30 13 52 849 80 0 
0 0 36 64 56 822 46 0 0 0 52 50 48 818 56 0 0 0 76 30 64 818 36 0 
0 0 87 95 383 459 0 0 0 0 109 75 385 455 0 0 0 0 154 40 388 442 0 0 
0 518 490 16 0 0 0 0 0 575 443 6 0 0 0 0 0 898 123 3 0 0 0 0 
599 425 0 0 0 0 0 0 656 368 0 0 0 0 0 0 876 148 0 0 0 0 0 0 
638 386 0 0 0 0 0 0 666 358 0 0 0 0 0 0 898 126 0 0 0 0 0 0 
203 352 5 10 364 90 0 0 189 363 6 9 350 100 7 0 365 189 5 9 375 81 0 0 
18 210 110 85 92 509 0 0 71 171 121 84 71 506 0 0 138 123 120 82 103 458 0 0 
990 34 0 0 0 0 0 0 1024 0 0 0 0 0 0 0 1024 0 0 0 0 0 0 0 
1024 0 0 0 0 0 0 0 1024 0 0 0 0 0 0 0 1024 0 0 0 0 0 0 0 
180 767 61 16 0 0 0 0 492 468 56 8 0 0 0 0 800 177 46 1 0 0 0 0 
5 271 173 62 498 11 4 0 8 346 114 43 504 8 1 0 91 313 74 60 479 7 0 0 
26 314 313 93 223 55 0 0 108 299 245 141 185 46 0 0 199 288 215 148 174 0 0 0 
536 456 9 21 2 0 0 0 560 432 8 16 8 0 0 0 688 304 11 19 2 0 0 0 
626 279 73 43 3 0 0 0 655 212 109 40 8 0 0 0 705 198 75 46 0 0 0 0 
4 524 297 86 41 72 0 0 0 566 263 81 37 77 0 0 61 555 259 38 104 7 0 0 
0 263 246 79 192 126 103 15 0 334 148 167 154 157 64 0 0 347 183 178 142 164 10 0 
0 0 96 0 58 870 0 0 0 32 64 0 67 861 0 0 0 32 64 1 77 850 0 0 
260 604 0 27 5 128 0 0 323 533 8 12 20 128 0 0 63 801 0 24 8 128 0 0 
935 89 0 0 0 0 0 0 1000 24 0 0 0 0 0 0 27 955 42 0 0 0 0 0 
147 170 72 91 37 488 19 0 260 68 74 78 37 506 1 0 1 327 98 63 33 502 0 0 
23 157 511 332 1 0 0 0 36 236 598 154 0 0 0 0 71 548 395 10 0 0 0 0 
0 373 449 189 13 0 0 0 0 781 101 142 0 0 0 0 0 822 182 20 0 0 0 0 
4 580 198 214 28 0 0 0 44 698 155 113 14 0 0 0 390 377 207 50 0 0 0 0 
0 0 0 0 0 992 32 0 0 0 0 0 0 996 28 0 0 0 0 0 0 1016 8 0 
0 0 0 0 0 1024 0 0 0 0 0 0 0 1024 0 0 0 0 0 0 0 1024 0 0 
0 0 0 0 0 1024 0 0 0 0 0 0 0 1024 0 0 0 0 0 0 0 1024 0 0 
0 0 0 0 0 1024 0 0 0 0 0 0 0 1024 0 0 0 0 0 0 0 1024 0 0 
0 0 0 0 1 1017 6 0 0 0 0 0 2 1016 6 0 0 0 0 0 2 1021 1 0 
0 0 43 86 115 674 106 0 0 0 54 81 102 652 134 1 0 2 66 82 117 659 98 0 
0 0 0 1 40 742 241 0 0 0 0 0 36 722 266 0 0 0 0 1 41 800 182 0 
0 0 0 2 32 688 302 0 0 0 0 2 30 670 322 0 0 0 0 2 47 748 227 0 
0 0 0 3 68 726 227 0 0 0 0 1 60 710 253 0 0 0 0 3 78 751 192 0 
0 0 4 57 55 856 52 0 0 0 22 45 41 853 63 0 0 0 38 34 51 864 37 0 
0 0 116 128 394 384 2 0 0 0 164 86 391 382 1 0 0 0 211 47 390 376 0 0 
0 574 450 0 0 0 0 0 0 590 434 0 0 0 0 0 13 848 163 0 0 0 0 0 
782 242 0 0 0 0 0 0 897 127 0 0 0 0 0 0 976 48 0 0 0 0 0 0 
933 91 0 0 0 0 0 0 937 87 0 0 0 0 0 0 1024 0 0 0 0 0 0 0 
253 215 7 6 351 192 0 0 259 207 6 7 338 179 28 0 432 36 5 7 361 182 1 0 
128 188 99 105 72 432 0 0 218 120 116 81 67 422 0 0 283 72 125 77 68 399 0 0 
1024 0 0 0 0 0 0 0 1024 0 0 0 0 0 0 0 1024 0 0 0 0 0 0 0 
1024 0 0 0 0 0 0 0 1024 0 0 0 0 0 0 0 1024 0 0 0 0 0 0 0 
703 265 55 1 0 0 0 0 468 461 58 37 0 0 0 0 858 130 36 0 0 0 0 0 
183 191 114 60 472 4 0 0 206 187 96 58 475 2 0 0 242 209 40 96 435 2 0 0 
16 260 356 144 215 33 0 0 52 328 221 239 178 6 0 0 152 292 245 226 109 0 0 0 
282 710 0 7 25 0 0 0 364 621 7 4 28 0 0 0 555 437 0 8 24 0 0 0 
606 317 77 18 6 0 0 0 807 93 96 18 10 0 0 0 851 69 80 21 3 0 0 0 
111 390 316 73 54 72 7 1 197 393 229 68 59 74 4 0 291 408 159 36 95 33 2 0 
0 73 339 189 52 194 170 7 1 118 262 226 50 235 132 0 7 201 241 162 138 229 46 0 
0 0 96 0 32 896 0 0 0 2 94 0 34 894 0 0 0 27 69 15 43 870 0 0 
231 504 145 16 0 128 0 0 271 510 91 24 0 128 0 0 6 841 30 19 0 128 0 0 
700 324 0 0 0 0 0 0 826 198 0 0 0 0 0 0 0 795 229 0 0 0 0 0 
105 183 76 20 29 597 14 0 176 112 78 18 34 602 4 0 5 278 92 9 33 607 0 0 
1 76 313 153 96 385 0 0 1 98 327 121 92 385 0 0 9 230 241 103 65 376 0 0 
0 39 397 407 169 12 0 0 0 45 487 304 180 8 0 0 0 130 524 246 124 0 0 0 
1 114 303 449 143 14 0 0 2 134 379 337 164 8 0 0 28 233 424 251 87 1 0 0 
0 0 0 0 0 1000 24 0 0 0 0 0 0 1005 19 0 0 0 0 0 0 1016 8 0 
0 0 0 0 0 1024 0 0 0 0 0 0 0 1024 0 0 0 0 0 0 0 1024 0 0 
0 0 0 0 0 1024 0 0 0 0 0 0 0 1024 0 0 0 0 0 0 0 1024 0 0 
0 0 0 0 0 1024 0 0 0 0 0 0 0 1011 13 0 0 0 0 0 0 1024 0 0 
0 0 0 0 0 1022 2 0 0 0 0 0 0 999 25 0 0 0 0 0 0 1024 0 0 
0 0 56 84 68 618 198 0 0 0 60 83 55 569 257 0 0 0 66 80 71 617 190 0 
0 0 0 0 19 796 209 0 0 0 0 0 16 700 307 1 0 0 0 0 19 792 213 0 
0 0 0 0 21 778 225 0 0 0 0 0 18 752 254 0 0 0 0 0 29 819 176 0 
0 0 0 1 36 757 230 0 0 0 0 0 35 734 255 0 0 0 0 1 47 768 208 0 
0 0 0 0 11 946 67 0 0 0 0 0 12 939 73 0 0 0 0 0 13 952 59 0 
0 0 180 122 387 335 0 0 0 0 214 88 394 328 0 0 0 5 238 65 392 324 0 0 
0 633 366 25 0 0 0 0 0 648 352 24 0 0 0 0 0 691 331 2 0 0 0 0 
5 1019 0 0 0 0 0 0 184 840 0 0 0 0 0 0 679 345 0 0 0 0 0 0 
101 923 0 0 0 0 0 0 371 653 0 0 0 0 0 0 962 62 0 0 0 0 0 0 
59 315 6 3 329 312 0 0 48 324 6 4 309 305 28 0 270 102 8 3 331 310 0 0 
25 369 94 137 58 341 0 0 149 266 115 108 52 334 0 0 317 122 123 90 47 325 0 0 
544 480 0 0 0 0 0 0 846 178 0 0 0 0 0 0 974 50 0 0 0 0 0 0 
676 348 0 0 0 0 0 0 874 150 0 0 0 0 0 0 970 54 0 0 0 0 0 0 
510 141 143 205 25 0 0 0 488 158 71 230 77 0 0 0 488 156 65 234 81 0 0 0 
133 88 107 368 328 0 0 0 152 66 99 318 389 0 0 0 160 87 75 429 273 0 0 0 
0 208 302 233 223 54 4 0 0 291 217 261 218 32 5 0 57 310 216 281 137 22 1 0 
283 431 226 51 30 3 0 0 330 429 177 51 34 3 0 0 387 456 114 44 21 2 0 0 
269 752 3 0 0 0 0 0 552 472 0 0 0 0 0 0 692 332 0 0 0 0 0 0 
84 459 338 38 64 40 1 0 249 332 300 39 39 65 0 0 329 357 201 33 63 41 0 0 
0 0 407 256 34 120 189 18 0 0 429 237 35 144 179 0 0 0 486 187 65 217 69 0 
0 0 76 20 32 893 3 0 0 0 96 0 32 896 0 0 0 3 93 0 35 893 0 0 
121 485 290 0 1 127 0 0 196 396 304 0 0 128 0 0 1 597 298 0 0 128 0 0 
467 557 0 0 0 0 0 0 512 512 0 0 0 0 0 0 0 552 472 0 0 0 0 0 
0 260 71 47 38 588 20 0 7 277 58 37 37 606 2 0 0 41 299 44 32 600 8 0 
0 2 66 7 5 940 4 0 0 2 70 4 5 941 2 0 0 51 22 4 8 939 0 0 
0 0 192 13 9 802 8 0 0 0 196 13 8 807 0 0 0 87 113 11 10 803 0 0 
0 0 312 10 13 655 34 0 0 2 311 10 13 674 14 0 0 50 267 9 10 688 0 0 
0 0 0 0 3 1013 8 0 0 0 0 0 5 1014 5 0 0 0 0 0 7 1016 1 0 
0 0 0 0 0 1024 0 0 0 0 0 0 0 1024 0 0 0 0 0 0 0 1024 0 0 
0 0 0 0 0 1024 0 0 0 0 0 0 0 1024 0 0 0 0 0 0 0 1024 0 0 
0 0 0 0 0 1022 2 0 0 0 0 0 0 1020 4 0 0 0 0 0 0 1024 0 0 
0 0 0 0 10 972 42 0 0 0 0 1 12 929 82 0 0 0 0 2 12 1005 5 0 
0 1 52 105 87 601 177 1 0 1 58 104 77 579 204 1 0 1 66 103 79 620 154 1 
0 0 0 0 10 825 189 0 0 0 0 0 9 779 236 0 0 0 0 0 12 852 160 0 
0 0 0 0 7 754 263 0 0 0 0 0 6 713 305 0 0 0 0 0 7 805 212 0 
0 0 0 0 9 819 196 0 0 0 0 0 7 756 261 0 0 0 0 0 10 823 191 0 
0 0 0 4 22 897 101 0 0 0 0 4 17 851 152 0 0 0 0 5 21 895 103 0 
0 0 119 107 404 381 13 0 0 0 129 97 436 344 18 0 0 0 160 70 455 326 13 0 
0 0 89 31 730 58 96 20 0 32 63 28 723 52 95 31 0 52 54 19 724 52 106 17 
0 88 64 18 756 33 43 22 0 127 29 13 750 38 31 36 16 117 26 13 754 33 49 16 
0 123 62 14 720 31 34 40 0 170 18 20 707 34 42 33 19 160 10 20 708 40 40 27 
4 54 26 28 574 311 19 8 3 63 25 29 542 326 23 13 14 53 29 28 577 295 20 8 
0 79 104 61 31 673 62 14 3 92 99 51 33 658 78 10 37 102 78 38 30 678 56 5 
7 112 159 86 25 571 54 10 11 128 82 134 26 545 77 21 47 114 44 153 25 545 69 27 
0 72 255 68 31 523 72 3 0 62 261 65 27 469 128 12 0 61 247 81 30 471 125 9 
39 242 182 441 120 0 0 0 0 168 191 261 404 0 0 0 20 226 149 247 382 0 0 0 
99 223 219 324 158 1 0 0 15 277 223 357 151 1 0 0 120 203 248 345 107 1 0 0 
0 80 235 293 367 39 10 0 0 108 226 247 396 36 11 0 1 161 232 266 323 33 8 0 
0 447 314 212 46 5 0 0 0 548 259 170 43 4 0 0 46 596 213 141 28 0 0 0 
0 172 255 391 167 33 6 0 0 193 272 372 151 31 5 0 13 219 304 346 114 23 5 0 
0 117 211 150 363 155 28 0 0 174 161 176 292 193 28 0 2 212 136 210 295 145 24 0 
0 0 72 216 63 430 223 20 0 0 106 170 61 458 208 21 0 0 112 171 62 461 213 5 
0 1 60 35 32 877 19 0 0 10 67 19 40 867 21 0 0 24 69 3 54 857 17 0 
80 407 409 0 23 105 0 0 135 317 444 0 5 123 0 0 4 303 589 0 9 119 0 0 
208 816 0 0 0 0 0 0 270 754 0 0 0 0 0 0 0 503 521 0 0 0 0 0 
0 239 79 44 23 637 2 0 0 288 32 51 21 632 0 0 0 32 274 48 46 621 3 0 
0 0 0 0 0 1024 0 0 0 0 0 0 0 1024 0 0 0 0 0 0 0 1024 0 0 
0 0 0 0 0 1024 0 0 0 0 0 0 0 1024 0 0 0 0 0 0 0 1024 0 0 
2 4 10 9 12 984 3 0 2 4 10 8 12 984 4 0 2 5 9 10 11 986 1 0 
0 0 0 0 0 1024 0 0 0 0 0 0 0 1024 0 0 0 0 0 0 0 1024 0 0 
0 0 0 0 0 1024 0 0 0 0 0 0 0 1024 0 0 0 0 0 0 0 1024 0 0 
0 0 0 0 0 1024 0 0 0 0 0 0 0 1024 0 0 0 0 0 0 0 1024 0 0 
0 0 0 0 0 1023 1 0 0 0 0 0 0 1014 10 0 0 0 0 0 0 1024 0 0 
0 0 0 42 14 913 55 0 0 0 0 43 15 881 85 0 0 0 0 44 14 912 54 0 
0 0 48 59 52 620 244 1 0 0 52 55 42 539 335 1 0 0 60 49 49 592 273 1 
0 0 0 1 20 572 430 1 0 0 0 1 17 466 539 1 0 0 0 1 18 523 481 1 
0 0 0 0 18 505 501 0 0 0 0 0 14 425 584 1 0 0 0 0 15 478 531 0 
0 0 0 3 34 723 264 0 0 0 0 3 30 664 327 0 0 0 0 4 36 721 263 0 
0 0 147 82 55 554 186 0 0 0 183 47 49 495 250 0 0 0 188 42 56 548 190 0 
0 3 177 68 93 532 151 0 0 5 177 63 77 450 231 21 0 14 178 57 81 470 210 14 
0 9 497 46 62 259 132 19 0 9 499 42 58 224 156 36 0 88 428 42 56 234 138 38 
0 25 731 42 162 60 4 0 0 57 698 40 151 74 4 0 0 420 342 36 160 63 3 0 
0 91 468 74 112 154 70 55 0 107 464 60 92 157 70 74 0 232 352 54 98 161 85 42 
0 15 318 51 94 240 149 157 0 15 320 46 90 259 127 167 0 45 296 45 89 275 115 159 
0 0 214 19 55 230 319 187 0 0 213 19 48 236 306 202 0 31 184 18 58 244 296 193 
0 6 107 13 71 350 292 185 0 6 106 12 68 392 244 196 0 13 100 14 70 411 238 178 
0 1 16 11 54 594 206 142 0 1 16 8 54 609 194 142 0 2 16 10 53 614 222 107 
887 132 5 0 0 0 0 0 584 421 19 0 0 0 0 0 925 89 10 0 0 0 0 0 
305 431 115 98 75 0 0 0 79 646 119 91 89 0 0 0 473 265 124 84 78 0 0 0 
135 236 273 351 29 0 0 0 15 361 259 338 51 0 0 0 267 124 287 318 28 0 0 0 
36 716 216 56 0 0 0 0 19 793 173 39 0 0 0 0 173 698 131 22 0 0 0 0 
0 13 691 320 0 0 0 0 0 58 672 294 0 0 0 0 0 307 505 212 0 0 0 0 
0 0 67 402 286 269 0 0 0 0 77 396 264 287 0 0 0 6 87 445 222 264 0 0 
0 0 82 25 37 876 3 1 0 0 80 27 35 877 4 1 0 1 85 25 44 865 4 0 
0 2 46 36 53 884 3 0 0 3 47 36 37 899 2 0 0 6 59 22 53 883 1 0 
27 424 445 0 32 96 0 0 27 420 449 0 0 128 0 0 0 180 716 0 8 120 0 0 
18 1006 0 0 0 0 0 0 25 999 0 0 0 0 0 0 0 83 676 265 0 0 0 0 
0 167 153 32 14 643 15 0 0 261 59 32 28 626 18 0 0 20 87 245 0 672 0 0 
0 0 0 0 0 1024 0 0 0 0 0 0 0 1024 0 0 0 0 0 0 0 1024 0 0 
0 0 0 0 0 1024 0 0 0 0 0 0 0 1024 0 0 0 0 0 0 0 1024 0 0 
9 55 79 164 129 556 32 0 17 54 68 152 141 532 60 0 28 48 73 145 143 558 29 0 
0 7 41 61 104 797 14 0 0 9 37 61 80 805 32 0 0 12 36 48 95 803 30 0 
0 2 53 23 48 868 30 0 0 5 45 24 33 845 72 0 0 21 29 25 36 848 65 0 
0 7 24 17 22 903 51 0 0 4 23 16 21 836 124 0 0 4 24 16 21 864 95 0 
0 1 20 30 51 849 73 0 0 0 20 25 53 813 113 0 0 0 20 25 53 829 97 0 
0 46 45 132 53 646 102 0 1 49 45 131 51 640 107 0 6 47 59 116 54 641 101 0 
0 0 43 12 39 681 249 0 0 0 40 15 24 573 372 0 0 1 41 13 32 606 331 0 
0 0 0 3 50 653 316 2 0 0 0 3 44 591 382 4 0 0 0 3 45 610 362 4 
0 0 0 3 72 657 292 0 0 0 0 0 59 601 364 0 0 0 0 0 64 618 342 0 
0 0 0 3 49 653 317 2 0 0 0 3 42 593 384 2 0 0 0 3 42 593 384 2 
0 0 0 2 61 769 190 2 0 0 0 2 51 718 251 2 0 0 0 2 51 718 251 2 
0 0 0 5 55 710 253 1 0 0 0 5 36 608 374 1 0 0 0 5 42 601 374 2 
0 0 556 19 33 342 74 0 0 2 570 7 28 333 84 0 0 53 519 8 33 345 66 0 
0 1 512 29 89 363 30 0 0 1 508 31 70 372 42 0 0 166 352 26 84 365 31 0 
0 0 0 6 98 748 172 0 0 0 0 5 89 735 195 0 0 0 0 6 97 749 172 0 
0 0 5 7 82 803 127 0 0 0 6 6 75 798 139 0 0 0 7 5 90 813 109 0 
0 0 75 20 85 687 156 1 0 1 81 16 86 696 143 1 0 25 59 17 105 719 99 0 
0 0 153 20 84 637 130 0 0 1 156 18 99 643 107 0 0 52 107 17 108 647 93 0 
0 6 224 26 88 613 67 0 0 13 220 28 94 618 51 0 0 50 185 29 104 614 42 0 
1019 5 0 0 0 0 0 0 982 42 0 0 0 0 0 0 1023 1 0 0 0 0 0 0 
911 113 0 0 0 0 0 0 741 282 1 0 0 0 0 0 944 80 0 0 0 0 0 0 
394 628 2 0 0 0 0 0 71 877 69 7 0 0 0 0 504 492 28 0 0 0 0 0 
77 682 117 145 3 0 0 0 7 583 276 158 0 0 0 0 178 556 278 12 0 0 0 0 
6 556 408 54 0 0 0 0 0 459 408 146 11 0 0 0 23 648 312 41 0 0 0 0 
9 82 483 199 105 146 0 0 0 83 413 233 109 186 0 0 3 129 416 209 82 185 0 0 
0 150 509 39 27 290 9 0 0 206 403 81 31 290 10 3 0 392 253 55 24 290 9 1 
0 323 297 55 146 189 14 0 2 520 110 151 39 177 25 0 8 582 116 96 28 182 12 0 
0 454 430 17 42 80 1 0 0 447 395 61 13 106 2 0 1 141 594 173 9 105 1 0 
10 711 195 88 17 3 0 0 11 709 187 97 15 5 0 0 0 92 243 615 39 35 0 0 
0 74 157 223 102 402 66 0 0 108 125 223 92 396 80 0 0 1 103 328 114 406 72 0 
7 39 113 78 203 568 16 0 6 42 112 78 181 586 19 0 8 44 117 73 220 554 8 0 
35 229 95 143 124 319 69 10 37 227 90 105 161 334 61 9 59 211 92 109 170 338 38 7 
35 116 63 201 458 146 5 0 38 107 59 166 442 200 12 0 71 74 61 159 420 234 5 0 
5 117 136 203 486 75 2 0 4 105 143 192 467 108 5 0 9 121 121 163 488 117 5 0 
0 193 149 175 351 132 24 0 0 202 138 159 364 135 26 0 2 224 117 154 360 133 34 0 
0 31 248 117 405 194 29 0 0 80 209 99 405 200 30 1 1 188 103 103 398 204 26 1 
6 87 275 155 192 248 61 0 13 116 261 134 189 241 70 0 29 167 204 135 182 256 51 0 
1 122 408 166 113 190 23 1 3 136 401 155 111 185 32 1 14 232 313 139 110 186 29 1 
0 0 12 37 63 676 197 39 0 0 6 43 50 603 283 39 0 0 6 44 52 616 269 37 
0 1 15 42 261 538 128 39 0 1 15 44 132 604 189 39 0 1 21 42 160 588 175 37 
0 0 0 2 52 737 233 0 0 0 0 0 25 644 355 0 0 0 0 0 26 663 335 0 
0 0 0 1 49 619 342 13 0 0 0 0 37 548 426 13 0 0 0 0 37 555 419 13 
0 0 0 3 57 660 304 0 0 0 0 2 42 580 396 4 0 0 0 2 42 591 387 2 
0 0 0 2 75 652 294 1 0 0 0 1 66 600 354 3 0 0 0 1 66 600 354 3 
0 4 246 56 95 470 153 0 0 11 248 46 86 454 179 0 0 73 190 46 89 453 173 0 
0 0 13 16 98 742 155 0 0 0 13 13 79 702 217 0 0 0 13 16 92 739 164 0 
0 0 0 4 88 768 164 0 0 0 0 3 78 744 199 0 0 0 0 3 92 782 147 0 
0 0 0 0 65 846 113 0 0 0 0 0 64 830 130 0 0 0 0 0 69 856 99 0 
0 0 0 1 80 829 114 0 0 0 0 2 84 833 105 0 0 0 0 2 102 844 76 0 
0 0 0 1 82 795 146 0 0 0 0 2 100 793 129 0 0 0 0 2 110 806 106 0 
0 0 1 2 129 783 108 1 0 0 1 4 156 773 90 0 0 0 1 5 168 777 73 0 
862 159 3 0 0 0 0 0 534 479 11 0 0 0 0 0 827 194 3 0 0 0 0 0 
356 651 17 0 0 0 0 0 24 969 31 0 0 0 0 0 310 702 12 0 0 0 0 0 
25 750 239 10 0 0 0 0 0 465 455 103 1 0 0 0 10 694 267 53 0 0 0 0 
7 350 295 141 182 49 0 0 0 29 470 310 162 53 0 0 2 205 475 166 131 45 0 0 
4 576 108 164 74 72 24 2 0 548 140 168 97 57 14 0 6 596 194 104 83 38 3 0 
0 331 438 81 107 66 1 0 0 384 375 54 130 77 4 0 0 544 226 47 131 74 2 0 
0 68 565 73 235 81 2 0 0 84 545 46 258 64 27 0 0 239 392 42 263 61 27 0 
0 347 188 100 327 42 20 0 0 405 129 55 347 50 38 0 2 465 84 37 323 81 32 0 
0 198 147 182 423 53 21 0 1 256 100 104 484 70 9 0 3 288 85 88 442 113 5 0 
0 56 193 153 544 55 16 7 0 57 182 70 573 110 24 8 0 76 171 61 563 123 23 7 
0 0 36 211 706 69 2 0 0 0 28 147 705 138 6 0 0 0 39 133 676 171 5 0 
3 8 95 459 451 8 0 0 3 8 70 373 394 176 0 0 3 11 78 360 394 178 0 0 
0 0 34 452 538 0 0 0 0 0 24 327 543 130 0 0 0 0 30 331 518 145 0 0 
0 0 10 260 743 11 0 0 0 0 0 143 696 185 0 0 0 0 0 114 642 268 0 0 
0 17 102 136 750 19 0 0 0 22 94 61 465 380 2 0 0 25 91 50 426 430 2 0 
11 211 39 77 577 107 2 0 7 209 39 40 252 473 4 0 9 209 37 34 224 507 4 0 
9 77 72 87 445 279 13 42 15 73 72 60 224 524 20 36 15 82 70 55 201 549 16 36 
31 262 122 129 223 157 29 71 44 263 109 124 145 244 28 67 76 249 96 129 150 235 28 61 
4 33 266 128 119 329 58 87 0 48 262 122 126 295 87 84 1 45 272 116 127 303 86 74 
0 6 29 118 260 371 129 111 0 5 26 59 292 369 167 106 0 5 28 70 296 373 155 97 
0 0 9 79 731 165 40 0 0 0 3 68 685 197 70 1 0 0 4 68 665 208 78 1 
0 0 7 42 368 363 88 156 0 0 4 41 346 382 99 152 0 0 4 45 352 382 89 152 
0 0 2 7 47 696 252 20 0 0 4 7 34 558 401 20 0 0 5 11 35 585 369 19 
0 0 0 2 32 775 215 0 0 0 0 1 21 628 373 1 0 0 0 1 22 653 347 1 
0 0 0 1 55 857 111 0 0 0 0 1 42 796 184 1 0 0 0 1 44 806 172 1 
0 0 1 7 84 794 138 0 0 0 1 6 73 749 195 0 0 0 1 6 74 756 187 0 
0 0 8 15 76 658 266 1 0 0 7 13 67 594 342 1 0 0 7 14 70 596 336 1 
0 0 0 6 38 717 263 0 0 0 0 6 29 630 359 0 0 0 0 6 29 663 326 0 
0 23 41 75 78 592 215 0 0 26 47 68 73 564 246 0 0 27 48 66 80 613 190 0 
0 5 33 50 60 742 134 0 0 5 40 47 59 739 134 0 0 5 40 46 62 748 123 0 
0 0 0 1 94 816 113 0 0 0 0 2 101 801 120 0 0 0 0 2 121 806 95 0 
0 0 0 1 140 840 43 0 0 0 0 1 152 834 37 0 0 0 0 1 171 824 28 0 
4 862 154 4 0 0 0 0 7 910 105 2 0 0 0 0 110 887 27 0 0 0 0 0 
0 762 161 67 34 0 0 0 0 832 92 60 40 0 0 0 3 871 63 62 25 0 0 0 
0 227 544 218 35 0 0 0 0 335 417 209 63 0 0 0 0 406 360 202 56 0 0 0 
0 2 208 700 114 0 0 0 0 83 105 407 429 0 0 0 0 113 83 354 474 0 0 0 
0 0 2 486 526 7 3 0 0 0 0 161 856 4 3 0 0 0 1 153 865 3 2 0 
0 0 0 289 735 0 0 0 0 0 0 107 917 0 0 0 0 0 0 91 932 1 0 0 
0 0 5 230 789 0 0 0 0 0 0 99 921 4 0 0 0 0 0 86 922 16 0 0 
0 0 11 249 764 0 0 0 0 0 0 107 909 8 0 0 0 0 0 89 906 29 0 0 
0 0 13 214 797 0 0 0 0 0 1 123 857 43 0 0 0 0 0 111 819 94 0 0 
0 0 13 169 837 5 0 0 0 0 0 110 695 219 0 0 0 0 0 96 611 317 0 0 
8 9 10 195 798 4 0 0 0 13 10 110 757 134 0 0 0 13 9 101 656 245 0 0 
0 0 2 152 864 6 0 0 0 0 1 80 875 68 0 0 0 0 1 68 811 144 0 0 
0 84 36 120 780 4 0 0 0 78 33 82 777 54 0 0 0 77 33 74 733 107 0 0 
0 133 103 130 652 6 0 0 0 125 110 99 529 159 2 0 0 125 111 87 435 263 3 0 
0 184 165 111 526 38 0 0 0 142 200 75 458 149 0 0 0 146 197 75 366 240 0 0 
0 288 212 123 371 29 1 0 0 272 223 109 244 173 3 0 1 310 196 107 184 224 2 0 
0 395 305 52 195 23 21 33 0 407 291 47 129 104 17 29 2 493 208 51 132 97 16 25 
5 504 281 55 99 34 7 39 10 522 263 61 87 40 4 37 38 585 183 68 74 36 3 37 
0 35 640 80 134 20 34 81 0 73 627 132 68 19 28 77 0 207 515 139 41 23 24 75 
0 15 77 167 333 267 80 85 0 12 84 176 234 336 100 82 1 19 93 171 201 360 103 76 
0 5 32 74 482 254 66 111 0 3 31 66 379 350 93 102 0 3 34 63 381 348 95 100 
0 0 0 4 209 477 188 146 0 0 0 46 183 403 265 127 0 0 5 101 146 385 265 122 
0 1 0 8 61 777 177 0 0 0 1 5 34 647 336 1 0 0 1 5 33 614 369 2 
0 2 1 8 88 665 260 0 0 1 2 4 55 549 410 3 0 1 2 4 53 521 439 4 
0 0 0 1 35 881 107 0 0 0 0 1 15 737 271 0 0 0 0 1 17 755 251 0 
0 24 35 54 99 591 216 5 1 28 22 51 78 517 318 9 2 23 26 49 83 535 297 9 
0 49 37 32 100 670 134 2 0 55 39 32 88 637 171 2 3 57 42 31 87 639 163 2 
0 0 0 6 108 760 150 0 0 0 0 3 97 741 183 0 0 0 0 3 97 741 183 0 
0 22 83 208 176 484 50 1 0 21 79 219 165 488 51 1 0 21 79 216 167 490 50 1 
0 6 19 28 152 752 67 0 0 7 17 30 137 757 76 0 0 7 19 29 158 750 61 0 
0 0 0 3 129 829 63 0 0 0 0 3 135 813 73 0 0 0 0 3 155 812 54 0 
0 0 0 11 177 765 71 0 0 0 0 9 162 772 81 0 0 0 0 13 180 767 64 0 
0 631 221 172 0 0 0 0 0 679 182 163 0 0 0 0 217 509 159 139 0 0 0 0 
0 384 230 380 30 0 0 0 0 490 137 355 42 0 0 0 0 544 121 333 26 0 0 0 
0 527 372 81 44 0 0 0 0 620 275 67 62 0 0 0 1 704 209 58 52 0 0 0 
0 460 404 120 40 0 0 0 0 608 241 71 104 0 0 0 0 642 202 68 112 0 0 0 
0 7 330 335 330 22 0 0 0 50 238 194 533 9 0 0 0 75 210 205 524 10 0 0 
0 0 71 164 789 0 0 0 0 0 54 85 786 99 0 0 0 0 51 85 745 143 0 0 
0 40 33 140 811 0 0 0 0 36 17 91 789 91 0 0 0 37 15 88 678 206 0 0 
0 147 70 171 636 0 0 0 0 134 72 119 636 63 0 0 0 141 66 109 592 116 0 0 
0 163 165 205 490 1 0 0 0 161 149 169 515 30 0 0 0 173 141 157 509 44 0 0 
0 146 189 226 452 2 3 6 0 137 190 163 517 10 1 6 0 153 181 159 512 12 1 6 
0 144 179 273 297 28 24 79 0 198 145 231 310 41 25 74 0 218 159 207 306 37 28 69 
0 116 394 218 235 61 0 0 0 168 349 205 219 76 7 0 0 352 189 188 217 73 5 0 
21 95 401 242 208 48 9 0 13 97 421 226 159 92 16 0 23 149 400 195 170 72 15 0 
0 22 470 204 76 135 117 0 0 70 458 166 72 87 171 0 0 184 368 156 57 77 182 0 
0 99 507 155 155 80 28 0 0 209 409 138 123 98 47 0 0 290 336 135 122 94 47 0 
0 103 324 172 146 152 112 15 0 132 320 173 111 109 169 10 0 196 288 179 78 94 176 13 
1 51 149 100 149 364 75 135 0 58 155 101 144 363 77 126 0 79 144 101 154 355 79 112 
0 33 83 98 287 343 42 138 0 11 111 102 213 416 42 129 0 15 113 138 161 424 52 121 
1 274 127 143 388 87 4 0 0 23 379 162 280 177 3 0 0 16 403 179 265 161 0 0 
3 358 325 144 134 46 14 0 0 139 517 128 165 47 28 0 0 115 547 129 160 45 28 0 
12 298 282 167 110 84 36 35 0 96 461 193 105 71 67 31 0 92 482 176 111 63 73 27 
0 3 31 57 109 621 201 2 0 2 25 69 71 357 498 2 0 2 28 67 55 283 565 24 
0 34 248 269 195 230 48 0 0 0 97 305 263 270 88 1 0 14 196 269 201 240 103 1 
0 32 120 116 133 506 116 1 0 1 51 150 143 446 231 2 0 14 92 129 126 438 224 1 
0 0 0 6 79 799 140 0 0 0 0 5 46 719 253 1 0 0 0 3 36 673 311 1 
0 6 38 26 125 668 161 0 0 8 38 23 86 589 279 1 0 12 39 20 84 579 289 1 
24 280 185 79 132 281 41 2 23 320 149 74 105 286 66 1 55 316 135 76 102 283 56 1 
0 0 0 5 85 862 72 0 0 0 0 4 52 831 137 0 0 0 0 4 57 831 132 0 
0 0 35 218 154 546 70 1 0 0 23 236 120 546 97 2 0 0 15 238 125 552 92 2 
0 0 7 23 106 844 44 0 0 0 13 22 87 858 44 0 0 0 13 24 106 849 32 0 
0 0 1 29 159 757 78 0 0 0 7 31 161 760 65 0 0 0 6 33 180 747 58 0 
0 0 0 22 205 745 52 0 0 0 0 22 197 749 55 1 0 0 0 25 221 731 47 0 
0 1024 0 0 0 0 0 0 2 1022 0 0 0 0 0 0 696 328 0 0 0 0 0 0 
0 1024 0 0 0 0 0 0 0 1024 0 0 0 0 0 0 204 820 0 0 0 0 0 0 
0 1019 5 0 0 0 0 0 0 1024 0 0 0 0 0 0 26 998 0 0 0 0 0 0 
0 971 53 0 0 0 0 0 0 1024 0 0 0 0 0 0 0 1024 0 0 0 0 0 0 
0 80 608 114 177 45 0 0 0 265 461 169 111 18 0 0 0 378 393 182 71 0 0 0 
0 96 578 124 131 30 26 39 0 434 262 146 103 26 25 28 0 562 186 148 61 23 26 18 
0 202 377 266 33 16 22 108 0 275 323 246 36 23 22 99 0 402 252 197 33 22 32 86 
1 367 313 131 172 40 0 0 2 492 196 111 173 50 0 0 2 550 140 114 171 47 0 0 
0 179 485 103 155 92 10 0 1 264 408 97 147 107 0 0 2 386 306 87 141 102 0 0 
1 119 495 143 235 31 0 0 0 331 302 92 247 52 0 0 0 521 119 100 232 52 0 0 
0 87 569 259 109 0 0 0 0 163 510 230 121 0 0 0 0 358 385 170 111 0 0 0 
0 0 489 403 103 29 0 0 0 32 504 329 121 37 1 0 0 134 489 252 114 33 2 0 
0 0 184 193 228 234 79 106 0 8 221 151 216 170 168 90 0 29 244 128 203 164 170 86 
0 33 295 282 133 54 24 203 0 68 342 218 117 61 22 196 0 137 363 156 93 60 22 193 
0 27 456 42 13 232 237 17 0 53 438 34 12 131 340 16 0 95 413 19 11 117 354 15 
0 5 51 102 46 205 579 36 0 20 40 110 32 89 701 32 0 27 41 106 27 79 714 30 
1 44 50 147 136 123 398 125 0 45 61 146 120 67 464 121 1 46 75 177 66 68 473 118 
17 419 288 169 123 2 2 4 0 167 538 147 166 0 2 4 0 177 534 181 125 3 0 4 
14 367 502 115 26 0 0 0 0 121 721 78 101 3 0 0 0 122 716 81 101 4 0 0 
19 280 517 170 34 2 2 0 1 93 673 104 147 4 1 1 1 82 652 123 158 6 1 1 
19 117 133 281 338 77 31 28 1 65 135 335 309 108 47 24 1 52 142 392 204 134 65 34 
44 96 238 316 225 89 13 3 3 58 104 229 288 241 92 9 2 31 75 136 233 253 252 42 
27 300 482 155 49 8 3 0 17 68 391 401 99 35 13 0 20 187 420 251 89 34 21 2 
41 342 234 106 112 179 10 0 6 143 273 210 112 230 50 0 21 226 235 126 105 216 90 5 
0 11 66 151 193 582 21 0 0 0 9 62 181 643 128 1 0 0 0 15 86 629 270 24 
0 25 48 62 289 541 51 8 0 32 43 50 120 667 104 8 3 32 40 44 92 632 173 8 
3 426 295 111 60 96 32 1 2 458 266 98 52 89 57 2 3 464 246 96 70 95 48 2 
4 174 148 58 218 408 14 0 0 162 149 58 148 471 36 0 0 151 154 58 142 476 43 0 
0 38 127 305 215 313 26 0 0 28 102 330 188 341 35 0 0 25 102 324 186 348 39 0 
0 54 239 320 272 137 2 0 0 31 117 336 322 214 4 0 0 38 211 320 287 167 1 0 
0 1 73 198 317 410 25 0 0 6 63 170 301 458 26 0 0 9 75 196 311 414 19 0 
0 0 11 60 331 572 50 0 0 1 14 57 318 587 47 0 0 1 14 59 323 587 40 0 
0 919 105 0 0 0 0 0 0 988 36 0 0 0 0 0 385 639 0 0 0 0 0 0 
0 777 247 0 0 0 0 0 0 930 94 0 0 0 0 0 73 920 31 0 0 0 0 0 
0 685 339 0 0 0 0 0 0 900 124 0 0 0 0 0 2 977 45 0 0 0 0 0 
0 860 164 0 0 0 0 0 0 1016 8 0 0 0 0 0 2 1022 0 0 0 0 0 0 
0 165 765 89 5 0 0 0 0 377 598 49 0 0 0 0 0 508 489 27 0 0 0 0 
0 141 883 0 0 0 0 0 0 483 541 0 0 0 0 0 0 849 175 0 0 0 0 0 
0 100 486 377 24 28 9 0 0 291 374 308 22 29 0 0 0 400 344 235 23 22 0 0 
0 254 705 56 9 0 0 0 0 505 473 40 6 0 0 0 0 611 375 38 0 0 0 0 
0 44 665 310 5 0 0 0 0 146 593 273 12 0 0 0 0 204 607 204 9 0 0 0 
0 3 621 341 59 0 0 0 0 20 618 302 84 0 0 0 0 96 568 293 67 0 0 0 
0 63 691 234 36 0 0 0 0 116 662 204 42 0 0 0 0 277 540 174 33 0 0 0 
0 15 301 442 247 19 0 0 0 27 308 390 226 73 0 0 0 30 383 310 215 86 0 0 
0 0 540 297 187 0 0 0 0 2 607 220 184 11 0 0 0 45 616 172 163 28 0 0 
0 7 216 222 332 122 46 79 0 15 268 192 290 144 54 61 0 61 248 186 269 150 74 36 
0 2 80 98 258 292 143 151 0 3 77 89 230 311 165 149 0 5 82 86 228 284 191 148 
0 25 33 97 300 399 47 123 0 23 38 87 253 450 57 116 0 23 42 80 257 451 57 114 
3 159 126 218 213 85 89 131 1 57 219 160 285 84 91 127 1 54 251 192 228 87 97 114 
1 489 377 105 41 4 1 6 0 83 760 64 105 4 2 6 0 72 765 67 107 5 2 6 
6 153 370 75 24 19 263 114 0 53 446 51 74 15 266 119 0 48 450 52 73 18 264 119 
3 133 169 87 119 145 309 59 1 8 277 93 141 102 341 61 1 8 272 112 145 87 341 58 
1 8 54 138 228 218 375 2 0 2 50 156 180 192 442 2 0 1 49 177 140 166 480 11 
4 19 191 270 255 112 173 0 0 6 127 201 278 182 213 17 0 3 107 148 233 225 256 52 
52 205 229 273 179 83 3 0 32 174 163 239 206 164 44 2 31 150 142 151 260 203 75 12 
60 150 243 284 251 35 1 0 26 90 122 235 292 231 27 1 11 79 72 132 252 320 140 18 
13 83 277 411 208 32 0 0 0 13 67 221 383 279 60 1 0 1 15 73 236 380 262 57 
47 236 349 219 113 37 21 2 9 159 247 262 184 122 39 2 4 127 151 248 222 161 94 17 
44 386 402 165 23 4 0 0 19 329 353 276 37 10 0 0 16 240 347 302 98 20 1 0 
24 201 255 203 263 78 0 0 3 143 200 221 213 239 5 0 0 112 134 249 200 277 52 0 
4 151 348 361 111 49 0 0 2 67 287 457 126 83 2 0 0 76 289 415 129 108 5 2 
3 521 431 66 3 0 0 0 0 290 497 227 10 0 0 0 0 322 555 136 11 0 0 0 
0 137 456 252 146 33 0 0 0 10 286 464 204 59 1 0 0 67 437 323 149 48 0 0 
0 0 68 135 466 349 6 0 0 0 61 115 402 434 12 0 0 0 54 119 376 462 13 0 
0 942 82 0 0 0 0 0 0 982 42 0 0 0 0 0 376 643 5 0 0 0 0 0 
0 1016 8 0 0 0 0 0 0 1023 1 0 0 0 0 0 184 840 0 0 0 0 0 0 
0 1023 1 0 0 0 0 0 0 1024 0 0 0 0 0 0 118 906 0 0 0 0 0 0 
0 332 692 0 0 0 0 0 0 526 498 0 0 0 0 0 0 760 264 0 0 0 0 0 
0 27 795 195 7 0 0 0 0 129 710 185 0 0 0 0 0 470 381 173 0 0 0 0 
0 17 545 241 221 0 0 0 0 145 410 230 225 14 0 0 0 459 112 227 218 8 0 0 
0 14 385 604 21 0 0 0 0 127 376 510 11 0 0 0 0 233 403 385 3 0 0 0 
0 107 460 456 1 0 0 0 0 114 426 484 0 0 0 0 0 124 509 391 0 0 0 0 
0 358 410 218 38 0 0 0 0 373 379 212 60 0 0 0 3 410 370 189 52 0 0 0 
1 571 175 160 113 4 0 0 1 578 156 165 111 13 0 0 4 591 159 161 101 8 0 0 
0 589 293 120 22 0 0 0 1 638 255 112 18 0 0 0 8 699 202 102 13 0 0 0 
0 311 312 228 70 65 32 6 0 375 263 203 75 67 40 1 4 405 243 196 71 71 33 1 
0 15 168 217 136 80 75 333 0 24 187 209 145 83 65 311 0 35 206 207 127 87 61 301 
0 104 84 93 279 149 64 251 0 113 79 86 283 163 58 242 0 134 69 99 295 143 55 229 
0 231 124 101 455 109 2 2 0 258 97 93 413 159 2 2 0 268 85 93 417 157 2 2 
0 98 83 100 543 119 43 38 0 88 91 108 507 159 39 32 0 93 88 120 505 150 40 28 
12 193 157 170 457 17 5 13 0 81 259 152 446 68 6 12 0 83 262 183 408 72 5 11 
13 235 138 194 437 7 0 0 0 193 170 114 498 49 0 0 0 192 168 117 475 72 0 0 
0 309 212 159 212 37 24 71 0 270 238 114 257 52 26 67 0 338 172 107 245 69 27 66 
0 80 302 54 210 69 22 287 0 140 258 85 190 48 40 263 0 211 196 162 116 41 60 238 
0 117 468 71 101 96 170 1 0 177 408 70 103 89 176 1 0 251 340 65 114 76 171 7 
0 16 182 33 46 150 597 0 0 13 182 34 52 75 667 1 0 17 177 35 54 51 687 3 
0 51 631 98 74 79 91 0 0 60 623 95 79 55 112 0 0 112 575 97 74 52 114 0 
0 32 458 132 167 109 126 0 0 37 443 120 148 125 149 2 0 54 425 110 124 160 149 2 
15 26 95 199 228 100 361 0 2 19 70 132 260 135 406 0 0 11 66 80 226 215 424 2 
35 141 186 265 212 71 114 0 3 122 169 252 236 98 144 0 0 67 160 210 253 170 161 3 
1 208 483 323 9 0 0 0 0 149 365 489 20 1 0 0 0 63 296 546 116 3 0 0 
0 80 615 323 6 0 0 0 0 69 167 739 47 2 0 0 0 28 73 570 346 7 0 0 
0 22 492 500 8 2 0 0 0 16 181 782 37 8 0 0 0 6 63 708 237 7 3 0 
12 239 638 126 9 0 0 0 7 163 552 272 30 0 0 0 6 133 414 398 71 2 0 0 
81 431 353 138 21 0 0 0 11 288 370 257 83 15 0 0 4 226 327 284 126 54 3 0 
14 111 250 300 259 90 0 0 0 33 120 224 374 245 28 0 0 3 64 150 258 407 126 16 
0 86 709 229 0 0 0 0 0 159 637 228 0 0 0 0 0 304 558 162 0 0 0 0 
0 472 552 0 0 0 0 0 0 577 447 0 0 0 0 0 1 716 307 0 0 0 0 0 
0 641 383 0 0 0 0 0 0 845 179 0 0 0 0 0 1 984 39 0 0 0 0 0 
0 616 408 0 0 0 0 0 0 894 130 0 0 0 0 0 0 1001 23 0 0 0 0 0 
0 245 487 219 56 17 0 0 0 393 348 227 48 8 0 0 0 543 216 229 31 5 0 0 
0 102 629 290 3 0 0 0 0 176 556 286 6 0 0 0 0 279 477 266 2 0 0 0 
0 157 324 372 120 35 14 2 0 225 308 314 132 35 10 0 0 283 320 260 132 23 6 0 
0 658 274 74 18 0 0 0 0 685 250 66 23 0 0 0 2 729 212 68 13 0 0 0 
0 929 86 9 0 0 0 0 0 947 70 7 0 0 0 0 4 961 56 3 0 0 0 0 
2 830 107 62 20 3 0 0 5 838 102 57 19 3 0 0 41 825 91 46 19 2 0 0 
4 818 137 56 8 1 0 0 7 847 106 55 8 1 0 0 38 854 77 50 4 1 0 0 
0 780 170 22 20 24 8 0 0 879 76 20 19 24 6 0 5 893 62 18 20 22 4 0 
0 526 136 84 111 50 67 50 0 626 52 100 84 57 72 33 0 636 50 138 50 68 55 27 
0 500 200 62 32 39 16 175 0 674 91 22 38 15 27 157 0 742 25 27 35 15 28 152 
3 100 141 77 173 81 50 399 0 190 98 46 171 87 44 388 1 231 58 54 167 86 42 385 
0 154 93 36 307 116 75 243 0 158 80 57 322 122 49 236 2 175 62 169 246 100 53 217 
0 666 103 100 155 0 0 0 0 687 80 91 159 7 0 0 1 719 73 65 159 7 0 0 
0 912 103 9 0 0 0 0 0 930 92 2 0 0 0 0 0 973 49 2 0 0 0 0 
0 965 54 0 2 3 0 0 0 1005 14 0 2 3 0 0 0 1013 6 1 3 1 0 0 
0 243 403 36 174 49 80 39 1 546 106 68 141 46 89 27 1 604 53 133 76 52 96 9 
0 170 487 36 25 49 257 0 0 266 388 32 24 20 294 0 0 428 231 31 21 20 293 0 
0 13 212 32 45 162 553 7 0 13 221 22 49 103 612 4 0 51 183 26 55 82 623 4 
0 7 137 22 30 98 730 0 0 9 135 22 23 45 790 0 0 23 123 20 23 44 790 1 
0 14 218 32 30 102 628 0 0 5 225 35 27 57 675 0 0 19 214 35 25 53 678 0 
0 3 115 22 20 111 753 0 0 4 109 25 20 36 830 0 0 11 104 21 20 34 834 0 
0 90 77 120 36 72 629 0 0 71 103 113 26 55 656 0 0 43 108 117 41 51 663 1 
3 335 200 141 67 167 111 0 1 288 222 154 65 78 216 0 0 231 248 163 81 83 218 0 
2 222 602 183 14 1 0 0 0 157 508 334 24 1 0 0 0 104 346 527 43 4 0 0 
5 220 440 357 2 0 0 0 1 184 354 477 8 0 0 0 0 99 288 613 24 0 0 0 
8 460 477 79 0 0 0 0 3 392 478 147 4 0 0 0 1 299 434 278 12 0 0 0 
64 546 342 65 7 0 0 0 8 486 370 109 42 9 0 0 10 361 397 168 66 22 0 0 
5 89 357 415 136 21 1 0 0 8 85 322 399 179 30 1 0 0 15 112 345 382 145 25 
0 9 227 337 438 13 0 0 0 23 215 281 395 110 0 0 0 46 260 251 402 65 0 0 
0 165 181 231 447 0 0 0 0 198 155 171 477 23 0 0 0 238 135 190 449 12 0 0 
0 105 154 488 277 0 0 0 0 130 109 415 370 0 0 0 0 158 118 426 322 0 0 0 
0 26 214 524 260 0 0 0 0 54 187 495 288 0 0 0 0 105 204 443 272 0 0 0 
0 3 98 371 503 41 8 0 0 12 96 295 573 43 5 0 0 21 96 349 516 41 1 0 
0 0 1 310 618 95 0 0 0 0 1 174 641 208 0 0 0 0 1 230 594 199 0 0 
0 23 196 333 259 99 80 34 0 56 171 301 289 119 88 0 0 60 210 275 305 109 65 0 
0 391 142 166 257 68 0 0 0 395 137 141 249 102 0 0 0 403 135 146 232 108 0 0 
3 891 33 16 31 50 0 0 0 894 31 12 21 62 4 0 22 877 26 13 22 61 3 0 
0 1021 2 1 0 0 0 0 0 1021 2 1 0 0 0 0 14 1007 2 1 0 0 0 0 
0 1024 0 0 0 0 0 0 0 1024 0 0 0 0 0 0 7 1017 0 0 0 0 0 0 
0 940 74 6 4 0 0 0 0 1013 5 6 0 0 0 0 8 1006 6 4 0 0 0 0 
0 763 14 45 104 12 29 57 0 763 19 36 112 14 54 26 0 766 22 81 64 16 56 19 
0 987 17 2 8 6 4 0 0 997 6 4 6 6 5 0 0 999 6 3 7 6 3 0 
0 919 89 6 2 2 0 6 0 996 18 2 2 0 2 4 0 1009 5 3 1 0 2 4 
0 229 218 49 179 26 21 302 0 346 125 54 164 22 48 265 6 400 79 162 47 25 62 243 
0 1012 8 4 0 0 0 0 0 1015 6 3 0 0 0 0 0 1016 8 0 0 0 0 0 
0 1003 12 2 3 4 0 0 0 1009 6 2 3 4 0 0 0 1012 3 2 3 4 0 0 
0 411 286 19 19 142 147 0 0 624 71 19 16 43 251 0 0 675 24 15 16 36 258 0 
0 55 130 20 71 293 373 82 0 91 91 20 87 148 547 40 0 147 40 24 117 119 557 20 
0 0 0 1 9 133 881 0 0 0 0 1 4 66 953 0 0 0 0 1 3 58 962 0 
0 0 0 0 0 42 982 0 0 0 0 0 0 24 1000 0 0 0 0 0 0 14 1010 0 
0 0 0 0 1 82 941 0 0 0 0 0 0 52 972 0 0 0 0 0 0 21 1003 0 
0 0 0 0 0 109 915 0 0 0 0 0 0 36 988 0 0 0 0 0 0 28 996 0 
0 0 0 0 8 205 811 0 0 0 0 0 4 109 911 0 0 0 0 0 3 95 926 0 
2 26 6 7 23 140 820 0 1 21 11 7 12 86 886 0 1 22 10 7 13 80 891 0 
19 175 143 118 94 225 250 0 6 165 164 119 84 117 369 0 3 136 179 102 106 116 382 0 
29 472 328 119 52 14 10 0 12 435 345 143 54 26 9 0 22 373 382 155 61 23 8 0 
47 359 418 184 14 2 0 0 40 307 388 271 14 4 0 0 34 251 365 345 24 5 0 0 
163 449 285 81 34 12 0 0 127 440 299 106 39 12 1 0 126 399 293 152 39 15 0 0 
98 449 274 106 42 54 1 0 68 446 270 125 50 30 35 0 66 416 272 158 48 35 29 0 
0 1 77 287 297 201 161 0 0 0 31 191 399 158 245 0 0 0 22 173 399 160 270 0 
0 0 0 591 418 15 0 0 0 0 0 543 447 34 0 0 0 0 29 563 405 27 0 0 
0 0 0 336 602 86 0 0 0 0 0 280 566 178 0 0 0 0 0 314 557 153 0 0 
0 0 171 400 418 35 0 0 0 0 161 351 403 109 0 0 0 0 191 358 369 106 0 0 
0 0 268 503 222 31 0 0 0 0 269 465 241 49 0 0 0 19 288 445 225 47 0 0 
0 18 68 129 383 426 0 0 0 23 54 110 298 530 9 0 0 35 50 119 295 515 10 0 
0 38 50 57 290 589 0 0 0 50 40 38 203 690 3 0 0 68 24 40 202 685 5 0 
0 141 127 183 224 305 21 23 0 202 74 122 210 379 32 5 0 227 55 129 198 389 26 0 
0 684 25 63 41 64 141 6 0 687 20 68 30 74 145 0 1 692 23 62 39 130 77 0 
0 1024 0 0 0 0 0 0 0 1024 0 0 0 0 0 0 0 1024 0 0 0 0 0 0 
0 1024 0 0 0 0 0 0 0 1024 0 0 0 0 0 0 6 1018 0 0 0 0 0 0 
0 1024 0 0 0 0 0 0 0 1024 0 0 0 0 0 0 7 1017 0 0 0 0 0 0 
0 931 18 41 34 0 0 0 0 940 13 51 20 0 0 0 3 942 14 58 7 0 0 0 
0 898 16 23 83 1 2 1 0 901 14 29 76 2 1 1 0 904 12 44 60 2 2 0 
0 1024 0 0 0 0 0 0 0 1024 0 0 0 0 0 0 0 1024 0 0 0 0 0 0 
0 1022 2 0 0 0 0 0 0 1022 1 1 0 0 0 0 0 1022 2 0 0 0 0 0 
1 446 109 40 159 65 91 113 3 524 34 45 160 32 145 81 4 530 30 106 98 48 149 59 
6 693 129 25 46 65 60 0 0 772 53 24 40 40 95 0 2 782 44 20 41 43 92 0 
5 686 154 43 42 59 35 0 1 780 58 47 42 51 45 0 16 776 58 37 47 61 29 0 
2 661 214 30 47 52 18 0 1 799 75 33 41 52 23 0 9 813 61 31 42 54 14 0 
0 287 313 52 64 125 140 43 0 502 109 44 70 122 147 30 0 559 63 47 74 120 154 7 
0 56 429 40 40 221 236 2 0 268 224 38 35 85 374 0 0 397 100 38 35 83 371 0 
0 17 202 34 29 106 632 4 0 39 194 27 24 51 689 0 0 139 98 29 21 55 682 0 
0 1 106 32 23 81 781 0 0 28 89 27 20 73 787 0 0 62 63 22 23 68 786 0 
0 0 3 1 12 200 808 0 0 0 3 2 3 124 892 0 0 1 2 2 2 119 898 0 
0 0 0 0 0 379 645 0 0 0 0 0 0 23 1001 0 0 0 0 0 0 9 1015 0 
0 0 0 0 0 510 514 0 0 0 0 0 0 119 905 0 0 0 0 0 0 73 951 0 
1 142 271 118 102 208 182 0 0 156 260 122 87 94 305 0 0 145 245 137 90 90 317 0 
16 461 206 108 67 100 66 0 13 501 162 118 66 60 104 0 32 500 154 111 63 58 106 0 
14 174 361 265 154 55 1 0 2 161 349 280 162 69 1 0 9 163 349 276 162 64 1 0 
12 144 360 280 159 69 0 0 11 126 335 309 163 80 0 0 11 128 344 299 163 79 0 0 
33 331 275 253 103 26 3 0 23 317 275 267 107 32 3 0 23 298 286 272 110 32 3 0 
202 378 322 101 19 2 0 0 17 283 279 368 72 5 0 0 114 315 362 186 41 6 0 0 
0 113 37 408 459 7 0 0 2 119 38 346 487 32 0 0 57 67 35 404 436 25 0 0 
0 0 0 30 799 195 0 0 0 0 0 9 632 383 0 0 0 0 0 22 656 346 0 0 
0 0 0 0 372 652 0 0 0 0 0 0 194 830 0 0 0 0 0 0 168 856 0 0 
0 0 0 0 183 841 0 0 0 0 0 0 115 909 0 0 0 0 0 0 100 924 0 0 
0 0 0 0 45 979 0 0 0 0 0 0 21 1003 0 0 0 0 0 0 15 997 12 0 
0 0 0 0 33 991 0 0 0 0 0 0 8 997 19 0 0 0 0 0 3 988 33 0 
0 0 0 0 23 999 2 0 0 0 0 0 1 694 329 0 0 0 0 0 0 502 522 0 
0 43 33 48 46 576 247 31 0 46 29 45 46 273 581 4 0 54 23 51 46 246 604 0 
0 489 68 24 68 356 19 0 0 511 41 24 25 180 243 0 1 526 30 19 32 170 246 0 
0 967 12 6 7 32 0 0 0 965 10 7 6 26 10 0 0 968 7 7 7 26 9 0 
0 1024 0 0 0 0 0 0 0 1024 0 0 0 0 0 0 0 1024 0 0 0 0 0 0 
0 862 94 59 9 0 0 0 0 896 80 44 4 0 0 0 1 928 68 27 0 0 0 0 
0 909 27 9 8 65 6 0 0 922 14 7 7 21 53 0 1 926 10 7 6 19 55 0 
0 582 67 23 19 218 115 0 0 600 50 20 17 32 305 0 0 623 30 20 18 30 303 0 
0 297 142 24 43 361 157 0 0 370 64 28 27 128 407 0 0 399 36 27 33 125 404 0 
0 323 232 57 86 182 53 91 0 477 83 54 92 149 96 73 2 520 45 66 104 123 125 39 
0 772 123 34 26 42 27 0 0 846 52 35 22 43 26 0 6 856 44 29 22 50 17 0 
0 676 205 39 37 52 15 0 0 817 66 37 42 42 20 0 1 839 56 32 37 46 13 0 
1 531 340 39 42 60 11 0 1 760 113 39 41 59 11 0 6 821 52 44 39 56 6 0 
0 183 323 24 33 99 325 37 0 334 171 23 27 42 400 27 1 425 81 24 34 52 396 11 
0 76 199 27 43 149 515 15 0 168 109 30 41 76 588 12 1 232 51 25 38 72 604 1 
0 64 526 36 39 91 268 0 0 503 99 29 39 71 283 0 0 557 48 33 34 71 281 0 
0 38 923 44 19 0 0 0 0 837 139 40 8 0 0 0 0 930 58 33 3 0 0 0 
0 68 658 25 40 118 115 0 0 520 206 22 28 89 159 0 0 688 43 21 35 94 143 0 
0 8 72 18 30 159 737 0 0 12 74 11 19 131 777 0 0 62 25 11 23 126 777 0 
0 0 0 0 0 30 994 0 0 0 0 0 0 0 1024 0 0 0 0 0 0 0 1024 0 
0 68 141 64 70 231 450 0 0 102 108 58 60 144 552 0 1 115 97 56 63 149 543 0 
0 177 39 24 40 424 320 0 2 177 32 26 29 97 661 0 5 184 25 25 26 94 665 0 
1 260 104 67 39 522 31 0 1 268 98 67 37 304 249 0 5 279 89 65 36 247 303 0 
83 409 196 158 89 83 6 0 67 356 162 234 105 89 11 0 111 347 192 178 97 89 10 0 
259 414 234 90 22 5 0 0 134 364 185 223 107 10 1 0 188 363 225 172 58 16 2 0 
284 446 281 13 0 0 0 0 76 289 298 297 64 0 0 0 217 355 358 83 11 0 0 0 
6 962 22 18 16 0 0 0 157 823 14 14 16 0 0 0 795 181 17 13 13 5 0 0 
0 293 60 62 149 460 0 0 0 318 52 57 105 492 0 0 182 133 47 50 95 517 0 0 
0 0 0 0 92 932 0 0 0 0 0 0 67 957 0 0 0 0 0 0 72 952 0 0 
0 0 0 0 67 957 0 0 0 0 0 0 44 980 0 0 0 0 0 0 50 974 0 0 
0 0 0 0 23 1001 0 0 0 0 0 0 8 1014 2 0 0 0 0 0 13 1010 1 0 
0 0 0 0 60 964 0 0 0 0 0 0 36 988 0 0 0 0 0 0 36 988 0 0 
0 0 0 0 18 1006 0 0 0 0 0 0 3 963 58 0 0 0 0 0 2 847 175 0 
0 1 3 9 16 970 25 0 0 1 2 8 11 648 354 0 0 1 2 8 9 267 737 0 
0 0 0 0 2 1005 17 0 0 0 0 0 0 473 551 0 0 0 0 0 0 187 837 0 
0 97 25 10 26 800 66 0 0 100 14 11 15 287 597 0 0 103 13 11 14 172 711 0 
0 519 63 16 13 248 165 0 0 553 24 15 16 33 383 0 0 565 13 16 14 37 379 0 
0 293 39 12 22 461 197 0 0 309 20 11 17 50 617 0 0 316 15 11 16 48 618 0 
0 18 5 3 57 689 252 0 0 13 9 4 33 122 843 0 1 17 4 4 25 120 853 0 
0 0 0 0 42 486 496 0 0 0 0 0 18 108 898 0 0 0 0 0 10 102 912 0 
0 0 0 0 1 132 891 0 0 0 0 0 0 25 999 0 0 0 0 0 0 20 1004 0 
0 28 8 16 36 330 589 17 0 26 9 12 32 149 755 41 0 27 10 16 29 147 769 26 
1 433 110 24 26 290 140 0 0 503 40 13 38 67 363 0 0 522 23 18 32 64 365 0 
1 638 212 25 27 91 30 0 1 792 58 27 23 53 70 0 3 815 37 27 23 47 72 0 
0 158 254 41 50 222 299 0 0 329 94 36 44 63 458 0 0 376 51 33 44 68 452 0 
0 56 341 26 41 106 454 0 0 355 48 22 33 115 451 0 0 379 30 17 34 113 451 0 
0 79 815 37 25 41 27 0 0 822 82 32 22 44 22 0 0 864 49 26 19 43 23 0 
0 237 684 41 50 12 0 0 0 863 61 43 44 7 6 0 2 886 45 40 39 8 4 0 
0 137 332 32 64 317 142 0 0 416 47 28 52 82 399 0 0 444 23 29 55 52 421 0 
0 5 5 2 22 100 890 0 0 4 5 3 6 44 962 0 0 5 5 2 13 35 964 0 
0 0 0 0 9 51 964 0 0 0 0 0 4 39 981 0 0 0 0 0 3 38 983 0 
0 0 2 22 56 252 692 0 0 0 0 20 45 153 806 0 0 0 0 19 44 151 810 0 
0 0 2 7 11 564 440 0 0 0 1 6 11 124 882 0 0 0 1 6 11 92 914 0 
0 0 2 1 9 1004 8 0 0 0 1 2 7 628 386 0 0 0 1 2 5 528 488 0 
2 96 171 153 215 387 0 0 0 5 76 222 270 437 14 0 0 27 161 143 204 416 73 0 
67 326 355 142 125 9 0 0 0 66 220 449 246 40 3 0 13 205 357 243 133 73 0 0 
158 443 408 15 0 0 0 0 0 118 225 548 133 0 0 0 72 234 560 156 2 0 0 0 
108 668 247 1 0 0 0 0 0 68 477 434 45 0 0 0 12 308 587 117 0 0 0 0 
27 972 25 0 0 0 0 0 321 701 2 0 0 0 0 0 704 320 0 0 0 0 0 0 
4 1008 9 3 0 0 0 0 71 947 4 2 0 0 0 0 724 294 4 2 0 0 0 0 
0 468 67 61 99 329 0 0 3 496 56 56 82 331 0 0 324 176 51 52 84 337 0 0 
0 3 7 14 426 574 0 0 0 5 8 16 252 743 0 0 0 3 9 11 193 808 0 0 
0 0 0 0 92 932 0 0 0 0 0 0 31 993 0 0 0 0 0 0 27 997 0 0 
0 0 0 3 20 1001 0 0 0 0 0 1 12 1007 4 0 0 0 0 0 12 982 30 0 
0 0 0 15 89 915 5 0 0 0 0 7 83 911 23 0 0 0 0 4 72 843 105 0 
0 0 0 11 63 942 8 0 0 0 0 7 57 873 87 0 0 0 0 7 44 643 330 0 
0 0 0 0 24 965 35 0 0 0 0 0 16 728 280 0 0 0 0 0 10 495 519 0 
0 0 0 0 18 763 243 0 0 0 0 0 15 165 844 0 0 0 0 0 11 88 925 0 
0 0 0 3 60 494 467 0 0 0 0 1 44 241 738 0 0 0 0 1 38 127 858 0 
0 0 0 0 36 832 156 0 0 0 0 0 27 220 777 0 0 0 0 0 23 102 899 0 
0 0 0 0 0 404 620 0 0 0 0 0 0 19 1005 0 0 0 0 0 0 2 1022 0 
0 0 0 1 20 260 743 0 0 0 0 0 10 102 912 0 0 0 0 0 5 82 937 0 
0 0 0 1 43 337 643 0 0 0 0 0 35 87 902 0 0 0 0 0 29 74 921 0 
0 0 0 0 9 169 836 10 0 0 0 0 8 31 971 14 0 0 0 0 7 23 988 6 
1 30 85 24 50 298 518 18 0 62 58 18 50 103 710 23 1 81 41 20 47 101 702 31 
0 81 68 13 29 452 381 0 0 119 33 7 20 128 717 0 0 138 17 5 17 133 714 0 
0 45 17 12 31 865 54 0 0 43 17 11 14 114 825 0 0 55 5 12 24 83 845 0 
0 57 12 4 6 744 201 0 0 47 13 11 4 71 878 0 0 53 12 8 4 68 879 0 
0 55 48 11 27 399 484 0 0 74 27 10 21 124 768 0 0 90 12 10 15 120 777 0 
0 55 77 18 19 466 389 0 0 91 39 15 17 103 759 0 0 113 20 14 17 91 769 0 
0 0 0 0 0 986 38 0 0 0 0 0 0 158 866 0 0 0 0 0 0 59 965 0 
0 0 0 0 0 675 349 0 0 0 0 0 0 133 891 0 0 0 0 0 0 111 913 0 
0 0 0 0 28 747 249 0 0 0 0 0 9 225 790 0 0 0 0 0 5 142 877 0 
0 0 0 0 0 446 578 0 0 0 0 0 0 250 774 0 0 0 0 0 0 9 1015 0 
0 0 0 0 51 870 103 0 0 0 0 0 23 195 806 0 0 0 0 0 15 120 889 0 
0 12 67 76 293 557 19 0 0 0 13 68 145 668 130 0 0 4 35 69 90 619 207 0 
59 270 450 147 87 11 0 0 2 59 229 434 210 90 0 0 11 114 332 367 128 71 1 0 
164 588 248 22 2 0 0 0 0 83 446 415 73 6 1 0 32 312 546 123 10 1 0 0 
174 607 238 5 0 0 0 0 3 149 486 357 29 0 0 0 74 249 565 132 4 0 0 0 
122 651 249 2 0 0 0 0 0 95 518 399 12 0 0 0 13 232 664 115 0 0 0 0 
