256 553 94 22 23 26 18 32 10 298 474 117 35 30 27 33 66 666 148 41 26 26 24 27 
264 401 212 72 29 26 16 4 0 12 528 293 123 37 16 15 4 454 353 129 37 29 14 4 
90 563 319 39 11 2 0 0 0 1 388 501 102 29 3 0 0 467 466 48 32 10 1 0 
11 260 580 153 18 2 0 0 0 0 156 645 166 42 13 2 2 285 598 79 41 15 4 0 
1 220 523 182 78 19 1 0 0 0 29 506 307 124 51 7 0 146 438 254 113 64 9 0 
0 23 335 308 168 178 12 0 0 0 188 474 248 80 34 0 0 200 582 173 45 24 0 0 
0 3 289 306 64 224 138 0 0 0 0 155 533 331 5 0 0 5 332 623 63 1 0 0 
4 46 433 491 50 0 0 0 0 0 1 26 267 622 108 0 0 6 115 579 319 5 0 0 
7 78 241 454 226 18 0 0 0 1 75 107 224 447 168 2 0 51 124 275 414 148 12 0 
2 39 228 465 252 38 0 0 0 0 48 99 267 432 166 12 0 31 106 277 443 154 13 0 
8 27 224 512 239 14 0 0 0 3 40 53 210 549 160 9 4 40 80 330 484 80 6 0 
7 30 171 427 335 54 0 0 0 1 36 41 135 386 388 37 0 42 51 220 514 190 7 0 
12 46 156 447 294 52 13 4 0 3 39 55 99 202 539 87 5 42 59 131 376 364 38 9 
0 1 86 333 312 188 100 4 0 2 131 285 346 207 53 0 0 22 164 260 262 252 64 0 
0 0 0 7 171 148 650 48 0 0 0 23 177 259 555 10 0 0 0 0 158 361 503 2 
0 0 0 49 389 266 251 69 0 0 0 147 376 217 272 12 0 0 0 53 260 371 317 23 
0 0 0 65 222 516 186 35 0 0 1 145 120 558 186 14 0 0 5 156 42 523 275 23 
0 0 0 23 208 255 459 79 0 0 0 90 113 343 457 21 0 0 1 98 51 263 520 91 
0 0 0 0 45 223 544 212 0 0 0 0 66 245 587 126 0 0 0 0 2 189 583 250 
0 0 0 0 12 82 535 395 0 0 0 2 16 102 719 185 0 0 0 0 12 56 634 322 
0 0 0 0 87 366 364 207 0 0 0 0 43 471 397 113 0 0 0 0 6 427 428 163 
0 0 0 0 78 494 229 223 0 0 0 0 18 603 226 177 0 0 0 0 1 359 433 231 
0 0 0 0 112 569 232 111 0 0 0 13 143 535 286 47 0 0 0 29 104 234 536 121 
0 0 0 7 319 411 167 120 0 0 0 97 321 394 144 68 0 0 0 114 291 264 277 78 
0 0 0 4 199 385 321 115 0 0 0 77 180 363 376 28 0 0 0 94 149 94 584 103 
0 0 0 13 535 183 101 192 0 0 0 129 506 120 161 108 0 0 0 93 469 175 146 141 
0 0 0 0 212 603 174 35 0 0 0 0 216 565 226 17 0 0 0 0 108 259 580 77 
0 0 0 4 231 560 198 31 0 0 0 60 135 607 210 12 0 0 0 42 88 104 559 231 
0 0 0 0 171 594 208 51 0 0 0 0 94 681 226 23 0 0 0 0 4 391 490 139 
0 0 0 3 389 487 113 32 0 0 0 3 250 633 132 6 0 0 0 0 12 471 468 73 
0 0 0 0 230 561 230 3 0 0 0 0 142 669 211 2 0 0 0 0 0 268 707 49 
0 0 0 1 47 311 611 54 0 0 0 0 39 293 613 79 0 0 0 0 1 138 535 350 
0 0 0 109 224 113 407 171 0 0 0 13 260 172 390 189 0 0 0 0 2 199 506 317 
0 0 0 107 164 290 340 123 0 0 0 20 245 292 341 126 0 0 0 0 10 320 503 191 
0 0 0 12 95 421 445 51 0 0 0 18 80 408 455 63 0 0 0 3 56 265 508 192 
0 0 2 140 202 298 364 18 0 0 9 97 255 305 351 7 0 0 2 54 80 375 462 51 
0 0 5 599 260 116 44 0 0 0 8 458 411 119 28 0 0 0 30 87 196 653 58 0 
0 145 563 205 109 2 0 0 0 0 276 548 188 12 0 0 1 368 411 104 112 28 0 0 
0 107 413 220 158 100 26 0 0 0 170 473 267 108 6 0 13 268 314 223 170 36 0 0 
0 0 176 456 220 141 31 0 0 0 293 442 141 147 1 0 0 0 244 461 172 138 9 0 
161 400 372 89 2 0 0 0 1 18 115 467 343 80 0 0 10 185 529 288 12 0 0 0 
21 429 360 128 62 24 0 0 0 0 70 332 412 156 48 6 0 80 563 253 92 31 5 0 
55 311 422 195 32 9 0 0 0 0 103 316 506 80 16 3 0 139 585 248 37 15 0 0 
7 178 526 207 72 33 1 0 0 0 47 513 287 123 45 9 0 114 578 189 86 42 15 0 
0 163 461 86 74 104 136 0 0 0 148 504 268 104 0 0 0 358 367 286 13 0 0 0 
0 0 51 75 94 133 493 178 0 0 14 252 333 425 0 0 0 21 308 577 118 0 0 0 
0 0 21 107 25 29 296 546 0 0 0 29 156 626 213 0 0 0 117 294 528 85 0 0 
0 0 217 488 83 26 31 179 0 0 0 14 464 315 229 2 0 0 133 540 198 152 1 0 
1 56 277 564 120 6 0 0 0 0 27 101 320 521 55 0 0 24 147 496 332 25 0 0 
0 28 266 496 216 17 1 0 0 0 8 111 291 340 257 17 0 1 153 333 380 149 8 0 
0 14 371 549 83 7 0 0 0 0 0 26 289 522 184 3 0 0 99 469 415 41 0 0 
0 10 257 563 183 11 0 0 0 0 0 15 183 509 300 17 0 1 72 365 492 91 3 0 
0 5 203 500 287 28 1 0 0 0 0 41 229 532 210 12 0 0 79 350 481 106 8 0 
0 0 9 118 318 346 151 82 0 0 6 98 415 332 130 43 0 0 32 136 477 264 105 10 
0 0 0 73 606 219 126 0 0 0 0 88 657 166 113 0 0 0 0 31 652 240 100 1 
0 0 0 19 252 460 284 9 0 0 0 6 297 463 251 7 0 0 0 1 100 598 312 13 
0 0 0 38 363 187 405 31 0 0 0 91 329 207 394 3 0 0 0 12 193 361 443 15 
0 0 0 59 458 307 139 61 0 0 0 221 328 308 134 33 0 0 0 172 266 340 181 65 
0 0 0 2 442 364 178 38 0 0 0 15 452 357 178 22 0 0 0 1 171 268 503 81 
0 0 0 0 232 306 314 172 0 0 0 2 249 318 343 112 0 0 0 2 164 240 488 130 
0 0 0 0 148 276 320 280 0 0 0 0 92 356 406 170 0 0 0 0 14 177 594 239 
0 0 0 0 171 365 310 178 0 0 0 2 200 353 371 98 0 0 0 0 20 256 537 211 
0 0 0 0 39 639 261 85 0 0 0 0 66 599 297 62 0 0 0 0 13 385 494 132 
0 0 0 0 364 369 199 92 0 0 0 1 231 530 176 86 0 0 0 0 10 192 643 179 
0 0 0 0 122 289 332 281 0 0 0 0 90 365 366 203 0 0 0 0 12 125 591 296 
0 0 0 0 81 86 249 608 0 0 0 14 117 61 340 492 0 0 0 0 90 84 260 590 
0 0 0 8 298 284 235 199 0 0 0 6 213 393 286 126 0 0 0 0 25 137 576 286 
0 0 0 44 536 272 134 38 0 0 0 168 302 405 127 22 0 0 0 138 151 81 551 103 
0 0 1 39 346 475 126 37 0 0 1 120 205 560 116 22 0 0 0 97 68 153 655 51 
0 0 0 67 509 334 110 4 0 0 0 11 529 373 111 0 0 0 0 0 6 415 559 44 
0 0 0 10 300 517 187 10 0 0 0 11 228 616 167 2 0 0 0 2 57 314 601 50 
0 0 0 132 418 307 136 31 0 0 5 180 274 423 132 10 0 0 8 145 190 189 453 39 
0 0 0 182 370 136 190 146 0 0 0 147 392 176 253 56 0 0 7 128 145 314 338 92 
0 0 0 38 84 171 501 230 0 0 0 21 128 193 494 188 0 0 0 0 28 234 432 330 
0 0 0 110 215 172 359 168 0 0 2 185 142 224 432 39 0 0 0 158 118 173 436 139 
0 0 10 523 323 112 54 2 0 0 93 474 177 226 52 2 0 0 45 459 110 147 251 12 
0 0 23 417 395 155 34 0 0 0 27 296 548 132 21 0 0 0 91 250 482 168 33 0 
0 214 675 117 18 0 0 0 0 1 267 688 68 0 0 0 4 543 415 44 18 0 0 0 
1 97 446 279 141 45 15 0 0 4 211 477 234 79 19 0 8 322 402 161 96 35 0 0 
0 0 52 64 259 478 168 3 0 1 61 66 263 472 161 0 0 13 73 112 206 431 181 8 
8 314 503 154 26 16 3 0 0 2 336 416 234 32 4 0 0 312 443 222 45 2 0 0 
1 208 433 138 63 168 13 0 0 0 45 530 381 64 4 0 0 221 599 186 16 2 0 0 
37 153 221 75 51 291 196 0 0 0 21 351 607 45 0 0 0 71 412 537 4 0 0 0 
7 24 52 43 37 178 679 4 0 0 2 64 484 474 0 0 0 19 115 875 15 0 0 0 
0 0 0 0 0 5 527 492 0 0 0 0 88 916 20 0 0 0 0 460 564 0 0 0 
0 0 0 0 0 0 84 940 0 0 0 0 0 964 60 0 0 0 0 106 918 0 0 0 
0 0 0 0 0 0 70 954 0 0 0 0 0 998 26 0 0 0 0 19 1005 0 0 0 
0 0 0 0 0 0 310 714 0 0 0 0 0 735 260 29 0 0 0 121 707 196 0 0 
0 0 11 70 88 28 142 685 0 0 0 7 112 300 508 97 0 0 22 144 410 422 26 0 
0 21 122 273 122 33 39 414 0 0 18 62 238 227 460 19 0 13 80 245 384 302 0 0 
0 17 204 497 163 38 20 85 0 0 0 77 238 453 254 2 0 2 146 311 455 110 0 0 
0 49 354 529 90 2 0 0 0 0 0 35 116 363 479 31 0 2 84 234 616 88 0 0 
1 36 358 440 173 16 0 0 0 0 0 32 88 369 502 33 0 6 73 198 601 146 0 0 
0 1 58 330 433 172 25 5 0 0 1 117 541 308 56 1 0 0 38 251 527 188 19 1 
0 0 0 155 491 152 210 16 0 0 0 158 457 203 205 1 0 0 0 28 580 192 222 2 
0 0 0 4 279 363 360 18 0 0 0 2 293 386 340 3 0 0 0 0 46 516 438 24 
0 0 0 0 131 356 456 81 0 0 0 0 148 372 475 29 0 0 0 0 112 332 540 40 
0 0 0 2 168 507 264 83 0 0 0 3 199 502 268 52 0 0 0 0 156 436 344 88 
0 0 0 1 100 603 276 44 0 0 0 10 96 608 290 20 0 0 0 8 70 457 432 57 
0 0 0 16 251 442 200 115 0 0 0 81 282 405 217 39 0 0 0 97 313 293 288 33 
0 0 0 11 367 323 151 172 0 0 0 123 353 287 163 98 0 0 0 191 235 301 197 100 
0 0 0 1 90 430 264 239 0 0 0 1 66 472 276 209 0 0 0 13 21 248 485 257 
0 0 0 24 230 508 177 85 0 0 0 40 131 594 191 68 0 0 1 88 159 237 431 108 
0 0 0 13 407 394 195 15 0 0 0 0 355 471 191 7 0 0 0 0 0 230 704 90 
0 0 0 3 251 431 295 44 0 0 0 2 120 588 289 25 0 0 0 0 8 221 665 130 
0 0 0 4 84 494 348 94 0 0 0 3 39 518 367 97 0 0 0 0 3 227 612 182 
0 0 0 0 21 558 373 72 0 0 0 0 10 522 460 32 0 0 0 0 0 145 646 233 
0 0 0 31 366 448 135 44 0 0 1 168 271 393 179 12 0 0 1 73 281 142 420 107 
0 0 0 126 548 182 142 26 0 0 0 73 477 326 127 21 0 0 0 38 119 385 409 73 
0 0 0 17 602 237 133 35 0 0 0 17 508 325 167 7 0 0 0 9 62 407 475 71 
0 0 0 117 571 230 101 5 0 0 0 33 539 356 91 5 0 0 0 4 33 164 755 68 
0 0 0 213 594 117 83 17 0 0 2 139 699 93 84 7 0 0 1 97 143 312 413 58 
0 3 10 60 587 132 166 66 0 7 14 193 504 101 185 20 0 9 15 132 506 160 178 24 
1 25 81 83 590 106 114 24 0 36 85 100 565 123 110 5 0 15 74 77 349 361 139 9 
0 14 44 171 501 176 96 22 0 14 42 69 555 241 100 3 0 0 23 33 48 588 310 22 
0 0 8 198 671 143 4 0 0 0 6 44 526 438 10 0 0 0 2 14 70 676 262 0 
0 2 161 337 367 131 26 0 0 0 9 212 524 240 39 0 0 35 194 180 188 358 69 0 
1 424 537 62 0 0 0 0 0 35 545 402 42 0 0 0 26 644 335 19 0 0 0 0 
0 189 536 220 76 3 0 0 0 20 339 504 157 4 0 0 14 404 350 186 70 0 0 0 
0 0 486 213 176 123 26 0 0 25 549 148 212 85 5 0 0 0 492 252 208 71 1 0 
1 18 33 37 89 846 0 0 0 0 49 325 650 0 0 0 0 53 671 300 0 0 0 0 
0 0 0 0 0 910 114 0 0 0 0 0 1019 5 0 0 0 0 217 807 0 0 0 0 
0 0 0 0 0 262 758 4 0 0 0 0 738 286 0 0 0 0 3 1018 3 0 0 0 
0 0 0 0 0 1 742 281 0 0 0 0 5 1017 2 0 0 0 0 594 430 0 0 0 
0 0 0 0 0 0 606 418 0 0 0 0 0 1024 0 0 0 0 0 228 796 0 0 0 
0 0 0 0 0 0 189 835 0 0 0 0 0 928 96 0 0 0 0 38 986 0 0 0 
0 0 0 0 0 0 208 816 0 0 0 0 0 959 65 0 0 0 0 0 1024 0 0 0 
0 0 0 0 0 0 309 715 0 0 0 0 0 1007 17 0 0 0 0 46 978 0 0 0 
0 0 0 0 0 0 688 336 0 0 0 0 0 1024 0 0 0 0 0 187 837 0 0 0 
0 0 0 0 0 0 685 339 0 0 0 0 0 723 155 146 0 0 0 383 366 176 99 0 
0 0 0 1 5 2 164 852 0 0 0 2 5 156 591 270 0 0 2 78 167 555 222 0 
0 1 22 75 85 55 66 720 0 0 0 16 31 137 820 20 0 0 21 47 351 596 9 0 
0 37 219 242 91 33 51 351 0 0 0 28 67 293 628 8 0 18 33 201 474 298 0 0 
0 0 103 369 331 138 46 37 0 0 20 258 376 272 90 8 0 8 177 392 328 109 10 0 
0 0 10 184 417 288 121 4 0 0 2 183 381 311 145 2 0 0 32 207 351 293 141 0 
0 0 0 25 169 404 390 36 0 0 0 108 114 449 334 19 0 0 0 44 156 449 354 21 
0 0 0 0 255 237 249 283 0 0 0 14 285 231 333 161 0 0 0 8 188 339 350 139 
0 0 0 62 590 198 150 24 0 0 0 145 529 217 124 9 0 0 0 145 297 370 188 24 
0 0 0 39 393 190 293 109 0 0 0 117 295 282 293 37 0 0 0 135 134 299 371 85 
0 0 0 85 530 239 142 28 0 0 1 303 364 225 125 6 0 0 0 258 383 169 175 39 
0 0 0 137 507 162 157 61 0 0 1 391 282 181 136 33 0 0 9 400 263 178 142 32 
0 0 0 122 495 271 101 35 0 0 1 247 321 327 109 19 0 0 13 331 305 168 183 24 
0 0 12 256 592 94 54 16 0 0 0 97 595 251 69 12 0 1 127 420 152 186 113 25 
0 0 0 62 399 247 298 18 0 0 0 88 395 243 286 12 0 0 0 85 85 277 497 80 
0 0 0 55 232 251 422 64 0 0 0 138 173 220 458 35 0 0 0 135 176 137 453 123 
0 0 0 143 299 425 108 49 0 0 4 198 246 417 144 15 0 0 0 183 125 292 390 34 
0 0 0 2 540 293 157 32 0 0 0 0 399 441 156 28 0 0 0 0 0 396 529 99 
0 0 0 215 402 193 184 30 0 0 16 380 206 232 174 16 0 0 3 297 204 133 315 72 
0 0 0 149 594 128 105 48 0 0 11 191 377 306 100 39 0 0 3 187 109 400 271 54 
0 0 0 9 438 460 111 6 0 0 0 0 270 646 104 4 0 0 0 0 2 272 720 30 
0 0 0 1 250 608 153 12 0 0 0 0 157 709 146 12 0 0 0 0 21 334 627 42 
0 0 0 0 62 533 360 69 0 0 0 1 61 506 423 33 0 0 0 0 9 229 654 132 
0 5 8 36 158 537 248 32 2 7 4 13 164 478 334 22 0 3 9 3 10 351 591 57 
2 41 28 191 381 291 89 1 0 38 31 67 487 323 78 0 0 2 48 24 55 435 436 24 
1 90 97 307 337 130 58 4 1 99 86 299 337 154 48 0 1 49 87 89 277 379 142 0 
7 63 230 499 121 70 34 0 10 64 210 449 171 91 29 0 0 40 137 194 340 256 51 6 
6 163 571 213 42 15 14 0 0 8 163 591 228 18 16 0 6 219 393 205 137 49 13 2 
24 558 416 26 0 0 0 0 0 110 538 308 68 0 0 0 65 683 273 3 0 0 0 0 
1 385 477 113 41 7 0 0 0 49 584 309 80 2 0 0 21 468 348 137 43 7 0 0 
0 33 347 160 248 129 105 2 0 5 334 180 271 154 80 0 0 0 31 383 259 291 60 0 
0 0 0 0 0 1012 12 0 0 0 0 9 1015 0 0 0 0 0 167 857 0 0 0 0 
0 0 0 0 0 927 97 0 0 0 0 2 1012 10 0 0 0 0 174 850 0 0 0 0 
0 0 0 0 0 219 748 57 0 0 0 0 299 725 0 0 0 0 17 926 81 0 0 0 
0 0 0 0 0 0 948 76 0 0 0 0 0 1024 0 0 0 0 0 794 230 0 0 0 
0 0 0 0 0 0 825 199 0 0 0 0 0 1024 0 0 0 0 0 400 624 0 0 0 
0 0 0 0 0 0 510 514 0 0 0 0 0 1013 11 0 0 0 0 150 874 0 0 0 
0 0 0 0 0 0 656 368 0 0 0 0 0 1020 4 0 0 0 0 90 934 0 0 0 
0 0 0 0 0 0 255 769 0 0 0 0 0 1016 8 0 0 0 0 19 1005 0 0 0 
0 0 0 0 0 0 452 572 0 0 0 0 0 1002 22 0 0 0 0 47 977 0 0 0 
0 0 0 0 0 0 640 384 0 0 0 0 0 1021 3 0 0 0 0 115 909 0 0 0 
0 0 0 0 0 10 814 200 0 0 0 0 8 978 13 25 0 0 2 326 663 9 24 0 
0 0 0 0 0 0 265 759 0 0 0 0 0 338 206 480 0 0 0 133 232 237 422 0 
0 0 0 0 0 0 0 1024 0 0 0 0 0 0 890 134 0 0 0 0 25 850 149 0 
0 0 0 5 21 11 26 961 0 0 1 24 8 31 959 1 0 0 12 21 113 874 4 0 
0 0 9 36 208 127 86 558 0 0 5 53 254 132 579 1 0 0 17 100 494 401 12 0 
0 0 0 5 344 388 195 92 0 0 0 27 415 382 197 3 0 0 0 0 228 645 135 16 
0 0 0 3 560 280 150 31 0 0 0 9 622 227 154 12 0 0 0 0 48 681 233 62 
0 0 0 8 468 352 186 10 0 0 0 1 441 385 192 5 0 0 0 0 29 671 255 69 
0 0 0 0 407 345 235 37 0 0 0 0 303 450 255 16 0 0 0 0 3 525 413 83 
0 0 0 2 540 298 128 56 0 0 0 0 460 404 124 36 0 0 0 0 12 701 241 70 
0 0 0 32 539 279 153 21 0 0 0 115 466 282 157 4 0 0 5 82 134 299 442 62 
0 0 26 251 421 237 78 11 0 0 0 121 561 252 90 0 0 7 125 278 356 170 87 1 
0 36 317 443 191 29 8 0 0 29 117 507 319 45 7 0 11 164 483 278 75 10 3 0 
0 5 32 231 440 190 106 20 0 8 58 419 278 180 74 7 0 8 45 369 322 122 145 13 
0 4 24 52 349 470 115 10 0 5 28 93 211 585 99 3 0 1 24 60 150 331 439 19 
0 0 0 71 473 203 208 69 0 0 0 1 502 270 201 50 0 0 0 1 33 621 264 105 
0 0 0 70 649 163 106 36 0 0 0 6 653 229 105 31 0 0 0 0 21 346 566 91 
0 0 0 76 448 199 182 119 0 0 6 38 339 331 230 80 0 0 0 16 43 230 511 224 
0 0 0 190 565 106 122 41 0 0 0 18 655 204 116 31 0 0 0 3 42 437 468 74 
0 0 0 175 322 252 237 38 0 0 0 2 489 303 199 31 0 0 0 0 31 484 392 117 
0 0 0 18 509 285 205 7 0 0 0 0 447 365 201 11 0 0 0 0 7 267 701 49 
0 0 0 7 399 465 153 0 0 0 0 1 327 509 187 0 0 0 0 0 9 312 665 38 
0 0 0 307 442 191 84 0 0 0 0 50 669 229 76 0 0 0 0 1 32 625 358 8 
0 0 0 352 343 268 61 0 0 0 0 142 542 274 66 0 0 0 0 0 203 493 326 2 
0 5 18 221 374 348 58 0 0 5 11 221 331 388 68 0 0 2 7 24 265 476 250 0 
0 53 112 605 190 49 15 0 1 50 116 527 281 40 9 0 0 23 65 258 491 186 1 0 
43 375 316 225 34 18 12 1 0 134 421 315 123 26 5 0 106 341 213 307 36 17 4 0 
24 656 339 5 0 0 0 0 0 51 675 291 7 0 0 0 66 773 182 3 0 0 0 0 
6 151 516 214 131 6 0 0 0 11 356 464 177 16 0 0 12 209 367 255 167 14 0 0 
0 7 310 362 263 51 31 0 0 0 246 343 363 58 14 0 0 0 13 219 569 199 24 0 
0 0 289 233 178 324 0 0 0 187 322 226 289 0 0 0 4 421 404 195 0 0 0 0 
0 1 106 154 145 404 214 0 0 78 211 194 399 142 0 0 4 245 470 305 0 0 0 0 
0 0 0 0 185 278 561 0 0 0 0 297 246 481 0 0 0 5 413 606 0 0 0 0 
0 0 0 0 207 247 570 0 0 0 5 298 209 512 0 0 0 6 364 649 5 0 0 0 
0 0 0 0 160 296 567 1 0 0 0 271 220 533 0 0 0 14 379 571 60 0 0 0 
0 0 0 0 123 314 549 38 0 0 0 241 238 545 0 0 0 0 338 420 266 0 0 0 
0 0 0 0 92 316 553 63 0 0 0 197 288 539 0 0 0 5 327 325 367 0 0 0 
0 0 0 0 91 303 430 200 0 0 0 208 269 542 5 0 0 2 284 346 392 0 0 0 
0 0 0 0 69 323 274 358 0 0 0 171 277 562 14 0 0 0 257 321 446 0 0 0 
0 0 0 0 110 268 376 270 0 0 0 195 250 544 35 0 0 0 274 280 466 4 0 0 
0 0 0 0 126 244 322 332 0 0 0 194 247 555 28 0 0 0 288 326 410 0 0 0 
0 0 0 0 60 272 554 138 0 0 0 187 259 571 7 0 0 0 306 307 410 1 0 0 
0 0 0 0 40 242 297 445 0 0 0 121 252 226 316 109 0 8 197 287 140 258 134 0 
0 0 0 0 53 226 112 633 0 0 0 112 166 90 640 16 0 0 156 159 115 593 1 0 
0 0 0 0 10 220 120 674 0 0 0 38 198 120 668 0 0 0 104 178 110 632 0 0 
0 0 0 0 24 209 168 623 0 0 0 36 206 182 600 0 0 0 55 215 461 291 2 0 
0 0 0 0 204 333 301 186 0 0 0 38 466 359 161 0 0 0 102 192 309 352 66 3 
0 0 0 1 313 540 168 2 0 0 0 12 320 552 140 0 0 0 7 28 89 604 268 28 
0 0 0 0 271 569 170 14 0 0 0 0 288 576 153 7 0 0 0 0 19 636 333 36 
0 0 0 6 366 451 174 27 0 0 0 0 336 474 193 21 0 0 0 0 56 581 324 63 
0 0 0 15 536 320 151 2 0 0 0 0 446 423 152 3 0 0 0 0 11 501 456 56 
0 48 360 196 191 110 113 6 0 9 154 319 281 130 127 4 5 159 328 118 87 180 135 12 
0 81 566 269 72 24 12 0 0 3 223 552 202 31 13 0 7 255 568 129 41 21 3 0 
0 27 83 300 294 195 114 11 0 39 186 206 266 206 118 3 0 29 211 149 202 266 155 12 
0 13 83 465 322 92 40 9 0 22 101 367 399 94 37 4 0 5 38 121 236 504 102 18 
0 0 0 79 592 149 113 91 0 0 0 95 543 188 117 81 0 0 0 0 249 490 171 114 
0 0 1 148 596 181 80 18 0 0 2 59 657 211 84 11 0 0 0 0 103 611 281 29 
0 0 0 225 438 144 180 37 0 0 2 141 523 161 174 23 0 0 0 99 152 531 205 37 
0 0 4 425 247 123 196 29 0 0 37 307 349 132 179 20 0 0 2 272 117 369 203 61 
0 0 0 253 519 135 90 27 0 0 13 75 646 180 98 12 0 0 8 32 73 716 162 33 
0 0 0 8 215 278 474 49 0 0 0 7 226 265 447 79 0 0 0 7 117 339 360 201 
0 0 0 8 80 542 368 26 0 0 0 13 48 461 475 27 0 0 0 2 26 168 705 123 
0 0 2 275 341 310 96 0 0 0 4 212 378 315 115 0 0 0 0 2 127 549 320 26 
0 0 38 636 150 120 79 1 0 0 2 630 201 122 69 0 0 0 0 6 317 591 97 13 
0 0 291 332 158 194 49 0 0 16 346 270 174 175 43 0 0 3 304 111 170 377 59 0 
0 0 441 329 123 101 30 0 0 12 626 141 118 106 21 0 0 3 489 244 143 117 28 0 
0 273 456 218 42 28 7 0 0 22 535 351 82 30 4 0 2 342 440 145 53 31 11 0 
130 738 154 2 0 0 0 0 0 282 618 123 1 0 0 0 190 711 123 0 0 0 0 0 
1 329 569 118 7 0 0 0 0 21 464 489 49 1 0 0 12 434 362 197 19 0 0 0 
0 17 663 215 75 51 3 0 0 0 530 357 90 47 0 0 0 2 64 482 419 52 5 0 
0 53 970 1 0 0 0 0 0 924 100 0 0 0 0 0 3 1015 6 0 0 0 0 0 
0 7 521 155 178 115 30 18 0 417 286 228 45 37 11 0 16 653 239 51 41 23 1 0 
0 0 0 8 940 76 0 0 0 0 60 964 0 0 0 0 0 73 951 0 0 0 0 0 
0 0 0 205 819 0 0 0 0 0 490 534 0 0 0 0 0 223 801 0 0 0 0 0 
0 0 0 141 882 1 0 0 0 0 214 810 0 0 0 0 0 147 877 0 0 0 0 0 
0 0 0 0 1018 6 0 0 0 0 0 1024 0 0 0 0 0 1 1023 0 0 0 0 0 
0 0 0 11 933 80 0 0 0 0 12 1011 1 0 0 0 0 2 1019 3 0 0 0 0 
0 0 5 230 748 26 14 1 0 3 232 747 25 14 3 0 0 49 919 23 23 10 0 0 
0 0 0 0 1007 17 0 0 0 0 4 1015 5 0 0 0 0 0 1007 17 0 0 0 0 
0 0 0 0 956 68 0 0 0 0 0 1013 11 0 0 0 0 0 1008 16 0 0 0 0 
0 0 0 0 1023 1 0 0 0 0 15 1009 0 0 0 0 0 11 1013 0 0 0 0 0 
0 0 0 0 944 80 0 0 0 0 12 1012 0 0 0 0 0 3 1021 0 0 0 0 0 
0 23 63 33 473 350 26 56 0 58 56 656 176 20 19 39 1 117 700 120 21 16 23 26 
0 0 0 0 991 33 0 0 0 0 0 1020 4 0 0 0 0 0 934 90 0 0 0 0 
0 0 0 1 987 32 4 0 0 0 1 1008 10 5 0 0 0 0 967 50 7 0 0 0 
0 0 0 4 934 72 7 7 0 0 3 991 16 5 9 0 0 3 874 132 6 9 0 0 
0 0 0 0 904 120 0 0 0 0 0 1021 3 0 0 0 0 0 1024 0 0 0 0 0 
0 1 8 130 342 197 289 57 0 7 31 409 147 155 264 11 1 10 246 205 148 190 208 16 
0 0 0 117 365 422 115 5 0 0 2 185 265 472 99 1 0 0 3 157 154 379 320 11 
0 0 0 73 281 204 248 218 0 0 0 48 243 272 299 162 0 0 0 0 109 369 347 199 
0 0 0 98 421 198 198 109 0 0 0 77 437 215 217 78 0 0 0 0 235 404 276 109 
0 122 606 214 67 12 3 0 0 34 423 387 138 30 11 1 0 331 450 143 80 17 3 0 
0 204 714 91 15 0 0 0 0 33 483 438 59 11 0 0 9 425 525 50 15 0 0 0 
0 0 27 258 410 269 60 0 0 0 3 231 453 282 55 0 0 0 25 187 377 324 111 0 
0 0 6 344 267 258 149 0 0 0 3 334 282 232 172 1 0 0 0 2 207 529 257 29 
0 0 0 231 234 251 283 25 0 0 0 112 326 316 258 12 0 0 0 0 39 564 358 63 
0 0 0 82 584 215 140 3 0 0 0 38 465 377 142 2 0 0 0 0 20 643 321 40 
0 0 14 348 353 136 149 24 0 0 25 248 446 160 144 1 0 0 0 175 127 458 229 35 
0 0 7 472 326 181 38 0 0 0 18 322 461 185 38 0 0 0 5 51 182 628 143 15 
0 0 1 68 124 534 293 4 0 0 15 84 120 342 460 3 0 0 9 80 99 217 459 160 
0 0 1 37 149 205 628 4 0 0 4 68 151 170 626 5 0 0 3 48 111 160 160 542 
0 0 11 383 249 232 141 8 0 0 52 342 255 253 119 3 0 0 26 91 187 506 188 26 
0 0 19 424 191 238 137 15 0 0 0 337 300 263 121 3 0 0 0 11 65 703 232 13 
0 0 46 480 142 249 107 0 0 0 2 492 184 241 105 0 0 0 0 4 158 613 238 11 
0 0 183 454 152 121 105 9 0 0 64 515 217 131 91 6 0 0 20 31 339 474 153 7 
0 4 409 348 144 92 27 0 0 2 210 537 158 92 25 0 0 0 145 74 565 208 32 0 
2 405 472 117 23 5 0 0 0 26 578 367 42 11 0 0 9 417 415 88 78 17 0 0 
89 769 133 33 0 0 0 0 0 432 476 80 36 0 0 0 214 685 107 18 0 0 0 0 
4 649 371 0 0 0 0 0 0 73 867 84 0 0 0 0 17 836 171 0 0 0 0 0 
0 5 347 218 325 126 3 0 0 0 214 306 326 176 2 0 0 45 147 248 342 238 4 0 
0 20 1004 0 0 0 0 0 0 967 57 0 0 0 0 0 0 1001 23 0 0 0 0 0 
0 2 434 167 132 128 76 85 0 309 255 132 158 77 69 24 0 345 236 147 159 87 50 0 
0 0 0 0 805 182 24 13 0 0 0 950 39 23 12 0 0 2 958 36 16 12 0 0 
0 0 0 162 862 0 0 0 0 0 355 669 0 0 0 0 0 125 899 0 0 0 0 0 
0 0 0 292 732 0 0 0 0 0 366 658 0 0 0 0 0 87 937 0 0 0 0 0 
0 0 0 0 995 29 0 0 0 0 43 967 14 0 0 0 0 18 966 40 0 0 0 0 
0 0 0 3 946 75 0 0 0 0 7 1016 1 0 0 0 0 0 1021 3 0 0 0 0 
0 0 85 290 412 87 85 65 0 52 333 395 84 78 64 18 1 167 569 96 62 88 41 0 
0 0 0 75 917 32 0 0 0 0 62 925 37 0 0 0 0 3 951 70 0 0 0 0 
0 0 0 0 1004 20 0 0 0 0 18 977 29 0 0 0 0 9 973 42 0 0 0 0 
0 0 0 0 1011 13 0 0 0 0 16 1008 0 0 0 0 0 5 1019 0 0 0 0 0 
0 0 0 2 1021 1 0 0 0 0 50 974 0 0 0 0 0 94 930 0 0 0 0 0 
0 110 191 19 478 52 41 133 1 245 75 477 49 26 39 112 7 288 485 52 25 40 58 69 
0 0 0 0 1007 17 0 0 0 0 13 1011 0 0 0 0 0 2 1009 13 0 0 0 0 
0 0 0 0 1013 11 0 0 0 0 2 1010 11 1 0 0 0 0 963 57 4 0 0 0 
0 0 0 3 872 31 33 85 0 0 3 867 28 29 54 43 0 0 789 104 22 42 57 10 
0 0 0 0 1009 15 0 0 0 0 19 1004 1 0 0 0 0 1 1018 5 0 0 0 0 
0 0 17 50 381 433 129 14 0 14 57 179 250 442 79 3 2 32 171 52 163 481 122 1 
0 0 0 32 232 581 177 2 0 0 6 68 314 535 101 0 0 0 6 65 238 517 195 3 
0 0 0 66 204 318 331 105 0 0 0 58 216 338 342 70 0 0 0 8 111 399 417 89 
0 0 2 169 362 408 81 2 0 0 15 129 384 428 68 0 0 0 15 54 154 585 213 3 
0 33 644 284 54 9 0 0 0 0 105 645 251 22 1 0 0 236 562 160 57 9 0 0 
0 202 719 102 1 0 0 0 0 14 388 581 40 1 0 0 10 548 450 16 0 0 0 0 
0 56 542 183 153 84 6 0 0 44 523 240 143 69 5 0 0 375 302 87 143 111 6 0 
0 0 3 521 353 89 58 0 0 0 0 373 482 105 63 1 0 0 0 0 345 564 98 17 
0 0 14 378 109 202 304 17 0 0 0 326 172 212 305 9 0 0 0 0 286 332 329 77 
0 0 7 331 419 148 119 0 0 0 0 177 546 173 128 0 0 0 0 0 80 642 282 20 
0 0 1 323 413 170 114 3 0 0 0 131 596 188 107 2 0 0 0 7 107 666 222 22 
6 54 126 321 296 163 58 0 2 42 116 274 340 181 68 1 0 16 89 148 288 341 114 28 
0 2 5 112 540 359 6 0 0 2 3 27 352 592 48 0 0 0 2 3 15 524 472 8 
0 3 30 59 159 285 103 385 0 1 25 34 141 267 154 402 0 0 14 27 33 146 315 489 
0 0 0 0 0 8 65 951 0 0 0 0 0 9 63 952 0 0 0 0 0 7 25 992 
0 0 0 29 26 23 67 879 0 0 1 39 20 20 79 865 0 0 0 35 25 20 71 873 
0 0 0 16 131 234 445 198 0 0 0 18 112 287 456 151 0 0 0 3 75 241 486 219 
0 0 55 54 181 418 305 11 0 0 85 39 192 381 316 11 0 0 45 58 124 351 368 78 
0 5 625 122 157 114 1 0 0 2 451 299 171 101 0 0 0 3 386 189 248 186 12 0 
6 715 303 0 0 0 0 0 0 198 741 85 0 0 0 0 19 663 306 35 1 0 0 0 
24 641 359 0 0 0 0 0 0 106 694 224 0 0 0 0 90 784 150 0 0 0 0 0 
4 584 422 14 0 0 0 0 0 73 727 222 2 0 0 0 43 701 272 8 0 0 0 0 
0 127 379 195 196 127 0 0 0 10 411 266 251 86 0 0 0 73 231 353 248 116 3 0 
0 15 497 69 118 213 101 11 0 452 124 54 184 147 60 3 0 493 83 80 93 216 55 4 
0 0 123 133 212 318 197 41 0 109 130 126 275 254 119 11 0 137 120 171 195 292 109 0 
0 0 0 0 214 239 383 188 0 0 0 370 36 237 274 107 0 17 325 63 31 237 282 69 
0 0 0 8 559 179 184 94 0 0 228 249 149 188 136 74 0 113 324 115 112 165 166 29 
0 0 0 46 542 182 162 92 0 0 141 370 185 158 142 28 0 18 382 210 116 198 100 0 
0 1 31 64 473 250 112 93 0 7 89 398 156 215 149 10 0 7 358 154 148 240 114 3 
0 0 8 28 434 372 115 67 0 0 12 397 191 267 141 16 0 0 300 170 149 278 123 4 
0 0 4 114 354 349 152 51 0 1 103 159 238 373 140 10 0 21 181 72 176 452 115 7 
0 5 72 297 511 53 25 61 0 3 61 571 252 50 81 6 0 2 409 172 288 76 77 0 
0 4 225 262 390 52 40 51 0 2 169 648 73 64 38 30 0 6 441 398 87 40 52 0 
0 2 236 206 302 173 40 65 0 0 132 539 177 89 26 61 0 43 567 226 94 20 50 24 
0 22 246 199 411 51 25 70 0 0 76 613 167 59 45 64 1 45 645 186 45 40 61 1 
0 8 335 327 211 58 44 41 0 1 146 488 238 82 40 29 2 67 574 243 46 54 26 12 
0 10 161 248 419 82 32 72 0 2 102 537 202 79 36 66 2 78 529 221 84 37 54 19 
0 34 320 250 291 26 25 78 0 0 159 502 204 54 24 81 0 127 545 203 44 26 60 19 
0 38 276 212 303 93 27 75 0 13 206 404 234 72 31 64 0 34 381 237 201 91 49 31 
0 7 55 266 428 140 54 74 0 0 20 260 313 285 71 75 0 4 81 250 354 192 89 54 
1 49 199 351 260 137 21 6 0 1 34 157 358 337 111 26 0 10 104 254 293 189 138 36 
0 3 31 177 273 361 171 8 0 0 21 125 203 460 203 12 0 0 28 107 208 397 261 23 
0 0 48 325 116 296 236 3 0 0 144 245 105 318 211 1 0 0 102 262 113 259 279 9 
0 0 27 406 155 210 205 21 0 0 142 289 178 216 178 21 0 0 94 236 269 286 125 14 
0 199 653 126 30 14 2 0 0 11 467 436 78 22 10 0 5 424 432 95 48 18 2 0 
0 196 711 115 2 0 0 0 0 8 342 606 68 0 0 0 7 523 475 19 0 0 0 0 
0 43 607 211 85 57 21 0 0 89 551 238 87 55 4 0 0 224 526 124 92 39 19 0 
0 0 6 574 239 128 77 0 0 0 124 549 175 136 40 0 0 0 70 452 308 130 64 0 
0 0 12 414 395 113 86 4 0 0 81 386 379 122 56 0 0 0 55 179 271 353 156 10 
0 0 0 197 266 171 263 127 0 0 2 113 354 228 256 71 0 0 0 3 19 507 403 92 
0 0 0 5 101 160 328 430 0 0 0 1 74 276 449 224 0 0 0 0 37 249 481 257 
0 58 192 436 177 98 42 21 0 45 177 427 231 98 41 5 0 0 124 337 343 156 54 10 
0 82 125 593 114 82 28 0 0 52 118 478 258 80 38 0 0 3 89 119 404 308 82 19 
0 0 11 153 92 116 457 195 0 0 0 111 133 137 469 174 0 0 0 0 57 210 339 418 
0 0 12 78 101 135 263 435 0 0 22 74 110 124 284 410 0 0 2 30 99 126 194 573 
0 0 14 14 65 79 146 706 0 0 20 27 69 70 198 640 0 0 10 12 56 83 128 735 
0 0 0 202 124 83 196 419 0 0 0 179 152 125 272 296 0 0 0 5 161 276 299 283 
0 0 96 363 207 262 96 0 0 0 16 355 262 269 115 7 0 0 0 0 437 361 193 33 
0 1 393 406 104 118 2 0 0 0 47 740 86 151 0 0 0 0 3 126 647 223 25 0 
8 490 433 81 12 0 0 0 0 175 578 255 16 0 0 0 12 512 316 153 31 0 0 0 
81 729 211 3 0 0 0 0 9 257 644 114 0 0 0 0 185 715 124 0 0 0 0 0 
79 728 215 2 0 0 0 0 1 282 642 99 0 0 0 0 221 698 105 0 0 0 0 0 
0 198 606 131 61 28 0 0 0 6 730 196 64 28 0 0 0 19 227 522 230 25 1 0 
0 0 0 0 336 483 194 11 0 0 0 111 385 375 153 0 0 0 3 126 123 639 131 2 
0 0 0 18 372 499 133 2 0 0 0 123 411 400 90 0 0 0 0 211 207 528 78 0 
0 0 0 1 243 313 386 81 0 0 0 2 396 249 347 30 0 0 0 0 152 511 328 33 
0 0 0 0 86 606 305 27 0 0 0 11 118 620 271 4 0 0 0 39 54 645 277 9 
0 0 0 0 274 526 172 52 0 0 0 84 293 482 148 17 0 0 0 181 189 475 176 3 
0 0 20 48 417 375 138 26 0 7 37 223 318 315 120 4 0 5 36 223 249 370 128 13 
0 0 0 5 356 510 92 61 0 0 0 43 455 393 93 40 0 0 0 26 258 582 98 60 
0 0 0 140 579 181 121 3 0 0 0 250 467 186 121 0 0 0 1 252 181 450 132 8 
0 0 23 478 371 77 67 8 0 0 105 486 286 88 56 3 0 9 129 332 415 82 53 4 
0 14 483 338 128 56 5 0 0 55 374 357 185 49 4 0 0 169 332 291 177 51 4 0 
1 126 512 305 69 10 1 0 0 30 421 410 137 24 2 0 1 297 463 222 34 7 0 0 
0 129 457 265 106 36 17 14 0 23 379 353 149 81 26 13 2 311 446 149 73 27 14 2 
0 141 537 260 79 7 0 0 0 10 294 441 229 48 2 0 8 336 470 184 24 2 0 0 
0 21 282 512 166 29 11 3 0 0 70 381 422 121 25 5 1 121 484 342 56 15 5 0 
2 78 430 341 125 42 6 0 0 9 209 457 238 97 13 1 13 249 487 195 72 8 0 0 
2 118 510 299 72 17 5 1 0 27 411 401 135 37 10 3 4 223 506 207 53 22 8 1 
1 51 258 493 186 35 0 0 0 2 111 349 361 185 16 0 0 16 173 451 317 67 0 0 
0 72 312 415 185 40 0 0 0 0 46 365 511 99 3 0 0 1 124 422 402 72 3 0 
0 4 54 332 151 273 200 10 0 0 10 297 210 322 184 1 0 0 15 101 403 373 132 0 
0 0 1 481 236 216 89 1 0 0 0 486 235 192 103 8 0 0 0 24 463 379 155 3 
0 0 78 302 302 262 80 0 0 0 7 230 208 285 274 20 0 1 61 212 480 223 47 0 
4 257 328 217 168 49 1 0 0 36 173 191 226 235 156 7 5 199 316 279 208 17 0 0 
0 339 666 19 0 0 0 0 0 86 782 154 2 0 0 0 35 774 215 0 0 0 0 0 
0 27 364 390 156 85 2 0 0 11 387 380 187 59 0 0 0 100 386 351 122 65 0 0 
0 0 1 267 156 331 255 14 0 0 20 324 110 381 183 6 0 0 7 174 258 345 230 10 
0 0 1 214 592 182 33 2 0 0 1 298 528 168 29 0 0 0 0 38 570 349 67 0 
0 0 0 46 468 183 141 186 0 0 0 77 440 191 168 148 0 0 0 0 325 392 168 139 
0 0 0 14 212 321 191 286 0 0 0 5 203 347 209 260 0 0 0 0 47 436 290 251 
0 22 340 269 177 72 24 120 0 15 294 308 185 84 19 119 0 0 138 298 235 184 49 120 
25 362 343 137 105 52 0 0 22 293 338 207 104 60 0 0 15 177 384 174 153 108 13 0 
0 42 122 147 435 221 56 1 0 35 119 142 358 308 62 0 0 6 87 69 81 308 424 49 
0 0 30 202 182 183 233 194 0 0 44 204 205 192 227 152 0 0 1 23 182 235 224 359 
0 0 11 60 69 167 415 302 0 0 29 58 91 242 480 124 0 0 1 27 60 136 331 469 
0 0 25 155 305 295 149 95 0 0 77 179 325 262 149 32 0 0 74 108 263 325 152 102 
0 1 331 306 159 208 19 0 0 0 471 180 197 175 1 0 0 0 462 159 279 121 3 0 
0 3 555 218 128 118 2 0 0 1 606 178 126 112 1 0 0 1 516 210 173 115 9 0 
5 495 430 66 17 11 0 0 0 67 736 189 20 12 0 0 13 665 273 49 17 7 0 0 
127 727 170 0 0 0 0 0 18 374 554 78 0 0 0 0 207 708 109 0 0 0 0 0 
83 491 413 24 13 0 0 0 5 184 556 255 24 0 0 0 129 593 279 18 5 0 0 0 
0 12 351 131 430 88 12 0 0 13 340 174 436 57 4 0 0 6 284 213 428 91 2 0 
0 0 0 2 113 689 207 13 0 0 0 20 223 657 123 1 0 0 0 18 256 614 136 0 
0 10 86 82 247 487 107 5 0 16 97 108 339 405 59 0 0 3 105 162 376 329 49 0 
0 0 0 8 267 539 207 3 0 0 0 7 434 459 124 0 0 0 0 10 290 672 49 3 
0 0 0 20 334 470 188 12 0 0 0 104 379 397 144 0 0 0 0 127 221 522 148 6 
0 0 0 0 283 488 191 62 0 0 0 56 414 400 125 29 0 0 0 187 266 403 157 11 
0 0 0 3 190 579 178 74 0 0 0 3 300 454 215 52 0 0 0 57 308 499 142 18 
0 0 0 61 341 493 100 29 0 0 0 33 312 480 153 46 0 0 4 117 491 292 97 23 
0 0 4 40 527 308 121 24 0 0 0 9 359 355 249 52 0 0 4 42 158 629 179 12 
0 0 0 37 483 356 144 4 0 0 0 59 452 378 134 1 0 0 0 19 330 532 139 4 
0 9 252 432 200 112 19 0 0 0 59 401 341 175 44 4 0 32 345 351 189 96 11 0 
0 114 433 355 97 22 3 0 0 44 270 427 234 44 5 0 6 200 496 255 55 12 0 0 
0 112 428 352 110 17 5 0 0 14 311 401 249 39 10 0 5 252 430 271 55 11 0 0 
3 257 455 219 56 22 11 1 1 95 437 321 121 29 17 3 34 405 398 135 35 12 5 0 
0 138 424 375 80 7 0 0 0 47 245 393 283 53 3 0 11 246 509 218 39 1 0 0 
0 104 536 261 98 24 1 0 0 30 372 385 179 53 5 0 6 339 445 181 48 5 0 0 
0 22 300 564 127 11 0 0 0 3 161 641 188 31 0 0 2 96 561 318 45 2 0 0 
1 72 494 388 58 9 2 0 0 74 362 451 110 26 1 0 40 267 396 258 59 4 0 0 
0 47 475 342 134 24 2 0 0 60 482 271 181 29 1 0 43 637 64 167 107 6 0 0 
0 2 79 319 317 255 51 1 0 6 81 334 326 235 42 0 0 28 33 237 429 262 35 0 
0 0 59 442 323 166 34 0 0 0 29 432 331 169 63 0 0 0 1 253 557 172 41 0 
0 42 318 290 277 74 23 0 0 0 59 218 359 273 107 8 0 50 379 315 223 50 7 0 
1 174 355 311 139 44 0 0 0 24 100 236 333 253 71 7 14 170 326 350 146 18 0 0 
5 359 592 55 10 3 0 0 1 97 665 229 22 9 1 0 61 670 264 17 9 3 0 0 
0 16 323 365 235 63 21 1 0 1 250 462 230 70 11 0 0 91 210 265 298 145 15 0 
0 0 1 215 303 159 291 55 0 0 0 171 360 179 289 25 0 0 0 4 177 479 333 31 
0 0 0 145 385 227 237 30 0 0 0 50 450 265 239 20 0 0 0 0 76 510 391 47 
0 0 0 0 0 49 341 634 0 0 0 0 2 74 436 512 0 0 0 0 2 131 482 409 
0 0 0 0 0 30 219 775 0 0 0 0 1 78 255 690 0 0 0 0 5 136 318 565 
0 0 0 6 3 47 240 728 0 0 1 7 6 105 314 591 0 0 1 8 12 229 327 447 
0 91 165 65 29 90 164 420 0 156 123 51 28 112 197 357 0 84 180 65 52 124 192 327 
0 14 67 193 379 254 83 34 0 25 57 129 410 302 76 25 0 24 52 69 163 596 100 20 
2 66 73 207 263 199 159 55 8 69 76 232 282 227 130 0 0 18 59 75 181 322 258 111 
0 8 13 73 130 351 261 188 6 9 21 81 172 375 263 97 0 6 10 15 107 415 346 125 
0 0 33 383 238 116 58 196 0 0 1 378 313 102 69 161 0 0 0 22 551 263 138 50 
0 0 0 25 269 436 265 29 0 0 0 27 302 446 240 9 0 0 0 20 242 473 278 11 
0 0 0 62 233 454 245 30 0 0 0 75 228 489 220 12 0 0 2 82 223 465 242 10 
7 330 509 97 69 12 0 0 0 35 412 392 167 18 0 0 24 411 439 95 55 0 0 0 
231 603 188 2 0 0 0 0 40 512 348 119 5 0 0 0 343 567 114 0 0 0 0 0 
24 349 319 128 148 56 0 0 0 56 364 376 200 28 0 0 45 449 261 154 111 4 0 0 
0 0 32 130 494 364 4 0 0 6 56 167 543 252 0 0 0 2 63 169 539 250 1 0 
0 2 112 192 425 293 0 0 0 5 119 175 467 258 0 0 0 0 69 239 495 221 0 0 
0 0 0 44 159 168 255 398 0 0 0 78 134 179 293 340 0 0 0 21 97 161 190 555 
0 0 6 47 205 288 278 200 0 0 8 46 172 335 281 182 0 0 2 42 176 304 198 302 
0 0 0 42 522 302 142 16 0 0 0 152 471 291 106 4 0 0 13 283 356 306 65 1 
0 0 5 146 485 270 90 28 0 0 27 249 495 186 64 3 0 0 65 211 310 374 60 4 
0 6 144 320 208 143 97 106 0 35 134 370 205 131 104 45 0 77 100 366 251 134 73 23 
0 0 6 12 154 261 105 486 0 0 6 35 218 194 164 407 0 0 8 121 284 146 410 55 
0 0 13 276 378 200 133 24 0 0 12 405 280 196 112 19 0 1 88 408 241 200 81 5 
0 0 22 558 220 136 72 16 0 0 10 549 253 141 61 10 0 0 92 392 304 186 45 5 
0 28 334 500 141 19 2 0 0 1 124 555 289 50 5 0 1 92 491 367 68 5 0 0 
0 70 503 351 91 9 0 0 0 6 347 460 195 15 1 0 0 171 510 299 41 3 0 0 
0 211 568 220 25 0 0 0 0 85 423 433 67 16 0 0 10 403 513 88 10 0 0 0 
1 246 437 234 72 25 9 0 0 153 345 305 141 61 15 4 62 369 386 149 44 9 5 0 
1 224 483 241 74 1 0 0 0 154 450 300 116 3 1 0 25 407 415 157 20 0 0 0 
0 101 556 316 46 5 0 0 0 42 416 440 112 14 0 0 12 390 518 85 19 0 0 0 
0 8 621 325 69 1 0 0 0 2 513 427 77 5 0 0 0 232 631 150 11 0 0 0 
0 27 707 241 47 2 0 0 0 26 727 235 35 1 0 0 0 165 488 336 33 2 0 0 
0 0 282 344 217 181 0 0 0 0 382 292 251 99 0 0 0 241 203 245 278 57 0 0 
0 0 181 500 232 111 0 0 0 0 186 514 229 95 0 0 0 0 31 597 280 116 0 0 
0 0 21 283 429 262 29 0 0 0 41 220 365 346 52 0 0 0 12 256 437 284 35 0 
0 20 311 453 137 85 18 0 0 0 15 348 462 154 43 2 0 21 349 369 194 82 9 0 
19 193 380 240 173 19 0 0 1 17 115 329 292 227 43 0 21 160 372 338 122 11 0 0 
2 348 584 85 5 0 0 0 0 92 575 291 56 10 0 0 51 650 291 32 0 0 0 0 
0 9 363 405 167 61 19 0 0 8 382 403 161 57 13 0 0 62 287 316 285 61 13 0 
0 0 0 128 172 222 427 75 0 0 0 121 194 287 390 32 0 0 0 10 281 314 397 22 
0 0 0 14 230 466 299 15 0 0 0 8 240 471 287 18 0 0 0 10 137 503 331 43 
0 0 2 80 274 283 235 150 0 0 2 110 286 304 205 117 0 0 5 174 299 298 195 53 
0 0 0 13 79 179 351 402 0 0 0 12 86 236 399 291 0 0 0 9 151 236 471 157 
0 0 0 23 71 192 351 387 0 0 0 36 72 249 361 306 0 0 0 18 62 168 361 415 
0 1 14 15 38 97 350 509 0 3 15 21 55 135 451 344 0 3 13 21 46 250 379 312 
0 110 181 189 123 244 155 22 1 143 157 178 152 273 109 11 11 149 151 170 182 248 111 2 
0 16 101 568 207 98 34 0 0 16 129 590 201 76 12 0 0 3 67 190 597 119 48 0 
0 13 45 104 184 131 258 289 0 21 84 155 148 143 338 135 0 31 113 127 222 368 139 24 
0 0 0 6 21 59 198 740 0 0 3 13 30 90 329 559 0 3 12 31 72 228 418 260 
0 0 24 100 82 195 178 445 0 0 24 105 93 215 209 378 0 0 2 20 127 246 310 319 
0 39 341 125 92 289 125 13 0 2 209 286 89 310 120 8 0 19 86 95 334 352 137 1 
13 648 328 32 3 0 0 0 0 232 602 175 12 3 0 0 72 735 194 20 2 1 0 0 
144 650 227 3 0 0 0 0 6 513 386 118 1 0 0 0 254 623 146 1 0 0 0 0 
9 480 314 184 37 0 0 0 0 129 517 333 45 0 0 0 67 523 238 177 19 0 0 0 
0 0 100 380 401 143 0 0 0 0 73 467 429 55 0 0 0 0 39 411 517 57 0 0 
0 14 185 317 325 174 9 0 0 15 162 357 391 92 7 0 0 0 96 366 399 154 9 0 
8 44 103 174 233 177 174 111 0 31 97 150 286 214 171 75 0 0 49 84 148 300 229 214 
0 0 45 72 87 282 235 303 0 0 30 79 79 243 316 277 0 0 11 59 71 122 329 432 
0 0 22 221 438 300 43 0 0 0 7 335 368 300 14 0 0 0 35 151 479 330 29 0 
0 0 12 477 335 131 68 1 0 0 153 461 256 114 40 0 0 0 228 266 357 136 37 0 
0 122 486 298 91 23 4 0 0 199 491 241 81 12 0 0 0 183 368 355 101 16 1 0 
0 9 199 429 353 29 5 0 0 44 190 452 319 15 4 0 0 51 177 451 325 15 5 0 
0 0 1 300 491 197 35 0 0 0 43 315 446 192 28 0 0 0 50 205 377 341 51 0 
0 0 23 507 395 95 4 0 0 0 28 538 370 86 2 0 0 0 10 354 536 115 9 0 
0 97 449 342 128 8 0 0 0 13 321 446 214 30 0 0 0 163 446 309 103 3 0 0 
0 206 590 189 39 0 0 0 0 78 597 281 66 2 0 0 0 303 554 144 22 1 0 0 
0 152 568 250 51 3 0 0 0 45 546 331 93 9 0 0 4 279 565 158 18 0 0 0 
3 317 498 185 21 0 0 0 0 138 474 317 88 7 0 0 14 454 442 104 10 0 0 0 
0 140 539 244 95 6 0 0 0 71 542 300 105 6 0 0 14 358 458 175 19 0 0 0 
0 302 579 118 21 4 0 0 0 159 604 218 36 7 0 0 13 558 381 60 11 1 0 0 
2 260 512 180 59 11 0 0 0 252 509 173 74 16 0 0 1 265 562 160 29 7 0 0 
0 52 504 410 45 13 0 0 0 48 531 394 42 9 0 0 0 29 527 426 32 10 0 0 
0 0 134 497 336 57 0 0 0 0 171 526 285 42 0 0 0 0 76 595 307 45 1 0 
0 0 53 694 209 68 0 0 0 0 99 668 208 49 0 0 0 0 60 662 257 45 0 0 
0 0 34 318 434 229 9 0 0 0 47 209 392 296 80 0 0 1 112 210 518 178 5 0 
0 55 412 295 198 62 2 0 0 0 77 277 387 190 91 2 0 110 459 276 150 29 0 0 
6 310 411 226 65 6 0 0 0 27 158 400 264 142 29 4 24 215 431 270 78 6 0 0 
9 302 435 169 81 27 1 0 0 41 500 207 100 132 43 1 42 493 230 155 83 21 0 0 
0 29 511 374 80 30 0 0 0 6 577 340 79 22 0 0 0 31 347 400 199 47 0 0 
0 0 0 514 348 117 45 0 0 0 2 505 375 119 23 0 0 0 0 46 638 249 90 1 
0 0 7 463 334 168 52 0 0 0 19 374 426 173 32 0 0 0 0 218 432 322 52 0 
0 5 122 478 328 61 30 0 0 4 126 461 344 61 28 0 0 0 65 323 359 187 84 6 
0 3 118 284 426 145 48 0 0 2 125 226 473 170 28 0 0 0 40 152 199 376 233 24 
0 0 47 101 229 336 241 70 0 13 65 126 277 305 219 19 0 0 23 59 134 121 384 303 
0 1 41 125 189 225 293 150 0 16 67 161 183 293 184 120 0 1 28 107 190 217 244 237 
0 90 262 123 151 206 151 41 0 172 231 127 190 190 107 7 4 198 270 151 146 160 92 3 
0 2 117 171 129 255 256 94 0 14 134 183 194 294 164 41 0 22 134 200 285 231 134 18 
0 6 60 63 89 165 242 399 0 24 75 89 108 202 309 217 0 66 78 128 175 306 258 13 
0 3 14 20 31 120 454 382 0 3 18 32 55 240 521 155 0 3 21 40 151 394 262 153 
0 0 2 19 19 68 254 662 0 0 11 23 35 137 359 459 0 7 14 22 48 166 462 305 
0 43 475 209 76 51 75 95 0 0 417 322 92 49 93 51 0 10 205 334 268 61 88 58 
12 656 354 2 0 0 0 0 0 210 673 141 0 0 0 0 77 738 209 0 0 0 0 0 
10 788 217 9 0 0 0 0 0 511 499 14 0 0 0 0 50 740 225 9 0 0 0 0 
15 451 376 146 36 0 0 0 1 232 560 198 33 0 0 0 53 452 341 132 46 0 0 0 
0 169 441 226 180 8 0 0 0 23 439 331 215 16 0 0 0 184 341 245 222 31 1 0 
0 0 6 96 397 469 56 0 0 0 17 226 568 211 2 0 0 0 9 208 651 154 2 0 
0 3 320 278 273 115 35 0 0 2 44 510 290 146 32 0 0 0 23 142 555 178 104 22 
0 0 11 96 174 231 359 153 0 0 0 68 170 231 408 147 0 0 0 0 82 210 353 379 
0 0 0 50 402 130 83 359 0 0 0 281 204 120 53 366 0 0 0 26 406 162 50 380 
0 0 0 86 455 311 80 92 0 0 3 146 490 240 49 96 0 0 0 137 401 348 28 110 
0 0 17 650 237 115 5 0 0 0 56 716 171 80 1 0 0 0 36 403 489 93 3 0 
0 0 15 524 391 91 3 0 0 0 35 578 340 71 0 0 0 0 14 455 473 76 6 0 
0 0 45 459 287 209 24 0 0 0 69 453 301 185 16 0 0 0 79 159 518 246 22 0 
0 2 181 310 415 116 0 0 0 0 116 326 462 120 0 0 0 0 87 392 429 116 0 0 
0 23 498 420 81 2 0 0 0 3 377 522 113 9 0 0 0 77 589 318 39 1 0 0 
0 74 744 180 26 0 0 0 0 50 693 249 32 0 0 0 0 127 770 113 14 0 0 0 
1 107 493 310 100 9 4 0 0 76 422 376 133 13 4 0 5 258 530 196 30 5 0 0 
1 127 491 313 67 25 0 0 0 40 295 457 193 36 3 0 9 281 505 192 34 3 0 0 
0 62 441 387 111 18 5 0 0 14 244 434 279 46 6 1 4 262 503 215 31 9 0 0 
0 250 680 81 12 1 0 0 0 161 670 170 20 3 0 0 4 493 490 32 5 0 0 0 
6 323 577 111 7 0 0 0 0 273 605 135 11 0 0 0 10 388 543 79 4 0 0 0 
0 29 432 418 136 9 0 0 0 61 426 416 116 5 0 0 0 46 603 288 86 1 0 0 
0 8 427 359 161 66 3 0 0 38 418 363 141 64 0 0 0 6 349 437 169 61 2 0 
0 0 356 322 255 88 3 0 0 8 374 313 254 74 1 0 0 3 280 386 288 66 1 0 
0 34 379 266 211 133 1 0 0 0 74 450 228 178 94 0 0 52 405 297 228 42 0 0 
1 164 424 300 112 23 0 0 0 0 144 435 271 158 16 0 0 163 398 369 77 17 0 0 
96 475 261 117 69 6 0 0 0 76 422 274 107 112 33 0 45 408 356 157 54 4 0 0 
7 387 409 136 83 2 0 0 0 186 450 197 104 68 19 0 42 509 293 114 63 3 0 0 
0 15 421 277 187 105 19 0 0 4 420 332 167 94 7 0 0 8 162 452 269 107 26 0 
0 0 15 474 271 162 100 2 0 0 18 468 309 160 69 0 0 0 1 126 576 197 119 5 
0 5 38 382 238 176 180 5 0 4 50 393 231 193 150 3 0 7 40 213 375 218 167 4 
0 15 280 188 184 148 39 170 0 38 298 162 178 150 33 165 0 25 240 205 182 158 46 168 
0 0 2 85 702 177 39 19 0 0 0 55 748 164 36 21 0 0 0 0 52 608 317 47 
0 0 10 13 268 471 257 5 0 3 16 10 424 390 181 0 0 0 6 15 9 227 677 90 
0 0 43 97 97 264 415 108 0 20 73 91 165 385 265 25 1 20 62 93 176 275 245 152 
0 0 6 27 83 341 304 263 0 2 15 49 175 366 306 111 0 9 41 115 191 390 269 9 
0 0 8 63 176 253 295 229 0 2 19 120 232 297 290 64 0 18 109 224 282 269 113 9 
0 0 0 1 8 10 106 899 0 0 0 5 15 70 128 806 0 12 23 31 82 199 171 506 
0 0 11 37 44 92 333 507 0 4 33 41 61 246 345 294 1 19 51 114 285 273 119 162 
0 1 33 90 109 112 337 342 0 15 43 111 108 189 384 174 1 14 57 124 148 251 347 82 
0 19 289 127 29 42 99 419 0 7 284 158 29 56 234 256 0 139 279 50 36 104 360 56 
15 789 219 1 0 0 0 0 0 358 644 22 0 0 0 0 88 790 146 0 0 0 0 0 
42 742 240 0 0 0 0 0 10 407 517 90 0 0 0 0 90 807 127 0 0 0 0 0 
11 684 325 4 0 0 0 0 0 335 576 113 0 0 0 0 63 825 136 0 0 0 0 0 
1 362 500 114 43 4 0 0 0 90 707 177 48 2 0 0 32 487 299 146 60 0 0 0 
0 0 0 16 151 339 362 156 0 0 0 8 170 328 436 82 0 0 0 1 47 302 528 146 
0 0 1 150 205 409 249 10 0 0 0 57 215 431 315 6 0 0 0 0 55 270 520 179 
0 0 0 0 52 89 505 378 0 0 0 0 28 104 557 335 0 0 0 0 0 51 219 754 
0 0 0 0 0 0 46 978 0 0 0 0 0 0 63 961 0 0 0 0 0 0 32 992 
0 0 0 36 70 201 408 309 0 0 0 25 69 70 532 328 0 0 0 0 63 60 360 541 
0 0 1 234 479 282 28 0 0 0 80 234 489 210 11 0 0 0 91 182 444 295 12 0 
0 0 9 443 350 159 61 2 0 0 44 577 248 127 28 0 0 2 68 546 253 132 23 0 
0 0 55 664 146 124 35 0 0 0 345 451 120 105 3 0 0 5 268 497 130 122 2 0 
0 6 469 428 105 16 0 0 0 5 588 337 86 8 0 0 0 18 592 329 76 9 0 0 
0 52 720 243 9 0 0 0 0 45 733 240 6 0 0 0 0 106 679 237 2 0 0 0 
0 309 662 53 0 0 0 0 0 295 673 56 0 0 0 0 0 191 786 47 0 0 0 0 
0 187 491 287 48 8 3 0 0 128 394 381 100 18 3 0 5 258 599 138 19 5 0 0 
2 148 577 275 21 1 0 0 0 40 402 496 84 2 0 0 3 341 548 130 2 0 0 0 
0 106 578 308 32 0 0 0 0 13 343 523 138 7 0 0 4 227 603 173 17 0 0 0 
1 271 508 216 27 1 0 0 0 202 466 280 71 4 1 0 10 436 462 109 6 1 0 0 
0 259 604 143 18 0 0 0 0 216 560 230 18 0 0 0 14 393 519 85 13 0 0 0 
0 66 513 350 85 10 0 0 0 84 521 342 75 2 0 0 0 54 590 304 73 3 0 0 
0 0 432 402 116 71 3 0 0 12 456 386 116 54 0 0 0 34 219 558 148 61 4 0 
0 0 561 242 89 112 20 0 0 0 628 190 97 97 12 0 0 18 330 450 110 105 11 0 
0 0 153 542 231 92 6 0 0 0 127 449 324 95 29 0 0 1 157 532 261 72 1 0 
0 59 532 319 103 11 0 0 0 1 162 530 232 92 7 0 1 64 409 341 185 24 0 0 
56 439 283 166 74 6 0 0 0 206 301 278 109 96 34 0 28 385 335 187 85 4 0 0 
2 356 338 245 75 8 0 0 0 217 337 218 210 41 1 0 19 445 220 170 154 15 1 0 
0 29 515 275 156 49 0 0 0 8 514 295 166 41 0 0 0 141 236 359 224 56 8 0 
0 0 18 383 159 312 108 44 0 0 18 384 138 335 112 37 0 0 0 104 353 338 159 70 
0 0 19 65 110 157 291 382 0 0 16 72 121 178 338 299 0 1 38 81 123 216 285 280 
0 0 3 30 44 205 176 566 0 0 41 193 136 73 70 511 0 0 4 30 20 34 77 859 
0 0 0 6 114 202 84 618 0 0 19 13 115 219 56 602 0 0 0 1 9 161 218 635 
0 0 0 12 499 429 67 17 0 0 5 116 618 261 12 12 0 0 5 77 215 602 112 13 
0 0 25 69 163 345 348 74 0 12 43 104 279 436 147 3 5 26 61 136 361 358 77 0 
0 0 21 32 187 341 284 159 0 7 30 79 326 291 226 65 1 25 47 241 305 225 154 26 
0 0 11 25 145 342 337 164 0 3 18 65 260 381 246 51 0 16 26 87 269 332 243 51 
0 0 13 75 189 297 302 148 0 5 44 120 259 327 213 56 3 32 117 218 320 246 72 16 
0 0 17 91 182 381 273 80 0 4 57 101 236 457 135 34 2 38 75 157 351 289 104 8 
0 112 149 170 147 200 182 64 19 152 135 190 162 237 125 4 44 186 178 242 188 134 52 0 
0 6 62 28 36 110 356 426 0 25 62 29 73 262 362 211 0 31 70 58 201 304 293 67 
30 644 308 20 6 4 4 8 7 473 461 64 6 4 8 1 57 728 215 10 4 9 1 0 
87 904 33 0 0 0 0 0 63 825 136 0 0 0 0 0 276 720 28 0 0 0 0 0 
18 749 247 10 0 0 0 0 7 491 498 28 0 0 0 0 115 809 97 3 0 0 0 0 
0 524 401 76 23 0 0 0 10 547 367 83 17 0 0 0 55 718 210 36 5 0 0 0 
0 0 116 165 117 152 220 254 0 0 104 155 172 221 198 174 0 0 0 77 183 162 213 389 
0 0 0 0 0 42 473 509 0 0 0 0 0 71 514 439 0 0 0 0 0 0 211 813 
0 0 0 0 0 0 561 463 0 0 0 0 0 18 645 361 0 0 0 5 18 24 236 741 
0 0 0 0 0 3 92 929 0 0 0 0 0 15 113 896 0 0 0 0 4 50 184 786 
0 0 0 0 1 232 424 367 0 0 0 0 0 110 595 319 0 0 0 0 0 41 616 367 
0 8 46 337 365 198 70 0 0 15 163 370 255 159 62 0 2 13 217 288 277 153 70 4 
0 0 4 219 290 189 80 242 0 0 100 274 275 105 65 205 4 44 130 172 295 116 102 161 
0 0 49 543 265 77 39 51 0 0 157 542 173 66 22 64 0 8 117 289 416 102 35 57 
0 15 525 375 108 1 0 0 0 24 569 357 74 0 0 0 0 12 360 517 133 2 0 0 
0 32 716 252 24 0 0 0 0 68 711 233 12 0 0 0 0 86 629 302 7 0 0 0 
0 298 670 56 0 0 0 0 0 195 766 63 0 0 0 0 0 307 678 39 0 0 0 0 
0 600 289 122 13 0 0 0 0 493 376 144 11 0 0 0 1 551 365 106 1 0 0 0 
0 554 323 140 7 0 0 0 1 592 294 134 3 0 0 0 1 629 309 83 2 0 0 0 
4 347 437 175 61 0 0 0 5 362 436 164 57 0 0 0 75 510 297 130 12 0 0 0 
9 527 395 89 4 0 0 0 14 554 365 87 4 0 0 0 35 591 345 51 2 0 0 0 
0 596 348 78 2 0 0 0 0 557 377 88 2 0 0 0 3 433 528 59 1 0 0 0 
0 178 584 235 21 6 0 0 0 159 535 289 37 4 0 0 0 123 681 191 23 6 0 0 
0 1 549 298 147 29 0 0 0 35 596 242 137 14 0 0 0 24 365 434 167 33 1 0 
0 0 452 382 121 60 9 0 0 5 415 399 137 59 9 0 0 41 216 437 227 92 11 0 
0 3 203 403 289 105 21 0 0 2 173 378 326 130 15 0 0 25 140 371 355 115 18 0 
0 63 543 271 98 27 22 0 0 13 264 356 242 121 28 0 3 104 614 196 67 38 2 0 
69 305 279 274 93 4 0 0 1 188 229 255 224 114 13 0 53 242 300 297 121 11 0 0 
0 480 427 85 32 0 0 0 6 333 527 58 73 27 0 0 46 686 191 79 22 0 0 0 
0 84 597 206 86 45 6 0 0 104 608 196 76 37 3 0 6 78 272 465 140 47 14 2 
0 0 23 85 113 163 301 339 0 0 41 69 120 171 297 326 0 0 0 29 111 157 217 510 
0 0 0 10 78 132 180 624 0 0 0 25 112 140 192 555 0 0 0 2 25 152 154 691 
0 0 1 7 52 67 53 844 0 1 6 78 45 27 64 803 0 1 1 3 11 18 85 905 
0 0 21 28 30 50 74 821 0 3 31 21 29 66 69 805 0 14 31 14 29 59 83 794 
0 0 7 24 89 52 123 729 0 1 26 91 42 47 124 693 0 7 55 72 16 37 140 697 
0 0 20 71 176 430 295 32 0 22 46 115 362 372 99 8 7 27 57 190 364 305 66 8 
0 1 26 70 219 300 316 92 0 12 47 137 295 265 258 10 7 44 118 254 254 226 121 0 
0 0 5 15 33 177 443 351 0 2 11 25 72 346 409 159 0 7 23 39 95 319 481 60 
0 4 20 79 330 401 163 27 0 10 31 144 441 327 69 2 5 25 86 378 363 142 25 0 
0 0 22 82 275 487 148 10 0 2 35 121 443 385 38 0 1 14 86 307 416 179 21 0 
0 174 207 127 145 187 145 39 25 214 174 156 184 205 58 8 55 165 219 161 262 145 17 0 
5 40 75 113 160 246 324 61 12 48 110 114 203 351 152 34 22 77 151 207 399 131 36 1 
0 341 341 53 39 77 108 65 0 147 427 166 74 107 81 22 20 503 203 55 102 95 46 0 
22 727 266 9 0 0 0 0 9 427 524 64 0 0 0 0 134 753 135 2 0 0 0 0 
21 797 196 10 0 0 0 0 5 564 398 57 0 0 0 0 99 583 327 15 0 0 0 0 
0 105 273 309 152 161 24 0 0 112 326 279 162 145 0 0 0 48 413 246 207 110 0 0 
13 238 174 74 82 116 159 168 0 189 239 81 119 112 169 115 0 0 211 203 93 107 146 264 
0 0 4 22 135 149 208 506 0 0 10 57 132 217 224 384 0 0 0 0 31 89 240 664 
0 0 0 33 72 111 202 606 0 0 6 33 101 162 295 427 0 0 0 2 48 108 296 570 
0 0 8 103 207 187 111 408 0 0 10 129 278 137 108 362 0 0 4 73 251 149 175 372 
0 0 12 139 140 237 120 376 0 0 14 135 141 226 164 344 0 0 2 52 142 198 359 271 
0 1 176 417 135 232 55 8 0 28 293 316 83 180 116 8 0 1 242 333 124 48 206 70 
0 3 65 328 283 143 89 113 0 12 93 394 238 100 71 116 0 4 79 331 324 110 102 74 
0 0 46 585 252 76 29 36 0 0 175 554 185 50 20 40 0 0 177 448 289 54 37 19 
0 0 105 558 332 29 0 0 0 1 165 626 225 7 0 0 0 12 136 387 457 32 0 0 
0 2 659 313 48 2 0 0 0 2 665 300 57 0 0 0 0 0 375 518 128 3 0 0 
0 200 743 81 0 0 0 0 0 135 812 77 0 0 0 0 0 38 861 123 2 0 0 0 
0 797 154 31 38 4 0 0 0 644 310 33 33 4 0 0 0 310 647 32 32 3 0 0 
0 334 481 85 80 44 0 0 0 477 359 82 78 28 0 0 27 448 370 90 73 16 0 0 
0 395 526 80 22 1 0 0 6 601 349 48 19 1 0 0 49 747 192 27 9 0 0 0 
2 624 377 19 2 0 0 0 23 812 177 10 2 0 0 0 48 846 121 9 0 0 0 0 
1 683 301 25 11 3 0 0 0 690 303 22 9 0 0 0 40 566 385 26 7 0 0 0 
0 552 336 82 24 13 10 7 0 530 350 90 23 11 11 9 0 187 689 91 30 10 11 6 
0 21 546 253 115 27 26 36 0 3 482 327 118 23 25 46 0 6 198 528 158 73 23 38 
0 4 577 302 107 34 0 0 0 22 529 335 108 30 0 0 0 7 319 382 238 77 1 0 
0 0 456 385 143 40 0 0 0 0 367 456 122 69 10 0 0 0 91 677 169 79 8 0 
1 192 390 247 170 24 0 0 0 51 284 272 206 176 35 0 1 194 341 318 156 14 0 0 
97 383 264 185 77 18 0 0 1 150 334 232 156 127 24 0 84 327 308 213 80 12 0 0 
14 405 421 133 51 0 0 0 1 210 494 184 69 59 7 0 43 525 260 117 65 14 0 0 
0 34 625 263 84 18 0 0 0 19 639 278 75 13 0 0 0 40 411 436 109 28 0 0 
0 0 40 463 297 148 53 23 0 0 70 402 328 156 53 15 0 0 6 197 397 267 113 44 
0 28 58 100 223 191 148 276 11 63 42 142 208 188 165 205 0 0 13 62 159 251 212 327 
0 8 52 165 213 153 192 241 9 138 133 84 103 142 166 249 0 0 0 17 76 149 316 466 
0 0 28 105 179 175 117 420 1 133 163 97 75 77 88 390 0 0 0 0 23 112 221 668 
0 14 76 163 167 107 137 360 31 123 119 100 91 95 152 313 0 6 13 55 94 202 280 374 
0 13 131 345 237 202 86 10 2 60 289 271 214 158 30 0 9 106 348 227 208 117 9 0 
0 0 14 56 223 263 339 129 0 3 39 94 278 296 283 31 2 28 62 160 299 348 117 8 
0 1 24 132 209 268 240 150 0 8 60 200 275 255 157 69 4 54 172 283 251 170 74 16 
0 2 46 169 292 233 195 87 0 8 79 202 321 243 141 30 0 16 76 227 409 249 41 6 
0 6 73 191 254 331 141 28 0 19 129 214 348 254 57 3 8 66 212 387 277 71 3 0 
0 341 272 84 83 81 122 41 20 404 210 109 93 127 61 0 44 381 250 104 106 115 24 0 
1 180 239 174 146 132 134 18 3 248 237 154 141 162 78 1 4 122 368 187 120 125 92 6 
7 589 153 43 23 52 126 31 0 373 366 60 36 100 82 7 77 617 90 31 58 94 56 1 
2 737 274 11 0 0 0 0 0 284 669 71 0 0 0 0 73 842 106 3 0 0 0 0 
24 661 310 26 3 0 0 0 1 415 551 57 0 0 0 0 33 523 439 22 7 0 0 0 
0 181 300 311 215 17 0 0 0 95 417 325 185 2 0 0 0 2 420 415 186 1 0 0 
22 202 287 306 118 43 46 0 8 181 239 269 192 75 60 0 0 95 214 189 299 134 72 21 
0 0 75 188 217 261 136 147 0 17 112 204 239 256 139 57 0 1 126 211 323 228 120 15 
0 0 9 35 89 250 273 368 0 14 39 75 132 357 276 131 0 23 47 99 308 304 158 85 
0 8 63 120 244 256 155 178 0 46 73 153 270 235 191 56 0 35 63 129 310 212 156 119 
0 0 30 129 168 206 320 171 0 0 19 139 159 189 345 173 0 0 1 73 161 159 257 373 
3 64 208 347 191 119 71 21 0 40 235 273 153 121 133 69 0 6 228 248 166 129 118 129 
1 58 144 332 239 153 74 23 0 5 141 360 167 137 167 47 0 13 113 338 183 142 176 59 
0 0 34 381 247 186 135 41 0 2 121 321 228 136 99 117 0 0 125 256 275 135 102 131 
0 0 23 275 286 342 83 15 0 1 29 210 276 284 166 58 0 0 12 160 332 330 159 31 
2 8 275 251 221 213 54 0 0 0 202 230 129 160 221 82 0 1 16 402 184 250 135 36 
5 38 396 128 151 186 120 0 0 1 289 173 15 39 103 404 0 0 184 280 43 144 288 85 
42 237 231 136 295 80 3 0 0 47 337 96 24 26 135 359 4 45 346 96 39 272 219 3 
66 346 271 111 99 65 52 14 32 455 209 68 53 62 96 49 112 454 157 64 52 118 61 6 
1 483 466 74 0 0 0 0 35 741 216 32 0 0 0 0 97 781 139 7 0 0 0 0 
2 521 495 6 0 0 0 0 12 898 112 2 0 0 0 0 18 682 295 29 0 0 0 0 
88 743 190 3 0 0 0 0 102 685 233 4 0 0 0 0 29 323 605 65 2 0 0 0 
2 319 568 56 20 13 18 28 0 119 673 144 24 11 16 37 0 25 620 289 27 14 21 28 
3 202 569 146 53 16 24 11 0 33 631 219 87 14 23 17 3 121 383 351 103 28 21 14 
0 6 452 495 69 2 0 0 0 0 405 426 189 4 0 0 0 0 21 504 463 36 0 0 
3 53 413 408 111 36 0 0 0 24 276 478 215 31 0 0 0 57 242 325 335 65 0 0 
5 283 266 215 200 52 3 0 0 65 326 198 254 170 11 0 3 240 300 253 182 45 1 0 
61 450 282 157 57 17 0 0 6 256 368 185 150 51 8 0 45 354 321 189 97 17 1 0 
21 727 272 4 0 0 0 0 1 534 478 11 0 0 0 0 117 810 92 5 0 0 0 0 
0 78 668 212 53 13 0 0 0 101 626 242 48 7 0 0 0 169 405 381 63 6 0 0 
0 19 251 267 134 136 217 0 0 1 160 213 111 110 82 347 0 0 26 360 177 133 307 21 
0 2 53 103 46 220 480 120 0 39 29 28 85 58 101 684 0 0 4 53 73 192 548 154 
0 0 15 168 143 46 421 231 15 186 92 31 22 13 21 644 0 0 0 0 2 42 488 492 
0 6 112 282 118 250 147 109 16 301 186 47 33 39 67 335 0 0 1 8 47 205 379 384 
0 0 0 3 100 230 81 610 0 33 214 54 29 21 25 648 0 0 0 1 3 8 124 888 
0 25 200 299 231 137 24 108 0 28 218 305 215 132 14 112 4 81 315 248 177 81 31 87 
0 13 103 218 369 178 99 44 0 18 128 247 378 157 83 13 2 59 168 293 296 177 29 0 
0 1 33 85 155 246 358 146 0 11 45 106 202 329 293 38 6 23 43 117 238 309 260 28 
0 0 12 85 189 218 262 258 0 2 50 136 230 229 276 101 5 47 117 214 245 245 144 7 
0 0 9 43 142 229 385 216 0 0 34 79 217 275 362 57 0 25 67 116 227 359 215 15 
0 325 230 91 109 153 79 37 0 211 367 136 160 98 51 1 0 249 463 140 89 72 11 0 
0 56 266 366 336 0 0 0 0 29 257 443 295 0 0 0 0 9 131 207 334 342 1 0 
20 897 102 5 0 0 0 0 1 729 292 2 0 0 0 0 55 894 66 9 0 0 0 0 
6 724 282 12 0 0 0 0 0 367 546 111 0 0 0 0 49 828 145 2 0 0 0 0 
9 577 337 84 17 0 0 0 0 385 527 110 2 0 0 0 47 317 610 49 1 0 0 0 
0 165 512 170 168 9 0 0 0 91 625 167 141 0 0 0 0 1 351 517 148 7 0 0 
0 36 218 416 335 18 1 0 0 0 143 417 405 58 1 0 0 0 86 260 529 145 3 1 
0 10 134 202 224 179 197 78 0 3 68 221 284 225 204 19 0 0 24 162 198 259 219 162 
0 0 9 18 35 72 54 836 0 7 16 20 76 49 85 771 0 14 15 5 24 98 157 711 
0 13 66 204 127 69 99 446 0 41 52 214 118 89 119 391 16 49 194 125 107 137 231 165 
6 49 125 184 112 71 78 399 0 11 76 144 156 140 125 372 8 15 44 145 216 176 315 105 
8 204 300 169 211 131 1 0 0 1 67 98 139 322 200 197 0 2 12 90 144 200 290 286 
1 34 146 217 276 290 58 2 0 9 106 114 124 150 208 313 0 7 76 106 124 176 177 358 
0 37 143 122 182 328 185 27 0 1 113 134 128 217 308 123 0 0 23 177 219 247 204 154 
2 54 51 34 175 350 181 177 0 3 65 37 24 131 120 644 2 22 55 28 117 260 82 458 
4 19 33 44 216 346 109 253 0 7 24 28 37 41 83 804 7 22 24 104 215 67 52 533 
65 58 46 69 171 335 177 103 0 48 79 86 119 231 228 233 19 87 88 104 164 233 129 200 
36 57 61 39 111 408 269 43 0 51 76 51 85 243 226 292 7 58 78 52 68 183 243 335 
0 54 91 75 121 314 306 63 0 64 86 61 72 216 312 213 10 64 75 66 88 223 248 250 
0 207 530 74 39 75 77 22 1 464 317 52 41 60 68 21 13 545 243 47 76 45 18 37 
4 189 623 155 39 14 0 0 2 458 400 132 27 5 0 0 57 524 339 87 16 1 0 0 
22 341 452 69 32 51 54 3 6 177 495 217 101 27 1 0 8 140 563 164 39 73 37 0 
14 337 420 147 58 39 8 1 0 88 410 366 115 39 6 0 8 191 468 221 70 47 18 1 
0 284 608 94 38 0 0 0 0 8 427 509 80 0 0 0 5 237 615 115 49 3 0 0 
11 203 517 173 47 36 37 0 0 33 463 363 125 39 1 0 7 97 393 335 93 56 42 1 
31 326 462 146 42 16 1 0 5 188 399 326 78 27 1 0 49 180 429 280 70 15 1 0 
54 417 344 172 34 3 0 0 10 370 262 237 119 25 1 0 6 185 451 310 71 1 0 0 
107 556 241 107 13 0 0 0 26 417 347 165 67 2 0 0 76 460 298 155 35 0 0 0 
36 606 375 6 1 0 0 0 24 485 505 8 2 0 0 0 30 843 142 7 2 0 0 0 
1 297 549 150 27 0 0 0 0 157 661 174 32 0 0 0 10 402 441 147 24 0 0 0 
0 37 271 390 132 70 119 5 3 422 249 108 34 16 13 179 0 26 101 177 109 90 402 119 
0 18 65 169 290 7 383 92 3 445 75 11 7 7 7 469 0 0 26 46 37 46 513 356 
13 37 43 62 150 253 407 59 16 186 54 21 15 23 44 665 0 0 33 44 44 287 459 157 
52 126 14 6 115 187 340 184 71 103 18 0 9 23 13 787 0 13 48 59 154 207 361 182 
13 46 75 63 15 18 40 754 13 141 34 12 7 8 21 788 0 3 36 54 42 61 74 754 
0 35 260 275 252 36 23 143 0 92 443 241 72 11 15 150 3 51 167 251 134 78 157 183 
0 13 118 371 378 131 13 0 0 35 171 399 327 92 0 0 6 83 317 363 207 48 0 0 
0 4 71 169 292 332 147 9 0 21 94 212 365 280 52 0 4 38 98 233 362 235 54 0 
0 8 41 251 388 231 88 17 0 17 90 394 338 156 29 0 4 37 293 325 271 87 7 0 
0 0 19 177 394 318 77 39 0 4 60 348 418 137 48 9 5 28 265 447 198 65 16 0 
0 155 200 101 125 178 188 77 0 85 300 149 175 192 101 22 0 104 301 189 218 164 45 3 
0 35 205 332 396 56 0 0 0 3 227 418 364 12 0 0 0 3 117 117 369 404 14 0 
50 760 159 46 9 0 0 0 7 700 260 52 5 0 0 0 39 750 179 44 12 0 0 0 
100 850 65 7 2 0 0 0 3 744 257 11 6 3 0 0 166 820 32 4 2 0 0 0 
6 453 349 106 76 34 0 0 0 120 583 131 80 73 37 0 16 422 345 140 75 26 0 0 
0 193 585 175 68 3 0 0 0 33 737 190 63 1 0 0 0 7 413 513 79 12 0 0 
0 7 262 338 209 208 0 0 0 0 59 391 250 70 66 188 0 0 28 465 239 93 141 58 
0 14 105 417 345 143 0 0 0 0 9 92 589 334 0 0 0 0 35 477 480 32 0 0 
0 0 0 3 35 207 499 280 0 0 0 6 38 499 471 10 0 0 0 7 485 511 21 0 
0 0 0 0 2 6 261 755 0 0 0 2 2 259 375 386 0 0 0 2 152 450 420 0 
0 0 0 0 3 11 66 944 0 0 0 0 0 30 225 769 0 0 0 0 4 73 362 585 
0 63 76 131 205 296 139 114 0 3 16 47 202 304 304 148 0 1 6 59 145 344 291 178 
0 3 17 74 193 330 220 187 0 0 0 52 108 223 371 270 0 0 12 32 109 211 333 327 
0 0 4 32 165 283 262 278 0 0 16 59 145 173 266 365 0 3 54 123 205 254 179 206 
0 38 106 59 56 82 113 570 5 98 88 69 54 51 101 558 12 141 91 136 361 211 51 21 
5 157 175 89 83 91 124 300 2 187 165 74 71 93 132 300 66 223 132 157 180 105 88 73 
0 165 188 143 121 158 150 99 0 179 173 116 119 135 188 114 68 208 145 125 162 203 91 22 
0 235 230 153 149 128 90 39 0 328 184 127 123 116 94 52 100 324 167 138 123 76 51 45 
2 167 245 249 191 111 47 12 10 354 231 151 105 77 68 28 180 224 236 179 92 63 33 17 
1 225 323 173 125 96 46 35 12 334 220 152 124 91 62 29 34 336 238 136 118 73 45 44 
4 458 451 67 22 9 13 0 6 698 225 65 12 17 1 0 86 674 191 42 10 8 13 0 
2 355 532 112 17 5 1 0 0 19 459 459 77 10 0 0 5 294 506 180 32 7 0 0 
39 380 506 79 20 0 0 0 0 92 455 407 69 1 0 0 32 309 518 138 27 0 0 0 
0 374 580 53 15 2 0 0 0 9 578 408 26 3 0 0 5 461 513 33 10 2 0 0 
8 170 676 82 30 28 30 0 2 56 533 352 49 30 2 0 11 149 552 227 30 36 19 0 
35 560 423 6 0 0 0 0 19 482 501 22 0 0 0 0 1 191 611 221 0 0 0 0 
263 599 158 4 0 0 0 0 213 565 241 5 0 0 0 0 61 511 437 14 1 0 0 0 
96 577 255 83 13 0 0 0 22 507 313 128 50 4 0 0 31 522 293 141 36 1 0 0 
29 544 442 9 0 0 0 0 17 501 493 13 0 0 0 0 23 586 390 25 0 0 0 0 
14 292 522 168 24 2 2 0 5 112 402 290 189 21 2 3 10 239 508 222 26 15 3 1 
0 36 176 112 267 83 316 34 0 66 84 106 227 152 37 352 1 110 35 69 89 202 393 125 
7 147 275 92 106 17 126 254 3 269 262 49 36 15 25 365 0 160 195 98 62 59 121 329 
45 157 218 233 122 27 161 61 114 334 129 16 13 33 152 233 42 154 94 95 219 78 235 107 
120 325 163 1 250 165 0 0 237 339 14 11 7 6 86 324 115 101 49 40 372 340 7 0 
43 179 284 43 79 272 107 17 114 371 52 12 8 23 160 284 78 91 37 50 185 440 133 10 
10 64 225 291 122 48 99 165 1 88 322 206 37 64 65 241 1 94 248 223 94 92 145 127 
0 204 102 174 103 38 32 371 46 197 81 180 87 37 41 355 0 20 57 133 161 197 90 366 
0 17 104 134 173 114 60 422 0 49 146 172 121 99 23 414 2 96 183 158 92 60 22 411 
0 4 77 314 165 231 211 22 0 23 200 258 214 244 85 0 5 62 226 310 248 154 19 0 
0 1 75 185 165 291 270 37 0 15 144 175 233 355 97 5 4 64 226 206 304 203 17 0 
0 96 193 63 143 329 174 26 0 42 258 132 280 263 48 1 0 190 195 220 257 140 22 0 
0 63 253 157 234 299 15 3 0 8 288 169 401 137 14 7 0 83 152 112 108 472 84 13 
44 685 209 28 28 23 6 1 18 514 384 64 30 7 5 2 78 643 216 27 27 26 1 6 
131 820 69 4 0 0 0 0 3 634 367 17 3 0 0 0 258 725 38 3 0 0 0 0 
83 548 252 114 22 4 1 0 0 207 497 173 121 24 2 0 37 378 392 149 62 6 0 0 
26 294 417 195 83 9 0 0 0 53 403 318 181 68 1 0 0 97 476 310 126 15 0 0 
0 0 25 108 253 597 38 3 0 3 90 196 186 67 68 414 0 2 51 202 224 91 364 90 
0 0 0 96 284 297 230 117 0 0 24 239 342 299 113 7 0 0 0 40 317 348 269 50 
0 0 0 12 90 177 309 436 0 0 4 85 164 300 317 154 0 0 0 12 119 283 424 186 
0 0 0 2 101 202 316 403 0 0 0 63 209 344 350 58 0 0 0 4 49 346 328 297 
0 0 0 0 45 167 182 630 0 0 0 26 87 201 228 482 0 0 0 0 2 149 216 657 
0 6 79 118 126 156 189 350 0 37 102 68 77 160 283 297 0 0 9 32 106 195 250 432 
0 12 95 197 264 209 187 60 0 6 66 190 231 252 204 75 0 9 42 95 153 321 228 176 
0 0 18 142 347 383 129 5 0 37 58 71 75 265 424 94 40 196 165 180 174 166 92 11 
0 0 7 62 335 529 63 28 0 0 2 10 32 193 557 230 6 17 62 171 289 276 137 66 
18 236 113 159 230 216 51 1 0 173 148 69 115 149 241 129 5 182 137 73 136 165 227 99 
3 78 263 240 181 144 88 27 2 133 212 202 195 137 90 53 13 86 216 228 195 159 76 51 
2 68 267 274 196 134 62 21 2 99 279 236 160 139 81 28 16 74 142 204 247 153 116 72 
10 115 221 260 179 132 86 21 0 88 188 242 209 131 107 59 13 97 166 192 228 157 86 85 
0 129 563 187 59 46 20 20 4 411 362 117 57 45 18 10 49 488 199 107 81 46 28 26 
0 394 413 102 62 29 18 6 25 622 213 73 51 23 15 2 85 574 206 73 49 22 12 3 
0 215 503 252 54 0 0 0 0 146 447 344 84 3 0 0 0 103 511 256 146 8 0 0 
3 71 555 334 47 10 4 0 0 42 519 385 61 12 5 0 0 41 389 443 128 14 9 0 
0 263 519 179 57 6 0 0 0 27 460 408 113 15 1 0 2 249 488 194 68 22 1 0 
8 261 547 185 19 4 0 0 0 27 319 465 169 39 5 0 9 173 569 240 25 8 0 0 
1 175 523 278 22 11 4 10 0 32 384 309 157 123 9 10 0 38 411 416 133 14 2 10 
0 175 450 339 60 0 0 0 0 109 454 374 87 0 0 0 0 39 424 328 223 10 0 0 
9 307 383 287 32 6 0 0 7 306 315 339 47 10 0 0 1 231 296 391 95 9 1 0 
2 142 569 296 15 0 0 0 0 117 586 294 27 0 0 0 0 64 513 394 53 0 0 0 
9 305 461 198 40 8 2 1 1 215 484 257 51 6 8 2 1 179 468 272 71 29 3 1 
3 19 250 406 319 23 4 0 0 2 28 413 284 51 164 82 1 2 22 175 351 452 19 2 
0 21 305 233 453 12 0 0 0 16 147 316 502 43 0 0 0 0 16 250 219 492 47 0 
6 38 32 121 242 281 216 88 0 36 33 89 205 302 255 104 0 6 38 33 130 263 358 196 
0 0 3 46 166 264 302 243 0 0 13 37 114 143 293 424 0 0 0 0 69 240 312 403 
0 59 121 84 78 116 269 297 5 143 79 41 67 90 234 365 2 72 80 52 72 80 196 470 
0 10 75 157 99 183 235 265 0 31 95 109 91 191 295 212 0 25 83 64 53 110 197 492 
1 492 151 60 55 73 116 76 366 227 55 62 57 83 123 51 0 0 13 20 64 389 348 190 
6 387 123 58 90 220 105 35 170 283 96 71 168 177 35 24 9 57 59 167 336 298 59 39 
0 2 47 116 238 306 228 87 0 20 83 188 312 264 140 17 17 72 184 283 229 203 36 0 
0 0 19 100 242 361 295 7 0 0 51 163 333 392 85 0 0 10 115 266 332 263 38 0 
2 195 98 73 129 207 252 68 0 192 144 115 202 265 91 15 9 270 133 132 188 258 32 2 
5 99 162 170 269 266 27 26 0 42 171 172 408 163 18 50 5 71 104 99 179 399 113 54 
31 769 90 39 72 22 1 0 18 544 340 39 42 34 7 0 104 717 61 27 45 54 16 0 
24 944 56 0 0 0 0 0 3 761 258 2 0 0 0 0 148 865 11 0 0 0 0 0 
21 510 367 74 46 6 0 0 4 392 483 92 48 5 0 0 65 590 287 64 17 1 0 0 
2 129 392 231 195 60 12 3 0 148 371 245 187 61 11 1 6 143 311 376 174 14 0 0 
0 8 343 440 125 52 43 13 2 381 401 123 64 45 8 0 99 338 170 184 161 46 26 0 
0 0 8 126 221 241 228 200 0 0 44 271 283 205 176 45 0 0 0 9 245 340 283 147 
0 0 1 144 171 203 167 338 0 0 12 236 240 180 218 138 0 0 0 6 81 434 381 122 
0 0 0 27 111 217 213 456 0 0 16 45 220 178 306 259 0 0 0 1 41 146 360 476 
0 0 0 0 69 168 188 599 0 0 0 17 103 187 225 492 0 0 0 0 8 44 298 674 
0 0 1 34 107 165 197 520 0 0 0 4 40 204 276 500 0 3 66 142 82 107 216 408 
0 66 254 222 205 218 57 2 0 41 175 186 179 221 204 18 13 196 335 317 123 29 10 1 
0 5 59 127 283 209 297 44 0 68 94 193 90 183 213 183 3 20 171 161 122 127 167 253 
0 0 5 149 534 262 71 3 0 0 16 191 406 300 91 20 6 54 52 61 148 331 289 83 
0 245 195 98 133 155 126 72 6 290 144 99 95 132 130 128 66 186 146 111 118 142 158 97 
11 155 209 245 162 124 93 25 84 220 219 185 130 97 78 11 83 191 151 174 203 114 68 40 
6 58 221 354 218 110 45 12 20 227 367 201 123 56 26 4 87 312 337 170 83 30 4 1 
13 153 261 260 162 112 56 7 4 203 300 202 138 91 71 15 38 256 302 212 123 75 16 2 
0 56 419 319 185 37 6 2 2 221 416 252 104 22 5 2 45 414 310 190 46 14 3 2 
1 252 266 188 229 85 3 0 30 376 209 215 168 25 1 0 184 326 205 225 79 5 0 0 
0 102 403 60 431 28 0 0 0 178 340 372 129 5 0 0 0 76 676 249 23 0 0 0 
0 242 517 175 88 2 0 0 0 231 570 186 37 0 0 0 0 179 677 168 0 0 0 0 
4 221 684 74 18 10 11 2 1 238 647 95 19 10 14 0 1 66 725 175 28 9 12 8 
0 152 440 262 131 24 14 1 0 214 389 300 89 20 11 1 0 12 432 245 256 56 18 5 
3 57 311 393 238 19 3 0 2 47 307 439 210 16 3 0 0 12 144 404 339 118 7 0 
0 25 254 487 231 25 2 0 0 25 210 495 268 24 1 1 0 1 113 430 406 67 6 1 
0 28 283 555 153 5 0 0 0 16 236 527 235 10 0 0 0 2 120 405 430 66 1 0 
9 66 325 435 167 12 7 3 4 48 225 433 257 46 5 6 0 29 155 402 354 70 7 7 
29 167 469 208 89 17 6 39 41 266 306 183 101 74 23 30 2 96 284 245 166 184 30 17 
0 8 272 176 79 50 71 368 105 60 11 9 23 174 442 200 0 0 0 99 253 242 279 151 
1 335 440 83 51 50 31 33 5 62 73 216 444 104 101 19 0 0 242 552 91 81 51 7 
0 358 418 102 57 74 15 0 19 127 99 424 237 37 58 23 0 0 305 448 121 81 63 6 
1 125 542 202 118 36 0 0 14 93 22 334 436 125 0 0 0 0 118 527 198 136 45 0 
7 111 245 410 178 59 14 0 21 102 120 347 231 159 38 6 0 0 56 283 439 156 67 23 
0 6 170 370 241 150 87 0 0 12 121 395 203 147 132 14 0 3 30 192 385 213 152 49 
12 104 139 298 277 154 40 0 16 121 177 295 238 159 18 0 4 35 165 244 221 214 138 3 
81 95 111 223 248 162 85 19 120 92 160 271 209 122 48 2 146 94 185 256 195 124 23 1 
0 0 59 262 238 295 162 8 0 10 188 262 282 247 35 0 1 52 239 248 376 106 2 0 
5 110 28 112 358 327 70 14 63 74 42 241 390 183 31 0 103 49 145 399 252 73 3 0 
97 374 125 106 124 89 79 30 298 187 160 128 149 70 32 0 298 217 108 151 155 82 13 0 
0 31 46 60 290 499 86 12 0 53 50 92 528 274 27 0 0 7 45 56 107 594 193 22 
45 640 189 38 58 50 4 0 15 508 365 42 67 27 0 0 73 714 90 33 47 59 8 0 
81 860 83 0 0 0 0 0 15 706 303 0 0 0 0 0 145 842 37 0 0 0 0 0 
197 699 116 10 2 0 0 0 45 677 269 32 1 0 0 0 168 733 112 11 0 0 0 0 
1 390 333 175 122 3 0 0 0 326 366 214 109 9 0 0 1 311 469 157 86 0 0 0 
0 0 362 180 92 144 166 80 2 469 88 43 169 188 65 0 281 249 65 213 196 20 0 0 
0 0 0 0 3 17 243 761 0 0 0 3 8 140 473 400 0 0 0 3 183 434 370 34 
0 0 0 0 0 5 307 712 0 0 0 0 0 89 534 401 0 0 0 0 125 518 300 81 
0 0 0 0 0 2 121 901 0 0 0 0 0 16 286 722 0 0 0 0 23 279 531 191 
0 0 0 0 0 0 0 1024 0 0 0 0 0 0 1 1023 0 0 0 0 0 0 277 747 
0 0 0 15 33 110 107 759 0 0 0 9 35 83 123 774 0 0 2 49 115 92 222 544 
22 152 395 126 146 143 40 0 2 115 243 239 115 161 130 19 1 132 323 279 131 77 73 8 
55 89 137 164 188 192 145 54 84 122 226 263 150 110 62 7 153 163 235 240 143 56 23 11 
147 175 155 394 118 35 0 0 228 173 305 217 51 50 0 0 276 155 357 105 52 78 1 0 
22 424 266 295 15 2 0 0 43 545 204 227 3 2 0 0 251 420 322 29 2 0 0 0 
43 458 324 174 25 0 0 0 165 465 289 103 2 0 0 0 363 419 203 39 0 0 0 0 
0 108 450 350 105 11 0 0 5 288 409 266 53 3 0 0 37 441 383 142 17 2 2 0 
9 196 359 220 136 58 30 16 15 368 272 178 99 49 35 8 85 290 201 213 133 62 27 13 
0 32 356 397 208 26 2 3 3 149 483 290 84 11 2 2 47 413 370 168 22 2 2 0 
0 179 223 121 476 25 0 0 27 257 166 232 341 1 0 0 177 216 171 445 15 0 0 0 
0 0 0 3 769 249 3 0 0 0 0 216 755 53 0 0 0 0 232 737 55 0 0 0 
0 0 3 19 789 207 6 0 0 0 4 309 589 122 0 0 0 0 265 624 135 0 0 0 
0 30 239 63 467 208 17 0 0 104 181 305 332 102 0 0 0 53 343 468 159 1 0 0 
0 97 519 49 205 152 2 0 0 197 428 83 279 37 0 0 0 29 552 356 81 6 0 0 
0 39 784 113 45 38 5 0 0 86 762 98 42 36 0 0 0 0 661 259 81 23 0 0 
0 93 552 143 198 35 3 0 0 129 521 178 171 22 3 0 0 3 362 323 206 118 12 0 
0 35 388 256 282 46 14 3 0 37 375 279 277 44 11 1 0 11 220 345 306 116 22 4 
2 35 225 421 277 54 10 0 0 24 208 433 296 52 11 0 0 7 124 372 374 121 26 0 
2 66 402 317 177 36 24 0 75 222 238 271 170 47 1 0 1 31 133 217 287 313 37 5 
0 96 825 73 3 3 2 22 859 132 3 4 3 3 19 1 0 0 0 1 54 511 437 21 
0 52 441 51 82 55 124 219 424 49 16 11 42 177 279 26 0 0 0 65 182 492 203 82 
0 0 10 31 293 252 86 352 7 5 3 4 6 18 277 704 0 0 0 0 307 324 187 206 
0 24 24 407 220 56 34 259 0 26 16 7 6 120 707 142 0 0 6 238 442 168 127 43 
0 0 213 361 87 45 90 228 43 17 8 10 127 548 255 16 0 0 15 509 188 221 85 6 
226 249 74 144 74 64 41 152 497 143 57 23 10 23 182 89 405 66 54 66 152 145 97 39 
222 536 111 140 15 0 0 0 673 107 162 81 1 0 0 0 718 142 137 27 0 0 0 0 
480 324 40 77 43 42 16 2 780 41 68 67 37 25 6 0 764 63 79 72 35 9 2 0 
586 248 30 72 65 19 4 0 819 30 38 98 31 8 0 0 818 43 78 59 21 5 0 0 
176 841 4 1 2 0 0 0 860 161 1 1 1 0 0 0 966 54 2 1 1 0 0 0 
313 530 122 56 3 0 0 0 606 229 151 37 1 0 0 0 615 133 160 96 20 0 0 0 
37 376 303 243 65 0 0 0 10 432 388 175 19 0 0 0 2 287 310 253 158 14 0 0 
72 839 111 2 0 0 0 0 8 816 200 0 0 0 0 0 115 840 67 2 0 0 0 0 
225 758 41 0 0 0 0 0 91 763 170 0 0 0 0 0 218 763 43 0 0 0 0 0 
409 519 95 1 0 0 0 0 179 680 164 1 0 0 0 0 275 654 95 0 0 0 0 0 
33 437 482 72 0 0 0 0 0 192 562 229 41 0 0 0 3 272 559 188 2 0 0 0 
0 18 401 121 109 155 107 113 37 449 134 135 126 113 30 0 229 329 174 142 141 9 0 0 
0 0 0 2 59 109 209 645 0 0 45 87 159 209 244 280 0 26 97 153 232 254 222 40 
0 0 0 15 44 87 162 716 0 2 25 54 87 191 295 370 0 14 49 93 187 297 291 93 
0 0 0 37 96 151 191 549 0 6 58 139 151 155 207 308 0 37 138 143 161 197 216 132 
0 0 0 20 122 132 128 622 0 0 69 100 107 104 162 482 0 3 109 104 113 143 235 317 
0 0 0 35 157 136 161 535 0 0 50 135 107 160 253 319 0 1 120 102 157 262 311 71 
82 227 193 149 150 113 88 22 98 247 125 138 159 136 86 35 69 136 199 176 110 121 188 25 
120 504 253 103 34 5 3 2 253 487 180 82 16 1 4 1 307 457 198 56 3 3 0 0 
228 280 452 64 0 0 0 0 307 475 209 33 0 0 0 0 337 545 139 3 0 0 0 0 
26 538 376 78 6 0 0 0 55 788 137 44 0 0 0 0 280 634 87 23 0 0 0 0 
0 425 582 17 0 0 0 0 12 884 122 6 0 0 0 0 146 833 45 0 0 0 0 0 
0 356 659 9 0 0 0 0 13 874 137 0 0 0 0 0 144 855 25 0 0 0 0 0 
0 348 608 68 0 0 0 0 13 710 294 7 0 0 0 0 247 662 115 0 0 0 0 0 
0 167 584 208 62 3 0 0 14 398 469 117 25 1 0 0 128 579 248 66 3 0 0 0 
0 154 148 96 299 307 20 0 16 213 122 91 409 173 0 0 163 143 104 412 192 10 0 0 
0 0 1 24 466 496 37 0 0 0 8 54 813 149 0 0 0 2 51 792 178 1 0 0 
0 0 0 0 245 779 0 0 0 0 0 0 1021 3 0 0 0 0 0 1024 0 0 0 0 
0 0 0 0 125 797 102 0 0 0 0 0 878 134 12 0 0 0 0 842 99 83 0 0 
0 0 0 0 146 675 203 0 0 0 0 0 747 205 72 0 0 0 0 728 164 132 0 0 
0 0 28 9 61 718 207 1 0 1 27 14 586 342 54 0 0 1 30 492 365 136 0 0 
0 10 253 55 57 488 161 0 0 14 274 45 290 395 6 0 0 0 271 226 457 69 1 0 
0 2 543 159 26 146 148 0 0 12 589 107 38 258 20 0 0 3 350 351 163 157 0 0 
0 25 679 225 66 25 4 0 0 60 673 201 66 24 0 0 0 5 462 451 53 53 0 0 
0 0 294 307 197 66 154 6 0 0 336 287 200 137 64 0 0 0 91 439 151 276 67 0 
0 0 252 302 27 137 302 4 342 187 30 24 81 296 64 0 0 0 0 0 47 487 481 9 
0 51 577 261 20 24 20 71 673 203 21 25 14 28 43 17 0 0 0 0 74 495 385 70 
0 339 587 63 6 6 5 18 836 146 9 6 5 4 8 10 0 0 0 0 527 356 118 23 
0 226 538 163 1 15 17 64 799 126 3 14 13 5 50 14 0 0 0 0 357 395 212 60 
0 104 876 21 3 5 3 12 906 93 5 4 3 4 9 0 0 0 0 2 304 688 17 13 
362 267 146 220 10 6 2 11 683 306 12 8 2 4 9 0 522 82 29 26 47 251 63 4 
171 853 0 0 0 0 0 0 961 63 0 0 0 0 0 0 986 38 0 0 0 0 0 0 
611 389 17 7 0 0 0 0 950 52 16 6 0 0 0 0 934 64 17 9 0 0 0 0 
839 185 0 0 0 0 0 0 1008 16 0 0 0 0 0 0 1011 13 0 0 0 0 0 0 
365 659 0 0 0 0 0 0 969 55 0 0 0 0 0 0 989 35 0 0 0 0 0 0 
335 425 227 37 0 0 0 0 517 197 258 51 1 0 0 0 509 138 290 85 2 0 0 0 
34 574 408 8 0 0 0 0 10 443 541 30 0 0 0 0 0 286 633 105 0 0 0 0 
107 562 339 16 0 0 0 0 100 553 353 18 0 0 0 0 52 522 387 63 0 0 0 0 
148 759 115 2 0 0 0 0 96 766 159 3 0 0 0 0 14 749 250 11 0 0 0 0 
135 694 192 3 0 0 0 0 80 696 243 5 0 0 0 0 14 658 351 1 0 0 0 0 
62 740 165 57 0 0 0 0 7 408 474 97 38 0 0 0 5 470 468 79 2 0 0 0 
0 137 473 145 119 74 68 8 91 482 201 133 95 22 0 0 190 522 174 97 34 7 0 0 
0 1 117 147 155 191 224 189 2 127 228 185 211 178 87 6 2 211 262 232 197 103 17 0 
0 0 1 120 266 126 157 354 0 7 215 183 142 170 209 98 0 30 337 157 214 169 104 13 
0 0 41 85 236 179 130 353 0 56 122 187 147 174 171 167 12 86 212 218 176 135 165 20 
0 0 0 42 231 198 172 381 0 0 97 214 173 160 174 206 0 15 185 225 181 178 158 82 
0 0 0 6 24 50 158 786 0 0 1 27 36 125 251 584 0 0 23 41 131 271 477 81 
115 367 261 91 37 43 31 79 174 379 250 40 32 31 48 70 172 462 203 30 40 59 58 0 
55 531 276 151 11 0 0 0 348 349 283 44 0 0 0 0 382 408 234 0 0 0 0 0 
0 107 566 197 154 0 0 0 7 410 370 237 0 0 0 0 61 605 336 22 0 0 0 0 
0 406 558 58 2 0 0 0 25 710 286 3 0 0 0 0 140 747 135 2 0 0 0 0 
2 354 575 93 0 0 0 0 18 716 268 22 0 0 0 0 121 759 144 0 0 0 0 0 
4 192 476 325 27 0 0 0 38 452 388 146 0 0 0 0 100 539 355 30 0 0 0 0 
4 319 368 267 55 11 0 0 85 508 263 151 17 0 0 0 265 448 264 43 4 0 0 0 
0 42 250 288 278 136 30 0 11 158 323 268 218 42 4 0 55 312 382 204 58 13 0 0 
0 0 147 140 232 472 33 0 0 50 177 174 566 54 3 0 7 169 165 608 65 10 0 0 
0 6 72 56 123 623 129 15 0 43 69 73 554 238 47 0 25 71 78 546 240 64 0 0 
0 0 0 0 48 690 275 11 0 0 0 3 532 406 83 0 0 0 2 407 472 142 1 0 
0 0 0 0 47 846 103 28 0 0 0 0 623 328 73 0 0 0 0 491 433 86 14 0 
0 0 0 0 2 984 27 11 0 0 0 0 752 244 28 0 0 0 0 663 331 24 6 0 
0 0 0 0 3 774 186 61 0 0 0 0 335 542 132 15 0 0 0 352 476 159 37 0 
0 0 0 0 0 781 234 9 0 0 0 0 369 575 80 0 0 0 0 314 594 116 0 0 
0 0 0 0 4 818 199 3 0 0 0 0 477 456 91 0 0 0 0 279 601 143 1 0 
0 0 4 46 29 685 247 13 0 0 4 51 539 293 137 0 0 0 4 402 343 270 5 0 
0 2 104 189 56 181 434 58 0 2 136 169 115 193 409 0 0 0 77 240 192 423 92 0 
0 0 0 0 0 2 410 612 0 0 0 0 2 359 605 58 0 0 0 0 19 572 433 0 
0 0 11 52 13 45 90 813 12 40 15 14 38 84 275 546 0 0 0 5 31 234 532 222 
0 0 89 221 17 39 30 628 150 146 18 16 21 37 30 606 0 0 0 0 44 161 534 285 
0 5 259 76 10 26 26 622 185 131 23 11 25 8 33 608 0 0 0 0 75 319 401 229 
0 0 125 105 19 17 30 728 87 119 28 19 15 31 293 432 0 0 0 0 72 491 461 0 
386 346 26 11 8 10 11 226 738 24 8 10 11 14 201 18 735 28 7 6 14 130 99 5 
232 792 0 0 0 0 0 0 970 54 0 0 0 0 0 0 939 85 0 0 0 0 0 0 
537 169 78 189 45 5 1 0 621 77 77 184 59 3 3 0 608 83 57 158 104 11 3 0 
860 164 0 0 0 0 0 0 1015 9 0 0 0 0 0 0 1007 17 0 0 0 0 0 0 
641 383 0 0 0 0 0 0 1004 20 0 0 0 0 0 0 967 57 0 0 0 0 0 0 
275 188 411 148 2 0 0 0 353 86 331 235 19 0 0 0 309 99 231 335 50 0 0 0 
0 77 690 252 5 0 0 0 0 42 667 303 12 0 0 0 0 7 411 563 43 0 0 0 
5 266 619 132 2 0 0 0 4 247 599 164 10 0 0 0 1 127 602 270 24 0 0 0 
20 570 384 42 8 0 0 0 8 534 427 44 10 1 0 0 0 202 483 310 26 3 0 0 
21 546 451 6 0 0 0 0 23 428 558 15 0 0 0 0 0 139 669 215 1 0 0 0 
58 618 298 48 2 0 0 0 2 288 573 146 15 0 0 0 1 298 576 138 10 1 0 0 
0 39 431 107 85 155 180 27 31 306 215 95 128 223 26 0 151 350 153 235 135 0 0 0 
0 0 1 28 105 187 243 460 0 1 23 86 211 169 410 124 0 13 148 176 265 406 16 0 
0 0 0 1 21 43 170 789 0 0 0 11 35 68 739 171 0 0 18 48 156 769 33 0 
0 0 0 5 31 150 258 580 0 0 0 29 44 198 397 356 0 0 20 60 338 303 302 1 
0 0 0 0 0 149 166 709 0 0 0 0 4 217 175 628 0 0 0 26 236 138 524 100 
6 113 15 25 10 4 12 839 48 77 15 22 7 9 43 803 74 52 19 16 9 61 708 85 
7 142 332 423 30 3 12 75 35 191 573 127 10 2 20 66 73 281 567 13 4 19 62 5 
1 361 148 354 157 3 0 0 182 237 242 353 10 0 0 0 229 234 461 100 0 0 0 0 
0 83 97 172 633 39 0 0 15 132 82 620 175 0 0 0 31 139 493 361 0 0 0 0 
2 150 539 145 180 8 0 0 13 367 369 201 74 0 0 0 78 514 280 152 0 0 0 0 
0 2 985 37 0 0 0 0 0 79 945 0 0 0 0 0 0 656 368 0 0 0 0 0 
15 173 270 362 204 0 0 0 61 220 392 327 24 0 0 0 141 336 530 17 0 0 0 0 
0 334 85 101 391 106 7 0 58 338 57 311 229 31 0 0 303 124 228 280 85 4 0 0 
0 0 0 0 445 543 36 0 0 0 0 123 777 124 0 0 0 0 46 823 150 5 0 0 
0 0 0 0 40 789 194 1 0 0 0 0 750 219 55 0 0 0 0 715 197 112 0 0 
0 0 0 0 6 964 48 6 0 0 0 0 935 58 31 0 0 0 0 857 127 40 0 0 
0 0 0 0 0 1022 2 0 0 0 0 0 759 264 1 0 0 0 0 795 228 1 0 0 
0 0 0 0 0 681 123 220 0 0 0 0 447 282 270 25 0 0 0 247 462 109 206 0 
0 0 0 0 0 304 231 489 0 0 0 0 58 311 632 23 0 0 0 52 285 186 501 0 
0 0 0 0 38 630 118 238 0 0 0 0 501 222 271 30 0 0 0 340 362 87 235 0 
0 0 0 0 17 890 91 26 0 0 0 0 626 322 65 11 0 0 0 413 505 88 18 0 
0 0 0 0 0 817 206 1 0 0 0 0 369 602 53 0 0 0 0 292 630 102 0 0 
0 0 0 0 0 771 238 15 0 0 0 0 233 708 83 0 0 0 0 127 770 119 8 0 
0 0 0 0 0 770 252 2 0 0 0 0 163 849 12 0 0 0 0 90 872 62 0 0 
0 0 0 0 0 124 119 781 0 0 0 0 35 196 788 5 0 0 0 21 169 485 349 0 
0 0 0 0 0 0 2 1022 0 0 0 0 0 2 539 483 0 0 0 0 0 272 727 25 
0 0 0 0 0 0 0 1024 0 0 0 0 0 0 53 971 0 0 0 0 0 27 349 648 
0 0 0 0 0 0 0 1024 0 0 0 0 0 0 0 1024 0 0 0 0 0 0 866 158 
0 0 0 0 0 0 0 1024 0 0 0 0 0 0 405 619 0 0 0 0 0 430 594 0 
263 556 31 6 9 7 8 144 836 17 8 8 6 10 118 21 836 19 9 8 6 78 68 0 
218 790 9 5 2 0 0 0 971 37 10 4 2 0 0 0 974 36 8 4 2 0 0 0 
334 87 232 170 158 41 2 0 364 60 201 258 105 35 1 0 333 65 98 224 170 123 11 0 
899 125 0 0 0 0 0 0 1020 4 0 0 0 0 0 0 987 37 0 0 0 0 0 0 
780 244 0 0 0 0 0 0 990 34 0 0 0 0 0 0 987 37 0 0 0 0 0 0 
59 61 404 440 53 7 0 0 65 30 256 545 121 7 0 0 63 30 102 473 339 17 0 0 
0 31 394 555 43 1 0 0 0 26 289 594 115 0 0 0 0 7 138 519 348 12 0 0 
4 187 492 304 37 0 0 0 11 172 457 342 42 0 0 0 0 18 295 569 134 8 0 0 
155 697 167 5 0 0 0 0 122 698 198 6 0 0 0 0 0 21 556 411 36 0 0 0 
29 446 477 66 6 0 0 0 18 253 633 115 5 0 0 0 0 58 585 362 19 0 0 0 
127 759 131 7 0 0 0 0 0 406 583 35 0 0 0 0 2 430 538 53 1 0 0 0 
0 12 657 114 58 166 17 0 0 592 184 57 80 111 0 0 164 502 152 195 11 0 0 0 
0 117 150 22 29 184 216 306 0 197 88 30 164 188 259 98 0 201 95 188 236 275 29 0 
0 173 103 17 17 19 130 565 0 266 22 22 15 34 563 102 0 145 143 19 49 593 75 0 
1 289 93 21 21 13 73 513 70 307 25 17 19 42 307 237 69 313 24 21 63 331 198 5 
0 304 319 25 18 107 54 197 2 293 341 21 23 122 52 170 3 217 290 151 133 52 149 29 
7 304 60 314 270 4 8 57 116 206 48 193 392 4 9 56 100 221 32 101 394 112 37 27 
14 714 295 1 0 0 0 0 50 831 143 0 0 0 0 0 175 774 75 0 0 0 0 0 
10 654 358 2 0 0 0 0 213 669 142 0 0 0 0 0 297 678 49 0 0 0 0 0 
0 141 883 0 0 0 0 0 5 786 233 0 0 0 0 0 12 982 30 0 0 0 0 0 
0 0 1003 21 0 0 0 0 0 428 596 0 0 0 0 0 0 938 86 0 0 0 0 0 
0 0 549 474 1 0 0 0 0 35 913 76 0 0 0 0 0 489 535 0 0 0 0 0 
0 0 4 888 132 0 0 0 0 0 368 656 0 0 0 0 0 11 916 97 0 0 0 0 
0 104 165 332 373 39 11 0 4 195 260 416 130 19 0 0 134 184 429 246 28 3 0 0 
0 0 20 60 594 343 7 0 0 3 47 215 719 39 1 0 0 18 83 807 111 5 0 0 
0 0 5 7 44 704 208 56 0 0 6 9 608 176 225 0 0 6 5 647 108 198 60 0 
0 0 0 0 10 594 334 86 0 0 0 0 415 316 293 0 0 0 0 464 235 254 71 0 
0 0 0 0 0 667 229 128 0 0 0 0 103 681 237 3 0 0 0 364 405 176 79 0 
0 0 0 0 0 472 451 101 0 0 0 0 10 794 218 2 0 0 0 178 612 99 135 0 
0 0 0 0 0 594 244 186 0 0 0 0 45 665 311 3 0 0 0 146 542 122 214 0 
0 0 0 0 0 674 128 222 0 0 0 0 334 396 267 27 0 0 0 70 619 100 235 0 
0 0 0 0 0 487 243 294 0 0 0 0 256 313 420 35 0 0 0 73 467 164 320 0 
0 0 0 0 0 495 262 267 0 0 0 0 78 614 265 67 0 0 0 8 641 99 276 0 
0 0 0 0 0 745 253 26 0 0 0 0 102 855 63 4 0 0 0 69 826 109 20 0 
0 0 0 0 0 703 318 3 0 0 0 0 101 901 22 0 0 0 0 61 883 80 0 0 
0 0 0 0 0 146 488 390 0 0 0 0 5 616 403 0 0 0 0 4 410 610 0 0 
0 0 0 0 0 0 247 777 0 0 0 0 0 350 494 180 0 0 0 0 126 580 318 0 
0 0 0 0 0 0 1 1023 0 0 0 0 0 4 220 800 0 0 0 0 0 136 888 0 
0 0 0 0 0 0 0 1024 0 0 0 0 0 0 0 1024 0 0 0 0 0 0 1024 0 
0 0 0 0 0 0 1 1023 0 0 0 0 0 3 576 445 0 0 0 0 0 558 466 0 
159 781 15 13 7 8 7 34 925 35 12 4 10 7 31 0 939 27 7 7 8 16 20 0 
354 483 122 61 2 2 0 0 770 64 122 64 3 1 0 0 787 41 85 96 15 0 0 0 
260 62 627 66 9 0 0 0 277 69 612 65 1 0 0 0 253 43 195 497 36 0 0 0 
1009 15 0 0 0 0 0 0 1024 0 0 0 0 0 0 0 1023 1 0 0 0 0 0 0 
902 113 9 0 0 0 0 0 976 41 7 0 0 0 0 0 968 43 12 1 0 0 0 0 
0 42 347 483 121 30 1 0 0 8 236 600 145 34 1 0 0 2 73 421 363 143 21 1 
0 58 418 421 112 14 1 0 0 26 301 569 111 16 1 0 0 7 157 533 278 41 8 0 
4 129 572 311 7 1 0 0 6 94 491 399 33 1 0 0 0 40 304 584 94 2 0 0 
72 156 636 154 6 0 0 0 55 134 507 314 14 0 0 0 0 112 335 520 56 1 0 0 
0 154 689 175 6 0 0 0 0 54 566 395 9 0 0 0 0 14 470 499 41 0 0 0 
106 613 297 8 0 0 0 0 0 36 898 90 0 0 0 0 0 269 644 111 0 0 0 0 
60 257 514 107 86 0 0 0 129 550 183 128 34 0 0 0 191 597 93 86 57 0 0 0 
10 806 208 0 0 0 0 0 80 872 72 0 0 0 0 0 72 865 87 0 0 0 0 0 
22 816 186 0 0 0 0 0 41 782 201 0 0 0 0 0 64 431 519 10 0 0 0 0 
20 421 582 1 0 0 0 0 69 621 334 0 0 0 0 0 130 844 50 0 0 0 0 0 
0 186 775 63 0 0 0 0 0 301 593 130 0 0 0 0 4 448 232 313 27 0 0 0 
0 17 374 291 330 12 0 0 0 59 379 233 348 5 0 0 0 291 126 90 335 182 0 0 
0 0 839 185 0 0 0 0 0 126 898 0 0 0 0 0 0 812 212 0 0 0 0 0 
0 191 704 129 0 0 0 0 79 454 488 3 0 0 0 0 140 735 149 0 0 0 0 0 
0 27 508 384 105 0 0 0 9 131 639 238 7 0 0 0 22 474 432 96 0 0 0 0 
0 0 468 540 16 0 0 0 0 15 791 218 0 0 0 0 0 257 745 22 0 0 0 0 
0 0 70 930 24 0 0 0 0 0 789 235 0 0 0 0 0 89 935 0 0 0 0 0 
0 0 0 351 656 17 0 0 0 0 59 868 97 0 0 0 0 4 769 249 2 0 0 0 
9 65 64 88 513 285 0 0 13 83 77 372 450 29 0 0 67 83 221 609 44 0 0 0 
9 186 354 168 137 155 15 0 73 329 291 91 202 38 0 0 156 456 126 194 87 5 0 0 
0 4 53 71 32 594 251 19 1 24 98 24 527 165 185 0 2 86 48 467 192 216 13 0 
0 0 0 0 0 769 206 49 0 0 0 0 329 532 155 8 0 0 0 490 321 168 45 0 
0 0 0 0 0 586 245 193 0 0 0 0 209 465 336 14 0 0 0 311 324 181 208 0 
0 0 0 0 0 709 169 146 0 0 0 0 390 417 216 1 0 0 0 219 562 87 156 0 
0 0 0 0 0 1009 15 0 0 0 0 0 288 735 1 0 0 0 0 219 803 2 0 0 
0 0 0 0 0 1019 5 0 0 0 0 0 453 571 0 0 0 0 0 151 873 0 0 0 
0 0 0 0 0 920 102 2 0 0 0 0 581 423 20 0 0 0 0 75 881 66 2 0 
0 0 0 0 0 755 261 8 0 0 0 0 437 433 154 0 0 0 0 131 667 219 7 0 
0 0 0 0 0 511 356 157 0 0 0 0 267 392 344 21 0 0 0 148 413 327 136 0 
0 0 0 0 0 745 211 68 0 0 0 0 111 743 170 0 0 0 0 110 687 170 57 0 
0 0 0 0 0 402 622 0 0 0 0 0 13 1008 3 0 0 0 0 1 782 241 0 0 
0 0 0 0 0 0 561 463 0 0 0 0 0 594 378 52 0 0 0 0 400 522 102 0 
0 0 0 0 0 0 0 1024 0 0 0 0 0 2 559 463 0 0 0 0 2 495 527 0 
0 0 0 0 0 0 0 1024 0 0 0 0 0 0 0 1024 0 0 0 0 0 0 1024 0 
0 20 18 10 7 8 12 949 33 12 6 7 10 11 607 338 35 13 6 7 10 608 345 0 
339 675 10 0 0 0 0 0 1012 12 0 0 0 0 0 0 1012 12 0 0 0 0 0 0 
262 371 15 17 12 64 246 37 611 25 12 17 19 104 229 7 627 20 12 11 71 193 90 0 
154 100 127 27 20 129 294 173 241 26 120 33 107 85 370 42 222 35 50 155 77 217 264 4 
990 34 0 0 0 0 0 0 1024 0 0 0 0 0 0 0 1023 1 0 0 0 0 0 0 
881 109 34 0 0 0 0 0 925 62 37 0 0 0 0 0 874 92 58 0 0 0 0 0 
0 56 668 300 0 0 0 0 0 32 640 352 0 0 0 0 0 0 328 684 12 0 0 0 
0 145 657 162 40 17 3 0 0 207 613 160 26 16 2 0 0 6 590 294 106 24 4 0 
2 251 289 359 54 45 24 0 2 259 284 362 50 45 22 0 0 10 389 255 222 99 48 1 
6 157 397 290 156 18 0 0 2 102 373 365 165 17 0 0 0 14 263 343 306 89 9 0 
0 151 569 206 59 39 0 0 0 62 520 344 60 38 0 0 0 12 270 590 95 52 5 0 
1 347 668 8 0 0 0 0 0 168 787 69 0 0 0 0 0 43 734 247 0 0 0 0 
0 54 555 112 292 11 0 0 0 320 304 174 223 3 0 0 0 531 109 78 295 11 0 0 
35 244 745 0 0 0 0 0 54 585 385 0 0 0 0 0 20 913 91 0 0 0 0 0 
67 511 436 8 2 0 0 0 64 544 385 31 0 0 0 0 1 295 537 188 3 0 0 0 
0 26 988 10 0 0 0 0 0 301 723 0 0 0 0 0 0 842 182 0 0 0 0 0 
0 65 901 58 0 0 0 0 0 290 683 51 0 0 0 0 0 609 305 75 35 0 0 0 
0 0 63 334 461 144 22 0 0 2 280 195 385 139 23 0 0 92 229 141 180 298 83 1 
0 0 18 460 477 69 0 0 0 0 272 574 177 1 0 0 0 121 625 256 22 0 0 0 
0 42 69 254 630 29 0 0 2 70 112 760 80 0 0 0 31 73 702 207 11 0 0 0 
4 201 396 318 105 0 0 0 66 471 220 267 0 0 0 0 120 492 390 22 0 0 0 0 
0 3 141 449 423 8 0 0 0 92 186 727 19 0 0 0 4 153 665 200 2 0 0 0 
1 120 231 318 350 4 0 0 37 256 135 550 46 0 0 0 103 263 525 132 1 0 0 0 
0 138 260 109 514 3 0 0 11 304 151 537 21 0 0 0 90 319 417 198 0 0 0 0 
0 78 260 105 356 225 0 0 4 220 186 261 353 0 0 0 82 305 132 505 0 0 0 0 
0 106 86 57 100 662 13 0 26 119 71 59 559 190 0 0 100 101 68 556 197 2 0 0 
0 204 158 234 99 308 21 0 53 214 280 86 250 140 1 0 132 303 175 219 189 6 0 0 
0 28 19 167 87 678 45 0 7 33 152 99 418 313 2 0 26 45 213 311 418 11 0 0 
0 0 0 0 0 784 237 3 0 0 0 0 278 716 30 0 0 0 0 250 677 97 0 0 
0 0 0 0 10 797 210 7 0 0 0 0 391 550 82 1 0 0 0 174 685 161 4 0 
0 0 2 8 14 824 165 11 0 0 5 10 418 526 65 0 0 2 7 119 732 161 3 0 
0 0 0 0 0 834 173 17 0 0 0 0 226 745 53 0 0 0 0 182 780 60 2 0 
0 0 0 0 0 938 86 0 0 0 0 0 335 683 6 0 0 0 0 219 792 13 0 0 
0 0 0 0 0 1022 2 0 0 0 0 0 305 719 0 0 0 0 0 240 784 0 0 0 
0 0 0 0 0 1023 1 0 0 0 0 0 368 656 0 0 0 0 0 256 768 0 0 0 
0 0 0 0 39 874 110 1 0 0 0 1 601 391 31 0 0 0 0 316 617 90 1 0 
0 0 0 1 7 266 664 86 0 0 0 2 124 661 230 7 0 0 1 40 533 378 72 0 
0 0 0 0 0 0 587 437 0 0 0 0 0 623 351 50 0 0 0 0 163 774 87 0 
0 0 0 0 0 0 0 1024 0 0 0 0 0 24 928 72 0 0 0 0 0 864 160 0 
0 0 0 0 0 0 0 1024 0 0 0 0 0 0 256 768 0 0 0 0 0 286 738 0 
0 132 24 9 10 9 11 829 151 10 10 9 10 9 613 212 148 16 9 11 11 646 183 0 
455 569 0 0 0 0 0 0 1018 6 0 0 0 0 0 0 1016 8 0 0 0 0 0 0 
219 271 16 18 224 191 76 9 463 29 23 18 384 33 74 0 483 22 18 371 41 66 23 0 
204 79 19 16 345 353 6 2 280 15 20 40 660 6 3 0 281 17 20 651 48 5 2 0 
1015 9 0 0 0 0 0 0 1024 0 0 0 0 0 0 0 1022 2 0 0 0 0 0 0 
770 86 23 29 92 24 0 0 828 31 22 30 93 14 6 0 845 31 26 103 8 11 0 0 
0 5 175 35 243 242 296 28 0 1 184 60 315 201 263 0 0 0 175 364 158 262 65 0 
0 158 335 60 321 117 26 7 0 184 316 166 269 72 17 0 0 21 453 376 134 28 12 0 
0 427 504 28 23 42 0 0 0 500 436 33 49 6 0 0 0 12 858 102 47 5 0 0 
0 234 760 30 0 0 0 0 0 250 742 32 0 0 0 0 0 46 675 303 0 0 0 0 
0 613 316 81 13 1 0 0 0 533 380 96 14 1 0 0 0 36 787 165 34 2 0 0 
4 425 384 133 47 22 9 0 50 396 414 88 48 20 8 0 34 349 260 289 56 25 11 0 
0 126 454 110 258 76 0 0 5 250 385 94 285 5 0 0 0 182 405 116 173 148 0 0 
70 213 740 1 0 0 0 0 85 347 592 0 0 0 0 0 54 793 177 0 0 0 0 0 
82 626 148 89 77 2 0 0 109 601 158 101 55 0 0 0 35 262 488 108 102 29 0 0 
0 149 556 262 53 4 0 0 0 224 673 96 31 0 0 0 0 366 520 52 68 18 0 0 
58 210 575 150 26 5 0 0 74 299 562 77 12 0 0 0 57 650 301 16 0 0 0 0 
11 127 335 336 98 64 53 0 26 122 344 359 64 71 38 0 9 41 194 312 302 69 88 9 
0 0 21 103 853 47 0 0 0 0 40 832 148 4 0 0 0 0 552 435 30 5 2 0 
0 0 0 1 833 149 41 0 0 0 0 775 134 115 0 0 0 0 361 524 129 10 0 0 
0 58 47 64 511 250 94 0 21 56 49 355 316 213 14 0 46 50 283 389 228 28 0 0 
1 178 406 257 124 58 0 0 25 360 400 123 107 9 0 0 108 594 182 113 27 0 0 0 
0 8 17 101 616 271 11 0 0 14 91 222 636 61 0 0 9 69 210 598 138 0 0 0 
0 0 0 0 442 567 15 0 0 0 0 143 728 153 0 0 0 0 36 661 320 7 0 0 
0 0 0 0 230 723 70 1 0 0 0 57 726 238 3 0 0 0 6 693 314 11 0 0 
0 0 0 0 6 996 22 0 0 0 0 0 812 212 0 0 0 0 0 785 238 1 0 0 
0 0 0 0 9 1015 0 0 0 0 0 1 736 287 0 0 0 0 2 719 303 0 0 0 
0 37 69 43 107 768 0 0 5 73 48 35 607 256 0 0 36 78 42 636 232 0 0 0 
0 0 0 0 1 995 28 0 0 0 0 0 654 368 2 0 0 0 0 392 615 17 0 0 
0 0 0 0 46 875 103 0 0 0 0 0 483 516 25 0 0 0 0 179 766 79 0 0 
0 0 28 57 77 541 321 0 0 2 44 71 200 597 110 0 0 14 56 98 498 356 2 0 
0 0 57 100 56 707 104 0 0 5 95 84 141 669 30 0 0 35 101 111 614 162 1 0 
0 0 15 7 7 952 43 0 0 0 18 6 52 948 0 0 0 5 16 73 927 3 0 0 
0 0 0 0 17 902 105 0 0 0 0 0 60 936 28 0 0 0 0 23 892 103 6 0 
0 0 0 18 121 736 141 8 0 0 1 39 415 493 76 0 0 0 6 216 630 146 26 0 
0 0 0 0 104 783 137 0 0 0 0 8 749 252 15 0 0 0 0 272 614 138 0 0 
0 0 0 0 198 786 40 0 0 0 0 0 893 131 0 0 0 0 0 423 594 7 0 0 
0 0 0 0 0 242 477 305 0 0 0 0 131 662 226 5 0 0 0 0 612 404 8 0 
0 0 0 0 0 0 0 1024 0 0 0 0 0 27 951 46 0 0 0 0 1 908 115 0 
0 0 0 0 0 0 0 1024 0 0 0 0 0 41 895 88 0 0 0 0 32 950 42 0 
88 212 21 10 10 41 11 631 312 15 9 9 42 31 556 50 316 14 11 41 13 593 36 0 
609 415 0 0 0 0 0 0 1012 12 0 0 0 0 0 0 1007 17 0 0 0 0 0 0 
138 210 20 55 532 69 0 0 333 21 52 120 498 0 0 0 346 22 75 580 1 0 0 0 
329 60 17 55 435 128 0 0 385 16 52 119 452 0 0 0 387 17 60 555 5 0 0 0 
1021 3 0 0 0 0 0 0 1024 0 0 0 0 0 0 0 1023 1 0 0 0 0 0 0 
645 86 23 47 163 19 41 0 658 75 26 159 52 28 26 0 684 63 75 140 19 43 0 0 
0 0 0 10 946 28 34 6 0 0 0 794 184 21 25 0 0 0 153 816 17 34 4 0 
0 0 0 6 1014 4 0 0 0 0 0 845 179 0 0 0 0 0 191 833 0 0 0 0 
0 0 45 35 891 53 0 0 0 2 47 664 298 13 0 0 0 7 213 753 51 0 0 0 
0 66 264 55 324 296 19 0 0 57 280 223 192 271 1 0 0 11 454 223 290 46 0 0 
0 379 350 79 168 48 0 0 1 486 252 135 135 15 0 0 0 151 644 145 84 0 0 0 
11 871 127 13 2 0 0 0 30 830 155 7 2 0 0 0 11 594 408 10 1 0 0 0 
