621 310 74 19 0 0 0 0 70 349 375 163 56 10 1 0 318 418 202 68 16 2 0 0 
600 363 55 6 0 0 0 0 21 208 442 279 57 15 2 0 196 342 376 76 28 6 0 0 
425 353 195 42 8 1 0 0 4 150 166 297 209 156 37 5 152 155 288 189 175 56 9 0 
258 233 232 169 71 36 15 10 2 50 90 123 170 253 244 92 46 119 109 184 195 222 138 11 
93 119 185 140 164 289 28 6 0 23 169 156 150 348 112 66 15 128 158 134 140 342 93 14 
149 338 151 125 89 167 5 0 10 201 210 91 79 226 115 92 89 281 117 69 82 227 132 27 
223 307 255 165 64 10 0 0 10 72 99 191 247 240 140 25 57 123 193 241 241 130 33 6 
168 453 135 111 86 53 16 2 0 212 267 90 124 167 138 26 3 194 314 129 143 143 77 21 
198 381 259 105 44 24 12 1 0 0 36 170 301 365 127 25 0 46 208 353 294 85 37 1 
94 317 271 166 85 42 21 28 0 14 43 139 336 341 106 45 3 62 167 349 277 94 43 29 
646 211 140 24 3 0 0 0 113 426 247 205 24 9 0 0 386 313 168 133 17 7 0 0 
678 166 143 31 6 0 0 0 49 498 314 122 36 5 0 0 287 415 180 109 27 6 0 0 
716 179 81 23 19 6 0 0 21 517 328 93 37 14 12 2 311 423 176 66 25 21 2 0 
592 205 94 55 44 28 6 0 66 382 297 88 64 70 49 8 277 312 196 92 66 52 24 5 
524 245 131 42 24 21 25 12 123 267 286 148 85 55 44 16 289 231 206 165 60 35 34 4 
737 214 50 12 11 0 0 0 240 390 220 79 46 28 17 4 396 294 172 109 27 23 3 0 
433 277 164 105 37 7 1 0 29 227 260 151 92 90 93 82 125 221 211 182 87 89 93 16 
164 532 198 68 39 14 9 0 10 142 449 153 114 89 54 13 23 64 356 325 107 67 62 20 
716 161 85 59 3 0 0 0 134 302 165 152 92 78 64 37 350 228 177 91 78 56 44 0 
388 326 218 82 10 0 0 0 23 105 118 176 187 162 168 85 94 150 192 184 145 159 96 4 
5 212 512 242 27 20 6 0 0 38 310 537 90 27 19 3 0 17 144 528 280 24 19 12 
24 170 362 204 124 65 39 36 0 71 268 390 104 90 57 44 0 43 160 473 140 89 62 57 
153 326 346 105 15 31 14 34 58 216 364 256 47 30 15 38 86 150 223 356 119 25 26 39 
70 540 396 18 0 0 0 0 19 231 500 270 4 0 0 0 8 148 406 424 38 0 0 0 
42 252 439 100 29 67 75 20 0 82 304 417 48 38 77 58 0 9 184 479 171 32 66 83 
340 403 233 40 5 3 0 0 118 293 392 195 19 5 2 0 32 248 337 315 81 6 3 2 
493 250 189 66 25 0 1 0 33 366 216 214 94 73 24 4 50 244 248 221 134 92 33 2 
508 289 175 38 12 2 0 0 177 251 257 184 80 51 19 5 192 260 91 240 176 51 11 3 
766 146 51 40 20 1 0 0 304 376 166 71 47 22 29 9 502 263 112 66 28 27 23 3 
548 186 145 95 35 11 4 0 177 323 214 169 85 27 25 4 367 283 200 100 36 30 7 1 
0 79 618 269 40 13 5 0 0 12 161 685 106 39 16 5 0 2 40 386 488 51 43 14 
42 232 282 300 97 43 23 5 2 110 277 359 177 33 44 22 0 52 239 289 306 49 36 53 
229 375 267 112 19 6 8 8 88 258 379 217 52 10 10 10 49 218 351 208 153 21 10 14 
253 308 366 69 19 9 0 0 65 256 402 234 35 21 11 0 21 216 359 280 83 34 21 10 
399 244 157 161 22 25 15 1 155 353 191 217 56 16 28 8 62 355 251 205 95 11 32 13 
466 275 223 35 25 0 0 0 261 380 308 42 33 0 0 0 78 477 373 62 34 0 0 0 
445 235 157 122 35 22 8 0 170 354 187 176 72 28 25 12 69 198 294 201 110 81 36 35 
367 212 191 122 99 29 4 0 209 138 188 185 76 92 99 37 74 224 156 210 109 90 102 59 
67 177 331 216 154 50 24 5 5 56 88 142 289 231 154 59 19 51 115 223 225 168 152 71 
173 511 312 23 4 1 0 0 105 96 97 109 426 130 61 0 177 119 382 166 105 75 0 0 
353 250 127 87 68 94 38 7 27 430 118 139 90 67 97 56 2 294 198 75 139 90 69 157 
267 269 303 61 57 65 2 0 115 283 262 192 48 46 73 5 55 225 250 287 51 36 49 71 
252 329 225 143 65 10 0 0 80 280 283 242 60 61 18 0 32 199 265 274 134 47 55 18 
293 434 132 65 54 44 2 0 76 352 357 73 59 60 42 5 15 259 361 182 48 51 68 40 
325 405 143 130 18 3 0 0 44 535 229 100 108 6 2 0 15 303 413 133 113 41 6 0 
210 369 206 223 16 0 0 0 7 370 313 230 100 4 0 0 0 163 376 188 238 59 0 0 
110 197 223 211 133 75 70 5 65 170 222 191 179 62 84 51 22 155 209 175 198 89 57 119 
32 70 195 193 86 103 318 27 18 49 139 199 111 83 147 278 12 27 97 189 141 67 87 404 
31 31 91 142 231 420 78 0 10 30 57 92 143 232 408 52 2 20 29 65 76 141 215 476 
69 60 150 92 190 326 137 0 21 54 57 69 112 231 389 91 5 53 54 50 79 186 152 445 
399 423 188 11 3 0 0 0 209 452 239 118 4 2 0 0 137 405 271 156 52 1 2 0 
213 250 257 193 105 6 0 0 87 217 206 200 196 109 9 0 48 175 168 155 172 191 107 8 
154 252 239 205 143 31 0 0 44 218 189 200 199 118 56 0 18 123 203 146 174 193 115 52 
90 538 230 76 33 57 0 0 42 262 474 93 63 29 60 1 12 138 536 117 80 54 27 60 
194 693 125 8 3 1 0 0 88 427 489 12 4 4 0 0 43 238 670 63 5 4 1 0 
111 515 360 33 5 0 0 0 59 271 580 101 13 0 0 0 24 172 615 189 23 1 0 0 
37 195 353 380 59 0 0 0 18 128 371 365 133 9 0 0 8 95 369 313 227 5 7 0 
44 200 520 193 67 0 0 0 18 146 432 301 91 36 0 0 7 114 359 352 83 87 22 0 
48 67 121 134 225 363 66 0 19 54 89 115 119 214 367 47 0 32 68 95 100 117 190 422 
73 88 99 105 200 415 44 0 17 66 94 82 113 225 411 16 7 53 78 74 65 107 204 436 
274 533 81 86 50 0 0 0 103 227 487 65 71 70 1 0 46 236 72 475 55 67 72 1 
966 49 9 0 0 0 0 0 223 776 18 7 0 0 0 0 138 843 26 13 4 0 0 0 
348 562 40 32 37 5 0 0 100 781 45 29 26 34 9 0 57 389 446 37 27 24 26 18 
78 165 458 98 191 34 0 0 49 135 73 449 82 181 55 0 30 89 92 45 449 74 147 98 
52 188 504 124 144 12 0 0 21 107 177 477 114 122 6 0 2 56 159 114 465 95 115 18 
18 88 97 499 258 60 4 0 4 42 95 80 492 256 53 2 2 20 71 65 64 476 205 121 
36 72 62 475 261 118 0 0 15 57 54 58 469 250 121 0 2 39 56 37 54 456 151 229 
14 25 56 640 257 30 2 0 5 15 29 71 661 214 29 0 0 9 16 26 81 637 219 36 
66 54 54 615 217 18 0 0 49 52 36 466 240 179 2 0 34 47 32 41 503 204 158 5 
271 485 107 79 50 20 11 1 101 130 517 130 81 43 19 3 134 142 493 119 71 38 18 9 
