0 0 0 0 0 0 0 1024 0 0 0 0 0 0 0 1024 0 0 0 0 0 0 0 1024 
0 39 51 15 17 13 18 871 0 18 64 25 13 15 18 871 0 89 23 12 16 13 19 852 
6 923 63 20 10 0 2 0 0 947 58 13 4 1 1 0 259 733 23 7 1 1 0 0 
0 438 114 57 49 36 44 286 0 479 115 65 37 41 17 270 65 504 75 43 38 19 28 252 
0 0 0 0 0 0 0 1024 0 0 0 0 0 0 0 1024 0 0 0 0 0 0 0 1024 
0 0 0 0 0 0 0 1024 0 0 0 0 0 0 0 1024 0 0 0 0 0 0 0 1024 
0 0 0 0 0 0 0 1024 0 0 0 0 0 0 0 1024 0 0 0 0 0 0 0 1024 
0 0 0 0 0 0 0 1024 0 0 0 0 0 0 0 1024 0 0 0 0 0 0 0 1024 
0 0 0 0 0 0 0 1024 0 0 0 0 0 0 0 1024 0 0 0 0 0 0 0 1024 
0 0 0 0 0 0 0 1024 0 0 0 0 0 0 0 1024 0 0 0 0 0 0 0 1024 
0 0 0 0 0 0 0 1024 0 0 0 0 0 0 0 1024 0 0 0 0 0 0 0 1024 
0 0 0 0 0 0 0 1024 0 0 0 0 0 0 0 1024 0 0 0 0 0 0 0 1024 
0 0 0 0 0 0 0 1024 0 0 0 0 0 0 0 1024 0 0 0 0 0 0 0 1024 
0 0 0 0 0 0 0 1024 0 0 0 0 0 0 0 1024 0 0 0 0 0 0 0 1024 
0 0 0 0 0 0 0 1024 0 0 0 0 0 0 0 1024 0 0 0 0 0 0 0 1024 
0 0 0 0 0 0 0 1024 0 0 0 0 0 0 0 1024 0 0 0 0 0 0 0 1024 
0 0 0 0 0 0 0 1024 0 0 0 0 0 0 0 1024 0 0 0 0 0 0 0 1024 
0 0 0 0 0 0 0 1024 0 0 0 0 0 0 0 1024 0 0 0 0 0 0 0 1024 
0 0 0 0 0 0 0 1024 0 0 0 0 0 0 0 1024 0 0 0 0 0 0 0 1024 
0 0 0 0 0 0 0 1024 0 0 0 0 0 0 0 1024 0 0 0 0 0 0 0 1024 
0 0 0 0 2 9 25 988 0 0 0 0 4 15 37 968 0 0 0 0 5 21 64 934 
0 0 0 1 18 35 44 926 0 0 0 7 28 38 60 891 0 0 2 17 35 46 142 782 
0 0 0 23 30 35 53 883 0 0 10 26 27 43 76 842 0 0 25 30 40 54 192 683 
0 0 0 0 0 0 1 1023 0 0 0 0 0 0 3 1021 0 0 0 0 0 2 123 899 
0 0 0 0 0 0 0 1024 0 0 0 0 0 0 0 1024 0 0 0 0 0 0 613 411 
0 0 0 0 0 0 0 1024 0 0 0 0 0 0 0 1024 0 0 0 0 0 0 1024 0 
0 0 0 0 0 0 3 1021 0 0 0 0 0 1 13 1010 0 0 0 0 0 11 1013 0 
0 0 0 0 0 0 0 1024 0 0 0 0 0 0 0 1024 0 0 0 0 0 0 1024 0 
0 0 0 0 16 39 55 914 0 0 0 10 19 40 70 885 0 0 1 17 36 52 904 14 
0 0 0 0 2 49 189 784 0 0 0 0 4 62 204 754 0 0 0 0 11 109 880 24 
0 0 0 0 10 63 362 589 0 0 0 0 15 79 425 505 0 0 0 3 29 123 849 20 
0 0 0 0 13 121 604 286 0 0 0 0 19 145 681 179 0 0 0 2 45 288 679 10 
0 0 0 0 0 2 4 1018 0 0 0 0 2 4 4 1014 0 0 0 3 4 3 7 1007 
10 327 111 34 24 27 17 474 0 248 186 41 31 28 17 473 52 347 84 28 28 16 33 436 
133 852 32 7 0 0 0 0 44 947 28 5 0 0 0 0 524 489 10 1 0 0 0 0 
2 572 170 78 33 25 13 131 1 615 169 64 26 17 10 122 127 591 118 33 21 8 12 114 
0 0 3 10 11 9 6 985 0 0 10 12 10 5 6 981 0 2 15 11 7 5 5 979 
0 0 0 0 0 0 0 1024 0 0 0 0 0 0 0 1024 0 0 0 0 0 0 0 1024 
0 0 0 0 0 0 0 1024 0 0 0 0 0 0 0 1024 0 0 0 0 0 0 0 1024 
0 0 0 0 0 0 0 1024 0 0 0 0 0 0 0 1024 0 0 0 0 0 0 0 1024 
0 0 0 0 0 0 0 1024 0 0 0 0 0 0 0 1024 0 0 0 0 0 0 0 1024 
0 0 0 0 0 0 0 1024 0 0 0 0 0 0 0 1024 0 0 0 0 0 0 0 1024 
0 8 44 10 14 68 54 826 0 22 35 8 15 50 69 825 1 31 23 12 12 40 89 816 
0 17 21 18 39 68 146 715 0 18 23 20 44 72 136 711 0 14 25 26 51 96 111 701 
0 0 0 0 3 24 23 974 0 0 0 0 9 20 23 972 0 0 0 0 15 22 18 969 
0 0 0 0 0 0 0 1024 0 0 0 0 0 0 0 1024 0 0 0 0 0 0 0 1024 
0 0 0 0 0 0 0 1024 0 0 0 0 0 0 0 1024 0 0 0 0 0 0 0 1024 
0 0 0 0 0 0 0 1024 0 0 0 0 0 0 0 1024 0 0 0 0 0 0 0 1024 
0 0 0 0 0 0 0 1024 0 0 0 0 0 0 0 1024 0 0 0 0 0 0 0 1024 
0 0 0 0 0 0 0 1024 0 0 0 0 0 0 0 1024 0 0 0 0 0 0 0 1024 
0 0 0 0 0 0 26 998 0 0 0 0 0 1 38 985 0 0 0 0 0 3 75 946 
0 0 0 0 0 1 27 996 0 0 0 0 0 6 94 924 0 0 0 0 2 29 281 712 
0 0 0 0 0 0 1 1023 0 0 0 0 0 0 29 995 0 0 0 0 0 3 203 818 
0 0 0 0 3 24 28 969 0 0 0 1 10 24 35 954 0 0 1 5 22 26 78 892 
0 0 0 13 23 23 33 932 0 0 0 27 18 28 37 914 0 0 14 20 27 32 120 811 
0 0 0 4 11 9 34 966 0 0 1 9 10 22 38 944 0 0 2 8 15 38 146 815 
0 0 0 0 0 3 7 1014 0 0 0 0 0 4 16 1004 0 0 0 0 1 9 226 788 
0 0 0 0 1 23 69 931 0 0 0 0 4 26 99 895 0 0 0 0 7 30 897 90 
0 0 0 0 5 22 227 770 0 0 0 0 7 28 322 667 0 0 0 1 14 36 914 59 
0 0 0 0 5 34 345 640 0 0 0 0 8 40 486 490 0 0 0 1 16 49 876 82 
0 0 0 1 13 70 578 362 0 0 0 2 15 89 688 230 0 0 0 2 24 130 838 30 
0 0 0 0 15 112 621 276 0 0 0 0 19 125 732 148 0 0 0 0 29 205 775 15 
0 0 0 0 8 111 713 192 0 0 0 0 15 130 759 120 0 0 0 1 23 228 770 2 
0 0 0 2 23 146 720 133 0 0 0 2 28 175 738 81 0 0 1 5 49 318 649 2 
5 261 93 46 37 30 26 526 0 254 137 46 28 26 33 500 77 285 67 34 24 28 44 465 
247 494 87 17 14 10 6 149 155 514 135 37 13 13 8 149 399 352 90 16 12 7 13 135 
374 638 9 1 2 0 0 0 154 857 10 3 0 0 0 0 587 432 3 2 0 0 0 0 
10 554 221 103 74 30 24 8 0 638 202 102 47 23 10 2 114 669 144 60 20 14 3 0 
0 7 23 22 27 21 20 904 0 13 32 33 21 16 15 894 0 31 32 26 18 14 15 888 
0 0 0 0 0 0 0 1024 0 0 0 0 0 0 0 1024 0 0 0 0 0 0 0 1024 
0 0 0 0 0 0 0 1024 0 0 0 0 0 0 0 1024 0 0 0 0 0 0 0 1024 
0 0 0 0 0 0 0 1024 0 0 0 0 0 0 0 1024 0 0 0 0 0 0 0 1024 
0 0 0 0 0 0 0 1024 0 0 0 0 0 0 0 1024 0 0 0 0 0 0 0 1024 
0 1 20 6 4 7 4 982 0 6 16 5 4 7 4 982 0 14 10 6 2 7 6 979 
0 5 136 74 46 291 324 148 0 18 140 58 49 197 415 147 0 55 113 49 49 240 376 142 
0 3 6 194 43 88 690 0 0 4 7 206 39 93 675 0 0 2 169 49 49 219 536 0 
0 31 28 222 57 120 525 41 0 34 44 211 67 139 500 29 0 23 208 69 71 194 440 19 
0 32 27 41 65 159 432 268 0 33 35 33 85 175 402 261 0 24 53 29 97 225 342 254 
0 15 9 6 41 156 231 566 0 14 10 6 60 177 196 561 0 13 10 11 82 191 164 553 
0 0 0 0 13 91 72 848 0 0 0 0 28 93 59 844 0 0 0 0 45 95 44 840 
0 0 0 0 0 1 1 1022 0 0 0 0 0 1 1 1022 0 0 0 0 0 1 1 1022 
0 0 0 0 0 2 8 1014 0 0 0 0 0 3 11 1010 0 0 0 0 0 3 16 1005 
0 0 0 0 0 5 50 969 0 0 0 0 0 8 77 939 0 0 0 0 0 9 121 894 
0 0 0 0 35 70 223 696 0 0 0 3 36 109 327 549 0 0 0 4 44 183 475 318 
0 0 0 0 0 12 98 914 0 0 0 0 2 24 228 770 0 0 0 0 7 73 511 433 
0 0 0 0 0 11 62 951 0 0 0 0 0 17 65 942 0 0 0 0 0 23 85 916 
0 0 0 11 36 42 153 782 0 0 0 21 35 54 184 730 0 0 2 24 41 60 259 638 
0 0 0 2 9 28 161 824 0 0 0 2 11 37 207 767 0 0 0 2 11 44 291 676 
0 0 0 0 0 14 259 751 0 0 0 0 1 22 354 647 0 0 0 0 2 34 544 444 
0 0 0 0 1 4 340 679 0 0 0 0 1 9 496 518 0 0 0 0 1 21 676 326 
0 0 0 0 2 31 426 565 0 0 0 0 3 49 555 417 0 0 0 0 4 59 767 194 
0 0 0 0 9 65 620 330 0 0 0 0 11 83 718 212 0 0 0 0 14 134 819 57 
0 3 5 5 29 182 628 172 0 3 5 5 33 206 674 98 0 3 5 8 46 280 667 15 
0 4 15 59 125 146 563 112 0 6 14 21 166 165 592 60 0 4 15 16 182 222 571 14 
0 0 0 111 281 127 466 39 0 0 0 8 380 144 460 32 0 0 0 6 394 188 435 1 
0 0 17 275 343 111 266 12 0 0 0 151 481 113 270 9 0 0 0 138 522 157 207 0 
199 574 76 57 37 21 16 44 99 566 192 72 25 18 12 40 264 531 113 42 17 19 13 25 
265 716 30 11 2 0 0 0 65 900 47 10 2 0 0 0 374 631 12 6 1 0 0 0 
374 468 74 44 21 12 15 16 168 694 71 33 21 12 12 13 511 382 61 21 17 12 12 8 
189 817 11 4 2 1 0 0 58 948 13 2 3 0 0 0 335 679 7 3 0 0 0 0 
0 141 96 55 47 38 29 618 0 154 107 60 42 32 26 603 2 212 78 56 31 27 27 591 
0 0 0 0 0 0 0 1024 0 0 0 0 0 0 0 1024 0 0 0 0 0 0 1 1023 
0 39 182 105 43 25 27 603 0 32 182 125 35 26 26 598 0 142 183 48 24 27 19 581 
0 5 56 31 25 21 14 872 0 2 55 42 23 26 11 865 0 20 73 23 24 14 15 855 
0 0 0 0 0 0 0 1024 0 0 0 0 0 0 0 1024 0 0 0 0 0 0 0 1024 
0 14 127 41 44 174 160 464 0 30 112 39 42 105 233 463 0 68 73 42 34 98 253 456 
0 0 74 17 22 90 821 0 0 0 75 18 19 112 800 0 0 14 60 17 30 245 658 0 
0 0 0 0 14 99 909 2 0 0 0 0 19 106 899 0 0 0 0 0 36 121 867 0 
0 0 0 6 7 73 934 4 0 0 2 5 13 75 929 0 0 0 2 4 31 78 909 0 
0 0 0 200 27 98 699 0 0 0 98 107 27 102 690 0 0 0 167 41 40 141 635 0 
0 28 42 247 69 137 501 0 0 29 221 70 68 146 490 0 0 21 251 53 76 256 367 0 
0 41 90 75 100 228 479 11 0 41 116 52 99 273 440 3 0 36 123 59 107 378 318 3 
0 2 12 39 123 297 389 162 0 2 12 31 140 342 353 144 0 0 13 35 159 382 307 128 
0 0 0 4 66 244 305 405 0 0 0 6 77 260 302 379 0 0 0 5 110 274 273 362 
0 0 0 5 42 134 308 535 0 0 0 7 54 147 329 487 0 0 0 10 65 180 350 419 
0 0 1 2 18 48 291 664 0 0 1 2 21 59 347 594 0 0 1 1 18 70 417 517 
0 0 0 0 0 7 193 824 0 0 0 0 0 13 263 748 0 0 0 0 0 19 369 636 
0 0 0 0 0 5 266 753 0 0 0 0 0 7 337 680 0 0 0 0 0 7 466 551 
0 0 13 19 19 43 263 667 0 0 16 17 18 43 341 589 0 0 11 18 21 43 477 454 
0 0 0 0 2 32 330 660 0 0 0 0 2 36 414 572 0 0 0 0 2 46 558 418 
0 5 9 27 26 71 391 495 0 6 8 19 34 80 458 419 0 3 8 11 45 98 552 307 
0 0 4 88 181 123 354 274 0 0 6 35 232 134 413 204 0 0 7 14 238 166 459 140 
0 0 20 207 289 95 315 98 0 0 21 116 378 115 333 61 0 0 19 51 424 151 351 28 
0 0 12 338 386 101 162 25 0 0 4 197 536 104 160 23 0 0 4 89 648 111 161 11 
4 43 84 420 393 37 37 6 0 38 27 323 554 40 37 5 0 37 25 204 667 54 33 4 
95 139 110 411 269 0 0 0 0 221 32 341 430 0 0 0 0 220 28 238 538 0 0 0 
208 231 135 389 61 0 0 0 0 423 33 362 206 0 0 0 0 422 29 293 280 0 0 0 
267 379 125 248 5 0 0 0 0 630 37 233 124 0 0 0 0 630 33 209 152 0 0 0 
303 681 40 0 0 0 0 0 85 698 239 2 0 0 0 0 230 671 123 0 0 0 0 0 
444 452 50 30 24 12 8 4 244 660 61 28 19 5 4 3 522 411 41 30 11 6 3 0 
549 383 54 26 6 2 3 1 354 583 53 24 5 1 4 0 637 332 36 13 2 4 0 0 
317 523 71 50 23 20 12 8 113 748 72 41 23 14 10 3 395 507 59 27 21 11 4 0 
87 384 64 34 23 21 31 380 32 412 90 46 19 30 31 364 136 342 69 40 18 34 25 360 
0 60 205 93 60 40 41 525 0 34 224 113 60 38 41 514 1 160 195 69 34 45 40 480 
0 564 337 61 19 11 6 26 0 442 433 90 18 10 6 25 27 656 269 25 14 7 7 19 
0 420 468 66 26 14 8 22 0 296 549 114 26 13 5 21 9 562 357 50 19 6 8 13 
0 59 112 86 56 71 117 523 0 70 114 86 57 66 124 507 2 106 125 68 53 61 119 490 
0 9 134 42 34 173 621 11 0 13 134 38 34 151 643 11 0 45 100 38 45 283 503 10 
0 0 0 0 1 104 896 23 0 0 0 0 2 119 903 0 0 0 0 0 20 146 858 0 
0 0 0 0 0 62 957 5 0 0 0 0 1 78 945 0 0 0 0 0 9 175 840 0 
0 0 0 0 15 101 880 28 0 0 0 1 25 108 867 23 0 0 0 2 41 443 514 24 
0 0 0 0 25 296 635 68 0 0 0 1 30 307 626 60 0 0 0 1 31 560 375 57 
0 0 0 8 243 410 304 59 0 0 0 0 190 559 220 55 0 0 0 0 55 866 54 49 
0 0 3 103 540 318 26 34 0 0 3 5 449 508 26 33 0 0 2 3 98 864 27 30 
0 0 3 627 349 42 3 0 0 0 0 111 848 63 2 0 0 0 0 2 778 243 1 0 
0 0 4 459 354 135 72 0 0 0 0 272 548 142 62 0 0 0 0 37 761 188 38 0 
0 0 23 247 273 260 219 2 0 0 0 168 376 284 195 1 0 0 0 86 482 314 141 1 
0 0 1 114 164 352 336 57 0 0 1 68 188 312 384 71 0 0 1 40 214 320 369 80 
5 21 16 41 97 128 429 287 5 20 17 26 104 123 466 263 3 13 23 28 103 123 521 210 
0 9 16 208 159 54 284 294 0 9 9 143 231 54 320 258 0 9 8 83 292 60 359 213 
0 8 91 368 176 91 165 125 0 7 56 245 338 89 179 110 0 4 22 168 446 98 203 83 
23 105 119 392 239 44 66 36 3 115 48 307 403 47 66 35 0 107 48 191 526 49 74 29 
14 280 113 343 257 8 9 0 0 281 33 280 413 8 9 0 0 279 29 169 527 11 9 0 
42 439 93 302 148 0 0 0 0 467 32 266 259 0 0 0 0 465 28 171 359 1 0 0 
48 603 104 195 74 0 0 0 0 635 37 205 147 0 0 0 0 631 35 146 207 5 0 0 
60 631 101 67 165 0 0 0 0 674 45 124 172 9 0 0 0 668 40 124 92 100 0 0 
40 627 22 46 289 0 0 0 0 661 22 21 252 68 0 0 0 655 22 17 134 196 0 0 
20 481 12 198 313 0 0 0 0 499 13 87 392 33 0 0 0 495 12 14 315 188 0 0 
39 314 23 299 349 0 0 0 10 339 22 112 536 5 0 0 13 335 20 42 529 85 0 0 
25 144 23 241 550 41 0 0 4 161 24 60 744 31 0 0 4 162 20 33 703 102 0 0 
750 273 1 0 0 0 0 0 406 593 25 0 0 0 0 0 674 342 8 0 0 0 0 0 
868 105 23 6 10 5 6 1 569 412 19 6 10 6 1 1 787 204 11 10 7 4 1 0 
759 224 24 7 8 2 0 0 399 585 25 7 6 2 0 0 775 226 12 5 5 1 0 0 
694 315 13 2 0 0 0 0 257 746 19 2 0 0 0 0 624 389 10 1 0 0 0 0 
189 662 104 34 15 13 3 4 15 785 158 38 16 6 3 3 143 719 104 32 15 7 1 3 
15 432 261 124 48 47 38 59 0 329 381 130 53 45 30 56 16 500 254 93 46 39 29 47 
3 748 200 50 16 3 4 0 1 657 291 55 15 3 2 0 38 780 159 36 7 3 1 0 
0 560 305 90 37 18 5 9 0 507 361 97 32 13 7 7 9 690 220 67 19 12 4 3 
0 94 198 90 62 126 441 13 0 81 200 104 60 115 452 12 2 122 189 88 57 244 321 1 
0 0 5 4 5 83 901 26 0 0 6 3 7 117 869 22 0 0 5 3 17 509 470 20 
0 0 0 0 47 286 640 51 0 0 0 6 45 291 639 43 0 0 0 8 42 585 353 36 
0 0 1 18 297 362 307 39 0 0 4 31 91 562 300 36 0 0 4 30 33 828 93 36 
0 0 0 8 617 341 32 26 0 0 0 11 103 855 32 23 0 0 0 11 15 924 53 21 
0 0 0 0 800 221 3 0 0 0 0 0 245 779 0 0 0 0 0 0 11 942 71 0 
0 72 12 19 875 46 0 0 0 1 76 13 382 552 0 0 0 0 22 63 20 911 8 0 
0 304 42 20 657 1 0 0 0 10 324 19 262 409 0 0 0 0 160 187 31 646 0 0 
0 442 33 442 107 0 0 0 0 163 299 336 163 63 0 0 0 3 443 36 439 103 0 0 
11 245 115 653 0 0 0 0 0 227 42 754 1 0 0 0 0 16 247 168 593 0 0 0 
3 44 448 527 2 0 0 0 0 40 16 955 13 0 0 0 0 20 32 786 186 0 0 0 
0 0 689 257 78 0 0 0 0 0 288 612 124 0 0 0 0 0 7 787 230 0 0 0 
24 150 275 508 58 7 2 0 9 51 274 501 180 7 2 0 4 45 209 420 340 4 2 0 
307 261 221 208 27 0 0 0 14 527 178 175 130 0 0 0 25 512 118 189 180 0 0 0 
103 388 128 218 174 8 4 1 0 438 162 135 272 10 6 1 1 405 131 98 355 26 5 3 
40 452 27 188 316 1 0 0 0 456 58 108 399 3 0 0 0 438 69 38 354 125 0 0 
5 382 70 250 317 0 0 0 0 403 51 106 460 4 0 0 1 414 35 25 372 177 0 0 
87 337 33 253 314 0 0 0 78 343 31 118 431 23 0 0 110 306 33 25 356 194 0 0 
195 243 20 230 336 0 0 0 175 259 20 106 420 44 0 0 217 215 19 22 337 214 0 0 
520 52 13 224 215 0 0 0 465 103 12 87 306 51 0 0 490 79 11 14 307 123 0 0 
579 148 15 196 86 0 0 0 475 249 12 91 197 0 0 0 559 165 13 14 246 27 0 0 
265 614 19 71 55 0 0 0 207 669 17 19 112 0 0 0 366 510 16 15 104 13 0 0 
478 534 6 3 3 0 0 0 347 662 7 4 4 0 0 0 512 497 7 4 4 0 0 0 
27 98 32 76 506 285 0 0 26 89 45 1 551 312 0 0 34 94 31 1 554 310 0 0 
964 55 3 2 0 0 0 0 646 373 3 2 0 0 0 0 940 79 4 1 0 0 0 0 
924 100 0 0 0 0 0 0 549 474 1 0 0 0 0 0 803 221 0 0 0 0 0 0 
906 105 10 3 0 0 0 0 602 407 11 4 0 0 0 0 836 176 8 4 0 0 0 0 
829 187 8 0 0 0 0 0 498 517 9 0 0 0 0 0 775 243 6 0 0 0 0 0 
700 323 1 0 0 0 0 0 225 797 2 0 0 0 0 0 497 526 1 0 0 0 0 0 
84 281 133 134 258 126 7 1 17 307 174 114 259 144 8 1 66 291 134 120 254 151 8 0 
2 268 198 150 242 119 33 12 2 272 193 148 228 144 28 9 31 264 169 157 215 156 24 8 
0 240 248 47 62 254 99 74 1 210 263 64 56 253 112 65 17 218 219 79 52 261 119 59 
0 0 55 19 327 305 240 78 0 0 54 20 102 564 206 78 0 7 49 20 58 728 94 68 
0 0 0 1 520 393 60 50 0 0 0 0 130 768 76 50 0 0 0 0 41 808 133 42 
0 32 5 12 755 220 0 0 0 5 28 9 130 837 15 0 0 0 18 21 31 858 96 0 
39 234 14 25 631 81 0 0 0 92 185 20 53 674 0 0 0 3 161 128 28 700 4 0 
6 16 3 145 720 134 0 0 0 11 12 5 306 690 0 0 0 0 18 5 134 824 43 0 
1 451 40 70 446 16 0 0 0 4 470 38 148 364 0 0 0 2 67 433 97 424 1 0 
2 758 260 2 2 0 0 0 0 26 868 126 4 0 0 0 0 0 175 845 2 2 0 0 
0 640 384 0 0 0 0 0 0 10 836 178 0 0 0 0 0 0 510 514 0 0 0 0 
0 918 106 0 0 0 0 0 0 520 501 3 0 0 0 0 0 60 813 151 0 0 0 0 
9 1015 0 0 0 0 0 0 0 790 234 0 0 0 0 0 0 66 949 9 0 0 0 0 
20 991 8 5 0 0 0 0 0 947 68 9 0 0 0 0 0 180 833 11 0 0 0 0 
367 479 159 19 0 0 0 0 4 831 91 98 0 0 0 0 0 790 70 164 0 0 0 0 
769 67 145 43 0 0 0 0 156 647 133 87 1 0 0 0 229 571 81 114 29 0 0 0 
233 323 140 100 228 0 0 0 41 472 86 171 254 0 0 0 61 443 61 176 270 13 0 0 
567 37 26 194 200 0 0 0 506 95 19 94 307 3 0 0 482 98 33 28 299 84 0 0 
380 43 27 129 287 158 0 0 261 158 31 48 371 155 0 0 278 146 29 12 354 205 0 0 
334 522 90 14 64 0 0 0 142 738 64 14 56 10 0 0 217 683 36 13 12 63 0 0 
644 358 22 0 0 0 0 0 589 424 11 0 0 0 0 0 709 315 0 0 0 0 0 0 
652 364 8 0 0 0 0 0 598 420 6 0 0 0 0 0 720 303 1 0 0 0 0 0 
939 85 0 0 0 0 0 0 881 143 0 0 0 0 0 0 938 86 0 0 0 0 0 0 
938 86 0 0 0 0 0 0 808 216 0 0 0 0 0 0 883 141 0 0 0 0 0 0 
566 458 0 0 0 0 0 0 394 630 0 0 0 0 0 0 633 391 0 0 0 0 0 0 
200 806 18 0 0 0 0 0 145 869 10 0 0 0 0 0 384 640 0 0 0 0 0 0 
4 120 7 30 474 389 0 0 19 104 37 0 488 376 0 0 13 115 3 31 506 356 0 0 
985 38 1 0 0 0 0 0 690 333 1 0 0 0 0 0 957 67 0 0 0 0 0 0 
950 74 0 0 0 0 0 0 591 433 0 0 0 0 0 0 919 105 0 0 0 0 0 0 
950 72 2 0 0 0 0 0 767 255 2 0 0 0 0 0 951 71 2 0 0 0 0 0 
785 225 13 1 0 0 0 0 321 685 17 1 0 0 0 0 587 421 15 1 0 0 0 0 
740 247 30 6 1 0 0 0 321 646 47 9 1 0 0 0 558 419 39 7 1 0 0 0 
297 412 101 43 105 63 3 0 51 559 156 75 94 84 5 0 138 467 155 75 94 90 5 0 
0 37 114 154 331 220 59 109 0 36 25 215 155 423 68 102 0 5 42 150 186 468 77 96 
3 182 23 82 566 67 23 78 0 22 173 16 243 466 30 74 0 0 170 40 133 579 49 53 
79 178 29 186 457 95 0 0 3 143 121 28 288 440 1 0 5 50 151 83 231 456 48 0 
191 171 40 35 481 106 0 0 116 183 93 19 154 455 4 0 125 207 48 30 94 469 51 0 
154 450 184 37 144 55 0 0 32 305 358 120 24 184 1 0 18 289 327 168 31 190 1 0 
31 926 67 0 0 0 0 0 6 284 664 70 0 0 0 0 2 59 570 393 0 0 0 0 
28 165 57 167 601 6 0 0 0 84 149 46 516 229 0 0 0 67 139 61 241 516 0 0 
19 538 282 109 74 2 0 0 0 130 661 137 74 22 0 0 1 92 504 327 72 28 0 0 
0 370 654 0 0 0 0 0 0 1 590 433 0 0 0 0 0 0 183 779 62 0 0 0 
0 665 355 4 0 0 0 0 0 4 949 71 0 0 0 0 0 0 475 544 5 0 0 0 
9 973 42 0 0 0 0 0 0 797 227 0 0 0 0 0 0 124 828 72 0 0 0 0 
6 1018 0 0 0 0 0 0 0 704 320 0 0 0 0 0 0 44 980 0 0 0 0 0 
4 1011 9 0 0 0 0 0 0 787 237 0 0 0 0 0 0 144 875 5 0 0 0 0 
129 895 0 0 0 0 0 0 2 820 202 0 0 0 0 0 0 563 461 0 0 0 0 0 
943 81 0 0 0 0 0 0 69 955 0 0 0 0 0 0 113 911 0 0 0 0 0 0 
184 290 75 251 224 0 0 0 15 433 58 234 284 0 0 0 43 394 71 150 364 2 0 0 
662 33 9 20 300 0 0 0 649 40 15 6 314 0 0 0 640 32 29 3 212 108 0 0 
466 14 4 81 299 160 0 0 468 12 5 18 413 108 0 0 476 4 9 22 338 175 0 0 
127 478 292 33 91 3 0 0 106 547 274 1 71 25 0 0 153 641 125 9 5 91 0 0 
1022 2 0 0 0 0 0 0 1004 20 0 0 0 0 0 0 1017 7 0 0 0 0 0 0 
739 279 6 0 0 0 0 0 701 322 1 0 0 0 0 0 790 234 0 0 0 0 0 0 
884 140 0 0 0 0 0 0 799 225 0 0 0 0 0 0 890 134 0 0 0 0 0 0 
971 53 0 0 0 0 0 0 843 181 0 0 0 0 0 0 909 115 0 0 0 0 0 0 
857 167 0 0 0 0 0 0 631 393 0 0 0 0 0 0 796 228 0 0 0 0 0 0 
325 684 15 0 0 0 0 0 261 754 9 0 0 0 0 0 447 577 0 0 0 0 0 0 
19 90 20 61 416 418 0 0 19 90 35 34 445 401 0 0 45 59 24 73 449 374 0 0 
961 53 7 3 0 0 0 0 829 184 8 3 0 0 0 0 940 73 8 3 0 0 0 0 
936 87 1 0 0 0 0 0 659 363 2 0 0 0 0 0 836 187 1 0 0 0 0 0 
894 127 3 0 0 0 0 0 650 371 3 0 0 0 0 0 874 147 3 0 0 0 0 0 
668 257 64 19 7 7 2 0 297 606 77 27 7 8 2 0 498 410 71 29 5 9 2 0 
605 256 66 89 6 2 0 0 259 584 69 97 13 1 1 0 421 428 68 91 13 2 1 0 
96 378 106 185 109 27 51 72 3 418 118 201 136 30 58 60 27 391 118 228 112 29 80 39 
0 345 148 148 165 37 33 148 0 61 419 103 214 47 39 141 0 299 187 102 225 34 68 109 
0 517 412 32 50 7 3 3 0 14 842 83 61 18 3 3 0 49 461 429 70 10 4 1 
147 490 77 108 202 0 0 0 8 432 249 38 296 1 0 0 11 287 316 119 289 2 0 0 
480 381 98 1 3 48 13 0 296 509 149 6 0 38 26 0 343 475 109 33 0 32 32 0 
203 455 205 43 47 68 3 0 68 414 251 163 44 70 14 0 55 388 192 232 66 69 22 0 
7 663 186 47 43 77 1 0 0 391 458 47 41 67 20 0 0 239 545 107 41 68 24 0 
6 101 31 86 702 98 0 0 0 10 101 55 337 521 0 0 0 5 85 57 120 757 0 0 
6 276 385 80 141 136 0 0 0 20 454 222 95 233 0 0 0 13 311 360 89 251 0 0 
0 385 639 0 0 0 0 0 0 4 548 472 0 0 0 0 0 0 262 649 113 0 0 0 
0 710 303 11 0 0 0 0 0 10 925 89 0 0 0 0 0 0 529 483 12 0 0 0 
0 982 42 0 0 0 0 0 0 325 682 17 0 0 0 0 0 25 621 376 2 0 0 0 
0 1020 4 0 0 0 0 0 0 905 119 0 0 0 0 0 0 296 728 0 0 0 0 0 
2 1022 0 0 0 0 0 0 0 995 29 0 0 0 0 0 0 806 218 0 0 0 0 0 
39 985 0 0 0 0 0 0 0 830 194 0 0 0 0 0 0 457 567 0 0 0 0 0 
646 378 0 0 0 0 0 0 41 983 0 0 0 0 0 0 80 889 55 0 0 0 0 0 
213 283 48 270 210 0 0 0 25 445 42 254 258 0 0 0 49 431 32 191 321 0 0 0 
448 65 51 157 303 0 0 0 445 59 56 118 346 0 0 0 438 50 58 76 369 33 0 0 
373 29 24 35 446 117 0 0 371 31 21 30 561 10 0 0 380 19 24 31 456 114 0 0 
384 509 5 21 67 38 0 0 258 636 2 22 61 45 0 0 435 424 37 7 25 96 0 0 
957 67 0 0 0 0 0 0 840 184 0 0 0 0 0 0 941 83 0 0 0 0 0 0 
1011 13 0 0 0 0 0 0 992 32 0 0 0 0 0 0 1000 24 0 0 0 0 0 0 
991 33 0 0 0 0 0 0 940 84 0 0 0 0 0 0 981 43 0 0 0 0 0 0 
998 26 0 0 0 0 0 0 937 87 0 0 0 0 0 0 976 48 0 0 0 0 0 0 
1006 18 0 0 0 0 0 0 949 75 0 0 0 0 0 0 985 39 0 0 0 0 0 0 
843 181 0 0 0 0 0 0 717 307 0 0 0 0 0 0 841 183 0 0 0 0 0 0 
45 51 128 131 289 380 0 0 28 68 128 70 379 351 0 0 61 35 120 85 435 288 0 0 
955 60 9 0 0 0 0 0 928 86 8 2 0 0 0 0 935 79 8 2 0 0 0 0 
939 73 7 3 2 0 0 0 827 184 7 2 4 0 0 0 829 183 6 4 2 0 0 0 
891 133 0 0 0 0 0 0 644 378 2 0 0 0 0 0 671 351 2 0 0 0 0 0 
724 299 1 0 0 0 0 0 401 615 8 0 0 0 0 0 373 575 76 0 0 0 0 0 
433 562 24 5 0 0 0 0 154 656 203 10 1 0 0 0 179 470 361 13 1 0 0 0 
18 475 189 180 144 18 0 0 0 262 405 140 215 2 0 0 3 554 104 161 202 0 0 0 
0 58 454 221 179 112 0 0 0 9 492 156 264 103 0 0 0 98 412 157 322 35 0 0 
2 332 686 4 0 0 0 0 0 41 821 162 0 0 0 0 0 78 541 397 8 0 0 0 
86 471 135 12 320 0 0 0 0 460 204 40 311 9 0 0 4 423 205 72 302 18 0 0 
493 313 142 12 0 40 24 0 301 476 166 17 0 33 31 0 363 420 161 16 0 31 33 0 
97 687 223 15 2 0 0 0 17 450 479 76 2 0 0 0 7 411 469 130 7 0 0 0 
141 708 115 37 22 1 0 0 55 278 599 67 25 0 0 0 71 185 427 323 18 0 0 0 
0 74 63 45 520 322 0 0 0 7 87 66 288 576 0 0 0 0 80 65 168 711 0 0 
0 63 530 6 41 384 0 0 0 2 576 18 17 411 0 0 0 0 383 213 17 411 0 0 
0 390 634 0 0 0 0 0 0 42 920 62 0 0 0 0 0 0 532 492 0 0 0 0 
0 606 418 0 0 0 0 0 0 27 984 13 0 0 0 0 0 0 414 610 0 0 0 0 
1 953 70 0 0 0 0 0 0 604 413 7 0 0 0 0 0 130 764 130 0 0 0 0 
14 1010 0 0 0 0 0 0 0 959 65 0 0 0 0 0 0 192 832 0 0 0 0 0 
0 1024 0 0 0 0 0 0 0 1018 6 0 0 0 0 0 0 695 329 0 0 0 0 0 
34 990 0 0 0 0 0 0 0 960 64 0 0 0 0 0 0 660 364 0 0 0 0 0 
406 618 0 0 0 0 0 0 41 978 5 0 0 0 0 0 47 847 130 0 0 0 0 0 
228 252 87 293 164 0 0 0 34 446 45 288 211 0 0 0 69 411 35 241 268 0 0 0 
576 64 64 223 97 0 0 0 576 63 65 151 169 0 0 0 570 38 96 54 266 0 0 0 
540 4 0 24 436 20 0 0 544 0 0 23 457 0 0 0 544 0 6 26 435 13 0 0 
721 166 9 0 53 75 0 0 453 427 16 0 47 81 0 0 671 162 63 0 6 122 0 0 
1015 9 0 0 0 0 0 0 959 65 0 0 0 0 0 0 1011 13 0 0 0 0 0 0 
995 29 0 0 0 0 0 0 959 65 0 0 0 0 0 0 986 38 0 0 0 0 0 0 
1023 1 0 0 0 0 0 0 1019 5 0 0 0 0 0 0 1024 0 0 0 0 0 0 0 
1024 0 0 0 0 0 0 0 1000 24 0 0 0 0 0 0 1019 5 0 0 0 0 0 0 
1024 0 0 0 0 0 0 0 1021 3 0 0 0 0 0 0 1024 0 0 0 0 0 0 0 
1008 16 0 0 0 0 0 0 993 31 0 0 0 0 0 0 1013 11 0 0 0 0 0 0 
61 35 128 98 320 382 0 0 51 45 128 73 379 348 0 0 63 33 141 53 430 304 0 0 
884 140 0 0 0 0 0 0 644 380 0 0 0 0 0 0 549 475 0 0 0 0 0 0 
627 397 0 0 0 0 0 0 467 551 6 0 0 0 0 0 434 524 66 0 0 0 0 0 
234 778 12 0 0 0 0 0 83 813 128 0 0 0 0 0 73 761 190 0 0 0 0 0 
404 618 2 0 0 0 0 0 127 871 26 0 0 0 0 0 60 799 165 0 0 0 0 0 
59 961 4 0 0 0 0 0 0 780 244 0 0 0 0 0 0 366 658 0 0 0 0 0 
0 181 130 117 592 4 0 0 0 131 185 92 616 0 0 0 4 187 129 114 590 0 0 0 
0 3 93 18 695 215 0 0 0 0 96 23 836 69 0 0 0 7 93 68 804 52 0 0 
0 203 792 29 0 0 0 0 0 3 776 245 0 0 0 0 0 16 403 590 15 0 0 0 
17 443 219 31 314 0 0 0 3 363 294 48 316 0 0 0 13 325 297 88 299 2 0 0 
358 368 30 43 93 106 26 0 223 452 77 51 129 67 25 0 295 417 68 29 137 55 23 0 
170 396 325 15 37 73 8 0 116 278 456 54 48 68 4 0 114 266 359 168 54 63 0 0 
142 712 160 9 1 0 0 0 54 423 532 11 4 0 0 0 67 247 614 93 3 0 0 0 
0 103 61 125 438 297 0 0 0 31 109 80 327 477 0 0 0 1 125 66 320 512 0 0 
0 152 428 6 40 398 0 0 0 0 302 283 10 429 0 0 0 0 161 416 12 435 0 0 
0 253 767 4 0 0 0 0 0 28 748 248 0 0 0 0 0 0 479 544 1 0 0 0 
0 480 540 4 0 0 0 0 0 102 855 67 0 0 0 0 0 17 723 284 0 0 0 0 
2 872 150 0 0 0 0 0 0 725 272 27 0 0 0 0 0 125 770 129 0 0 0 0 
11 1006 7 0 0 0 0 0 0 883 141 0 0 0 0 0 0 217 805 2 0 0 0 0 
21 1003 0 0 0 0 0 0 0 1012 12 0 0 0 0 0 0 469 555 0 0 0 0 0 
185 839 0 0 0 0 0 0 4 1018 2 0 0 0 0 0 0 681 343 0 0 0 0 0 
825 199 0 0 0 0 0 0 33 991 0 0 0 0 0 0 282 742 0 0 0 0 0 0 
209 271 78 296 170 0 0 0 25 455 66 273 205 0 0 0 127 353 62 260 222 0 0 0 
347 69 59 368 181 0 0 0 347 71 58 352 196 0 0 0 345 51 79 283 266 0 0 0 
329 27 31 130 507 0 0 0 329 28 35 151 481 0 0 0 329 28 36 150 481 0 0 0 
500 67 21 40 291 105 0 0 473 94 21 68 336 32 0 0 489 58 41 73 260 103 0 0 
640 9 17 8 234 116 0 0 640 10 21 30 234 89 0 0 640 12 18 49 269 36 0 0 
631 9 0 14 151 219 0 0 613 27 0 17 271 96 0 0 618 22 0 27 302 55 0 0 
606 28 6 0 120 261 3 0 493 138 9 0 260 124 0 0 504 127 9 0 303 81 0 0 
366 152 80 36 114 257 19 0 360 153 86 33 241 151 0 0 399 157 53 28 293 94 0 0 
464 118 26 3 165 217 31 0 463 118 27 6 248 162 0 0 501 90 17 12 333 71 0 0 
406 178 24 0 94 320 2 0 382 210 16 0 262 154 0 0 498 101 9 11 363 42 0 0 
10 46 77 71 375 445 0 0 14 49 70 91 434 366 0 0 27 34 72 120 491 280 0 0 
708 316 0 0 0 0 0 0 488 536 0 0 0 0 0 0 444 577 3 0 0 0 0 0 
560 464 0 0 0 0 0 0 433 571 20 0 0 0 0 0 396 575 53 0 0 0 0 0 
196 816 12 0 0 0 0 0 6 879 139 0 0 0 0 0 2 821 201 0 0 0 0 0 
702 322 0 0 0 0 0 0 204 814 6 0 0 0 0 0 104 904 16 0 0 0 0 0 
406 618 0 0 0 0 0 0 179 836 9 0 0 0 0 0 173 767 84 0 0 0 0 0 
25 215 83 121 580 0 0 0 16 223 84 125 576 0 0 0 30 245 73 315 361 0 0 0 
0 1 84 13 700 226 0 0 0 0 85 13 883 43 0 0 0 6 90 261 641 26 0 0 
0 154 848 22 0 0 0 0 0 6 729 289 0 0 0 0 0 19 514 485 6 0 0 0 
0 181 743 39 38 23 0 0 0 41 525 399 51 8 0 0 0 35 173 762 54 0 0 0 
0 186 650 28 72 88 0 0 0 9 671 187 126 31 0 0 0 0 544 330 150 0 0 0 
6 516 410 13 36 43 0 0 0 162 641 145 62 14 0 0 0 85 516 355 68 0 0 0 
2 628 393 1 0 0 0 0 0 373 584 67 0 0 0 0 0 205 698 121 0 0 0 0 
1 95 28 5 637 258 0 0 0 82 23 23 553 343 0 0 0 0 96 28 490 410 0 0 
0 154 397 14 69 390 0 0 0 25 463 76 48 412 0 0 0 8 415 135 63 403 0 0 
1 310 712 1 0 0 0 0 0 80 885 59 0 0 0 0 0 23 645 356 0 0 0 0 
0 128 895 1 0 0 0 0 0 6 881 137 0 0 0 0 0 0 614 410 0 0 0 0 
0 753 260 11 0 0 0 0 0 594 362 68 0 0 0 0 0 213 615 196 0 0 0 0 
4 1012 8 0 0 0 0 0 0 969 55 0 0 0 0 0 0 368 656 0 0 0 0 0 
39 980 5 0 0 0 0 0 0 988 36 0 0 0 0 0 0 337 687 0 0 0 0 0 
230 794 0 0 0 0 0 0 3 1007 14 0 0 0 0 0 0 967 57 0 0 0 0 0 
705 319 0 0 0 0 0 0 110 914 0 0 0 0 0 0 424 600 0 0 0 0 0 0 
230 473 54 251 16 0 0 0 98 595 24 288 19 0 0 0 214 470 41 249 50 0 0 0 
103 793 32 0 96 0 0 0 62 834 31 1 96 0 0 0 68 828 29 3 96 0 0 0 
75 821 2 30 96 0 0 0 16 880 0 32 96 0 0 0 28 868 0 32 96 0 0 0 
40 856 0 29 88 11 0 0 16 880 0 30 98 0 0 0 20 876 0 29 99 0 0 0 
40 856 0 4 45 79 0 0 16 880 0 5 114 9 0 0 15 881 0 5 114 9 0 0 
48 847 1 0 33 95 0 0 9 886 1 0 75 53 0 0 2 892 2 0 70 58 0 0 
47 830 19 0 10 118 0 0 11 860 25 0 28 100 0 0 0 866 30 0 32 96 0 0 
45 841 10 0 21 107 0 0 5 854 37 0 25 103 0 0 0 878 18 0 25 103 0 0 
44 822 25 5 0 128 0 0 10 835 46 5 2 126 0 0 0 864 20 12 3 125 0 0 
43 821 15 17 0 128 0 0 1 807 59 29 0 128 0 0 2 862 0 32 0 128 0 0 
35 829 0 30 2 128 0 0 0 827 37 27 5 128 0 0 0 864 0 27 5 128 0 0 
669 255 49 5 3 7 9 27 538 394 40 7 4 4 9 28 533 390 48 6 3 5 8 31 
575 274 5 10 7 8 7 138 478 368 7 9 7 8 6 141 490 342 19 7 8 9 7 142 
504 260 31 21 4 7 15 182 245 515 24 31 4 7 11 187 239 503 34 34 7 7 10 190 
468 81 70 112 82 19 17 175 308 225 59 99 116 24 18 175 281 241 45 98 126 37 21 175 
236 231 31 63 150 83 12 218 135 320 34 39 142 116 17 221 129 314 31 35 111 126 56 222 
23 155 43 60 327 11 13 392 17 169 35 138 245 14 8 398 32 153 44 350 23 12 11 399 
6 52 89 58 468 51 53 247 0 24 109 80 478 24 21 288 0 43 98 434 117 20 18 294 
12 162 720 60 10 9 19 32 0 56 497 397 9 10 16 39 0 135 255 484 84 9 11 46 
0 218 777 29 0 0 0 0 0 53 704 267 0 0 0 0 0 26 397 601 0 0 0 0 
13 530 434 41 6 0 0 0 0 216 803 5 0 0 0 0 4 108 811 101 0 0 0 0 
493 432 76 19 3 1 0 0 173 676 157 14 3 1 0 0 294 545 149 35 1 0 0 0 
85 879 53 7 0 0 0 0 37 882 105 0 0 0 0 0 27 537 450 10 0 0 0 0 
74 353 127 127 328 15 0 0 5 432 156 78 342 11 0 0 19 260 268 127 343 7 0 0 
440 484 38 19 24 19 0 0 167 675 113 19 31 19 0 0 214 639 108 19 33 11 0 0 
15 587 419 0 1 1 1 0 4 274 742 2 0 1 1 0 0 142 854 25 1 1 1 0 
8 237 754 18 7 0 0 0 0 96 867 58 3 0 0 0 0 49 450 518 7 0 0 0 
5 840 174 0 4 1 0 0 1 677 340 1 4 1 0 0 0 433 503 83 4 0 1 0 
37 985 2 0 0 0 0 0 15 987 22 0 0 0 0 0 9 932 83 0 0 0 0 0 
193 831 0 0 0 0 0 0 50 967 7 0 0 0 0 0 38 943 43 0 0 0 0 0 
158 801 10 10 28 7 6 4 76 886 11 20 21 6 4 0 57 906 16 33 7 5 0 0 
491 518 5 6 3 1 0 0 108 902 4 7 2 1 0 0 446 564 4 8 2 0 0 0 
221 488 85 228 2 0 0 0 121 581 54 266 2 0 0 0 195 514 44 260 11 0 0 0 
73 951 0 0 0 0 0 0 35 989 0 0 0 0 0 0 70 954 0 0 0 0 0 0 
105 877 37 3 1 0 1 0 67 914 38 3 1 0 1 0 143 846 32 1 1 0 1 0 
105 858 51 4 1 2 2 1 75 889 50 4 1 3 1 1 141 831 41 5 1 2 2 1 
46 975 3 0 0 0 0 0 13 1008 3 0 0 0 0 0 58 963 3 0 0 0 0 0 
10 1014 0 0 0 0 0 0 0 1024 0 0 0 0 0 0 22 1002 0 0 0 0 0 0 
15 1009 0 0 0 0 0 0 0 1017 7 0 0 0 0 0 1 1023 0 0 0 0 0 0 
8 1016 0 0 0 0 0 0 0 899 125 0 0 0 0 0 5 1019 0 0 0 0 0 0 
9 1015 0 0 0 0 0 0 0 955 69 0 0 0 0 0 0 1024 0 0 0 0 0 0 
11 1012 1 0 0 0 0 0 0 893 131 0 0 0 0 0 0 1024 0 0 0 0 0 0 
11 1013 0 0 0 0 0 0 0 938 86 0 0 0 0 0 0 1024 0 0 0 0 0 0 
0 217 445 113 40 16 25 168 0 2 138 406 265 21 19 173 0 21 276 421 95 19 22 170 
1 382 317 57 13 9 11 234 0 51 414 164 129 22 11 233 0 282 178 214 85 17 10 238 
0 274 105 62 17 11 11 544 0 0 373 63 22 10 11 545 0 28 341 44 37 10 12 552 
0 24 40 55 16 10 13 866 0 0 58 55 21 9 12 869 0 0 55 25 47 12 11 874 
0 0 0 0 0 0 1 1023 0 0 0 0 0 0 0 1024 0 0 0 0 0 0 0 1024 
0 0 0 0 0 0 31 993 0 0 0 0 0 0 4 1020 0 0 0 0 0 0 0 1024 
7 51 6 6 5 13 95 841 0 53 10 5 5 9 30 912 0 53 10 5 4 8 18 926 
13 123 213 94 61 69 88 363 0 75 170 178 69 39 74 419 0 63 130 191 102 31 66 441 
0 162 388 58 18 15 23 360 0 74 400 131 18 15 19 367 0 46 352 196 22 15 19 374 
2 148 177 114 22 13 18 530 0 79 249 111 23 12 18 532 0 51 283 103 20 16 15 536 
256 122 48 163 16 9 9 401 188 187 55 158 17 9 9 401 175 208 60 146 16 9 9 401 
204 272 37 212 57 10 14 218 87 386 34 238 37 10 14 218 24 446 38 243 32 9 13 219 
228 316 101 282 59 14 7 17 112 404 115 312 39 15 9 18 37 367 228 317 25 21 9 20 
405 571 48 0 0 0 0 0 154 763 107 0 0 0 0 0 90 783 141 10 0 0 0 0 
10 989 25 0 0 0 0 0 1 855 168 0 0 0 0 0 3 513 507 1 0 0 0 0 
121 761 142 0 0 0 0 0 27 621 376 0 0 0 0 0 6 378 627 13 0 0 0 0 
100 859 60 2 3 0 0 0 18 864 137 3 2 0 0 0 0 555 452 14 3 0 0 0 
74 840 13 21 71 5 0 0 30 881 22 38 52 1 0 0 21 856 58 57 31 1 0 0 
91 485 23 39 329 54 3 0 53 525 28 79 308 29 2 0 21 556 34 151 244 16 2 0 
66 301 105 91 365 79 14 3 68 308 114 149 351 21 13 0 79 298 99 242 278 16 12 0 
90 343 58 87 387 24 20 15 60 385 57 208 267 25 12 10 131 320 58 342 139 20 5 9 
135 251 89 123 320 100 4 2 131 256 102 139 355 36 4 1 133 258 110 169 315 32 5 2 
184 451 74 52 230 33 0 0 153 496 65 87 212 11 0 0 181 474 62 134 170 3 0 0 
289 722 9 4 0 0 0 0 190 821 10 3 0 0 0 0 314 698 9 3 0 0 0 0 
277 722 14 10 0 1 0 0 210 791 15 7 0 1 0 0 277 726 16 4 0 1 0 0 
51 973 0 0 0 0 0 0 46 978 0 0 0 0 0 0 64 960 0 0 0 0 0 0 
68 956 0 0 0 0 0 0 32 992 0 0 0 0 0 0 75 949 0 0 0 0 0 0 
56 968 0 0 0 0 0 0 36 988 0 0 0 0 0 0 60 964 0 0 0 0 0 0 
73 951 0 0 0 0 0 0 56 956 12 0 0 0 0 0 75 949 0 0 0 0 0 0 
43 981 0 0 0 0 0 0 33 976 15 0 0 0 0 0 43 981 0 0 0 0 0 0 
0 1024 0 0 0 0 0 0 0 1021 3 0 0 0 0 0 0 1024 0 0 0 0 0 0 
0 1024 0 0 0 0 0 0 0 1024 0 0 0 0 0 0 0 1024 0 0 0 0 0 0 
0 24 364 274 137 215 10 0 0 0 0 143 485 178 210 8 0 0 15 349 286 72 245 57 
0 47 330 169 98 251 129 0 0 0 3 110 366 160 307 78 0 1 4 227 262 85 230 215 
9 156 200 82 126 232 142 77 0 58 251 29 85 146 319 136 0 51 255 28 67 85 258 280 
73 116 657 46 18 11 51 52 55 112 645 60 25 17 37 73 58 113 670 26 31 15 32 79 
30 213 457 144 21 12 14 133 29 169 233 382 47 13 14 137 29 176 366 216 66 15 12 144 
4 607 44 25 15 15 23 291 0 520 123 29 17 16 22 297 1 508 85 68 23 16 21 302 
4 71 158 258 123 18 26 366 2 30 160 255 162 21 22 372 0 21 151 265 165 23 20 379 
0 25 166 177 88 23 22 523 0 2 153 153 146 23 21 526 0 0 135 154 153 29 19 534 
0 16 112 237 94 20 22 523 0 2 83 221 151 20 20 527 0 0 69 211 175 18 22 529 
0 44 184 194 227 15 14 346 0 6 171 194 275 17 14 347 0 0 149 187 310 15 16 347 
0 215 223 193 130 36 38 189 0 36 320 218 173 42 35 200 0 14 123 391 203 40 45 208 
0 781 95 18 20 35 27 48 0 55 806 19 24 24 42 54 0 0 146 723 20 27 38 70 
0 895 104 8 5 12 0 0 0 114 873 17 4 13 3 0 0 12 314 673 8 9 8 0 
15 1009 0 0 0 0 0 0 0 758 266 0 0 0 0 0 0 434 529 61 0 0 0 0 
11 999 14 0 0 0 0 0 0 930 94 0 0 0 0 0 0 797 227 0 0 0 0 0 
108 826 90 0 0 0 0 0 60 719 245 0 0 0 0 0 9 492 520 3 0 0 0 0 
167 802 39 13 3 0 0 0 28 918 62 12 4 0 0 0 3 844 156 17 4 0 0 0 
134 755 67 27 30 11 0 0 97 769 80 34 27 17 0 0 36 286 540 66 35 21 13 27 
334 590 48 43 9 0 0 0 288 632 49 42 9 4 0 0 173 374 151 251 38 8 13 16 
632 367 15 6 4 0 0 0 526 475 13 7 3 0 0 0 268 468 134 150 4 0 0 0 
792 98 55 60 9 8 2 0 773 119 70 48 7 7 0 0 692 161 107 52 5 4 3 0 
414 452 86 72 0 0 0 0 310 548 101 65 0 0 0 0 205 350 292 128 17 14 12 6 
313 475 126 108 2 0 0 0 200 573 60 136 55 0 0 0 133 479 63 92 43 27 84 103 
296 424 149 142 10 3 0 0 172 534 127 104 85 2 0 0 135 455 97 64 55 52 49 117 
289 713 15 6 1 0 0 0 261 740 14 9 0 0 0 0 211 751 38 13 6 5 0 0 
75 947 2 0 0 0 0 0 67 955 2 0 0 0 0 0 89 934 1 0 0 0 0 0 
18 1006 0 0 0 0 0 0 17 1006 1 0 0 0 0 0 18 1006 0 0 0 0 0 0 
0 1024 0 0 0 0 0 0 0 1024 0 0 0 0 0 0 0 1024 0 0 0 0 0 0 
0 1024 0 0 0 0 0 0 0 1023 1 0 0 0 0 0 0 1024 0 0 0 0 0 0 
25 999 0 0 0 0 0 0 22 1002 0 0 0 0 0 0 24 1000 0 0 0 0 0 0 
83 941 0 0 0 0 0 0 66 958 0 0 0 0 0 0 82 942 0 0 0 0 0 0 
70 954 0 0 0 0 0 0 46 978 0 0 0 0 0 0 64 960 0 0 0 0 0 0 
0 0 0 11 70 335 190 418 0 0 0 0 18 120 420 466 0 0 0 0 7 48 375 594 
0 0 2 8 29 67 41 877 0 0 0 3 12 42 68 899 0 0 0 2 7 25 75 915 
0 0 0 0 0 0 8 1016 0 0 0 0 0 0 3 1021 0 0 0 0 0 0 2 1022 
0 0 10 7 4 2 55 946 0 0 8 9 3 2 42 960 0 0 14 3 4 2 33 968 
42 56 106 130 13 29 62 586 40 56 80 139 31 15 56 607 43 61 90 116 38 15 44 617 
0 4 249 245 111 26 150 239 0 0 208 249 146 25 87 309 0 4 192 254 152 25 75 322 
0 30 256 120 27 16 15 560 0 8 194 203 28 15 16 560 0 1 162 229 37 12 16 567 
0 2 62 166 112 17 19 646 0 0 41 130 171 16 18 648 0 0 27 151 164 15 16 651 
0 45 193 248 168 14 23 333 0 2 184 235 232 15 19 337 0 0 160 255 239 13 20 337 
0 284 319 112 128 41 50 90 0 0 452 211 163 40 44 114 0 0 55 512 239 42 42 134 
0 812 173 9 8 7 14 1 0 206 736 49 7 7 10 9 0 42 323 614 13 9 9 14 
50 971 3 0 0 0 0 0 11 600 413 0 0 0 0 0 0 283 581 160 0 0 0 0 
112 899 4 2 3 1 3 0 40 796 178 3 2 1 4 0 20 549 424 22 4 1 1 3 
205 657 154 4 1 2 1 0 92 747 177 3 2 1 2 0 62 509 443 4 2 1 2 1 
193 573 258 0 0 0 0 0 102 628 294 0 0 0 0 0 56 515 453 0 0 0 0 0 
19 730 263 5 4 2 1 0 1 654 357 5 5 1 1 0 0 431 572 9 5 5 1 1 
73 574 139 65 74 99 0 0 37 510 221 67 48 135 6 0 0 189 257 88 160 105 43 182 
320 107 68 52 125 348 4 0 148 242 87 50 67 417 13 0 2 67 50 238 43 56 69 499 
403 199 90 187 88 57 0 0 283 297 77 104 183 79 1 0 33 205 70 222 46 56 79 313 
496 449 56 22 1 0 0 0 445 495 53 30 1 0 0 0 210 578 152 26 18 13 20 7 
453 319 42 138 72 0 0 0 403 354 49 38 169 11 0 0 250 215 57 179 76 30 34 183 
239 125 65 235 311 49 0 0 180 149 69 81 353 192 0 0 42 109 41 73 78 62 70 549 
191 99 126 296 265 47 0 0 101 152 120 108 346 197 0 0 0 12 58 93 93 93 103 572 
609 173 60 38 130 14 0 0 270 493 69 30 70 92 0 0 2 313 180 233 69 37 34 156 
331 413 70 145 61 3 1 0 217 526 79 155 45 1 1 0 282 396 156 150 35 4 1 0 
41 253 414 198 88 30 0 0 21 287 426 211 73 6 0 0 102 250 418 201 51 2 0 0 
410 164 280 61 29 12 16 52 407 204 275 32 27 9 18 52 412 260 218 30 24 11 17 52 
940 61 7 9 5 2 0 0 939 61 7 9 6 2 0 0 940 62 6 9 5 2 0 0 
608 277 30 102 7 0 0 0 603 284 28 108 1 0 0 0 621 281 28 94 0 0 0 0 
107 847 27 43 0 0 0 0 57 896 30 41 0 0 0 0 117 830 47 30 0 0 0 0 
198 822 4 0 0 0 0 0 113 898 13 0 0 0 0 0 217 792 15 0 0 0 0 0 
222 802 0 0 0 0 0 0 128 896 0 0 0 0 0 0 257 767 0 0 0 0 0 0 
0 0 0 2 6 28 83 905 0 0 0 0 5 14 79 926 0 0 0 0 2 16 70 936 
0 0 0 0 0 20 59 945 0 0 0 0 0 13 45 966 0 0 0 0 0 10 46 968 
0 0 0 0 0 0 36 988 0 0 0 0 0 0 23 1001 0 0 0 0 0 0 23 1001 
0 0 0 0 0 0 0 1024 0 0 0 0 0 0 0 1024 0 0 0 0 0 0 0 1024 
0 0 0 0 0 0 0 1024 0 0 0 0 0 0 0 1024 0 0 0 0 0 0 0 1024 
0 0 0 0 0 0 95 929 0 0 0 0 0 0 36 988 0 0 0 0 0 0 20 1004 
0 0 98 129 11 11 319 456 0 0 50 173 13 8 94 686 0 1 53 169 14 11 51 725 
0 39 256 332 32 57 241 67 0 15 195 405 26 51 126 206 0 7 150 338 138 30 71 290 
0 226 347 63 23 35 296 34 0 125 290 214 23 25 57 290 0 58 192 340 49 19 38 328 
33 411 128 16 11 12 406 7 6 280 281 19 12 10 32 384 0 146 313 119 11 11 17 407 
57 284 83 19 22 25 533 1 1 323 96 16 19 24 252 293 0 286 102 39 11 22 24 540 
29 216 62 43 87 148 437 2 14 195 86 29 64 87 370 179 2 122 164 11 27 74 86 538 
0 47 33 26 48 337 533 0 0 22 53 15 37 61 807 29 0 0 66 11 15 33 65 834 
0 0 96 61 157 257 452 1 0 0 82 34 89 171 634 14 0 0 31 59 28 102 171 633 
0 31 310 48 68 81 486 0 0 20 311 38 53 60 455 87 0 0 203 138 31 56 60 536 
17 135 399 33 33 48 359 0 11 108 427 25 30 35 344 44 0 40 299 219 20 27 37 382 
2 49 701 36 53 104 79 0 1 30 707 30 45 51 156 4 0 11 515 215 31 46 46 160 
73 311 569 17 11 35 8 0 49 350 548 20 11 11 33 2 21 212 692 27 15 15 13 29 
172 726 125 1 0 0 0 0 134 735 154 1 0 0 0 0 103 434 485 2 0 0 0 0 
249 773 2 0 0 0 0 0 219 801 4 0 0 0 0 0 183 823 18 0 0 0 0 0 
417 574 15 6 6 3 2 1 366 624 16 6 6 3 2 1 292 644 34 31 14 5 1 3 
390 554 37 26 17 0 0 0 290 651 27 29 24 3 0 0 143 514 42 154 106 16 29 20 
505 476 22 21 0 0 0 0 248 730 21 19 6 0 0 0 107 446 181 239 23 10 10 8 
307 703 14 0 0 0 0 0 168 817 39 0 0 0 0 0 46 514 367 97 0 0 0 0 
97 667 85 29 49 96 1 0 79 629 139 20 42 40 75 0 28 335 472 20 18 45 47 59 
2 330 40 43 97 509 3 0 0 310 51 34 45 205 378 1 0 90 264 23 30 54 208 355 
0 3 36 135 217 594 16 23 0 0 8 75 148 388 382 23 0 0 0 24 81 181 397 341 
0 28 66 170 205 449 29 77 0 11 29 92 214 229 370 79 0 6 8 36 128 212 268 366 
16 93 59 116 193 493 18 36 4 86 61 112 142 179 403 37 4 55 74 127 87 104 311 262 
166 324 44 56 66 359 9 0 37 415 66 39 60 250 156 1 8 398 101 30 44 65 356 22 
266 375 27 63 55 232 6 0 100 512 41 44 62 250 13 2 27 547 67 37 48 51 241 6 
439 339 58 69 57 60 1 1 178 583 32 72 55 94 9 1 75 668 42 43 70 32 87 7 
0 0 4 62 109 94 54 701 0 0 0 2 48 124 121 729 0 0 0 2 9 76 155 782 
0 0 11 50 171 123 62 607 0 0 1 12 34 152 188 637 0 0 0 8 20 67 222 707 
0 0 1 27 106 177 340 373 0 0 0 9 48 136 402 429 0 0 0 2 21 79 184 738 
0 0 1 14 64 109 597 239 0 0 0 7 50 70 596 301 0 0 0 1 14 59 87 863 
0 0 0 0 10 59 850 105 0 0 0 0 3 46 433 542 0 0 0 0 0 9 69 946 
0 3 14 14 17 21 903 52 0 2 9 16 10 21 262 704 0 0 0 10 17 17 26 954 
0 0 1 26 89 80 713 115 0 0 0 9 51 96 290 578 0 0 0 0 12 73 85 854 
0 0 0 20 103 156 729 16 0 0 0 3 52 133 381 455 0 0 0 0 4 71 137 812 
0 0 0 9 28 75 890 22 0 0 0 1 18 57 270 678 0 0 0 0 1 27 63 933 
0 0 3 20 42 95 860 4 0 0 0 7 33 66 391 527 0 0 0 0 7 35 83 899 
0 0 3 17 52 96 840 16 0 0 2 6 32 77 593 314 0 0 0 0 5 39 82 898 
0 0 0 16 44 53 909 2 0 0 0 4 36 47 722 215 0 0 0 0 5 31 51 937 
0 0 0 5 71 52 895 1 0 0 0 1 36 69 754 164 0 0 0 0 1 49 64 910 
0 0 0 12 54 108 844 6 0 0 0 0 35 68 835 86 0 0 0 0 0 28 75 921 
0 0 3 13 67 176 761 4 0 0 0 7 28 90 780 119 0 0 0 0 8 38 98 880 
18 33 22 45 108 176 622 0 4 28 31 35 66 131 690 39 0 6 34 20 34 71 146 713 
27 21 36 70 78 187 605 0 12 31 23 50 75 79 749 5 0 14 35 21 47 70 83 754 
10 158 69 38 74 260 407 8 5 133 91 29 41 97 607 21 0 12 175 38 31 50 100 618 
39 464 114 60 66 173 106 2 25 437 116 66 64 64 242 10 13 60 430 88 58 64 62 249 
147 642 48 59 74 53 1 0 114 659 53 34 92 29 43 0 56 459 279 37 30 72 45 46 
96 607 84 73 151 7 4 2 79 600 86 72 86 93 6 2 19 518 171 80 68 92 73 3 
92 772 44 30 81 5 0 0 53 794 52 35 34 56 0 0 7 696 177 29 30 48 37 0 
181 592 74 53 122 2 0 0 145 615 68 46 84 66 0 0 132 557 97 58 47 87 46 0 
57 695 48 29 190 5 0 0 27 716 47 24 97 113 0 0 11 556 195 35 24 119 84 0 
104 398 120 78 239 84 1 0 63 420 111 88 82 203 57 0 21 260 237 102 76 150 126 52 
5 32 71 67 290 524 35 0 0 30 54 60 103 358 417 2 0 12 22 51 60 103 361 415 
0 8 11 47 282 619 57 0 0 6 6 17 120 407 452 16 0 0 6 9 19 122 405 463 
0 3 34 116 218 572 80 1 0 1 14 43 161 304 489 12 0 0 0 19 55 174 276 500 
0 5 12 47 96 855 9 0 0 0 6 19 60 353 580 6 0 0 0 5 16 63 337 603 
0 0 0 12 94 915 3 0 0 0 0 1 28 457 538 0 0 0 0 0 1 30 584 409 
0 0 2 28 71 919 4 0 0 0 0 7 34 436 546 1 0 0 0 0 7 42 475 500 
0 0 4 22 106 890 2 0 0 0 0 8 33 677 306 0 0 0 0 0 9 31 768 216 
0 0 24 160 392 401 47 0 0 0 4 13 95 391 490 31 0 0 0 5 26 198 521 274 
0 1 15 140 514 340 14 0 0 0 0 7 50 367 560 40 0 0 0 0 8 103 557 356 
0 0 6 89 480 372 70 7 0 0 0 2 35 311 627 49 0 0 0 1 6 66 531 420 
0 0 4 55 159 301 481 24 0 0 1 11 78 192 591 151 0 0 0 1 33 117 258 615 
0 2 13 25 60 116 808 0 0 0 5 23 40 81 758 117 0 0 0 4 29 50 89 852 
0 1 18 33 94 112 764 2 0 0 6 19 63 128 737 71 0 0 0 6 25 99 107 787 
0 0 11 26 68 76 736 107 0 0 1 17 45 84 601 276 0 0 0 2 15 71 74 862 
0 0 0 5 39 70 885 25 0 0 0 0 18 64 475 467 0 0 0 0 1 25 71 927 
0 0 0 10 50 45 890 29 0 0 0 0 34 50 332 608 0 0 0 0 2 35 52 935 
0 0 1 9 51 69 878 16 0 0 0 6 25 65 326 602 0 0 0 0 4 33 70 917 
0 0 7 22 33 51 901 10 0 0 2 11 29 42 528 412 0 0 0 0 14 35 42 933 
0 3 22 56 174 297 472 0 0 0 10 34 88 260 601 31 0 0 0 4 38 144 257 581 
0 2 28 45 91 343 512 3 0 1 11 29 76 149 738 20 0 0 0 8 31 89 187 709 
0 0 0 20 73 233 697 1 0 0 0 9 41 113 650 211 0 0 0 0 6 60 128 830 
0 0 2 26 47 75 874 0 0 0 0 15 35 69 743 162 0 0 0 0 15 36 70 903 
0 5 14 9 19 22 955 0 0 2 11 12 12 28 812 147 0 0 0 9 12 14 27 962 
17 22 19 11 10 34 911 0 3 29 23 10 10 13 874 62 0 15 21 16 16 8 8 940 
2 95 308 139 122 109 249 0 0 91 290 119 138 98 279 9 0 42 191 155 113 141 91 291 
0 391 247 55 35 150 146 0 0 348 267 63 38 38 266 4 0 122 424 83 54 38 46 257 
3 382 123 65 60 177 214 0 0 361 135 62 57 56 352 1 0 115 341 46 60 57 61 344 
17 112 131 104 302 213 144 1 15 109 114 101 114 327 240 4 12 19 128 87 99 120 325 234 
29 250 222 109 289 95 30 0 20 235 226 87 119 267 69 1 0 83 321 87 90 135 242 66 
0 621 248 33 120 2 0 0 0 638 228 23 44 91 0 0 0 73 771 19 27 49 85 0 
0 690 269 41 21 3 0 0 0 699 253 34 26 11 1 0 0 7 912 39 35 20 11 0 
48 246 368 114 196 48 4 0 48 223 368 87 146 139 13 0 19 78 439 120 83 171 102 12 
1 34 119 97 165 369 237 2 0 21 110 87 110 210 456 30 0 3 30 107 86 132 189 477 
0 2 20 32 92 209 667 2 0 0 12 20 60 128 786 18 0 0 0 17 21 68 156 762 
0 2 13 36 76 168 729 0 0 0 6 24 44 131 808 11 0 0 0 9 26 66 160 763 
0 0 2 14 50 109 848 1 0 0 0 3 31 57 923 10 0 0 0 0 5 45 92 882 
0 13 21 51 132 277 530 0 0 5 10 38 78 206 683 4 0 0 7 9 41 98 229 640 
0 4 12 46 63 369 530 0 0 0 6 22 47 128 818 3 0 0 1 5 30 54 169 765 
0 8 20 43 89 609 254 1 0 0 16 16 53 255 676 8 0 0 1 16 20 63 266 658 
0 0 30 200 527 227 40 0 0 0 0 16 162 501 310 35 0 0 0 0 39 254 579 152 
0 0 8 132 476 381 27 0 0 0 0 0 64 376 546 38 0 0 0 0 9 123 579 313 
0 0 16 128 509 345 26 0 0 0 0 5 64 413 501 41 0 0 0 0 10 144 573 297 
0 0 3 45 313 516 147 0 0 0 0 6 31 232 608 147 0 0 0 3 11 63 451 496 
0 2 16 137 268 323 258 20 0 0 6 49 132 269 468 100 0 0 0 21 98 157 368 380 
0 3 28 138 214 200 396 45 0 0 4 71 168 237 337 207 0 0 1 29 115 188 241 450 
0 0 3 39 82 121 601 178 0 0 1 15 66 125 313 504 0 0 0 3 40 92 117 772 
0 0 0 3 54 118 843 6 0 0 0 0 30 102 395 497 0 0 0 0 2 57 110 855 
0 0 0 3 51 92 874 4 0 0 0 0 15 82 462 465 0 0 0 0 0 30 97 897 
0 0 4 24 55 65 874 2 0 0 0 12 41 68 434 469 0 0 0 1 10 52 73 888 
0 0 5 20 42 76 846 35 0 0 0 7 31 71 346 569 0 0 0 0 6 42 80 896 
0 0 11 20 53 159 745 36 0 0 4 21 31 93 522 353 0 0 0 3 18 54 136 813 
0 1 23 30 55 194 693 28 0 0 12 29 39 89 590 265 0 0 0 14 28 57 99 826 
0 6 11 22 40 339 605 1 0 2 10 18 26 46 862 60 0 0 2 6 24 30 60 902 
0 1 4 18 40 298 659 4 0 0 2 9 25 59 915 14 0 0 0 1 10 26 58 929 
0 6 12 13 53 279 660 1 0 0 13 9 22 79 891 10 0 0 0 12 13 41 78 880 
0 3 21 22 36 237 700 5 0 0 13 25 26 88 848 24 0 0 0 8 29 34 112 841 
0 11 62 153 192 351 255 0 0 2 28 110 171 201 487 25 0 0 4 37 117 185 188 493 
0 14 21 74 88 107 718 2 0 2 17 53 88 85 724 55 0 0 3 12 61 94 81 773 
0 2 11 4 6 33 968 0 0 0 7 8 7 4 984 14 0 0 0 6 8 5 6 999 
0 0 0 0 0 12 1012 0 0 0 0 0 0 0 1020 4 0 0 0 0 0 0 0 1024 
8 19 21 66 144 239 522 5 5 12 21 39 103 164 659 21 0 11 4 29 38 109 161 672 
5 86 221 79 69 371 193 0 0 80 200 82 62 88 509 3 0 21 144 137 59 72 89 502 
0 51 201 120 154 240 258 0 0 29 199 95 138 157 393 13 0 1 136 96 101 124 160 406 
0 5 62 110 216 374 253 4 0 0 43 80 154 278 450 19 0 0 9 40 89 167 298 421 
0 0 3 21 193 340 467 0 0 0 2 8 110 230 671 3 0 0 0 4 12 96 239 673 
0 7 8 41 179 435 354 0 0 2 11 20 95 234 658 4 0 0 7 8 15 78 238 678 
0 0 20 96 238 405 264 1 0 0 13 45 183 269 503 11 0 0 0 16 60 199 271 478 
0 0 0 10 18 82 909 5 0 0 0 3 17 37 950 17 0 0 0 0 3 19 47 955 
0 1 39 66 58 238 620 2 0 0 11 62 58 104 778 11 0 0 1 30 58 66 155 714 
0 4 28 64 85 244 599 0 0 0 12 49 70 95 790 8 0 0 4 18 58 72 99 773 
0 5 6 10 18 334 651 0 0 0 7 9 13 44 944 7 0 0 3 7 8 17 136 853 
0 0 4 77 301 494 143 5 0 0 0 4 57 314 540 109 0 0 0 2 8 151 534 329 
0 0 13 89 460 389 68 5 0 0 0 6 64 360 520 74 0 0 0 0 22 137 601 264 
0 0 18 121 354 433 97 1 0 0 0 13 85 329 507 90 0 0 0 0 29 173 485 337 
0 0 0 20 201 532 261 10 0 0 0 0 15 193 589 227 0 0 0 0 2 60 422 540 
0 0 0 18 151 505 314 36 0 0 0 1 13 158 576 276 0 0 0 0 3 40 380 601 
0 5 24 94 304 422 169 6 0 0 5 26 86 272 491 144 0 0 1 11 39 133 416 424 
0 8 60 180 268 403 100 5 0 1 16 93 138 232 452 92 0 1 9 42 149 109 362 352 
0 8 62 217 285 346 99 7 0 3 18 112 169 302 352 68 0 0 12 51 162 166 386 247 
0 7 27 204 301 291 189 5 0 0 11 62 203 307 362 79 0 0 5 16 168 193 341 301 
0 9 54 213 214 157 368 9 0 1 19 107 205 177 278 237 0 0 9 35 211 164 167 438 
0 2 23 192 82 114 568 43 0 0 4 86 139 94 291 410 0 0 3 27 162 75 121 636 
0 1 18 156 56 29 716 48 0 0 3 61 144 41 266 509 0 0 0 8 146 74 28 768 
0 2 18 104 41 156 684 19 0 1 4 82 65 64 520 288 0 0 0 14 100 43 68 799 
0 4 23 56 189 337 413 2 0 0 13 34 125 200 591 61 0 0 0 14 35 164 174 637 
0 13 18 40 65 130 755 3 0 3 21 27 61 75 605 232 0 0 2 19 34 62 90 817 
0 2 14 45 79 112 770 2 0 0 8 24 69 101 564 258 0 0 0 5 33 80 112 794 
1 6 18 27 44 67 861 0 0 4 8 26 29 45 619 293 0 0 2 6 25 43 48 900 
0 0 2 16 14 24 968 0 0 0 1 9 14 20 820 160 0 0 0 1 13 13 26 971 
0 0 0 0 6 30 986 2 0 0 0 0 2 14 899 109 0 0 0 0 0 6 15 1003 
0 2 18 28 38 94 840 4 0 0 10 26 28 60 860 40 0 0 0 8 29 38 61 888 
0 16 42 53 128 182 603 0 0 5 39 42 86 132 715 5 0 0 1 41 46 109 117 710 
0 9 21 74 174 331 414 1 0 4 14 43 131 206 612 14 0 0 2 10 53 141 199 619 
8 31 41 48 152 412 286 46 0 26 33 52 77 207 554 75 0 2 23 36 57 116 206 584 
0 0 3 15 58 192 747 9 0 0 1 4 32 83 870 34 0 0 0 1 5 44 99 875 
0 0 0 42 43 183 756 0 0 0 0 29 43 61 887 4 0 0 0 4 28 43 113 836 
0 0 0 16 71 264 673 0 0 0 0 4 56 80 883 1 0 0 0 0 4 62 94 864 
0 0 0 16 38 237 731 2 0 0 0 6 37 45 934 2 0 0 0 0 6 36 55 927 
0 1 10 44 131 377 449 12 0 0 8 27 81 151 729 28 0 0 1 6 32 121 119 745 
3 37 37 55 118 130 640 4 0 29 38 34 87 116 707 13 0 3 25 41 51 99 101 704 
0 27 33 45 101 156 662 0 0 17 27 42 59 97 778 4 0 0 16 35 47 79 95 752 
5 11 63 107 142 454 241 1 0 10 24 87 124 186 587 6 0 5 9 37 112 120 166 575 
1 22 76 128 239 474 79 5 0 8 48 80 180 351 338 19 0 0 20 52 99 208 386 259 
0 0 6 62 332 436 178 10 0 0 0 5 78 346 461 134 0 0 0 1 30 188 535 270 
0 0 3 62 198 444 298 19 0 0 0 4 52 189 531 248 0 0 0 0 18 106 446 454 
0 0 35 122 296 400 156 15 0 0 0 28 106 274 451 165 0 0 0 4 55 173 423 369 
0 0 19 153 360 368 123 1 0 0 0 15 99 358 433 119 0 0 0 1 29 202 486 306 
0 2 22 105 319 409 151 16 0 0 2 19 113 318 433 139 0 0 0 2 46 212 439 325 
0 2 27 109 349 396 128 13 0 0 2 29 107 336 433 117 0 0 0 7 48 203 461 305 
0 2 23 122 369 415 93 0 0 0 3 23 114 356 432 96 0 0 0 4 56 180 486 298 
0 3 20 125 362 371 133 10 0 0 4 22 118 359 403 118 0 0 1 8 39 205 457 314 
0 0 15 158 404 349 96 2 0 0 0 3 112 339 462 108 0 0 0 0 14 158 459 393 
0 0 29 174 375 354 91 1 0 0 0 14 113 343 434 120 0 0 0 0 24 164 441 395 
0 1 17 87 326 452 137 4 0 0 1 12 66 274 525 146 0 0 0 2 17 104 415 486 
0 5 32 143 354 373 117 0 0 0 7 32 96 324 437 128 0 0 1 19 39 146 435 384 
0 24 80 214 356 268 81 1 0 0 31 75 161 318 354 85 0 0 5 48 104 154 388 325 
0 4 60 213 314 324 106 3 0 0 9 57 168 317 394 79 0 0 2 19 77 200 384 342 
0 8 91 224 287 274 139 1 0 0 10 109 184 310 357 54 0 0 1 42 119 198 357 307 
0 12 84 143 180 285 311 9 0 1 28 147 75 172 470 131 0 0 18 94 92 91 239 490 
0 16 73 168 150 280 324 13 0 3 36 139 103 153 467 123 0 0 20 67 144 101 215 477 
0 35 81 184 165 247 311 1 0 1 55 117 133 179 478 61 0 0 30 67 152 91 222 462 
0 20 73 216 175 197 332 11 0 4 39 125 186 190 407 73 0 1 24 61 191 141 203 403 
0 20 55 185 296 268 189 11 0 15 32 72 195 291 366 53 0 1 11 40 127 214 325 306 
1 9 54 155 124 190 489 2 0 2 8 69 149 132 645 19 0 0 3 20 123 122 130 626 
0 9 50 143 32 85 699 6 0 0 25 123 74 41 726 35 0 0 9 49 139 34 41 752 
1 3 16 137 197 255 378 37 0 1 6 69 161 204 519 64 0 0 1 11 105 189 179 539 
0 0 5 21 67 189 702 40 0 0 0 8 26 90 813 87 0 0 0 1 13 32 152 826 
0 0 0 0 4 52 966 2 0 0 0 0 3 7 1006 8 0 0 0 0 0 3 11 1010 
0 0 0 0 2 282 740 0 0 0 0 0 0 17 1007 0 0 0 0 0 0 0 11 1013 
0 0 0 0 0 351 673 0 0 0 0 0 0 2 1022 0 0 0 0 0 0 0 4 1020 
0 5 17 67 110 479 344 2 0 3 9 39 91 118 743 21 0 0 0 11 51 112 102 748 
0 0 5 20 75 212 710 2 0 0 0 11 53 72 884 4 0 0 0 2 20 67 84 851 
0 0 0 0 3 133 888 0 0 0 0 0 1 12 1010 1 0 0 0 0 0 2 17 1005 
0 0 0 1 3 149 871 0 0 0 0 0 2 15 1005 2 0 0 0 0 0 3 39 982 
0 0 0 0 3 637 384 0 0 0 0 0 2 65 957 0 0 0 0 0 0 2 190 832 
0 0 22 189 424 333 56 0 0 0 0 19 188 457 324 36 0 0 0 2 85 377 461 99 
0 3 8 127 350 377 139 20 0 0 3 7 115 330 437 132 0 0 0 5 41 239 466 273 
0 0 17 92 320 458 125 12 0 0 0 6 72 276 541 129 0 0 0 0 20 129 505 370 
0 0 13 100 325 403 176 7 0 0 0 6 64 296 474 184 0 0 0 1 22 126 489 386 
0 1 29 181 364 321 117 11 0 0 0 17 133 378 367 129 0 0 0 6 51 216 461 290 
0 0 21 111 344 412 131 5 0 0 0 8 70 293 494 159 0 0 0 1 21 130 451 421 
0 1 22 136 346 357 143 19 0 0 0 11 91 313 441 168 0 0 0 2 23 168 443 388 
1 3 23 83 287 448 169 10 0 1 3 21 64 245 511 179 0 0 2 4 24 95 407 492 
0 0 22 142 401 381 77 1 0 0 0 13 100 326 486 99 0 0 0 0 30 164 437 393 
0 0 10 156 386 389 83 0 0 0 0 4 74 348 491 107 0 0 0 0 8 144 464 408 
0 2 39 161 379 315 123 5 0 0 0 18 104 307 432 163 0 0 0 1 30 150 431 412 
0 3 34 199 450 284 54 0 0 0 2 18 100 417 407 80 0 0 0 3 28 173 503 317 
0 4 111 317 365 186 39 2 0 0 2 50 226 422 279 45 0 0 0 6 88 292 434 204 
0 7 56 222 401 286 51 1 0 0 4 34 154 384 378 70 0 0 0 6 47 209 447 315 
0 1 28 161 373 382 78 1 0 0 0 11 96 348 473 96 0 0 0 1 12 147 441 423 
0 3 11 93 308 419 187 3 0 0 1 9 65 289 491 169 0 0 0 1 12 95 396 520 
0 3 19 117 335 400 146 4 0 0 5 18 85 298 474 144 0 0 0 6 22 133 410 453 
0 2 23 127 428 361 82 1 0 0 2 16 80 363 460 103 0 0 0 2 24 136 489 373 
0 0 40 146 324 394 119 1 0 0 0 19 118 307 468 112 0 0 0 0 42 167 429 386 
0 5 90 287 374 240 28 0 0 0 3 44 251 384 302 40 0 0 0 3 64 298 432 227 
0 7 81 256 399 236 45 0 0 0 6 54 206 382 318 58 0 0 0 7 67 248 426 276 
2 40 101 265 334 233 45 4 0 5 56 79 192 313 318 61 0 0 23 59 81 218 374 269 
0 22 100 365 343 174 20 0 0 2 33 118 263 346 237 25 0 0 16 58 195 236 361 158 
0 16 88 313 304 213 78 12 0 0 16 137 255 326 215 75 0 0 3 39 217 241 330 194 
0 45 71 193 249 291 168 7 0 27 46 91 226 194 375 65 0 0 33 64 198 164 210 355 
0 39 111 278 139 206 244 7 0 2 66 140 231 140 429 16 0 0 22 83 238 156 169 356 
2 50 114 193 88 268 309 0 0 10 53 141 167 115 533 5 0 0 21 112 175 99 95 522 
0 17 81 173 171 395 184 3 0 6 32 129 179 162 504 12 0 0 2 74 153 189 127 479 
0 0 9 35 87 248 643 2 0 0 1 12 56 87 862 6 0 0 0 6 16 73 121 808 
0 0 0 0 4 114 906 0 0 0 0 0 0 7 1017 0 0 0 0 0 0 2 24 998 
0 0 0 0 3 109 912 0 0 0 0 0 1 10 1012 1 0 0 0 0 0 3 138 883 
0 0 0 3 5 869 147 0 0 0 0 2 5 24 993 0 0 0 0 0 3 5 247 769 
0 0 0 74 419 420 105 6 0 0 0 0 77 407 462 78 0 0 0 0 29 281 568 146 
0 0 12 136 311 395 149 21 0 0 0 4 102 294 469 155 0 0 0 1 38 220 471 294 
0 3 51 216 355 326 69 4 0 0 5 32 191 350 369 77 0 0 0 18 83 289 431 203 
0 4 19 112 328 429 132 0 0 0 1 16 69 292 502 144 0 0 0 5 26 151 461 381 
0 0 42 220 388 294 77 3 0 0 0 12 128 358 431 95 0 0 0 0 26 211 480 307 
0 6 75 275 392 235 41 0 0 0 5 33 175 440 319 52 0 0 1 8 76 288 475 176 
0 1 48 182 361 336 88 8 0 0 0 29 135 325 423 112 0 0 0 2 50 221 437 314 
0 0 13 148 373 377 111 2 0 0 0 3 64 301 501 155 0 0 0 0 6 120 437 461 
0 0 36 190 362 365 69 2 0 0 0 15 136 319 456 98 0 0 0 0 42 211 438 333 
0 1 75 309 397 218 24 0 0 0 0 26 191 445 329 33 0 0 0 1 61 316 460 186 
0 1 82 370 387 168 16 0 0 0 1 24 259 452 262 26 0 0 0 1 74 372 437 140 
0 8 116 369 340 163 28 0 0 0 1 45 292 400 251 35 0 0 0 5 90 401 386 142 
1 55 254 384 251 73 5 1 0 0 9 148 355 376 125 11 0 0 1 35 236 429 267 56 
0 14 113 326 348 181 36 6 0 0 4 62 249 398 265 46 0 0 0 9 118 337 397 163 
0 7 56 204 335 326 87 9 0 0 2 31 140 332 416 103 0 0 0 5 43 195 430 351 
0 0 4 48 262 463 242 5 0 0 0 1 38 229 561 195 0 0 0 0 4 73 379 568 
0 0 5 63 201 479 259 17 0 0 0 3 46 201 522 252 0 0 0 0 7 73 373 571 
0 0 18 91 319 468 123 5 0 0 0 9 65 262 554 134 0 0 0 0 14 98 427 485 
0 3 28 152 444 341 53 3 0 0 0 12 95 346 493 78 0 0 0 6 21 146 493 358 
0 2 29 230 363 329 71 0 0 0 0 8 152 372 410 82 0 0 0 0 20 221 420 363 
0 2 16 114 384 415 90 3 0 0 0 8 72 328 513 103 0 0 0 1 12 95 455 461 
0 2 68 255 342 274 81 2 0 0 0 34 179 360 336 115 0 0 0 0 34 260 398 332 
0 3 37 221 435 291 37 0 0 0 0 17 124 388 420 75 0 0 0 1 21 184 467 351 
0 3 44 167 419 332 58 1 0 0 3 27 100 374 440 80 0 0 0 3 31 159 483 348 
0 2 27 160 366 384 79 6 0 0 2 19 99 314 494 96 0 0 0 0 30 155 449 390 
0 0 7 53 218 473 267 6 0 0 0 5 39 199 537 244 0 0 0 0 9 75 339 601 
0 19 83 206 297 334 85 0 0 0 15 54 172 307 371 105 0 0 5 28 94 205 385 307 
0 130 337 348 146 58 5 0 0 0 47 335 352 203 78 9 0 0 48 235 347 231 122 41 
2 128 292 285 180 101 34 2 0 1 63 314 314 215 102 15 0 0 47 276 286 232 137 46 
0 119 295 130 102 112 262 4 0 5 126 299 141 116 325 12 0 0 149 261 123 121 101 269 
0 0 76 88 130 403 326 1 0 0 19 84 101 171 633 16 0 0 23 67 69 132 267 466 
0 1 12 20 46 887 56 2 0 0 11 16 19 338 633 7 0 0 1 16 15 43 747 202 
