195 829 0 0 0 0 0 0 93 931 0 0 0 0 0 0 79 559 386 0 0 0 0 0 
45 979 0 0 0 0 0 0 0 1024 0 0 0 0 0 0 0 547 477 0 0 0 0 0 
34 990 0 0 0 0 0 0 0 1024 0 0 0 0 0 0 0 529 495 0 0 0 0 0 
18 1006 0 0 0 0 0 0 0 1024 0 0 0 0 0 0 0 591 433 0 0 0 0 0 
15 1009 0 0 0 0 0 0 0 1024 0 0 0 0 0 0 0 626 398 0 0 0 0 0 
0 1024 0 0 0 0 0 0 0 1024 0 0 0 0 0 0 0 720 304 0 0 0 0 0 
42 982 0 0 0 0 0 0 37 984 3 0 0 0 0 0 38 893 93 0 0 0 0 0 
102 922 0 0 0 0 0 0 101 923 0 0 0 0 0 0 103 820 101 0 0 0 0 0 
92 932 0 0 0 0 0 0 86 935 3 0 0 0 0 0 86 876 62 0 0 0 0 0 
81 943 0 0 0 0 0 0 80 944 0 0 0 0 0 0 80 944 0 0 0 0 0 0 
560 463 1 0 0 0 0 0 558 391 75 0 0 0 0 0 558 40 426 0 0 0 0 0 
657 366 1 0 0 0 0 0 654 312 58 0 0 0 0 0 654 29 341 0 0 0 0 0 
738 276 4 0 1 1 2 2 733 206 79 0 1 1 2 2 725 45 247 1 0 1 2 3 
812 194 2 3 1 1 2 9 817 171 22 2 1 2 6 3 816 49 146 1 1 5 6 0 
842 127 7 4 4 8 6 26 854 110 14 4 7 7 19 9 863 74 43 5 9 15 15 0 
836 52 9 9 5 8 11 94 852 42 8 7 8 8 55 44 860 39 7 7 8 61 42 0 
870 16 8 8 9 2 4 107 882 9 7 10 3 5 51 57 885 9 9 8 4 64 45 0 
743 37 13 7 5 9 13 197 767 23 7 4 9 12 74 128 775 17 9 5 11 132 75 0 
392 368 28 7 5 7 7 210 444 261 89 6 5 7 49 163 451 127 218 6 7 158 57 0 
757 101 63 3 4 0 0 96 796 104 24 3 1 0 28 68 818 104 3 3 0 45 51 0 
254 16 41 7 124 223 359 0 262 9 41 16 222 468 6 0 264 10 37 116 496 97 4 0 
261 87 55 353 227 41 0 0 210 137 55 94 528 0 0 0 210 144 50 273 347 0 0 0 
58 30 8 2 8 3 16 899 68 20 8 4 7 6 27 884 68 21 8 5 6 168 398 350 
19 22 6 4 7 4 6 956 36 9 3 6 6 5 56 903 41 5 6 6 4 341 621 0 
0 0 0 0 0 0 0 1024 0 0 0 0 0 0 26 998 0 0 0 0 0 494 530 0 
0 0 0 0 0 0 0 1024 0 0 0 0 0 0 0 1024 0 0 0 0 0 407 617 0 
0 0 0 0 0 0 0 1024 0 0 0 0 0 0 0 1024 0 0 0 0 0 296 728 0 
0 0 0 0 0 0 0 1024 0 0 0 0 0 0 0 1024 0 0 0 0 0 208 816 0 
0 0 0 0 0 0 0 1024 0 0 0 0 0 0 0 1024 0 0 0 0 0 64 960 0 
0 0 0 0 0 0 0 1024 0 0 0 0 0 0 0 1024 0 0 0 0 0 0 1024 0 
0 9 48 23 225 225 492 2 0 1 47 20 286 577 93 0 0 0 43 79 310 586 6 0 
70 90 60 490 114 200 0 0 5 148 64 128 659 20 0 0 0 152 63 208 562 39 0 0 
0 0 0 0 0 0 0 1024 0 0 0 0 0 0 0 1024 0 0 0 0 0 0 540 484 
0 0 0 0 0 0 0 1024 0 0 0 0 0 0 0 1024 0 0 0 0 0 0 951 73 
0 0 0 0 0 0 0 1024 0 0 0 0 0 0 0 1024 0 0 0 0 0 0 957 67 
0 0 0 0 0 0 0 1024 0 0 0 0 0 0 0 1024 0 0 0 0 0 0 959 65 
0 0 0 0 0 0 0 1024 0 0 0 0 0 0 0 1024 0 0 0 0 0 0 937 87 
0 0 0 0 0 0 0 1024 0 0 0 0 0 0 0 1024 0 0 0 0 0 0 927 97 
0 0 0 0 0 0 0 1024 0 0 0 0 0 0 0 1024 0 0 0 0 0 0 832 192 
0 0 0 0 0 0 0 1024 0 0 0 0 0 0 0 1024 0 0 0 0 0 0 952 72 
0 38 40 60 193 302 390 1 0 9 60 33 294 267 360 1 0 16 49 77 355 342 185 0 
88 124 61 444 65 242 0 0 21 170 72 165 320 268 8 0 6 175 76 73 470 207 17 0 
0 0 0 0 0 0 0 1024 0 0 0 0 0 0 0 1024 0 0 0 0 0 0 0 1024 
0 0 0 7 15 1 3 998 0 0 0 20 2 1 11 990 0 0 8 14 1 4 16 981 
0 0 0 7 28 9 13 967 0 0 0 9 26 10 14 965 0 0 4 22 13 14 12 959 
0 0 0 1 74 7 13 929 0 0 0 0 75 7 13 929 0 0 0 45 32 9 16 922 
0 0 0 42 94 12 8 868 0 0 0 22 114 13 8 867 0 0 0 77 65 10 9 863 
0 0 0 38 90 7 14 875 0 0 0 36 92 9 16 871 0 0 4 104 26 7 19 864 
0 0 0 73 91 12 14 834 0 0 0 55 110 14 13 832 0 0 2 123 48 10 14 827 
0 0 0 25 61 5 5 928 0 0 0 23 64 6 43 888 0 0 3 28 59 6 123 805 
21 377 515 94 12 5 0 0 0 180 489 300 47 8 0 0 0 109 524 294 84 13 0 0 
107 305 233 318 40 21 0 0 17 173 299 222 257 52 4 0 4 169 298 204 290 53 6 0 
3 59 176 310 96 44 54 282 0 0 183 318 119 58 47 299 0 6 364 183 83 39 43 306 
34 189 251 411 123 10 3 3 0 3 189 635 158 34 2 3 0 45 470 401 93 11 1 3 
0 2 115 708 143 56 0 0 0 0 92 681 213 38 0 0 0 2 418 493 111 0 0 0 
2 99 151 706 62 4 0 0 0 43 139 704 137 1 0 0 2 64 363 566 29 0 0 0 
0 20 81 808 115 0 0 0 0 3 52 702 263 4 0 0 0 3 146 728 146 1 0 0 
0 0 21 909 94 0 0 0 0 0 69 758 187 10 0 0 0 1 304 614 93 12 0 0 
0 0 3 957 64 0 0 0 0 0 6 892 79 47 0 0 0 0 90 834 38 62 0 0 
0 0 2 857 165 0 0 0 0 0 8 612 384 20 0 0 0 0 28 704 283 9 0 0 
119 248 346 283 28 0 0 0 20 229 341 351 79 4 0 0 13 188 407 283 79 54 0 0 
155 138 371 336 17 7 0 0 57 180 319 410 44 14 0 0 30 191 326 289 166 22 0 0 
19 87 150 109 110 239 39 271 0 23 98 158 315 121 30 279 0 30 126 322 147 75 40 284 
23 50 25 51 128 605 142 0 18 6 33 64 691 210 2 0 0 0 22 650 228 46 73 5 
150 34 24 50 115 486 165 0 149 39 31 27 601 176 1 0 17 188 26 542 239 12 0 0 
231 435 268 59 18 13 0 0 79 335 372 196 41 1 0 0 35 451 333 184 21 0 0 0 
143 277 393 174 36 1 0 0 116 64 312 366 155 11 0 0 12 205 353 327 117 10 0 0 
98 10 34 117 122 536 107 0 96 12 15 67 752 82 0 0 36 72 23 671 219 3 0 0 
76 20 0 37 69 760 62 0 83 13 0 6 868 54 0 0 77 19 0 755 157 16 0 0 
24 2 8 8 122 830 30 0 24 4 8 0 951 37 0 0 24 5 7 864 124 0 0 0 
207 522 260 35 0 0 0 0 120 151 502 233 18 0 0 0 51 161 301 465 45 1 0 0 
161 248 284 299 32 0 0 0 78 106 294 514 21 11 0 0 33 128 225 339 271 28 0 0 
150 127 123 105 75 29 25 390 44 129 105 139 122 45 35 405 0 34 104 113 137 105 89 442 
338 253 244 114 73 2 0 0 167 179 139 333 201 5 0 0 1 86 205 158 232 152 168 22 
456 201 139 104 111 13 0 0 262 317 150 129 148 18 0 0 12 137 313 168 123 125 88 58 
810 117 81 14 2 0 0 0 613 263 122 18 7 1 0 0 20 209 556 101 60 45 32 1 
592 161 90 154 24 3 0 0 394 304 113 142 61 10 0 0 48 358 211 213 132 49 11 2 
338 142 289 205 48 2 0 0 228 138 66 178 242 147 25 0 9 191 111 153 190 36 53 281 
450 218 229 117 9 1 0 0 378 177 196 173 99 1 0 0 5 356 267 236 152 7 1 0 
287 617 107 13 0 0 0 0 234 184 495 62 49 0 0 0 15 273 609 72 54 1 0 0 
611 305 93 15 0 0 0 0 428 359 180 57 0 0 0 0 301 420 183 111 9 0 0 0 
380 298 252 71 22 1 0 0 156 411 187 224 21 15 10 0 41 362 285 131 167 7 9 22 
424 214 133 51 43 16 13 130 219 244 179 121 53 51 17 140 0 175 267 127 113 76 59 207 
246 217 197 220 112 32 0 0 162 211 242 244 106 53 6 0 18 159 254 352 100 44 31 66 
458 168 148 154 86 10 0 0 328 258 267 106 65 0 0 0 6 199 513 216 79 8 3 0 
715 169 50 74 14 2 0 0 607 261 64 75 15 2 0 0 7 539 336 80 42 16 4 0 
537 219 114 76 44 25 9 0 356 321 150 98 56 19 23 1 25 353 304 161 93 45 26 17 
359 235 197 107 79 18 22 7 220 293 174 103 126 62 27 19 1 152 304 212 114 43 44 154 
218 134 85 177 131 229 50 0 190 85 257 130 256 106 0 0 43 155 270 297 249 9 1 0 
60 344 161 302 45 109 3 0 60 143 436 256 101 28 0 0 33 65 737 110 79 0 0 0 
442 259 275 39 8 1 0 0 322 343 306 39 11 2 1 0 235 345 379 48 14 2 1 0 
350 431 241 2 0 0 0 0 107 464 373 79 1 0 0 0 23 265 547 129 59 1 0 0 
666 342 16 0 0 0 0 0 398 509 104 11 2 0 0 0 0 387 472 106 40 15 4 0 
2 79 227 598 118 0 0 0 1 57 308 434 216 8 0 0 0 15 70 466 176 255 34 8 
9 169 647 188 11 0 0 0 2 128 593 267 34 0 0 0 0 9 193 535 210 70 7 0 
97 587 324 16 0 0 0 0 14 369 569 65 7 0 0 0 0 24 471 396 122 11 0 0 
129 559 325 11 0 0 0 0 47 339 613 24 1 0 0 0 4 56 431 474 57 2 0 0 
75 527 371 37 6 3 4 1 28 366 587 31 4 3 1 4 0 97 390 326 200 3 1 7 
2 59 88 873 2 0 0 0 8 62 610 344 0 0 0 0 3 45 620 356 0 0 0 0 
0 6 58 936 24 0 0 0 0 29 877 118 0 0 0 0 0 37 896 91 0 0 0 0 
0 264 759 1 0 0 0 0 0 82 938 4 0 0 0 0 0 1 781 242 0 0 0 0 
0 506 510 8 0 0 0 0 0 102 898 24 0 0 0 0 0 0 567 447 10 0 0 0 
0 520 423 59 22 0 0 0 0 167 670 142 43 2 0 0 0 0 240 679 83 22 0 0 
0 36 280 708 0 0 0 0 0 23 337 664 0 0 0 0 0 53 45 785 141 0 0 0 
8 94 437 400 68 17 0 0 14 207 578 199 25 1 0 0 146 392 130 336 20 0 0 0 
5 375 624 9 6 4 1 0 153 620 238 6 3 4 0 0 557 398 52 11 6 0 0 0 
12 423 557 28 4 0 0 0 139 481 391 13 0 0 0 0 732 167 112 13 0 0 0 0 
55 404 504 52 9 0 0 0 140 347 464 73 0 0 0 0 427 243 79 146 116 13 0 0 
62 315 256 247 144 0 0 0 177 264 290 293 0 0 0 0 501 211 129 183 0 0 0 0 
11 127 467 364 55 0 0 0 76 259 350 339 0 0 0 0 190 351 196 287 0 0 0 0 
0 293 731 0 0 0 0 0 0 15 1009 0 0 0 0 0 0 0 740 284 0 0 0 0 
0 410 507 105 2 0 0 0 0 21 782 174 47 0 0 0 0 0 463 431 126 4 0 0 
10 92 366 265 272 19 0 0 1 138 275 212 228 170 0 0 17 202 84 249 181 238 53 0 
4 30 409 366 215 0 0 0 2 182 564 276 0 0 0 0 115 721 73 115 0 0 0 0 
0 0 42 180 802 0 0 0 0 12 201 811 0 0 0 0 12 1008 4 0 0 0 0 0 
0 0 396 496 132 0 0 0 0 44 756 224 0 0 0 0 95 910 19 0 0 0 0 0 
0 0 69 126 829 0 0 0 0 40 263 721 0 0 0 0 68 956 0 0 0 0 0 0 
0 3 251 349 421 0 0 0 0 17 325 682 0 0 0 0 0 705 70 45 191 13 0 0 
0 0 0 76 948 0 0 0 0 0 29 995 0 0 0 0 0 964 60 0 0 0 0 0 
0 0 0 0 1024 0 0 0 0 0 20 1004 0 0 0 0 0 864 160 0 0 0 0 0 
0 886 138 0 0 0 0 0 0 427 597 0 0 0 0 0 0 5 996 23 0 0 0 0 
0 474 490 60 0 0 0 0 3 400 536 82 3 0 0 0 132 226 443 200 23 0 0 0 
0 51 317 579 40 30 7 0 0 216 650 76 48 26 8 0 137 751 37 17 45 35 2 0 
0 0 0 913 111 0 0 0 0 0 794 230 0 0 0 0 0 1024 0 0 0 0 0 0 
0 0 0 1024 0 0 0 0 0 0 1023 1 0 0 0 0 0 1024 0 0 0 0 0 0 
0 0 0 1022 2 0 0 0 0 0 1022 2 0 0 0 0 0 1024 0 0 0 0 0 0 
0 0 0 1024 0 0 0 0 0 0 1008 16 0 0 0 0 0 1024 0 0 0 0 0 0 
0 0 0 1024 0 0 0 0 0 0 960 64 0 0 0 0 0 1024 0 0 0 0 0 0 
0 0 0 1018 6 0 0 0 0 0 947 77 0 0 0 0 0 1024 0 0 0 0 0 0 
0 0 0 816 208 0 0 0 0 0 812 212 0 0 0 0 0 1024 0 0 0 0 0 0 
0 941 83 0 0 0 0 0 0 834 190 0 0 0 0 0 0 52 957 15 0 0 0 0 
0 469 358 197 0 0 0 0 8 434 551 31 0 0 0 0 133 323 489 79 0 0 0 0 
0 20 528 327 59 90 0 0 0 4 606 272 49 93 0 0 24 374 168 333 62 63 0 0 
0 31 310 683 0 0 0 0 0 6 1018 0 0 0 0 0 70 726 218 10 0 0 0 0 
0 0 124 900 0 0 0 0 0 0 1024 0 0 0 0 0 17 927 80 0 0 0 0 0 
0 0 5 1019 0 0 0 0 0 0 1024 0 0 0 0 0 0 1024 0 0 0 0 0 0 
0 0 0 1024 0 0 0 0 0 0 1024 0 0 0 0 0 0 1024 0 0 0 0 0 0 
0 0 0 1024 0 0 0 0 0 0 1024 0 0 0 0 0 0 1024 0 0 0 0 0 0 
0 0 0 1024 0 0 0 0 0 0 1024 0 0 0 0 0 0 1024 0 0 0 0 0 0 
0 0 0 1024 0 0 0 0 0 0 1024 0 0 0 0 0 0 1024 0 0 0 0 0 0 
0 1024 0 0 0 0 0 0 0 1024 0 0 0 0 0 0 0 0 1024 0 0 0 0 0 
0 1003 21 0 0 0 0 0 0 17 1007 0 0 0 0 0 0 0 1016 8 0 0 0 0 
0 0 1024 0 0 0 0 0 0 0 995 29 0 0 0 0 0 0 8 1016 0 0 0 0 
0 14 1010 0 0 0 0 0 0 16 1008 0 0 0 0 0 0 1 1020 3 0 0 0 0 
0 2 1022 0 0 0 0 0 0 9 1015 0 0 0 0 0 0 0 1024 0 0 0 0 0 
0 0 986 38 0 0 0 0 0 0 1024 0 0 0 0 0 0 1017 7 0 0 0 0 0 
0 0 0 1024 0 0 0 0 0 0 1024 0 0 0 0 0 0 1024 0 0 0 0 0 0 
0 0 0 1024 0 0 0 0 0 0 1024 0 0 0 0 0 0 1024 0 0 0 0 0 0 
0 0 0 1024 0 0 0 0 0 0 1024 0 0 0 0 0 0 1024 0 0 0 0 0 0 
0 0 0 1024 0 0 0 0 0 0 1024 0 0 0 0 0 0 1024 0 0 0 0 0 0 
