1 32 133 271 247 128 87 125 0 14 89 309 252 153 98 109 1 18 145 312 223 139 86 100 
0 0 4 139 248 214 112 307 0 0 0 109 294 219 116 286 0 0 5 184 282 177 104 272 
0 1 27 160 255 330 112 139 0 0 11 152 286 369 70 136 0 1 20 204 254 357 57 131 
0 0 266 468 222 63 5 0 0 0 0 479 325 219 1 0 0 0 0 6 771 245 2 0 
0 0 272 701 20 14 17 0 0 0 1 560 424 20 19 0 0 0 0 23 957 15 29 0 
2 3 6 861 94 26 32 0 1 3 3 196 761 26 34 0 0 4 1 15 938 16 50 0 
15 13 3 762 115 86 30 0 11 16 4 62 813 92 26 0 11 15 5 11 832 74 76 0 
47 86 28 473 255 54 78 3 36 103 20 40 688 95 39 3 36 103 18 21 440 318 85 3 
5 10 20 221 525 99 113 31 5 10 12 82 667 110 120 18 4 10 11 62 312 481 113 31 
0 0 1 64 783 126 50 0 0 0 0 34 675 263 52 0 0 0 0 22 159 789 47 7 
111 309 334 134 69 44 22 1 8 98 341 285 135 78 42 37 26 191 372 222 103 57 39 14 
28 240 388 271 85 11 1 0 1 27 249 454 226 52 11 4 2 60 344 418 161 33 5 1 
90 362 366 166 34 5 1 0 1 103 410 378 92 31 8 1 19 261 446 227 50 18 3 0 
7 6 32 549 242 149 39 0 2 7 25 95 684 164 47 0 2 8 22 75 694 169 54 0 
0 1 30 113 519 247 111 3 0 1 18 93 505 274 133 0 0 0 19 83 530 242 149 1 
16 33 14 61 593 253 54 0 14 34 10 44 647 218 57 0 12 32 13 34 400 471 62 0 
60 525 43 66 102 96 132 0 49 457 120 46 136 130 86 0 50 535 32 36 85 178 108 0 
52 687 28 40 106 27 59 25 54 661 48 32 99 57 54 19 52 688 23 26 40 111 64 20 
44 18 28 45 380 378 52 79 42 18 32 27 307 470 68 60 41 16 29 25 95 687 62 69 
0 0 0 0 1 1020 3 0 0 0 0 0 18 1006 0 0 0 0 0 0 17 1007 0 0 
229 605 165 21 3 1 0 0 35 467 401 108 11 1 1 0 56 515 362 82 7 1 1 0 
184 628 180 27 3 2 0 0 9 330 479 169 29 6 2 0 18 427 443 118 13 5 0 0 
294 490 177 46 13 3 1 0 17 366 390 167 57 19 6 2 126 465 294 91 32 13 2 1 
38 50 99 452 170 122 92 1 7 65 116 69 557 119 91 0 15 78 99 51 570 125 85 1 
0 12 374 88 223 114 172 41 0 18 391 71 234 105 177 28 0 16 387 80 234 97 180 30 
0 3 181 116 508 109 56 51 0 7 226 72 520 95 76 28 0 6 227 70 104 507 78 32 
3 463 22 5 293 61 166 11 3 322 163 5 297 118 116 0 3 475 10 5 39 369 123 0 
24 726 3 4 115 36 84 32 24 704 26 4 13 138 94 21 28 723 4 5 3 138 103 20 
0 1 80 156 481 123 29 154 0 2 94 157 98 499 75 99 0 0 68 171 85 510 74 116 
0 0 67 209 362 183 157 46 0 0 81 295 394 159 78 17 0 0 63 293 393 156 93 26 
453 455 92 17 5 2 0 0 86 594 190 90 45 14 5 0 177 588 168 69 16 5 1 0 
378 508 53 18 12 8 13 34 146 597 171 31 21 13 21 24 199 588 139 25 20 8 19 26 
156 197 214 100 74 65 71 147 135 218 249 101 72 68 128 53 152 213 231 100 78 66 122 62 
40 195 118 316 211 60 66 18 38 179 169 100 391 78 66 3 36 188 159 81 398 95 64 3 
14 14 381 184 204 49 73 105 11 40 413 136 204 48 132 40 8 34 393 142 151 117 122 57 
14 32 169 278 392 43 37 59 13 35 230 217 376 63 43 47 7 37 214 218 93 359 48 48 
4 335 119 13 296 70 176 11 3 94 361 14 288 149 115 0 4 412 39 17 46 368 138 0 
17 698 62 6 69 59 79 34 15 243 518 5 31 100 84 28 24 703 51 4 10 106 108 18 
0 0 40 231 381 205 28 139 0 1 68 215 74 508 96 62 0 1 51 227 48 535 58 104 
0 0 13 969 8 14 3 17 0 0 30 954 16 5 4 15 0 0 23 961 16 6 3 15 
123 287 335 182 59 20 14 4 6 16 91 231 354 223 60 43 20 80 224 354 228 72 25 21 
234 301 237 143 59 22 18 10 4 57 134 241 219 210 108 51 41 122 245 236 217 103 42 18 
15 167 666 139 26 6 5 0 16 184 704 88 24 4 4 0 18 101 664 194 36 6 4 1 
88 219 113 178 283 119 24 0 57 223 105 140 368 105 26 0 30 188 133 115 208 292 44 14 
69 229 92 72 483 66 13 0 52 196 134 74 465 88 14 1 18 142 115 98 157 447 37 10 
33 179 322 297 151 38 4 0 28 164 330 296 157 44 5 0 5 92 266 348 158 134 19 2 
9 226 222 36 244 100 172 15 13 64 380 30 231 214 92 0 17 283 145 35 98 341 105 0 
0 525 279 9 61 42 76 32 0 78 727 11 38 71 69 30 24 631 152 11 6 91 81 28 
0 0 0 18 310 673 4 19 0 0 0 12 66 923 4 19 0 0 0 2 20 977 5 20 
0 0 0 13 60 841 44 66 0 0 0 8 26 879 71 40 0 0 0 0 15 858 90 61 
15 76 119 127 75 25 18 569 0 3 22 83 118 112 78 608 1 10 65 106 126 82 48 586 
25 74 85 68 35 32 62 643 10 53 59 69 59 61 64 649 10 66 52 61 59 73 57 646 
9 72 188 94 96 46 32 487 13 99 177 82 99 45 29 480 10 86 97 154 99 67 29 482 
46 86 168 182 183 114 75 170 53 89 183 188 182 96 67 166 29 82 125 209 168 148 70 193 
52 154 162 145 122 204 99 86 64 158 159 143 145 197 87 71 31 135 154 150 142 217 99 96 
45 149 286 108 131 206 85 14 47 143 293 108 157 188 76 12 36 70 260 188 121 224 98 27 
22 31 28 105 219 452 150 17 19 28 42 150 218 483 77 7 13 31 39 141 200 444 145 11 
3 78 37 72 179 321 287 47 4 59 64 125 256 344 168 4 4 88 40 104 239 337 208 4 
32 191 90 19 349 269 74 0 22 70 212 27 317 361 15 0 12 59 209 44 45 638 17 0 
9 64 39 182 369 361 0 0 1 31 76 45 364 507 0 0 0 19 76 37 274 614 4 0 
0 0 0 0 0 0 0 1024 0 0 0 0 0 0 0 1024 0 0 0 0 0 0 0 1024 
0 0 0 0 0 0 0 1024 0 0 0 0 0 0 0 1024 0 0 0 0 0 0 0 1024 
0 14 10 5 18 16 63 898 0 16 8 5 20 15 69 891 0 13 11 5 16 15 54 910 
23 38 29 32 26 75 345 456 24 40 27 32 26 83 344 448 15 36 33 23 25 53 222 617 
17 31 28 31 29 114 344 430 21 34 23 30 30 108 363 415 9 25 34 32 20 65 226 613 
11 25 27 18 33 99 198 613 14 23 26 22 29 110 209 591 8 17 31 18 25 72 167 686 
3 3 5 2 1 19 284 707 3 3 5 2 1 84 233 693 1 4 4 4 0 15 286 710 
1 1 0 3 1 15 514 489 1 1 0 3 1 70 472 476 0 2 0 1 2 13 499 507 
0 0 0 3 2 22 585 412 0 0 3 1 5 96 643 276 0 0 3 0 3 56 650 312 
0 0 0 0 0 103 778 143 0 0 0 0 1 361 626 36 0 0 0 0 0 210 760 54 
