0 7 368 646 3 0 0 0 0 11 46 933 34 0 0 0 0 9 24 86 887 18 0 0 
0 0 330 694 0 0 0 0 0 0 1 981 42 0 0 0 0 0 0 6 965 53 0 0 
0 0 179 841 4 0 0 0 0 0 0 753 271 0 0 0 0 0 0 0 745 279 0 0 
0 0 127 848 49 0 0 0 0 0 0 542 480 2 0 0 0 0 0 0 526 474 24 0 
0 0 15 763 246 0 0 0 0 0 0 171 825 28 0 0 0 0 0 0 167 829 28 0 
0 0 0 595 428 1 0 0 0 0 0 4 909 111 0 0 0 0 0 0 3 920 101 0 
0 0 0 265 756 3 0 0 0 0 0 0 616 408 0 0 0 0 0 0 1 609 414 0 
0 0 0 21 954 49 0 0 0 0 0 0 185 831 8 0 0 0 0 0 0 205 818 1 
0 0 0 1 588 434 1 0 0 0 0 0 16 743 265 0 0 0 0 0 0 18 928 78 
0 0 0 0 341 682 1 0 0 0 0 0 10 688 326 0 0 0 0 0 0 19 885 120 
0 0 0 0 164 841 19 0 0 0 0 0 0 397 615 12 0 0 0 0 0 0 762 262 
0 0 0 0 76 891 57 0 0 0 0 0 4 138 837 45 0 0 0 0 0 19 482 523 
0 0 0 0 3 644 369 8 0 0 0 0 0 7 839 178 0 0 0 0 0 0 234 790 
0 0 0 0 61 655 304 4 0 0 0 0 56 111 678 179 0 0 0 0 42 56 207 719 
0 0 0 8 143 524 347 2 0 0 0 17 165 81 591 170 0 0 0 0 175 66 160 623 
0 0 5 143 167 318 389 2 0 0 7 142 151 75 423 226 0 0 0 93 207 83 104 537 
0 0 94 75 152 394 285 24 0 0 96 57 154 218 310 189 0 7 99 57 234 105 142 380 
0 0 258 145 120 228 255 18 0 0 278 110 99 167 149 221 0 6 260 111 131 153 76 287 
0 0 0 10 132 705 167 10 0 0 0 10 75 647 191 101 0 0 0 11 406 320 138 149 
0 0 0 0 440 476 99 9 0 0 0 0 370 479 127 48 0 0 0 0 695 182 87 60 
0 0 0 0 51 896 77 0 0 0 0 0 128 841 51 4 0 0 0 0 632 346 42 4 
0 0 0 0 313 706 5 0 0 0 0 0 366 658 0 0 0 0 0 0 748 276 0 0 
0 0 52 69 163 695 45 0 0 0 46 44 252 679 3 0 0 0 23 57 745 199 0 0 
0 0 11 77 142 672 122 0 0 0 3 74 134 812 1 0 0 0 2 104 622 296 0 0 
0 0 17 104 130 204 107 462 0 0 5 141 160 180 111 427 0 1 65 222 193 194 160 189 
0 13 62 135 179 145 186 304 0 0 36 215 197 166 139 271 1 100 247 203 125 129 136 83 
1 43 193 123 78 84 145 357 0 0 21 159 195 192 192 265 0 69 220 252 164 154 141 24 
0 15 30 87 149 232 179 332 0 0 31 133 271 215 138 236 0 88 235 255 161 153 117 15 
0 281 291 163 103 82 42 62 0 86 390 267 127 74 53 27 0 465 334 119 69 35 2 0 
0 409 377 91 39 37 37 34 0 42 454 360 67 28 51 22 0 440 427 47 33 21 48 8 
0 169 170 74 74 216 188 133 0 2 131 235 100 146 296 114 0 184 158 65 150 76 225 166 
0 0 1 60 143 414 230 176 0 0 0 46 142 217 432 187 0 0 5 60 264 56 329 310 
0 0 14 218 157 285 166 184 0 0 0 206 140 270 277 131 0 0 0 213 273 65 286 187 
0 0 0 16 124 402 291 191 0 0 0 10 172 300 371 171 0 0 0 13 251 181 265 314 
0 0 0 0 0 112 716 196 0 0 0 0 2 60 791 171 0 0 0 0 10 49 670 295 
0 634 351 39 0 0 0 0 0 579 155 290 0 0 0 0 0 545 104 91 284 0 0 0 
0 414 363 247 0 0 0 0 0 407 146 450 21 0 0 0 0 315 190 46 455 18 0 0 
0 352 297 375 0 0 0 0 0 290 132 537 65 0 0 0 0 248 128 35 556 57 0 0 
0 200 255 569 0 0 0 0 0 224 67 509 224 0 0 0 0 169 85 36 482 252 0 0 
0 124 138 698 64 0 0 0 0 114 55 207 647 1 0 0 0 56 70 36 273 589 0 0 
0 31 56 688 249 0 0 0 0 12 32 122 839 19 0 0 0 0 11 26 128 838 21 0 
0 0 12 353 659 0 0 0 0 0 0 2 889 133 0 0 0 0 0 0 3 887 134 0 
0 0 0 144 878 2 0 0 0 0 0 0 519 505 0 0 0 0 0 0 2 574 448 0 
0 0 0 140 809 75 0 0 0 0 0 19 303 697 5 0 0 0 0 0 17 477 525 5 
0 0 0 44 819 161 0 0 0 0 0 0 108 874 42 0 0 0 0 0 0 176 817 31 
0 0 0 16 664 344 0 0 0 0 0 0 79 738 207 0 0 0 0 0 0 171 784 69 
0 0 0 2 481 540 1 0 0 0 0 0 8 682 334 0 0 0 0 0 0 34 793 197 
0 0 0 0 316 702 6 0 0 0 0 0 0 581 442 1 0 0 0 0 0 9 806 209 
0 0 0 0 251 753 20 0 0 0 0 0 1 410 606 7 0 0 0 0 0 5 607 412 
0 0 0 0 24 657 333 10 0 0 0 0 0 30 780 214 0 0 0 0 0 1 231 792 
0 0 0 0 0 513 506 5 0 0 0 0 0 1 700 323 0 0 0 0 0 0 85 939 
0 0 0 0 6 510 508 0 0 0 0 0 0 2 611 411 0 0 0 0 0 0 93 931 
0 0 0 0 0 367 657 0 0 0 0 0 0 0 482 542 0 0 0 0 0 0 29 995 
0 0 0 0 0 167 797 60 0 0 0 0 0 0 248 776 0 0 0 0 0 0 7 1017 
0 0 0 0 0 227 795 2 0 0 0 0 0 0 287 737 0 0 0 0 0 0 43 981 
0 0 0 0 0 183 816 25 0 0 0 0 0 3 417 604 0 0 0 0 1 5 80 938 
0 0 0 0 2 221 765 36 0 0 0 0 0 71 405 548 0 0 0 0 24 58 101 841 
0 7 73 69 38 295 542 0 0 1 109 52 33 63 469 297 0 9 131 35 47 46 156 600 
0 48 148 45 58 473 251 1 0 38 162 46 53 467 206 52 0 39 175 50 297 237 117 109 
0 0 15 154 102 431 322 0 0 0 8 199 122 692 3 0 0 12 55 216 304 437 0 0 
0 0 14 143 234 330 182 121 0 0 11 211 364 251 116 71 0 44 183 346 333 91 25 2 
0 62 361 251 217 92 32 9 0 16 149 400 321 108 29 1 0 244 514 176 78 12 0 0 
2 192 279 180 156 136 47 32 0 1 185 362 271 133 51 21 2 251 376 201 123 50 20 1 
3 364 345 99 60 68 42 43 0 246 361 191 103 63 49 11 0 547 279 107 62 27 2 0 
1 92 263 235 167 153 76 37 0 22 175 375 212 168 67 5 0 108 297 304 228 72 15 0 
0 0 70 413 195 132 63 151 0 0 23 496 234 115 75 81 0 0 156 517 217 54 29 51 
0 0 31 366 173 201 107 146 0 0 19 470 186 148 91 110 0 0 84 496 162 115 91 76 
0 0 18 146 263 385 198 14 0 0 8 260 181 238 325 12 0 0 8 214 267 139 224 172 
0 0 9 142 219 194 381 79 0 0 22 185 193 172 384 68 0 0 47 232 142 146 172 285 
0 0 0 63 57 484 398 22 0 0 29 48 108 385 447 7 0 0 35 59 50 294 319 267 
0 598 305 68 53 0 0 0 0 348 543 97 36 0 0 0 0 236 691 78 19 0 0 0 
0 1024 0 0 0 0 0 0 0 960 64 0 0 0 0 0 0 480 544 0 0 0 0 0 
0 1021 3 0 0 0 0 0 0 990 34 0 0 0 0 0 0 502 522 0 0 0 0 0 
0 922 96 6 0 0 0 0 0 880 107 37 0 0 0 0 0 369 644 11 0 0 0 0 
0 880 111 33 0 0 0 0 0 744 233 47 0 0 0 0 0 185 792 47 0 0 0 0 
0 916 108 0 0 0 0 0 0 793 219 12 0 0 0 0 0 359 660 5 0 0 0 0 
0 823 185 16 0 0 0 0 0 477 463 51 29 4 0 0 0 178 733 37 30 44 2 0 
0 731 154 98 38 3 0 0 0 231 595 48 103 47 0 0 0 136 669 36 24 104 55 0 
0 550 212 117 93 52 0 0 0 213 473 80 66 185 7 0 0 112 564 61 21 61 205 0 
0 386 255 109 165 109 0 0 0 147 407 98 75 296 1 0 0 78 470 78 25 63 309 1 
3 287 186 145 207 196 0 0 0 101 326 94 47 369 87 0 0 79 317 104 30 79 415 0 
0 183 201 117 354 167 2 0 0 83 240 109 39 469 84 0 0 86 203 115 28 62 514 16 
0 115 194 105 404 206 0 0 0 34 197 105 40 554 94 0 0 64 129 119 20 57 629 6 
0 90 167 34 420 313 0 0 0 34 178 39 28 581 164 0 0 57 114 38 34 37 693 51 
0 105 74 56 252 525 12 0 0 61 90 26 26 374 447 0 0 32 55 52 32 29 648 176 
0 34 36 48 108 649 149 0 0 7 37 23 24 152 696 85 0 0 17 21 17 23 467 479 
0 0 0 15 79 567 360 3 0 0 0 0 1 51 736 236 0 0 0 0 0 2 289 733 
0 0 0 0 6 469 541 8 0 0 0 0 0 0 664 360 0 0 0 0 0 0 152 872 
0 0 0 0 0 204 813 7 0 0 0 0 0 0 354 670 0 0 0 0 0 0 74 950 
0 0 0 0 0 323 700 1 0 0 0 0 0 0 539 485 0 0 0 0 0 0 36 988 
0 0 0 0 0 362 662 0 0 0 0 0 0 0 658 366 0 0 0 0 0 0 41 983 
0 0 0 0 0 212 801 11 0 0 0 0 0 0 351 673 0 0 0 0 0 0 51 973 
0 0 0 0 0 364 660 0 0 0 0 0 0 1 527 496 0 0 0 0 0 0 73 951 
0 0 0 0 1 387 632 4 0 0 0 0 0 2 644 378 0 0 0 0 0 5 156 863 
0 0 0 0 0 443 581 0 0 0 0 0 0 383 543 98 0 0 0 0 65 359 188 412 
0 0 4 116 165 399 245 95 0 0 1 174 180 470 128 71 0 0 27 275 328 291 80 23 
0 26 99 152 176 203 217 151 0 10 66 222 243 217 173 93 2 86 317 241 179 141 56 2 
1 221 316 131 105 87 88 75 0 123 368 213 121 76 71 52 0 366 358 132 67 58 40 3 
2 450 305 84 61 50 49 23 0 182 426 192 105 59 45 15 2 518 333 68 59 36 8 0 
1 53 58 156 170 52 62 472 0 0 26 189 158 124 178 349 0 43 172 194 135 207 90 183 
0 0 0 1 36 51 49 887 0 0 0 9 95 44 169 707 0 0 0 38 122 330 118 416 
0 0 65 200 199 108 94 358 0 0 89 292 252 72 40 279 0 0 58 478 206 41 45 196 
0 0 93 445 274 100 84 28 0 0 158 535 207 116 8 0 0 0 88 718 215 3 0 0 
0 0 24 250 272 196 203 79 0 0 6 459 296 221 42 0 0 0 125 552 302 45 0 0 
0 0 0 64 649 198 48 65 0 0 0 561 363 72 28 0 0 0 26 870 89 39 0 0 
0 887 134 3 0 0 0 0 0 186 817 21 0 0 0 0 0 160 854 9 1 0 0 0 
0 1024 0 0 0 0 0 0 0 232 792 0 0 0 0 0 0 184 840 0 0 0 0 0 
0 992 32 0 0 0 0 0 0 432 592 0 0 0 0 0 0 160 864 0 0 0 0 0 
0 992 32 0 0 0 0 0 0 216 808 0 0 0 0 0 0 0 1024 0 0 0 0 0 
0 960 64 0 0 0 0 0 0 24 1000 0 0 0 0 0 0 0 1024 0 0 0 0 0 
0 960 64 0 0 0 0 0 0 16 1008 0 0 0 0 0 0 0 1024 0 0 0 0 0 
0 935 89 0 0 0 0 0 0 5 1019 0 0 0 0 0 0 0 1024 0 0 0 0 0 
0 768 256 0 0 0 0 0 0 8 1016 0 0 0 0 0 0 0 1008 16 0 0 0 0 
0 639 385 0 0 0 0 0 0 0 1024 0 0 0 0 0 0 0 1000 24 0 0 0 0 
0 668 356 0 0 0 0 0 0 7 1017 0 0 0 0 0 0 0 992 32 0 0 0 0 
0 521 503 0 0 0 0 0 0 8 1016 0 0 0 0 0 0 0 888 136 0 0 0 0 
0 427 597 0 0 0 0 0 0 0 1006 18 0 0 0 0 0 0 766 258 0 0 0 0 
0 503 521 0 0 0 0 0 0 7 999 18 0 0 0 0 0 0 736 288 0 0 0 0 
0 347 624 43 10 0 0 0 0 0 921 83 20 0 0 0 0 0 451 573 0 0 0 0 
0 99 848 69 8 0 0 0 0 14 769 195 44 2 0 0 0 39 364 593 28 0 0 0 
1 136 798 74 15 0 0 0 0 32 676 289 27 0 0 0 0 63 369 573 19 0 0 0 
1 202 663 101 57 0 0 0 0 33 605 298 59 20 9 0 0 43 331 550 51 18 26 5 
0 128 535 126 93 83 57 2 0 19 538 168 77 45 149 28 0 25 281 395 71 45 111 96 
0 8 71 60 100 330 428 27 0 0 29 68 43 75 480 329 0 0 21 54 31 42 217 659 
0 0 0 8 24 324 650 18 0 0 0 0 0 13 445 566 0 0 0 0 0 0 161 863 
0 0 0 0 6 179 803 36 0 0 0 0 0 1 471 552 0 0 0 0 0 0 103 921 
0 0 0 0 4 264 727 29 0 0 0 0 0 0 463 561 0 0 0 0 0 0 82 942 
0 0 0 0 2 328 691 3 0 0 0 0 0 0 577 447 0 0 0 0 0 0 148 876 
0 0 0 0 0 313 702 9 0 0 0 0 0 2 494 528 0 0 0 0 0 0 95 929 
0 0 0 0 0 275 703 46 0 0 0 0 0 0 562 462 0 0 0 0 0 0 136 888 
0 0 0 0 1 435 584 4 0 0 0 2 10 87 643 282 0 0 0 8 55 75 301 585 
0 10 53 73 146 253 198 291 0 17 50 86 159 127 288 297 0 32 93 148 157 120 208 266 
1 145 161 113 118 133 109 244 0 114 210 157 131 105 116 191 2 292 239 124 109 109 119 30 
2 375 283 137 117 83 27 0 0 300 306 172 128 89 24 5 0 401 341 157 101 18 6 0 
4 42 94 101 36 16 19 712 0 9 86 93 56 33 22 725 0 54 90 75 41 21 20 723 
0 0 0 0 22 21 24 957 0 0 0 0 1 34 24 965 0 0 0 0 0 6 43 975 
0 0 0 0 7 164 328 525 0 0 0 0 36 220 350 418 0 0 0 26 216 143 256 383 
0 0 0 0 3 357 457 207 0 0 0 0 43 483 453 45 0 0 0 25 261 294 305 139 
0 0 0 0 33 162 489 340 0 0 0 11 60 308 549 96 0 0 0 16 287 262 272 187 
0 0 0 0 16 74 325 609 0 0 0 8 68 390 525 33 0 0 0 49 257 662 45 11 
0 293 695 35 1 0 0 0 0 23 954 46 1 0 0 0 0 97 924 3 0 0 0 0 
0 325 693 6 0 0 0 0 0 13 1005 6 0 0 0 0 0 23 995 6 0 0 0 0 
0 360 664 0 0 0 0 0 0 0 1024 0 0 0 0 0 0 2 1022 0 0 0 0 0 
0 144 879 1 0 0 0 0 0 0 1018 6 0 0 0 0 0 0 1024 0 0 0 0 0 
0 8 1016 0 0 0 0 0 0 0 1000 24 0 0 0 0 0 0 1024 0 0 0 0 0 
0 0 1024 0 0 0 0 0 0 0 943 81 0 0 0 0 0 0 1024 0 0 0 0 0 
0 0 992 32 0 0 0 0 0 0 692 332 0 0 0 0 0 0 1024 0 0 0 0 0 
0 5 957 62 0 0 0 0 0 0 633 391 0 0 0 0 0 0 963 61 0 0 0 0 
0 0 962 62 0 0 0 0 0 0 293 731 0 0 0 0 0 0 841 183 0 0 0 0 
0 0 924 100 0 0 0 0 0 0 433 591 0 0 0 0 0 0 656 368 0 0 0 0 
0 0 907 117 0 0 0 0 0 0 363 661 0 0 0 0 0 0 396 628 0 0 0 0 
0 0 618 406 0 0 0 0 0 0 264 760 0 0 0 0 0 0 88 936 0 0 0 0 
0 0 606 418 0 0 0 0 0 0 246 778 0 0 0 0 0 0 40 984 0 0 0 0 
0 0 586 438 0 0 0 0 0 0 64 960 0 0 0 0 0 0 9 1015 0 0 0 0 
0 0 478 546 0 0 0 0 0 0 46 974 4 0 0 0 0 0 0 1021 3 0 0 0 
0 2 480 529 13 0 0 0 0 0 4 1011 9 0 0 0 0 0 0 899 125 0 0 0 
0 0 330 660 34 0 0 0 0 0 0 844 180 0 0 0 0 0 0 807 217 0 0 0 
0 23 215 754 32 0 0 0 0 0 182 624 218 0 0 0 0 14 160 437 413 0 0 0 
2 18 327 609 68 0 0 0 0 54 207 540 222 1 0 0 0 34 152 438 396 4 0 0 
1 48 188 399 379 6 3 0 0 49 138 288 510 28 11 0 2 41 85 281 552 23 33 7 
0 42 149 278 452 86 17 0 0 37 134 209 471 67 69 37 0 64 70 238 479 50 55 68 
0 2 177 283 356 102 96 8 0 10 125 280 351 53 144 61 0 25 71 297 370 38 82 141 
0 26 182 241 329 137 106 3 0 12 172 216 319 49 176 80 0 31 88 259 291 65 113 177 
0 51 210 176 287 214 85 1 0 33 150 200 268 58 256 59 0 53 118 226 163 94 153 217 
0 23 69 228 247 305 151 1 0 23 71 234 170 123 354 49 0 24 68 222 197 61 162 290 
0 17 83 244 168 335 177 0 0 23 65 219 134 120 404 59 0 30 49 208 173 50 189 325 
0 2 62 249 200 243 268 0 0 0 70 193 163 59 480 59 0 15 57 176 147 43 254 332 
4 121 94 148 213 235 190 19 0 97 102 158 193 188 168 118 0 176 141 160 188 123 102 134 
0 190 286 179 124 105 44 96 0 194 209 229 171 110 30 81 1 276 298 217 111 48 50 23 
0 12 32 105 166 193 175 341 0 0 15 150 133 301 171 254 0 11 18 216 190 156 134 299 
0 0 4 83 167 245 316 209 0 0 4 120 137 258 310 195 0 0 0 165 237 166 167 289 
0 0 0 62 123 320 336 183 0 0 3 116 124 269 347 165 0 0 3 207 204 154 177 279 
0 0 3 79 177 309 286 170 0 0 3 205 134 297 268 117 0 0 39 228 286 87 172 212 
0 0 0 17 86 436 474 11 0 0 0 24 268 683 46 3 0 0 1 63 676 246 15 23 
0 0 0 0 30 975 19 0 0 0 2 55 863 104 0 0 0 0 43 733 247 1 0 0 
0 87 750 179 8 0 0 0 0 26 869 119 10 0 0 0 0 147 832 44 1 0 0 0 
0 0 632 392 0 0 0 0 0 0 720 304 0 0 0 0 0 0 1024 0 0 0 0 0 
0 0 580 444 0 0 0 0 0 0 728 296 0 0 0 0 0 0 1024 0 0 0 0 0 
0 0 503 521 0 0 0 0 0 0 599 425 0 0 0 0 0 0 1024 0 0 0 0 0 
0 0 208 816 0 0 0 0 0 0 289 735 0 0 0 0 0 0 994 30 0 0 0 0 
0 0 40 984 0 0 0 0 0 0 34 990 0 0 0 0 0 0 923 101 0 0 0 0 
0 0 32 983 9 0 0 0 0 0 0 1021 3 0 0 0 0 0 402 622 0 0 0 0 
0 0 0 973 51 0 0 0 0 0 0 1012 12 0 0 0 0 0 147 877 0 0 0 0 
0 0 0 920 104 0 0 0 0 0 0 968 56 0 0 0 0 0 16 1008 0 0 0 0 
0 0 0 864 160 0 0 0 0 0 0 1015 9 0 0 0 0 0 0 1024 0 0 0 0 
0 0 10 754 260 0 0 0 0 0 0 978 46 0 0 0 0 0 4 1020 0 0 0 0 
0 0 0 575 449 0 0 0 0 0 0 848 176 0 0 0 0 0 0 1006 18 0 0 0 
0 0 0 428 596 0 0 0 0 0 0 671 353 0 0 0 0 0 0 961 63 0 0 0 
0 0 0 375 640 9 0 0 0 0 0 403 621 0 0 0 0 0 0 810 214 0 0 0 
0 0 0 310 714 0 0 0 0 0 0 296 728 0 0 0 0 0 0 589 435 0 0 0 
0 0 0 196 817 11 0 0 0 0 0 135 889 0 0 0 0 0 0 300 724 0 0 0 
0 0 0 141 666 217 0 0 0 0 0 19 982 23 0 0 0 0 0 211 813 0 0 0 
0 0 0 0 543 475 6 0 0 0 0 0 589 435 0 0 0 0 0 5 1011 8 0 0 
0 0 0 4 485 459 76 0 0 0 0 0 539 485 0 0 0 0 0 0 910 114 0 0 
0 0 0 3 317 631 73 0 0 0 0 0 446 577 1 0 0 0 0 0 776 248 0 0 
0 0 0 2 433 434 155 0 0 0 0 0 384 633 7 0 0 0 0 0 729 295 0 0 
0 0 0 19 513 434 58 0 0 0 0 12 475 523 14 0 0 0 2 36 634 352 0 0 
0 131 49 77 716 42 8 1 0 127 46 34 710 101 6 0 0 56 105 94 693 74 2 0 
0 135 36 49 762 42 0 0 0 108 44 27 681 164 0 0 0 56 72 42 795 59 0 0 
0 14 22 13 360 580 35 0 0 7 22 7 244 729 15 0 0 0 20 26 562 416 0 0 
0 0 0 0 184 722 118 0 0 0 0 0 80 871 73 0 0 0 0 0 282 742 0 0 
0 0 1 20 42 612 343 6 0 0 2 20 36 709 254 3 0 0 4 28 140 839 10 3 
1 80 74 124 187 410 85 63 0 53 121 150 237 369 41 53 0 77 104 184 432 167 60 0 
1 243 267 133 92 42 39 207 0 189 158 211 134 69 47 216 1 237 232 204 72 54 74 150 
0 0 0 0 0 3 23 998 0 0 0 0 0 22 64 938 0 0 0 0 33 87 140 764 
0 0 0 0 0 0 0 1024 0 0 0 0 0 0 40 984 0 0 0 0 0 32 80 912 
0 0 0 0 0 0 0 1024 0 0 0 0 0 1 51 972 0 0 0 0 0 55 64 905 
0 0 0 0 0 24 176 824 0 0 0 0 8 158 203 655 0 0 0 4 114 291 80 535 
0 0 0 0 12 123 650 239 0 0 0 15 89 473 447 0 0 0 12 75 327 610 0 0 
0 0 0 5 142 845 32 0 0 0 0 341 650 33 0 0 0 0 87 889 48 0 0 0 
0 329 621 74 0 0 0 0 0 123 881 20 0 0 0 0 0 364 660 0 0 0 0 0 
0 0 372 652 0 0 0 0 0 0 491 533 0 0 0 0 0 0 1024 0 0 0 0 0 
0 0 51 973 0 0 0 0 0 0 123 901 0 0 0 0 0 0 1024 0 0 0 0 0 
0 0 16 960 48 0 0 0 0 0 8 1016 0 0 0 0 0 0 954 70 0 0 0 0 
0 0 0 807 217 0 0 0 0 0 0 1024 0 0 0 0 0 0 490 534 0 0 0 0 
0 0 0 757 267 0 0 0 0 0 0 976 48 0 0 0 0 0 119 905 0 0 0 0 
0 0 0 446 578 0 0 0 0 0 0 843 181 0 0 0 0 0 2 1022 0 0 0 0 
0 0 0 198 826 0 0 0 0 0 0 461 563 0 0 0 0 0 0 1024 0 0 0 0 
0 0 0 36 984 4 0 0 0 0 0 209 815 0 0 0 0 0 0 1014 10 0 0 0 
0 0 0 31 938 55 0 0 0 0 0 86 938 0 0 0 0 0 0 873 151 0 0 0 
0 0 0 13 886 125 0 0 0 0 0 49 975 0 0 0 0 0 0 769 255 0 0 0 
0 0 0 28 636 360 0 0 0 0 0 0 1024 0 0 0 0 0 0 346 678 0 0 0 
0 0 0 6 506 512 0 0 0 0 0 0 1024 0 0 0 0 0 0 240 784 0 0 0 
0 0 0 0 689 335 0 0 0 0 0 3 958 63 0 0 0 0 0 96 928 0 0 0 
0 0 0 0 527 497 0 0 0 0 0 0 765 259 0 0 0 0 0 23 1001 0 0 0 
0 0 0 0 325 675 24 0 0 0 0 0 517 507 0 0 0 0 0 6 1018 0 0 0 
0 0 0 0 115 893 16 0 0 0 0 0 176 848 0 0 0 0 0 0 959 65 0 0 
0 0 0 0 0 292 705 27 0 0 0 0 4 810 210 0 0 0 0 0 522 502 0 0 
0 0 0 0 0 94 916 14 0 0 0 0 0 476 548 0 0 0 0 0 105 919 0 0 
0 0 0 0 0 4 984 36 0 0 0 0 0 251 771 2 0 0 0 0 15 1007 2 0 
0 0 0 0 0 0 867 157 0 0 0 0 0 70 954 0 0 0 0 0 0 1020 4 0 
0 0 0 0 21 115 802 86 0 0 0 0 52 244 728 0 0 0 0 11 132 848 33 0 
0 851 46 18 16 29 64 0 0 860 42 19 18 44 41 0 0 244 665 17 29 67 2 0 
0 992 32 0 0 0 0 0 0 1008 16 0 0 0 0 0 0 576 448 0 0 0 0 0 
0 56 123 41 40 112 598 54 0 29 135 49 37 212 562 0 0 4 160 51 55 717 37 0 
0 0 0 0 0 31 663 330 0 0 0 0 0 170 817 37 0 0 0 0 1 769 254 0 
0 0 2 11 31 15 429 536 0 0 3 33 16 58 682 232 0 0 6 45 17 545 392 19 
0 101 225 111 25 28 78 456 0 86 219 125 32 27 131 404 0 80 203 141 27 59 182 332 
0 36 217 109 135 94 54 379 0 24 236 80 103 142 64 375 0 40 234 123 157 77 73 320 
0 96 94 36 30 19 22 727 0 22 216 25 15 12 17 717 0 140 123 15 14 17 32 683 
0 621 102 28 10 26 13 224 0 175 549 30 6 25 17 222 0 580 140 21 22 32 13 216 
3 140 60 29 34 51 54 653 0 42 167 42 48 48 63 614 0 101 107 64 56 51 92 553 
0 0 0 0 0 20 168 836 0 0 0 0 0 93 461 470 0 0 0 2 58 530 78 356 
0 0 0 5 62 227 401 329 0 0 5 85 182 321 431 0 0 0 37 202 335 449 1 0 
0 0 0 10 33 645 253 83 0 0 3 20 472 430 94 5 0 0 6 55 871 92 0 0 
2 351 593 78 0 0 0 0 0 36 871 117 0 0 0 0 0 200 814 9 1 0 0 0 
0 0 124 900 0 0 0 0 0 0 222 802 0 0 0 0 0 0 1023 1 0 0 0 0 
0 0 0 1024 0 0 0 0 0 0 22 1002 0 0 0 0 0 0 965 59 0 0 0 0 
0 0 8 584 432 0 0 0 0 0 0 1024 0 0 0 0 0 0 466 558 0 0 0 0 
0 0 0 96 928 0 0 0 0 0 0 1017 7 0 0 0 0 0 37 987 0 0 0 0 
0 0 0 7 1017 0 0 0 0 0 0 525 499 0 0 0 0 0 1 1023 0 0 0 0 
0 0 0 0 995 29 0 0 0 0 0 43 981 0 0 0 0 0 0 965 59 0 0 0 
0 0 0 0 885 139 0 0 0 0 0 0 1024 0 0 0 0 0 0 819 205 0 0 0 
0 0 0 0 520 504 0 0 0 0 0 0 1024 0 0 0 0 0 0 420 604 0 0 0 
0 0 0 0 127 897 0 0 0 0 0 0 999 25 0 0 0 0 0 240 784 0 0 0 
0 0 0 0 133 891 0 0 0 0 0 0 896 128 0 0 0 0 0 25 999 0 0 0 
0 0 0 0 11 1013 0 0 0 0 0 0 692 332 0 0 0 0 0 3 1021 0 0 0 
0 0 0 0 18 1006 0 0 0 0 0 0 311 713 0 0 0 0 0 18 1006 0 0 0 
0 0 0 0 1 988 35 0 0 0 0 0 130 894 0 0 0 0 0 0 954 70 0 0 
0 0 0 0 1 765 258 0 0 0 0 0 8 1011 5 0 0 0 0 0 761 263 0 0 
0 0 0 0 0 487 537 0 0 0 0 0 0 1021 3 0 0 0 0 0 534 490 0 0 
0 0 0 0 0 255 769 0 0 0 0 0 2 962 60 0 0 0 0 0 493 531 0 0 
0 0 0 0 0 16 874 134 0 0 0 0 0 182 842 0 0 0 0 0 63 961 0 0 
0 0 0 0 0 0 404 620 0 0 0 0 0 2 1022 0 0 0 0 0 2 1022 0 0 
0 0 0 0 0 0 325 699 0 0 0 0 0 0 1010 14 0 0 0 0 0 1012 12 0 
0 0 0 0 0 0 152 872 0 0 0 0 0 0 1021 3 0 0 0 0 0 1022 2 0 
0 0 0 4 4 52 402 562 0 0 3 2 16 132 796 75 0 2 3 7 94 814 104 0 
0 881 109 11 10 9 4 0 0 957 40 11 7 9 0 0 0 417 581 12 7 7 0 0 
0 884 90 50 0 0 0 0 0 875 105 44 0 0 0 0 0 558 455 11 0 0 0 0 
0 0 0 81 29 67 195 652 0 0 12 71 29 68 493 351 0 0 15 73 35 350 551 0 
0 0 0 0 0 0 8 1016 0 0 0 0 0 0 97 927 0 0 0 0 0 66 958 0 
0 2 15 79 88 23 24 793 0 4 16 136 49 21 35 763 0 16 18 142 54 53 733 8 
0 504 166 223 123 8 0 0 0 535 132 175 181 1 0 0 0 538 165 196 122 3 0 0 
3 137 159 27 32 49 70 547 1 92 206 46 32 52 72 523 1 90 226 42 52 69 73 471 
0 32 519 124 49 30 29 241 0 33 635 89 19 17 14 217 0 325 440 21 15 19 34 170 
0 840 184 0 0 0 0 0 0 232 792 0 0 0 0 0 0 1024 0 0 0 0 0 0 
0 282 121 18 12 21 20 550 0 99 293 12 21 11 41 547 2 253 99 34 20 40 75 501 
0 0 0 0 0 0 267 757 0 0 0 0 0 137 579 308 0 0 0 1 44 723 77 179 
0 0 0 10 97 254 420 243 0 0 0 85 198 372 367 2 0 0 38 226 401 358 1 0 
0 0 0 0 0 11 264 749 0 0 0 0 8 246 644 126 0 0 0 1 241 707 75 0 
0 407 499 118 0 0 0 0 0 206 760 58 0 0 0 0 0 280 736 8 0 0 0 0 
0 0 76 946 2 0 0 0 0 0 125 899 0 0 0 0 0 0 1014 10 0 0 0 0 
0 0 0 909 115 0 0 0 0 0 1 1023 0 0 0 0 0 0 772 252 0 0 0 0 
0 0 0 241 783 0 0 0 0 0 0 1006 18 0 0 0 0 0 85 939 0 0 0 0 
0 0 0 41 983 0 0 0 0 0 0 918 106 0 0 0 0 0 7 1017 0 0 0 0 
0 0 0 0 1024 0 0 0 0 0 0 91 933 0 0 0 0 0 0 1024 0 0 0 0 
0 0 0 0 788 236 0 0 0 0 0 5 1019 0 0 0 0 0 0 740 284 0 0 0 
0 0 0 0 528 496 0 0 0 0 0 1 1007 16 0 0 0 0 0 457 567 0 0 0 
0 0 0 0 188 836 0 0 0 0 0 0 998 26 0 0 0 0 0 90 934 0 0 0 
0 0 0 0 34 990 0 0 0 0 0 0 787 237 0 0 0 0 0 27 997 0 0 0 
0 0 0 0 14 1009 1 0 0 0 0 0 439 585 0 0 0 0 0 7 1017 0 0 0 
0 0 0 0 4 983 37 0 0 0 0 0 126 898 0 0 0 0 0 8 1015 1 0 0 
0 0 0 0 0 786 238 0 0 0 0 0 5 1019 0 0 0 0 0 0 953 71 0 0 
0 0 0 0 0 666 358 0 0 0 0 0 1 1006 17 0 0 0 0 0 781 243 0 0 
0 0 0 0 0 199 825 0 0 0 0 0 0 861 163 0 0 0 0 0 322 702 0 0 
0 0 0 0 0 16 1008 0 0 0 0 0 0 596 428 0 0 0 0 0 81 943 0 0 
0 0 0 0 0 17 995 12 0 0 0 0 0 435 589 0 0 0 0 0 129 895 0 0 
0 0 0 0 0 23 962 39 0 0 0 0 0 302 722 0 0 0 0 0 194 830 0 0 
0 0 0 0 0 0 515 509 0 0 0 0 0 2 1006 16 0 0 0 0 2 1011 11 0 
0 0 0 0 0 0 211 813 0 0 0 0 0 0 978 46 0 0 0 0 0 988 36 0 
0 0 0 0 0 0 43 981 0 0 0 0 0 0 765 259 0 0 0 0 0 802 222 0 
0 11 43 19 16 22 205 708 0 24 38 15 21 125 519 282 0 29 37 17 57 662 222 0 
0 958 66 0 0 0 0 0 0 931 93 0 0 0 0 0 0 100 900 24 0 0 0 0 
0 771 68 122 37 21 5 0 0 757 73 149 29 13 3 0 0 319 532 147 21 5 0 0 
0 0 0 2 8 14 118 882 0 0 0 3 11 24 222 764 0 0 0 4 12 131 877 0 
0 0 0 0 0 0 0 1024 0 0 0 0 0 0 0 1024 0 0 0 0 0 0 1024 0 
0 60 99 52 32 38 46 697 0 114 81 55 41 45 35 653 1 130 110 72 41 40 583 47 
1 751 131 67 41 14 16 3 0 777 110 80 29 14 11 3 0 726 168 69 34 16 10 1 
0 273 85 25 22 21 21 577 0 277 77 20 27 15 13 595 0 245 95 30 29 19 36 570 
0 81 494 238 55 48 21 87 0 8 638 262 23 12 19 62 0 325 597 19 17 17 23 26 
0 526 498 0 0 0 0 0 0 217 807 0 0 0 0 0 0 959 65 0 0 0 0 0 
2 108 135 16 17 16 26 704 0 69 155 25 13 14 24 724 0 72 131 28 21 17 71 684 
0 0 0 0 0 3 248 773 0 0 0 0 0 35 647 342 0 0 0 0 20 668 295 41 
0 0 0 5 109 221 367 322 0 0 0 71 161 342 339 111 0 0 36 195 309 439 45 0 
0 0 0 0 0 0 2 1022 0 0 0 0 0 2 21 1001 0 0 0 0 5 56 918 45 
2 471 434 117 0 0 0 0 0 377 606 41 0 0 0 0 0 222 655 135 12 0 0 0 
0 0 64 958 2 0 0 0 0 0 147 877 0 0 0 0 0 0 1007 17 0 0 0 0 
0 0 0 827 197 0 0 0 0 0 0 1023 1 0 0 0 0 0 594 430 0 0 0 0 
0 0 0 144 880 0 0 0 0 0 0 993 31 0 0 0 0 0 46 978 0 0 0 0 
0 0 0 12 1009 3 0 0 0 0 0 655 369 0 0 0 0 0 3 1021 0 0 0 0 
0 0 0 0 995 29 0 0 0 0 0 92 932 0 0 0 0 0 0 980 44 0 0 0 
0 0 0 1 472 551 0 0 0 0 0 15 1001 8 0 0 0 0 0 392 632 0 0 0 
0 0 0 0 123 901 0 0 0 0 0 0 937 87 0 0 0 0 0 100 924 0 0 0 
0 0 0 0 68 956 0 0 0 0 0 0 638 386 0 0 0 0 0 80 944 0 0 0 
0 0 0 0 23 1001 0 0 0 0 0 0 330 694 0 0 0 0 0 6 1017 1 0 0 
0 0 0 0 0 1015 9 0 0 0 0 0 86 938 0 0 0 0 0 1 1011 12 0 0 
0 0 0 0 2 734 288 0 0 0 0 0 23 1001 0 0 0 0 0 2 863 159 0 0 
0 0 0 0 0 570 454 0 0 0 0 0 2 1007 15 0 0 0 0 0 709 315 0 0 
0 0 0 0 0 320 703 1 0 0 0 0 0 1012 12 0 0 0 0 0 468 556 0 0 
0 0 0 0 0 111 913 0 0 0 0 0 0 828 196 0 0 0 0 0 134 890 0 0 
0 0 0 0 0 13 1009 2 0 0 0 0 0 579 445 0 0 0 0 0 64 958 2 0 
0 0 0 0 0 74 950 0 0 0 0 0 3 680 341 0 0 0 0 0 177 847 0 0 
0 0 0 0 0 103 921 0 0 0 0 0 0 884 140 0 0 0 0 0 590 434 0 0 
0 0 0 0 0 3 967 54 0 0 0 0 0 248 775 1 0 0 0 0 40 984 0 0 
0 0 0 0 0 0 673 351 0 0 0 0 0 0 1014 10 0 0 0 0 0 1015 9 0 
0 0 0 0 0 0 346 678 0 0 0 0 0 0 910 114 0 0 0 0 0 843 181 0 
0 76 74 17 17 69 346 425 0 78 82 12 23 135 620 74 0 22 130 27 117 599 129 0 
0 870 154 0 0 0 0 0 0 576 448 0 0 0 0 0 0 10 796 217 1 0 0 0 
0 660 64 129 58 29 80 4 0 649 79 147 37 34 78 0 0 305 415 164 40 81 19 0 
0 0 0 0 0 0 47 977 0 0 0 0 0 0 271 753 0 0 0 0 0 59 965 0 
0 0 0 0 0 0 0 1024 0 0 0 0 0 0 8 1016 0 0 0 0 0 4 1020 0 
2 85 94 102 59 67 59 556 0 45 138 106 68 63 70 534 3 88 73 95 97 104 528 36 
2 574 337 63 35 8 5 0 0 509 205 186 90 26 8 0 1 494 216 58 139 103 8 5 
2 99 60 46 44 26 29 718 1 69 67 49 53 25 48 712 0 51 63 57 57 53 80 663 
0 8 504 110 60 65 41 236 0 1 625 112 35 20 23 208 1 185 576 24 24 22 29 163 
3 66 742 46 28 12 13 114 0 158 694 23 17 13 14 105 0 664 198 22 15 14 13 98 
0 10 30 7 7 8 9 953 0 3 32 10 6 11 18 944 0 5 20 15 12 59 96 817 
0 0 0 0 0 18 358 648 0 0 0 0 0 111 600 313 0 0 0 0 78 564 382 0 
0 0 0 8 159 234 220 403 0 0 0 116 166 273 230 239 0 0 41 214 279 296 75 119 
0 0 0 0 0 0 0 1024 0 0 0 0 0 0 0 1024 0 0 0 0 0 0 8 1016 
3 361 518 142 0 0 0 0 0 104 697 217 6 0 0 0 1 226 648 133 16 0 0 0 
0 0 54 970 0 0 0 0 0 0 154 870 0 0 0 0 0 0 1022 2 0 0 0 0 
0 0 0 683 341 0 0 0 0 0 0 1009 15 0 0 0 0 0 421 603 0 0 0 0 
0 0 0 173 851 0 0 0 0 0 0 994 30 0 0 0 0 0 14 1010 0 0 0 0 
0 0 0 0 1023 1 0 0 0 0 0 416 608 0 0 0 0 0 0 1019 5 0 0 0 
0 0 0 0 887 137 0 0 0 0 0 55 969 0 0 0 0 0 0 816 208 0 0 0 
0 0 0 0 275 749 0 0 0 0 0 0 988 36 0 0 0 0 0 215 808 1 0 0 
0 0 0 0 26 998 0 0 0 0 0 0 526 498 0 0 0 0 0 9 1015 0 0 0 
0 0 0 0 15 1009 0 0 0 0 0 0 371 653 0 0 0 0 0 24 1000 0 0 0 
0 0 0 0 11 1002 11 0 0 0 0 0 171 851 2 0 0 0 0 14 992 18 0 0 
0 0 0 0 0 869 155 0 0 0 0 0 0 1024 0 0 0 0 0 0 976 48 0 0 
0 0 0 0 0 538 486 0 0 0 0 0 4 1005 15 0 0 0 0 0 781 243 0 0 
0 0 0 0 0 277 747 0 0 0 0 0 0 1003 21 0 0 0 0 0 642 382 0 0 
0 0 0 0 0 193 831 0 0 0 0 0 5 951 68 0 0 0 0 0 394 630 0 0 
0 0 0 0 0 106 918 0 0 0 0 0 0 650 374 0 0 0 0 0 175 849 0 0 
0 0 0 0 0 47 977 0 0 0 0 0 0 459 565 0 0 0 0 0 122 902 0 0 
0 0 0 0 0 228 794 2 0 0 0 0 11 669 344 0 0 0 0 0 292 732 0 0 
0 0 0 0 0 485 539 0 0 0 0 0 14 1003 7 0 0 0 0 0 971 53 0 0 
0 0 0 0 0 146 865 13 0 0 0 0 0 782 241 1 0 0 0 0 400 623 1 0 
0 0 0 0 0 0 977 47 0 0 0 0 0 66 957 1 0 0 0 0 36 987 1 0 
0 0 0 0 0 0 650 374 0 0 0 0 0 0 1024 0 0 0 0 0 0 1017 7 0 
0 145 97 15 27 39 481 220 0 180 68 18 20 176 561 1 0 81 161 25 150 568 39 0 
1 940 82 1 0 0 0 0 0 827 197 0 0 0 0 0 0 441 549 34 0 0 0 0 
0 549 78 124 70 34 165 4 0 559 71 163 31 37 156 7 0 413 278 109 30 172 22 0 
0 0 0 0 0 0 49 975 0 0 0 0 0 0 484 540 0 0 0 0 0 109 915 0 
0 0 0 0 0 0 19 1005 0 0 0 0 0 0 35 989 0 0 0 0 0 43 980 1 
2 212 231 55 43 42 42 397 0 16 161 267 107 45 49 379 0 0 34 120 163 263 440 4 
0 378 644 2 0 0 0 0 0 31 284 409 300 0 0 0 0 0 87 189 255 365 128 0 
0 65 61 12 15 13 13 845 0 31 59 22 15 15 26 856 0 0 18 74 20 18 28 866 
0 0 0 0 0 0 0 1024 0 0 0 0 0 0 0 1024 0 0 0 0 0 0 0 1024 
0 0 0 0 0 11 18 995 0 0 0 3 12 15 19 975 0 0 4 14 10 15 23 958 
0 0 0 10 13 23 82 896 0 0 2 14 24 41 127 816 0 0 1 18 41 156 122 686 
0 1 49 76 80 494 179 145 0 3 90 80 93 532 111 115 0 2 53 90 243 454 79 103 
0 11 49 145 146 127 138 408 0 26 62 157 190 133 131 325 1 43 126 135 145 158 130 286 
0 0 0 0 0 1 3 1020 0 0 0 0 0 1 3 1020 0 0 0 0 0 1 3 1020 
0 385 565 74 0 0 0 0 0 204 606 212 2 0 0 0 1 320 668 35 0 0 0 0 
0 0 136 888 0 0 0 0 0 0 312 712 0 0 0 0 0 0 1023 1 0 0 0 0 
0 0 0 886 138 0 0 0 0 0 7 1014 3 0 0 0 0 0 616 408 0 0 0 0 
0 0 0 330 694 0 0 0 0 0 0 975 49 0 0 0 0 0 21 1003 0 0 0 0 
0 0 0 10 1004 10 0 0 0 0 0 292 732 0 0 0 0 0 8 1010 6 0 0 0 
0 0 0 0 830 194 0 0 0 0 0 20 1003 1 0 0 0 0 0 811 213 0 0 0 
0 0 0 0 249 775 0 0 0 0 0 7 970 47 0 0 0 0 0 235 789 0 0 0 
0 0 0 0 119 905 0 0 0 0 0 0 825 199 0 0 0 0 0 125 899 0 0 0 
0 0 0 0 52 970 2 0 0 0 0 0 688 336 0 0 0 0 0 62 962 0 0 0 
0 0 0 0 67 949 8 0 0 0 0 0 539 485 0 0 0 0 0 128 896 0 0 0 
0 0 0 0 15 965 44 0 0 0 0 0 157 866 1 0 0 0 0 16 1005 3 0 0 
0 0 0 0 6 668 350 0 0 0 0 0 38 980 6 0 0 0 0 17 980 27 0 0 
0 0 0 0 3 664 357 0 0 0 0 0 19 976 29 0 0 0 0 15 899 110 0 0 
0 0 0 0 0 457 567 0 0 0 0 0 6 953 65 0 0 0 0 7 871 146 0 0 
0 0 0 0 0 181 835 8 0 0 0 0 0 902 122 0 0 0 0 0 689 335 0 0 
0 0 0 0 0 113 911 0 0 0 0 0 1 871 152 0 0 0 0 1 794 229 0 0 
0 0 0 0 32 325 667 0 0 0 0 0 107 788 129 0 0 0 0 64 690 270 0 0 
0 0 0 0 77 833 114 0 0 0 0 0 388 636 0 0 0 0 0 268 756 0 0 0 
0 0 0 0 10 547 465 2 0 0 0 0 153 777 94 0 0 0 0 41 889 94 0 0 
0 0 0 0 0 333 656 35 0 0 0 0 3 563 458 0 0 0 0 7 564 453 0 0 
0 0 0 0 0 254 709 61 0 0 0 0 0 634 390 0 0 0 0 0 515 509 0 0 
0 245 62 17 37 167 450 46 0 262 50 35 79 383 215 0 0 282 42 64 373 263 0 0 
0 867 61 16 21 38 21 0 0 899 29 20 26 33 17 0 0 913 20 39 48 4 0 0 
0 410 117 129 62 140 154 12 0 417 117 141 63 187 99 0 0 436 182 82 119 199 6 0 
0 0 0 0 0 35 871 118 0 0 0 0 0 352 664 8 0 0 0 0 47 908 69 0 
0 0 0 0 0 25 657 342 0 0 0 0 0 183 692 149 0 0 0 0 1 759 264 0 
1 348 315 35 23 29 146 127 0 136 357 195 36 41 208 51 0 40 221 217 177 214 155 0 
0 718 275 12 8 4 7 0 0 181 596 219 10 6 6 6 0 75 216 346 301 64 10 12 
2 4 5 5 8 5 19 976 0 0 3 5 6 8 17 985 0 0 1 4 4 13 37 965 
0 0 0 0 0 0 0 1024 0 0 0 0 0 0 0 1024 0 0 0 0 0 0 0 1024 
0 0 0 0 0 0 3 1021 0 0 0 0 1 2 19 1002 0 0 0 1 2 20 19 982 
0 4 17 36 125 146 79 617 0 6 29 36 76 191 108 578 0 20 34 46 72 201 118 533 
0 81 136 59 100 224 128 296 0 69 145 52 55 219 136 348 0 82 140 46 50 227 211 268 
0 36 135 88 77 139 254 295 0 63 153 70 71 93 280 294 0 34 156 60 88 132 287 267 
0 0 0 0 10 36 97 881 0 0 0 0 9 37 97 881 0 0 0 1 14 38 106 865 
0 463 465 82 14 0 0 0 0 286 538 151 38 11 0 0 1 387 496 79 46 14 1 0 
0 0 318 706 0 0 0 0 0 0 540 484 0 0 0 0 0 1 1021 2 0 0 0 0 
0 0 0 965 59 0 0 0 0 0 32 981 11 0 0 0 0 0 822 202 0 0 0 0 
0 0 0 300 724 0 0 0 0 0 2 978 44 0 0 0 0 0 149 875 0 0 0 0 
0 0 0 100 924 0 0 0 0 0 0 683 341 0 0 0 0 0 51 971 2 0 0 0 
0 0 0 16 942 66 0 0 0 0 0 154 870 0 0 0 0 0 0 963 61 0 0 0 
0 0 0 0 630 394 0 0 0 0 0 28 996 0 0 0 0 0 0 815 209 0 0 0 
0 0 0 0 269 752 3 0 0 0 0 26 944 54 0 0 0 0 2 576 446 0 0 0 
0 0 0 0 72 949 3 0 0 0 0 1 909 114 0 0 0 0 1 431 591 1 0 0 
0 0 0 0 86 920 18 0 0 0 0 8 672 342 2 0 0 0 8 436 578 2 0 0 
0 0 0 0 91 918 15 0 0 0 0 6 376 642 0 0 0 0 5 351 668 0 0 0 
0 0 0 0 80 904 40 0 0 0 0 2 358 664 0 0 0 0 0 306 718 0 0 0 
0 0 0 0 53 896 75 0 0 0 0 3 238 783 0 0 0 0 3 223 798 0 0 0 
0 0 0 1 44 666 313 0 0 0 0 12 161 847 4 0 0 0 1 188 825 10 0 0 
0 0 0 0 1 477 546 0 0 0 0 0 49 950 25 0 0 0 0 50 949 25 0 0 
0 0 0 0 0 250 774 0 0 0 0 0 35 939 50 0 0 0 0 30 925 69 0 0 
0 120 76 22 44 246 514 2 0 74 120 29 70 689 42 0 0 15 186 87 696 40 0 0 
0 635 165 32 115 77 0 0 0 103 691 41 189 0 0 0 0 36 765 207 16 0 0 0 
0 284 517 32 70 121 0 0 0 15 784 36 158 31 0 0 0 2 801 171 50 0 0 0 
0 103 686 38 45 149 3 0 0 4 775 49 110 86 0 0 0 4 718 207 89 6 0 0 
0 16 422 96 252 231 7 0 0 1 415 82 145 294 87 0 0 11 335 155 185 34 243 61 
0 102 244 46 303 329 0 0 0 58 293 41 107 392 133 0 0 3 340 73 137 35 310 126 
0 242 102 47 299 324 10 0 0 78 265 54 63 422 142 0 0 3 294 82 162 27 327 129 
0 163 200 53 176 415 17 0 0 43 310 39 64 265 303 0 0 20 268 104 116 25 220 271 
0 40 298 39 82 507 58 0 0 0 302 72 71 142 406 31 0 0 209 132 132 39 118 394 
0 1 308 73 45 539 58 0 0 0 201 174 49 106 482 12 0 0 76 264 115 46 117 406 
0 2 384 52 86 449 51 0 0 0 261 153 40 109 449 12 0 0 24 366 43 38 191 362 
0 1 288 79 94 406 95 61 0 0 129 214 37 87 436 121 0 0 0 229 118 43 174 460 
0 0 2 16 32 55 121 798 0 0 7 10 27 53 87 840 0 3 5 11 20 53 68 864 
0 0 0 0 2 3 5 1014 0 0 0 0 2 3 5 1014 0 0 0 0 2 3 5 1014 
2 86 82 44 139 103 65 503 0 45 133 32 47 172 104 491 0 50 122 45 46 199 111 451 
1 118 118 77 232 164 72 242 0 99 138 71 82 279 83 272 0 90 141 81 64 280 113 255 
0 111 116 58 143 260 108 228 0 101 131 55 57 304 114 262 0 104 129 52 63 300 130 246 
3 83 112 61 101 208 120 336 0 104 100 46 66 240 105 363 0 102 100 52 78 243 127 322 
0 0 0 0 0 0 0 1024 0 0 0 0 0 0 0 1024 0 0 0 0 0 0 11 1013 
0 721 297 6 0 0 0 0 0 716 277 31 0 0 0 0 0 731 229 47 15 2 0 0 
0 211 563 250 0 0 0 0 0 203 723 98 0 0 0 0 0 219 805 0 0 0 0 0 
0 225 71 728 0 0 0 0 0 191 257 576 0 0 0 0 0 179 837 8 0 0 0 0 
0 208 103 676 37 0 0 0 0 192 128 704 0 0 0 0 0 204 792 28 0 0 0 0 
0 251 67 358 348 0 0 0 0 253 58 702 11 0 0 0 0 185 611 228 0 0 0 0 
0 273 44 73 634 0 0 0 0 230 91 614 89 0 0 0 0 94 449 481 0 0 0 0 
0 294 47 48 548 87 0 0 0 227 125 280 392 0 0 0 0 87 359 576 2 0 0 0 
0 265 108 71 412 168 0 0 0 273 120 143 488 0 0 0 0 52 298 604 42 13 10 5 
0 262 130 36 147 449 0 0 0 215 194 79 536 0 0 0 0 32 254 633 48 57 0 0 
0 327 116 32 280 265 4 0 0 66 374 49 509 26 0 0 0 49 436 513 26 0 0 0 
0 356 103 28 371 166 0 0 0 22 437 116 449 0 0 0 0 8 563 453 0 0 0 0 
0 270 218 32 173 331 0 0 0 129 363 67 461 4 0 0 0 0 525 495 4 0 0 0 
0 275 253 41 130 325 0 0 0 29 503 47 443 2 0 0 0 23 515 470 16 0 0 0 
0 278 291 38 158 259 0 0 0 18 553 49 394 10 0 0 0 32 483 450 59 0 0 0 
0 292 288 29 63 352 0 0 0 4 579 45 300 96 0 0 0 2 518 427 77 0 0 0 
0 82 516 43 48 328 7 0 0 3 584 55 271 111 0 0 0 0 496 393 135 0 0 0 
0 101 610 61 61 187 4 0 0 22 660 85 183 74 0 0 0 3 534 364 99 24 0 0 
0 87 830 49 28 30 0 0 0 6 775 165 24 27 27 0 0 0 604 319 27 25 34 15 
0 0 831 79 32 79 3 0 0 0 636 259 27 26 73 3 0 0 453 430 22 20 55 44 
0 0 718 136 29 125 16 0 0 0 559 283 29 29 122 2 0 0 273 553 36 19 93 50 
0 0 644 169 42 163 6 0 0 0 427 364 41 56 134 2 0 0 116 645 53 33 132 45 
0 0 303 172 187 355 7 0 0 0 210 237 51 273 246 7 0 0 19 371 75 46 311 202 
0 1 36 45 109 779 53 1 0 0 9 59 30 224 692 10 0 0 0 24 47 30 374 549 
0 0 0 0 36 850 138 0 0 0 0 0 0 64 926 34 0 0 0 0 0 0 246 778 
0 0 0 0 6 676 342 0 0 0 0 0 0 5 816 203 0 0 0 0 0 0 152 872 
0 0 0 0 8 655 361 0 0 0 0 0 0 0 802 222 0 0 0 0 0 0 167 857 
0 0 0 0 6 774 244 0 0 0 0 0 0 14 887 123 0 0 0 0 0 0 249 775 
0 0 0 0 2 392 598 32 0 0 0 0 0 2 572 450 0 0 0 0 0 0 77 947 
0 0 0 0 0 8 580 436 0 0 0 0 0 0 154 870 0 0 0 0 0 0 37 987 
2 94 124 100 140 293 142 129 0 88 131 82 42 184 306 191 1 72 100 100 57 64 392 238 
0 172 174 82 126 148 82 240 0 151 146 110 56 159 127 275 0 118 158 119 50 138 197 244 
0 208 143 64 163 140 74 232 0 203 138 47 101 174 99 262 0 152 178 51 64 212 128 239 
1 128 126 57 198 189 112 213 0 155 96 42 95 283 91 262 0 161 90 41 62 332 111 227 
0 84 97 61 147 142 108 385 0 103 85 47 92 182 119 396 0 88 95 64 81 218 138 340 
0 0 0 0 0 0 0 1024 0 0 0 0 0 0 0 1024 0 0 0 0 0 2 25 997 
0 656 360 8 0 0 0 0 0 465 494 62 3 0 0 0 1 481 294 198 48 2 0 0 
1 210 410 395 8 0 0 0 0 125 204 637 56 2 0 0 0 72 174 102 602 72 2 0 
0 105 222 674 22 1 0 0 0 87 56 554 320 7 0 0 0 18 99 28 427 445 7 0 
0 178 167 605 74 0 0 0 0 156 85 324 456 3 0 0 0 49 160 31 272 502 10 0 
0 109 122 646 144 3 0 0 0 88 87 169 649 31 0 0 0 41 94 43 84 678 84 0 
0 91 51 489 379 14 0 0 0 35 79 63 703 143 1 0 0 6 62 47 42 642 224 1 
0 227 135 195 423 39 5 0 0 85 238 52 287 344 18 0 0 2 240 84 52 258 373 15 
0 261 95 119 493 54 2 0 0 110 225 24 199 446 18 2 0 7 208 71 65 174 486 13 
1 169 192 97 519 46 0 0 0 83 197 83 142 516 3 0 0 1 126 66 132 222 473 4 
0 88 159 67 585 125 0 0 0 2 232 30 102 611 47 0 0 0 164 73 27 107 621 32 
0 122 89 33 555 219 6 0 0 7 178 27 62 627 119 4 0 0 134 71 14 82 687 36 
0 69 101 34 526 286 8 0 0 0 151 28 31 619 192 3 0 0 116 40 30 78 660 100 
0 16 89 36 453 415 15 0 0 0 81 30 52 579 278 4 0 0 33 69 24 74 624 200 
0 3 43 36 284 633 25 0 0 0 31 37 24 388 540 4 0 0 1 43 27 30 550 373 
0 1 27 30 175 754 37 0 0 0 15 23 24 300 645 17 0 0 1 26 22 28 551 396 
0 0 0 12 107 830 75 0 0 0 0 5 14 162 808 35 0 0 0 0 5 22 482 515 
0 0 0 0 112 825 87 0 0 0 0 0 0 157 827 40 0 0 0 0 0 3 551 470 
0 0 0 0 48 823 153 0 0 0 0 0 0 71 891 62 0 0 0 0 0 3 457 564 
0 0 0 0 23 781 220 0 0 0 0 0 0 23 869 132 0 0 0 0 0 0 341 683 
0 0 0 0 15 718 291 0 0 0 0 0 0 19 838 167 0 0 0 0 0 0 251 773 
0 0 0 0 12 705 306 1 0 0 0 0 0 11 836 177 0 0 0 0 0 0 312 712 
0 0 0 0 13 725 285 1 0 0 0 0 0 26 841 157 0 0 0 0 0 1 266 757 
0 0 0 0 13 765 246 0 0 0 0 0 0 42 877 105 0 0 0 0 0 0 217 807 
0 0 0 0 19 710 295 0 0 0 0 0 0 21 855 148 0 0 0 0 0 0 210 814 
0 0 0 0 4 555 456 9 0 0 0 0 0 13 772 239 0 0 0 0 0 1 207 816 
0 0 0 0 2 589 433 0 0 0 0 0 0 6 804 214 0 0 0 0 0 0 158 866 
0 0 0 0 7 852 165 0 0 0 0 0 0 13 914 97 0 0 0 0 0 0 361 663 
0 0 0 0 11 722 290 1 0 0 0 0 0 30 862 132 0 0 0 0 0 0 306 718 
0 0 0 0 1 407 606 10 0 0 0 0 0 13 849 162 0 0 0 0 0 0 256 768 
0 0 0 0 28 795 201 0 0 0 0 0 0 126 861 37 0 0 0 0 0 0 500 524 
0 0 18 33 186 773 14 0 0 0 8 32 18 641 325 0 0 0 4 28 17 33 788 154 
0 78 171 79 369 312 15 0 0 78 135 103 101 576 31 0 0 78 85 131 32 83 583 32 
0 177 240 88 332 187 0 0 0 182 226 78 188 346 4 0 0 150 231 86 82 139 330 6 
1 148 172 145 220 177 64 97 0 124 207 97 183 234 67 112 0 140 149 92 135 229 180 99 
0 0 0 0 0 0 1 1023 0 0 0 0 0 0 7 1017 0 0 0 0 0 8 30 986 
0 583 367 69 5 0 0 0 0 501 360 150 13 0 0 0 0 453 228 207 126 10 0 0 
0 3 217 766 36 2 0 0 0 0 30 780 210 4 0 0 0 0 3 36 599 382 4 0 
0 0 129 810 84 1 0 0 0 0 2 551 465 6 0 0 0 0 0 0 345 650 29 0 
0 0 76 729 197 20 2 0 0 0 0 338 624 57 5 0 0 0 0 0 165 787 71 1 
0 0 12 663 340 9 0 0 0 0 0 60 856 108 0 0 0 0 0 0 43 789 192 0 
0 0 2 475 529 18 0 0 0 0 0 18 760 243 3 0 0 0 0 0 6 715 301 2 
0 0 0 228 762 34 0 0 0 0 0 2 508 508 6 0 0 0 0 0 2 511 506 5 
1 12 38 205 683 83 2 0 0 0 4 25 295 659 41 0 0 4 17 27 50 350 551 25 
2 60 132 272 398 152 8 0 0 0 37 109 287 492 93 6 2 35 64 77 138 326 351 31 
0 0 0 15 663 342 4 0 0 0 0 0 75 801 145 3 0 0 0 0 1 115 785 123 
0 0 0 10 599 404 11 0 0 0 0 0 37 762 224 1 0 0 0 0 0 54 825 145 
0 0 0 4 374 616 30 0 0 0 0 0 19 589 401 15 0 0 0 0 0 31 716 277 
0 0 0 1 366 630 27 0 0 0 0 0 5 560 450 9 0 0 0 0 0 12 662 350 
0 0 0 0 169 829 26 0 0 0 0 0 3 382 628 11 0 0 0 0 0 0 567 457 
0 0 0 2 170 774 78 0 0 0 0 0 1 287 705 31 0 0 0 0 0 9 539 476 
0 0 0 0 60 813 150 1 0 0 0 0 0 101 859 64 0 0 0 0 0 5 500 519 
0 0 0 0 112 776 133 3 0 0 0 0 0 176 783 65 0 0 0 0 0 13 561 450 
0 0 0 0 78 748 198 0 0 0 0 0 0 139 778 107 0 0 0 0 0 18 479 527 
0 0 0 0 37 775 212 0 0 0 0 0 0 48 826 150 0 0 0 0 0 4 333 687 
0 0 0 0 13 547 463 1 0 0 0 0 0 12 670 342 0 0 0 0 0 0 212 812 
0 0 0 0 21 539 461 3 0 0 0 0 0 15 716 293 0 0 0 0 0 0 155 869 
0 0 0 0 12 615 397 0 0 0 0 0 0 19 761 244 0 0 0 0 0 0 199 825 
0 0 0 0 2 685 337 0 0 0 0 0 0 13 794 217 0 0 0 0 0 0 209 815 
0 0 0 0 15 667 338 4 0 0 0 0 0 13 809 202 0 0 0 0 0 0 203 821 
0 0 0 0 23 632 364 5 0 0 0 0 0 21 786 217 0 0 0 0 0 0 179 845 
0 0 0 0 45 817 162 0 0 0 0 0 0 72 871 81 0 0 0 0 0 0 282 742 
0 0 0 0 63 867 94 0 0 0 0 0 0 179 797 48 0 0 0 0 0 1 402 621 
0 0 0 2 72 877 73 0 0 0 0 0 5 170 832 17 0 0 0 0 0 9 424 591 
0 0 0 0 41 858 125 0 0 0 0 0 0 119 882 23 0 0 0 0 0 0 387 637 
0 0 0 6 153 800 65 0 0 0 0 0 12 339 670 3 0 0 0 0 0 20 547 457 
0 0 0 1 420 594 9 0 0 0 0 0 17 733 274 0 0 0 0 0 0 12 834 178 
0 0 0 11 498 511 4 0 0 0 0 0 58 906 60 0 0 0 0 0 0 23 922 79 
0 0 0 3 541 476 4 0 0 0 0 0 69 912 43 0 0 0 0 0 0 65 906 53 
0 0 0 0 358 605 53 8 0 0 0 0 147 778 80 19 0 0 0 0 0 114 832 78 
0 0 0 0 1 9 36 978 0 0 0 0 0 4 29 991 0 0 0 0 0 2 15 1007 
0 501 350 164 9 0 0 0 0 458 257 295 14 0 0 0 0 398 193 147 251 34 1 0 
0 0 173 791 60 0 0 0 0 0 9 720 292 3 0 0 0 0 0 4 603 412 5 0 
0 0 24 666 328 6 0 0 0 0 0 239 749 36 0 0 0 0 0 0 163 799 62 0 
0 0 21 590 399 13 1 0 0 0 0 139 802 81 2 0 0 0 0 0 55 822 145 2 
0 0 8 486 495 35 0 0 0 0 0 25 776 223 0 0 0 0 0 0 15 714 295 0 
0 0 2 346 628 48 0 0 0 0 0 7 643 372 2 0 0 0 0 0 6 633 383 2 
3 32 45 137 663 134 10 0 0 0 19 34 299 635 36 1 0 5 27 28 30 347 575 12 
0 276 279 230 216 23 0 0 0 1 141 296 245 332 9 0 0 200 190 128 123 148 232 3 
5 375 273 90 153 96 24 8 0 2 118 358 231 203 66 46 0 257 321 111 74 101 150 10 
3 109 116 70 423 177 64 62 0 0 38 132 93 454 148 159 0 102 106 51 93 171 452 49 
0 193 149 110 417 154 1 0 0 0 76 217 116 485 124 6 0 135 141 78 82 143 419 26 
0 171 178 123 331 214 7 0 0 0 19 206 197 414 173 15 0 106 175 102 100 189 296 56 
0 0 0 3 466 534 21 0 0 0 0 0 25 662 331 6 0 0 0 0 0 45 730 249 
0 0 0 1 364 591 68 0 0 0 0 0 2 536 468 18 0 0 0 0 0 10 631 383 
0 0 0 0 177 770 77 0 0 0 0 0 2 377 613 32 0 0 0 0 0 7 500 517 
0 0 0 0 91 834 96 3 0 0 0 0 0 157 835 32 0 0 0 0 0 1 404 619 
0 0 0 0 43 782 193 6 0 0 0 0 1 107 797 119 0 0 0 0 0 1 350 673 
0 0 0 0 83 806 134 1 0 0 0 0 0 145 813 66 0 0 0 0 0 1 440 583 
0 0 0 0 23 663 337 1 0 0 0 0 0 60 736 228 0 0 0 0 0 0 265 759 
0 0 0 0 40 699 285 0 0 0 0 0 0 33 771 220 0 0 0 0 0 2 338 684 
0 0 0 0 58 676 286 4 0 0 0 0 0 45 780 199 0 0 0 0 0 2 314 708 
0 0 0 0 56 739 228 1 0 0 0 0 0 89 829 106 0 0 0 0 0 0 299 725 
0 0 0 4 107 748 165 0 0 0 0 0 6 132 786 100 0 0 0 0 0 39 334 651 
0 0 0 11 155 615 243 0 0 0 0 0 27 167 698 132 0 0 0 0 0 50 323 651 
0 0 0 9 197 726 92 0 0 0 0 1 13 254 707 49 0 0 0 0 2 31 464 527 
0 0 0 26 277 664 57 0 0 0 0 2 50 366 584 22 0 0 0 0 4 78 633 309 
0 0 0 30 294 677 23 0 0 0 0 4 85 418 510 7 0 0 0 0 4 97 518 405 
0 0 16 212 367 420 9 0 0 0 0 87 237 421 279 0 0 0 0 7 140 252 368 257 
0 0 1 66 310 603 44 0 0 0 0 8 155 483 368 10 0 0 0 0 30 170 622 202 
0 0 4 196 503 299 20 2 0 0 2 113 345 405 154 5 0 0 0 28 148 325 421 102 
0 0 28 358 355 274 9 0 0 0 7 220 301 383 112 1 0 0 0 64 178 282 380 120 
0 0 40 192 558 234 0 0 0 0 14 175 205 603 27 0 0 0 0 90 111 165 614 44 
0 0 18 120 577 302 7 0 0 0 17 77 199 709 21 1 0 0 0 27 71 191 716 19 
0 0 0 0 319 662 43 0 0 0 0 4 133 791 96 0 0 0 0 0 7 141 790 86 
0 0 0 0 45 108 755 116 0 0 0 0 0 112 534 378 0 0 0 0 0 5 109 910 
1 258 443 298 21 3 0 0 0 169 316 485 50 4 0 0 0 103 214 185 419 99 4 0 
0 0 212 694 106 10 2 0 0 0 25 679 306 11 3 0 0 0 0 9 537 454 23 1 
0 0 77 754 189 4 0 0 0 0 3 479 527 15 0 0 0 0 0 0 278 711 35 0 
0 1 36 645 319 22 1 0 0 0 0 240 708 72 4 0 0 0 0 0 77 796 147 4 
0 0 2 405 582 35 0 0 0 0 0 31 791 197 5 0 0 0 0 0 5 620 392 7 
0 1 23 306 581 104 9 0 0 0 5 43 557 360 50 9 1 8 24 14 45 486 440 6 
3 164 218 224 252 109 37 17 0 10 106 185 301 260 97 65 2 137 170 134 138 266 160 17 
11 251 317 116 118 89 72 50 0 51 234 232 115 145 93 154 0 301 246 123 109 118 97 30 
5 664 301 28 26 0 0 0 0 26 535 377 49 29 8 0 2 671 280 42 26 3 0 0 
17 303 342 170 117 65 9 1 0 9 207 344 163 128 122 51 2 321 313 161 145 74 8 0 
8 313 334 163 85 64 41 16 0 5 147 328 207 145 85 107 4 287 310 172 125 74 37 15 
8 361 320 109 102 69 32 23 0 8 104 356 269 146 77 64 3 253 343 142 93 54 96 40 
3 140 139 65 302 301 58 16 0 70 158 66 74 390 218 48 0 96 156 62 50 119 420 121 
0 0 0 3 384 621 16 0 0 0 0 0 22 586 412 4 0 0 0 0 0 30 633 361 
0 0 0 0 193 725 106 0 0 0 0 0 9 373 595 47 0 0 0 0 0 13 458 553 
0 0 0 1 138 769 116 0 0 0 0 0 1 261 714 48 0 0 0 0 0 9 380 635 
0 0 0 1 118 782 123 0 0 0 0 0 1 225 740 58 0 0 0 0 0 6 339 679 
0 0 0 0 83 737 203 1 0 0 0 0 0 148 761 115 0 0 0 0 0 4 361 659 
0 0 0 1 64 649 309 1 0 0 0 0 1 126 688 209 0 0 0 0 0 1 270 753 
0 0 0 0 35 666 321 2 0 0 0 0 0 59 734 231 0 0 0 0 0 6 293 725 
0 0 0 19 207 655 143 0 0 0 0 3 34 270 617 100 0 0 0 0 0 49 456 519 
0 0 0 0 192 693 138 1 0 0 0 0 7 253 685 79 0 0 0 0 0 22 486 516 
0 0 2 51 283 585 102 1 0 0 0 10 79 359 520 56 0 0 0 0 23 137 511 353 
0 0 0 32 399 499 94 0 0 0 0 8 106 399 460 51 0 0 0 0 23 171 565 265 
0 0 0 90 407 471 53 3 0 0 0 11 145 427 419 22 0 0 0 0 17 193 577 237 
0 0 21 134 496 352 21 0 0 0 0 63 239 498 215 9 0 0 0 13 125 371 443 72 
0 0 27 429 458 108 2 0 0 0 3 190 499 282 50 0 0 0 0 34 301 478 195 16 
0 0 25 310 512 173 4 0 0 0 3 195 323 453 50 0 0 0 0 32 232 371 374 15 
0 0 42 408 496 75 3 0 0 0 1 182 503 321 17 0 0 0 0 19 210 455 330 10 
0 0 58 324 517 122 3 0 0 0 8 200 337 428 51 0 0 0 2 68 257 318 357 22 
0 0 98 481 423 22 0 0 0 0 27 302 480 204 11 0 0 0 11 83 277 495 151 7 
0 1 124 585 312 2 0 0 0 0 32 418 482 92 0 0 0 0 5 152 364 433 70 0 
0 0 36 557 403 28 0 0 0 0 25 389 452 157 1 0 0 0 6 85 426 389 116 2 
0 0 39 316 493 171 5 0 0 0 39 320 309 341 15 0 0 0 20 171 256 302 266 9 
0 0 0 79 871 74 0 0 0 0 0 79 849 96 0 0 0 0 0 25 116 728 155 0 
0 282 470 268 4 0 0 0 0 218 280 508 18 0 0 0 0 207 180 145 444 48 0 0 
0 2 324 637 57 4 0 0 0 0 45 748 226 5 0 0 0 0 0 12 550 457 5 0 
0 0 74 721 210 18 1 0 0 0 0 427 553 43 1 0 0 0 0 1 188 758 75 2 
0 0 24 635 343 22 0 0 0 0 0 153 763 106 2 0 0 0 0 0 45 770 203 6 
0 0 9 347 576 92 0 0 0 0 0 80 646 286 12 0 0 0 0 0 38 660 321 5 
2 139 223 229 314 101 13 3 2 114 157 187 254 265 41 4 0 101 152 176 147 246 199 3 
3 198 254 145 104 72 72 176 0 76 202 227 131 108 45 235 1 151 256 176 126 128 109 77 
6 367 305 97 69 41 75 64 0 193 362 130 83 59 40 157 0 344 276 107 91 50 130 26 
6 309 354 140 110 52 30 23 0 96 264 236 193 131 51 53 1 291 318 145 118 97 39 15 
13 399 342 138 60 26 29 17 0 187 320 229 134 78 27 49 3 264 267 193 167 82 41 7 
2 350 233 134 99 65 96 45 1 196 194 162 115 100 67 189 2 283 228 131 125 89 121 45 
2 520 284 115 47 18 28 10 0 394 212 132 112 71 53 50 0 435 166 129 126 78 54 36 
2 614 191 54 99 52 12 0 0 382 334 95 48 99 39 27 2 524 226 85 39 75 68 5 
0 1 6 30 405 522 54 6 0 0 1 8 57 564 351 43 0 0 3 4 13 77 632 295 
0 0 0 10 387 591 35 1 0 0 0 0 22 526 460 16 0 0 0 0 0 23 577 424 
0 0 0 16 293 650 65 0 0 0 0 0 41 421 537 25 0 0 0 0 0 39 485 500 
0 0 0 29 325 601 69 0 0 0 0 2 59 431 484 48 0 0 0 0 2 73 546 403 
0 0 0 39 285 637 63 0 0 0 0 9 105 391 487 32 0 0 0 0 18 106 534 366 
0 0 2 24 218 596 181 3 0 0 0 7 39 280 569 129 0 0 0 0 10 47 426 541 
0 0 0 106 383 466 67 2 0 0 0 18 184 398 382 42 0 0 0 0 28 207 449 340 
0 0 0 18 240 599 159 8 0 0 0 3 49 285 607 80 0 0 0 0 11 65 433 515 
0 0 0 43 314 610 56 1 0 0 0 5 98 375 499 47 0 0 0 0 5 110 503 406 
0 0 1 104 439 459 21 0 0 0 0 28 156 459 362 19 0 0 0 0 35 165 501 323 
0 0 40 310 399 249 26 0 0 0 5 173 316 291 215 24 0 0 0 35 206 324 319 140 
0 0 85 259 432 235 13 0 0 0 20 215 263 349 170 7 0 0 15 85 197 271 389 67 
0 0 11 285 500 224 4 0 0 0 0 106 272 456 189 1 0 0 0 5 196 341 432 50 
0 1 15 303 556 144 5 0 0 0 0 100 373 440 110 1 0 0 0 13 158 452 378 23 
0 0 57 419 411 133 4 0 0 0 20 223 351 336 90 4 0 0 7 118 230 427 218 24 
0 3 222 490 298 11 0 0 0 0 61 419 366 171 7 0 0 0 54 259 308 285 117 1 
0 5 224 392 350 53 0 0 0 0 78 380 302 255 9 0 0 5 111 213 276 276 143 0 
0 2 223 489 272 37 1 0 0 0 51 389 343 230 11 0 0 1 35 214 355 314 102 3 
2 25 297 526 168 6 0 0 0 1 97 473 378 75 0 0 0 40 69 246 370 248 51 0 
0 48 248 496 232 0 0 0 0 0 85 306 512 121 0 0 0 49 133 112 276 387 67 0 
0 134 155 435 296 4 0 0 0 0 186 317 439 79 3 0 0 209 75 123 309 281 27 0 
0 75 30 338 534 47 0 0 0 0 85 221 665 48 5 0 0 69 25 24 396 477 31 2 
1 333 542 143 5 0 0 0 0 267 420 317 19 1 0 0 0 171 288 246 295 24 0 0 
0 2 267 653 98 4 0 0 0 0 48 626 330 20 0 0 0 0 0 40 538 414 32 0 
0 5 113 589 297 20 0 0 0 0 7 392 549 66 10 0 0 0 0 6 250 660 101 7 
0 0 59 560 372 29 3 1 0 0 4 241 638 135 6 0 0 0 0 1 144 688 178 13 
0 0 29 394 526 68 7 0 0 0 0 123 608 280 9 4 0 0 0 0 68 649 302 5 
0 188 419 207 167 37 6 0 0 172 163 339 230 110 10 0 0 175 166 262 75 225 110 11 
0 243 653 121 7 0 0 0 0 120 404 492 8 0 0 0 0 148 525 346 5 0 0 0 
0 812 212 0 0 0 0 0 0 515 505 4 0 0 0 0 0 548 475 1 0 0 0 0 
0 994 22 8 0 0 0 0 0 728 288 8 0 0 0 0 0 994 22 8 0 0 0 0 
0 1024 0 0 0 0 0 0 0 1024 0 0 0 0 0 0 0 1024 0 0 0 0 0 0 
0 1010 14 0 0 0 0 0 0 1010 14 0 0 0 0 0 0 1010 14 0 0 0 0 0 
0 1024 0 0 0 0 0 0 0 1024 0 0 0 0 0 0 0 1024 0 0 0 0 0 0 
0 616 87 59 201 59 2 0 0 603 91 24 75 192 39 0 0 592 95 20 24 101 174 18 
0 0 0 53 517 401 49 4 0 0 0 0 94 587 323 20 0 0 0 0 0 122 644 258 
0 0 0 23 436 532 31 2 0 0 0 1 26 591 390 16 0 0 0 0 0 49 717 258 
0 0 0 19 342 565 98 0 0 0 0 0 47 449 482 46 0 0 0 0 1 67 584 372 
0 0 1 51 370 523 79 0 0 0 0 21 89 428 443 43 0 0 0 0 11 130 562 321 
0 0 12 57 365 437 135 18 0 0 0 25 78 382 427 112 0 0 0 0 24 103 518 379 
0 0 0 129 430 379 83 3 0 0 0 18 198 445 316 47 0 0 0 0 40 229 571 184 
0 0 4 114 418 425 63 0 0 0 0 22 191 411 346 54 0 0 0 2 75 242 475 230 
0 0 6 202 485 297 32 2 0 0 2 85 223 407 279 28 0 0 0 8 127 232 462 195 
0 0 29 416 379 157 39 4 0 0 0 163 462 239 130 30 0 0 3 32 330 346 222 91 
0 3 54 266 421 256 24 0 0 0 6 121 311 341 231 14 0 3 13 64 194 317 304 129 
0 131 222 195 218 228 29 1 0 0 111 295 194 204 191 29 0 140 148 102 137 138 244 115 
0 186 130 169 328 188 23 0 0 3 165 184 193 282 188 9 0 197 106 61 107 243 253 57 
0 203 297 347 157 20 0 0 0 0 137 459 289 120 19 0 0 162 242 212 216 144 46 2 
0 401 247 109 198 69 0 0 0 0 312 356 111 178 67 0 1 439 194 71 50 138 128 3 
0 489 224 233 69 8 1 0 0 16 465 297 171 69 6 0 0 529 143 137 128 74 13 0 
2 628 178 123 80 13 0 0 0 71 662 139 76 70 6 0 0 630 180 81 51 55 27 0 
0 800 205 17 2 0 0 0 0 130 778 110 6 0 0 0 0 813 198 13 0 0 0 0 
0 884 140 0 0 0 0 0 0 184 801 39 0 0 0 0 0 931 89 4 0 0 0 0 
0 966 58 0 0 0 0 0 0 370 646 8 0 0 0 0 0 973 51 0 0 0 0 0 
0 926 98 0 0 0 0 0 0 353 551 106 14 0 0 0 0 970 54 0 0 0 0 0 
0 872 150 2 0 0 0 0 0 129 751 144 0 0 0 0 0 892 131 1 0 0 0 0 
0 1022 2 0 0 0 0 0 0 0 1024 0 0 0 0 0 0 1022 2 0 0 0 0 0 
0 389 386 222 27 0 0 0 0 304 282 326 103 9 0 0 0 250 235 221 265 52 1 0 
1 85 303 565 68 2 0 0 0 5 146 607 240 26 0 0 1 51 101 106 505 248 12 0 
1 9 257 560 186 11 0 0 0 1 48 481 413 77 4 0 0 2 54 129 393 401 45 0 
2 22 192 456 298 49 5 0 0 7 54 346 450 155 12 0 0 6 57 104 283 464 105 5 
0 26 93 505 377 21 2 0 0 4 36 246 592 142 4 0 0 5 20 61 175 610 153 0 
0 126 290 256 310 42 0 0 0 96 146 234 394 151 3 0 0 66 135 162 88 416 153 4 
0 658 366 0 0 0 0 0 0 168 823 33 0 0 0 0 0 180 826 18 0 0 0 0 
0 956 68 0 0 0 0 0 0 769 255 0 0 0 0 0 0 787 237 0 0 0 0 0 
0 1024 0 0 0 0 0 0 0 1000 24 0 0 0 0 0 0 1024 0 0 0 0 0 0 
0 1024 0 0 0 0 0 0 0 1024 0 0 0 0 0 0 0 1024 0 0 0 0 0 0 
0 1024 0 0 0 0 0 0 0 1024 0 0 0 0 0 0 0 1024 0 0 0 0 0 0 
0 1024 0 0 0 0 0 0 0 1024 0 0 0 0 0 0 0 1024 0 0 0 0 0 0 
3 575 35 101 239 67 4 0 0 558 45 26 140 203 50 2 0 548 50 16 41 161 191 17 
0 0 5 121 623 266 9 0 0 0 0 1 176 653 183 11 0 0 4 5 21 309 586 99 
0 0 4 118 495 342 61 4 0 0 0 6 140 544 311 23 0 0 0 1 46 262 569 146 
0 1 35 77 399 444 68 0 0 0 0 10 109 513 361 31 0 0 10 30 64 152 544 224 
0 92 97 98 342 355 35 5 0 0 0 27 243 410 312 32 0 45 111 66 43 169 395 195 
0 61 164 118 357 298 26 0 0 0 0 18 255 404 308 39 0 7 122 155 64 152 405 119 
2 155 231 175 275 164 22 0 0 0 1 129 308 377 185 24 0 76 209 155 102 158 244 80 
1 358 222 92 193 142 16 0 0 0 76 318 223 267 130 10 0 301 249 76 55 119 192 32 
1 476 401 99 42 2 3 0 0 0 87 451 405 76 4 1 1 376 434 126 58 25 4 0 
0 592 361 54 16 1 0 0 0 0 190 619 193 21 1 0 0 575 359 64 24 2 0 0 
3 578 334 78 30 1 0 0 0 0 287 473 228 36 0 0 2 568 347 62 26 16 3 0 
0 859 161 4 0 0 0 0 0 57 490 443 30 4 0 0 0 891 129 4 0 0 0 0 
0 856 168 0 0 0 0 0 0 79 757 188 0 0 0 0 0 848 176 0 0 0 0 0 
0 919 104 1 0 0 0 0 0 46 913 65 0 0 0 0 0 917 107 0 0 0 0 0 
0 961 63 0 0 0 0 0 0 255 742 27 0 0 0 0 0 946 78 0 0 0 0 0 
0 832 192 0 0 0 0 0 0 110 839 75 0 0 0 0 0 884 140 0 0 0 0 0 
0 964 60 0 0 0 0 0 0 235 789 0 0 0 0 0 0 996 28 0 0 0 0 0 
0 843 181 0 0 0 0 0 0 57 856 111 0 0 0 0 0 840 184 0 0 0 0 0 
0 927 97 0 0 0 0 0 0 57 928 39 0 0 0 0 0 907 117 0 0 0 0 0 
0 949 75 0 0 0 0 0 0 30 993 1 0 0 0 0 0 945 79 0 0 0 0 0 
0 892 132 0 0 0 0 0 0 286 733 5 0 0 0 0 0 937 87 0 0 0 0 0 
0 970 54 0 0 0 0 0 0 23 956 45 0 0 0 0 0 966 58 0 0 0 0 0 
0 1006 18 0 0 0 0 0 0 21 967 36 0 0 0 0 0 1018 6 0 0 0 0 0 
4 371 409 216 23 1 0 0 0 184 316 298 169 57 0 0 5 260 407 227 106 19 0 0 
5 439 383 137 54 6 0 0 0 307 347 206 123 41 0 0 1 391 365 179 81 7 0 0 
4 532 331 129 25 3 0 0 0 319 428 164 86 27 0 0 2 453 370 138 56 5 0 0 
3 430 357 159 61 14 0 0 0 315 326 170 138 67 8 0 0 353 385 180 95 11 0 0 
4 236 321 280 153 30 0 0 0 101 270 276 205 141 31 0 2 166 324 257 189 82 4 0 
3 252 260 225 214 67 3 0 0 119 276 198 278 141 12 0 2 110 248 166 124 265 106 3 
0 965 59 0 0 0 0 0 0 804 219 1 0 0 0 0 0 696 326 2 0 0 0 0 
0 1024 0 0 0 0 0 0 0 1024 0 0 0 0 0 0 0 1024 0 0 0 0 0 0 
0 1024 0 0 0 0 0 0 0 1024 0 0 0 0 0 0 0 1024 0 0 0 0 0 0 
0 1024 0 0 0 0 0 0 0 1024 0 0 0 0 0 0 0 1024 0 0 0 0 0 0 
0 1024 0 0 0 0 0 0 0 1024 0 0 0 0 0 0 0 1024 0 0 0 0 0 0 
0 1024 0 0 0 0 0 0 0 1024 0 0 0 0 0 0 0 1024 0 0 0 0 0 0 
2 711 203 84 22 2 0 0 0 461 151 208 165 37 2 0 0 576 263 93 46 39 6 1 
0 451 431 94 48 0 0 0 0 23 83 333 438 144 3 0 0 178 534 202 67 39 4 0 
5 380 502 100 31 6 0 0 0 0 54 394 425 136 15 0 0 147 411 323 115 27 1 0 
7 387 487 137 6 0 0 0 0 0 11 224 508 268 13 0 0 138 511 300 72 3 0 0 
2 581 421 20 0 0 0 0 0 0 57 433 444 89 1 0 0 409 539 67 9 0 0 0 
0 726 289 9 0 0 0 0 0 0 0 454 480 90 0 0 1 443 526 54 0 0 0 0 
1 682 333 8 0 0 0 0 0 8 292 389 293 42 0 0 0 618 374 32 0 0 0 0 
3 680 324 15 2 0 0 0 0 0 109 646 240 29 0 0 0 617 375 27 5 0 0 0 
1 598 389 36 0 0 0 0 0 2 242 384 296 97 3 0 0 595 345 79 5 0 0 0 
2 739 267 16 0 0 0 0 0 0 151 619 231 23 0 0 2 703 255 63 1 0 0 0 
1 640 278 55 36 14 0 0 0 7 291 455 185 59 26 1 0 631 290 55 37 11 0 0 
0 771 253 0 0 0 0 0 0 21 565 345 92 1 0 0 0 796 227 1 0 0 0 0 
0 894 130 0 0 0 0 0 0 27 874 120 3 0 0 0 0 902 122 0 0 0 0 0 
0 959 65 0 0 0 0 0 0 0 894 130 0 0 0 0 0 996 28 0 0 0 0 0 
1 904 119 0 0 0 0 0 0 18 988 18 0 0 0 0 0 956 68 0 0 0 0 0 
0 915 109 0 0 0 0 0 0 34 966 24 0 0 0 0 0 953 71 0 0 0 0 0 
1 838 185 0 0 0 0 0 0 9 848 167 0 0 0 0 1 869 154 0 0 0 0 0 
0 935 89 0 0 0 0 0 0 171 828 25 0 0 0 0 0 952 72 0 0 0 0 0 
0 854 170 0 0 0 0 0 0 187 736 101 0 0 0 0 0 927 97 0 0 0 0 0 
0 989 35 0 0 0 0 0 0 202 814 8 0 0 0 0 0 966 58 0 0 0 0 0 
0 1003 21 0 0 0 0 0 0 98 916 10 0 0 0 0 0 978 46 0 0 0 0 0 
0 966 58 0 0 0 0 0 0 190 834 0 0 0 0 0 0 993 31 0 0 0 0 0 
0 1012 12 0 0 0 0 0 0 58 966 0 0 0 0 0 0 1018 6 0 0 0 0 0 
8 512 404 87 13 0 0 0 0 305 403 197 101 18 0 0 3 513 335 123 47 3 0 0 
4 367 457 139 55 2 0 0 0 174 327 264 180 73 6 0 2 287 388 226 109 12 0 0 
15 424 385 152 37 11 0 0 0 279 336 197 136 66 10 0 4 389 340 169 118 4 0 0 
8 586 291 100 35 4 0 0 0 485 282 138 85 34 0 0 4 490 351 126 50 3 0 0 
7 397 369 166 64 19 2 0 0 253 343 215 141 61 11 0 0 327 379 196 88 34 0 0 
2 404 406 139 67 6 0 0 0 212 443 216 114 37 2 0 1 204 497 189 79 42 12 0 
0 914 110 0 0 0 0 0 0 537 487 0 0 0 0 0 0 431 581 12 0 0 0 0 
0 1024 0 0 0 0 0 0 0 1008 16 0 0 0 0 0 0 1024 0 0 0 0 0 0 
0 1024 0 0 0 0 0 0 0 1024 0 0 0 0 0 0 0 1024 0 0 0 0 0 0 
0 1024 0 0 0 0 0 0 0 1024 0 0 0 0 0 0 0 1024 0 0 0 0 0 0 
0 1024 0 0 0 0 0 0 0 1024 0 0 0 0 0 0 0 1024 0 0 0 0 0 0 
0 1024 0 0 0 0 0 0 0 1024 0 0 0 0 0 0 0 1024 0 0 0 0 0 0 
0 1013 11 0 0 0 0 0 0 989 35 0 0 0 0 0 0 1013 11 0 0 0 0 0 
1 935 88 0 0 0 0 0 0 780 162 76 6 0 0 0 0 899 122 3 0 0 0 0 
0 815 209 0 0 0 0 0 0 349 245 343 87 0 0 0 0 632 379 13 0 0 0 0 
4 738 280 2 0 0 0 0 0 1 140 613 250 20 0 0 0 481 517 26 0 0 0 0 
1 756 267 0 0 0 0 0 0 0 48 786 180 10 0 0 1 575 415 31 2 0 0 0 
0 785 237 2 0 0 0 0 0 0 189 710 120 5 0 0 0 771 253 0 0 0 0 0 
0 815 209 0 0 0 0 0 0 7 469 522 26 0 0 0 0 825 199 0 0 0 0 0 
0 826 198 0 0 0 0 0 0 0 343 634 47 0 0 0 0 831 192 1 0 0 0 0 
5 662 283 67 5 2 0 0 0 0 189 593 155 81 6 0 0 588 309 92 33 2 0 0 
4 845 175 0 0 0 0 0 0 0 409 578 37 0 0 0 1 809 214 0 0 0 0 0 
1 691 321 11 0 0 0 0 0 0 159 690 168 7 0 0 1 692 315 15 1 0 0 0 
0 820 204 0 0 0 0 0 0 7 516 495 6 0 0 0 0 805 219 0 0 0 0 0 
0 854 170 0 0 0 0 0 0 0 222 783 19 0 0 0 0 779 245 0 0 0 0 0 
0 936 88 0 0 0 0 0 0 0 549 475 0 0 0 0 0 954 70 0 0 0 0 0 
1 930 93 0 0 0 0 0 0 138 823 63 0 0 0 0 0 936 88 0 0 0 0 0 
0 807 217 0 0 0 0 0 0 123 736 165 0 0 0 0 0 905 119 0 0 0 0 0 
0 964 60 0 0 0 0 0 0 6 825 193 0 0 0 0 0 960 64 0 0 0 0 0 
0 881 143 0 0 0 0 0 0 24 869 131 0 0 0 0 0 925 99 0 0 0 0 0 
0 970 54 0 0 0 0 0 0 17 818 189 0 0 0 0 0 945 79 0 0 0 0 0 
0 919 105 0 0 0 0 0 0 83 760 181 0 0 0 0 0 975 49 0 0 0 0 0 
0 868 156 0 0 0 0 0 0 29 845 137 13 0 0 0 0 885 138 1 0 0 0 0 
1 988 35 0 0 0 0 0 0 67 943 14 0 0 0 0 1 959 64 0 0 0 0 0 
0 1008 16 0 0 0 0 0 0 8 1016 0 0 0 0 0 0 1016 8 0 0 0 0 0 
3 754 238 26 3 0 0 0 0 342 526 111 44 1 0 0 1 449 502 65 7 0 0 0 
6 343 573 80 17 5 0 0 0 119 557 203 112 33 0 0 3 340 524 126 31 0 0 0 
2 397 517 93 12 3 0 0 1 218 587 110 89 18 1 0 0 427 485 86 26 0 0 0 
1 352 543 115 13 0 0 0 0 235 498 143 119 27 2 0 0 386 465 121 48 4 0 0 
7 708 261 43 5 0 0 0 0 374 478 136 31 5 0 0 1 397 513 95 16 2 0 0 
0 798 179 45 2 0 0 0 0 451 492 42 38 1 0 0 0 421 529 65 9 0 0 0 
0 989 35 0 0 0 0 0 0 902 122 0 0 0 0 0 0 827 197 0 0 0 0 0 
0 1024 0 0 0 0 0 0 0 1024 0 0 0 0 0 0 0 1024 0 0 0 0 0 0 
0 1024 0 0 0 0 0 0 0 1024 0 0 0 0 0 0 0 1024 0 0 0 0 0 0 
0 1024 0 0 0 0 0 0 0 1024 0 0 0 0 0 0 0 1024 0 0 0 0 0 0 
0 1024 0 0 0 0 0 0 0 1024 0 0 0 0 0 0 0 1024 0 0 0 0 0 0 
0 1024 0 0 0 0 0 0 0 1024 0 0 0 0 0 0 0 1024 0 0 0 0 0 0 
0 1024 0 0 0 0 0 0 0 1024 0 0 0 0 0 0 0 1024 0 0 0 0 0 0 
0 1024 0 0 0 0 0 0 0 1024 0 0 0 0 0 0 0 1024 0 0 0 0 0 0 
0 1024 0 0 0 0 0 0 0 1024 0 0 0 0 0 0 0 1024 0 0 0 0 0 0 
0 858 165 1 0 0 0 0 0 220 672 113 19 0 0 0 0 818 190 16 0 0 0 0 
1 842 180 1 0 0 0 0 0 1 710 304 9 0 0 0 0 775 245 4 0 0 0 0 
0 852 169 3 0 0 0 0 0 6 361 596 54 7 0 0 0 870 147 7 0 0 0 0 
1 860 163 0 0 0 0 0 0 0 417 581 24 2 0 0 2 812 210 0 0 0 0 0 
0 898 126 0 0 0 0 0 0 18 824 177 5 0 0 0 0 922 102 0 0 0 0 0 
0 938 86 0 0 0 0 0 0 3 772 241 8 0 0 0 0 925 99 0 0 0 0 0 
0 863 161 0 0 0 0 0 0 25 648 346 5 0 0 0 0 875 149 0 0 0 0 0 
0 856 168 0 0 0 0 0 0 37 785 189 13 0 0 0 0 908 116 0 0 0 0 0 
0 898 126 0 0 0 0 0 0 47 666 298 13 0 0 0 0 910 114 0 0 0 0 0 
1 915 108 0 0 0 0 0 0 6 693 322 3 0 0 0 2 939 83 0 0 0 0 0 
0 892 132 0 0 0 0 0 0 3 659 343 19 0 0 0 0 902 122 0 0 0 0 0 
0 921 103 0 0 0 0 0 0 0 895 124 5 0 0 0 0 947 76 1 0 0 0 0 
0 910 114 0 0 0 0 0 0 15 894 110 5 0 0 0 0 957 67 0 0 0 0 0 
0 995 29 0 0 0 0 0 0 185 839 0 0 0 0 0 0 995 29 0 0 0 0 0 
0 981 43 0 0 0 0 0 0 79 945 0 0 0 0 0 0 993 31 0 0 0 0 0 
0 979 45 0 0 0 0 0 0 161 863 0 0 0 0 0 0 990 34 0 0 0 0 0 
0 1011 13 0 0 0 0 0 0 219 805 0 0 0 0 0 0 1007 17 0 0 0 0 0 
0 1020 4 0 0 0 0 0 0 271 753 0 0 0 0 0 0 1018 6 0 0 0 0 0 
0 978 43 3 0 0 0 0 0 300 721 3 0 0 0 0 0 966 56 2 0 0 0 0 
0 1018 6 0 0 0 0 0 0 8 1016 0 0 0 0 0 0 1007 17 0 0 0 0 0 
