0 3 1021 0 0 0 0 0 0 3 1021 0 0 0 0 0 0 0 1022 2 0 0 0 0 
0 0 1024 0 0 0 0 0 0 0 1024 0 0 0 0 0 0 0 1021 3 0 0 0 0 
0 0 1024 0 0 0 0 0 0 3 1021 0 0 0 0 0 0 0 947 77 0 0 0 0 
0 5 1019 0 0 0 0 0 0 12 1012 0 0 0 0 0 0 0 561 463 0 0 0 0 
0 0 1022 2 0 0 0 0 0 0 1023 1 0 0 0 0 0 0 572 452 0 0 0 0 
0 0 1016 8 0 0 0 0 0 0 1019 5 0 0 0 0 0 0 158 866 0 0 0 0 
0 0 990 34 0 0 0 0 0 0 1004 20 0 0 0 0 0 0 27 997 0 0 0 0 
0 0 283 63 8 8 8 654 0 0 287 59 8 7 9 654 0 0 57 287 9 7 8 656 
0 0 0 0 0 0 0 1024 0 0 0 0 0 0 0 1024 0 0 0 0 0 0 0 1024 
0 0 0 0 0 0 0 1024 0 0 0 0 0 0 0 1024 0 0 0 0 0 0 0 1024 
0 0 0 0 0 0 0 1024 0 0 0 0 0 0 0 1024 0 0 0 0 0 0 0 1024 
0 0 0 0 0 0 0 1024 0 0 0 0 0 0 0 1024 0 0 0 0 0 0 0 1024 
0 0 0 0 0 0 0 1024 0 0 0 0 0 0 0 1024 0 0 0 0 0 0 0 1024 
0 0 0 0 0 0 0 1024 0 0 0 0 0 0 0 1024 0 0 0 0 0 0 0 1024 
0 0 0 0 0 0 0 1024 0 0 0 0 0 0 0 1024 0 0 0 0 0 0 0 1024 
0 0 0 0 0 0 0 1024 0 0 0 0 0 0 0 1024 0 0 0 0 0 0 0 1024 
0 0 0 0 0 0 0 1024 0 0 0 0 0 0 0 1024 0 0 0 0 0 0 0 1024 
0 0 0 0 0 0 0 1024 0 0 0 0 0 0 0 1024 0 0 0 0 0 0 0 1024 
0 0 0 0 0 0 0 1024 0 0 0 0 0 0 0 1024 0 0 0 0 0 0 0 1024 
0 0 0 0 0 0 0 1024 0 0 0 0 0 0 0 1024 0 0 0 0 0 0 0 1024 
0 0 0 0 0 0 0 1024 0 0 0 0 0 0 0 1024 0 0 0 0 0 0 0 1024 
0 0 0 0 0 0 0 1024 0 0 0 0 0 0 0 1024 0 0 0 0 0 0 18 1006 
0 0 0 0 0 0 0 1024 0 0 0 0 0 0 0 1024 0 0 0 0 0 0 0 1024 
0 0 0 0 0 0 0 1024 0 0 0 0 0 0 0 1024 0 0 0 0 0 0 0 1024 
0 0 0 0 0 0 0 1024 0 0 0 0 0 0 0 1024 0 0 0 0 0 0 0 1024 
19 275 730 0 0 0 0 0 9 250 765 0 0 0 0 0 0 113 853 58 0 0 0 0 
0 0 1024 0 0 0 0 0 0 1 1023 0 0 0 0 0 0 0 892 132 0 0 0 0 
0 0 1024 0 0 0 0 0 0 1 1023 0 0 0 0 0 0 0 706 318 0 0 0 0 
0 0 1024 0 0 0 0 0 0 1 1023 0 0 0 0 0 0 0 556 468 0 0 0 0 
0 0 1024 0 0 0 0 0 0 0 1024 0 0 0 0 0 0 0 447 577 0 0 0 0 
0 0 1024 0 0 0 0 0 0 0 1024 0 0 0 0 0 0 0 379 645 0 0 0 0 
0 0 1003 21 0 0 0 0 0 0 1015 9 0 0 0 0 0 0 109 915 0 0 0 0 
0 1 795 112 5 6 5 100 0 0 822 86 5 5 6 100 0 0 31 873 8 5 7 100 
0 0 24 17 4 2 5 972 0 3 26 12 4 2 5 972 0 0 10 28 5 4 3 974 
0 0 0 0 0 0 0 1024 0 0 0 0 0 0 0 1024 0 0 0 0 0 0 0 1024 
0 0 0 0 0 0 0 1024 0 0 0 0 0 0 0 1024 0 0 0 0 0 0 0 1024 
0 0 0 0 0 0 0 1024 0 0 0 0 0 0 0 1024 0 0 0 0 0 0 0 1024 
0 0 0 0 0 0 0 1024 0 0 0 0 0 0 0 1024 0 0 0 0 0 0 0 1024 
0 0 0 0 0 0 0 1024 0 0 0 0 0 0 0 1024 0 0 0 0 0 0 0 1024 
0 0 0 0 0 0 0 1024 0 0 0 0 0 0 0 1024 0 0 0 0 0 0 0 1024 
0 0 0 0 0 0 0 1024 0 0 0 0 0 0 0 1024 0 0 0 0 0 0 0 1024 
0 0 0 0 0 0 0 1024 0 0 0 0 0 0 0 1024 0 0 0 0 0 0 0 1024 
0 0 0 0 0 0 0 1024 0 0 0 0 0 0 0 1024 0 0 0 0 0 0 0 1024 
0 0 0 0 0 0 0 1024 0 0 0 0 0 0 0 1024 0 0 0 0 0 0 0 1024 
0 0 0 0 0 0 0 1024 0 0 0 0 0 0 0 1024 0 0 0 0 0 0 0 1024 
0 0 0 0 0 0 0 1024 0 0 0 0 0 0 0 1024 0 0 0 0 0 0 0 1024 
0 0 0 0 0 0 0 1024 0 0 0 0 0 0 0 1024 0 0 0 0 0 0 0 1024 
0 0 0 0 0 0 0 1024 0 0 0 0 0 0 0 1024 0 0 0 0 0 0 0 1024 
0 0 0 0 0 0 0 1024 0 0 0 0 0 0 0 1024 0 0 0 0 0 0 0 1024 
0 0 0 0 0 0 0 1024 0 0 0 0 0 0 0 1024 0 0 0 0 0 0 0 1024 
757 255 12 0 0 0 0 0 756 255 13 0 0 0 0 0 101 870 53 0 0 0 0 0 
134 353 537 0 0 0 0 0 100 363 561 0 0 0 0 0 0 296 595 133 0 0 0 0 
0 1 1023 0 0 0 0 0 0 4 1020 0 0 0 0 0 0 0 594 430 0 0 0 0 
0 0 1024 0 0 0 0 0 0 0 1024 0 0 0 0 0 0 0 406 618 0 0 0 0 
0 0 1024 0 0 0 0 0 0 0 1024 0 0 0 0 0 0 0 137 887 0 0 0 0 
0 0 1024 0 0 0 0 0 0 1 1023 0 0 0 0 0 0 0 241 783 0 0 0 0 
0 0 1024 0 0 0 0 0 0 0 1024 0 0 0 0 0 0 0 3 1021 0 0 0 0 
0 0 932 92 0 0 0 0 0 0 961 63 0 0 0 0 0 0 0 1024 0 0 0 0 
0 15 398 65 5 10 4 527 0 16 419 43 5 10 4 527 0 4 54 416 9 8 4 529 
0 0 0 0 0 0 0 1024 0 0 0 0 0 0 0 1024 0 0 0 0 0 0 0 1024 
0 0 0 0 0 0 0 1024 0 0 0 0 0 0 0 1024 0 0 0 0 0 0 0 1024 
0 0 0 0 0 0 0 1024 0 0 0 0 0 0 80 944 0 0 0 0 0 156 224 644 
0 0 0 0 0 0 0 1024 0 0 0 0 0 0 0 1024 0 0 0 0 0 0 92 932 
0 80 216 227 33 18 12 438 0 2 159 238 139 24 20 442 0 0 131 201 199 29 20 444 
0 0 41 45 10 12 7 909 0 0 0 69 24 12 6 913 0 0 0 59 34 6 12 913 
0 0 0 0 0 0 0 1024 0 0 0 0 0 0 0 1024 0 0 0 0 0 0 0 1024 
0 0 0 0 0 0 0 1024 0 0 0 0 0 0 0 1024 0 0 0 0 0 0 0 1024 
0 0 0 0 0 0 0 1024 0 0 0 0 0 0 0 1024 0 0 0 0 0 0 0 1024 
0 0 0 0 0 0 0 1024 0 0 0 0 0 0 0 1024 0 0 0 0 0 0 0 1024 
0 0 0 0 0 0 0 1024 0 0 0 0 0 0 0 1024 0 0 0 0 0 0 0 1024 
0 0 0 0 0 0 0 1024 0 0 0 0 0 0 0 1024 0 0 0 0 0 0 0 1024 
0 0 0 0 0 0 0 1024 0 0 0 0 0 0 0 1024 0 0 0 0 0 0 0 1024 
0 0 0 0 0 0 0 1024 0 0 0 0 0 0 0 1024 0 0 0 0 0 0 0 1024 
0 0 0 0 0 0 0 1024 0 0 0 0 0 0 0 1024 0 0 0 0 0 0 0 1024 
0 0 0 0 0 0 0 1024 0 0 0 0 0 0 0 1024 0 0 0 0 0 0 0 1024 
992 32 0 0 0 0 0 0 992 32 0 0 0 0 0 0 144 880 0 0 0 0 0 0 
928 96 0 0 0 0 0 0 928 96 0 0 0 0 0 0 24 994 6 0 0 0 0 0 
260 294 470 0 0 0 0 0 238 304 482 0 0 0 0 0 0 380 355 289 0 0 0 0 
0 13 1011 0 0 0 0 0 0 7 1014 3 0 0 0 0 0 0 147 877 0 0 0 0 
0 0 1014 10 0 0 0 0 0 0 1009 15 0 0 0 0 0 0 19 1005 0 0 0 0 
0 0 1024 0 0 0 0 0 0 0 1024 0 0 0 0 0 0 0 19 1005 0 0 0 0 
0 0 1023 1 0 0 0 0 0 0 1020 4 0 0 0 0 0 0 26 998 0 0 0 0 
0 0 997 27 0 0 0 0 0 0 1018 6 0 0 0 0 0 0 0 1024 0 0 0 0 
0 4 655 276 3 6 6 74 0 3 724 208 3 6 6 74 0 1 26 907 2 6 5 77 
0 1 21 10 3 3 2 984 0 3 21 8 3 3 3 983 0 0 10 21 3 3 2 985 
0 0 0 0 0 0 0 1024 0 0 0 0 0 0 0 1024 0 0 0 0 0 0 13 1011 
0 0 0 0 0 0 0 1024 0 0 0 0 0 0 0 1024 0 0 0 0 0 0 100 924 
0 0 0 0 0 0 0 1024 0 0 0 0 0 0 0 1024 0 0 0 0 0 0 24 1000 
0 54 352 152 7 8 15 436 0 0 121 413 30 7 15 438 0 0 75 421 67 6 16 439 
0 0 52 53 12 8 8 891 0 0 2 96 15 12 8 891 0 0 0 96 17 11 7 893 
0 0 0 0 0 0 0 1024 0 0 0 0 0 0 0 1024 0 0 0 0 0 0 0 1024 
0 0 0 0 0 0 0 1024 0 0 0 0 0 0 0 1024 0 0 0 0 0 0 0 1024 
0 0 0 0 0 0 0 1024 0 0 0 0 0 0 0 1024 0 0 0 0 0 0 0 1024 
0 0 0 0 0 0 0 1024 0 0 0 0 0 0 0 1024 0 0 0 0 0 0 0 1024 
0 0 0 0 0 0 0 1024 0 0 0 0 0 0 0 1024 0 0 0 0 0 0 0 1024 
0 0 0 0 0 0 0 1024 0 0 0 0 0 0 0 1024 0 0 0 0 0 0 0 1024 
0 0 0 0 0 0 0 1024 0 0 0 0 0 0 0 1024 0 0 0 0 0 0 0 1024 
0 0 0 0 0 0 0 1024 0 0 0 0 0 0 0 1024 0 0 0 0 0 0 0 1024 
0 0 0 0 0 0 0 1024 0 0 0 0 0 0 0 1024 0 0 0 0 0 0 0 1024 
0 0 0 0 0 0 0 1024 0 0 0 0 0 0 0 1024 0 0 0 0 0 0 0 1024 
992 32 0 0 0 0 0 0 992 32 0 0 0 0 0 0 64 960 0 0 0 0 0 0 
1024 0 0 0 0 0 0 0 1024 0 0 0 0 0 0 0 0 1024 0 0 0 0 0 0 
995 29 0 0 0 0 0 0 989 35 0 0 0 0 0 0 0 1020 4 0 0 0 0 0 
362 357 305 0 0 0 0 0 347 346 331 0 0 0 0 0 0 480 339 205 0 0 0 0 
0 42 980 2 0 0 0 0 0 41 977 6 0 0 0 0 0 1 84 939 0 0 0 0 
0 0 928 96 0 0 0 0 0 0 916 108 0 0 0 0 0 0 0 1024 0 0 0 0 
0 0 778 246 0 0 0 0 0 0 791 233 0 0 0 0 0 0 1 1023 0 0 0 0 
0 0 986 38 0 0 0 0 0 0 1003 21 0 0 0 0 0 0 0 1024 0 0 0 0 
0 0 784 240 0 0 0 0 0 0 821 203 0 0 0 0 0 0 0 1024 0 0 0 0 
0 1 149 192 9 5 6 662 0 3 213 126 9 6 5 662 0 1 27 311 10 5 7 663 
0 0 0 0 0 0 0 1024 0 0 0 0 0 0 0 1024 0 0 0 0 0 0 0 1024 
0 0 0 0 0 0 0 1024 0 0 0 0 0 0 0 1024 0 0 0 0 0 0 0 1024 
0 0 0 0 0 0 0 1024 0 0 0 0 0 0 0 1024 0 0 0 0 0 0 0 1024 
0 3 429 203 23 14 9 343 0 0 73 480 98 17 9 347 0 0 29 477 143 18 10 347 
0 0 47 42 9 14 9 903 0 0 14 71 13 12 9 905 0 0 12 70 16 12 9 905 
0 0 0 0 0 0 0 1024 0 0 0 0 0 0 0 1024 0 0 0 0 0 0 0 1024 
0 0 0 0 0 0 0 1024 0 0 0 0 0 0 0 1024 0 0 0 0 0 0 0 1024 
0 0 0 0 0 0 0 1024 0 0 0 0 0 0 0 1024 0 0 0 0 0 0 0 1024 
0 0 0 0 0 0 0 1024 0 0 0 0 0 0 0 1024 0 0 0 0 0 0 0 1024 
0 0 0 0 0 0 0 1024 0 0 0 0 0 0 0 1024 0 0 0 0 0 0 0 1024 
0 0 0 0 0 0 0 1024 0 0 0 0 0 0 0 1024 0 0 0 0 0 0 0 1024 
0 0 0 0 0 0 0 1024 0 0 0 0 0 0 0 1024 0 0 0 0 0 0 0 1024 
0 0 0 0 0 0 0 1024 0 0 0 0 0 0 0 1024 0 0 0 0 0 0 0 1024 
0 0 0 0 0 0 0 1024 0 0 0 0 0 0 0 1024 0 0 0 0 0 0 0 1024 
0 0 0 0 0 0 0 1024 0 0 0 0 0 0 0 1024 0 0 0 0 0 0 0 1024 
995 29 0 0 0 0 0 0 995 29 0 0 0 0 0 0 190 832 2 0 0 0 0 0 
1024 0 0 0 0 0 0 0 1024 0 0 0 0 0 0 0 0 1024 0 0 0 0 0 0 
1024 0 0 0 0 0 0 0 1024 0 0 0 0 0 0 0 0 1024 0 0 0 0 0 0 
1016 8 0 0 0 0 0 0 1015 9 0 0 0 0 0 0 0 1024 0 0 0 0 0 0 
465 294 265 0 0 0 0 0 448 298 278 0 0 0 0 0 0 574 240 210 0 0 0 0 
0 52 714 258 0 0 0 0 0 50 619 355 0 0 0 0 0 5 74 943 2 0 0 0 
0 0 899 125 0 0 0 0 0 0 819 205 0 0 0 0 0 0 0 1024 0 0 0 0 
0 0 1017 7 0 0 0 0 0 0 1014 10 0 0 0 0 0 0 0 1024 0 0 0 0 
0 0 800 224 0 0 0 0 0 0 964 60 0 0 0 0 0 0 0 1024 0 0 0 0 
0 2 205 457 9 5 8 338 0 2 311 353 7 6 7 338 0 0 19 628 25 5 7 340 
0 0 0 0 0 0 0 1024 0 0 0 0 0 0 0 1024 0 0 0 0 0 0 0 1024 
0 0 0 0 0 0 0 1024 0 0 0 0 0 0 0 1024 0 0 0 0 0 0 0 1024 
0 0 0 0 0 0 0 1024 0 0 0 0 0 0 0 1024 0 0 0 0 0 0 0 1024 
0 59 186 469 48 16 8 238 0 47 80 306 326 16 10 239 0 16 96 229 409 23 12 239 
0 1 2 14 6 8 9 984 0 0 3 10 9 8 10 984 0 0 3 10 8 9 10 984 
0 0 0 0 0 0 0 1024 0 0 0 0 0 0 0 1024 0 0 0 0 0 0 0 1024 
0 0 0 0 0 0 0 1024 0 0 0 0 0 0 0 1024 0 0 0 0 0 0 0 1024 
0 0 0 0 0 0 0 1024 0 0 0 0 0 0 0 1024 0 0 0 0 0 0 0 1024 
0 0 0 0 0 0 0 1024 0 0 0 0 0 0 0 1024 0 0 0 0 0 0 0 1024 
0 0 0 0 0 0 0 1024 0 0 0 0 0 0 0 1024 0 0 0 0 0 0 0 1024 
0 0 0 0 0 0 0 1024 0 0 0 0 0 0 0 1024 0 0 0 0 0 0 0 1024 
0 0 0 0 0 0 0 1024 0 0 0 0 0 0 0 1024 0 0 0 0 0 0 0 1024 
0 0 0 0 0 0 0 1024 0 0 0 0 0 0 0 1024 0 0 0 0 0 0 0 1024 
0 0 0 0 0 0 0 1024 0 0 0 0 0 0 0 1024 0 0 0 0 0 0 0 1024 
0 0 0 0 0 0 0 1024 0 0 0 0 0 0 0 1024 0 0 0 0 0 0 0 1024 
1014 10 0 0 0 0 0 0 988 36 0 0 0 0 0 0 71 920 33 0 0 0 0 0 
1024 0 0 0 0 0 0 0 1024 0 0 0 0 0 0 0 189 835 0 0 0 0 0 0 
1024 0 0 0 0 0 0 0 1024 0 0 0 0 0 0 0 0 1024 0 0 0 0 0 0 
1024 0 0 0 0 0 0 0 1024 0 0 0 0 0 0 0 0 1024 0 0 0 0 0 0 
1024 0 0 0 0 0 0 0 1024 0 0 0 0 0 0 0 0 1024 0 0 0 0 0 0 
546 287 170 21 0 0 0 0 500 320 177 27 0 0 0 0 0 687 193 144 0 0 0 0 
0 76 658 290 0 0 0 0 0 75 592 357 0 0 0 0 0 15 100 908 1 0 0 0 
0 0 978 46 0 0 0 0 0 0 939 85 0 0 0 0 0 0 0 1024 0 0 0 0 
0 0 467 557 0 0 0 0 0 0 549 475 0 0 0 0 0 0 0 1018 6 0 0 0 
0 0 49 824 8 7 6 130 0 0 100 775 8 5 7 129 0 0 7 857 18 6 6 130 
0 0 0 0 0 0 0 1024 0 0 0 0 0 0 0 1024 0 0 0 0 0 0 0 1024 
0 0 0 0 0 0 0 1024 0 0 0 0 0 0 0 1024 0 0 0 0 0 0 0 1024 
0 0 0 3 23 14 16 968 0 0 0 0 1 28 13 982 0 0 0 0 0 24 16 984 
0 7 79 580 74 8 14 262 0 0 7 156 567 15 11 268 0 0 7 84 617 36 9 271 
0 0 0 54 13 3 15 939 0 0 0 3 60 5 10 946 0 0 0 8 56 4 11 945 
0 0 0 0 0 0 0 1024 0 0 0 0 0 0 0 1024 0 0 0 0 0 0 0 1024 
0 0 0 0 0 0 0 1024 0 0 0 0 0 0 0 1024 0 0 0 0 0 0 0 1024 
0 0 0 0 0 0 0 1024 0 0 0 0 0 0 0 1024 0 0 0 0 0 0 0 1024 
0 0 0 0 0 0 0 1024 0 0 0 0 0 0 0 1024 0 0 0 0 0 0 0 1024 
0 0 0 0 0 0 0 1024 0 0 0 0 0 0 0 1024 0 0 0 0 0 0 0 1024 
0 0 0 0 0 0 0 1024 0 0 0 0 0 0 0 1024 0 0 0 0 0 0 0 1024 
0 0 0 0 0 0 0 1024 0 0 0 0 0 0 0 1024 0 0 0 0 0 0 0 1024 
0 0 0 0 0 0 0 1024 0 0 0 0 0 0 0 1024 0 0 0 0 0 0 0 1024 
0 0 0 0 0 0 0 1024 0 0 0 0 0 0 0 1024 0 0 0 0 0 0 0 1024 
0 0 0 0 0 0 0 1024 0 0 0 0 0 0 0 1024 0 0 0 0 0 0 0 1024 
995 29 0 0 0 0 0 0 492 532 0 0 0 0 0 0 0 307 717 0 0 0 0 0 
1023 1 0 0 0 0 0 0 920 104 0 0 0 0 0 0 2 844 178 0 0 0 0 0 
1024 0 0 0 0 0 0 0 1024 0 0 0 0 0 0 0 22 985 17 0 0 0 0 0 
1024 0 0 0 0 0 0 0 1024 0 0 0 0 0 0 0 0 1024 0 0 0 0 0 0 
1024 0 0 0 0 0 0 0 1024 0 0 0 0 0 0 0 0 1024 0 0 0 0 0 0 
872 152 0 0 0 0 0 0 976 48 0 0 0 0 0 0 0 1024 0 0 0 0 0 0 
115 745 163 1 0 0 0 0 514 344 161 5 0 0 0 0 0 729 196 99 0 0 0 0 
5 96 638 285 0 0 0 0 6 90 549 379 0 0 0 0 0 27 120 877 0 0 0 0 
0 0 299 725 0 0 0 0 0 0 231 793 0 0 0 0 0 0 0 975 49 0 0 0 
0 0 0 971 25 5 8 15 0 0 34 956 7 7 6 14 0 0 0 924 71 5 8 16 
0 0 0 0 0 0 0 1024 0 0 0 0 0 0 1 1023 0 0 0 0 0 0 0 1024 
0 0 0 0 0 0 0 1024 0 0 0 0 0 0 0 1024 0 0 0 0 0 0 0 1024 
0 6 223 313 104 26 8 344 0 0 90 265 255 58 9 347 0 0 76 224 274 86 15 349 
0 1 63 583 215 11 35 116 0 0 6 163 652 49 33 121 0 0 1 84 644 139 28 128 
0 0 0 48 33 6 14 923 0 0 0 7 69 8 12 928 0 0 0 3 58 21 13 929 
0 0 0 0 0 0 0 1024 0 0 0 0 0 0 0 1024 0 0 0 0 0 0 0 1024 
0 0 0 0 0 0 0 1024 0 0 0 0 0 0 0 1024 0 0 0 0 0 0 0 1024 
0 0 0 0 0 0 0 1024 0 0 0 0 0 0 0 1024 0 0 0 0 0 0 0 1024 
0 0 0 0 0 0 0 1024 0 0 0 0 0 0 0 1024 0 0 0 0 0 0 0 1024 
0 0 0 0 0 0 0 1024 0 0 0 0 0 0 0 1024 0 0 0 0 0 0 0 1024 
0 0 0 0 0 0 0 1024 0 0 0 0 0 0 0 1024 0 0 0 0 0 0 0 1024 
0 0 0 0 0 0 0 1024 0 0 0 0 0 0 0 1024 0 0 0 0 0 0 32 992 
0 0 0 0 0 0 0 1024 0 0 0 0 0 0 0 1024 0 0 0 0 0 0 0 1024 
0 0 0 0 0 0 0 1024 0 0 0 0 0 0 0 1024 0 0 0 0 0 0 0 1024 
0 0 0 0 0 0 0 1024 0 0 0 0 0 0 0 1024 0 0 0 0 0 0 0 1024 
609 75 340 0 0 0 0 0 527 114 381 2 0 0 0 0 4 495 161 364 0 0 0 0 
975 48 1 0 0 0 0 0 530 493 1 0 0 0 0 0 0 390 634 0 0 0 0 0 
1024 0 0 0 0 0 0 0 820 204 0 0 0 0 0 0 1 726 297 0 0 0 0 0 
1023 1 0 0 0 0 0 0 1020 4 0 0 0 0 0 0 49 935 40 0 0 0 0 0 
1024 0 0 0 0 0 0 0 1024 0 0 0 0 0 0 0 4 1020 0 0 0 0 0 0 
736 288 0 0 0 0 0 0 1024 0 0 0 0 0 0 0 0 1024 0 0 0 0 0 0 
328 696 0 0 0 0 0 0 872 152 0 0 0 0 0 0 0 1024 0 0 0 0 0 0 
18 813 182 11 0 0 0 0 36 793 179 16 0 0 0 0 0 694 197 133 0 0 0 0 
0 60 199 765 0 0 0 0 0 59 212 753 0 0 0 0 0 8 80 847 89 0 0 0 
0 0 2 934 61 9 2 16 0 0 9 976 19 4 3 13 0 0 0 786 213 7 3 15 
0 0 0 0 0 0 0 1024 0 0 0 0 0 0 1 1023 0 0 0 0 0 0 0 1024 
0 0 0 0 0 0 0 1024 0 0 0 0 0 0 0 1024 0 0 0 0 0 0 0 1024 
0 4 278 322 34 6 7 373 0 0 80 455 102 7 7 373 0 0 59 442 131 10 8 374 
0 0 105 679 116 14 24 86 0 0 9 291 592 17 28 87 0 0 3 183 674 48 23 93 
0 0 0 54 45 11 18 896 0 0 0 6 84 16 18 900 0 0 0 0 79 24 20 901 
0 0 0 0 0 0 0 1024 0 0 0 0 0 0 0 1024 0 0 0 0 0 0 0 1024 
0 0 0 0 0 0 0 1024 0 0 0 0 0 0 0 1024 0 0 0 0 0 0 0 1024 
0 0 0 0 0 0 0 1024 0 0 0 0 0 0 0 1024 0 0 0 0 0 0 0 1024 
0 0 0 0 0 0 0 1024 0 0 0 0 0 0 0 1024 0 0 0 0 0 0 0 1024 
0 0 0 0 0 0 0 1024 0 0 0 0 0 0 0 1024 0 0 0 0 0 0 0 1024 
0 0 0 0 0 0 0 1024 0 0 0 0 0 0 0 1024 0 0 0 0 0 0 0 1024 
0 0 0 0 0 0 0 1024 0 0 0 0 0 0 0 1024 0 0 0 0 0 0 0 1024 
0 0 0 0 0 0 0 1024 0 0 0 0 0 0 0 1024 0 0 0 0 0 0 0 1024 
0 0 0 0 0 0 0 1024 0 0 0 0 0 0 0 1024 0 0 0 0 0 0 0 1024 
0 0 0 0 0 0 0 1024 0 0 0 0 0 0 0 1024 0 0 0 0 0 0 0 1024 
0 79 945 0 0 0 0 0 0 0 1024 0 0 0 0 0 0 0 0 1024 0 0 0 0 
282 61 681 0 0 0 0 0 274 39 711 0 0 0 0 0 0 270 47 707 0 0 0 0 
905 42 77 0 0 0 0 0 681 247 96 0 0 0 0 0 0 652 281 91 0 0 0 0 
978 46 0 0 0 0 0 0 622 402 0 0 0 0 0 0 0 563 461 0 0 0 0 0 
1021 3 0 0 0 0 0 0 1004 20 0 0 0 0 0 0 18 961 45 0 0 0 0 0 
1008 16 0 0 0 0 0 0 1024 0 0 0 0 0 0 0 0 1024 0 0 0 0 0 0 
162 862 0 0 0 0 0 0 558 466 0 0 0 0 0 0 0 1024 0 0 0 0 0 0 
0 1024 0 0 0 0 0 0 32 992 0 0 0 0 0 0 0 1024 0 0 0 0 0 0 
0 659 204 161 0 0 0 0 0 677 196 151 0 0 0 0 0 512 243 226 43 0 0 0 
0 0 27 890 32 10 8 57 0 0 30 914 5 15 4 56 0 0 8 741 200 12 7 56 
0 0 0 0 0 0 0 1024 0 0 0 0 0 0 0 1024 0 0 0 0 0 0 0 1024 
0 0 0 0 0 0 0 1024 0 0 0 0 0 0 0 1024 0 0 0 0 0 0 0 1024 
0 0 188 369 16 11 9 431 0 0 28 412 133 12 8 431 0 0 7 354 207 15 9 432 
0 0 111 804 62 13 13 21 0 0 4 325 642 14 17 22 0 0 1 208 743 31 14 27 
0 0 4 68 38 10 6 898 0 0 1 19 88 8 9 899 0 0 0 13 82 19 9 901 
0 0 0 0 0 0 0 1024 0 0 0 0 0 0 0 1024 0 0 0 0 0 0 0 1024 
0 0 0 0 0 0 0 1024 0 0 0 0 0 0 0 1024 0 0 0 0 0 0 0 1024 
0 0 0 0 0 0 0 1024 0 0 0 0 0 0 0 1024 0 0 0 0 0 0 0 1024 
0 0 0 0 0 0 0 1024 0 0 0 0 0 0 0 1024 0 0 0 0 0 0 0 1024 
0 0 0 0 0 0 0 1024 0 0 0 0 0 0 0 1024 0 0 0 0 0 0 0 1024 
0 0 0 0 0 0 0 1024 0 0 0 0 0 0 0 1024 0 0 0 0 0 0 0 1024 
0 0 0 0 0 0 0 1024 0 0 0 0 0 0 0 1024 0 0 0 0 0 0 0 1024 
0 0 0 0 0 0 0 1024 0 0 0 0 0 0 0 1024 0 0 0 0 0 0 0 1024 
0 0 0 0 0 0 0 1024 0 0 0 0 0 0 0 1024 0 0 0 0 0 0 0 1024 
0 0 0 0 0 0 0 1024 0 0 0 0 0 0 0 1024 0 0 0 0 0 0 0 1024 
66 671 287 0 0 0 0 0 62 21 941 0 0 0 0 0 35 40 414 535 0 0 0 0 
0 233 791 0 0 0 0 0 0 0 1024 0 0 0 0 0 0 0 138 886 0 0 0 0 
59 20 945 0 0 0 0 0 53 24 947 0 0 0 0 0 0 59 20 945 0 0 0 0 
628 52 344 0 0 0 0 0 442 222 360 0 0 0 0 0 0 444 231 349 0 0 0 0 
903 121 0 0 0 0 0 0 412 612 0 0 0 0 0 0 0 301 723 0 0 0 0 0 
1013 11 0 0 0 0 0 0 913 111 0 0 0 0 0 0 1 834 189 0 0 0 0 0 
357 667 0 0 0 0 0 0 681 343 0 0 0 0 0 0 0 1015 9 0 0 0 0 0 
0 1024 0 0 0 0 0 0 0 1024 0 0 0 0 0 0 0 1024 0 0 0 0 0 0 
0 1024 0 0 0 0 0 0 0 1024 0 0 0 0 0 0 0 1002 22 0 0 0 0 0 
0 315 140 554 9 1 1 4 0 327 136 549 6 2 0 4 0 214 175 442 184 3 2 4 
0 0 0 782 80 6 9 147 0 0 0 766 95 6 9 148 0 0 0 638 213 15 8 150 
0 0 0 640 66 7 9 302 0 0 0 617 87 9 9 302 0 0 0 503 197 10 9 305 
0 2 296 488 56 7 10 165 0 0 34 579 226 8 10 167 0 0 25 515 293 13 10 168 
0 1 193 742 88 0 0 0 0 0 14 464 540 6 0 0 0 0 8 272 671 73 0 0 
0 0 8 78 79 15 13 831 0 0 2 57 105 12 16 832 0 0 0 21 125 27 19 832 
0 0 0 11 47 9 10 947 0 0 0 13 45 9 7 950 0 0 0 7 49 9 9 950 
0 0 0 0 0 0 0 1024 0 0 0 0 0 0 0 1024 0 0 0 0 0 0 0 1024 
0 0 0 0 0 0 0 1024 0 0 0 0 0 0 0 1024 0 0 0 0 0 0 0 1024 
0 0 0 0 0 0 0 1024 0 0 0 0 0 0 0 1024 0 0 0 0 0 0 0 1024 
0 0 0 0 0 0 0 1024 0 0 0 0 0 0 0 1024 0 0 0 0 0 0 0 1024 
0 0 0 0 0 0 0 1024 0 0 0 0 0 0 0 1024 0 0 0 0 0 0 0 1024 
0 0 0 0 0 0 0 1024 0 0 0 0 0 0 0 1024 0 0 0 0 0 0 0 1024 
0 0 0 30 45 9 8 932 0 0 0 29 45 10 6 934 0 0 0 15 57 12 8 932 
0 0 0 234 89 16 9 676 0 0 0 242 81 15 10 676 0 0 0 183 139 14 11 677 
0 0 1 153 69 13 9 779 0 0 1 142 78 11 12 780 0 0 0 89 131 13 11 780 
981 42 1 0 0 0 0 0 967 37 20 0 0 0 0 0 372 628 24 0 0 0 0 0 
646 188 190 0 0 0 0 0 635 40 349 0 0 0 0 0 79 579 308 58 0 0 0 0 
112 573 339 0 0 0 0 0 107 31 886 0 0 0 0 0 7 113 418 486 0 0 0 0 
4 263 757 0 0 0 0 0 0 42 982 0 0 0 0 0 0 4 184 836 0 0 0 0 
283 56 685 0 0 0 0 0 234 92 698 0 0 0 0 0 0 222 113 689 0 0 0 0 
675 258 91 0 0 0 0 0 318 608 97 1 0 0 0 0 0 268 661 95 0 0 0 0 
907 117 0 0 0 0 0 0 611 413 0 0 0 0 0 0 0 492 532 0 0 0 0 0 
309 715 0 0 0 0 0 0 387 637 0 0 0 0 0 0 0 929 95 0 0 0 0 0 
0 1024 0 0 0 0 0 0 0 1024 0 0 0 0 0 0 0 1024 0 0 0 0 0 0 
0 720 114 190 0 0 0 0 0 726 125 173 0 0 0 0 0 595 181 247 1 0 0 0 
0 0 24 1000 0 0 0 0 0 0 112 912 0 0 0 0 0 0 0 1024 0 0 0 0 
0 0 0 1024 0 0 0 0 0 0 36 988 0 0 0 0 0 0 0 1024 0 0 0 0 
0 12 360 649 3 0 0 0 0 0 70 867 87 0 0 0 0 0 36 750 238 0 0 0 
0 1 237 754 32 0 0 0 0 0 13 633 377 1 0 0 0 0 5 338 671 10 0 0 
2 88 132 452 185 14 14 137 2 95 141 361 261 14 12 138 0 79 120 147 472 53 11 142 
0 0 0 966 58 0 0 0 0 0 0 982 42 0 0 0 0 0 0 436 576 12 0 0 
0 0 0 548 220 17 13 226 0 0 0 592 175 18 13 226 0 0 0 90 666 29 9 230 
0 0 0 3 4 3 3 1011 0 0 0 3 4 3 2 1012 0 0 0 3 3 4 2 1012 
0 0 0 1 25 5 5 988 0 0 0 2 25 5 5 987 0 0 0 1 25 5 4 989 
0 0 0 116 133 17 11 747 0 0 0 140 111 15 12 746 0 0 0 74 161 30 10 749 
0 0 0 402 121 14 11 476 0 0 0 420 108 10 10 476 0 0 0 356 141 38 11 478 
0 0 0 697 100 15 13 199 0 0 0 714 83 15 14 198 0 0 0 624 172 15 14 199 
0 0 0 966 46 5 2 5 0 0 0 974 41 2 2 5 0 0 0 938 73 4 3 6 
0 0 67 957 0 0 0 0 0 0 90 934 0 0 0 0 0 0 0 1024 0 0 0 0 
0 0 205 819 0 0 0 0 0 0 204 820 0 0 0 0 0 0 0 1022 2 0 0 0 
992 32 0 0 0 0 0 0 992 32 0 0 0 0 0 0 79 945 0 0 0 0 0 0 
1024 0 0 0 0 0 0 0 1024 0 0 0 0 0 0 0 149 875 0 0 0 0 0 0 
684 327 13 0 0 0 0 0 667 193 164 0 0 0 0 0 17 683 324 0 0 0 0 0 
0 856 168 0 0 0 0 0 0 172 852 0 0 0 0 0 0 0 934 90 0 0 0 0 
0 721 303 0 0 0 0 0 0 0 1024 0 0 0 0 0 0 0 587 437 0 0 0 0 
53 341 630 0 0 0 0 0 41 101 882 0 0 0 0 0 0 49 436 539 0 0 0 0 
398 372 254 0 0 0 0 0 259 418 347 0 0 0 0 0 0 234 551 239 0 0 0 0 
488 536 0 0 0 0 0 0 276 748 0 0 0 0 0 0 0 144 876 4 0 0 0 0 
245 779 0 0 0 0 0 0 173 851 0 0 0 0 0 0 0 740 282 2 0 0 0 0 
0 719 232 73 0 0 0 0 0 721 300 3 0 0 0 0 0 661 87 276 0 0 0 0 
0 0 539 485 0 0 0 0 0 0 773 251 0 0 0 0 0 0 0 1024 0 0 0 0 
0 0 318 706 0 0 0 0 0 0 744 280 0 0 0 0 0 0 0 1024 0 0 0 0 
0 28 475 518 3 0 0 0 0 0 266 597 160 1 0 0 0 0 40 723 258 3 0 0 
0 8 309 686 21 0 0 0 0 0 77 636 310 1 0 0 0 0 14 395 598 17 0 0 
0 16 227 766 15 0 0 0 0 28 372 524 100 0 0 0 0 3 93 755 165 8 0 0 
0 0 11 1005 3 5 0 0 0 0 51 965 2 4 2 0 0 0 1 1011 6 2 4 0 
0 0 293 539 192 0 0 0 0 0 373 544 107 0 0 0 0 0 98 620 302 4 0 0 
0 0 2 681 137 13 8 183 0 0 37 653 132 9 11 182 0 0 1 620 183 26 9 185 
0 0 0 884 92 10 7 31 0 0 0 900 78 8 7 31 0 0 0 840 129 17 6 32 
0 0 0 1024 0 0 0 0 0 0 2 1022 0 0 0 0 0 0 0 1024 0 0 0 0 
0 0 0 1024 0 0 0 0 0 0 32 992 0 0 0 0 0 0 0 1024 0 0 0 0 
0 0 8 1016 0 0 0 0 0 0 55 969 0 0 0 0 0 0 0 1024 0 0 0 0 
0 0 28 996 0 0 0 0 0 0 36 988 0 0 0 0 0 0 0 1024 0 0 0 0 
0 0 559 465 0 0 0 0 0 0 626 398 0 0 0 0 0 0 0 1024 0 0 0 0 
0 0 779 245 0 0 0 0 0 0 779 245 0 0 0 0 0 0 9 1015 0 0 0 0 
866 158 0 0 0 0 0 0 866 158 0 0 0 0 0 0 0 1024 0 0 0 0 0 0 
983 41 0 0 0 0 0 0 976 48 0 0 0 0 0 0 0 1024 0 0 0 0 0 0 
672 352 0 0 0 0 0 0 664 360 0 0 0 0 0 0 9 783 232 0 0 0 0 0 
0 1024 0 0 0 0 0 0 0 933 91 0 0 0 0 0 0 24 1000 0 0 0 0 0 
6 1004 14 0 0 0 0 0 1 448 575 0 0 0 0 0 0 11 1013 0 0 0 0 0 
0 680 344 0 0 0 0 0 0 94 930 0 0 0 0 0 0 0 1024 0 0 0 0 0 
0 743 281 0 0 0 0 0 0 131 893 0 0 0 0 0 0 0 1023 1 0 0 0 0 
412 610 2 0 0 0 0 0 367 565 92 0 0 0 0 0 44 467 508 5 0 0 0 0 
181 714 129 0 0 0 0 0 168 514 317 25 0 0 0 0 0 336 222 314 152 0 0 0 
5 264 747 8 0 0 0 0 6 265 752 1 0 0 0 0 0 244 76 704 0 0 0 0 
0 0 1024 0 0 0 0 0 0 0 1024 0 0 0 0 0 0 0 0 1024 0 0 0 0 
0 0 1023 1 0 0 0 0 0 0 1024 0 0 0 0 0 0 0 0 1024 0 0 0 0 
0 59 739 226 0 0 0 0 0 0 347 548 129 0 0 0 0 0 61 780 183 0 0 0 
0 14 363 641 6 0 0 0 0 1 98 647 278 0 0 0 0 0 23 405 593 3 0 0 
0 1 53 967 3 0 0 0 0 0 103 857 64 0 0 0 0 0 0 859 160 5 0 0 
0 16 397 579 29 3 0 0 0 0 331 565 108 17 3 0 0 0 71 775 137 36 5 0 
0 0 906 110 8 0 0 0 0 0 881 99 42 2 0 0 0 0 704 235 76 9 0 0 
0 0 531 493 0 0 0 0 0 0 865 159 0 0 0 0 0 0 83 941 0 0 0 0 
0 0 116 908 0 0 0 0 0 0 664 360 0 0 0 0 0 0 0 1024 0 0 0 0 
0 0 49 975 0 0 0 0 0 0 472 552 0 0 0 0 0 0 0 1024 0 0 0 0 
0 0 90 934 0 0 0 0 0 0 515 509 0 0 0 0 0 0 0 1024 0 0 0 0 
0 0 592 432 0 0 0 0 0 0 911 113 0 0 0 0 0 0 0 1024 0 0 0 0 
0 0 626 398 0 0 0 0 0 0 694 330 0 0 0 0 0 0 0 1024 0 0 0 0 
0 0 976 48 0 0 0 0 0 0 1002 22 0 0 0 0 0 0 0 1024 0 0 0 0 
0 0 954 70 0 0 0 0 0 0 955 69 0 0 0 0 0 0 0 1024 0 0 0 0 
82 942 0 0 0 0 0 0 125 899 0 0 0 0 0 0 0 1005 19 0 0 0 0 0 
206 818 0 0 0 0 0 0 131 893 0 0 0 0 0 0 0 1024 0 0 0 0 0 0 
785 239 0 0 0 0 0 0 724 300 0 0 0 0 0 0 333 691 0 0 0 0 0 0 
848 176 0 0 0 0 0 0 844 180 0 0 0 0 0 0 819 177 28 0 0 0 0 0 
757 267 0 0 0 0 0 0 751 273 0 0 0 0 0 0 732 79 213 0 0 0 0 0 
672 352 0 0 0 0 0 0 670 354 0 0 0 0 0 0 628 77 319 0 0 0 0 0 
628 396 0 0 0 0 0 0 617 401 6 0 0 0 0 0 567 201 256 0 0 0 0 0 
774 250 0 0 0 0 0 0 772 252 0 0 0 0 0 0 253 629 142 0 0 0 0 0 
212 359 445 8 0 0 0 0 102 327 415 174 6 0 0 0 0 91 450 250 201 32 0 0 
0 0 1024 0 0 0 0 0 0 3 1021 0 0 0 0 0 0 0 582 442 0 0 0 0 
0 0 1024 0 0 0 0 0 0 0 1024 0 0 0 0 0 0 0 615 409 0 0 0 0 
0 0 1024 0 0 0 0 0 0 0 1024 0 0 0 0 0 0 0 856 168 0 0 0 0 
0 87 791 146 0 0 0 0 0 1 509 434 80 0 0 0 0 0 363 518 143 0 0 0 
1 47 421 539 16 0 0 0 0 22 153 642 207 0 0 0 0 6 67 397 542 12 0 0 
0 0 610 414 0 0 0 0 0 0 822 160 42 0 0 0 0 0 0 892 123 9 0 0 
0 44 876 104 0 0 0 0 0 0 574 450 0 0 0 0 0 0 131 890 3 0 0 0 
0 5 1008 11 0 0 0 0 0 24 965 35 0 0 0 0 0 0 962 61 1 0 0 0 
0 0 1021 3 0 0 0 0 0 0 1024 0 0 0 0 0 0 0 659 365 0 0 0 0 
0 0 937 87 0 0 0 0 0 0 1024 0 0 0 0 0 0 0 119 905 0 0 0 0 
0 0 918 106 0 0 0 0 0 0 1020 4 0 0 0 0 0 0 0 1024 0 0 0 0 
0 0 897 127 0 0 0 0 0 0 1024 0 0 0 0 0 0 0 0 1024 0 0 0 0 
0 0 1024 0 0 0 0 0 0 0 1024 0 0 0 0 0 0 0 66 958 0 0 0 0 
0 0 1024 0 0 0 0 0 0 0 1024 0 0 0 0 0 0 0 0 1024 0 0 0 0 
0 0 1016 8 0 0 0 0 0 0 1024 0 0 0 0 0 0 0 2 1022 0 0 0 0 
0 0 972 52 0 0 0 0 0 0 1010 14 0 0 0 0 0 0 8 1016 0 0 0 0 
0 1024 0 0 0 0 0 0 0 1024 0 0 0 0 0 0 0 576 448 0 0 0 0 0 
0 1024 0 0 0 0 0 0 0 1024 0 0 0 0 0 0 0 952 72 0 0 0 0 0 
480 544 0 0 0 0 0 0 513 511 0 0 0 0 0 0 424 600 0 0 0 0 0 0 
1024 0 0 0 0 0 0 0 1024 0 0 0 0 0 0 0 1024 0 0 0 0 0 0 0 
1024 0 0 0 0 0 0 0 1024 0 0 0 0 0 0 0 1008 16 0 0 0 0 0 0 
986 38 0 0 0 0 0 0 1016 8 0 0 0 0 0 0 746 278 0 0 0 0 0 0 
658 366 0 0 0 0 0 0 757 267 0 0 0 0 0 0 407 617 0 0 0 0 0 0 
176 834 14 0 0 0 0 0 190 830 4 0 0 0 0 0 4 424 596 0 0 0 0 0 
136 869 19 0 0 0 0 0 95 581 348 0 0 0 0 0 0 34 224 626 140 0 0 0 
0 32 992 0 0 0 0 0 0 136 888 0 0 0 0 0 0 0 928 96 0 0 0 0 
0 0 1024 0 0 0 0 0 0 48 976 0 0 0 0 0 0 0 1024 0 0 0 0 0 
0 33 991 0 0 0 0 0 0 192 832 0 0 0 0 0 0 0 1024 0 0 0 0 0 
0 201 659 164 0 0 0 0 0 29 530 333 132 0 0 0 0 10 476 328 209 1 0 0 
0 28 460 530 6 0 0 0 0 2 161 635 226 0 0 0 0 0 27 401 591 5 0 0 
0 1 907 116 0 0 0 0 0 0 882 127 15 0 0 0 0 0 152 746 122 4 0 0 
0 105 845 74 0 0 0 0 0 0 451 538 35 0 0 0 0 0 177 782 65 0 0 0 
0 80 944 0 0 0 0 0 0 357 667 0 0 0 0 0 0 0 1024 0 0 0 0 0 
0 0 1024 0 0 0 0 0 0 2 1022 0 0 0 0 0 0 0 1006 18 0 0 0 0 
0 0 1024 0 0 0 0 0 0 0 1024 0 0 0 0 0 0 0 636 388 0 0 0 0 
0 0 1024 0 0 0 0 0 0 0 1024 0 0 0 0 0 0 0 310 714 0 0 0 0 
0 0 1024 0 0 0 0 0 0 0 1024 0 0 0 0 0 0 0 100 924 0 0 0 0 
0 0 1024 0 0 0 0 0 0 0 1024 0 0 0 0 0 0 0 22 1002 0 0 0 0 
0 0 1024 0 0 0 0 0 0 0 1024 0 0 0 0 0 0 0 26 998 0 0 0 0 
0 0 1024 0 0 0 0 0 0 0 1024 0 0 0 0 0 0 0 329 695 0 0 0 0 
0 0 1024 0 0 0 0 0 0 0 1024 0 0 0 0 0 0 0 1 1023 0 0 0 0 
0 1016 8 0 0 0 0 0 0 1006 18 0 0 0 0 0 0 3 1021 0 0 0 0 0 
0 1024 0 0 0 0 0 0 0 1024 0 0 0 0 0 0 0 47 977 0 0 0 0 0 
480 544 0 0 0 0 0 0 480 544 0 0 0 0 0 0 416 296 312 0 0 0 0 0 
1024 0 0 0 0 0 0 0 1024 0 0 0 0 0 0 0 696 328 0 0 0 0 0 0 
1006 18 0 0 0 0 0 0 1024 0 0 0 0 0 0 0 122 902 0 0 0 0 0 0 
253 771 0 0 0 0 0 0 463 561 0 0 0 0 0 0 0 1024 0 0 0 0 0 0 
6 1018 0 0 0 0 0 0 8 1016 0 0 0 0 0 0 0 936 88 0 0 0 0 0 
114 861 49 0 0 0 0 0 133 882 9 0 0 0 0 0 0 171 853 0 0 0 0 0 
175 831 18 0 0 0 0 0 121 590 313 0 0 0 0 0 0 44 310 476 194 0 0 0 
85 607 332 0 0 0 0 0 70 665 289 0 0 0 0 0 3 249 749 23 0 0 0 0 
96 589 339 0 0 0 0 0 48 879 97 0 0 0 0 0 0 259 765 0 0 0 0 0 
13 671 321 17 2 0 0 0 60 781 143 30 10 0 0 0 0 251 712 43 14 4 0 0 
65 555 284 120 0 0 0 0 8 378 338 234 66 0 0 0 0 286 372 243 123 0 0 0 
0 100 647 276 1 0 0 0 0 19 237 634 134 0 0 0 0 0 88 522 412 2 0 0 
0 30 820 170 4 0 0 0 0 8 705 215 96 0 0 0 0 0 642 133 236 13 0 0 
0 116 689 217 2 0 0 0 0 80 254 528 161 1 0 0 0 0 265 469 288 2 0 0 
0 569 455 0 0 0 0 0 0 966 58 0 0 0 0 0 0 58 966 0 0 0 0 0 
0 181 843 0 0 0 0 0 0 483 541 0 0 0 0 0 0 32 992 0 0 0 0 0 
0 2 1022 0 0 0 0 0 0 4 1020 0 0 0 0 0 0 0 1024 0 0 0 0 0 
1 406 617 0 0 0 0 0 94 322 608 0 0 0 0 0 0 325 675 24 0 0 0 0 
37 427 560 0 0 0 0 0 123 377 524 0 0 0 0 0 0 410 539 75 0 0 0 0 
21 306 697 0 0 0 0 0 87 250 687 0 0 0 0 0 0 269 407 348 0 0 0 0 
0 0 1024 0 0 0 0 0 0 0 1024 0 0 0 0 0 0 0 426 598 0 0 0 0 
0 0 1024 0 0 0 0 0 0 0 1024 0 0 0 0 0 0 0 475 549 0 0 0 0 
0 0 1024 0 0 0 0 0 0 0 1023 1 0 0 0 0 0 0 13 1011 0 0 0 0 
0 992 32 0 0 0 0 0 0 988 36 0 0 0 0 0 0 0 1024 0 0 0 0 0 
0 1024 0 0 0 0 0 0 0 1024 0 0 0 0 0 0 0 0 1024 0 0 0 0 0 
512 512 0 0 0 0 0 0 512 512 0 0 0 0 0 0 64 499 461 0 0 0 0 0 
799 225 0 0 0 0 0 0 1024 0 0 0 0 0 0 0 0 1024 0 0 0 0 0 0 
311 713 0 0 0 0 0 0 466 558 0 0 0 0 0 0 0 1024 0 0 0 0 0 0 
0 1024 0 0 0 0 0 0 1 1023 0 0 0 0 0 0 0 1024 0 0 0 0 0 0 
0 1024 0 0 0 0 0 0 0 1024 0 0 0 0 0 0 0 635 389 0 0 0 0 0 
173 851 0 0 0 0 0 0 146 876 2 0 0 0 0 0 0 173 851 0 0 0 0 0 
100 906 18 0 0 0 0 0 57 565 402 0 0 0 0 0 0 0 164 605 255 0 0 0 
0 370 573 81 0 0 0 0 0 143 390 491 0 0 0 0 0 63 454 507 0 0 0 0 
12 405 583 24 0 0 0 0 7 181 466 370 0 0 0 0 0 154 536 334 0 0 0 0 
57 425 517 25 0 0 0 0 37 215 454 318 0 0 0 0 7 227 515 275 0 0 0 0 
86 559 312 67 0 0 0 0 12 428 355 216 13 0 0 0 5 334 426 239 20 0 0 0 
9 270 659 86 0 0 0 0 2 124 406 451 41 0 0 0 0 57 248 572 146 1 0 0 
4 259 493 250 18 0 0 0 1 120 346 376 166 15 0 0 0 28 337 308 323 28 0 0 
0 255 698 68 3 0 0 0 0 282 570 111 59 2 0 0 0 0 817 129 73 5 0 0 
161 783 80 0 0 0 0 0 242 732 50 0 0 0 0 0 8 523 493 0 0 0 0 0 
139 720 165 0 0 0 0 0 197 645 182 0 0 0 0 0 0 402 622 0 0 0 0 0 
0 296 728 0 0 0 0 0 0 470 554 0 0 0 0 0 0 0 1024 0 0 0 0 0 
2 799 223 0 0 0 0 0 6 788 230 0 0 0 0 0 0 715 309 0 0 0 0 0 
10 929 85 0 0 0 0 0 29 885 110 0 0 0 0 0 2 914 108 0 0 0 0 0 
6 634 384 0 0 0 0 0 0 640 384 0 0 0 0 0 0 634 381 9 0 0 0 0 
0 0 1024 0 0 0 0 0 0 0 1024 0 0 0 0 0 0 0 880 144 0 0 0 0 
0 0 1024 0 0 0 0 0 0 0 1024 0 0 0 0 0 0 0 888 136 0 0 0 0 
0 0 1024 0 0 0 0 0 0 0 1015 9 0 0 0 0 0 0 184 840 0 0 0 0 
0 650 374 0 0 0 0 0 0 430 594 0 0 0 0 0 0 0 1008 16 0 0 0 0 
0 886 138 0 0 0 0 0 0 724 300 0 0 0 0 0 0 0 1024 0 0 0 0 0 
524 490 10 0 0 0 0 0 498 503 23 0 0 0 0 0 0 553 471 0 0 0 0 0 
673 351 0 0 0 0 0 0 680 344 0 0 0 0 0 0 0 1024 0 0 0 0 0 0 
64 960 0 0 0 0 0 0 64 960 0 0 0 0 0 0 0 1024 0 0 0 0 0 0 
0 1024 0 0 0 0 0 0 0 1024 0 0 0 0 0 0 0 1024 0 0 0 0 0 0 
0 1024 0 0 0 0 0 0 0 1024 0 0 0 0 0 0 0 576 448 0 0 0 0 0 
168 856 0 0 0 0 0 0 145 871 8 0 0 0 0 0 0 160 864 0 0 0 0 0 
102 890 32 0 0 0 0 0 18 631 375 0 0 0 0 0 0 0 129 544 351 0 0 0 
0 138 433 453 0 0 0 0 0 10 237 769 8 0 0 0 0 19 247 757 1 0 0 0 
0 104 864 56 0 0 0 0 0 5 224 795 0 0 0 0 0 6 278 740 0 0 0 0 
0 120 810 94 0 0 0 0 0 45 222 757 0 0 0 0 0 45 279 700 0 0 0 0 
59 459 385 121 0 0 0 0 23 392 211 398 0 0 0 0 3 352 248 421 0 0 0 0 
41 354 575 54 0 0 0 0 9 207 452 352 4 0 0 0 0 99 271 495 158 1 0 0 
3 129 878 14 0 0 0 0 0 340 567 115 2 0 0 0 0 0 828 107 89 0 0 0 
0 152 872 0 0 0 0 0 0 389 635 0 0 0 0 0 0 0 1024 0 0 0 0 0 
135 753 136 0 0 0 0 0 151 745 128 0 0 0 0 0 0 359 648 17 0 0 0 0 
25 572 418 9 0 0 0 0 14 509 488 13 0 0 0 0 0 376 632 15 1 0 0 0 
43 801 156 24 0 0 0 0 69 808 121 25 1 0 0 0 0 258 734 26 6 0 0 0 
8 791 225 0 0 0 0 0 16 747 261 0 0 0 0 0 0 720 304 0 0 0 0 0 
0 928 96 0 0 0 0 0 40 880 104 0 0 0 0 0 0 920 104 0 0 0 0 0 
0 647 377 0 0 0 0 0 0 653 371 0 0 0 0 0 0 614 409 1 0 0 0 0 
0 0 1024 0 0 0 0 0 0 0 1024 0 0 0 0 0 0 0 1024 0 0 0 0 0 
0 0 1024 0 0 0 0 0 0 1 1023 0 0 0 0 0 0 0 1024 0 0 0 0 0 
0 0 1022 2 0 0 0 0 0 0 1021 3 0 0 0 0 0 0 323 701 0 0 0 0 
0 526 498 0 0 0 0 0 0 376 648 0 0 0 0 0 0 0 1003 21 0 0 0 0 
0 658 366 0 0 0 0 0 0 316 708 0 0 0 0 0 0 0 1024 0 0 0 0 0 
137 728 159 0 0 0 0 0 426 395 203 0 0 0 0 0 30 557 437 0 0 0 0 0 
113 911 0 0 0 0 0 0 128 896 0 0 0 0 0 0 0 1024 0 0 0 0 0 0 
0 1024 0 0 0 0 0 0 0 1024 0 0 0 0 0 0 0 1024 0 0 0 0 0 0 
0 1024 0 0 0 0 0 0 0 1024 0 0 0 0 0 0 0 1024 0 0 0 0 0 0 
0 1024 0 0 0 0 0 0 0 1024 0 0 0 0 0 0 0 512 512 0 0 0 0 0 
153 871 0 0 0 0 0 0 160 864 0 0 0 0 0 0 0 112 912 0 0 0 0 0 
48 886 90 0 0 0 0 0 0 621 371 32 0 0 0 0 0 0 57 600 367 0 0 0 
0 132 533 359 0 0 0 0 0 0 243 776 5 0 0 0 0 0 272 752 0 0 0 0 
0 30 963 31 0 0 0 0 0 0 180 840 4 0 0 0 0 0 248 776 0 0 0 0 
0 128 880 16 0 0 0 0 0 13 331 680 0 0 0 0 0 26 417 581 0 0 0 0 
78 409 448 89 0 0 0 0 65 292 294 373 0 0 0 0 10 293 338 383 0 0 0 0 
97 467 415 45 0 0 0 0 22 383 421 198 0 0 0 0 0 242 359 383 40 0 0 0 
8 420 594 2 0 0 0 0 1 734 267 22 0 0 0 0 0 25 955 34 10 0 0 0 
0 291 733 0 0 0 0 0 0 535 489 0 0 0 0 0 0 0 1024 0 0 0 0 0 
74 814 136 0 0 0 0 0 187 709 128 0 0 0 0 0 0 356 668 0 0 0 0 0 
0 668 356 0 0 0 0 0 0 561 463 0 0 0 0 0 0 463 561 0 0 0 0 0 
0 912 112 0 0 0 0 0 0 944 80 0 0 0 0 0 0 37 987 0 0 0 0 0 
14 793 217 0 0 0 0 0 36 752 236 0 0 0 0 0 0 738 286 0 0 0 0 0 
8 944 72 0 0 0 0 0 48 888 88 0 0 0 0 0 0 936 88 0 0 0 0 0 
0 668 356 0 0 0 0 0 0 654 370 0 0 0 0 0 0 608 416 0 0 0 0 0 
0 0 1024 0 0 0 0 0 0 7 1017 0 0 0 0 0 0 0 1024 0 0 0 0 0 
0 3 1021 0 0 0 0 0 0 1 1023 0 0 0 0 0 0 0 1001 23 0 0 0 0 
0 0 1024 0 0 0 0 0 0 0 1024 0 0 0 0 0 0 0 207 817 0 0 0 0 
0 120 904 0 0 0 0 0 0 145 879 0 0 0 0 0 0 0 1000 24 0 0 0 0 
0 89 935 0 0 0 0 0 0 78 946 0 0 0 0 0 0 0 1024 0 0 0 0 0 
113 617 294 0 0 0 0 0 340 406 278 0 0 0 0 0 59 543 422 0 0 0 0 0 
0 1024 0 0 0 0 0 0 0 1024 0 0 0 0 0 0 0 1024 0 0 0 0 0 0 
0 1024 0 0 0 0 0 0 0 1024 0 0 0 0 0 0 0 1024 0 0 0 0 0 0 
0 1024 0 0 0 0 0 0 0 1024 0 0 0 0 0 0 0 952 72 0 0 0 0 0 
0 1024 0 0 0 0 0 0 0 1024 0 0 0 0 0 0 0 208 816 0 0 0 0 0 
121 903 0 0 0 0 0 0 179 845 0 0 0 0 0 0 0 87 937 0 0 0 0 0 
78 886 60 0 0 0 0 0 48 794 150 32 0 0 0 0 0 0 135 697 192 0 0 0 
0 126 723 175 0 0 0 0 0 0 225 797 2 0 0 0 0 0 250 774 0 0 0 0 
0 23 974 27 0 0 0 0 0 0 179 845 0 0 0 0 0 0 260 764 0 0 0 0 
0 305 716 3 0 0 0 0 0 3 642 379 0 0 0 0 0 7 818 199 0 0 0 0 
81 541 392 10 0 0 0 0 24 230 542 228 0 0 0 0 3 208 630 178 5 0 0 0 
75 501 395 53 0 0 0 0 9 406 390 218 1 0 0 0 0 230 417 322 55 0 0 0 
0 781 243 0 0 0 0 0 0 969 55 0 0 0 0 0 0 18 991 15 0 0 0 0 
0 372 652 0 0 0 0 0 0 927 97 0 0 0 0 0 0 0 1024 0 0 0 0 0 
149 777 98 0 0 0 0 0 195 688 141 0 0 0 0 0 2 391 631 0 0 0 0 0 
0 817 207 0 0 0 0 0 0 565 459 0 0 0 0 0 0 217 807 0 0 0 0 0 
0 928 96 0 0 0 0 0 0 968 56 0 0 0 0 0 0 0 1024 0 0 0 0 0 
0 828 196 0 0 0 0 0 61 746 217 0 0 0 0 0 0 752 272 0 0 0 0 0 
39 921 64 0 0 0 0 0 95 862 67 0 0 0 0 0 13 945 66 0 0 0 0 0 
0 785 239 0 0 0 0 0 0 735 289 0 0 0 0 0 0 603 421 0 0 0 0 0 
0 2 1022 0 0 0 0 0 0 22 1002 0 0 0 0 0 0 0 1024 0 0 0 0 0 
0 0 1024 0 0 0 0 0 0 8 1016 0 0 0 0 0 0 0 1000 24 0 0 0 0 
0 0 1024 0 0 0 0 0 0 0 1024 0 0 0 0 0 0 0 155 869 0 0 0 0 
0 0 1024 0 0 0 0 0 0 7 1017 0 0 0 0 0 0 0 996 28 0 0 0 0 
0 9 1015 0 0 0 0 0 0 210 814 0 0 0 0 0 0 0 1024 0 0 0 0 0 
181 707 136 0 0 0 0 0 369 469 186 0 0 0 0 0 69 542 413 0 0 0 0 0 
46 943 35 0 0 0 0 0 66 934 24 0 0 0 0 0 16 966 38 4 0 0 0 0 
0 1024 0 0 0 0 0 0 0 1024 0 0 0 0 0 0 0 1024 0 0 0 0 0 0 
23 964 6 10 21 0 0 0 49 936 6 8 24 1 0 0 0 959 29 7 13 16 0 0 
7 657 127 17 216 0 0 0 18 752 20 5 224 5 0 0 1 145 637 8 22 211 0 0 
74 549 145 11 245 0 0 0 45 685 38 5 240 11 0 0 0 84 681 4 13 242 0 0 
38 721 53 14 189 9 0 0 1 711 93 16 149 54 0 0 0 8 111 663 38 183 21 0 
10 586 322 29 66 11 0 0 5 623 149 169 14 64 0 0 0 36 724 183 7 73 1 0 
4 747 264 9 0 0 0 0 0 666 213 145 0 0 0 0 0 174 682 168 0 0 0 0 
11 892 114 7 0 0 0 0 2 507 465 50 0 0 0 0 0 394 586 44 0 0 0 0 
36 769 173 46 0 0 0 0 5 483 496 40 0 0 0 0 0 337 599 85 3 0 0 0 
95 493 342 80 14 0 0 0 23 429 396 152 24 0 0 0 0 252 433 274 64 1 0 0 
0 660 364 0 0 0 0 0 0 952 72 0 0 0 0 0 0 0 1024 0 0 0 0 0 
0 916 108 0 0 0 0 0 0 1024 0 0 0 0 0 0 0 0 1024 0 0 0 0 0 
108 845 71 0 0 0 0 0 222 661 141 0 0 0 0 0 2 405 617 0 0 0 0 0 
0 992 32 0 0 0 0 0 0 587 437 0 0 0 0 0 0 226 798 0 0 0 0 0 
0 981 43 0 0 0 0 0 0 993 31 0 0 0 0 0 0 0 1024 0 0 0 0 0 
30 614 368 12 0 0 0 0 31 656 329 8 0 0 0 0 0 176 678 170 0 0 0 0 
24 525 327 86 46 15 1 0 51 521 318 74 44 16 0 0 9 229 534 185 51 15 1 0 
8 671 261 53 26 5 0 0 19 744 182 51 23 5 0 0 3 196 701 77 42 5 0 0 
0 140 884 0 0 0 0 0 0 274 750 0 0 0 0 0 0 0 1024 0 0 0 0 0 
0 197 827 0 0 0 0 0 0 39 985 0 0 0 0 0 0 0 991 33 0 0 0 0 
0 0 1024 0 0 0 0 0 0 0 1024 0 0 0 0 0 0 0 216 808 0 0 0 0 
0 8 1016 0 0 0 0 0 0 120 904 0 0 0 0 0 0 0 1000 24 0 0 0 0 
0 483 541 0 0 0 0 0 0 678 346 0 0 0 0 0 0 0 1024 0 0 0 0 0 
520 449 51 4 0 0 0 0 518 474 26 6 0 0 0 0 343 267 390 20 4 0 0 0 
217 778 29 0 0 0 0 0 387 631 6 0 0 0 0 0 114 794 116 0 0 0 0 0 
24 1000 0 0 0 0 0 0 24 1000 0 0 0 0 0 0 0 1024 0 0 0 0 0 0 
99 910 15 0 0 0 0 0 122 893 9 0 0 0 0 0 38 925 52 9 0 0 0 0 
257 514 131 34 88 0 0 0 634 113 121 62 93 1 0 0 141 565 65 110 53 90 0 0 
119 501 88 124 192 0 0 0 481 138 19 176 182 28 0 0 38 566 18 31 165 206 0 0 
97 360 197 119 247 4 0 0 185 362 104 99 152 122 0 0 39 330 220 78 95 258 4 0 
1 352 328 135 202 6 0 0 13 473 224 92 92 130 0 0 0 149 415 164 82 150 64 0 
7 690 284 43 0 0 0 0 59 750 185 30 0 0 0 0 0 364 507 137 16 0 0 0 
73 776 154 20 1 0 0 0 81 704 212 24 3 0 0 0 1 655 326 37 5 0 0 0 
0 900 120 4 0 0 0 0 104 852 68 0 0 0 0 0 0 682 333 9 0 0 0 0 
42 399 470 109 4 0 0 0 12 322 461 219 10 0 0 0 0 109 441 400 74 0 0 0 
19 540 129 326 10 0 0 0 0 626 38 264 96 0 0 0 0 64 585 76 299 0 0 0 
18 541 55 410 0 0 0 0 1 591 17 312 103 0 0 0 0 57 544 50 373 0 0 0 
55 536 43 390 0 0 0 0 96 486 48 364 30 0 0 0 4 305 315 52 348 0 0 0 
67 733 30 194 0 0 0 0 118 640 65 185 16 0 0 0 4 505 302 45 168 0 0 0 
17 933 35 39 0 0 0 0 2 943 37 42 0 0 0 0 0 152 818 31 23 0 0 0 
0 1024 0 0 0 0 0 0 0 1024 0 0 0 0 0 0 0 20 1004 0 0 0 0 0 
7 275 258 382 101 1 0 0 3 254 183 402 173 9 0 0 1 135 417 229 228 13 1 0 
5 645 136 191 47 0 0 0 2 640 118 193 70 1 0 0 0 139 682 148 51 4 0 0 
2 856 160 5 1 0 0 0 3 906 109 6 0 0 0 0 0 74 930 18 2 0 0 0 
0 482 542 0 0 0 0 0 0 348 676 0 0 0 0 0 0 0 992 32 0 0 0 0 
0 0 1024 0 0 0 0 0 0 0 1024 0 0 0 0 0 0 0 384 640 0 0 0 0 
0 338 686 0 0 0 0 0 0 655 369 0 0 0 0 0 0 0 1016 8 0 0 0 0 
0 718 306 0 0 0 0 0 0 769 255 0 0 0 0 0 0 0 1024 0 0 0 0 0 
491 498 35 0 0 0 0 0 502 463 59 0 0 0 0 0 339 237 446 2 0 0 0 0 
309 592 121 2 0 0 0 0 453 477 94 0 0 0 0 0 232 611 168 13 0 0 0 0 
47 613 364 0 0 0 0 0 55 550 419 0 0 0 0 0 26 291 597 110 0 0 0 0 
89 413 504 18 0 0 0 0 95 430 448 51 0 0 0 0 68 233 341 382 0 0 0 0 
776 248 0 0 0 0 0 0 821 203 0 0 0 0 0 0 644 380 0 0 0 0 0 0 
435 560 24 5 0 0 0 0 543 455 21 5 0 0 0 0 176 729 111 8 0 0 0 0 
106 719 196 3 0 0 0 0 289 624 111 0 0 0 0 0 22 694 296 12 0 0 0 0 
3 874 135 12 0 0 0 0 78 838 108 0 0 0 0 0 0 366 624 34 0 0 0 0 
5 891 117 11 0 0 0 0 60 871 93 0 0 0 0 0 1 576 416 31 0 0 0 0 
43 436 462 79 4 0 0 0 155 536 282 49 2 0 0 0 20 377 536 83 8 0 0 0 
77 656 204 72 12 3 0 0 221 553 175 60 8 7 0 0 20 535 349 101 6 12 1 0 
12 209 256 356 187 4 0 0 6 144 232 300 265 77 0 0 0 63 213 182 341 223 2 0 
10 43 59 647 265 0 0 0 0 28 43 288 576 89 0 0 0 1 43 58 563 357 2 0 
0 4 107 388 525 0 0 0 0 0 44 195 586 199 0 0 0 0 4 105 344 568 3 0 
0 0 0 277 746 1 0 0 0 0 0 21 811 192 0 0 0 0 0 0 298 725 1 0 
0 0 0 325 699 0 0 0 0 0 0 63 805 156 0 0 0 0 0 0 290 734 0 0 
6 8 8 460 542 0 0 0 0 11 7 138 721 147 0 0 0 7 6 8 423 580 0 0 
8 152 21 399 444 0 0 0 4 154 19 169 608 70 0 0 0 133 36 22 446 387 0 0 
81 288 193 177 285 0 0 0 33 295 150 235 214 97 0 0 14 246 144 167 199 254 0 0 
127 520 180 140 54 3 0 0 85 538 149 171 69 12 0 0 33 482 222 171 82 34 0 0 
51 662 23 189 99 0 0 0 39 670 20 108 187 0 0 0 8 291 423 25 249 28 0 0 
0 535 348 36 97 8 0 0 0 570 309 25 99 21 0 0 0 54 717 116 61 76 0 0 
0 71 791 51 110 1 0 0 0 75 773 36 84 56 0 0 0 0 265 605 69 85 0 0 
0 575 449 0 0 0 0 0 0 948 76 0 0 0 0 0 0 0 1020 4 0 0 0 0 
0 744 280 0 0 0 0 0 0 1020 4 0 0 0 0 0 0 0 1024 0 0 0 0 0 
251 569 203 1 0 0 0 0 278 430 312 4 0 0 0 0 172 212 497 143 0 0 0 0 
283 611 121 9 0 0 0 0 358 551 95 20 0 0 0 0 219 613 127 65 0 0 0 0 
22 821 157 24 0 0 0 0 73 787 57 107 0 0 0 0 5 710 170 133 6 0 0 0 
74 722 135 93 0 0 0 0 148 705 38 133 0 0 0 0 21 601 260 96 46 0 0 0 
235 240 281 268 0 0 0 0 267 194 150 411 2 0 0 0 139 277 86 325 197 0 0 0 
216 615 100 81 12 0 0 0 349 474 60 109 32 0 0 0 94 713 54 72 85 6 0 0 
176 607 240 1 0 0 0 0 271 625 128 0 0 0 0 0 7 647 366 4 0 0 0 0 
47 910 67 0 0 0 0 0 104 878 42 0 0 0 0 0 13 575 434 2 0 0 0 0 
41 897 86 0 0 0 0 0 237 736 51 0 0 0 0 0 37 639 339 9 0 0 0 0 
25 382 309 17 206 85 0 0 19 450 249 12 45 246 3 0 3 176 520 24 13 251 37 0 
10 408 202 39 304 61 0 0 6 410 206 34 71 295 2 0 0 132 469 40 31 295 57 0 
0 0 0 2 971 51 0 0 0 0 0 0 116 908 0 0 0 0 0 0 2 757 265 0 
0 0 1 1 914 108 0 0 0 0 0 2 84 938 0 0 0 0 0 1 1 762 260 0 
0 0 0 5 920 99 0 0 0 0 0 0 121 903 0 0 0 0 0 0 5 627 392 0 
0 0 0 1 906 117 0 0 0 0 0 0 30 994 0 0 0 0 0 0 1 648 375 0 
0 0 0 0 579 445 0 0 0 0 0 0 74 950 0 0 0 0 0 0 0 525 499 0 
0 0 0 4 610 410 0 0 0 0 0 2 113 909 0 0 0 0 0 0 4 465 555 0 
0 0 0 0 811 213 0 0 0 0 0 0 249 770 5 0 0 0 0 0 0 868 156 0 
0 0 0 0 868 156 0 0 0 0 0 0 233 784 7 0 0 0 0 0 0 866 158 0 
0 0 0 0 819 205 0 0 0 0 0 0 378 642 4 0 0 0 0 0 53 819 152 0 
0 0 0 28 921 75 0 0 0 0 0 0 420 604 0 0 0 0 0 0 95 864 65 0 
0 0 0 6 875 143 0 0 0 0 0 0 300 724 0 0 0 0 0 0 20 902 102 0 
0 0 0 0 763 261 0 0 0 0 0 0 211 813 0 0 0 0 0 0 0 945 79 0 
1 547 476 0 0 0 0 0 2 467 492 63 0 0 0 0 0 83 817 124 0 0 0 0 
2 409 525 88 0 0 0 0 3 384 353 284 0 0 0 0 0 73 450 469 32 0 0 0 
57 199 669 99 0 0 0 0 52 167 478 327 0 0 0 0 9 193 69 653 100 0 0 0 
10 171 714 129 0 0 0 0 12 213 332 467 0 0 0 0 0 123 133 716 52 0 0 0 
32 19 321 652 0 0 0 0 32 2 85 905 0 0 0 0 32 0 27 532 433 0 0 0 
84 251 118 570 1 0 0 0 143 198 20 647 16 0 0 0 16 280 58 165 505 0 0 0 
117 176 78 581 72 0 0 0 139 160 57 366 302 0 0 0 56 196 67 107 583 15 0 0 
199 658 29 90 46 2 0 0 320 538 25 56 84 1 0 0 62 773 43 30 95 21 0 0 
112 427 232 37 192 24 0 0 170 402 202 31 149 70 0 0 23 465 265 46 34 190 1 0 
83 289 195 49 338 70 0 0 93 285 194 41 183 227 1 0 41 237 246 70 36 381 13 0 
36 384 226 50 175 153 0 0 68 387 215 26 39 289 0 0 9 305 298 76 20 276 40 0 
14 7 140 34 513 316 0 0 11 16 132 34 41 790 0 0 2 13 135 16 33 723 102 0 
9 148 186 28 380 273 0 0 21 179 140 29 56 588 11 0 0 96 223 37 30 472 166 0 
0 0 0 0 378 646 0 0 0 0 0 0 6 1018 0 0 0 0 0 0 0 320 704 0 
0 0 0 2 263 759 0 0 0 0 0 1 17 1004 2 0 0 0 0 0 3 248 773 0 
0 0 0 0 402 622 0 0 0 0 0 0 2 1015 7 0 0 0 0 0 0 334 690 0 
0 0 0 0 320 704 0 0 0 0 0 0 0 1024 0 0 0 0 0 0 0 156 868 0 
0 0 0 0 244 780 0 0 0 0 0 0 3 1007 14 0 0 0 0 0 0 406 618 0 
1 74 260 253 319 115 2 0 0 43 237 211 191 328 14 0 0 34 211 184 159 222 212 2 
0 152 411 293 103 65 0 0 0 115 368 296 167 72 6 0 0 88 376 268 142 87 63 0 
23 163 500 293 32 13 0 0 6 146 373 370 109 20 0 0 2 141 415 234 187 30 15 0 
19 195 491 265 54 0 0 0 2 187 390 329 107 9 0 0 0 182 391 269 145 37 0 0 
14 226 429 311 44 0 0 0 0 187 385 346 80 26 0 0 0 167 411 251 142 52 1 0 
0 267 416 279 59 3 0 0 0 189 407 336 53 39 0 0 0 182 415 163 197 62 5 0 
16 279 333 304 86 6 0 0 1 220 371 319 51 62 0 0 0 239 339 151 199 47 49 0 
0 0 804 220 0 0 0 0 0 0 329 688 7 0 0 0 0 0 0 1006 18 0 0 0 
0 8 930 86 0 0 0 0 0 1 373 650 0 0 0 0 0 0 18 996 10 0 0 0 
42 261 672 49 0 0 0 0 57 233 416 318 0 0 0 0 1 269 82 669 3 0 0 0 
39 341 432 212 0 0 0 0 27 356 240 401 0 0 0 0 0 289 184 446 105 0 0 0 
55 216 432 321 0 0 0 0 49 188 347 435 5 0 0 0 17 163 184 520 140 0 0 0 
93 397 232 298 4 0 0 0 171 314 198 328 13 0 0 0 23 421 88 284 208 0 0 0 
190 214 221 378 21 0 0 0 221 181 124 432 66 0 0 0 47 315 111 266 285 0 0 0 
158 454 91 275 46 0 0 0 149 463 66 265 81 0 0 0 57 514 85 169 196 3 0 0 
84 270 219 71 379 1 0 0 84 294 193 33 416 4 0 0 31 284 239 39 212 219 0 0 
104 231 62 41 535 50 1 0 88 249 60 33 463 130 1 0 44 261 78 38 107 493 3 0 
48 310 148 59 323 136 0 0 55 342 111 53 183 279 1 0 31 237 217 58 61 408 12 0 
10 50 180 45 501 236 2 0 5 54 187 33 165 578 2 0 0 31 182 50 64 643 54 0 
22 172 202 42 219 364 3 0 11 239 147 36 42 539 10 0 0 116 252 51 36 356 213 0 
0 5 19 14 431 555 0 0 0 2 19 14 19 964 6 0 0 0 16 11 12 370 615 0 
0 0 0 0 60 964 0 0 0 0 0 0 0 1014 10 0 0 0 0 0 0 240 784 0 
0 0 0 0 24 1000 0 0 0 0 0 0 1 997 26 0 0 0 0 0 0 63 961 0 
0 0 0 0 3 1021 0 0 0 0 0 0 0 1017 7 0 0 0 0 0 0 101 923 0 
0 0 0 0 29 995 0 0 0 0 0 0 0 1001 23 0 0 0 0 0 0 77 947 0 
1 20 41 16 37 904 5 0 0 12 24 37 8 874 69 0 0 17 22 33 8 69 875 0 
0 8 233 84 20 675 4 0 0 2 114 207 9 638 54 0 0 2 164 155 10 60 632 1 
0 0 397 193 35 397 2 0 0 0 169 416 15 390 34 0 0 0 367 217 14 39 387 0 
0 26 696 186 13 103 0 0 0 2 352 553 6 93 18 0 0 22 677 207 7 34 77 0 
0 191 791 42 0 0 0 0 0 117 699 208 0 0 0 0 0 239 712 73 0 0 0 0 
0 415 606 3 0 0 0 0 0 288 725 11 0 0 0 0 0 721 297 6 0 0 0 0 
0 357 667 0 0 0 0 0 0 302 722 0 0 0 0 0 0 821 202 1 0 0 0 0 
0 0 302 722 0 0 0 0 0 0 57 956 11 0 0 0 0 0 11 953 60 0 0 0 
0 45 688 291 0 0 0 0 0 13 376 632 3 0 0 0 0 1 130 854 39 0 0 0 
58 386 570 10 0 0 0 0 61 271 504 188 0 0 0 0 2 291 317 414 0 0 0 0 
1 188 821 14 0 0 0 0 1 162 802 59 0 0 0 0 0 133 201 690 0 0 0 0 
31 57 902 34 0 0 0 0 20 32 854 118 0 0 0 0 8 34 196 777 9 0 0 0 
28 357 634 5 0 0 0 0 32 264 661 67 0 0 0 0 10 238 298 478 0 0 0 0 
112 362 461 89 0 0 0 0 108 373 356 187 0 0 0 0 46 353 245 379 1 0 0 0 
25 258 411 330 0 0 0 0 25 250 197 552 0 0 0 0 2 251 136 579 56 0 0 0 
35 215 398 330 46 0 0 0 36 235 287 416 50 0 0 0 6 186 303 371 157 1 0 0 
68 335 185 350 86 0 0 0 61 358 134 293 177 1 0 0 5 318 202 172 313 14 0 0 
35 279 120 141 443 6 0 0 29 311 95 61 505 23 0 0 7 187 218 60 312 240 0 0 
0 9 127 13 875 0 0 0 0 17 119 5 669 214 0 0 0 2 120 17 81 804 0 0 
6 71 45 26 654 221 1 0 5 81 37 17 138 745 1 0 0 39 80 8 38 811 48 0 
1 7 51 12 49 904 0 0 0 15 44 13 9 942 1 0 0 2 47 18 8 164 785 0 
0 1 3 2 28 981 9 0 0 0 3 2 13 956 50 0 0 0 1 3 6 63 951 0 
0 0 0 0 6 1018 0 0 0 0 0 0 2 970 52 0 0 0 0 0 0 23 1001 0 
0 0 0 0 52 972 0 0 0 0 0 0 2 1003 19 0 0 0 0 0 0 110 914 0 
0 0 0 0 37 987 0 0 0 0 0 0 0 1014 10 0 0 0 0 0 0 261 763 0 
0 0 0 0 15 1009 0 0 0 0 0 0 0 1022 2 0 0 0 0 0 0 75 949 0 
0 0 0 0 117 907 0 0 0 0 0 0 0 1024 0 0 0 0 0 0 0 212 812 0 
0 0 0 0 246 778 0 0 0 0 0 0 3 1005 16 0 0 0 0 0 0 260 764 0 
0 3 3 2 9 1005 2 0 0 0 5 2 2 981 34 0 0 0 5 2 2 233 782 0 
0 1 241 30 45 699 8 0 0 0 214 54 13 709 34 0 0 2 250 17 11 104 640 0 
0 27 673 33 32 256 3 0 0 12 667 47 22 247 29 0 0 32 679 16 21 68 208 0 
0 11 964 31 3 10 5 0 0 2 973 29 4 7 9 0 0 516 484 6 3 9 6 0 
0 0 559 465 0 0 0 0 0 0 114 910 0 0 0 0 0 0 20 750 254 0 0 0 
0 0 696 328 0 0 0 0 0 0 64 960 0 0 0 0 0 0 0 633 391 0 0 0 
16 103 361 544 0 0 0 0 9 102 97 816 0 0 0 0 1 101 31 521 370 0 0 0 
0 36 202 662 124 0 0 0 0 31 117 629 247 0 0 0 0 26 29 423 546 0 0 0 
0 0 34 738 252 0 0 0 0 0 9 344 671 0 0 0 0 0 0 68 955 1 0 0 
16 104 209 492 203 0 0 0 7 130 133 437 315 2 0 0 1 91 158 281 490 3 0 0 
11 78 133 762 40 0 0 0 6 86 117 613 202 0 0 0 4 68 108 124 719 1 0 0 
15 97 87 825 0 0 0 0 6 99 54 680 185 0 0 0 0 92 36 201 695 0 0 0 
0 67 186 611 160 0 0 0 0 114 128 410 372 0 0 0 0 56 168 173 611 16 0 0 
12 48 30 309 625 0 0 0 9 54 20 160 764 17 0 0 3 38 35 42 466 440 0 0 
2 72 47 16 821 66 0 0 2 100 18 10 393 501 0 0 0 54 62 11 70 827 0 0 
0 0 109 27 481 407 0 0 0 5 116 11 71 821 0 0 0 0 97 34 7 867 19 0 
0 0 0 0 99 925 0 0 0 0 0 0 4 1018 2 0 0 0 0 0 0 580 444 0 
0 0 0 0 184 840 0 0 0 0 0 0 5 1019 0 0 0 0 0 0 0 235 789 0 
0 0 0 3 267 754 0 0 0 0 0 0 48 970 6 0 0 0 0 0 6 302 716 0 
0 0 0 0 104 920 0 0 0 0 0 0 6 1017 1 0 0 0 0 0 0 63 961 0 
0 0 0 1 120 903 0 0 0 0 0 0 7 1011 6 0 0 0 0 0 0 126 898 0 
0 0 0 0 69 955 0 0 0 0 0 0 9 1013 2 0 0 0 0 0 0 183 841 0 
0 0 0 0 123 901 0 0 0 0 0 0 7 1017 0 0 0 0 0 0 0 221 803 0 
0 0 0 0 128 896 0 0 0 0 0 0 0 1015 9 0 0 0 0 0 0 93 931 0 
0 0 0 0 120 904 0 0 0 0 0 0 0 1024 0 0 0 0 0 0 0 118 906 0 
0 0 0 0 249 775 0 0 0 0 0 0 0 1023 1 0 0 0 0 0 0 288 736 0 
0 0 0 0 47 977 0 0 0 0 0 0 0 1003 21 0 0 0 0 0 0 460 564 0 
0 0 0 0 72 952 0 0 0 0 0 0 4 826 194 0 0 0 0 0 0 260 764 0 
0 0 40 9 35 930 10 0 0 0 40 9 12 904 59 0 0 18 26 10 7 335 628 0 
3 98 467 387 69 0 0 0 1 186 243 474 120 0 0 0 1 95 314 323 290 1 0 0 
0 0 23 876 125 0 0 0 0 0 2 531 491 0 0 0 0 0 0 159 857 8 0 0 
0 0 15 826 183 0 0 0 0 0 0 397 627 0 0 0 0 0 0 133 821 70 0 0 
0 6 29 493 496 0 0 0 0 6 28 264 726 0 0 0 0 4 19 161 729 111 0 0 
10 47 47 280 640 0 0 0 8 46 54 115 798 3 0 0 0 35 49 102 570 268 0 0 
18 66 147 323 469 1 0 0 15 85 154 79 689 2 0 0 0 70 152 78 265 459 0 0 
1 14 99 314 595 1 0 0 1 17 95 118 781 12 0 0 0 4 79 108 328 502 3 0 
0 0 2 326 642 54 0 0 0 0 1 59 750 214 0 0 0 0 1 15 595 413 0 0 
3 47 87 206 632 49 0 0 3 57 78 79 665 142 0 0 0 33 94 29 310 558 0 0 
0 0 0 5 1002 17 0 0 0 0 0 4 696 324 0 0 0 0 0 0 87 937 0 0 
7 17 6 11 634 349 0 0 1 22 7 9 223 762 0 0 0 12 18 4 16 900 74 0 
0 6 20 8 296 694 0 0 0 6 21 6 16 975 0 0 0 1 22 7 8 735 251 0 
0 0 0 0 37 987 0 0 0 0 0 0 0 1023 1 0 0 0 0 0 0 422 602 0 
0 0 0 0 207 817 0 0 0 0 0 0 7 1006 11 0 0 0 0 0 0 344 680 0 
0 0 0 0 297 727 0 0 0 0 0 0 0 1016 8 0 0 0 0 0 0 443 581 0 
0 0 0 7 199 815 3 0 0 0 0 5 34 960 25 0 0 0 0 1 15 371 637 0 
0 0 0 0 243 781 0 0 0 0 0 0 0 1021 3 0 0 0 0 0 0 95 929 0 
0 0 0 0 87 937 0 0 0 0 0 0 4 1020 0 0 0 0 0 0 0 107 917 0 
0 0 0 0 10 1014 0 0 0 0 0 0 4 986 34 0 0 0 0 0 0 157 867 0 
0 0 0 0 27 995 2 0 0 0 0 0 2 825 197 0 0 0 0 0 0 391 633 0 
0 9 10 5 46 953 1 0 0 15 4 6 7 938 54 0 0 2 16 2 9 358 637 0 
0 7 96 81 51 789 0 0 0 13 97 75 22 792 25 0 0 5 82 91 17 408 421 0 
0 0 0 0 0 1024 0 0 0 0 0 0 0 955 69 0 0 0 0 0 0 77 947 0 
0 0 0 0 0 1024 0 0 0 0 0 0 0 1004 20 0 0 0 0 0 0 12 1012 0 
0 0 0 0 2 1022 0 0 0 0 0 0 0 1016 8 0 0 0 0 0 0 151 873 0 
33 224 277 383 105 2 0 0 15 271 225 205 305 3 0 0 2 223 237 133 383 46 0 0 
3 10 52 871 88 0 0 0 2 7 32 233 750 0 0 0 0 6 10 52 673 283 0 0 
0 0 0 924 100 0 0 0 0 0 0 38 986 0 0 0 0 0 0 0 475 549 0 0 
0 0 0 951 73 0 0 0 0 0 0 128 896 0 0 0 0 0 0 0 442 582 0 0 
0 0 0 984 40 0 0 0 0 0 0 211 813 0 0 0 0 0 0 0 580 444 0 0 
0 0 0 1024 0 0 0 0 0 0 0 221 803 0 0 0 0 0 0 0 644 380 0 0 
0 0 4 990 30 0 0 0 0 0 0 62 962 0 0 0 0 0 0 0 595 429 0 0 
0 2 26 91 316 589 0 0 0 0 8 47 89 880 0 0 0 0 0 13 75 933 3 0 
0 0 0 0 139 885 0 0 0 0 0 0 2 1022 0 0 0 0 0 0 0 1024 0 0 
0 3 2 7 255 756 1 0 0 1 3 8 70 941 0 1 0 0 3 7 5 996 12 1 
0 0 0 0 199 825 0 0 0 0 0 0 22 1002 0 0 0 0 0 0 4 935 85 0 
0 0 0 0 65 959 0 0 0 0 0 0 5 1018 1 0 0 0 0 0 2 690 332 0 
0 0 0 1 142 881 0 0 0 0 0 0 29 994 1 0 0 0 0 0 14 667 343 0 
0 0 0 0 84 940 0 0 0 0 0 0 0 1024 0 0 0 0 0 0 0 476 548 0 
0 0 0 0 36 988 0 0 0 0 0 0 10 1014 0 0 0 0 0 0 1 284 739 0 
0 0 4 11 44 965 0 0 0 0 2 9 24 970 19 0 0 0 0 6 15 180 823 0 
0 0 0 0 96 928 0 0 0 0 0 0 0 1020 4 0 0 0 0 0 0 462 562 0 
0 0 0 0 99 925 0 0 0 0 0 0 12 1012 0 0 0 0 0 0 5 464 555 0 
0 0 0 0 10 1014 0 0 0 0 0 0 0 1024 0 0 0 0 0 0 0 281 743 0 
0 0 0 0 5 1019 0 0 0 0 0 0 0 1024 0 0 0 0 0 0 0 272 752 0 
0 30 15 163 71 740 5 0 2 32 7 126 102 744 11 0 0 14 22 8 170 245 565 0 
3 144 170 372 181 154 0 0 1 208 96 180 364 172 3 0 0 86 209 31 248 349 101 0 
0 0 0 2 133 889 0 0 0 0 0 0 102 919 3 0 0 0 0 0 0 675 349 0 
0 0 0 0 23 991 10 0 0 0 0 0 0 1019 5 0 0 0 0 0 0 852 172 0 
0 0 0 0 9 1015 0 0 0 0 0 0 1 1017 6 0 0 0 0 0 1 822 201 0 
55 184 369 285 131 0 0 0 31 157 197 357 282 0 0 0 1 128 117 262 482 34 0 0 
0 0 45 979 0 0 0 0 0 0 0 935 89 0 0 0 0 0 0 0 1024 0 0 0 
0 0 0 1024 0 0 0 0 0 0 0 977 47 0 0 0 0 0 0 0 1024 0 0 0 
0 0 3 1021 0 0 0 0 0 0 0 1017 7 0 0 0 0 0 0 0 1024 0 0 0 
0 0 3 1021 0 0 0 0 0 0 0 1022 2 0 0 0 0 0 0 0 1024 0 0 0 
0 0 11 1013 0 0 0 0 0 0 0 1016 8 0 0 0 0 0 0 0 1024 0 0 0 
0 0 0 1024 0 0 0 0 0 0 0 593 431 0 0 0 0 0 0 0 1024 0 0 0 
0 0 0 244 124 656 0 0 0 0 0 41 241 742 0 0 0 0 0 0 239 777 8 0 
0 0 0 0 105 919 0 0 0 0 0 0 6 1018 0 0 0 0 0 0 0 1020 4 0 
0 0 0 0 22 1002 0 0 0 0 0 0 0 1024 0 0 0 0 0 0 0 1003 21 0 
0 0 0 0 0 1024 0 0 0 0 0 0 0 1024 0 0 0 0 0 0 0 913 111 0 
0 0 0 0 1 1023 0 0 0 0 0 0 0 1023 1 0 0 0 0 0 0 562 462 0 
0 0 0 0 40 984 0 0 0 0 0 0 5 1017 2 0 0 0 0 0 0 500 524 0 
0 0 0 0 83 940 1 0 0 0 0 0 17 1006 1 0 0 0 0 0 6 798 220 0 
0 0 0 0 222 802 0 0 0 0 0 0 21 1001 2 0 0 0 0 0 8 756 260 0 
0 0 0 0 22 1002 0 0 0 0 0 0 5 1018 1 0 0 0 0 0 0 557 467 0 
0 0 0 0 153 871 0 0 0 0 0 0 10 1014 0 0 0 0 0 0 0 699 325 0 
0 0 0 0 259 765 0 0 0 0 0 0 76 948 0 0 0 0 0 0 4 813 207 0 
0 0 0 0 566 458 0 0 0 0 0 0 241 783 0 0 0 0 0 0 0 961 63 0 
0 0 10 10 685 319 0 0 0 0 5 12 283 724 0 0 0 0 0 10 14 941 59 0 
0 0 803 84 70 67 0 0 0 0 315 565 42 102 0 0 0 0 0 621 276 115 12 0 
0 0 789 235 0 0 0 0 0 0 286 709 29 0 0 0 0 0 0 538 486 0 0 0 
0 0 386 431 162 45 0 0 0 0 141 432 390 61 0 0 0 0 0 256 461 305 2 0 
0 0 18 361 227 418 0 0 0 0 0 192 355 476 1 0 0 0 0 3 309 700 12 0 
0 0 0 97 286 641 0 0 0 0 0 10 246 768 0 0 0 0 0 0 40 984 0 0 
84 106 377 100 357 0 0 0 43 91 297 172 418 3 0 0 4 98 87 381 334 120 0 0 
0 0 204 820 0 0 0 0 0 0 0 1024 0 0 0 0 0 0 0 42 982 0 0 0 
0 0 734 290 0 0 0 0 0 0 71 953 0 0 0 0 0 0 0 171 853 0 0 0 
0 0 896 128 0 0 0 0 0 0 134 890 0 0 0 0 0 0 0 219 805 0 0 0 
0 66 768 190 0 0 0 0 0 0 277 747 0 0 0 0 0 0 0 378 646 0 0 0 
0 179 696 149 0 0 0 0 0 35 372 617 0 0 0 0 0 0 61 430 533 0 0 0 
0 14 557 453 0 0 0 0 0 0 150 874 0 0 0 0 0 0 0 215 809 0 0 0 
1 16 171 325 336 175 0 0 1 14 60 417 150 382 0 0 0 9 35 95 397 484 4 0 
0 0 0 0 331 693 0 0 0 0 0 0 107 917 0 0 0 0 0 0 25 997 2 0 
0 0 0 1 93 930 0 0 0 0 0 0 34 990 0 0 0 0 0 0 8 999 17 0 
0 0 0 4 61 959 0 0 0 0 0 1 33 990 0 0 0 0 0 0 22 915 87 0 
0 0 0 7 237 780 0 0 0 0 0 4 129 891 0 0 0 0 0 1 43 876 104 0 
0 0 0 1 282 741 0 0 0 0 0 0 55 969 0 0 0 0 0 0 25 931 68 0 
0 0 0 0 203 821 0 0 0 0 0 0 4 1020 0 0 0 0 0 0 0 937 87 0 
0 0 0 0 210 814 0 0 0 0 0 0 0 1024 0 0 0 0 0 0 0 876 148 0 
0 0 0 0 77 947 0 0 0 0 0 0 16 1008 0 0 0 0 0 0 0 593 431 0 
0 0 0 0 136 888 0 0 0 0 0 0 3 1021 0 0 0 0 0 0 0 692 332 0 
0 0 0 11 357 656 0 0 0 0 0 0 212 812 0 0 0 0 0 0 29 823 172 0 
0 0 0 0 799 225 0 0 0 0 0 0 505 519 0 0 0 0 0 0 16 995 13 0 
0 0 263 34 654 73 0 0 0 0 251 41 548 184 0 0 0 0 0 276 74 673 1 0 
0 9 1015 0 0 0 0 0 0 0 992 32 0 0 0 0 0 0 0 1024 0 0 0 0 
0 0 1024 0 0 0 0 0 0 0 1024 0 0 0 0 0 0 0 0 1024 0 0 0 0 
0 0 1024 0 0 0 0 0 0 0 1020 4 0 0 0 0 0 0 0 1024 0 0 0 0 
0 0 912 112 0 0 0 0 0 0 695 329 0 0 0 0 0 0 0 836 188 0 0 0 
0 0 622 392 10 0 0 0 0 0 237 658 129 0 0 0 0 0 0 536 450 38 0 0 
20 58 102 682 162 0 0 0 17 31 103 705 166 2 0 0 2 18 62 769 85 88 0 0 
0 0 896 128 0 0 0 0 0 0 4 1020 0 0 0 0 0 0 0 99 925 0 0 0 
0 148 876 0 0 0 0 0 0 10 959 55 0 0 0 0 0 0 21 989 14 0 0 0 
0 903 121 0 0 0 0 0 0 61 963 0 0 0 0 0 0 0 108 916 0 0 0 0 
17 988 19 0 0 0 0 0 0 902 122 0 0 0 0 0 0 0 918 106 0 0 0 0 
29 891 94 10 0 0 0 0 0 180 785 59 0 0 0 0 0 1 214 766 43 0 0 0 
0 96 888 40 0 0 0 0 0 52 754 218 0 0 0 0 0 0 63 792 169 0 0 0 
21 113 846 34 4 6 0 0 20 110 787 97 4 6 0 0 7 78 775 114 42 6 2 0 
0 0 17 91 825 91 0 0 0 0 31 81 788 124 0 0 0 0 27 73 706 218 0 0 
0 0 0 0 994 30 0 0 0 0 0 0 29 995 0 0 0 0 0 0 0 1024 0 0 
0 0 0 0 1007 17 0 0 0 0 0 0 111 913 0 0 0 0 0 0 0 1024 0 0 
0 0 0 17 999 8 0 0 0 0 0 3 948 73 0 0 0 0 0 0 47 977 0 0 
0 0 0 2 84 938 0 0 0 0 0 0 52 972 0 0 0 0 0 0 29 989 6 0 
0 0 0 0 890 134 0 0 0 0 0 0 9 1015 0 0 0 0 0 0 0 1006 18 0 
0 0 0 0 900 124 0 0 0 0 0 0 0 1024 0 0 0 0 0 0 0 939 85 0 
0 0 0 0 66 958 0 0 0 0 0 0 0 1024 0 0 0 0 0 0 0 915 109 0 
0 0 0 0 74 950 0 0 0 0 0 0 0 1024 0 0 0 0 0 0 0 994 30 0 
0 0 0 0 122 902 0 0 0 0 0 0 0 1024 0 0 0 0 0 0 0 1018 6 0 
0 0 0 0 842 182 0 0 0 0 0 0 3 1021 0 0 0 0 0 0 0 1000 24 0 
0 16 146 682 151 29 0 0 0 0 157 682 10 175 0 0 0 0 0 161 681 181 1 0 
0 84 940 0 0 0 0 0 0 6 995 23 0 0 0 0 0 0 40 982 2 0 0 0 
0 9 1015 0 0 0 0 0 0 0 1024 0 0 0 0 0 0 0 0 1024 0 0 0 0 
0 75 949 0 0 0 0 0 0 0 1024 0 0 0 0 0 0 0 1 1023 0 0 0 0 
0 107 917 0 0 0 0 0 0 0 1024 0 0 0 0 0 0 0 0 1024 0 0 0 0 
0 8 1016 0 0 0 0 0 0 0 1003 21 0 0 0 0 0 0 0 1024 0 0 0 0 
