0 0 0 0 14 1010 0 0 0 0 0 0 0 32 992 0 0 0 0 0 0 0 875 149 
0 0 0 0 3 993 28 0 0 0 0 0 0 23 992 9 0 0 0 0 0 0 730 294 
0 0 0 3 15 6 55 945 0 0 0 0 19 5 94 906 0 0 4 13 6 3 63 935 
254 107 82 67 312 33 42 127 260 67 109 75 311 29 43 130 292 273 203 47 15 26 52 116 
131 68 73 163 495 12 10 72 128 49 65 147 534 15 12 74 187 567 112 26 16 18 22 76 
229 77 22 50 178 201 16 251 239 62 22 56 360 18 21 246 265 411 40 17 19 14 35 223 
261 55 48 90 62 63 42 403 258 57 37 76 125 20 40 411 262 103 47 49 97 26 40 400 
0 9 194 56 9 6 41 709 0 2 163 88 14 7 24 726 0 1 37 195 33 7 10 741 
0 0 0 0 0 929 95 0 0 0 0 0 0 1 1020 3 0 0 0 0 0 0 408 616 
0 0 0 0 0 0 891 133 0 0 0 0 0 0 858 166 0 0 0 0 0 0 207 817 
0 2 35 54 88 811 34 0 0 1 14 47 111 10 838 3 0 1 70 92 9 9 351 492 
0 0 14 57 502 431 19 1 0 0 0 39 519 32 425 9 0 103 316 109 36 12 240 208 
0 0 0 48 889 8 14 65 0 0 0 23 908 13 11 69 0 304 560 65 11 5 9 70 
0 0 0 0 849 175 0 0 0 0 0 0 1024 0 0 0 0 1010 14 0 0 0 0 0 
0 0 0 0 214 810 0 0 0 0 0 0 1024 0 0 0 0 996 28 0 0 0 0 0 
0 0 0 0 0 1024 0 0 0 0 0 0 1024 0 0 0 0 1016 8 0 0 0 0 0 
0 0 3 6 196 815 2 2 0 0 1 11 1005 4 1 2 0 869 135 8 7 3 2 0 
0 0 13 20 77 640 32 242 0 0 9 39 686 22 22 246 0 298 401 43 13 12 19 238 
0 0 0 0 107 641 269 7 0 0 0 2 283 27 695 17 0 45 210 30 20 26 174 519 
0 0 0 2 4 2 621 395 0 0 0 3 3 3 89 926 0 0 1 4 2 4 57 956 
0 2 7 28 35 812 140 0 0 0 6 22 39 13 932 12 0 3 35 18 14 7 67 880 
0 0 0 36 63 491 389 45 0 0 0 25 71 9 852 67 0 0 75 9 20 4 95 821 
0 0 0 4 112 17 13 878 0 0 0 11 105 19 16 873 0 8 104 8 12 9 10 873 
4 295 169 60 126 89 29 252 10 321 157 46 155 59 28 248 78 302 163 112 39 64 18 248 
38 218 122 65 156 83 46 296 39 238 101 67 184 56 45 294 49 224 200 75 89 53 54 280 
302 85 24 22 86 41 41 423 335 52 27 32 107 9 40 422 340 50 122 20 21 18 56 397 
237 98 85 114 127 48 21 294 277 59 25 158 141 49 22 293 290 56 68 96 146 54 25 289 
0 0 97 45 35 23 67 757 0 0 44 100 35 20 48 777 0 3 34 103 40 20 27 797 
0 0 0 0 0 435 547 42 0 0 0 0 0 0 968 56 0 0 0 0 0 0 53 971 
0 0 0 0 0 0 90 934 0 0 0 0 0 0 72 952 0 0 0 0 0 0 43 981 
0 0 0 0 0 1015 9 0 0 0 0 0 0 0 1024 0 0 0 0 0 0 0 15 1009 
0 0 0 0 0 677 276 71 0 0 0 0 0 0 929 95 0 0 0 0 0 0 12 1012 
0 0 0 0 0 0 24 1000 0 0 0 0 0 0 5 1019 0 0 0 0 0 0 0 1024 
25 380 173 33 30 15 68 300 53 354 163 39 32 14 66 303 110 305 81 102 40 14 62 310 
44 256 132 32 38 38 22 462 39 284 122 21 38 37 22 461 81 235 108 46 40 32 23 459 
201 239 28 15 23 26 41 451 243 198 27 15 22 27 36 456 314 129 27 15 21 29 38 451 
235 73 137 135 71 13 46 314 249 57 87 165 93 11 46 316 262 47 23 116 164 51 43 318 
0 0 77 27 10 5 84 821 0 0 43 58 9 7 72 835 0 0 1 69 36 9 27 882 
0 0 0 0 0 304 652 68 0 0 0 0 0 0 949 75 0 0 0 0 0 0 46 978 
0 0 0 0 0 0 88 936 0 0 0 0 0 0 72 952 0 0 0 0 0 0 48 976 
0 0 0 0 0 1006 18 0 0 0 0 0 0 0 1024 0 0 0 0 0 0 0 26 998 
0 0 0 0 0 800 128 96 0 0 0 0 0 0 909 115 0 0 0 0 0 0 7 1017 
0 0 0 0 0 0 27 997 0 0 0 0 0 0 5 1019 0 0 0 0 0 0 0 1024 
23 327 216 48 36 39 37 298 26 329 194 65 35 41 35 299 175 240 64 135 27 49 29 305 
28 248 166 40 26 34 29 453 25 243 172 42 32 28 31 451 71 256 102 56 44 16 32 447 
53 283 185 54 17 28 28 376 63 301 158 52 18 30 27 375 234 268 49 27 21 28 26 371 
21 197 160 213 70 26 26 311 5 223 66 266 97 26 25 316 103 159 24 89 246 64 18 321 
0 0 25 31 11 49 70 838 0 0 5 47 13 8 86 865 0 0 0 28 29 12 33 922 
0 0 0 0 0 783 137 104 0 0 0 0 0 0 880 144 0 0 0 0 0 0 38 986 
0 0 0 0 0 0 72 952 0 0 0 0 0 0 52 972 0 0 0 0 0 0 39 985 
62 90 86 46 27 604 109 0 13 46 74 76 60 42 663 50 41 73 85 58 36 21 88 622 
82 266 159 65 45 301 88 18 38 244 155 98 44 61 330 54 48 231 157 101 51 51 73 312 
114 202 118 81 24 21 100 364 109 196 114 90 30 24 100 361 102 165 107 100 61 27 90 372 
39 96 208 191 259 70 39 122 34 95 218 176 302 37 37 125 27 211 185 304 104 33 34 126 
23 127 281 159 226 58 37 113 20 54 205 154 294 138 40 119 18 112 216 280 116 97 59 126 
100 262 269 186 122 18 22 45 118 263 246 199 96 29 20 53 139 269 312 165 38 26 24 51 
18 99 208 287 78 34 64 236 13 96 192 233 156 31 58 245 32 101 139 154 218 70 50 260 
1 34 73 145 50 57 50 614 1 21 66 112 102 18 72 632 0 7 45 85 137 37 48 665 
0 0 1 12 13 335 386 277 0 0 0 4 18 9 549 444 0 0 0 1 14 12 31 966 
0 0 0 0 0 0 14 1010 0 0 0 0 0 0 12 1012 0 0 0 0 0 0 11 1013 
353 284 132 76 90 70 19 0 167 333 184 162 81 80 16 1 287 316 157 119 66 51 23 5 
242 313 95 79 130 86 79 0 140 353 132 117 129 77 71 5 180 346 108 143 107 70 60 10 
229 561 130 56 19 10 14 5 118 653 142 62 19 9 14 7 36 662 195 78 21 10 15 7 
221 551 158 61 17 7 9 0 131 600 190 68 19 7 8 1 36 555 303 88 24 8 8 2 
256 607 78 14 22 18 21 8 144 614 181 20 19 14 24 8 87 541 266 63 20 17 22 8 
302 399 158 48 34 4 53 26 247 378 205 63 33 19 46 33 163 408 211 92 26 34 45 45 
47 100 251 274 75 31 33 213 26 70 189 281 144 57 25 232 8 56 68 278 175 137 64 238 
16 130 201 84 12 13 75 493 8 69 188 155 23 12 58 511 3 42 146 197 49 14 45 528 
0 0 0 0 0 6 168 850 0 0 0 0 0 5 141 878 0 0 0 0 0 0 106 918 
0 0 0 0 0 0 29 995 0 0 0 0 0 0 19 1005 0 0 0 0 0 0 12 1012 
0 0 0 0 2 95 927 0 0 0 0 0 0 49 568 407 0 0 0 0 1 10 262 751 
1 38 11 8 43 454 467 2 0 33 15 9 8 187 738 34 0 14 30 8 8 78 464 422 
68 314 83 111 209 177 60 2 38 191 205 80 178 152 169 11 33 54 294 105 112 182 161 83 
49 401 251 165 116 35 7 0 14 279 330 172 165 33 30 1 4 77 397 273 166 64 35 8 
99 521 136 101 72 24 70 1 48 407 284 98 84 25 65 13 14 166 481 148 99 26 28 62 
29 200 124 53 171 182 257 8 19 119 202 59 169 159 265 32 13 57 212 99 165 148 173 157 
21 115 221 21 84 245 286 31 22 22 242 94 86 243 267 48 22 12 68 258 97 227 259 81 
3 39 197 48 28 61 419 229 2 24 111 141 31 58 255 402 0 9 46 178 67 45 152 527 
0 0 0 0 0 0 192 832 0 0 0 0 0 0 1 1023 0 0 0 0 0 0 0 1024 
0 0 0 0 0 0 11 1013 0 0 0 0 0 0 0 1024 0 0 0 0 0 0 0 1024 
0 0 0 0 0 0 1024 0 0 0 0 0 0 0 322 702 0 0 0 0 0 0 0 1024 
0 1 1 2 0 55 965 0 0 0 2 0 2 1 650 369 0 0 1 1 2 0 33 987 
4 9 4 50 43 62 844 8 0 7 8 24 53 25 558 349 0 3 10 4 48 37 312 610 
1 3 21 35 71 30 743 120 1 2 17 35 53 48 443 425 1 1 5 41 54 43 294 585 
2 0 2 1 2 2 511 504 1 1 2 1 1 1 56 961 1 1 0 2 1 2 5 1012 
1 0 2 0 1 3 173 844 1 0 1 1 1 3 23 994 0 1 1 1 0 1 3 1017 
0 0 0 0 0 8 102 914 0 0 0 0 0 1 39 984 0 0 0 0 0 0 18 1006 
0 3 8 7 0 4 29 973 0 3 8 7 0 3 19 984 0 1 7 7 3 1 18 987 
0 0 0 0 0 0 8 1016 0 0 0 0 0 0 0 1024 0 0 0 0 0 0 0 1024 
0 0 0 0 0 0 0 1024 0 0 0 0 0 0 0 1024 0 0 0 0 0 0 0 1024 
