31 374 587 32 0 0 0 0 0 25 144 396 417 42 0 0 0 29 221 584 187 3 0 0 
172 322 272 122 68 45 19 4 17 164 303 265 151 90 33 1 26 226 310 221 114 76 46 5 
153 234 267 159 130 64 17 0 38 89 184 288 238 154 33 0 64 151 230 212 150 140 76 1 
422 391 194 17 0 0 0 0 123 305 320 220 55 1 0 0 244 361 307 109 3 0 0 0 
37 134 197 219 194 187 56 0 10 56 130 263 220 238 107 0 15 42 164 197 207 252 143 4 
22 103 134 181 180 180 192 32 19 63 145 140 180 175 224 78 13 32 126 116 190 217 216 114 
0 31 68 37 23 91 693 81 0 8 47 62 31 53 548 275 0 2 20 60 58 31 257 596 
212 464 271 54 6 4 13 0 22 172 360 364 82 10 13 1 59 247 323 270 98 11 8 8 
377 440 182 22 3 0 0 0 129 334 370 165 22 4 0 0 113 319 368 194 26 4 0 0 
83 335 582 23 1 0 0 0 44 136 590 242 12 0 0 0 8 105 332 552 26 1 0 0 
115 280 468 151 8 2 0 0 15 97 234 426 216 34 2 0 18 116 230 436 211 11 2 0 
43 229 323 340 86 3 0 0 5 80 241 486 162 50 0 0 3 42 92 237 394 226 30 0 
100 379 333 107 23 45 37 0 65 98 231 489 51 27 63 0 65 32 359 333 126 31 77 1 
54 160 140 17 11 60 582 0 36 20 60 211 41 17 638 1 44 29 169 115 21 11 634 1 
0 0 9 5 3 53 954 0 0 0 0 9 5 4 1006 0 0 0 0 10 6 5 1003 0 
0 0 0 0 16 115 893 0 0 0 0 0 8 49 950 17 0 0 0 0 0 37 876 111 
2 58 93 27 71 355 417 1 0 17 85 73 57 212 578 2 0 7 51 98 37 121 550 160 
430 261 105 20 37 102 69 0 275 268 205 61 32 58 124 1 304 216 186 91 27 38 144 18 
535 266 41 50 57 36 32 7 308 426 120 54 51 33 30 2 243 402 201 50 50 48 21 9 
95 847 27 12 21 13 7 2 30 692 251 24 17 7 3 0 24 204 741 36 8 7 2 2 
62 156 135 168 237 122 142 2 3 111 168 128 283 158 168 5 5 80 165 93 248 217 185 31 
20 115 239 244 215 133 58 0 5 53 191 274 229 175 96 1 1 29 112 214 240 247 151 30 
134 165 265 126 120 151 63 0 62 177 265 160 134 143 83 0 20 157 199 255 140 154 99 0 
24 235 170 58 37 262 238 0 0 147 257 65 45 255 255 0 0 53 279 122 56 255 259 0 
4 88 218 130 62 145 377 0 0 25 186 209 79 138 387 0 0 5 86 278 109 171 375 0 
20 120 182 115 195 227 165 0 7 71 169 141 172 256 208 0 1 27 142 161 132 305 249 7 
0 10 253 571 188 2 0 0 0 0 114 535 360 15 0 0 0 0 6 265 556 196 1 0 
37 143 412 368 64 0 0 0 8 55 303 486 166 6 0 0 0 11 94 429 392 97 1 0 
355 305 204 88 68 1 1 2 416 168 226 131 70 12 1 0 374 128 177 191 107 44 3 0 
486 398 93 39 3 3 2 0 565 316 106 29 7 1 0 0 531 307 110 63 13 0 0 0 
21 197 454 308 44 0 0 0 2 79 345 493 95 10 0 0 0 16 220 400 345 43 0 0 
570 177 138 113 26 0 0 0 540 189 133 125 37 0 0 0 331 359 111 157 65 1 0 0 
112 467 291 95 47 5 7 0 82 432 297 119 73 13 8 0 19 364 371 201 50 12 7 0 
2 181 388 215 102 102 28 6 0 112 205 314 222 120 39 12 0 51 229 418 168 116 36 6 
0 15 141 157 165 349 146 51 0 0 28 218 182 299 249 48 0 0 55 196 191 286 241 55 
5 28 99 209 312 261 110 0 2 12 60 156 394 294 87 19 0 0 23 107 360 380 117 37 
6 64 316 265 135 71 42 125 1 28 269 265 171 112 73 105 0 5 128 303 144 205 146 93 
26 67 594 301 12 3 7 14 13 71 600 297 17 5 10 11 3 40 436 454 61 9 8 13 
65 246 340 231 128 14 0 0 77 159 256 326 171 34 1 0 62 119 171 261 255 128 28 0 
36 354 548 78 8 0 0 0 29 276 597 106 15 1 0 0 12 65 378 494 69 6 0 0 
119 119 88 489 204 5 0 0 82 98 111 275 340 118 0 0 14 128 106 226 373 172 5 0 
287 84 110 143 201 199 0 0 254 102 94 117 189 265 3 0 207 115 90 129 156 244 83 0 
162 127 325 185 98 114 13 0 140 113 255 168 171 143 33 1 119 92 243 264 142 107 57 0 
149 138 335 188 86 90 31 7 105 145 56 266 279 96 60 17 90 112 127 388 152 73 80 2 
77 121 132 150 215 273 54 2 38 131 76 150 214 325 89 1 26 110 129 169 212 294 83 1 
152 110 84 119 262 248 48 1 85 161 56 105 277 260 79 1 50 164 97 113 273 207 115 5 
255 107 76 113 98 102 49 224 203 151 76 102 94 109 99 190 119 218 78 95 93 117 187 117 
96 95 236 352 159 39 13 34 68 109 226 334 154 81 32 20 30 111 125 362 207 121 52 16 
14 107 295 415 141 52 0 0 3 63 296 418 158 85 1 0 0 29 165 438 254 109 29 0 
4 52 458 302 82 126 0 0 1 12 191 468 176 176 0 0 0 2 64 443 307 137 71 0 
92 54 15 425 200 224 14 0 52 90 16 304 227 300 35 0 16 120 19 169 327 300 73 0 
726 181 39 27 13 33 5 0 541 350 43 36 13 36 5 0 179 660 90 40 12 36 7 0 
397 60 63 110 95 298 1 0 326 122 55 116 65 306 34 0 92 343 43 120 64 302 60 0 
348 64 69 62 182 280 19 0 339 63 62 68 143 276 73 0 316 76 50 77 113 246 144 2 
419 61 19 30 102 379 14 0 414 63 21 23 64 390 49 0 409 66 22 20 47 315 145 0 
389 37 30 42 69 382 75 0 384 37 29 45 59 259 211 0 379 41 28 46 44 182 303 1 
248 86 79 87 245 263 16 0 232 84 84 75 214 296 39 0 215 81 86 70 201 268 102 1 
82 327 368 215 32 0 0 0 67 277 414 185 81 0 0 0 50 143 457 193 181 0 0 0 
41 203 273 147 266 94 0 0 25 188 292 147 264 108 0 0 5 110 271 233 243 136 26 0 
0 0 0 0 120 904 0 0 0 0 0 0 71 953 0 0 0 0 0 0 7 772 245 0 
42 44 29 19 39 802 49 0 37 41 35 20 20 489 382 0 32 38 41 19 20 366 508 0 
19 99 45 314 80 448 19 0 7 87 71 304 73 267 215 0 1 62 77 280 117 185 302 0 
219 116 122 219 147 201 0 0 166 160 116 220 118 238 6 0 82 216 114 205 126 269 12 0 
247 82 101 219 350 25 0 0 223 96 67 188 356 92 2 0 153 145 73 117 290 235 11 0 
122 41 73 376 360 52 0 0 118 43 36 329 379 119 0 0 101 52 38 253 402 173 5 0 
87 37 70 609 204 17 0 0 82 35 53 573 243 38 0 0 63 44 45 495 318 59 0 0 
45 125 503 319 32 0 0 0 27 101 418 416 62 0 0 0 20 63 268 549 124 0 0 0 
116 125 424 260 97 2 0 0 51 149 408 297 117 2 0 0 20 136 239 453 171 5 0 0 
173 53 58 71 555 114 0 0 130 93 56 46 449 248 2 0 65 145 38 60 280 426 10 0 
0 0 0 0 907 117 0 0 0 0 0 0 627 397 0 0 0 0 0 0 20 996 8 0 
35 35 10 12 23 700 209 0 31 36 13 10 22 425 487 0 18 47 15 9 21 410 504 0 
0 0 0 0 197 667 160 0 0 0 0 0 93 725 206 0 0 0 0 0 143 642 239 0 
70 62 36 273 324 257 2 0 43 83 36 71 474 312 5 0 32 86 42 32 435 356 41 0 
73 14 32 515 353 37 0 0 70 15 21 383 458 77 0 0 59 24 15 284 480 162 0 0 
35 30 119 576 185 79 0 0 33 30 76 579 190 113 3 0 31 26 70 544 214 134 5 0 
82 25 317 157 136 307 0 0 78 28 164 288 143 323 0 0 30 73 106 342 133 340 0 0 
105 31 203 247 202 236 0 0 102 27 41 394 196 264 0 0 36 85 37 357 253 256 0 0 
57 12 22 486 370 77 0 0 56 10 13 513 320 112 0 0 54 12 15 390 405 135 13 0 
96 21 16 246 478 167 0 0 97 20 13 265 418 211 0 0 84 31 15 269 395 230 0 0 
0 0 0 1 506 517 0 0 0 0 0 2 539 483 0 0 0 0 0 2 489 533 0 0 
0 0 0 0 0 775 249 0 0 0 0 0 0 432 592 0 0 0 0 0 0 309 712 3 
0 0 0 0 52 933 39 0 0 0 0 0 19 821 184 0 0 0 0 0 47 688 289 0 
14 22 3 9 172 803 1 0 0 36 3 4 77 860 44 0 0 32 7 3 37 581 364 0 
0 0 0 1 286 737 0 0 0 0 0 0 165 841 18 0 0 0 0 0 73 795 156 0 
0 0 0 0 529 489 6 0 0 0 0 0 198 755 71 0 0 0 0 0 131 754 139 0 
6 7 3 5 54 940 9 0 3 10 3 3 34 863 108 0 2 10 4 2 38 577 391 0 
58 18 20 28 343 556 1 0 55 19 22 20 271 635 2 0 40 29 25 20 245 580 85 0 
0 0 0 398 551 75 0 0 0 0 0 376 472 176 0 0 0 0 0 346 394 284 0 0 
24 11 8 208 279 465 29 0 25 11 6 239 188 506 49 0 24 12 6 245 162 483 92 0 
0 0 0 0 563 445 16 0 0 0 0 2 572 444 6 0 0 0 0 18 577 389 40 0 
0 0 0 0 0 106 918 0 0 0 0 0 0 44 980 0 0 0 0 0 0 2 1020 2 
0 0 0 0 0 991 33 0 0 0 0 0 0 922 102 0 0 0 0 0 0 204 820 0 
0 0 0 0 2 1000 22 0 0 0 0 0 2 982 40 0 0 0 0 0 2 958 64 0 
0 0 0 0 0 846 178 0 0 0 0 0 0 127 897 0 0 0 0 0 0 109 911 4 
0 0 0 0 0 979 45 0 0 0 0 0 0 925 99 0 0 0 0 0 0 895 129 0 
0 0 0 0 0 882 142 0 0 0 0 0 0 106 918 0 0 0 0 0 0 11 1013 0 
0 0 0 0 26 950 48 0 0 0 0 0 2 932 90 0 0 0 0 0 0 179 842 3 
0 0 0 0 181 843 0 0 0 0 0 0 9 1015 0 0 0 0 0 0 0 1012 12 0 
0 0 0 0 0 908 116 0 0 0 0 0 0 856 168 0 0 0 0 0 0 138 886 0 
0 0 0 0 0 1003 21 0 0 0 0 0 0 1004 20 0 0 0 0 0 0 987 37 0 
