496 419 88 21 0 0 0 0 71 583 305 63 2 0 0 0 165 498 284 71 6 0 0 0 
713 297 12 2 0 0 0 0 227 467 293 37 0 0 0 0 166 377 288 147 45 1 0 0 
484 399 136 5 0 0 0 0 124 333 375 184 8 0 0 0 127 227 322 190 128 30 0 0 
232 329 403 60 0 0 0 0 39 211 315 398 61 0 0 0 5 52 153 220 380 211 3 0 
2 54 500 455 13 0 0 0 0 2 86 524 400 12 0 0 0 0 1 13 329 611 70 0 
0 62 589 373 0 0 0 0 0 0 82 640 302 0 0 0 0 0 0 24 304 682 14 0 
0 23 358 163 25 455 0 0 0 0 41 415 88 458 22 0 0 0 0 15 229 333 447 0 
78 48 252 277 96 271 2 0 42 47 49 208 336 207 135 0 16 44 42 49 349 223 300 1 
79 75 128 255 54 234 199 0 32 69 79 151 218 104 371 0 10 48 78 66 239 149 392 42 
0 0 0 2 25 393 604 0 0 0 0 0 11 48 965 0 0 0 0 0 0 26 951 47 
70 372 394 113 55 20 0 0 8 162 523 216 73 38 4 0 12 107 479 200 145 61 19 1 
584 345 80 15 0 0 0 0 220 408 309 76 11 0 0 0 201 237 213 198 141 34 0 0 
580 284 129 31 0 0 0 0 168 473 237 108 38 0 0 0 149 267 255 173 113 62 5 0 
187 264 293 260 20 0 0 0 34 173 265 267 259 26 0 0 2 50 121 203 265 244 138 1 
0 3 71 451 473 8 18 0 0 0 3 86 565 346 20 4 0 0 0 2 30 370 592 30 
84 77 80 259 127 45 318 34 38 83 63 97 274 99 263 107 2 50 77 64 89 252 214 276 
3 5 54 298 159 473 32 0 0 6 6 73 346 225 368 0 0 0 7 8 43 296 638 32 
76 220 284 47 135 258 4 0 37 65 182 313 47 237 143 0 12 34 82 194 299 108 293 2 
61 102 271 103 143 343 1 0 24 58 101 292 81 377 91 0 12 26 69 132 285 134 365 1 
0 0 0 5 115 904 0 0 0 0 0 0 40 923 61 0 0 0 0 0 0 130 894 0 
68 296 381 193 73 13 0 0 10 143 480 218 142 31 0 0 6 67 415 278 162 82 14 0 
718 258 39 9 0 0 0 0 98 474 351 83 18 0 0 0 80 479 318 94 41 12 0 0 
473 296 178 63 14 0 0 0 141 330 255 185 90 21 2 0 35 249 261 188 167 103 19 2 
222 276 263 205 56 2 0 0 33 168 282 263 201 73 4 0 0 40 164 228 241 220 129 2 
0 0 11 284 721 8 0 0 0 0 0 10 321 692 1 0 0 0 0 0 0 180 822 22 
2 13 46 124 771 68 0 0 0 4 10 43 188 761 18 0 0 0 3 9 38 141 793 40 
11 34 87 172 364 115 241 0 7 14 16 81 237 323 344 2 5 10 8 22 71 194 527 187 
19 474 110 15 50 287 69 0 0 22 495 87 20 117 282 1 0 0 35 515 61 37 341 35 
0 159 329 45 67 420 4 0 0 0 196 303 43 251 231 0 0 0 2 295 232 52 440 3 
0 0 0 22 103 899 0 0 0 0 0 1 33 928 62 0 0 0 0 0 8 114 902 0 
544 294 100 65 10 11 0 0 156 514 227 76 31 13 7 0 0 110 692 96 82 24 13 7 
619 256 86 46 17 0 0 0 150 551 189 69 47 18 0 0 33 283 469 132 63 34 10 0 
243 423 256 93 9 0 0 0 34 249 341 267 119 14 0 0 0 65 229 249 272 181 27 1 
51 395 245 189 94 50 0 0 0 68 379 217 223 68 42 27 0 3 140 254 213 240 101 73 
4 37 445 274 259 5 0 0 1 12 51 479 245 235 1 0 0 4 15 57 465 177 294 12 
16 82 279 314 304 29 0 0 2 39 54 268 318 307 31 5 0 0 1 81 283 321 281 57 
6 34 185 435 272 79 13 0 0 8 38 209 396 289 76 8 0 0 18 45 262 352 286 61 
106 449 123 96 84 104 62 0 12 224 311 108 139 82 147 1 0 12 345 202 107 168 124 66 
64 446 86 61 92 263 12 0 3 91 437 70 76 137 210 0 0 3 178 372 79 101 287 4 
40 61 51 160 290 418 4 0 7 41 58 49 244 529 96 0 18 48 52 33 197 282 394 0 
476 117 157 175 66 33 0 0 206 316 76 132 163 86 44 1 48 209 351 73 59 143 96 45 
422 288 176 117 21 0 0 0 184 395 137 141 130 37 0 0 38 295 282 98 138 137 36 0 
313 478 136 63 31 3 0 0 179 237 266 230 77 32 3 0 64 180 251 144 260 97 27 1 
152 499 219 101 48 5 0 0 94 201 430 159 108 29 3 0 33 122 323 273 146 103 22 2 
216 216 502 69 21 0 0 0 110 184 242 409 61 18 0 0 50 120 152 265 355 60 22 0 
97 263 562 86 11 3 2 0 35 128 277 476 96 10 2 0 8 55 148 333 375 97 8 0 
72 350 420 83 31 12 55 1 7 75 246 463 143 24 53 13 1 14 88 238 459 142 31 51 
183 145 232 217 79 66 96 6 113 102 122 274 192 76 99 46 48 89 95 143 300 155 85 109 
74 218 402 249 81 0 0 0 22 64 172 378 306 79 3 0 2 32 51 187 378 305 67 2 
124 656 166 44 30 4 0 0 25 107 363 443 48 27 11 0 70 103 302 450 43 34 21 1 
303 177 228 224 85 7 0 0 146 151 171 187 234 123 12 0 249 194 176 118 72 137 73 5 
130 220 252 273 124 25 0 0 22 98 206 246 287 137 28 0 4 23 95 213 247 282 136 24 
187 612 216 9 0 0 0 0 18 297 624 78 7 0 0 0 5 64 436 444 67 8 0 0 
171 310 408 117 16 2 0 0 90 252 424 204 33 20 1 0 29 184 334 364 67 30 16 0 
323 209 200 211 68 12 1 0 165 259 221 215 108 44 12 0 83 198 234 250 165 50 33 11 
210 173 209 355 77 0 0 0 127 173 171 329 219 5 0 0 60 160 161 176 411 56 0 0 
199 282 257 260 11 3 11 1 137 171 171 353 170 8 11 3 102 164 88 149 372 128 12 9 
325 407 223 36 9 9 13 2 223 125 324 281 40 9 15 7 182 113 61 262 339 40 14 13 
171 367 340 138 8 0 0 0 61 206 198 357 181 21 0 0 47 149 90 185 359 176 18 0 
713 281 19 9 2 0 0 0 93 866 42 20 1 2 0 0 193 774 40 14 3 0 0 0 
167 118 481 241 16 1 0 0 143 107 229 479 53 12 1 0 133 112 182 509 71 6 10 1 
64 120 425 337 66 12 0 0 26 52 217 512 149 53 15 0 15 22 114 516 212 82 49 14 
111 103 289 475 46 0 0 0 74 52 158 578 159 3 0 0 60 38 71 503 329 20 3 0 
160 276 206 372 10 0 0 0 101 227 185 379 132 0 0 0 58 162 207 265 327 5 0 0 
99 355 275 247 48 0 0 0 87 147 400 202 185 3 0 0 60 97 313 229 292 33 0 0 
55 143 380 361 84 1 0 0 44 81 286 353 256 4 0 0 32 61 150 362 370 49 0 0 
54 196 432 287 53 2 0 0 34 52 116 448 321 52 1 0 22 38 52 204 416 252 39 1 
33 293 337 284 76 1 0 0 0 32 261 462 241 28 0 0 0 0 65 401 463 72 23 0 
193 373 195 232 31 0 0 0 101 173 349 234 163 4 0 0 88 79 256 309 265 25 2 0 
41 841 86 56 0 0 0 0 19 535 391 59 20 0 0 0 19 269 631 66 39 0 0 0 
102 73 274 527 48 0 0 0 55 102 80 537 248 2 0 0 43 110 59 476 331 5 0 0 
54 57 165 651 97 0 0 0 31 63 55 525 345 5 0 0 22 63 52 325 519 43 0 0 
61 62 134 656 111 0 0 0 39 60 60 392 470 3 0 0 23 60 59 228 627 27 0 0 
191 551 96 177 9 0 0 0 53 607 134 156 73 1 0 0 8 384 379 116 133 4 0 0 
87 591 70 250 26 0 0 0 5 523 168 122 200 6 0 0 0 213 451 82 228 46 4 0 
103 336 263 257 65 0 0 0 26 263 288 268 173 6 0 0 16 107 341 296 220 43 1 0 
38 160 192 542 92 0 0 0 34 101 122 332 425 10 0 0 28 71 120 219 549 37 0 0 
0 14 105 743 162 0 0 0 0 0 34 316 644 30 0 0 0 0 24 193 714 93 0 0 
48 37 279 583 77 0 0 0 48 13 139 464 353 7 0 0 33 25 89 365 489 23 0 0 
111 599 239 72 3 0 0 0 103 31 757 97 36 0 0 0 100 29 742 111 42 0 0 0 
37 30 170 668 119 0 0 0 35 30 53 546 354 6 0 0 25 34 20 405 520 20 0 0 
25 26 167 697 109 0 0 0 5 35 37 587 354 6 0 0 0 31 29 356 583 25 0 0 
0 43 138 654 188 1 0 0 0 20 48 398 515 43 0 0 0 5 46 262 624 87 0 0 
0 0 38 663 313 10 0 0 0 0 2 183 735 104 0 0 0 0 0 91 752 181 0 0 
0 0 34 597 387 6 0 0 0 0 0 169 748 107 0 0 0 0 0 100 721 203 0 0 
0 0 19 644 359 2 0 0 0 0 1 146 778 99 0 0 0 0 0 69 787 168 0 0 
23 52 105 642 201 1 0 0 18 56 33 296 571 50 0 0 8 48 39 157 661 111 0 0 
0 9 140 775 100 0 0 0 0 1 32 487 496 8 0 0 0 0 17 294 673 40 0 0 
0 29 289 665 41 0 0 0 0 3 50 656 312 3 0 0 0 1 40 467 505 11 0 0 
12 11 627 363 11 0 0 0 9 6 49 840 120 0 0 0 9 6 37 817 153 2 0 0 
0 1 88 916 19 0 0 0 0 0 17 931 76 0 0 0 0 0 6 860 158 0 0 0 
0 0 110 869 45 0 0 0 0 0 0 888 129 7 0 0 0 0 0 130 866 28 0 0 
0 0 66 915 43 0 0 0 0 0 1 838 177 8 0 0 0 0 0 130 876 18 0 0 
0 0 9 913 99 3 0 0 0 0 0 83 920 21 0 0 0 0 0 36 954 33 1 0 
0 0 2 879 130 13 0 0 0 0 0 61 901 62 0 0 0 0 0 22 918 81 3 0 
0 0 4 881 135 4 0 0 0 0 0 40 961 23 0 0 0 0 0 13 964 46 1 0 
0 0 35 950 39 0 0 0 0 0 5 177 840 2 0 0 0 0 0 114 902 8 0 0 
0 0 44 946 34 0 0 0 0 0 0 194 827 3 0 0 0 0 0 130 876 18 0 0 
0 0 108 914 2 0 0 0 0 0 10 951 63 0 0 0 0 0 4 927 93 0 0 0 
0 4 894 121 5 0 0 0 0 1 30 975 18 0 0 0 0 0 30 976 18 0 0 0 
