682 184 85 46 18 8 1 0 439 325 123 67 45 17 7 1 566 254 97 64 29 11 3 0 
636 230 95 39 12 5 6 1 383 426 117 58 22 11 3 4 590 270 99 43 7 9 5 1 
483 324 112 49 27 14 9 6 279 484 136 62 34 14 9 6 521 308 109 49 20 11 5 1 
368 330 146 72 46 34 22 6 90 394 240 140 58 46 33 23 233 379 203 90 47 37 27 8 
214 276 213 144 89 49 36 3 35 266 199 207 147 87 46 37 115 267 214 191 118 60 43 16 
16 29 227 310 125 119 101 97 2 19 68 377 207 135 97 119 9 21 146 440 158 109 82 59 
2 16 438 255 31 51 84 147 0 1 111 535 67 56 80 174 0 0 180 455 56 61 123 149 
89 79 194 276 190 86 39 71 10 78 138 184 137 263 136 78 0 11 145 210 65 152 134 307 
182 107 102 201 203 101 23 105 56 172 99 62 105 318 104 108 0 79 176 123 86 108 111 341 
209 131 295 254 88 37 2 8 77 203 233 106 225 163 16 1 15 137 277 118 84 68 154 171 
4 41 905 73 1 0 0 0 1 41 222 749 9 2 0 0 0 37 100 65 746 62 12 2 
666 175 89 37 25 16 7 9 519 269 121 44 34 20 9 8 642 201 87 41 29 10 14 0 
698 243 44 25 8 3 3 0 384 506 76 36 14 5 3 0 592 332 59 24 12 2 3 0 
747 207 46 16 7 1 0 0 548 368 73 23 11 1 0 0 688 257 54 16 8 1 0 0 
590 241 109 52 20 10 2 0 267 474 140 84 38 13 8 0 432 347 118 80 31 10 6 0 
245 261 204 168 50 52 28 16 28 287 246 207 121 46 47 42 87 284 199 169 140 74 46 25 
4 51 112 204 138 116 131 268 0 42 88 171 207 142 102 272 4 85 84 228 238 88 65 232 
19 100 253 206 85 51 57 253 0 89 133 248 182 50 56 266 7 85 144 183 107 133 112 253 
358 366 159 139 2 0 0 0 18 382 269 178 121 56 0 0 0 28 216 260 147 183 103 87 
202 344 321 72 24 15 14 32 16 264 224 337 115 18 10 40 0 24 130 225 100 181 322 42 
124 215 580 105 0 0 0 0 61 188 189 425 161 0 0 0 23 85 137 260 71 138 310 0 
0 0 1020 4 0 0 0 0 0 0 0 0 1024 0 0 0 0 0 0 0 0 0 1024 0 
404 233 131 86 66 62 30 12 148 361 170 96 85 65 66 33 296 284 149 99 72 64 39 21 
643 225 90 34 17 8 5 2 355 419 119 66 39 11 8 7 449 340 114 65 25 17 10 4 
729 205 67 17 3 2 1 0 504 334 131 40 11 2 1 1 469 341 152 43 10 5 3 1 
428 252 128 86 47 24 33 26 282 256 173 121 77 39 34 42 250 295 173 119 68 43 28 48 
298 129 144 131 90 50 65 117 169 227 128 141 94 57 69 139 109 268 129 146 97 65 61 149 
22 9 11 28 114 121 108 611 5 24 12 28 126 113 103 613 12 17 32 85 147 96 110 525 
44 66 99 90 100 77 100 448 16 47 110 85 129 84 102 451 0 33 97 121 123 135 177 338 
293 310 248 173 0 0 0 0 1 276 256 261 190 40 0 0 0 28 130 147 203 190 211 115 
87 281 487 76 8 12 31 42 0 117 248 349 220 14 25 51 0 0 44 180 158 147 372 123 
73 259 535 157 0 0 0 0 56 86 210 385 287 0 0 0 11 88 37 295 123 83 383 4 
0 0 580 444 0 0 0 0 0 0 0 2 1022 0 0 0 0 0 0 0 0 0 1024 0 
850 134 25 8 4 1 2 0 623 313 57 18 7 3 3 0 670 275 54 17 4 1 3 0 
768 195 26 30 3 2 0 0 482 437 56 27 18 3 1 0 437 468 67 29 19 3 1 0 
790 184 39 11 0 0 0 0 633 288 77 20 6 0 0 0 495 399 98 21 11 0 0 0 
760 147 59 48 10 0 0 0 624 219 94 48 38 1 0 0 336 485 88 66 43 6 0 0 
849 124 34 10 7 0 0 0 659 295 46 12 12 0 0 0 377 560 50 24 11 2 0 0 
36 38 90 94 99 115 78 474 23 56 83 86 98 117 76 485 14 97 99 87 132 84 91 420 
54 43 148 165 126 121 107 260 24 43 151 138 172 123 104 269 4 47 144 191 155 139 150 194 
379 145 274 202 13 7 3 1 119 277 115 258 191 58 4 2 24 129 182 115 103 111 272 88 
174 139 502 157 31 6 9 6 55 135 94 376 333 13 10 8 2 53 80 99 77 214 391 108 
143 118 506 172 33 14 18 20 40 128 123 181 482 25 15 30 0 52 85 103 80 163 465 76 
1 203 820 0 0 0 0 0 0 0 15 1009 0 0 0 0 0 0 0 0 9 541 474 0 
885 82 44 6 6 1 0 0 704 230 35 18 31 5 1 0 674 265 33 42 4 5 1 0 
760 74 184 6 0 0 0 0 726 60 30 42 165 1 0 0 712 70 39 184 19 0 0 0 
585 114 234 62 4 13 7 5 531 119 36 61 235 23 11 8 518 114 59 236 69 11 10 7 
461 102 63 40 41 30 91 196 400 134 79 41 41 28 44 257 332 169 90 48 40 38 48 259 
328 85 194 138 87 81 70 41 286 83 76 112 192 113 79 83 232 109 63 76 97 166 156 125 
37 162 203 152 109 112 93 156 11 124 180 157 140 134 107 171 28 152 201 161 137 112 110 123 
67 220 287 124 89 65 67 105 56 215 287 129 91 68 66 112 71 279 244 132 80 71 70 77 
33 117 379 181 99 66 65 84 25 113 379 179 106 70 60 92 28 224 335 156 78 78 73 52 
248 134 183 93 59 77 56 174 189 174 103 157 92 79 52 178 127 211 109 90 122 96 139 130 
664 115 148 82 2 12 1 0 578 169 41 78 143 15 0 0 447 250 47 36 61 47 134 2 
738 286 0 0 0 0 0 0 14 754 256 0 0 0 0 0 14 6 435 218 351 0 0 0 
130 360 486 47 1 0 0 0 49 84 140 384 358 9 0 0 26 64 100 486 138 148 60 2 
352 294 350 26 2 0 0 0 254 143 75 148 388 16 0 0 146 194 101 421 89 44 25 4 
355 267 317 77 8 0 0 0 172 191 185 196 245 35 0 0 98 189 188 306 151 57 30 5 
263 179 239 110 54 48 55 76 206 169 257 143 61 38 44 106 132 226 264 155 53 41 45 108 
10 28 224 210 199 143 57 153 1 13 174 209 217 178 63 169 0 5 174 175 174 208 112 176 
349 258 232 72 60 43 10 0 191 337 267 97 59 55 17 1 152 306 288 122 66 62 26 2 
401 335 156 63 34 18 17 0 198 402 215 107 52 30 18 2 74 313 279 173 85 54 37 9 
393 372 169 63 17 4 4 2 195 405 216 134 52 15 5 2 158 457 237 100 44 10 16 2 
162 193 203 64 62 108 154 78 107 202 203 79 74 107 130 122 51 212 214 92 118 91 135 111 
666 211 48 26 22 29 13 9 603 267 56 23 29 26 11 9 599 264 63 30 28 20 9 11 
1014 10 0 0 0 0 0 0 1013 11 0 0 0 0 0 0 1013 11 0 0 0 0 0 0 
753 183 78 10 0 0 0 0 557 292 98 63 13 1 0 0 258 432 151 72 60 37 13 1 
744 204 60 14 2 0 0 0 535 330 102 45 11 1 0 0 273 444 156 70 46 26 7 2 
780 184 30 20 7 3 0 0 694 257 39 23 9 2 0 0 362 403 112 77 28 14 11 17 
795 185 28 9 4 3 0 0 628 328 39 17 9 2 1 0 402 469 95 30 15 10 3 0 
176 222 466 56 56 43 5 0 121 235 496 64 50 50 8 0 30 350 470 67 47 54 6 0 
0 6 548 131 188 134 17 0 0 3 544 120 133 186 38 0 0 3 536 127 117 185 55 1 
114 83 280 130 179 168 42 28 36 149 273 134 154 198 50 30 4 132 308 133 165 193 58 31 
85 116 169 155 169 109 101 120 28 125 189 162 171 118 100 131 0 78 196 184 181 136 107 142 
2 126 135 41 47 52 69 552 0 105 152 41 46 51 53 576 0 97 151 34 48 59 46 589 
5 417 254 11 13 8 8 308 2 318 357 9 12 10 7 309 0 264 410 11 13 9 8 309 
0 817 201 0 0 1 0 5 0 412 575 31 0 1 0 5 0 319 667 32 0 1 0 5 
690 231 76 23 2 2 0 0 339 517 107 39 18 3 1 0 193 578 142 53 23 12 18 5 
414 230 187 97 67 18 10 1 181 387 216 130 67 29 10 4 29 429 257 170 88 31 15 5 
203 163 159 82 71 83 125 138 129 194 173 87 69 78 81 213 41 215 175 123 72 69 83 246 
57 58 374 85 50 31 117 252 40 59 382 83 48 35 50 327 27 63 362 96 51 40 36 349 
0 38 600 112 41 32 54 147 0 37 589 121 37 28 34 178 0 36 586 123 40 23 34 182 
0 1 313 177 89 70 55 319 0 3 298 170 97 68 56 332 0 4 282 171 106 68 52 341 
0 0 24 70 59 75 86 710 0 0 15 69 57 63 77 743 0 0 9 64 52 67 70 762 
0 0 0 0 0 2 2 1020 0 0 0 0 0 2 2 1020 0 0 0 0 0 2 2 1020 
0 0 0 0 0 0 0 1024 0 0 0 0 0 0 0 1024 0 0 0 0 0 0 0 1024 
0 0 0 0 0 0 2 1022 0 0 0 0 0 0 0 1024 0 0 0 0 0 0 0 1024 
0 0 0 0 0 0 0 1024 0 0 0 0 0 0 0 1024 0 0 0 0 0 0 0 1024 
14 69 876 42 15 5 3 0 11 72 876 40 16 5 3 1 12 115 830 42 13 7 3 2 
0 15 125 783 46 31 22 2 0 18 113 784 49 21 34 5 0 17 110 780 48 24 33 12 
0 0 3 15 49 61 807 89 0 0 3 8 43 54 744 172 0 0 0 7 33 53 720 211 
0 0 0 0 0 0 79 945 0 0 0 0 0 0 2 1022 0 0 0 0 0 0 0 1024 
0 0 0 0 0 0 8 1016 0 0 0 0 0 0 0 1024 0 0 0 0 0 0 0 1024 
0 0 0 0 0 0 0 1024 0 0 0 0 0 0 0 1024 0 0 0 0 0 0 0 1024 
0 0 0 0 0 0 4 1020 0 0 0 0 0 0 0 1024 0 0 0 0 0 0 0 1024 
0 0 0 0 0 0 4 1020 0 0 0 0 0 0 0 1024 0 0 0 0 0 0 0 1024 
0 0 0 0 0 2 9 1013 0 0 0 0 0 0 6 1018 0 0 0 0 0 0 4 1020 
0 0 0 0 0 0 79 945 0 0 0 0 0 0 3 1021 0 0 0 0 0 0 0 1024 
0 0 0 0 0 0 3 1021 0 0 0 0 0 0 0 1024 0 0 0 0 0 0 0 1024 
