363 204 353 101 3 0 0 0 345 190 343 144 2 0 0 0 320 183 320 197 4 0 0 0 
251 135 177 172 182 106 1 0 250 136 442 180 16 0 0 0 497 175 148 175 29 0 0 0 
45 32 33 38 43 831 2 0 50 36 763 165 9 0 1 0 868 85 34 31 4 1 1 0 
0 0 0 11 26 987 0 0 0 0 861 158 5 0 0 0 996 9 10 7 2 0 0 0 
2 2 29 162 94 735 0 0 3 2 735 193 91 0 0 0 761 19 17 90 134 3 0 0 
8 6 93 345 119 450 3 0 9 2 492 371 134 12 4 0 489 14 19 210 262 21 7 2 
31 46 159 387 169 217 14 1 16 33 274 383 203 57 53 5 199 46 63 258 313 56 74 15 
67 99 220 334 91 76 126 11 28 79 166 357 141 92 123 38 11 66 108 300 264 62 125 88 
231 123 222 86 79 99 176 8 162 131 206 134 51 100 202 38 85 152 157 210 62 68 183 107 
161 31 335 359 36 67 33 2 127 49 81 619 21 49 74 4 34 127 64 384 276 35 80 24 
464 349 160 49 2 0 0 0 198 561 192 70 3 0 0 0 139 391 388 102 4 0 0 0 
322 229 242 219 10 2 0 0 237 224 251 290 19 2 1 0 215 134 291 343 37 3 1 0 
237 131 173 311 108 57 7 0 202 146 147 318 132 43 34 2 182 163 134 256 192 46 42 9 
82 57 143 389 97 123 133 0 28 81 87 383 189 57 172 27 45 89 69 230 312 49 152 78 
272 66 121 239 64 87 169 6 88 206 70 256 103 60 202 39 12 212 109 172 197 58 156 108 
465 118 51 73 41 87 185 4 121 401 77 68 50 59 200 48 14 243 318 71 61 42 151 124 
490 266 20 16 13 24 181 14 116 498 153 15 17 15 161 49 22 247 489 20 17 8 87 134 
465 300 20 12 46 104 72 5 181 448 146 16 12 115 88 18 33 272 462 20 11 14 162 50 
371 307 68 29 186 56 6 1 131 443 149 36 31 212 19 3 21 369 305 49 28 117 128 7 
561 252 76 35 75 16 8 1 205 463 213 24 34 69 15 1 0 594 220 79 20 81 25 5 
319 705 0 0 0 0 0 0 23 849 152 0 0 0 0 0 11 210 803 0 0 0 0 0 
407 609 8 0 0 0 0 0 70 428 526 0 0 0 0 0 16 102 897 9 0 0 0 0 
488 406 44 11 13 24 34 4 154 410 351 30 11 7 46 15 83 212 534 114 8 12 31 30 
375 292 94 29 65 142 27 0 117 374 222 57 32 113 95 14 45 224 387 97 33 59 149 30 
258 313 42 95 116 161 37 2 54 352 189 39 137 105 139 9 33 90 456 33 69 137 180 26 
110 250 175 213 84 171 20 1 73 139 202 185 185 136 101 3 50 71 274 49 255 129 184 12 
39 89 201 312 112 183 37 51 28 92 398 77 105 175 94 55 24 174 322 50 92 90 230 42 
14 26 144 413 126 134 89 78 2 39 460 83 91 157 98 94 0 137 400 41 67 139 131 109 
8 19 96 345 124 294 95 43 1 25 214 171 98 180 286 49 0 27 253 128 102 136 326 52 
0 1 24 228 570 175 26 0 0 0 4 183 257 453 127 0 0 0 2 88 231 521 178 4 
185 774 52 0 13 0 0 0 34 710 258 9 8 5 0 0 20 484 485 22 1 12 0 0 
117 832 74 0 1 0 0 0 77 344 571 31 1 0 0 0 55 104 810 54 0 1 0 0 
405 427 30 109 52 1 0 0 36 484 328 19 135 21 1 0 9 170 659 13 18 151 4 0 
474 61 39 326 86 34 4 0 52 430 51 37 367 57 28 2 16 391 105 42 40 376 42 12 
575 51 18 305 71 4 0 0 159 456 16 17 340 35 1 0 58 486 79 14 27 345 15 0 
538 97 220 164 3 2 0 0 272 358 11 281 98 4 0 0 179 368 87 11 337 39 3 0 
549 28 136 284 9 4 11 3 70 499 23 179 232 4 10 7 25 529 32 15 243 160 11 9 
483 24 69 88 129 212 19 0 82 419 10 81 88 272 66 6 19 433 55 19 106 93 288 11 
159 30 119 166 395 116 39 0 47 125 75 154 135 426 61 1 2 157 80 73 186 247 262 17 
15 8 22 80 794 87 18 0 14 4 20 67 359 517 39 4 5 14 17 64 70 756 92 6 
443 448 101 18 8 6 0 0 387 385 206 25 13 7 1 0 369 246 345 37 19 7 1 0 
323 483 151 37 14 1 9 6 251 318 371 53 15 1 3 12 246 312 364 50 33 3 2 14 
184 496 194 14 47 29 52 8 113 376 379 11 40 34 40 31 87 341 382 67 15 47 34 51 
200 397 186 145 87 9 0 0 12 406 275 175 131 25 0 0 2 336 346 181 128 30 1 0 
425 291 59 48 53 53 71 24 52 323 354 70 52 74 49 50 10 220 188 351 73 77 20 85 
837 151 28 8 0 0 0 0 450 483 61 15 15 0 0 0 135 584 232 40 17 16 0 0 
727 268 22 6 1 0 0 0 71 601 318 27 6 1 0 0 10 367 403 231 10 3 0 0 
325 180 165 136 102 13 81 22 69 365 223 99 137 26 80 25 31 337 288 84 146 33 64 41 
232 104 385 208 84 11 0 0 77 215 199 347 149 36 1 0 19 262 205 359 140 37 2 0 
4 13 86 329 464 128 0 0 4 7 39 188 658 111 17 0 4 6 35 172 677 30 100 0 
546 381 80 17 0 0 0 0 484 410 97 17 16 0 0 0 463 327 174 40 9 11 0 0 
308 386 225 73 23 3 5 1 237 268 269 186 48 8 3 5 221 243 216 135 183 17 3 6 
118 309 188 90 103 34 170 12 101 217 174 127 147 72 105 81 91 185 126 123 134 156 42 167 
25 559 291 112 37 0 0 0 0 332 310 258 100 24 0 0 0 270 358 267 71 46 12 0 
261 384 68 66 79 72 68 26 38 163 436 108 75 105 40 59 4 100 107 432 147 111 35 88 
538 163 234 39 31 16 2 1 320 263 222 134 52 27 5 1 78 451 87 215 118 63 8 4 
461 273 140 53 25 25 29 18 179 330 217 153 42 36 26 41 65 250 262 212 99 50 36 50 
505 325 135 26 11 3 14 5 447 269 246 23 16 4 12 7 431 221 235 97 16 5 10 9 
508 115 389 12 0 0 0 0 329 204 113 363 15 0 0 0 317 207 128 370 2 0 0 0 
36 13 163 673 27 112 0 0 30 11 84 466 306 125 2 0 26 14 72 179 603 89 41 0 
292 445 158 111 14 2 1 1 107 510 191 156 54 3 2 1 46 397 310 140 117 10 3 1 
128 174 586 122 14 0 0 0 53 125 218 525 96 7 0 0 20 85 115 265 477 59 3 0 
154 173 405 229 52 11 0 0 54 164 129 355 275 46 1 0 23 69 168 121 278 331 34 0 
132 113 319 285 97 30 33 15 45 122 117 229 382 63 34 32 23 88 134 147 198 337 54 43 
207 243 218 204 97 47 8 0 84 167 237 237 249 48 1 1 50 104 188 221 219 209 33 0 
116 243 187 135 226 78 33 6 51 177 308 159 164 114 39 12 37 165 245 221 141 117 70 28 
155 191 171 260 187 52 7 1 47 141 152 185 312 121 47 19 31 60 130 132 288 188 114 81 
233 183 80 327 173 22 4 2 196 118 226 59 376 42 5 2 187 108 160 120 125 311 10 3 
485 225 243 51 20 0 0 0 232 351 191 201 48 1 0 0 177 378 213 201 53 2 0 0 
7 17 254 586 87 73 0 0 5 6 125 728 27 133 0 0 4 7 99 354 414 114 32 0 
650 179 96 67 30 2 0 0 467 290 117 78 62 10 0 0 222 444 133 111 61 52 1 0 
441 194 115 199 67 8 0 0 316 263 103 123 187 30 2 0 184 356 79 112 162 123 8 0 
153 202 281 258 115 15 0 0 69 177 169 251 287 69 2 0 25 118 208 115 267 273 18 0 
391 234 227 134 31 6 1 0 300 218 222 152 111 18 2 1 211 214 237 135 118 98 10 1 
248 189 376 161 38 9 0 3 148 182 204 273 187 26 1 3 89 134 210 132 261 188 7 3 
438 221 176 126 36 14 2 11 388 143 193 173 95 17 3 12 284 193 128 186 162 54 5 12 
589 138 134 58 54 42 8 1 491 188 162 71 31 67 10 4 284 361 142 104 38 57 32 6 
723 212 38 40 9 1 1 0 467 442 52 27 33 2 1 0 292 537 115 27 30 22 0 1 
40 47 48 387 244 158 100 0 3 68 30 170 416 167 152 18 0 45 42 94 224 357 158 104 
0 1 24 406 475 109 9 0 0 0 11 73 788 94 58 0 0 0 10 58 312 546 73 25 
38 33 163 700 89 1 0 0 28 22 53 389 523 9 0 0 14 24 23 74 643 245 1 0 
0 1 25 812 184 2 0 0 0 0 6 93 896 29 0 0 0 0 1 11 410 593 9 0 
58 68 75 366 429 26 2 0 47 51 92 38 613 177 6 0 32 34 101 45 115 655 41 1 
233 181 72 203 304 29 2 0 149 216 101 56 341 157 4 0 83 215 141 63 61 430 31 0 
246 146 231 178 189 34 0 0 191 158 211 140 178 140 6 0 119 172 185 166 117 225 40 0 
485 118 111 163 122 20 5 0 353 205 133 53 195 72 12 1 200 307 140 85 55 203 28 6 
250 46 76 237 372 43 0 0 124 154 72 50 450 166 8 0 29 221 65 59 78 515 57 0 
47 18 10 430 514 5 0 0 24 32 12 15 765 175 1 0 4 38 22 9 49 865 37 0 
0 0 4 702 318 0 0 0 0 0 0 38 936 50 0 0 0 0 0 0 145 875 4 0 
0 0 9 995 20 0 0 0 0 0 0 92 928 4 0 0 0 0 0 0 142 882 0 0 
0 0 42 978 4 0 0 0 0 0 0 876 148 0 0 0 0 0 0 6 986 32 0 0 
0 0 27 981 16 0 0 0 0 0 2 140 879 3 0 0 0 0 0 7 917 99 1 0 
0 0 2 982 40 0 0 0 0 0 0 41 972 11 0 0 0 0 0 0 857 167 0 0 
0 0 11 918 95 0 0 0 0 0 1 27 973 23 0 0 0 0 0 4 91 926 3 0 
2 47 46 768 153 8 0 0 0 20 73 8 871 52 0 0 0 9 72 15 672 243 13 0 
4 6 2 81 931 0 0 0 2 7 1 2 939 73 0 0 0 4 6 2 8 998 6 0 
0 0 0 73 943 8 0 0 0 0 0 0 938 84 2 0 0 0 0 0 4 1006 14 0 
0 0 0 144 867 13 0 0 0 0 0 0 959 59 6 0 0 0 0 0 17 981 25 1 
0 0 2 974 47 1 0 0 0 0 0 49 967 8 0 0 0 0 0 0 114 905 5 0 
0 0 0 1019 5 0 0 0 0 0 0 32 992 0 0 0 0 0 0 0 161 863 0 0 
