13 148 245 352 53 31 140 42 5 32 166 415 183 21 102 100 0 3 23 156 560 60 17 205 
41 106 142 233 204 169 66 63 21 37 102 217 308 141 86 112 4 23 23 111 319 286 60 198 
11 42 58 136 242 341 178 16 1 18 57 52 256 321 210 109 0 2 11 47 91 425 112 336 
8 44 54 56 178 379 269 36 0 17 41 48 103 360 268 187 0 0 8 32 50 260 213 461 
7 18 21 53 96 376 314 139 0 7 18 16 62 201 406 314 0 0 1 11 18 48 348 598 
1 11 14 26 84 320 311 257 0 1 11 11 33 116 407 445 0 0 0 4 8 28 218 766 
1 11 11 15 67 192 339 388 0 0 7 16 20 73 317 591 0 0 0 1 10 25 86 902 
0 8 15 24 55 176 342 404 0 0 9 17 20 81 301 596 0 0 1 3 13 15 85 907 
2 10 19 22 55 153 315 448 2 9 17 17 25 67 246 641 0 8 19 14 11 30 48 894 
0 0 4 2 7 93 228 690 0 0 0 3 3 15 166 837 0 0 0 0 2 3 18 1001 
0 23 30 15 14 45 364 533 0 0 4 44 16 20 716 224 0 0 0 0 22 65 656 281 
7 102 256 66 34 29 43 487 0 30 196 180 57 30 312 219 0 13 237 173 37 131 253 180 
0 99 244 60 37 20 38 526 0 3 157 221 63 29 539 12 0 10 248 172 35 128 426 5 
0 3 16 6 6 3 142 848 0 0 11 14 6 27 966 0 0 0 16 15 5 433 555 0 
0 0 0 0 0 0 522 502 0 0 0 0 0 264 760 0 0 0 0 0 0 698 326 0 
0 0 1 1 2 2 549 469 0 0 1 2 3 410 599 9 0 1 2 2 10 673 335 1 
3 103 252 117 98 67 155 229 0 32 249 213 114 151 265 0 4 41 327 180 114 192 166 0 
1 135 291 123 72 53 191 158 0 26 234 274 121 320 49 0 2 59 360 223 217 155 8 0 
1 37 52 26 27 19 712 150 0 6 52 60 39 860 7 0 1 30 86 47 784 76 0 0 
0 2 336 608 78 0 0 0 0 0 0 565 459 0 0 0 0 0 0 6 925 93 0 0 
0 0 149 428 333 114 0 0 0 0 0 268 631 125 0 0 0 0 0 5 642 377 0 0 
0 1 43 86 521 369 4 0 0 0 6 54 426 538 0 0 0 0 0 19 148 857 0 0 
0 0 32 32 27 374 495 64 0 0 12 35 28 335 518 96 0 0 0 17 51 223 593 140 
0 0 16 25 15 43 616 309 0 0 0 24 24 17 582 377 0 0 0 9 27 22 479 487 
0 0 8 5 8 30 495 478 0 0 0 9 11 11 480 513 0 0 0 0 16 19 403 586 
0 0 0 0 1 38 478 507 0 0 0 0 1 1 448 574 0 0 0 0 0 1 267 756 
0 0 2 1 8 113 399 501 0 0 0 1 3 6 460 554 0 0 0 0 1 2 196 825 
0 5 9 14 38 134 393 431 0 0 5 7 19 35 479 479 0 0 0 0 4 18 217 785 
0 2 13 14 32 153 451 359 0 0 2 13 20 30 530 429 0 0 0 0 5 19 122 878 
0 4 17 21 28 154 556 244 0 0 1 17 32 27 550 397 0 0 0 0 5 27 211 781 
0 39 60 32 41 193 519 140 0 4 9 81 41 47 574 268 0 0 6 5 31 82 389 511 
7 91 139 39 97 269 334 48 2 23 99 118 63 282 330 107 0 2 113 54 39 190 395 231 
5 28 69 43 109 149 327 294 0 7 55 58 92 257 476 79 0 12 57 46 29 456 289 135 
0 0 0 0 0 0 623 401 0 0 0 0 0 764 260 0 0 0 0 0 0 975 49 0 
0 2 11 20 12 11 707 261 0 3 17 20 14 945 25 0 0 7 24 19 49 925 0 0 
1 141 259 190 129 107 124 73 0 61 357 246 155 145 57 3 1 118 412 244 154 87 7 1 
2 262 531 138 53 30 7 1 0 40 559 290 114 20 0 1 0 86 582 290 59 5 2 0 
0 178 755 69 9 6 3 4 0 11 276 574 144 14 1 4 0 42 611 333 31 3 2 2 
0 5 192 438 389 0 0 0 0 0 13 203 808 0 0 0 0 0 0 16 951 57 0 0 
0 0 0 270 312 141 11 290 0 0 0 12 577 133 8 294 0 0 0 0 554 165 8 297 
0 0 34 61 301 202 23 403 0 0 0 57 271 266 21 409 0 0 0 20 182 384 29 409 
0 6 75 267 346 16 115 199 0 0 10 90 411 192 40 281 0 0 3 21 214 441 39 306 
0 0 71 87 104 21 76 665 0 0 0 46 123 110 25 720 0 0 0 0 124 90 84 726 
0 0 7 14 17 23 56 907 0 0 0 10 17 13 38 946 0 0 0 0 17 12 29 966 
0 0 6 28 21 21 73 875 0 0 0 13 25 24 76 886 0 0 0 0 24 29 66 905 
0 0 0 30 18 27 75 874 0 0 0 3 34 19 88 880 0 0 0 0 18 30 79 897 
0 0 0 30 22 15 84 873 0 0 0 0 35 22 78 889 0 0 0 0 16 32 67 909 
0 0 1 26 16 23 60 898 0 0 0 0 32 21 78 893 0 0 0 0 8 40 73 903 
0 0 0 29 13 19 91 872 0 0 0 3 30 19 91 881 0 0 0 0 8 35 78 903 
0 0 2 19 22 25 144 812 0 0 0 11 25 21 137 830 0 0 0 0 18 33 136 837 
0 3 5 15 43 137 591 230 3 3 10 14 52 308 457 177 0 0 3 8 31 345 415 222 
4 54 65 38 27 60 394 382 16 22 67 61 30 242 582 4 1 20 76 51 41 495 333 7 
2 112 230 48 18 23 403 188 1 6 175 184 44 401 213 0 1 35 262 112 32 578 4 0 
1 351 275 56 19 18 129 175 0 27 419 198 65 285 30 0 1 194 408 100 125 195 1 0 
3 271 423 139 87 49 28 24 0 73 261 393 207 62 27 1 3 106 454 353 73 33 2 0 
6 208 404 182 107 59 33 25 8 44 210 395 235 99 31 2 10 58 448 338 125 41 4 0 
21 77 94 135 394 124 67 112 12 44 109 147 461 91 66 94 7 40 128 140 458 110 44 97 
61 169 598 162 34 0 0 0 72 134 66 700 52 0 0 0 7 129 82 49 725 32 0 0 
0 2 239 216 307 23 35 202 0 0 19 353 395 24 34 199 0 0 0 82 670 37 21 214 
45 106 263 120 134 35 18 303 2 120 38 347 134 55 22 306 0 23 112 40 344 182 16 307 
3 29 205 226 544 17 0 0 0 3 53 322 274 372 0 0 0 0 4 138 278 600 4 0 
3 5 307 569 140 0 0 0 2 2 4 590 290 136 0 0 0 0 3 2 252 727 40 0 
15 37 112 672 37 10 5 136 5 36 25 125 653 37 9 134 0 17 29 29 171 612 31 135 
7 40 102 279 44 8 6 538 2 33 25 77 300 41 10 536 0 3 35 23 186 203 35 539 
0 0 12 50 30 3 6 923 0 0 0 10 60 27 6 921 0 0 0 0 38 40 24 922 
0 0 0 0 0 0 0 1024 0 0 0 0 0 0 0 1024 0 0 0 0 0 0 0 1024 
0 0 0 0 0 0 0 1024 0 0 0 0 0 0 0 1024 0 0 0 0 0 0 0 1024 
0 0 0 0 0 0 0 1024 0 0 0 0 0 0 0 1024 0 0 0 0 0 0 0 1024 
0 0 0 0 0 0 0 1024 0 0 0 0 0 0 0 1024 0 0 0 0 0 0 0 1024 
0 2 1 3 1 2 1 1014 1 1 2 2 1 2 0 1015 0 1 0 1 3 2 1 1016 
5 81 93 28 15 19 16 767 34 47 94 34 18 22 17 758 0 6 74 50 50 53 21 770 
6 84 330 62 43 35 57 407 3 28 258 171 42 34 63 425 0 3 229 213 37 24 40 478 
12 231 417 125 66 60 34 79 6 66 381 290 81 51 59 90 0 39 436 261 71 38 53 126 
2 287 519 146 38 19 10 3 0 7 219 550 186 38 11 13 0 23 458 392 89 29 17 16 
17 273 390 185 94 39 21 5 0 13 160 447 236 96 51 21 0 33 317 344 140 96 53 41 
13 126 143 215 327 77 65 58 2 11 97 195 438 112 82 87 0 25 154 169 416 85 62 113 
100 136 109 678 1 0 0 0 110 106 55 706 47 0 0 0 72 150 42 13 746 1 0 0 
49 68 142 177 285 146 70 87 50 56 35 283 403 59 66 72 40 67 17 39 656 62 67 76 
82 209 148 485 73 11 4 12 7 61 215 425 272 24 5 15 7 104 157 100 477 161 6 12 
95 136 106 289 364 34 0 0 34 31 152 244 426 135 2 0 28 73 136 86 393 305 3 0 
154 212 110 496 52 0 0 0 103 112 98 203 503 5 0 0 69 151 82 87 156 478 1 0 
71 125 197 509 116 6 0 0 36 87 90 244 527 40 0 0 24 76 68 116 187 527 26 0 
16 167 194 291 354 2 0 0 9 136 70 261 515 33 0 0 9 81 73 122 170 529 40 0 
38 209 246 247 260 6 2 16 49 191 171 64 497 34 2 16 22 267 117 12 129 439 22 16 
1 63 152 116 97 24 22 549 1 65 122 33 168 60 23 552 0 89 94 8 68 167 37 561 
0 51 36 32 43 7 42 813 0 42 38 24 44 21 28 827 0 5 71 12 43 36 17 840 
0 0 0 0 59 31 104 830 0 0 0 0 34 47 41 902 0 0 0 0 0 72 26 926 
0 0 0 0 12 84 77 851 0 0 0 0 11 85 42 886 0 0 0 0 0 83 36 905 
0 0 0 0 7 91 99 827 0 0 0 0 7 89 42 886 0 0 0 0 0 74 53 897 
0 0 0 0 0 77 91 856 0 0 0 0 0 74 60 890 0 0 0 0 0 32 95 897 
0 0 0 0 0 93 86 845 0 0 0 0 0 96 25 903 0 0 0 0 0 61 49 914 
1 6 6 2 1 72 105 831 0 1 8 3 13 76 43 880 0 0 8 4 2 79 26 905 
11 125 99 26 15 63 111 574 0 17 118 107 24 92 69 597 0 22 136 73 28 81 48 636 
29 201 192 120 70 81 122 209 2 40 199 176 125 122 83 277 0 33 198 173 127 96 82 315 
10 192 349 314 70 38 36 15 0 8 161 356 357 65 38 39 0 13 228 353 271 58 46 55 
775 229 12 4 2 2 0 0 832 144 18 5 8 6 5 6 720 266 11 9 4 9 4 1 
373 254 109 87 99 100 2 0 279 116 155 141 210 111 12 0 295 182 155 158 182 52 0 0 
422 508 64 20 9 0 1 0 47 412 367 101 51 37 7 2 92 558 245 88 26 13 1 1 
300 493 74 69 60 28 0 0 69 359 368 114 67 41 6 0 86 517 238 74 57 42 10 0 
365 608 49 1 1 0 0 0 55 309 499 143 17 1 0 0 89 530 351 50 4 0 0 0 
321 470 148 57 18 6 4 0 3 61 432 401 98 19 10 0 8 206 450 235 77 35 12 1 
71 238 364 237 91 23 0 0 0 90 138 515 226 55 0 0 0 55 147 256 343 177 46 0 
199 361 326 136 2 0 0 0 229 290 277 209 19 0 0 0 242 326 226 177 46 7 0 0 
1 143 238 86 29 10 5 512 2 97 230 125 43 11 4 512 23 252 168 49 7 9 4 512 
4 198 186 65 80 25 12 454 6 125 233 77 93 23 27 440 0 37 254 118 53 86 31 445 
21 22 90 221 28 19 28 595 23 23 29 242 72 15 29 591 12 31 11 94 192 58 25 601 
10 52 18 46 68 34 54 742 8 59 19 2 55 73 53 755 2 68 15 1 6 71 76 785 
0 151 115 22 14 80 36 606 0 43 169 67 21 57 66 601 0 33 182 73 12 2 112 610 
30 249 180 63 23 11 8 460 15 126 248 100 53 14 8 460 11 105 210 137 64 27 9 461 
60 240 163 70 63 10 8 410 38 80 153 163 152 22 6 410 5 78 173 180 112 35 28 413 
19 286 176 95 42 8 6 392 1 88 231 186 114 10 6 388 5 132 249 152 81 10 5 390 
78 343 160 53 13 7 9 361 24 155 219 182 67 8 21 348 28 226 265 106 27 8 17 347 
101 266 245 118 55 7 7 225 42 134 256 198 135 24 22 213 32 171 259 220 88 21 13 220 
109 168 192 310 236 9 0 0 46 134 108 251 446 39 0 0 45 160 150 284 368 16 1 0 
478 436 68 24 11 7 0 0 376 179 191 103 70 48 34 23 319 310 192 94 53 36 16 4 
414 398 140 53 16 3 0 0 60 187 219 207 190 106 46 9 102 279 255 229 116 37 5 1 
385 502 80 39 15 3 0 0 48 293 381 165 80 33 18 6 93 451 293 116 46 15 10 0 
541 455 27 1 0 0 0 0 261 461 232 67 3 0 0 0 269 576 171 8 0 0 0 0 
585 414 18 5 2 0 0 0 218 539 205 57 5 0 0 0 223 604 174 19 4 0 0 0 
330 408 125 99 33 18 9 2 4 171 474 214 104 32 18 7 17 269 383 159 107 64 20 5 
22 155 456 263 100 24 4 0 8 69 171 477 220 67 12 0 7 50 90 283 358 168 68 0 
249 281 209 207 73 5 0 0 245 215 197 215 124 28 0 0 304 224 138 231 92 35 0 0 
19 132 212 98 50 11 11 491 9 93 173 145 89 14 10 491 70 202 96 133 11 11 9 492 
26 149 172 155 102 58 30 332 13 101 196 154 107 81 34 338 3 53 207 98 132 121 56 354 
61 99 155 615 93 1 0 0 54 105 102 484 268 11 0 0 18 131 94 102 518 146 15 0 
23 145 26 92 168 80 105 385 28 134 22 17 124 184 89 426 26 125 25 14 12 157 201 464 
114 351 135 35 1 170 68 150 1 131 232 144 75 125 157 159 0 71 222 152 86 51 263 179 
301 437 255 25 5 1 0 0 10 148 308 253 147 77 56 25 6 150 303 250 121 72 61 61 
203 480 258 63 12 6 2 0 24 97 330 334 121 58 39 21 4 114 386 278 100 57 41 44 
124 557 272 51 18 2 0 0 7 208 381 269 113 43 3 0 11 277 439 234 50 9 3 1 
240 548 136 56 33 8 3 0 28 168 210 257 277 77 4 3 40 232 352 323 61 13 2 1 
164 429 253 110 48 16 4 0 69 246 263 236 163 37 9 1 53 252 336 231 106 27 15 4 
214 356 304 79 32 21 13 5 159 283 414 90 40 18 12 8 94 363 407 78 45 19 9 9 
596 395 26 6 0 1 0 0 495 306 149 49 7 10 4 4 503 400 95 9 8 5 3 1 
537 409 57 17 3 0 1 0 188 495 237 61 18 21 4 0 205 574 173 45 15 7 4 1 
486 465 55 11 4 3 0 0 109 411 345 111 28 11 7 2 157 547 218 58 24 13 4 3 
568 430 26 0 0 0 0 0 272 454 202 86 10 0 0 0 295 531 176 21 1 0 0 0 
481 483 46 7 5 2 0 0 127 535 318 34 7 2 1 0 184 601 195 30 8 4 2 0 
384 469 118 35 13 3 2 0 49 291 469 163 36 12 3 1 60 394 382 127 35 17 6 3 
141 388 219 173 54 32 17 0 6 115 389 272 171 42 27 2 9 106 221 189 273 159 62 5 
194 307 215 224 74 10 0 0 146 160 250 314 97 51 6 0 289 188 107 177 174 73 8 8 
46 213 229 202 86 33 33 182 19 93 208 246 120 94 41 203 104 203 99 111 127 34 82 264 
112 205 315 146 65 44 49 88 17 135 172 155 265 104 58 118 7 72 86 133 106 145 286 189 
50 147 202 405 177 22 15 6 31 120 147 201 281 177 54 13 16 120 111 108 165 237 67 200 
14 22 34 138 118 142 105 451 8 19 16 30 169 138 164 480 3 16 20 21 28 173 212 551 
36 205 132 55 18 61 72 445 1 53 152 140 75 40 86 477 1 52 151 151 50 35 80 504 
181 407 243 127 41 15 7 3 23 193 266 253 151 97 28 13 2 158 346 236 138 90 32 22 
331 423 178 50 25 13 4 0 23 144 278 290 143 80 47 19 33 213 331 209 96 64 43 35 
170 304 159 126 147 96 22 0 18 94 158 146 281 190 117 20 13 117 125 180 174 113 186 116 
268 448 306 2 0 0 0 0 55 171 176 152 461 9 0 0 68 243 177 380 156 0 0 0 
40 543 408 20 11 2 0 0 1 31 117 358 501 15 1 0 0 41 319 549 100 9 6 0 
60 682 279 3 0 0 0 0 24 186 242 272 293 7 0 0 21 127 478 358 38 2 0 0 
667 223 50 62 16 4 2 0 616 143 152 97 12 3 1 0 597 215 109 62 35 4 2 0 
510 431 62 16 5 0 0 0 200 455 324 38 6 1 0 0 269 583 141 23 7 1 0 0 
648 347 28 1 0 0 0 0 303 537 145 37 2 0 0 0 337 592 80 13 2 0 0 0 
502 493 28 1 0 0 0 0 222 425 273 94 10 0 0 0 240 544 214 24 2 0 0 0 
593 404 24 3 0 0 0 0 196 582 215 29 2 0 0 0 209 647 143 19 6 0 0 0 
412 532 79 1 0 0 0 0 84 333 459 139 9 0 0 0 99 443 342 92 41 7 0 0 
84 690 244 6 0 0 0 0 1 25 593 397 8 0 0 0 0 30 76 87 715 116 0 0 
143 744 119 16 2 0 0 0 0 86 759 154 20 4 1 0 1 3 8 476 413 110 7 6 
207 464 216 35 42 15 15 30 10 146 511 200 57 44 22 34 11 21 62 356 350 113 59 52 
234 467 245 40 20 14 4 0 0 96 448 223 189 56 10 2 0 0 3 215 368 199 206 33 
179 341 442 52 10 0 0 0 0 79 359 278 274 24 10 0 0 0 0 150 329 404 105 36 
0 0 14 243 13 31 28 695 0 0 0 0 251 43 20 710 0 0 0 0 0 82 223 719 
136 138 83 51 33 42 62 479 2 13 108 169 84 57 70 521 0 5 58 120 86 68 90 597 
69 263 416 94 110 34 27 11 1 19 212 453 139 84 67 49 0 3 23 102 339 310 100 147 
25 51 217 367 266 95 3 0 1 16 44 180 377 283 122 1 2 21 8 15 120 318 370 170 
3 412 444 43 65 44 13 0 0 0 2 297 577 80 56 12 0 0 8 451 384 32 70 79 
0 595 369 5 11 44 0 0 0 0 2 308 656 33 25 0 0 0 18 726 220 5 10 45 
0 553 188 6 21 256 0 0 0 0 0 360 386 188 90 0 0 0 69 612 60 6 11 266 
0 454 145 65 112 246 2 0 0 0 1 270 390 313 50 0 0 0 58 492 82 32 12 348 
789 92 51 77 15 0 0 0 773 71 86 93 1 0 0 0 760 98 67 90 9 0 0 0 
352 379 114 138 41 0 0 0 98 415 288 135 80 8 0 0 180 467 147 103 102 25 0 0 
656 359 9 0 0 0 0 0 274 499 225 26 0 0 0 0 342 605 74 3 0 0 0 0 
563 427 33 1 0 0 0 0 178 546 261 38 1 0 0 0 256 627 131 9 1 0 0 0 
331 544 138 11 0 0 0 0 51 338 442 178 15 0 0 0 59 439 346 137 40 3 0 0 
251 556 212 5 0 0 0 0 51 153 488 316 16 0 0 0 18 170 284 278 247 27 0 0 
186 651 187 0 0 0 0 0 119 123 527 254 1 0 0 0 2 143 89 109 508 172 1 0 
152 659 201 10 2 0 0 0 25 191 598 197 8 5 0 0 0 20 129 208 555 103 5 4 
148 495 263 82 22 5 8 1 3 175 419 267 87 53 13 7 0 1 67 261 368 175 78 74 
193 479 240 76 27 8 1 0 3 201 374 265 94 63 23 1 2 35 97 175 329 196 103 87 
142 274 297 213 87 6 2 3 1 130 243 264 125 226 30 5 0 25 73 174 188 214 98 252 
9 51 25 119 177 101 83 459 0 4 48 30 58 238 140 506 0 0 1 8 34 60 180 741 
287 193 61 36 41 46 57 303 3 274 189 56 33 48 78 343 0 0 12 68 222 198 68 456 
10 50 32 111 569 68 127 57 1 8 45 28 35 444 305 158 0 0 1 7 8 33 65 910 
19 91 50 88 597 118 53 8 4 20 78 45 57 511 262 47 0 3 15 49 56 41 89 771 
18 160 157 37 318 327 7 0 1 34 94 136 103 355 299 2 0 8 27 100 174 48 37 630 
0 2 8 5 427 548 26 8 0 0 0 6 7 627 364 20 0 0 0 4 7 3 3 1007 
0 0 0 0 600 186 85 153 0 0 1 6 2 722 77 216 0 0 5 4 0 2 5 1008 
0 0 0 0 483 195 121 225 0 0 1 17 35 594 190 187 0 8 12 34 25 49 44 852 
249 228 328 195 24 0 0 0 238 181 370 219 16 0 0 0 215 75 182 431 121 0 0 0 
326 461 185 41 11 0 0 0 95 485 352 73 16 3 0 0 139 395 309 152 22 7 0 0 
428 506 85 5 0 0 0 0 133 565 304 22 0 0 0 0 134 632 237 20 1 0 0 0 
267 577 153 25 2 0 0 0 80 403 434 98 9 0 0 0 119 417 393 77 18 0 0 0 
294 509 161 38 17 5 0 0 77 385 409 115 25 13 0 0 105 392 331 131 48 17 0 0 
298 595 126 5 0 0 0 0 55 316 499 152 1 1 0 0 49 311 305 201 135 23 0 0 
97 545 343 34 5 0 0 0 48 174 487 308 7 0 0 0 5 84 282 240 246 166 1 0 
127 507 343 45 2 0 0 0 62 210 499 248 5 0 0 0 12 110 232 230 276 163 1 0 
72 499 363 59 11 14 5 1 54 163 483 263 44 14 3 0 0 29 139 349 310 170 18 9 
113 380 350 105 71 5 0 0 42 103 298 413 139 29 0 0 0 52 119 121 298 356 48 30 
221 320 235 114 39 58 36 1 12 68 250 392 162 59 48 33 3 69 161 250 165 223 62 91 
43 108 53 117 265 107 203 128 60 95 31 188 137 87 141 285 42 105 44 186 53 105 54 435 
53 61 20 102 423 71 114 180 42 69 34 26 22 277 270 284 10 75 34 27 24 16 17 821 
46 120 79 99 604 68 8 0 29 58 50 92 84 493 212 6 8 65 44 68 67 38 65 669 
22 168 162 88 529 46 9 0 0 36 183 122 61 471 145 6 0 4 74 124 117 76 42 587 
8 142 177 112 227 102 158 98 0 39 168 146 97 235 137 202 0 11 68 219 126 76 70 454 
4 17 28 27 86 55 233 574 0 1 44 54 79 247 121 478 1 12 105 81 109 72 82 562 
0 0 0 0 2 32 166 824 0 0 6 20 105 572 98 223 19 20 422 151 60 76 61 215 
0 0 0 0 0 0 179 845 0 0 0 64 481 444 19 16 249 182 351 150 51 19 7 15 
11 662 284 49 18 0 0 0 6 232 727 57 2 0 0 0 0 285 481 255 3 0 0 0 
81 719 171 25 28 0 0 0 54 355 551 63 1 0 0 0 15 283 635 90 1 0 0 0 
31 301 299 253 131 9 0 0 3 146 379 266 162 33 35 0 1 101 264 235 316 41 26 40 
122 287 211 222 106 71 5 0 54 178 217 281 106 62 117 9 20 201 188 102 280 50 40 143 
375 490 118 18 14 5 3 1 162 452 317 53 17 13 7 3 91 480 274 110 23 24 14 8 
271 495 121 85 28 13 7 4 91 335 342 107 77 44 18 10 67 374 330 95 41 66 39 12 
186 432 202 100 51 24 13 16 85 256 338 171 100 48 17 9 18 197 348 212 113 79 35 22 
178 377 297 109 27 18 6 12 32 143 256 276 210 73 21 13 6 79 224 227 238 166 47 37 
135 419 295 115 41 13 3 3 61 102 221 303 215 104 18 0 4 54 149 271 295 139 68 44 
346 361 188 71 33 19 4 2 129 408 195 166 84 32 9 1 1 35 157 287 319 128 63 34 
156 247 249 183 128 36 20 5 51 134 155 166 228 185 75 30 16 63 56 66 165 146 155 357 
145 257 281 171 106 54 9 1 96 161 148 184 171 166 82 16 57 166 183 213 126 62 34 183 
61 221 279 169 187 75 15 17 34 48 158 288 241 144 94 17 19 70 201 312 192 52 42 136 
137 352 308 145 67 13 2 0 11 40 201 365 246 118 38 5 7 65 284 360 204 60 23 21 
94 299 305 194 98 31 2 1 1 57 226 331 221 133 49 6 6 70 268 310 177 87 45 61 
81 160 240 268 200 59 15 1 25 58 149 305 271 138 68 10 13 48 177 282 174 147 79 104 
12 40 97 234 588 48 5 0 5 9 49 203 258 450 49 1 2 9 41 171 126 164 66 445 
0 38 103 114 106 18 416 229 0 10 79 86 98 100 90 561 0 0 5 64 106 91 49 709 
0 0 0 1 2 15 248 758 0 1 7 8 128 443 240 197 6 32 276 37 209 84 63 317 
1 342 629 48 4 0 0 0 0 1 64 449 483 25 2 0 0 7 143 635 226 11 2 0 
40 380 462 22 54 62 3 1 1 42 186 358 314 44 76 3 0 85 213 472 120 25 32 77 
26 110 72 115 483 206 12 0 1 56 107 51 74 332 391 12 0 32 61 85 39 61 267 479 
14 45 22 42 342 514 45 0 1 22 37 22 32 110 722 78 0 1 31 32 20 29 75 836 
127 249 310 164 93 52 26 3 89 132 227 292 144 74 44 22 10 98 173 260 225 115 74 69 
156 302 311 144 52 22 26 11 43 121 229 316 201 85 21 8 6 75 198 201 226 148 94 76 
166 319 306 135 53 23 10 12 25 105 208 303 223 108 37 15 9 98 212 333 187 88 48 49 
147 350 371 111 26 9 5 5 6 41 158 387 297 109 18 8 0 51 202 384 229 97 33 28 
51 156 243 256 143 123 41 11 8 47 119 202 278 195 142 33 0 25 66 139 221 242 173 158 
110 277 302 157 141 37 0 0 8 59 171 253 243 207 81 2 2 40 157 219 235 110 126 135 
119 263 312 142 117 66 5 0 5 52 198 339 206 122 96 6 4 83 178 221 246 94 73 125 
108 339 358 136 60 19 2 2 7 67 240 335 204 116 48 7 13 138 260 333 160 69 29 22 
90 314 377 164 53 13 4 9 11 79 254 335 186 121 25 13 17 147 319 319 156 47 9 10 
163 345 302 121 49 19 10 15 6 90 293 315 160 100 35 25 12 177 348 268 131 52 17 19 
102 312 339 163 58 22 14 14 14 113 271 305 200 74 28 19 11 163 298 319 146 49 16 22 
47 176 244 310 187 52 4 4 9 27 128 302 382 131 41 4 8 36 169 439 213 79 31 49 
8 78 181 499 163 37 28 30 5 9 56 284 535 65 30 40 1 12 43 110 342 395 51 70 
1 24 61 399 398 31 33 77 0 15 16 104 552 219 41 77 0 0 5 24 99 549 86 261 
1 29 59 65 300 200 137 233 0 26 50 27 77 463 142 239 0 0 20 31 49 81 324 519 
