35 371 215 45 116 242 0 0 6 209 258 163 77 311 0 0 46 303 238 65 89 272 11 0 
48 551 150 46 226 3 0 0 18 483 164 98 167 94 0 0 107 475 139 58 137 108 0 0 
121 703 178 21 1 0 0 0 91 620 135 141 37 0 0 0 287 500 188 48 1 0 0 0 
116 752 140 16 0 0 0 0 81 731 128 74 10 0 0 0 273 610 119 22 0 0 0 0 
100 840 84 0 0 0 0 0 86 801 133 4 0 0 0 0 321 650 53 0 0 0 0 0 
93 781 146 4 0 0 0 0 50 699 200 71 4 0 0 0 208 669 139 8 0 0 0 0 
120 860 38 6 0 0 0 0 125 853 38 8 0 0 0 0 263 725 33 3 0 0 0 0 
30 528 459 6 1 0 0 0 54 519 444 6 1 0 0 0 186 474 362 1 1 0 0 0 
19 780 221 4 0 0 0 0 25 789 207 3 0 0 0 0 70 816 135 3 0 0 0 0 
73 921 30 0 0 0 0 0 56 945 23 0 0 0 0 0 180 828 16 0 0 0 0 0 
33 391 202 48 83 267 0 0 5 260 171 177 91 310 10 0 53 300 211 97 54 259 50 0 
85 539 108 52 230 10 0 0 31 511 126 97 119 140 0 0 115 489 107 60 131 122 0 0 
100 737 164 20 3 0 0 0 57 681 171 101 14 0 0 0 185 644 168 23 4 0 0 0 
59 683 249 30 3 0 0 0 24 574 281 131 12 2 0 0 137 614 235 34 4 0 0 0 
23 809 176 5 9 2 0 0 13 783 203 12 10 3 0 0 200 641 151 7 11 10 4 0 
53 686 123 111 49 2 0 0 68 631 149 69 99 7 1 0 185 559 113 88 77 1 1 0 
8 153 285 237 321 20 0 0 7 120 252 211 359 74 1 0 21 124 271 191 356 61 0 0 
0 90 521 292 119 2 0 0 0 42 519 246 208 9 0 0 0 89 522 239 169 5 0 0 
0 486 487 50 1 0 0 0 2 534 439 47 2 0 0 0 9 643 334 38 0 0 0 0 
5 899 120 0 0 0 0 0 2 922 100 0 0 0 0 0 8 969 47 0 0 0 0 0 
47 324 260 57 132 204 0 0 4 148 189 269 98 314 2 0 34 212 287 143 31 309 8 0 
34 323 396 126 133 12 0 0 7 138 310 287 213 69 0 0 45 245 355 175 145 59 0 0 
38 359 598 29 0 0 0 0 12 276 618 86 32 0 0 0 72 372 534 46 0 0 0 0 
9 107 762 146 0 0 0 0 4 113 900 5 2 0 0 0 19 205 797 3 0 0 0 0 
1 10 1006 7 0 0 0 0 1 15 1006 2 0 0 0 0 4 20 1000 0 0 0 0 0 
5 119 815 58 11 8 8 0 2 97 873 23 11 5 12 1 8 137 830 20 11 5 13 0 
8 164 786 63 3 0 0 0 0 101 835 84 4 0 0 0 9 215 739 61 0 0 0 0 
4 356 497 122 42 3 0 0 0 241 421 294 60 8 0 0 0 337 441 207 31 8 0 0 
16 738 199 37 18 15 1 0 12 589 174 178 50 21 0 0 54 623 206 103 21 17 0 0 
25 690 179 69 60 1 0 0 24 793 79 71 56 1 0 0 44 781 78 73 47 1 0 0 
60 363 195 71 266 69 0 0 10 254 182 152 186 239 1 0 74 288 167 113 116 263 3 0 
35 324 520 137 8 0 0 0 1 31 258 441 273 20 0 0 8 132 412 324 142 6 0 0 
47 329 371 90 47 58 82 0 15 158 262 290 136 30 131 2 49 230 342 171 65 30 92 45 
18 373 336 89 20 101 87 0 2 190 321 237 67 33 169 5 17 305 368 96 31 28 123 56 
29 573 369 42 11 0 0 0 3 420 419 166 15 1 0 0 26 529 409 51 9 0 0 0 
13 450 456 100 5 0 0 0 2 232 289 359 132 10 0 0 19 287 424 250 40 4 0 0 
1 56 601 236 57 72 1 0 0 51 469 303 86 109 6 0 0 101 491 271 39 106 16 0 
0 143 544 181 149 7 0 0 0 211 471 177 150 15 0 0 0 271 435 156 140 22 0 0 
0 179 304 295 192 35 19 0 0 75 337 300 197 86 29 0 0 178 293 261 150 111 29 2 
0 156 518 241 91 18 0 0 0 126 533 297 68 0 0 0 0 241 495 256 32 0 0 0 
0 38 119 270 266 193 39 99 0 0 20 79 253 459 107 106 0 8 33 79 257 377 165 105 
5 109 316 212 171 48 21 142 0 3 40 178 392 224 33 154 0 5 89 250 265 199 59 157 
6 88 246 85 377 62 0 160 0 3 146 157 189 369 0 160 0 50 202 100 110 388 14 160 
0 44 274 272 297 94 3 40 0 7 135 352 197 275 18 40 0 22 135 350 113 333 27 44 
0 57 152 167 490 39 30 89 0 0 98 194 400 219 7 106 3 25 91 182 205 401 10 107 
4 93 87 140 597 30 16 57 0 22 124 116 552 134 12 64 0 60 107 103 290 376 26 62 
1 35 77 131 660 40 21 59 0 14 54 103 672 89 21 71 0 25 57 94 470 273 35 70 
0 18 59 325 542 15 27 38 0 22 46 120 746 18 18 54 0 23 47 125 678 81 18 52 
2 146 167 466 221 10 12 0 0 23 206 277 487 17 10 4 2 110 191 194 501 14 9 3 
0 77 150 496 246 23 26 6 2 81 219 368 297 20 32 5 4 122 341 213 284 26 26 8 
0 36 220 215 89 97 227 140 0 24 180 186 153 106 250 125 0 34 186 246 205 204 81 68 
3 181 306 122 62 75 215 60 0 65 394 134 67 46 256 62 3 191 303 129 70 102 193 33 
0 0 7 21 13 289 533 161 0 0 14 16 15 78 811 90 0 3 23 18 146 433 376 25 
0 6 279 400 121 41 91 86 0 9 204 483 99 56 91 82 0 48 354 329 90 91 105 7 
0 6 225 369 143 69 196 16 0 12 187 373 154 70 204 24 2 53 278 268 197 182 39 5 
0 8 162 190 336 140 154 34 0 3 119 194 214 292 159 43 0 19 146 182 160 418 62 37 
0 7 56 52 357 243 284 25 0 2 59 51 133 447 295 37 0 12 63 54 105 642 143 5 
0 1 16 14 18 62 883 30 0 0 15 15 13 250 698 33 0 6 17 13 413 452 83 40 
0 0 0 0 0 156 854 14 0 0 0 0 0 361 614 49 0 0 0 0 498 387 103 36 
0 0 5 25 59 564 371 0 0 0 0 12 48 791 172 1 0 0 2 31 747 214 30 0 
0 4 234 157 388 204 34 3 0 0 151 228 105 493 47 0 0 2 153 219 85 374 191 0 
0 27 454 405 102 15 18 3 0 7 347 527 58 63 21 1 0 9 388 482 52 91 2 0 
0 48 306 223 120 209 113 5 0 36 292 195 137 141 221 2 3 49 293 175 168 122 193 21 
1 52 360 300 85 101 124 1 0 40 354 217 187 70 152 4 0 68 377 192 242 50 87 8 
0 45 533 271 58 39 75 3 0 51 482 247 133 66 45 0 2 97 443 244 209 27 2 0 
0 54 200 217 158 189 186 20 0 23 199 200 159 155 243 45 0 34 204 177 167 215 195 32 
0 51 164 153 368 227 57 4 0 18 170 139 261 335 89 12 0 15 171 131 207 388 93 19 
0 0 7 143 412 227 219 16 0 0 6 42 381 278 270 47 0 4 7 17 380 473 101 42 
0 0 0 136 443 122 317 6 0 0 0 21 392 303 263 45 0 0 0 4 498 386 85 51 
0 0 25 164 291 265 277 2 0 0 0 48 294 608 72 2 0 0 2 61 769 180 9 3 
0 127 67 67 346 417 0 0 0 0 39 120 105 754 6 0 0 30 109 54 71 378 382 0 
0 111 111 222 444 136 0 0 0 0 99 225 164 530 6 0 0 16 181 143 124 386 174 0 
3 170 351 223 214 63 0 0 0 57 264 264 211 219 9 0 0 70 332 228 154 165 75 0 
0 23 107 193 616 85 0 0 0 4 59 123 285 553 0 0 0 2 53 109 187 599 74 0 
0 20 148 93 694 69 0 0 0 22 133 59 380 429 1 0 0 24 132 59 195 556 58 0 
0 8 250 404 354 8 0 0 0 1 122 379 405 117 0 0 0 2 119 358 301 244 0 0 
0 20 124 301 575 4 0 0 0 5 108 144 642 125 0 0 0 3 106 115 451 349 0 0 
0 3 15 146 854 6 0 0 0 0 14 27 838 145 0 0 0 0 11 14 587 412 0 0 
0 32 72 222 694 4 0 0 0 0 17 97 816 94 0 0 0 6 57 104 579 278 0 0 
4 137 147 493 243 0 0 0 0 0 54 215 750 5 0 0 0 21 168 217 557 61 0 0 
