0 0 0 0 0 0 0 1024 0 0 0 0 0 0 0 1024 0 0 0 0 0 0 0 1024 
0 0 0 0 0 0 0 1024 0 0 0 0 0 0 0 1024 0 0 0 0 0 0 0 1024 
0 0 0 0 0 0 0 1024 0 0 0 0 0 0 0 1024 0 0 0 0 0 0 0 1024 
0 0 0 0 0 0 0 1024 0 0 0 0 0 0 0 1024 0 0 0 0 0 0 0 1024 
0 0 0 0 0 0 0 1024 0 0 0 0 0 0 0 1024 0 0 0 0 0 0 0 1024 
0 0 0 0 0 0 0 1024 0 0 0 0 0 0 0 1024 0 0 0 0 0 0 0 1024 
0 0 0 0 0 0 0 1024 0 0 0 0 0 0 0 1024 0 0 0 0 0 0 0 1024 
0 0 0 0 0 0 0 1024 0 0 0 0 0 0 0 1024 0 0 0 0 0 0 0 1024 
0 0 0 0 0 0 0 1024 0 0 0 0 0 0 0 1024 0 0 0 0 0 0 0 1024 
0 0 0 0 0 0 0 1024 0 0 0 0 0 0 0 1024 0 0 0 0 0 0 0 1024 
0 0 0 0 0 0 0 1024 0 0 0 0 0 0 0 1024 0 0 0 0 0 0 0 1024 
0 0 0 0 0 0 0 1024 0 0 0 0 0 0 0 1024 0 0 0 0 0 0 0 1024 
0 0 0 0 0 0 0 1024 0 0 0 0 0 0 0 1024 0 0 0 0 0 0 0 1024 
0 0 0 0 0 0 0 1024 0 0 0 0 0 0 0 1024 0 0 0 0 0 0 0 1024 
0 0 0 0 0 0 0 1024 0 0 0 0 0 0 0 1024 0 0 0 0 0 0 0 1024 
0 0 0 0 0 0 108 916 0 0 0 0 0 0 134 890 0 0 0 0 0 0 105 919 
0 0 0 5 23 199 189 608 0 0 0 11 19 229 178 587 0 0 0 10 19 199 217 579 
0 0 0 39 105 178 305 397 0 0 0 76 95 186 347 320 0 0 0 70 87 178 305 384 
0 0 0 241 154 242 287 100 0 0 2 315 126 228 250 103 0 0 0 291 101 246 227 159 
0 0 0 427 177 184 181 55 0 0 4 478 187 159 148 48 0 0 0 467 106 217 159 75 
0 0 0 657 109 126 105 27 0 0 82 634 73 133 83 19 0 0 0 687 90 133 95 19 
0 0 0 790 137 57 26 14 0 0 205 687 55 60 10 7 0 0 0 852 90 63 10 9 
0 0 0 721 298 3 2 0 0 0 23 993 5 3 0 0 0 0 0 792 228 4 0 0 
0 0 0 400 624 0 0 0 0 0 0 994 30 0 0 0 0 0 0 571 453 0 0 0 
0 0 0 538 486 0 0 0 0 0 0 914 110 0 0 0 0 0 0 439 585 0 0 0 
0 0 0 287 737 0 0 0 0 0 0 865 159 0 0 0 0 0 0 186 828 10 0 0 
0 0 0 444 580 0 0 0 0 0 0 432 592 0 0 0 0 0 0 7 909 108 0 0 
0 0 0 568 456 0 0 0 0 0 0 12 1012 0 0 0 0 0 0 0 500 524 0 0 
0 0 0 82 942 0 0 0 0 0 0 0 1024 0 0 0 0 0 0 0 318 706 0 0 
0 0 0 38 986 0 0 0 0 0 0 0 1024 0 0 0 0 0 0 0 34 990 0 0 
0 0 0 0 1024 0 0 0 0 0 0 0 1024 0 0 0 0 0 0 0 2 1022 0 0 
0 0 0 0 1024 0 0 0 0 0 0 0 1024 0 0 0 0 0 0 0 29 995 0 0 
0 0 0 153 871 0 0 0 0 0 0 0 1024 0 0 0 0 0 0 0 235 789 0 0 
0 0 0 214 810 0 0 0 0 0 0 158 866 0 0 0 0 0 0 39 657 328 0 0 
0 0 0 451 573 0 0 0 0 0 0 757 267 0 0 0 0 0 0 268 756 0 0 0 
0 0 1 460 559 4 0 0 0 0 56 939 29 0 0 0 0 0 1 608 415 0 0 0 
0 0 0 956 68 0 0 0 0 0 128 896 0 0 0 0 0 0 0 538 486 0 0 0 
0 0 0 952 72 0 0 0 0 0 8 986 30 0 0 0 0 0 0 523 501 0 0 0 
0 0 0 0 0 0 0 1024 0 0 0 0 0 0 0 1024 0 0 0 0 0 0 0 1024 
0 0 0 0 0 0 0 1024 0 0 0 0 0 0 0 1024 0 0 0 0 0 0 0 1024 
0 0 0 0 0 0 0 1024 0 0 0 0 0 0 0 1024 0 0 0 0 0 0 0 1024 
0 0 0 0 0 0 0 1024 0 0 0 0 0 0 0 1024 0 0 0 0 0 0 0 1024 
0 0 0 0 0 0 0 1024 0 0 0 0 0 0 0 1024 0 0 0 0 0 0 0 1024 
0 0 0 0 0 0 0 1024 0 0 0 0 0 0 0 1024 0 0 0 0 0 0 0 1024 
0 0 0 0 0 0 0 1024 0 0 0 0 0 0 0 1024 0 0 0 0 0 0 0 1024 
0 0 0 0 0 0 0 1024 0 0 0 0 0 0 0 1024 0 0 0 0 0 0 0 1024 
0 0 0 0 0 0 0 1024 0 0 0 0 0 0 0 1024 0 0 0 0 0 0 0 1024 
0 0 0 0 0 0 0 1024 0 0 0 0 0 0 0 1024 0 0 0 0 0 0 0 1024 
0 0 0 0 0 0 0 1024 0 0 0 0 0 0 0 1024 0 0 0 0 0 0 0 1024 
0 0 0 0 1 3 5 1015 0 0 0 0 2 3 7 1012 0 0 0 0 3 4 18 999 
0 0 0 0 101 84 54 785 0 0 0 20 117 52 65 770 0 0 0 17 122 63 73 749 
0 0 0 71 248 103 123 479 0 0 0 207 146 89 126 456 0 0 0 120 231 102 119 452 
0 0 0 274 247 93 189 221 0 0 34 420 90 91 204 185 0 0 0 423 120 92 192 197 
0 0 0 643 106 162 87 26 0 0 68 618 84 156 84 14 0 0 0 618 145 146 84 31 
0 0 5 654 254 72 21 18 0 0 108 759 70 59 26 2 0 0 0 567 365 64 24 4 
0 0 0 986 36 2 0 0 0 0 177 842 5 0 0 0 0 0 0 647 377 0 0 0 
0 0 0 1015 9 0 0 0 0 0 240 784 0 0 0 0 0 0 0 484 540 0 0 0 
0 0 0 1022 2 0 0 0 0 0 121 903 0 0 0 0 0 0 0 306 718 0 0 0 
0 0 6 1009 9 0 0 0 0 0 73 951 0 0 0 0 0 0 0 146 878 0 0 0 
0 0 0 1024 0 0 0 0 0 0 1 1023 0 0 0 0 0 0 0 7 1017 0 0 0 
0 0 0 794 230 0 0 0 0 0 0 832 192 0 0 0 0 0 0 0 1023 1 0 0 
0 0 0 765 259 0 0 0 0 0 0 393 631 0 0 0 0 0 0 0 953 71 0 0 
0 0 0 716 308 0 0 0 0 0 0 253 771 0 0 0 0 0 0 0 955 69 0 0 
0 0 0 525 499 0 0 0 0 0 0 258 766 0 0 0 0 0 0 0 859 165 0 0 
0 0 0 908 116 0 0 0 0 0 0 82 942 0 0 0 0 0 0 0 367 657 0 0 
0 0 0 811 213 0 0 0 0 0 0 35 989 0 0 0 0 0 0 9 51 964 0 0 
0 0 0 266 758 0 0 0 0 0 0 24 1000 0 0 0 0 0 0 14 55 955 0 0 
0 0 0 63 961 0 0 0 0 0 0 0 1024 0 0 0 0 0 0 0 0 1024 0 0 
0 0 0 0 1024 0 0 0 0 0 0 0 1024 0 0 0 0 0 0 0 0 1024 0 0 
0 0 0 0 1020 4 0 0 0 0 0 0 1023 1 0 0 0 0 0 0 0 1024 0 0 
0 0 0 190 800 34 0 0 0 0 5 369 648 2 0 0 0 0 0 184 283 557 0 0 
0 0 0 343 681 0 0 0 0 0 1 520 503 0 0 0 0 0 0 268 370 386 0 0 
0 0 1 318 705 0 0 0 0 0 8 449 567 0 0 0 0 0 0 292 458 274 0 0 
0 0 3 579 442 0 0 0 0 0 114 701 209 0 0 0 0 0 2 226 765 31 0 0 
0 0 4 512 508 0 0 0 0 0 17 953 54 0 0 0 0 0 0 38 982 4 0 0 
0 0 0 422 602 0 0 0 0 0 0 730 294 0 0 0 0 0 0 52 972 0 0 0 
0 0 0 0 0 0 0 1024 0 0 0 0 0 0 0 1024 0 0 0 0 0 0 0 1024 
0 0 0 0 0 0 0 1024 0 0 0 0 0 0 0 1024 0 0 0 0 0 0 0 1024 
0 0 0 0 0 0 0 1024 0 0 0 0 0 0 0 1024 0 0 0 0 0 0 0 1024 
0 0 0 0 0 0 0 1024 0 0 0 0 0 0 0 1024 0 0 0 0 0 0 0 1024 
0 0 0 0 0 0 0 1024 0 0 0 0 0 0 0 1024 0 0 0 0 0 0 0 1024 
0 0 0 0 0 0 0 1024 0 0 0 0 0 0 0 1024 0 0 0 0 0 0 0 1024 
0 0 0 0 0 0 0 1024 0 0 0 0 0 0 0 1024 0 0 0 0 0 0 0 1024 
0 0 0 0 0 0 0 1024 0 0 0 0 0 0 0 1024 0 0 0 0 0 0 0 1024 
0 0 0 0 0 0 0 1024 0 0 0 0 0 0 0 1024 0 0 0 0 0 0 0 1024 
0 0 0 0 0 0 0 1024 0 0 0 0 0 0 0 1024 0 0 0 0 0 0 0 1024 
0 0 0 15 171 79 52 707 0 0 0 60 142 75 41 706 0 0 0 10 221 58 43 692 
0 0 5 379 380 131 31 98 0 0 14 558 206 122 31 93 0 0 0 293 501 106 44 80 
0 0 1 711 274 26 10 2 0 0 12 772 213 15 9 3 0 0 0 427 491 91 9 6 
0 0 5 869 134 6 4 6 0 0 41 874 95 6 2 6 0 0 0 348 640 24 5 7 
0 0 34 990 0 0 0 0 0 0 136 888 0 0 0 0 0 0 0 231 793 0 0 0 
0 0 10 1003 11 0 0 0 0 0 8 1012 4 0 0 0 0 0 0 28 995 1 0 0 
0 0 0 1024 0 0 0 0 0 0 0 1024 0 0 0 0 0 0 0 0 1024 0 0 0 
0 0 1 1023 0 0 0 0 0 0 3 1021 0 0 0 0 0 0 0 4 1020 0 0 0 
0 0 0 1024 0 0 0 0 0 0 0 1023 1 0 0 0 0 0 0 0 1024 0 0 0 
0 0 0 1024 0 0 0 0 0 0 0 986 38 0 0 0 0 0 0 0 974 50 0 0 
0 0 16 994 14 0 0 0 0 0 28 842 154 0 0 0 0 0 12 22 860 130 0 0 
0 0 3 957 64 0 0 0 0 0 143 743 138 0 0 0 0 0 31 234 727 32 0 0 
0 0 0 720 300 4 0 0 0 0 35 567 419 3 0 0 0 0 4 389 482 149 0 0 
0 0 0 593 335 18 78 0 0 0 18 454 470 19 63 0 0 0 0 372 412 175 65 0 
0 0 11 524 413 34 42 0 0 0 60 383 530 12 39 0 0 0 23 329 460 174 38 0 
0 0 3 450 568 3 0 0 0 0 134 561 329 0 0 0 0 0 17 390 494 123 0 0 
0 0 7 504 507 6 0 0 0 0 86 627 311 0 0 0 0 0 1 476 476 71 0 0 
0 0 0 566 456 2 0 0 0 0 26 886 112 0 0 0 0 0 0 569 454 1 0 0 
0 0 0 101 777 118 28 0 0 0 0 179 740 79 26 0 0 0 0 31 297 668 28 0 
0 0 0 207 606 211 0 0 0 0 0 296 612 116 0 0 0 0 0 23 408 593 0 0 
0 0 0 0 990 34 0 0 0 0 0 0 997 27 0 0 0 0 0 0 0 1024 0 0 
0 0 0 134 584 306 0 0 0 0 0 255 695 74 0 0 0 0 0 100 210 712 2 0 
0 0 0 130 667 227 0 0 0 0 5 487 530 2 0 0 0 0 0 204 351 469 0 0 
0 0 7 351 661 5 0 0 0 0 3 395 624 2 0 0 0 0 0 71 525 428 0 0 
0 0 5 206 804 9 0 0 0 0 58 261 701 4 0 0 0 0 0 144 468 412 0 0 
0 0 0 342 550 109 23 0 0 0 2 431 464 106 21 0 0 0 0 29 530 406 59 0 
0 0 1 274 729 20 0 0 0 0 32 361 614 17 0 0 0 0 0 67 563 394 0 0 
0 0 17 743 258 6 0 0 0 0 220 577 227 0 0 0 0 0 0 563 374 87 0 0 
0 0 0 0 0 0 0 1024 0 0 0 0 0 0 0 1024 0 0 0 0 0 0 0 1024 
0 0 0 0 0 0 0 1024 0 0 0 0 0 0 0 1024 0 0 0 0 0 0 0 1024 
0 0 0 0 0 0 0 1024 0 0 0 0 0 0 0 1024 0 0 0 0 0 0 0 1024 
0 0 0 0 0 0 0 1024 0 0 0 0 0 0 0 1024 0 0 0 0 0 0 0 1024 
0 0 0 0 0 0 0 1024 0 0 0 0 0 0 0 1024 0 0 0 0 0 0 0 1024 
0 0 0 0 0 0 0 1024 0 0 0 0 0 0 0 1024 0 0 0 0 0 0 0 1024 
0 0 0 0 0 0 0 1024 0 0 0 0 0 0 0 1024 0 0 0 0 0 0 0 1024 
0 0 0 0 0 0 5 1019 0 0 0 0 0 0 5 1019 0 0 0 0 0 0 5 1019 
0 0 0 0 0 0 0 1024 0 0 0 0 0 0 0 1024 0 0 0 0 0 0 0 1024 
0 0 0 0 0 0 0 1024 0 0 0 0 0 0 0 1024 0 0 0 0 0 0 0 1024 
0 0 0 0 0 0 13 1011 0 0 0 0 0 0 13 1011 0 0 0 0 0 0 13 1011 
0 0 0 41 90 16 38 839 0 0 3 101 33 18 36 833 0 0 0 71 61 20 36 836 
0 0 0 44 172 52 108 648 0 0 0 98 131 53 104 638 0 0 0 66 165 48 100 645 
0 0 0 228 150 51 54 541 0 0 4 278 113 40 58 531 0 0 1 242 152 36 79 514 
0 0 3 939 82 0 0 0 0 0 12 913 99 0 0 0 0 0 0 112 895 17 0 0 
0 0 14 957 53 0 0 0 0 0 2 917 105 0 0 0 0 0 0 31 990 3 0 0 
0 0 0 714 310 0 0 0 0 0 0 701 323 0 0 0 0 0 0 2 891 131 0 0 
0 0 0 703 321 0 0 0 0 0 0 479 545 0 0 0 0 0 0 0 818 206 0 0 
0 0 0 344 680 0 0 0 0 0 0 210 814 0 0 0 0 0 0 0 402 622 0 0 
0 0 0 180 844 0 0 0 0 0 0 97 927 0 0 0 0 0 0 0 154 870 0 0 
0 0 105 192 708 19 0 0 0 1 163 30 830 0 0 0 0 0 138 42 52 792 0 0 
0 0 27 352 39 78 481 47 0 0 305 95 31 193 399 1 0 0 113 270 41 305 295 0 
0 0 0 20 15 47 663 279 0 0 0 22 20 100 882 0 0 0 0 19 23 141 841 0 
0 0 0 0 0 49 706 269 0 0 0 0 7 132 883 2 0 0 0 0 19 235 770 0 
0 0 0 580 127 65 243 9 0 0 536 150 36 99 203 0 0 0 160 504 57 144 159 0 
0 0 0 655 369 0 0 0 0 0 152 869 3 0 0 0 0 0 31 934 59 0 0 0 
0 0 0 931 93 0 0 0 0 0 46 978 0 0 0 0 0 0 0 1018 6 0 0 0 
0 0 0 975 49 0 0 0 0 0 0 1024 0 0 0 0 0 0 0 1014 10 0 0 0 
0 0 0 13 728 253 30 0 0 0 0 165 569 274 16 0 0 0 0 27 270 702 25 0 
0 0 0 33 687 304 0 0 0 0 0 46 480 498 0 0 0 0 0 7 143 868 6 0 
0 0 0 0 711 313 0 0 0 0 0 0 410 614 0 0 0 0 0 0 0 1022 2 0 
0 0 0 77 348 599 0 0 0 0 3 84 541 396 0 0 0 0 0 35 109 877 3 0 
0 0 0 12 587 425 0 0 0 0 0 54 849 121 0 0 0 0 0 7 136 881 0 0 
0 0 0 0 985 39 0 0 0 0 0 0 1003 21 0 0 0 0 0 0 0 1024 0 0 
0 0 16 119 868 21 0 0 0 0 29 118 846 31 0 0 0 0 1 90 139 794 0 0 
0 0 0 31 595 304 94 0 0 0 0 37 586 311 90 0 0 0 0 0 181 677 166 0 
0 0 25 158 814 27 0 0 0 0 46 135 806 37 0 0 0 0 0 98 492 432 2 0 
0 0 5 60 955 4 0 0 0 0 26 232 766 0 0 0 0 0 0 49 759 216 0 0 
0 0 0 0 0 0 0 1024 0 0 0 0 0 0 0 1024 0 0 0 0 0 0 0 1024 
0 0 0 0 0 0 2 1022 0 0 0 0 0 0 2 1022 0 0 0 0 0 0 2 1022 
0 0 0 0 0 0 5 1019 0 0 0 0 0 0 5 1019 0 0 0 0 0 0 5 1019 
0 0 0 0 0 0 1 1023 0 0 0 0 0 0 1 1023 0 0 0 0 0 0 1 1023 
0 0 0 0 0 0 47 977 0 0 0 0 0 0 47 977 0 0 0 0 0 0 47 977 
0 0 0 0 0 5 138 881 0 0 0 0 0 5 138 881 0 0 0 0 0 5 138 881 
0 0 0 0 0 0 5 1019 0 0 0 0 0 0 5 1019 0 0 0 0 0 0 5 1019 
0 0 0 0 0 1 75 948 0 0 0 0 0 1 75 948 0 0 0 0 0 1 75 948 
0 0 0 0 0 18 157 849 0 0 0 0 0 17 159 848 0 0 0 0 0 17 159 848 
0 0 0 0 1 29 124 870 0 0 0 0 1 29 124 870 0 0 0 0 1 29 124 870 
0 0 0 0 0 3 63 958 0 0 0 0 0 3 62 959 0 0 0 0 0 3 64 957 
0 0 0 0 8 24 145 847 0 0 0 0 9 24 154 837 0 0 0 0 14 34 146 830 
0 0 0 2 48 174 280 520 0 0 0 0 48 175 281 520 0 0 0 0 38 175 279 532 
0 0 4 236 36 57 184 507 0 0 13 243 22 59 186 501 0 0 1 251 30 57 194 491 
0 0 39 772 210 3 0 0 0 0 33 752 236 3 0 0 0 0 2 387 599 36 0 0 
0 0 1 643 380 0 0 0 0 0 5 746 273 0 0 0 0 0 0 292 704 28 0 0 
0 0 8 433 580 3 0 0 0 0 6 396 622 0 0 0 0 0 0 77 761 186 0 0 
0 0 9 236 779 0 0 0 0 0 11 271 742 0 0 0 0 0 0 45 598 381 0 0 
0 0 0 66 956 2 0 0 0 0 0 64 959 1 0 0 0 0 0 9 193 822 0 0 
0 0 0 0 1024 0 0 0 0 0 0 0 1024 0 0 0 0 0 0 0 10 1014 0 0 
0 0 114 51 781 78 0 0 0 0 159 27 795 43 0 0 0 0 151 9 32 832 0 0 
0 0 42 340 212 202 215 13 0 0 289 189 187 218 141 0 0 0 152 311 197 263 101 0 
0 0 0 45 289 303 381 6 0 0 2 173 267 321 260 1 0 0 0 157 310 370 187 0 
0 0 0 56 239 411 303 15 0 0 2 104 346 398 174 0 0 0 2 100 372 412 138 0 
0 0 103 554 79 133 155 0 0 0 554 149 57 191 73 0 0 0 463 241 68 214 38 0 
0 0 1 695 328 0 0 0 0 0 202 786 36 0 0 0 0 0 110 859 55 0 0 0 
0 0 0 374 650 0 0 0 0 0 3 1013 8 0 0 0 0 0 1 972 51 0 0 0 
0 0 0 882 142 0 0 0 0 0 0 1024 0 0 0 0 0 0 0 1013 11 0 0 0 
0 0 0 83 512 429 0 0 0 0 0 171 338 515 0 0 0 0 0 92 183 749 0 0 
0 0 0 0 119 905 0 0 0 0 0 0 62 962 0 0 0 0 0 0 0 953 71 0 
0 0 0 0 39 985 0 0 0 0 0 0 77 947 0 0 0 0 0 0 0 976 48 0 
0 0 0 0 49 975 0 0 0 0 0 0 107 917 0 0 0 0 0 0 1 1020 3 0 
0 0 0 1 318 705 0 0 0 0 0 2 458 564 0 0 0 0 0 0 110 910 4 0 
0 0 0 0 555 469 0 0 0 0 0 0 651 373 0 0 0 0 0 0 9 1015 0 0 
0 0 0 0 1015 9 0 0 0 0 0 0 1017 7 0 0 0 0 0 0 0 1024 0 0 
0 0 0 54 619 285 66 0 0 0 0 40 669 264 51 0 0 0 0 1 172 726 125 0 
0 0 5 84 913 22 0 0 0 0 4 72 920 28 0 0 0 0 0 20 274 730 0 0 
0 0 0 0 1024 0 0 0 0 0 0 0 1024 0 0 0 0 0 0 0 276 748 0 0 
0 0 0 0 0 0 0 1024 0 0 0 0 0 0 0 1024 0 0 0 0 0 0 0 1024 
0 0 0 0 0 0 46 978 0 0 0 0 0 0 46 978 0 0 0 0 0 0 46 978 
0 0 0 0 1 17 106 900 0 0 0 0 1 17 106 900 0 0 0 0 1 17 106 900 
0 0 0 0 0 0 38 986 0 0 0 0 0 0 38 986 0 0 0 0 0 0 38 986 
0 0 0 0 0 9 186 829 0 0 0 0 0 9 186 829 0 0 0 0 0 9 185 830 
0 0 0 0 0 10 147 867 0 0 0 0 0 10 147 867 0 0 0 0 0 10 147 867 
0 0 0 0 0 44 205 775 0 0 0 0 0 42 209 773 0 0 0 0 0 37 208 779 
0 0 0 1 31 126 260 606 0 0 0 1 30 122 281 590 0 0 0 0 12 129 292 591 
0 0 0 15 127 245 358 279 0 0 0 9 127 255 368 265 0 0 0 3 104 236 357 324 
0 0 0 61 193 241 267 262 0 0 0 61 195 258 246 264 0 0 0 18 199 261 272 274 
0 0 0 69 160 195 235 365 0 0 0 59 163 194 240 368 0 0 0 26 167 209 256 366 
0 0 0 128 462 106 158 170 0 0 0 103 470 119 146 186 0 0 0 23 464 202 152 183 
0 0 0 5 65 145 283 526 0 0 0 2 61 131 290 540 0 0 0 1 51 126 294 552 
0 0 2 227 69 90 172 464 0 0 7 237 64 85 165 466 0 0 8 224 73 85 169 465 
0 0 64 760 198 2 0 0 0 0 82 760 181 1 0 0 0 0 11 496 461 56 0 0 
0 0 54 660 301 9 0 0 0 0 61 638 314 11 0 0 0 0 0 300 623 101 0 0 
0 0 21 375 600 28 0 0 0 0 31 413 568 12 0 0 0 0 1 153 597 273 0 0 
0 0 1 126 858 39 0 0 0 0 2 141 858 23 0 0 0 0 0 16 367 641 0 0 
0 0 3 123 890 8 0 0 0 0 1 124 898 1 0 0 0 0 0 7 307 710 0 0 
0 0 0 0 1023 1 0 0 0 0 0 0 1023 1 0 0 0 0 0 0 2 1022 0 0 
0 0 102 58 708 156 0 0 0 0 135 25 825 39 0 0 0 0 128 32 8 856 0 0 
0 0 235 745 42 2 0 0 0 0 559 447 18 0 0 0 0 0 383 617 24 0 0 0 
0 0 7 950 65 2 0 0 0 0 188 822 14 0 0 0 0 0 37 970 17 0 0 0 
0 0 31 437 413 132 11 0 0 0 183 422 346 68 5 0 0 0 57 503 372 85 7 0 
0 0 9 801 134 72 8 0 0 0 629 229 123 40 3 0 0 0 575 270 130 47 2 0 
0 0 1 959 64 0 0 0 0 0 419 598 7 0 0 0 0 0 205 812 7 0 0 0 
0 0 0 782 242 0 0 0 0 0 5 1004 15 0 0 0 0 0 3 1001 20 0 0 0 
0 0 0 977 47 0 0 0 0 0 1 1023 0 0 0 0 0 0 0 1024 0 0 0 0 
0 0 0 141 307 576 0 0 0 0 0 190 270 564 0 0 0 0 0 134 118 772 0 0 
0 0 0 0 65 959 0 0 0 0 0 0 72 952 0 0 0 0 0 0 0 1016 8 0 
0 0 0 0 69 955 0 0 0 0 0 0 85 939 0 0 0 0 0 0 0 1017 7 0 
0 0 0 0 187 837 0 0 0 0 0 0 183 841 0 0 0 0 0 0 25 996 3 0 
0 0 2 34 447 541 0 0 0 0 4 42 424 554 0 0 0 0 1 14 166 838 5 0 
0 0 0 12 532 480 0 0 0 0 0 28 799 197 0 0 0 0 0 0 119 905 0 0 
0 0 0 0 1015 9 0 0 0 0 0 0 1021 3 0 0 0 0 0 0 1 1023 0 0 
0 0 0 20 856 140 8 0 0 0 0 20 948 51 5 0 0 0 0 1 36 970 17 0 
0 0 0 0 1024 0 0 0 0 0 0 0 1024 0 0 0 0 0 0 0 44 980 0 0 
0 0 0 0 1024 0 0 0 0 0 0 0 1024 0 0 0 0 0 0 0 18 1006 0 0 
0 0 0 0 0 0 0 1024 0 0 0 0 0 0 0 1024 0 0 0 0 0 0 0 1024 
0 0 0 0 0 22 225 777 0 0 0 0 0 22 236 766 0 0 0 0 0 22 233 769 
0 0 0 0 21 188 337 478 0 0 0 0 27 182 339 476 0 0 0 0 12 186 339 487 
0 0 0 0 26 133 325 540 0 0 0 0 26 138 325 535 0 0 0 0 16 128 315 565 
0 0 0 0 14 209 409 392 0 0 0 0 16 216 386 406 0 0 0 0 11 184 375 454 
0 0 0 12 106 244 346 316 0 0 0 7 99 228 346 344 0 0 0 0 84 218 354 368 
0 0 0 24 67 161 337 435 0 0 0 10 71 145 309 489 0 0 0 5 69 140 305 505 
0 0 0 38 182 294 316 194 0 0 0 25 177 274 331 217 0 0 0 5 149 279 340 251 
0 0 3 253 337 240 172 19 0 0 1 212 357 249 183 22 0 0 0 106 357 288 223 50 
0 0 74 383 348 146 62 11 0 0 11 388 365 173 68 19 0 0 0 177 475 256 95 21 
0 0 78 559 269 89 26 3 0 0 24 526 322 113 36 3 0 0 0 247 551 171 46 9 
0 0 23 509 390 91 9 2 0 0 5 445 443 115 13 3 0 0 0 122 591 260 45 6 
0 0 13 355 433 183 34 6 0 0 16 341 454 171 38 4 0 0 0 173 449 300 102 0 
0 0 81 377 319 225 22 0 0 0 162 297 309 233 23 0 0 0 117 228 332 272 75 0 
0 0 231 504 288 1 0 0 0 0 242 420 345 17 0 0 0 0 112 323 353 236 0 0 
0 0 113 378 467 66 0 0 0 0 130 360 486 48 0 0 0 0 15 261 430 317 1 0 
0 0 30 321 562 111 0 0 0 0 49 337 564 74 0 0 0 0 1 175 440 402 6 0 
0 0 17 102 890 15 0 0 0 0 17 105 888 14 0 0 0 0 0 34 255 735 0 0 
0 10 171 181 631 31 0 0 0 45 185 167 623 4 0 0 0 5 178 98 294 449 0 0 
0 0 152 145 727 0 0 0 0 6 160 132 725 1 0 0 0 0 125 115 245 539 0 0 
0 0 128 29 822 45 0 0 0 27 101 32 843 21 0 0 0 4 124 30 13 853 0 0 
0 0 482 542 0 0 0 0 0 0 916 108 0 0 0 0 0 0 688 336 0 0 0 0 
0 0 43 981 0 0 0 0 0 0 759 265 0 0 0 0 0 0 449 575 0 0 0 0 
0 0 455 555 14 0 0 0 0 0 886 133 5 0 0 0 0 0 371 640 13 0 0 0 
0 0 575 448 1 0 0 0 0 0 922 102 0 0 0 0 0 0 706 318 0 0 0 0 
0 0 293 731 0 0 0 0 0 0 929 95 0 0 0 0 0 0 755 269 0 0 0 0 
0 0 121 903 0 0 0 0 0 0 527 497 0 0 0 0 0 0 325 699 0 0 0 0 
0 0 1 1020 3 0 0 0 0 0 653 371 0 0 0 0 0 0 106 918 0 0 0 0 
0 0 1 175 201 647 0 0 0 0 20 162 353 489 0 0 0 0 0 159 79 786 0 0 
0 0 0 0 104 920 0 0 0 0 0 0 138 886 0 0 0 0 0 0 0 1017 7 0 
0 0 0 0 130 894 0 0 0 0 0 0 172 852 0 0 0 0 0 0 0 1022 2 0 
0 0 119 488 213 204 0 0 0 0 441 188 176 219 0 0 0 0 78 512 92 329 13 0 
0 0 338 668 16 2 0 0 0 0 706 310 8 0 0 0 0 0 121 884 17 2 0 0 
0 0 196 668 109 51 0 0 0 0 575 309 137 3 0 0 0 0 47 814 79 84 0 0 
0 0 117 84 792 31 0 0 0 0 139 87 798 0 0 0 0 0 103 65 370 486 0 0 
0 0 0 0 925 99 0 0 0 0 0 0 1024 0 0 0 0 0 0 0 4 1020 0 0 
0 0 0 0 1024 0 0 0 0 0 0 0 1024 0 0 0 0 0 0 0 12 1012 0 0 
0 0 51 40 927 6 0 0 0 1 55 35 928 5 0 0 0 0 36 41 322 625 0 0 
0 0 0 0 0 0 0 1024 0 0 0 0 0 0 0 1024 0 0 0 0 0 0 1 1023 
0 0 0 0 0 10 183 831 0 0 0 0 0 16 193 815 0 0 0 0 0 25 224 775 
0 0 0 29 80 292 416 207 0 0 0 28 81 289 416 210 0 0 0 8 88 285 406 237 
0 0 0 43 181 300 341 159 0 0 0 30 155 310 371 158 0 0 0 13 130 301 382 198 
0 0 4 104 271 335 251 59 0 0 0 83 262 353 257 69 0 0 0 52 225 362 285 100 
0 0 23 203 313 255 180 50 0 0 21 202 296 259 192 54 0 0 6 137 317 269 222 73 
0 0 64 495 228 99 95 43 0 0 52 468 264 101 96 43 0 0 9 299 436 142 100 38 
0 0 97 625 245 36 20 1 0 0 54 568 339 45 17 1 0 0 2 270 627 101 23 1 
0 0 145 585 266 27 1 0 0 0 92 520 358 53 1 0 0 0 7 336 526 153 2 0 
0 0 255 644 122 3 0 0 0 0 75 698 225 26 0 0 0 0 0 465 464 94 1 0 
0 0 131 503 298 88 4 0 0 0 31 435 409 140 9 0 0 0 4 189 474 289 68 0 
0 0 249 444 231 100 0 0 0 0 167 492 266 92 7 0 0 0 16 416 368 194 30 0 
0 0 176 404 313 125 6 0 0 0 165 411 326 119 3 0 0 0 28 399 360 199 38 0 
0 0 437 418 103 52 14 0 0 1 396 461 105 51 10 0 0 0 220 575 159 51 19 0 
0 2 450 247 323 2 0 0 0 13 368 301 342 0 0 0 0 0 206 286 313 219 0 0 
0 0 113 481 403 27 0 0 0 0 134 456 412 22 0 0 0 0 32 290 503 199 0 0 
0 0 125 322 529 48 0 0 0 0 127 324 517 56 0 0 0 0 37 228 377 381 1 0 
0 0 0 37 986 1 0 0 0 0 0 32 989 3 0 0 0 0 0 6 125 893 0 0 
0 8 221 373 418 4 0 0 0 35 265 303 421 0 0 0 0 6 123 279 363 253 0 0 
0 1 380 391 252 0 0 0 0 1 383 322 318 0 0 0 0 1 243 234 412 134 0 0 
0 11 106 13 862 32 0 0 0 72 53 16 883 0 0 0 0 35 85 8 58 838 0 0 
0 0 630 394 0 0 0 0 0 38 953 33 0 0 0 0 0 12 920 92 0 0 0 0 
0 0 310 714 0 0 0 0 0 0 1007 17 0 0 0 0 0 0 713 311 0 0 0 0 
0 0 775 249 0 0 0 0 0 0 1002 22 0 0 0 0 0 0 558 466 0 0 0 0 
0 0 941 79 4 0 0 0 0 0 984 38 2 0 0 0 0 0 912 107 5 0 0 0 
0 0 770 254 0 0 0 0 0 0 1024 0 0 0 0 0 0 0 1024 0 0 0 0 0 
0 0 411 613 0 0 0 0 0 0 1021 3 0 0 0 0 0 0 867 157 0 0 0 0 
0 0 376 648 0 0 0 0 0 0 1024 0 0 0 0 0 0 0 781 243 0 0 0 0 
0 0 32 137 408 447 0 0 0 1 107 62 373 481 0 0 0 0 21 116 103 784 0 0 
0 0 0 0 373 651 0 0 0 0 0 0 220 804 0 0 0 0 0 0 2 1022 0 0 
0 0 0 0 527 497 0 0 0 0 0 0 525 499 0 0 0 0 0 0 0 1024 0 0 
0 0 223 113 628 60 0 0 0 2 303 34 598 87 0 0 0 0 86 231 52 652 3 0 
0 0 362 228 432 2 0 0 0 2 507 59 450 6 0 0 0 0 165 353 223 283 0 0 
0 0 198 605 221 0 0 0 0 0 373 426 225 0 0 0 0 0 115 383 502 24 0 0 
0 0 26 562 436 0 0 0 0 0 27 543 454 0 0 0 0 0 3 32 974 15 0 0 
0 0 0 0 1024 0 0 0 0 0 0 0 1024 0 0 0 0 0 0 0 530 494 0 0 
0 0 0 20 1004 0 0 0 0 0 0 2 1022 0 0 0 0 0 0 0 174 850 0 0 
0 3 5 18 998 0 0 0 0 2 3 11 1008 0 0 0 0 0 3 7 522 492 0 0 
0 0 0 0 0 0 4 1020 0 0 0 0 0 0 5 1019 0 0 0 0 0 0 3 1021 
0 0 0 0 16 78 259 671 0 0 0 0 15 76 223 710 0 0 0 0 12 73 211 728 
0 0 10 184 270 267 216 77 0 0 3 154 285 263 230 89 0 0 0 96 286 291 246 105 
0 0 87 399 265 183 85 5 0 0 65 363 310 181 100 5 0 0 21 245 408 219 114 17 
0 0 141 430 247 128 70 8 0 0 80 433 272 161 70 8 0 0 21 309 380 218 83 13 
0 4 436 493 86 5 0 0 0 1 341 526 146 10 0 0 0 0 89 606 288 39 2 0 
0 2 649 300 73 0 0 0 0 1 563 375 84 1 0 0 0 0 186 629 194 15 0 0 
0 2 509 440 70 3 0 0 0 2 398 525 90 9 0 0 0 0 68 761 163 32 0 0 
0 0 703 302 19 0 0 0 0 0 502 493 29 0 0 0 0 0 61 878 82 3 0 0 
0 0 405 515 94 10 0 0 0 0 130 708 164 20 2 0 0 0 0 475 467 78 4 0 
0 11 366 480 139 25 3 0 0 1 214 517 240 49 3 0 0 0 27 383 463 135 16 0 
0 1 496 479 48 0 0 0 0 0 408 552 63 1 0 0 0 0 58 791 169 6 0 0 
0 3 413 499 109 0 0 0 0 0 344 510 168 2 0 0 0 0 90 651 249 34 0 0 
0 0 554 297 161 12 0 0 0 17 501 312 164 30 0 0 0 0 296 463 194 71 0 0 
0 70 507 303 144 0 0 0 0 104 409 310 201 0 0 0 0 5 361 246 285 127 0 0 
0 0 169 317 530 8 0 0 0 7 147 287 567 16 0 0 0 0 92 181 440 311 0 0 
0 8 118 302 590 6 0 0 0 8 104 266 641 5 0 0 0 0 63 120 400 441 0 0 
0 0 0 0 1024 0 0 0 0 0 0 0 1024 0 0 0 0 0 0 0 224 800 0 0 
0 0 0 9 1015 0 0 0 0 0 0 4 1020 0 0 0 0 0 0 0 268 756 0 0 
0 0 0 27 997 0 0 0 0 0 0 7 1017 0 0 0 0 0 0 0 98 926 0 0 
0 8 88 32 887 9 0 0 0 86 26 16 895 1 0 0 0 83 18 27 113 783 0 0 
0 12 816 176 16 4 0 0 0 210 751 52 9 2 0 0 0 56 861 93 11 3 0 0 
0 0 608 416 0 0 0 0 0 0 1019 5 0 0 0 0 0 0 959 65 0 0 0 0 
0 0 1022 2 0 0 0 0 0 22 1002 0 0 0 0 0 0 0 1019 5 0 0 0 0 
0 3 1017 4 0 0 0 0 0 15 1005 4 0 0 0 0 0 0 1019 5 0 0 0 0 
0 0 1021 3 0 0 0 0 0 0 1024 0 0 0 0 0 0 0 1024 0 0 0 0 0 
0 0 976 48 0 0 0 0 0 0 1024 0 0 0 0 0 0 0 982 42 0 0 0 0 
0 0 688 336 0 0 0 0 0 0 1024 0 0 0 0 0 0 0 1019 5 0 0 0 0 
0 0 93 66 723 142 0 0 0 2 110 42 617 253 0 0 0 1 93 36 103 791 0 0 
0 0 0 0 755 269 0 0 0 0 0 0 566 458 0 0 0 0 0 0 4 1020 0 0 
0 0 0 0 867 157 0 0 0 0 0 0 971 53 0 0 0 0 0 0 18 1006 0 0 
0 0 0 2 1019 3 0 0 0 0 0 2 1017 5 0 0 0 0 0 0 32 992 0 0 
0 4 112 279 627 2 0 0 0 4 80 257 678 5 0 0 0 0 43 223 385 373 0 0 
0 0 0 192 830 2 0 0 0 0 0 75 949 0 0 0 0 0 0 0 485 539 0 0 
0 0 0 125 899 0 0 0 0 0 0 60 964 0 0 0 0 0 0 0 404 620 0 0 
0 0 0 5 1019 0 0 0 0 0 0 0 1024 0 0 0 0 0 0 0 239 785 0 0 
0 0 0 169 855 0 0 0 0 0 0 5 1019 0 0 0 0 0 0 0 265 759 0 0 
0 0 0 60 964 0 0 0 0 0 0 26 998 0 0 0 0 0 0 0 308 716 0 0 
0 0 1 127 348 165 213 170 0 0 64 336 146 220 134 124 0 4 290 160 95 292 63 120 
0 0 27 213 258 272 138 116 0 0 31 238 277 258 114 106 0 0 21 169 317 332 86 99 
0 0 91 466 380 58 29 0 0 0 21 351 529 92 31 0 0 0 1 180 573 240 28 2 
0 7 229 570 209 9 0 0 0 0 98 532 371 23 0 0 0 0 18 318 557 131 0 0 
0 4 249 575 178 18 0 0 0 4 172 566 255 25 2 0 0 1 36 469 439 77 2 0 
0 16 531 432 45 0 0 0 0 4 331 592 95 2 0 0 0 1 62 659 281 21 0 0 
0 9 535 452 28 0 0 0 0 0 355 608 60 1 0 0 0 0 71 723 224 6 0 0 
0 3 668 325 27 1 0 0 0 0 449 523 51 1 0 0 0 0 137 731 148 8 0 0 
0 2 642 366 14 0 0 0 0 0 289 673 62 0 0 0 0 0 8 707 300 9 0 0 
0 12 776 226 10 0 0 0 0 1 716 293 14 0 0 0 0 0 209 754 59 2 0 0 
0 11 801 173 39 0 0 0 0 0 723 237 63 1 0 0 0 0 446 460 97 21 0 0 
0 30 648 239 60 34 12 1 0 1 533 344 95 39 11 1 0 0 191 563 183 55 28 4 
0 33 636 307 43 5 0 0 0 1 522 425 74 2 0 0 0 1 173 624 210 16 0 0 
0 25 509 298 185 7 0 0 0 13 430 345 225 11 0 0 0 3 275 411 280 55 0 0 
0 58 699 232 35 0 0 0 0 34 644 266 80 0 0 0 0 7 466 343 179 29 0 0 
0 56 247 379 322 14 6 0 0 96 190 316 394 28 0 0 0 1 175 214 424 210 0 0 
1 30 110 325 532 18 8 0 0 48 79 194 686 17 0 0 0 0 77 88 596 262 1 0 
0 0 0 200 824 0 0 0 0 0 0 34 990 0 0 0 0 0 0 0 852 172 0 0 
0 0 0 105 919 0 0 0 0 0 0 8 1016 0 0 0 0 0 0 0 727 297 0 0 
0 0 0 7 1017 0 0 0 0 0 0 0 1024 0 0 0 0 0 0 0 563 461 0 0 
0 29 67 32 896 0 0 0 0 95 2 31 896 0 0 0 0 84 12 32 306 590 0 0 
0 3 928 93 0 0 0 0 0 330 694 0 0 0 0 0 0 201 823 0 0 0 0 0 
0 0 947 77 0 0 0 0 0 4 1013 7 0 0 0 0 0 0 1004 20 0 0 0 0 
0 10 989 25 0 0 0 0 0 572 441 11 0 0 0 0 0 0 994 30 0 0 0 0 
0 2 1022 0 0 0 0 0 0 334 690 0 0 0 0 0 0 56 968 0 0 0 0 0 
0 0 1024 0 0 0 0 0 0 28 996 0 0 0 0 0 0 8 1016 0 0 0 0 0 
0 0 1024 0 0 0 0 0 0 0 1024 0 0 0 0 0 0 0 1024 0 0 0 0 0 
0 0 1006 18 0 0 0 0 0 0 1024 0 0 0 0 0 0 0 1023 1 0 0 0 0 
0 0 77 83 862 2 0 0 0 0 94 44 819 67 0 0 0 0 78 46 104 796 0 0 
0 0 0 0 1019 5 0 0 0 0 0 0 989 35 0 0 0 0 0 0 7 1017 0 0 
0 0 0 1 1019 4 0 0 0 0 0 1 996 27 0 0 0 0 0 0 12 1012 0 0 
0 0 0 0 1007 17 0 0 0 0 0 0 1010 14 0 0 0 0 0 0 8 1016 0 0 
0 1 36 48 913 26 0 0 0 4 25 29 962 4 0 0 0 0 13 27 112 872 0 0 
0 0 0 5 969 50 0 0 0 0 0 0 1019 5 0 0 0 0 0 0 57 967 0 0 
0 0 0 0 1024 0 0 0 0 0 0 0 1024 0 0 0 0 0 0 0 23 1001 0 0 
0 0 0 0 1024 0 0 0 0 0 0 0 1024 0 0 0 0 0 0 0 43 981 0 0 
0 0 0 22 1002 0 0 0 0 0 0 11 1013 0 0 0 0 0 0 0 128 896 0 0 
0 0 0 56 968 0 0 0 0 0 0 10 1014 0 0 0 0 0 0 0 84 940 0 0 
0 124 193 199 482 26 0 0 0 70 230 241 447 36 0 0 0 16 208 242 278 280 0 0 
0 0 45 465 346 166 2 0 0 0 57 524 336 107 0 0 0 0 20 374 435 194 1 0 
0 1 240 535 242 6 0 0 0 0 105 506 375 38 0 0 0 0 18 389 507 110 0 0 
0 17 437 492 69 9 0 0 0 0 246 587 177 14 0 0 0 0 76 541 365 41 1 0 
0 7 566 376 61 14 0 0 0 0 336 567 100 21 0 0 0 0 82 675 232 30 5 0 
0 25 492 419 87 1 0 0 0 5 372 499 140 8 0 0 0 2 158 610 222 32 0 0 
0 7 544 390 83 0 0 0 0 0 245 624 145 10 0 0 0 0 28 662 288 46 0 0 
0 12 685 315 12 0 0 0 0 0 309 664 50 1 0 0 0 0 21 678 315 10 0 0 
0 4 599 388 33 0 0 0 0 0 329 641 54 0 0 0 0 0 33 730 254 7 0 0 
0 22 843 148 11 0 0 0 0 0 814 196 14 0 0 0 0 0 461 527 36 0 0 0 
0 82 808 121 13 0 0 0 0 38 785 172 29 0 0 0 0 1 628 337 52 6 0 0 
0 192 751 44 24 13 0 0 0 83 840 59 27 15 0 0 0 0 722 248 31 21 2 0 
0 90 780 129 24 1 0 0 0 20 783 191 28 2 0 0 0 0 606 359 54 5 0 0 
0 95 557 285 86 1 0 0 0 46 544 309 117 8 0 0 0 9 434 384 168 29 0 0 
0 168 714 134 8 0 0 0 0 156 678 173 17 0 0 0 0 17 588 333 84 2 0 0 
0 123 350 456 95 0 0 0 0 126 328 432 138 0 0 0 0 14 276 272 380 82 0 0 
0 16 81 821 106 0 0 0 0 16 49 724 235 0 0 0 0 0 20 115 849 40 0 0 
0 0 0 908 116 0 0 0 0 0 0 577 447 0 0 0 0 0 0 0 1024 0 0 0 
0 0 0 630 394 0 0 0 0 0 0 289 735 0 0 0 0 0 0 0 1024 0 0 0 
0 0 0 367 657 0 0 0 0 0 0 49 975 0 0 0 0 0 0 0 970 54 0 0 
0 54 42 17 911 0 0 0 0 65 31 22 906 0 0 0 0 63 33 2 807 119 0 0 
0 32 980 12 0 0 0 0 0 424 600 0 0 0 0 0 0 428 596 0 0 0 0 0 
0 26 985 13 0 0 0 0 0 175 849 0 0 0 0 0 0 28 994 2 0 0 0 0 
0 165 859 0 0 0 0 0 0 765 259 0 0 0 0 0 0 125 898 1 0 0 0 0 
0 16 1005 3 0 0 0 0 0 715 309 0 0 0 0 0 0 267 756 1 0 0 0 0 
0 0 1024 0 0 0 0 0 0 435 589 0 0 0 0 0 0 133 891 0 0 0 0 0 
0 0 1024 0 0 0 0 0 0 121 903 0 0 0 0 0 0 0 1024 0 0 0 0 0 
0 0 994 30 0 0 0 0 0 12 1006 6 0 0 0 0 0 0 1013 11 0 0 0 0 
0 0 91 113 820 0 0 0 0 0 96 75 838 15 0 0 0 0 67 35 112 810 0 0 
0 0 0 0 1022 2 0 0 0 0 0 0 1021 3 0 0 0 0 0 0 2 1022 0 0 
0 0 0 0 1008 16 0 0 0 0 0 0 1024 0 0 0 0 0 0 0 24 1000 0 0 
0 0 0 8 1016 0 0 0 0 0 0 0 1022 2 0 0 0 0 0 0 17 1007 0 0 
0 0 0 0 1018 6 0 0 0 0 0 0 1016 8 0 0 0 0 0 0 44 980 0 0 
0 0 0 2 1019 3 0 0 0 0 0 0 1007 17 0 0 0 0 0 0 62 962 0 0 
0 0 0 1 1023 0 0 0 0 0 0 0 1024 0 0 0 0 0 0 0 61 963 0 0 
0 0 0 0 1024 0 0 0 0 0 0 0 1024 0 0 0 0 0 0 0 40 984 0 0 
0 0 0 21 1003 0 0 0 0 0 0 18 1006 0 0 0 0 0 0 0 170 854 0 0 
0 0 0 55 969 0 0 0 0 0 0 0 1024 0 0 0 0 0 0 0 111 913 0 0 
9 718 251 46 0 0 0 0 0 531 431 62 0 0 0 0 0 398 477 140 9 0 0 0 
0 0 551 452 21 0 0 0 0 4 557 441 22 0 0 0 0 0 429 538 57 0 0 0 
0 12 473 442 95 2 0 0 0 3 310 585 120 6 0 0 0 0 107 682 211 24 0 0 
0 63 786 145 24 5 1 0 0 26 741 208 41 6 2 0 0 0 421 506 77 15 5 0 
0 4 743 253 24 0 0 0 0 0 450 526 47 1 0 0 0 0 166 728 122 8 0 0 
0 9 747 259 9 0 0 0 0 2 712 298 12 0 0 0 0 0 245 706 73 0 0 0 
0 43 833 141 7 0 0 0 0 1 746 260 17 0 0 0 0 0 269 688 64 3 0 0 
0 45 835 135 9 0 0 0 0 3 687 311 23 0 0 0 0 0 312 658 54 0 0 0 
0 11 873 133 7 0 0 0 0 3 717 286 17 1 0 0 0 0 232 737 54 1 0 0 
0 140 714 143 21 6 0 0 0 28 733 225 31 7 0 0 0 1 496 454 60 10 3 0 
0 138 721 136 29 0 0 0 0 68 775 149 32 0 0 0 0 5 689 275 49 6 0 0 
0 359 585 74 6 0 0 0 0 260 672 85 7 0 0 0 0 37 824 141 22 0 0 0 
0 333 652 33 6 0 0 0 0 157 809 52 6 0 0 0 0 11 917 78 18 0 0 0 
0 215 683 101 20 5 0 0 0 186 699 116 18 4 1 0 0 30 751 191 43 6 3 0 
0 517 438 69 0 0 0 0 0 421 518 85 0 0 0 0 0 214 608 181 21 0 0 0 
0 110 418 491 5 0 0 0 0 96 402 514 12 0 0 0 0 6 322 275 420 1 0 0 
0 1 73 950 0 0 0 0 0 0 37 981 6 0 0 0 0 0 4 93 927 0 0 0 
0 0 0 983 41 0 0 0 0 0 18 1000 6 0 0 0 0 0 3 128 893 0 0 0 
0 0 0 876 148 0 0 0 0 0 6 978 40 0 0 0 0 0 0 121 903 0 0 0 
0 0 0 779 245 0 0 0 0 0 26 797 201 0 0 0 0 0 6 92 926 0 0 0 
0 60 37 452 475 0 0 0 0 64 34 346 580 0 0 0 0 64 33 3 922 2 0 0 
0 229 793 2 0 0 0 0 0 626 398 0 0 0 0 0 0 522 502 0 0 0 0 0 
0 57 907 60 0 0 0 0 0 278 746 0 0 0 0 0 0 128 896 0 0 0 0 0 
0 544 480 0 0 0 0 0 0 983 41 0 0 0 0 0 0 721 303 0 0 0 0 0 
0 105 919 0 0 0 0 0 0 734 290 0 0 0 0 0 0 541 483 0 0 0 0 0 
0 14 1010 0 0 0 0 0 0 900 124 0 0 0 0 0 0 545 479 0 0 0 0 0 
0 10 1014 0 0 0 0 0 0 545 479 0 0 0 0 0 0 62 962 0 0 0 0 0 
0 0 1024 0 0 0 0 0 0 100 924 0 0 0 0 0 0 1 1023 0 0 0 0 0 
0 10 81 115 818 0 0 0 0 14 77 72 861 0 0 0 0 3 62 33 121 805 0 0 
0 0 0 0 1024 0 0 0 0 0 0 0 1024 0 0 0 0 0 0 0 20 1004 0 0 
0 0 63 290 623 48 0 0 0 0 184 315 522 3 0 0 0 0 255 218 234 317 0 0 
0 0 21 170 833 0 0 0 0 0 19 90 915 0 0 0 0 0 14 31 301 678 0 0 
0 0 0 5 1019 0 0 0 0 0 0 0 1024 0 0 0 0 0 0 0 71 953 0 0 
0 0 0 32 992 0 0 0 0 0 0 5 1019 0 0 0 0 0 0 0 115 909 0 0 
0 0 0 18 1006 0 0 0 0 0 0 0 1024 0 0 0 0 0 0 0 74 950 0 0 
0 0 0 5 1019 0 0 0 0 0 0 9 1015 0 0 0 0 0 0 0 111 913 0 0 
0 0 0 0 1024 0 0 0 0 0 0 0 1024 0 0 0 0 0 0 0 116 908 0 0 
0 0 0 6 1018 0 0 0 0 0 0 0 1024 0 0 0 0 0 0 0 133 891 0 0 
10 961 48 5 0 0 0 0 0 858 158 8 0 0 0 0 0 787 224 13 0 0 0 0 
19 649 350 6 0 0 0 0 4 698 321 1 0 0 0 0 6 628 385 5 0 0 0 0 
0 624 362 33 5 0 0 0 5 670 299 41 9 0 0 0 0 582 364 63 15 0 0 0 
1 487 510 26 0 0 0 0 1 295 661 62 5 0 0 0 0 123 774 118 9 0 0 0 
0 102 800 99 9 14 0 0 0 86 820 100 12 6 0 0 0 5 800 183 25 11 0 0 
0 24 934 59 5 2 0 0 0 10 931 77 5 1 0 0 0 1 749 266 6 2 0 0 
0 67 889 65 3 0 0 0 0 25 916 79 4 0 0 0 0 0 775 236 13 0 0 0 
0 132 662 93 94 43 0 0 0 39 711 195 73 6 0 0 0 0 645 281 89 9 0 0 
0 21 600 114 194 95 0 0 0 25 591 276 97 35 0 0 0 3 386 476 116 43 0 0 
0 159 459 249 142 15 0 0 0 137 629 204 54 0 0 0 0 22 575 351 76 0 0 0 
0 42 492 149 166 150 25 0 0 47 513 287 172 5 0 0 0 8 472 362 177 5 0 0 
0 335 664 21 4 0 0 0 0 297 701 22 4 0 0 0 0 68 901 50 5 0 0 0 
0 782 240 2 0 0 0 0 0 717 305 2 0 0 0 0 0 158 861 5 0 0 0 0 
0 673 350 1 0 0 0 0 0 824 200 0 0 0 0 0 0 304 718 2 0 0 0 0 
5 674 320 25 0 0 0 0 1 644 260 119 0 0 0 0 0 345 477 159 43 0 0 0 
0 43 328 652 1 0 0 0 0 21 116 886 1 0 0 0 0 0 58 200 766 0 0 0 
0 0 8 931 77 8 0 0 0 0 2 980 42 0 0 0 0 0 2 392 629 1 0 0 
0 0 4 470 423 116 11 0 0 0 393 460 170 1 0 0 0 0 284 496 244 0 0 0 
0 0 23 329 590 82 0 0 0 16 378 411 219 0 0 0 0 6 272 358 388 0 0 0 
0 1 92 448 363 120 0 0 0 43 464 296 221 0 0 0 0 11 288 439 286 0 0 0 
0 62 43 822 97 0 0 0 0 64 58 845 57 0 0 0 0 64 42 178 739 1 0 0 
0 396 625 3 0 0 0 0 0 778 246 0 0 0 0 0 0 680 344 0 0 0 0 0 
0 79 926 19 0 0 0 0 0 336 688 0 0 0 0 0 0 277 747 0 0 0 0 0 
0 344 680 0 0 0 0 0 0 914 110 0 0 0 0 0 0 622 402 0 0 0 0 0 
0 174 836 14 0 0 0 0 0 730 287 7 0 0 0 0 0 514 499 11 0 0 0 0 
0 114 910 0 0 0 0 0 0 961 63 0 0 0 0 0 0 635 389 0 0 0 0 0 
0 90 934 0 0 0 0 0 0 1024 0 0 0 0 0 0 0 459 565 0 0 0 0 0 
0 87 937 0 0 0 0 0 0 620 404 0 0 0 0 0 0 257 767 0 0 0 0 0 
0 41 51 113 819 0 0 0 0 20 66 83 855 0 0 0 0 6 58 32 183 745 0 0 
0 0 0 15 1009 0 0 0 0 0 0 0 1024 0 0 0 0 0 0 0 122 902 0 0 
0 0 111 336 575 2 0 0 0 1 160 147 716 0 0 0 0 0 105 88 414 417 0 0 
0 0 3 262 759 0 0 0 0 0 4 85 935 0 0 0 0 0 1 9 514 500 0 0 
0 0 0 0 1024 0 0 0 0 0 0 0 1024 0 0 0 0 0 0 0 88 936 0 0 
0 0 0 28 996 0 0 0 0 0 0 10 1014 0 0 0 0 0 0 0 214 810 0 0 
0 0 0 36 988 0 0 0 0 0 0 2 1022 0 0 0 0 0 0 0 174 850 0 0 
0 0 0 0 1024 0 0 0 0 0 0 7 1017 0 0 0 0 0 0 0 189 835 0 0 
0 0 0 3 1021 0 0 0 0 0 0 1 1023 0 0 0 0 0 0 0 277 747 0 0 
0 0 0 2 1022 0 0 0 0 0 0 3 1021 0 0 0 0 0 0 0 718 306 0 0 
1 909 112 2 0 0 0 0 0 790 216 18 0 0 0 0 0 698 305 21 0 0 0 0 
17 498 113 34 165 143 54 0 0 439 206 169 122 86 2 0 0 300 327 174 134 78 11 0 
0 103 44 66 166 351 286 8 0 129 59 165 400 259 12 0 0 117 65 185 494 156 7 0 
0 49 31 22 335 466 121 0 0 68 17 230 554 135 20 0 0 55 35 280 513 124 17 0 
0 2 10 43 408 511 50 0 0 2 78 335 535 74 0 0 0 2 42 464 451 65 0 0 
0 17 118 56 313 505 15 0 0 48 107 245 571 53 0 0 0 24 119 273 587 21 0 0 
0 267 311 80 100 190 76 0 0 251 341 131 188 111 2 0 0 50 508 156 215 94 1 0 
0 24 70 17 310 530 73 0 0 23 79 287 527 108 0 0 0 1 81 327 523 92 0 0 
0 0 0 5 449 570 0 0 0 0 4 343 677 0 0 0 0 0 1 377 646 0 0 0 
0 0 0 0 144 880 0 0 0 0 0 76 938 10 0 0 0 0 0 148 876 0 0 0 
0 0 0 0 380 610 34 0 0 0 4 401 604 15 0 0 0 0 5 500 511 8 0 0 
0 209 298 48 132 310 27 0 0 221 307 122 307 67 0 0 0 155 379 123 325 42 0 0 
0 835 189 0 0 0 0 0 0 901 123 0 0 0 0 0 0 630 392 2 0 0 0 0 
0 962 62 0 0 0 0 0 0 966 58 0 0 0 0 0 0 862 162 0 0 0 0 0 
2 910 92 20 0 0 0 0 0 925 64 35 0 0 0 0 0 874 85 58 7 0 0 0 
0 659 287 78 0 0 0 0 0 669 60 295 0 0 0 0 0 652 48 180 144 0 0 0 
0 339 160 410 100 15 0 0 0 374 165 447 34 4 0 0 0 361 127 440 85 11 0 0 
0 0 30 633 359 2 0 0 0 3 555 463 3 0 0 0 0 0 376 639 9 0 0 0 
0 0 0 315 676 33 0 0 0 0 245 689 90 0 0 0 0 0 155 740 129 0 0 0 
0 7 94 318 564 41 0 0 0 20 282 678 44 0 0 0 0 14 200 751 59 0 0 0 
0 84 175 765 0 0 0 0 0 88 161 775 0 0 0 0 0 85 59 753 127 0 0 0 
0 523 426 57 18 0 0 0 0 789 182 53 0 0 0 0 0 839 130 55 0 0 0 0 
0 137 809 78 0 0 0 0 0 688 280 56 0 0 0 0 0 584 378 62 0 0 0 0 
0 142 824 56 2 0 0 0 0 888 86 50 0 0 0 0 0 738 236 50 0 0 0 0 
0 104 916 4 0 0 0 0 0 857 166 1 0 0 0 0 0 757 266 1 0 0 0 0 
0 171 853 0 0 0 0 0 0 811 213 0 0 0 0 0 0 692 332 0 0 0 0 0 
0 222 802 0 0 0 0 0 0 786 238 0 0 0 0 0 0 675 349 0 0 0 0 0 
0 88 932 4 0 0 0 0 0 864 160 0 0 0 0 0 0 749 273 2 0 0 0 0 
0 47 30 164 783 0 0 0 0 45 21 111 847 0 0 0 0 17 47 31 300 629 0 0 
0 0 0 33 991 0 0 0 0 0 0 0 1024 0 0 0 0 0 0 0 206 818 0 0 
0 0 0 18 1006 0 0 0 0 0 0 3 1021 0 0 0 0 0 0 0 286 738 0 0 
0 0 0 65 959 0 0 0 0 0 0 0 1024 0 0 0 0 0 0 0 306 718 0 0 
0 0 0 7 1017 0 0 0 0 0 0 4 1020 0 0 0 0 0 0 0 332 692 0 0 
0 0 0 40 984 0 0 0 0 0 0 23 1001 0 0 0 0 0 0 0 523 501 0 0 
0 0 0 56 968 0 0 0 0 0 0 4 1020 0 0 0 0 0 0 0 442 582 0 0 
0 0 0 36 988 0 0 0 0 0 0 8 1016 0 0 0 0 0 0 0 499 525 0 0 
0 0 0 8 1016 0 0 0 0 0 0 8 1016 0 0 0 0 0 0 0 551 473 0 0 
0 0 0 15 1009 0 0 0 0 0 0 7 1017 0 0 0 0 0 0 0 545 479 0 0 
21 968 34 1 0 0 0 0 2 920 99 3 0 0 0 0 1 862 158 3 0 0 0 0 
3 428 57 15 13 138 370 0 0 369 119 21 78 431 6 0 0 269 213 25 163 331 23 0 
0 0 0 81 229 421 293 0 0 0 72 253 466 233 0 0 0 0 106 276 514 128 0 0 
0 0 0 0 22 400 563 39 0 0 0 16 326 588 94 0 0 0 0 53 509 421 41 0 
0 0 0 0 122 623 276 3 0 0 9 148 584 265 18 0 0 0 8 205 680 130 1 0 
0 0 0 2 265 560 192 5 0 0 7 267 568 176 6 0 0 0 2 264 602 153 3 0 
0 0 0 0 112 560 352 0 0 0 0 49 652 320 3 0 0 0 6 199 521 295 3 0 
0 0 0 0 95 699 230 0 0 0 0 70 623 328 3 0 0 0 0 96 680 248 0 0 
0 0 0 4 262 626 132 0 0 0 8 266 448 302 0 0 0 0 11 332 443 238 0 0 
0 0 0 0 43 690 291 0 0 0 0 34 543 444 3 0 0 0 0 63 646 313 2 0 
0 0 0 50 203 662 109 0 0 0 32 227 690 75 0 0 0 0 29 263 657 75 0 0 
0 0 2 4 246 685 87 0 0 2 5 279 711 27 0 0 0 2 6 326 673 17 0 0 
0 110 95 227 374 157 61 0 0 125 281 396 162 60 0 0 0 107 321 382 142 72 0 0 
0 719 103 131 71 0 0 0 0 733 154 134 3 0 0 0 0 727 183 110 4 0 0 0 
26 764 234 0 0 0 0 0 22 679 300 23 0 0 0 0 0 632 96 292 4 0 0 0 
0 415 346 107 129 27 0 0 0 444 267 279 34 0 0 0 0 387 92 486 59 0 0 0 
0 121 36 160 493 211 3 0 0 141 149 441 286 7 0 0 0 137 136 393 348 10 0 0 
0 0 5 260 690 69 0 0 0 0 226 670 128 0 0 0 0 0 178 698 148 0 0 0 
0 0 28 212 701 83 0 0 0 20 134 768 102 0 0 0 0 8 121 769 126 0 0 0 
0 27 253 447 264 33 0 0 4 90 530 356 44 0 0 0 0 70 542 354 58 0 0 0 
0 924 36 64 0 0 0 0 0 948 61 15 0 0 0 0 0 935 64 25 0 0 0 0 
0 1024 0 0 0 0 0 0 0 1024 0 0 0 0 0 0 0 1024 0 0 0 0 0 0 
0 930 94 0 0 0 0 0 0 1024 0 0 0 0 0 0 0 1024 0 0 0 0 0 0 
0 876 132 16 0 0 0 0 0 982 31 11 0 0 0 0 0 961 49 14 0 0 0 0 
0 510 466 48 0 0 0 0 0 915 77 32 0 0 0 0 0 879 116 29 0 0 0 0 
0 223 794 7 0 0 0 0 0 897 127 0 0 0 0 0 0 808 216 0 0 0 0 0 
0 361 661 2 0 0 0 0 0 899 124 1 0 0 0 0 0 870 153 1 0 0 0 0 
0 199 771 16 12 26 0 0 0 817 159 16 22 10 0 0 0 664 312 10 19 19 0 0 
0 51 53 150 757 10 3 0 0 76 28 153 757 10 0 0 0 38 63 57 580 284 2 0 
0 0 0 74 950 0 0 0 0 0 0 11 1013 0 0 0 0 0 0 0 632 392 0 0 
0 0 1 253 770 0 0 0 0 0 0 126 898 0 0 0 0 0 0 9 799 216 0 0 
0 0 0 225 799 0 0 0 0 0 0 62 962 0 0 0 0 0 0 4 726 294 0 0 
0 0 0 46 978 0 0 0 0 0 0 50 974 0 0 0 0 0 0 0 949 75 0 0 
0 0 0 32 992 0 0 0 0 0 0 43 981 0 0 0 0 0 0 1 868 155 0 0 
0 0 0 90 934 0 0 0 0 0 0 32 992 0 0 0 0 0 0 0 809 215 0 0 
0 0 0 125 899 0 0 0 0 0 0 32 992 0 0 0 0 0 0 0 721 303 0 0 
0 0 0 26 998 0 0 0 0 0 0 5 1019 0 0 0 0 0 0 0 891 133 0 0 
0 0 0 43 981 0 0 0 0 0 0 30 994 0 0 0 0 0 0 0 950 74 0 0 
127 891 6 0 0 0 0 0 38 968 18 0 0 0 0 0 3 987 34 0 0 0 0 0 
4 270 69 11 191 209 232 38 0 284 62 79 236 292 66 5 0 236 93 65 294 266 70 0 
0 0 150 417 148 175 107 27 0 5 334 352 198 101 34 0 0 2 307 423 179 86 27 0 
0 0 0 86 136 389 407 6 0 0 56 134 403 398 33 0 0 0 33 164 549 270 8 0 
0 0 0 0 114 323 540 47 0 0 0 128 268 477 151 0 0 0 1 188 356 442 37 0 
0 0 0 59 188 278 482 17 0 0 80 162 255 468 59 0 0 0 82 174 318 433 17 0 
0 0 0 49 273 296 404 2 0 0 47 265 274 405 33 0 0 0 79 317 253 367 8 0 
0 33 341 193 124 128 178 27 0 186 312 180 130 160 56 0 0 151 390 177 114 162 30 0 
0 385 479 21 17 25 97 0 0 705 174 21 13 109 2 0 0 558 321 20 16 107 2 0 
0 272 619 58 32 16 27 0 0 684 264 33 17 26 0 0 0 494 466 30 15 19 0 0 
0 6 752 107 87 72 0 0 0 109 729 81 105 0 0 0 0 16 818 85 105 0 0 0 
0 0 97 184 255 463 25 0 0 36 179 291 489 29 0 0 0 17 207 337 442 21 0 0 
0 0 78 250 254 362 80 0 0 26 290 301 394 13 0 0 0 25 344 354 301 0 0 0 
0 454 232 236 102 0 0 0 1 592 218 213 0 0 0 0 0 475 321 226 2 0 0 0 
3 314 315 151 169 69 3 0 15 407 311 173 115 3 0 0 2 321 342 193 143 23 0 0 
0 27 500 54 234 209 0 0 0 185 391 191 257 0 0 0 0 0 547 162 304 11 0 0 
0 21 462 97 171 273 0 0 0 155 418 88 363 0 0 0 0 0 538 133 351 2 0 0 
0 3 270 127 282 340 2 0 0 81 306 252 385 0 0 0 0 2 356 341 325 0 0 0 
0 36 698 103 111 72 4 0 0 424 412 107 77 4 0 0 0 171 646 116 91 0 0 0 
0 607 410 7 0 0 0 0 23 705 296 0 0 0 0 0 0 514 476 34 0 0 0 0 
1 350 672 1 0 0 0 0 4 344 676 0 0 0 0 0 0 275 658 91 0 0 0 0 
0 385 617 22 0 0 0 0 0 399 598 27 0 0 0 0 0 364 510 150 0 0 0 0 
0 170 637 215 2 0 0 0 1 184 688 151 0 0 0 0 0 173 629 220 2 0 0 0 
0 8 500 516 0 0 0 0 0 12 665 347 0 0 0 0 0 9 492 522 1 0 0 0 
0 30 257 515 17 16 189 0 0 46 358 405 15 152 48 0 0 43 293 472 16 132 68 0 
0 74 142 104 16 47 631 10 0 173 75 78 23 612 63 0 0 140 86 95 19 545 139 0 
0 22 66 13 18 136 697 72 0 76 18 11 62 632 212 13 0 56 37 10 49 582 271 19 
0 0 1 18 14 319 581 91 0 0 2 19 87 790 118 8 0 0 0 11 61 801 131 20 
0 0 2 16 14 250 486 256 0 0 6 17 95 609 127 170 0 0 0 18 80 625 180 121 
0 0 0 0 23 682 257 62 0 0 0 4 248 691 28 53 0 0 0 6 82 854 41 41 
0 0 0 0 38 924 62 0 0 0 0 0 384 640 0 0 0 0 0 0 51 973 0 0 
0 0 0 13 159 830 22 0 0 0 0 15 597 412 0 0 0 0 0 1 248 775 0 0 
0 0 0 9 215 799 1 0 0 0 0 2 812 210 0 0 0 0 0 0 580 444 0 0 
0 0 0 0 325 690 9 0 0 0 0 1 918 105 0 0 0 0 0 0 672 352 0 0 
0 0 0 6 443 575 0 0 0 0 0 12 874 138 0 0 0 0 0 0 645 379 0 0 
0 0 0 24 528 472 0 0 0 0 0 39 978 7 0 0 0 0 0 0 616 408 0 0 
0 0 0 59 681 284 0 0 0 0 0 23 1001 0 0 0 0 0 0 2 960 62 0 0 
0 0 0 33 923 68 0 0 0 0 0 33 991 0 0 0 0 0 0 0 1023 1 0 0 
147 877 0 0 0 0 0 0 38 985 1 0 0 0 0 0 2 1020 2 0 0 0 0 0 
2 391 52 99 394 43 28 15 5 396 57 271 233 35 27 0 0 360 91 251 250 44 22 6 
0 0 159 543 322 0 0 0 0 0 389 581 54 0 0 0 0 0 326 631 67 0 0 0 
0 0 78 276 201 320 139 10 0 10 251 238 332 181 12 0 0 3 243 304 369 104 1 0 
0 0 63 156 188 311 280 26 0 14 199 207 307 251 46 0 0 8 212 246 366 190 2 0 
0 2 300 203 127 243 147 2 0 112 351 169 240 150 2 0 0 5 405 266 235 113 0 0 
0 0 513 370 113 28 0 0 0 46 769 161 48 0 0 0 0 0 770 242 12 0 0 0 
0 83 941 0 0 0 0 0 0 713 311 0 0 0 0 0 0 270 754 0 0 0 0 0 
0 692 327 5 0 0 0 0 1 879 140 4 0 0 0 0 0 814 204 6 0 0 0 0 
1 903 120 0 0 0 0 0 3 1015 6 0 0 0 0 0 0 872 152 0 0 0 0 0 
0 198 826 0 0 0 0 0 0 513 511 0 0 0 0 0 0 243 781 0 0 0 0 0 
0 143 853 28 0 0 0 0 0 327 694 3 0 0 0 0 0 184 829 11 0 0 0 0 
2 218 713 91 0 0 0 0 67 269 637 51 0 0 0 0 1 308 655 60 0 0 0 0 
3 370 462 189 0 0 0 0 20 417 549 38 0 0 0 0 3 372 479 170 0 0 0 0 
3 393 141 465 22 0 0 0 84 364 369 207 0 0 0 0 2 412 303 302 5 0 0 0 
0 62 621 341 0 0 0 0 0 66 850 108 0 0 0 0 0 42 804 178 0 0 0 0 
0 36 955 33 0 0 0 0 0 54 969 1 0 0 0 0 0 24 983 17 0 0 0 0 
0 53 948 19 4 0 0 0 0 127 893 2 2 0 0 0 0 50 966 6 2 0 0 0 
5 204 764 50 1 0 0 0 7 235 774 8 0 0 0 0 3 222 781 18 0 0 0 0 
0 0 1015 9 0 0 0 0 0 0 1019 5 0 0 0 0 0 0 993 31 0 0 0 0 
0 0 687 337 0 0 0 0 0 0 847 177 0 0 0 0 0 0 781 243 0 0 0 0 
0 0 312 711 1 0 0 0 0 0 543 481 0 0 0 0 0 0 496 528 0 0 0 0 
0 1 352 668 3 0 0 0 0 3 414 607 0 0 0 0 0 3 400 621 0 0 0 0 
0 0 496 448 10 31 38 1 0 1 554 392 20 34 23 0 0 2 516 432 30 32 12 0 
0 0 84 16 169 414 232 109 0 1 90 58 422 264 159 30 0 0 88 45 445 258 144 44 
0 0 1 46 202 79 457 239 0 0 17 178 117 225 432 55 0 0 2 110 177 155 509 71 
0 0 0 17 44 57 695 211 0 0 11 50 51 389 501 22 0 0 0 46 62 226 672 18 
0 0 0 0 0 103 608 313 0 0 0 0 28 418 546 32 0 0 0 0 59 332 588 45 
0 0 0 0 0 143 623 258 0 0 0 0 31 405 558 30 0 0 0 0 21 341 617 45 
0 0 0 0 0 141 735 148 0 0 0 0 28 535 460 1 0 0 0 0 14 367 641 2 
0 0 0 0 0 173 744 107 0 0 0 0 87 674 236 27 0 0 0 0 79 523 389 33 
0 0 0 0 13 147 717 147 0 0 0 6 81 535 347 55 0 0 0 4 60 483 412 65 
0 0 0 0 0 240 633 151 0 0 0 0 78 652 256 38 0 0 0 0 22 658 291 53 
0 0 0 0 0 565 381 78 0 0 0 0 77 806 127 14 0 0 0 0 44 816 138 26 
0 0 0 0 0 519 502 3 0 0 0 0 97 914 13 0 0 0 0 0 50 950 24 0 
0 0 0 0 0 490 534 0 0 0 0 0 303 721 0 0 0 0 0 0 29 995 0 0 
0 0 0 0 0 948 76 0 0 0 0 0 533 491 0 0 0 0 0 0 188 836 0 0 
0 0 0 0 6 996 22 0 0 0 0 0 934 90 0 0 0 0 0 0 435 589 0 0 
145 864 8 3 4 0 0 0 184 826 7 4 3 0 0 0 2 1006 8 5 3 0 0 0 
188 592 106 64 29 36 9 0 304 490 105 69 46 10 0 0 21 757 105 89 41 11 0 0 
7 454 298 234 31 0 0 0 7 383 358 248 28 0 0 0 1 331 388 268 36 0 0 0 
0 158 525 328 11 2 0 0 1 214 544 255 8 2 0 0 0 76 677 261 8 2 0 0 
0 16 568 324 87 28 1 0 0 56 660 208 85 15 0 0 0 63 626 245 81 9 0 0 
0 7 810 200 7 0 0 0 0 21 918 85 0 0 0 0 0 33 876 115 0 0 0 0 
0 22 869 102 31 0 0 0 0 64 891 69 0 0 0 0 0 63 910 51 0 0 0 0 
0 251 767 6 0 0 0 0 0 523 501 0 0 0 0 0 0 314 708 2 0 0 0 0 
3 393 625 3 0 0 0 0 4 558 455 7 0 0 0 0 4 404 608 8 0 0 0 0 
3 368 652 1 0 0 0 0 19 525 480 0 0 0 0 0 1 345 678 0 0 0 0 0 
5 438 535 46 0 0 0 0 47 478 455 44 0 0 0 0 0 440 532 52 0 0 0 0 
0 320 488 216 0 0 0 0 0 329 495 200 0 0 0 0 0 276 543 205 0 0 0 0 
3 122 513 384 2 0 0 0 16 122 536 350 0 0 0 0 2 95 567 360 0 0 0 0 
2 125 315 529 53 0 0 0 12 117 361 523 11 0 0 0 0 125 289 594 16 0 0 0 
4 166 155 619 80 0 0 0 12 159 254 570 29 0 0 0 0 156 254 578 36 0 0 0 
0 0 472 481 71 0 0 0 0 0 508 482 34 0 0 0 0 0 503 481 40 0 0 0 
0 0 464 414 146 0 0 0 0 0 497 484 43 0 0 0 0 0 497 472 55 0 0 0 
0 0 427 509 88 0 0 0 0 5 482 507 30 0 0 0 0 0 457 530 37 0 0 0 
0 145 268 535 75 1 0 0 0 154 351 491 27 1 0 0 0 137 347 506 33 1 0 0 
0 0 183 782 59 0 0 0 0 0 318 693 13 0 0 0 0 0 212 792 20 0 0 0 
0 0 40 928 56 0 0 0 0 0 90 915 19 0 0 0 0 0 43 959 22 0 0 0 
0 0 9 1004 11 0 0 0 0 0 40 978 6 0 0 0 0 0 34 983 7 0 0 0 
0 0 3 995 26 0 0 0 0 0 8 998 18 0 0 0 0 0 3 995 26 0 0 0 
0 0 3 342 121 423 119 16 0 0 32 357 415 166 54 0 0 0 25 373 393 175 58 0 
0 0 0 2 529 491 2 0 0 0 0 178 776 70 0 0 0 0 0 141 790 93 0 0 
0 0 0 233 724 67 0 0 0 0 27 616 380 1 0 0 0 0 0 493 526 5 0 0 
0 0 98 875 46 5 0 0 0 10 513 492 9 0 0 0 0 18 270 733 3 0 0 0 
0 0 202 526 153 101 37 5 0 6 630 232 111 39 6 0 0 3 532 290 136 51 12 0 
0 0 333 234 222 77 87 71 0 0 531 272 56 49 92 24 0 0 344 390 117 46 94 33 
0 13 498 154 87 15 207 50 0 60 579 106 17 97 159 6 0 9 379 352 21 65 186 12 
0 0 346 237 100 20 282 39 0 1 562 115 19 193 134 0 0 0 312 363 19 105 225 0 
0 0 0 447 207 16 340 14 0 0 463 186 20 298 57 0 0 0 231 409 21 202 161 0 
0 0 72 252 289 32 344 35 0 0 325 282 26 312 79 0 0 0 222 368 37 245 151 1 
0 2 426 120 110 41 314 11 0 245 303 114 21 289 52 0 0 1 452 192 27 270 82 0 
0 0 226 329 96 55 303 15 0 24 446 177 36 285 56 0 0 1 386 241 54 251 91 0 
0 0 14 152 305 221 309 23 0 0 228 396 75 271 54 0 0 0 202 421 73 277 51 0 
0 0 105 476 147 73 222 1 0 37 569 133 31 250 4 0 0 3 476 238 43 253 11 0 
0 0 131 350 240 260 43 0 0 133 306 266 120 199 0 0 0 20 310 318 155 221 0 0 
57 401 473 84 9 0 0 0 77 222 57 481 176 11 0 0 11 284 53 394 262 20 0 0 
16 316 634 58 0 0 0 0 12 116 772 101 23 0 0 0 0 62 746 188 28 0 0 0 
0 31 666 327 0 0 0 0 0 5 690 329 0 0 0 0 0 2 662 360 0 0 0 0 
0 313 363 311 37 0 0 0 8 319 403 273 21 0 0 0 0 263 456 273 32 0 0 0 
0 8 532 344 140 0 0 0 0 12 535 376 101 0 0 0 0 3 581 374 66 0 0 0 
0 2 400 394 228 0 0 0 0 2 411 420 191 0 0 0 0 10 404 490 120 0 0 0 
0 10 329 431 254 0 0 0 0 32 326 452 214 0 0 0 0 26 328 443 227 0 0 0 
0 137 159 477 251 0 0 0 3 146 174 495 206 0 0 0 0 139 160 509 216 0 0 0 
0 2 275 433 313 1 0 0 0 2 275 482 265 0 0 0 0 2 275 473 274 0 0 0 
0 0 194 408 422 0 0 0 0 0 194 475 355 0 0 0 0 0 194 460 370 0 0 0 
0 0 31 450 537 6 0 0 0 0 41 570 408 5 0 0 0 0 35 541 443 5 0 0 
0 0 0 321 699 4 0 0 0 0 0 513 511 0 0 0 0 0 0 482 542 0 0 0 
0 0 0 233 790 1 0 0 0 0 1 383 640 0 0 0 0 0 0 318 706 0 0 0 
0 0 0 121 888 15 0 0 0 0 0 354 667 3 0 0 0 0 0 306 715 3 0 0 
0 0 0 69 953 2 0 0 0 0 0 228 795 1 0 0 0 0 0 186 837 1 0 0 
0 0 0 110 906 8 0 0 0 0 0 279 744 1 0 0 0 0 0 238 785 1 0 0 
0 0 0 113 907 4 0 0 0 0 0 299 725 0 0 0 0 0 0 258 766 0 0 0 
0 0 0 113 904 7 0 0 0 0 0 316 703 5 0 0 0 0 1 317 700 6 0 0 
0 0 0 244 779 1 0 0 0 0 0 497 527 0 0 0 0 0 0 440 584 0 0 0 
0 0 0 318 705 1 0 0 0 0 1 561 461 1 0 0 0 0 1 455 567 1 0 0 
0 0 0 520 504 0 0 0 0 0 0 712 312 0 0 0 0 0 0 728 296 0 0 0 
0 0 3 655 366 0 0 0 0 0 4 787 233 0 0 0 0 0 4 756 264 0 0 0 
0 0 0 695 321 8 0 0 0 0 5 868 148 3 0 0 0 0 4 852 164 4 0 0 
0 0 10 170 361 233 211 39 0 0 89 332 265 232 106 0 0 0 70 309 312 256 77 0 
0 0 1 316 492 215 0 0 0 0 53 617 334 20 0 0 0 0 6 466 481 71 0 0 
0 0 7 642 372 3 0 0 0 0 419 599 6 0 0 0 0 0 51 836 137 0 0 0 
0 3 334 684 3 0 0 0 0 83 757 184 0 0 0 0 0 80 515 429 0 0 0 0 
0 0 418 531 75 0 0 0 0 22 695 303 4 0 0 0 0 11 660 344 9 0 0 0 
0 0 354 580 90 0 0 0 0 11 855 158 0 0 0 0 0 0 801 207 16 0 0 0 
0 36 645 195 89 54 5 0 0 312 456 166 78 12 0 0 0 190 585 165 77 7 0 0 
0 8 462 463 90 1 0 0 0 15 732 271 6 0 0 0 0 19 725 274 6 0 0 0 
0 0 66 416 536 6 0 0 0 4 381 629 10 0 0 0 0 1 408 610 5 0 0 0 
0 0 3 795 226 0 0 0 0 4 919 101 0 0 0 0 0 2 927 95 0 0 0 0 
0 2 811 211 0 0 0 0 0 176 848 0 0 0 0 0 0 31 991 2 0 0 0 0 
0 0 541 480 3 0 0 0 0 111 898 15 0 0 0 0 0 8 977 39 0 0 0 0 
0 0 8 476 499 41 0 0 0 3 592 425 4 0 0 0 0 1 737 284 2 0 0 0 
0 0 428 496 100 0 0 0 0 238 745 41 0 0 0 0 0 61 908 55 0 0 0 0 
0 0 780 244 0 0 0 0 0 202 819 3 0 0 0 0 0 164 855 5 0 0 0 0 
0 471 446 104 3 0 0 0 0 4 679 150 152 39 0 0 0 0 406 391 126 101 0 0 
0 446 551 27 0 0 0 0 0 280 702 30 12 0 0 0 0 165 811 34 13 1 0 0 
0 138 846 15 6 5 6 8 0 55 935 14 3 7 10 0 0 45 947 13 3 7 9 0 
0 1 841 147 19 4 5 7 0 0 886 109 17 4 7 1 0 9 836 150 17 6 6 0 
0 0 437 282 305 0 0 0 0 0 370 381 273 0 0 0 0 0 333 396 295 0 0 0 
0 0 27 251 728 18 0 0 0 0 16 273 727 8 0 0 0 0 11 299 708 6 0 0 
0 0 0 13 956 55 0 0 0 0 0 37 966 21 0 0 0 0 0 61 939 24 0 0 
0 0 0 9 992 23 0 0 0 0 0 31 985 8 0 0 0 0 0 23 991 10 0 0 
0 0 0 11 960 53 0 0 0 0 0 40 964 20 0 0 0 0 0 34 965 25 0 0 
0 0 0 8 891 125 0 0 0 0 0 32 957 35 0 0 0 0 0 27 951 46 0 0 
0 0 0 15 903 106 0 0 0 0 0 38 932 54 0 0 0 0 0 44 931 49 0 0 
0 0 0 12 917 95 0 0 0 0 0 26 962 36 0 0 0 0 0 23 957 44 0 0 
0 0 0 6 898 120 0 0 0 0 0 29 952 43 0 0 0 0 0 21 954 49 0 0 
0 0 0 8 904 112 0 0 0 0 0 40 940 44 0 0 0 0 0 31 938 55 0 0 
0 0 0 5 930 89 0 0 0 0 0 20 968 36 0 0 0 0 0 12 973 39 0 0 
0 0 0 7 931 86 0 0 0 0 0 25 968 31 0 0 0 0 0 18 973 33 0 0 
0 0 0 12 980 32 0 0 0 0 0 26 991 7 0 0 0 0 0 21 994 9 0 0 
0 0 0 29 971 24 0 0 0 0 0 97 919 8 0 0 0 0 0 76 936 12 0 0 
0 0 0 55 947 22 0 0 0 0 0 111 906 7 0 0 0 0 0 95 921 8 0 0 
0 0 0 73 935 16 0 0 0 0 0 180 839 5 0 0 0 0 0 154 863 7 0 0 
0 0 0 151 867 6 0 0 0 0 0 313 709 2 0 0 0 0 0 275 747 2 0 0 
0 0 0 298 718 8 0 0 0 0 0 436 585 3 0 0 0 0 2 402 615 5 0 0 
0 0 2 308 713 1 0 0 0 0 2 525 496 1 0 0 0 0 2 498 523 1 0 0 
0 0 0 137 503 329 48 7 0 0 6 237 622 140 19 0 0 0 6 209 651 144 14 0 
0 1 145 381 413 84 0 0 0 13 323 340 330 18 0 0 0 5 220 441 340 18 0 0 
0 11 477 433 80 14 9 0 0 101 755 142 13 13 0 0 0 46 517 428 18 15 0 0 
0 20 793 211 0 0 0 0 0 197 822 5 0 0 0 0 0 134 680 210 0 0 0 0 
0 22 806 157 39 0 0 0 0 87 884 53 0 0 0 0 0 29 851 131 13 0 0 0 
0 0 23 775 226 0 0 0 0 3 613 398 10 0 0 0 0 0 545 436 43 0 0 0 
0 26 763 231 4 0 0 0 0 343 620 61 0 0 0 0 0 128 739 157 0 0 0 0 
0 23 556 445 0 0 0 0 0 81 840 103 0 0 0 0 0 53 741 230 0 0 0 0 
0 0 125 503 396 0 0 0 0 2 447 565 10 0 0 0 0 1 381 638 4 0 0 0 
0 0 32 644 344 4 0 0 0 10 682 329 3 0 0 0 0 7 721 296 0 0 0 0 
0 0 334 622 68 0 0 0 0 12 566 443 3 0 0 0 0 0 482 531 11 0 0 0 
0 0 99 416 400 108 1 0 0 48 514 372 90 0 0 0 0 12 478 442 90 2 0 0 
0 0 89 639 295 1 0 0 0 5 805 212 2 0 0 0 0 0 772 249 3 0 0 0 
0 0 641 280 103 0 0 0 0 44 969 11 0 0 0 0 0 3 994 27 0 0 0 0 
0 23 966 35 0 0 0 0 0 862 162 0 0 0 0 0 0 502 522 0 0 0 0 0 
0 178 397 40 14 15 16 364 0 93 512 19 16 16 297 71 0 6 579 36 16 16 314 57 
0 167 97 15 11 17 16 701 0 217 55 13 14 18 142 565 0 154 116 13 15 18 621 87 
0 0 25 8 9 8 10 964 0 16 16 7 10 7 183 785 0 20 13 7 9 8 901 66 
0 0 0 6 8 9 12 989 0 0 5 6 6 14 94 899 0 0 6 7 7 13 954 37 
0 0 55 89 20 20 27 813 0 0 97 61 21 21 201 623 0 2 111 53 23 52 733 50 
0 0 300 519 18 19 65 103 0 1 449 383 21 75 95 0 0 39 342 462 29 133 19 0 
0 0 197 707 100 20 0 0 0 0 185 723 112 4 0 0 0 0 115 783 111 15 0 0 
0 0 129 363 404 128 0 0 0 0 58 436 487 43 0 0 0 0 36 438 495 55 0 0 
0 0 10 111 725 178 0 0 0 0 6 117 837 64 0 0 0 0 0 113 827 84 0 0 
0 0 0 1 829 194 0 0 0 0 0 3 939 82 0 0 0 0 0 3 919 102 0 0 
0 0 0 5 682 336 1 0 0 0 0 17 864 143 0 0 0 0 0 15 835 174 0 0 
0 0 0 0 640 383 1 0 0 0 0 7 813 204 0 0 0 0 0 4 788 232 0 0 
0 0 0 5 686 333 0 0 0 0 0 12 853 159 0 0 0 0 0 13 865 146 0 0 
0 0 0 9 740 275 0 0 0 0 1 13 899 111 0 0 0 0 1 12 880 131 0 0 
0 0 0 0 745 279 0 0 0 0 0 4 911 109 0 0 0 0 0 2 893 129 0 0 
0 0 0 6 791 227 0 0 0 0 0 17 903 104 0 0 0 0 0 13 888 123 0 0 
0 0 0 10 849 165 0 0 0 0 0 23 932 69 0 0 0 0 0 20 923 81 0 0 
0 0 0 29 881 114 0 0 0 0 0 51 925 48 0 0 0 0 0 56 916 52 0 0 
0 0 0 28 895 101 0 0 0 0 0 59 919 46 0 0 0 0 0 55 918 51 0 0 
0 0 0 51 883 90 0 0 0 0 0 82 894 48 0 0 0 0 0 73 898 53 0 0 
0 0 0 77 903 44 0 0 0 0 0 107 889 28 0 0 0 0 0 101 893 30 0 0 
0 0 0 110 894 20 0 0 0 0 0 127 878 19 0 0 0 0 0 132 874 18 0 0 
0 0 1 228 780 15 0 0 0 0 1 245 762 16 0 0 0 0 1 236 771 16 0 0 
0 0 0 328 690 6 0 0 0 0 0 378 640 6 0 0 0 0 0 363 655 6 0 0 
0 77 52 127 703 65 0 0 1 113 80 426 404 0 0 0 0 26 128 379 486 5 0 0 
0 16 334 487 179 8 0 0 0 150 456 376 42 0 0 0 0 67 418 493 46 0 0 0 
0 226 575 213 10 0 0 0 0 513 496 15 0 0 0 0 0 279 719 26 0 0 0 0 
0 163 681 171 9 0 0 0 2 239 659 124 0 0 0 0 0 162 649 212 1 0 0 0 
0 0 171 665 188 0 0 0 0 13 512 491 8 0 0 0 0 1 368 623 32 0 0 0 
0 22 839 163 0 0 0 0 0 262 705 57 0 0 0 0 0 79 852 93 0 0 0 0 
0 44 764 216 0 0 0 0 0 160 782 82 0 0 0 0 0 53 728 243 0 0 0 0 
0 1 748 268 7 0 0 0 0 55 960 9 0 0 0 0 0 2 781 240 1 0 0 0 
0 0 118 551 342 13 0 0 0 42 511 447 24 0 0 0 0 0 315 669 40 0 0 0 
0 12 314 437 257 4 0 0 4 157 462 388 13 0 0 0 1 48 430 526 19 0 0 0 
0 54 147 474 310 39 0 0 31 87 604 253 49 0 0 0 8 91 667 209 49 0 0 0 
0 0 448 526 49 1 0 0 0 3 944 76 1 0 0 0 0 0 889 125 10 0 0 0 
0 1 684 270 69 0 0 0 0 285 655 84 0 0 0 0 0 12 889 121 2 0 0 0 
0 128 889 7 0 0 0 0 0 878 146 0 0 0 0 0 0 138 881 5 0 0 0 0 
0 0 0 0 0 0 0 1024 0 0 0 0 0 0 671 353 0 0 0 0 0 0 1024 0 
0 0 0 0 0 0 0 1024 0 0 0 0 0 0 26 998 0 0 0 0 0 0 1024 0 
0 0 0 0 0 0 0 1024 0 0 0 0 0 0 155 869 0 0 0 0 0 0 823 201 
0 0 0 0 0 0 0 1024 0 0 0 0 0 0 50 974 0 0 0 0 0 0 550 474 
0 0 0 0 0 0 0 1024 0 0 0 0 0 0 0 1024 0 0 0 0 0 0 652 372 
0 0 3 19 10 11 23 958 0 0 16 15 12 15 123 843 0 3 22 9 13 38 432 507 
0 0 100 183 16 18 22 685 0 0 197 100 18 19 49 641 0 2 194 108 18 27 147 528 
0 0 127 233 15 16 38 595 0 0 156 212 13 29 110 504 0 2 164 212 15 35 391 205 
0 0 377 456 37 14 16 124 0 3 373 466 39 17 68 58 0 13 270 556 51 28 106 0 
0 0 258 432 217 117 0 0 0 0 168 519 289 48 0 0 0 0 131 551 287 55 0 0 
0 0 68 218 552 186 0 0 0 0 74 217 654 79 0 0 0 0 36 235 646 107 0 0 
0 0 0 4 684 336 0 0 0 0 0 8 768 248 0 0 0 0 0 6 757 261 0 0 
0 0 0 1 576 447 0 0 0 0 0 3 734 287 0 0 0 0 0 7 733 284 0 0 
0 0 0 4 521 499 0 0 0 0 0 13 705 306 0 0 0 0 0 9 675 340 0 0 
0 0 0 9 681 334 0 0 0 0 0 21 829 174 0 0 0 0 0 17 803 204 0 0 
0 0 0 19 764 240 1 0 0 0 0 19 800 204 1 0 0 0 0 18 797 208 1 0 
0 0 0 18 770 236 0 0 0 0 0 35 871 118 0 0 0 0 0 33 859 132 0 0 
0 0 1 55 871 97 0 0 0 0 0 70 869 85 0 0 0 0 0 68 864 92 0 0 
0 0 0 35 827 162 0 0 0 0 0 67 857 100 0 0 0 0 0 57 858 109 0 0 
0 0 0 74 853 97 0 0 0 0 0 89 858 77 0 0 0 0 0 84 859 81 0 0 
0 0 0 89 873 62 0 0 0 0 0 105 873 46 0 0 0 0 0 99 876 49 0 0 
0 0 0 111 855 58 0 0 0 0 0 111 855 58 0 0 0 0 0 111 855 58 0 0 
0 0 0 188 806 30 0 0 0 0 1 247 759 17 0 0 0 0 1 188 797 38 0 0 
0 19 12 287 680 26 0 0 0 23 15 353 621 12 0 0 0 14 17 270 700 23 0 0 
0 481 299 202 42 0 0 0 23 595 198 187 21 0 0 0 1 313 470 198 42 0 0 0 
0 510 315 198 1 0 0 0 45 713 202 64 0 0 0 0 0 526 361 137 0 0 0 0 
5 550 395 74 0 0 0 0 417 466 139 2 0 0 0 0 10 787 212 15 0 0 0 0 
7 186 566 265 0 0 0 0 60 235 634 95 0 0 0 0 7 207 546 264 0 0 0 0 
0 0 671 353 0 0 0 0 0 102 882 40 0 0 0 0 0 13 888 123 0 0 0 0 
0 24 739 220 41 0 0 0 0 204 747 72 1 0 0 0 0 110 795 119 0 0 0 0 
0 62 656 204 88 14 0 0 0 179 663 148 34 0 0 0 0 157 664 168 35 0 0 0 
0 184 658 143 39 0 0 0 1 495 411 108 9 0 0 0 0 349 543 122 10 0 0 0 
0 2 402 330 174 116 0 0 0 208 382 292 138 4 0 0 0 166 365 329 162 2 0 0 
0 339 386 145 154 0 0 0 12 671 185 150 6 0 0 0 0 575 237 183 29 0 0 0 
0 285 446 169 120 4 0 0 46 456 350 143 29 0 0 0 4 534 364 110 12 0 0 0 
0 302 560 145 17 0 0 0 1 586 383 51 3 0 0 0 0 491 479 53 1 0 0 0 
0 201 669 114 37 3 0 0 0 826 165 31 2 0 0 0 0 622 358 39 5 0 0 0 
0 163 829 23 7 2 0 0 0 946 68 8 2 0 0 0 0 916 97 8 3 0 0 0 
0 0 0 0 0 0 0 1024 0 0 0 0 0 0 352 672 0 0 0 0 0 0 1021 3 
0 0 0 0 0 0 9 1015 0 0 0 0 0 4 94 926 0 0 0 0 0 7 1017 0 
0 0 0 0 0 0 2 1022 0 0 0 0 0 0 69 955 0 0 0 0 0 0 747 277 
0 0 0 0 0 0 0 1024 0 0 0 0 0 0 123 901 0 0 0 0 0 0 576 448 
0 0 0 0 0 0 3 1021 0 0 0 0 0 3 492 529 0 0 0 0 0 3 794 227 
0 0 0 0 0 0 13 1011 0 0 0 0 0 13 637 374 0 0 0 0 0 19 871 134 
0 0 0 0 0 0 0 1024 0 0 0 0 0 0 414 610 0 0 0 0 0 0 592 432 
0 0 0 0 0 0 0 1024 0 0 0 0 0 0 492 532 0 0 0 0 0 0 663 361 
0 0 31 26 12 11 26 918 0 0 51 17 9 23 518 406 0 8 39 26 16 77 813 45 
0 0 272 261 19 16 27 429 0 4 275 269 17 20 274 165 0 14 244 295 21 25 387 38 
0 0 329 558 52 13 10 62 0 2 383 522 43 11 40 23 0 8 344 547 56 15 54 0 
0 4 280 615 93 32 0 0 0 1 205 678 114 26 0 0 0 0 169 687 138 30 0 0 
0 4 126 381 310 203 0 0 0 2 107 389 374 152 0 0 0 0 79 392 383 170 0 0 
0 0 15 136 394 472 7 0 0 0 9 153 517 340 5 0 0 0 2 124 526 365 7 0 
0 0 0 8 437 573 6 0 0 0 0 14 550 460 0 0 0 0 0 13 532 479 0 0 
0 0 0 10 524 487 3 0 0 0 0 21 673 330 0 0 0 0 0 18 650 356 0 0 
0 0 0 19 692 313 0 0 0 0 0 26 759 239 0 0 0 0 0 25 751 248 0 0 
0 0 0 34 817 173 0 0 0 0 0 38 822 164 0 0 0 0 0 29 794 201 0 0 
0 0 0 77 767 180 0 0 0 0 0 78 767 179 0 0 0 0 0 78 767 179 0 0 
0 0 0 62 760 202 0 0 0 0 0 99 790 135 0 0 0 0 0 92 787 145 0 0 
0 0 0 60 795 169 0 0 0 0 0 91 802 131 0 0 0 0 0 75 795 154 0 0 
0 0 0 104 817 103 0 0 0 0 0 115 824 85 0 0 0 0 0 114 828 82 0 0 
0 0 0 79 884 61 0 0 0 0 0 177 815 32 0 0 0 0 0 137 846 41 0 0 
0 0 0 355 666 3 0 0 0 0 0 483 539 2 0 0 0 0 0 457 563 4 0 0 
0 29 369 569 57 0 0 0 0 108 390 492 34 0 0 0 0 15 423 549 37 0 0 0 
0 572 372 80 0 0 0 0 138 656 227 3 0 0 0 0 2 650 366 6 0 0 0 0 
0 575 393 56 0 0 0 0 293 575 156 0 0 0 0 0 1 823 200 0 0 0 0 0 
0 792 232 0 0 0 0 0 1 968 55 0 0 0 0 0 0 887 137 0 0 0 0 0 
0 196 824 4 0 0 0 0 0 876 148 0 0 0 0 0 0 702 322 0 0 0 0 0 
0 8 477 145 255 101 38 0 0 216 404 251 109 42 2 0 0 154 476 246 119 29 0 0 
0 4 508 332 169 11 0 0 0 126 668 199 31 0 0 0 0 53 716 214 41 0 0 0 
0 9 573 419 23 0 0 0 0 228 770 26 0 0 0 0 0 35 950 39 0 0 0 0 
0 0 131 447 304 142 0 0 0 64 464 397 99 0 0 0 0 21 473 412 118 0 0 0 
118 524 179 201 2 0 0 0 479 226 317 2 0 0 0 0 129 538 355 2 0 0 0 0 
45 947 30 2 0 0 0 0 483 523 18 0 0 0 0 0 96 896 32 0 0 0 0 0 
192 813 19 0 0 0 0 0 573 443 8 0 0 0 0 0 0 990 34 0 0 0 0 0 
0 779 245 0 0 0 0 0 130 894 0 0 0 0 0 0 3 1004 17 0 0 0 0 0 
94 791 139 0 0 0 0 0 493 531 0 0 0 0 0 0 192 818 14 0 0 0 0 0 
0 0 0 1 66 176 217 564 0 0 2 72 158 199 392 201 0 0 2 92 126 215 589 0 
0 0 0 0 68 233 227 496 0 0 0 54 204 242 271 253 0 0 0 59 220 249 472 24 
0 0 0 0 0 30 196 798 0 0 0 0 21 119 493 391 0 0 0 0 19 137 864 4 
0 63 109 63 30 42 64 653 0 1 150 88 41 50 551 143 0 0 84 153 50 59 677 1 
0 67 297 67 64 72 169 288 0 29 284 131 86 116 283 95 0 5 176 253 91 146 320 33 
0 0 0 0 0 10 57 957 0 0 0 0 5 35 319 665 0 0 0 0 6 42 934 42 
0 0 0 0 0 0 351 673 0 0 0 0 0 210 590 224 0 0 0 0 5 299 712 8 
0 0 8 20 20 46 191 739 0 6 17 13 51 130 654 153 0 0 18 18 57 161 718 52 
0 0 0 0 0 1 49 974 0 0 0 0 0 19 413 592 0 0 0 0 0 53 822 149 
0 0 0 0 0 0 29 995 0 0 0 0 0 17 39 968 0 0 0 0 0 25 257 742 
0 0 0 0 0 0 9 1015 0 0 0 0 0 2 75 947 0 0 0 0 0 9 188 827 
0 0 0 19 11 13 15 966 0 0 14 14 9 15 66 906 0 2 21 7 14 16 453 511 
0 0 64 174 31 12 26 717 0 0 107 144 27 19 137 590 0 0 141 119 27 28 466 243 
0 0 217 557 56 16 14 164 0 0 252 517 70 16 27 142 0 6 235 487 121 19 133 23 
0 3 286 414 234 87 0 0 0 1 231 453 256 83 0 0 0 0 152 492 275 103 2 0 
0 0 119 240 408 251 6 0 0 0 71 253 450 249 1 0 0 0 32 261 456 272 3 0 
0 0 5 45 512 450 12 0 0 0 2 56 596 368 2 0 0 0 1 32 559 427 5 0 
0 0 0 41 612 365 6 0 0 0 0 41 625 354 4 0 0 0 0 40 590 388 6 0 
0 0 0 33 682 308 1 0 0 0 0 34 691 298 1 0 0 0 0 27 664 332 1 0 
0 0 0 36 689 297 2 0 0 0 0 44 760 220 0 0 0 0 0 39 717 267 1 0 
0 0 0 28 740 255 1 0 0 0 0 38 762 223 1 0 0 0 0 35 747 239 3 0 
0 0 0 40 676 304 4 0 0 0 0 65 738 220 1 0 0 0 0 63 725 234 2 0 
0 0 0 38 692 293 1 0 0 0 0 81 753 190 0 0 0 0 0 75 744 204 1 0 
0 0 0 130 756 138 0 0 0 0 0 280 703 41 0 0 0 0 0 249 725 50 0 0 
0 7 55 500 442 20 0 0 1 15 74 597 332 5 0 0 0 11 73 580 354 6 0 0 
3 41 95 611 265 9 0 0 3 49 210 581 180 1 0 0 3 56 266 559 139 1 0 0 
0 5 378 575 64 2 0 0 0 17 572 399 36 0 0 0 0 24 599 369 32 0 0 0 
0 9 585 419 11 0 0 0 0 49 644 324 7 0 0 0 0 28 699 292 5 0 0 0 
0 289 709 26 0 0 0 0 0 475 539 10 0 0 0 0 0 419 591 14 0 0 0 0 
0 323 348 190 104 56 3 0 2 459 386 124 49 4 0 0 0 432 399 137 53 3 0 0 
0 0 114 597 269 44 0 0 0 35 580 340 69 0 0 0 0 18 524 387 95 0 0 0 
0 0 46 422 496 60 0 0 0 10 451 541 22 0 0 0 0 4 418 573 29 0 0 0 
0 20 21 363 276 344 0 0 0 33 345 379 267 0 0 0 0 37 370 495 122 0 0 0 
9 853 46 114 2 0 0 0 479 395 137 13 0 0 0 0 1 869 139 15 0 0 0 0 
99 925 0 0 0 0 0 0 941 83 0 0 0 0 0 0 0 1024 0 0 0 0 0 0 
227 797 0 0 0 0 0 0 736 288 0 0 0 0 0 0 34 990 0 0 0 0 0 0 
32 802 190 0 0 0 0 0 170 850 4 0 0 0 0 0 0 1017 7 0 0 0 0 0 
0 815 209 0 0 0 0 0 2 1021 1 0 0 0 0 0 6 1017 1 0 0 0 0 0 
1 273 151 39 27 248 277 8 0 50 332 80 158 303 101 0 0 1 192 253 145 305 128 0 
1 340 271 37 35 236 104 0 0 26 515 113 150 201 19 0 0 0 144 470 121 239 50 0 
2 617 235 39 32 41 54 4 0 67 697 128 50 75 7 0 0 12 319 535 56 89 13 0 
1 465 371 101 56 16 14 0 0 139 595 219 53 12 6 0 0 18 370 508 104 13 11 0 
6 129 244 147 63 114 180 141 0 66 254 221 104 156 223 0 0 28 179 279 166 151 221 0 
1 233 338 81 64 77 162 68 0 36 447 174 94 116 149 8 0 8 285 320 127 155 128 1 
0 64 251 127 69 82 262 169 0 19 253 185 82 204 281 0 0 1 160 240 117 251 255 0 
0 0 0 27 38 40 58 861 0 0 3 42 40 33 616 290 0 0 3 30 56 42 836 57 
0 0 0 0 0 0 33 991 0 0 0 0 0 4 493 527 0 0 0 0 0 25 749 250 
0 0 0 0 0 0 0 1024 0 0 0 0 0 0 0 1024 0 0 0 0 0 0 104 920 
0 0 0 0 0 0 0 1024 0 0 0 0 0 0 0 1024 0 0 0 0 0 0 0 1024 
0 0 0 0 0 0 0 1024 0 0 0 0 0 0 16 1008 0 0 0 0 0 0 292 732 
0 0 0 0 0 1 74 949 0 0 0 0 0 39 328 657 0 0 0 0 0 65 603 356 
0 0 1 1 4 5 35 978 0 0 2 2 2 13 527 478 0 1 1 3 4 19 855 141 
0 4 104 181 33 19 35 648 0 5 159 144 29 24 360 303 0 5 163 143 37 39 590 47 
0 1 274 491 83 16 19 140 0 3 328 441 91 15 99 47 0 4 287 474 109 23 125 2 
0 2 332 572 110 8 0 0 0 4 301 577 133 9 0 0 0 0 220 606 183 15 0 0 
0 7 211 352 231 221 2 0 0 2 154 395 262 209 2 0 0 2 117 391 295 217 2 0 
0 2 66 202 459 290 5 0 0 1 59 206 470 282 6 0 0 1 27 219 470 296 11 0 
0 0 0 37 529 451 7 0 0 0 0 44 553 421 6 0 0 0 0 40 561 418 5 0 
0 0 0 42 601 375 6 0 0 0 0 50 625 344 5 0 0 0 0 49 621 349 5 0 
0 0 0 25 547 435 17 0 0 0 0 42 635 341 6 0 0 0 0 61 655 305 3 0 
0 0 0 29 621 367 7 0 0 0 0 76 686 260 2 0 0 0 0 61 692 268 3 0 
0 0 0 40 568 407 9 0 0 0 1 85 682 256 0 0 0 0 1 78 684 261 0 0 
0 0 1 160 721 142 0 0 0 0 6 274 652 92 0 0 0 0 2 264 657 101 0 0 
0 0 5 199 735 85 0 0 0 0 13 340 629 42 0 0 0 0 19 355 612 38 0 0 
0 0 30 473 481 39 1 0 0 0 48 554 400 21 1 0 0 0 60 567 379 18 0 0 
0 1 90 513 409 11 0 0 0 0 92 630 296 6 0 0 0 1 103 627 287 6 0 0 
0 4 325 624 71 0 0 0 0 27 451 501 45 0 0 0 0 15 441 520 48 0 0 0 
0 70 657 241 39 17 0 0 0 154 631 192 45 2 0 0 0 97 668 219 40 0 0 0 
0 289 189 292 245 9 0 0 28 339 343 297 17 0 0 0 0 211 471 322 20 0 0 0 
0 0 1 186 715 121 1 0 0 0 127 738 159 0 0 0 0 0 124 759 141 0 0 0 
0 39 263 234 250 223 15 0 0 163 399 234 208 20 0 0 0 186 363 282 181 12 0 0 
18 641 353 12 0 0 0 0 341 441 238 4 0 0 0 0 1 691 324 8 0 0 0 0 
5 505 497 17 0 0 0 0 355 393 270 6 0 0 0 0 31 711 278 4 0 0 0 0 
1 692 324 7 0 0 0 0 79 834 111 0 0 0 0 0 9 877 138 0 0 0 0 0 
78 736 209 1 0 0 0 0 483 461 80 0 0 0 0 0 29 873 122 0 0 0 0 0 
0 54 959 11 0 0 0 0 0 638 383 3 0 0 0 0 0 523 498 3 0 0 0 0 
69 640 307 8 0 0 0 0 48 365 566 45 0 0 0 0 8 225 523 263 5 0 0 0 
13 222 296 219 35 158 81 0 0 129 486 147 97 141 24 0 0 29 342 302 171 155 25 0 
0 50 101 432 127 142 172 0 0 56 133 485 109 222 19 0 0 32 103 118 530 217 24 0 
0 73 81 673 96 54 47 0 3 97 156 645 50 52 21 0 0 62 127 151 600 57 27 0 
0 0 69 305 145 205 300 0 0 7 120 324 153 336 84 0 0 2 58 240 295 343 86 0 
5 282 441 94 56 71 74 1 0 45 525 232 88 117 17 0 0 14 341 398 162 109 0 0 
0 52 245 103 74 94 157 299 0 26 239 155 92 119 298 95 0 10 151 209 115 149 356 34 
0 52 177 52 53 65 332 293 0 21 193 76 67 203 449 15 0 15 116 144 70 257 422 0 
0 1 46 71 42 52 175 637 0 0 29 103 49 73 463 307 0 0 24 103 52 84 696 65 
0 0 0 0 0 0 0 1024 0 0 0 0 0 0 53 971 0 0 0 0 0 0 617 407 
0 0 0 0 0 0 0 1024 0 0 0 0 0 0 298 726 0 0 0 0 0 0 635 389 
0 0 0 0 0 0 0 1024 0 0 0 0 0 0 187 837 0 0 0 0 0 0 552 472 
0 0 0 0 0 0 7 1017 0 0 0 0 0 0 203 821 0 0 0 0 0 0 648 376 
0 0 0 0 15 36 88 885 0 0 0 7 29 54 186 748 0 0 0 10 33 67 508 406 
0 0 0 6 32 31 77 878 0 0 0 33 26 50 157 758 0 0 1 32 26 61 535 369 
0 0 0 0 2 1 4 1017 0 0 0 2 1 1 143 877 0 0 0 2 2 4 638 378 
0 2 110 132 36 17 24 703 0 10 157 106 18 23 248 462 0 10 148 120 24 36 591 95 
0 4 306 316 62 17 18 301 0 9 306 316 72 17 108 196 0 11 266 334 96 29 279 9 
0 20 426 444 69 9 12 44 0 20 410 466 71 11 39 7 0 14 330 508 117 14 41 0 
0 9 329 451 177 58 0 0 0 4 279 474 203 64 0 0 0 0 212 503 223 86 0 0 
0 6 128 256 363 267 4 0 0 3 103 243 442 230 3 0 0 0 80 241 456 244 3 0 
0 0 7 100 485 407 25 0 0 0 6 117 572 319 10 0 0 0 6 100 562 342 14 0 
0 0 7 24 468 509 16 0 0 0 7 45 575 388 9 0 0 0 7 57 567 385 8 0 
0 0 0 43 592 382 7 0 0 0 0 84 665 272 3 0 0 0 0 87 670 265 2 0 
0 0 6 108 606 297 7 0 0 0 7 156 641 213 7 0 0 0 6 155 636 218 9 0 
0 0 3 124 692 203 2 0 0 0 4 183 698 138 1 0 0 0 4 173 701 144 2 0 
0 4 14 188 603 212 3 0 0 4 15 273 612 118 2 0 0 0 14 192 638 175 5 0 
0 8 23 339 576 78 0 0 0 6 34 406 527 51 0 0 0 1 29 342 580 72 0 0 
0 0 75 496 412 41 0 0 0 2 117 545 328 32 0 0 0 0 109 537 344 34 0 0 
0 0 99 479 351 95 0 0 0 0 152 522 345 5 0 0 0 0 139 536 344 5 0 0 
0 0 74 370 517 60 3 0 0 0 118 665 231 10 0 0 0 1 107 700 208 8 0 0 
0 0 125 405 456 35 3 0 0 6 201 664 146 6 1 0 0 6 192 678 139 8 1 0 
0 5 230 614 158 16 1 0 0 10 461 484 65 4 0 0 0 6 462 480 74 2 0 0 
0 6 451 536 31 0 0 0 0 38 639 334 13 0 0 0 0 26 561 420 17 0 0 0 
0 13 491 476 44 0 0 0 0 36 624 330 34 0 0 0 0 41 671 296 16 0 0 0 
0 2 479 518 25 0 0 0 0 43 746 234 1 0 0 0 0 35 748 240 1 0 0 0 
0 39 597 372 16 0 0 0 0 103 710 207 4 0 0 0 0 60 720 239 5 0 0 0 
0 69 912 43 0 0 0 0 0 158 837 29 0 0 0 0 0 28 950 46 0 0 0 0 
38 295 585 100 6 0 0 0 20 191 533 267 13 0 0 0 9 86 324 464 136 5 0 0 
1 150 273 588 12 0 0 0 0 13 311 699 1 0 0 0 0 0 90 322 611 1 0 0 
4 167 194 653 6 0 0 0 0 39 252 733 0 0 0 0 0 3 130 202 689 0 0 0 
7 183 276 530 28 0 0 0 0 51 309 663 1 0 0 0 0 8 147 333 536 0 0 0 
1 185 282 445 37 41 33 0 0 77 374 471 39 51 12 0 0 3 204 331 403 46 37 0 
0 24 61 181 40 89 596 33 0 26 88 162 44 333 369 2 0 2 56 84 163 379 335 5 
0 0 25 21 28 95 550 305 0 0 34 26 63 259 635 7 0 0 0 39 79 299 584 23 
0 13 53 40 80 109 350 379 0 6 43 72 127 236 484 56 0 0 27 65 139 300 458 35 
0 13 37 37 33 63 621 220 0 10 34 43 35 481 414 7 0 4 27 39 48 557 349 0 
0 0 0 0 0 22 323 679 0 0 0 0 2 248 646 128 0 0 0 0 2 263 758 1 
0 0 0 0 0 0 561 463 0 0 0 0 0 288 698 38 0 0 0 0 0 432 585 7 
0 0 0 0 0 0 194 830 0 0 0 0 0 77 734 213 0 0 0 0 0 140 857 27 
0 10 97 87 136 98 132 464 0 0 59 183 148 85 385 164 0 0 39 203 160 113 466 43 
0 23 239 140 103 116 162 241 0 5 168 254 116 130 312 39 0 2 114 285 145 166 312 0 
0 0 42 71 77 127 339 368 0 0 40 89 103 250 510 32 0 0 38 97 116 290 475 8 
0 0 0 0 1 49 175 799 0 0 0 0 17 94 498 415 0 0 0 0 26 123 705 170 
0 0 0 0 0 17 48 959 0 0 0 0 6 36 133 849 0 0 0 0 11 42 441 530 
0 0 0 0 0 0 4 1020 0 0 0 0 0 0 154 870 0 0 0 0 0 0 604 420 
0 0 15 25 6 8 16 954 0 0 21 20 9 9 372 593 0 1 26 19 7 25 761 185 
0 12 243 183 30 20 24 512 0 11 243 197 31 20 134 388 0 20 222 203 46 25 462 46 
0 15 361 434 87 12 16 99 0 11 395 410 90 14 58 46 0 8 353 441 110 20 91 1 
0 21 338 512 152 1 0 0 0 28 383 472 141 0 0 0 0 16 322 499 183 4 0 0 
0 12 176 436 289 103 8 0 0 13 191 428 285 103 4 0 0 6 138 440 342 97 1 0 
0 12 125 240 372 263 12 0 0 9 108 271 400 229 7 0 0 5 105 268 397 243 6 0 
0 0 20 92 491 416 5 0 0 0 25 114 544 339 2 0 0 0 20 116 538 349 1 0 
0 0 1 67 590 360 6 0 0 0 2 104 633 281 4 0 0 0 1 91 645 284 3 0 
0 0 0 55 573 387 9 0 0 0 0 110 655 256 3 0 0 0 0 96 644 281 3 0 
0 0 1 125 631 267 0 0 0 0 4 192 657 171 0 0 0 0 2 157 643 222 0 0 
0 0 27 304 584 109 0 0 0 0 39 356 562 67 0 0 0 0 39 347 564 74 0 0 
0 0 29 377 514 96 5 3 0 0 46 417 476 77 7 1 0 0 39 410 481 86 7 1 
0 0 42 466 475 41 0 0 0 0 64 503 430 27 0 0 0 0 57 474 452 41 0 0 
0 0 36 470 473 45 0 0 0 1 65 549 388 21 0 0 0 1 64 527 405 27 0 0 
0 0 47 481 437 57 2 0 0 0 70 536 384 34 0 0 0 0 83 548 369 24 0 0 
0 0 87 708 227 2 0 0 0 0 129 714 180 1 0 0 0 0 131 733 160 0 0 0 
0 2 176 719 127 0 0 0 0 6 243 677 98 0 0 0 0 4 236 683 101 0 0 0 
0 147 454 398 25 0 0 0 0 322 375 321 6 0 0 0 0 72 552 386 14 0 0 0 
0 322 584 117 1 0 0 0 3 537 397 87 0 0 0 0 0 202 674 147 1 0 0 0 
0 232 776 16 0 0 0 0 0 475 537 12 0 0 0 0 0 97 895 31 1 0 0 0 
11 231 461 260 58 3 0 0 0 9 191 388 347 86 3 0 0 0 40 251 405 290 36 2 
9 404 505 88 16 2 0 0 0 54 514 357 78 19 2 0 0 4 206 559 195 51 9 0 
12 266 670 76 0 0 0 0 1 117 742 164 0 0 0 0 0 43 274 655 52 0 0 0 
2 77 297 648 0 0 0 0 2 12 432 577 1 0 0 0 0 7 25 460 532 0 0 0 
2 156 264 600 2 0 0 0 0 14 291 710 9 0 0 0 0 3 45 365 608 3 0 0 
6 310 323 378 7 0 0 0 0 51 454 500 19 0 0 0 0 18 187 401 409 9 0 0 
7 242 413 320 17 18 7 0 0 135 530 317 24 17 1 0 0 39 312 438 211 19 5 0 
0 62 145 567 133 65 50 2 0 31 185 630 90 73 15 0 0 9 111 186 577 116 25 0 
0 1 30 183 552 24 230 4 0 2 53 630 85 142 112 0 0 2 2 84 648 172 116 0 
0 0 28 113 595 28 260 0 0 0 52 561 131 205 75 0 0 0 0 76 576 262 110 0 
0 2 62 265 319 94 252 30 0 4 93 482 92 218 124 11 0 0 23 116 494 234 149 8 
5 102 181 128 86 71 375 76 7 103 181 173 53 289 218 0 2 49 171 176 118 322 184 2 
4 395 545 74 5 1 0 0 0 68 639 299 18 0 0 0 0 23 384 562 55 0 0 0 
0 54 251 111 59 127 179 243 0 30 224 164 79 189 231 107 0 9 154 233 98 199 293 38 
0 0 0 7 39 194 386 398 0 0 0 18 77 362 418 149 0 0 0 21 90 407 447 59 
0 0 0 0 40 326 475 183 0 0 0 6 110 596 238 74 0 0 0 9 146 600 233 36 
0 0 0 0 3 29 108 884 0 0 0 0 21 50 543 410 0 0 0 4 24 56 820 120 
0 0 0 0 1 24 75 924 0 0 0 0 17 47 425 535 0 0 0 1 23 57 811 132 
0 0 0 0 0 0 24 1000 0 0 0 0 0 5 156 863 0 0 0 0 0 13 658 353 
0 0 0 0 5 21 108 890 0 0 0 1 17 33 346 627 0 0 0 1 16 50 696 261 
0 0 0 4 5 11 32 972 0 0 3 5 4 18 172 822 0 0 5 4 6 30 751 228 
0 0 54 127 40 14 20 769 0 6 111 88 27 20 86 686 0 11 113 82 31 25 410 352 
0 3 189 344 100 21 36 331 0 5 269 309 67 27 109 238 0 15 267 292 89 32 286 43 
0 25 474 410 89 7 5 14 0 31 436 444 90 9 13 1 0 28 370 484 118 10 14 0 
0 25 365 466 139 29 0 0 0 45 373 443 137 26 0 0 0 21 306 486 172 38 1 0 
0 25 232 368 273 125 1 0 0 35 276 329 252 131 1 0 0 21 238 368 273 122 2 0 
0 13 80 183 464 274 10 0 0 14 79 204 496 231 0 0 0 9 66 206 485 256 2 0 
0 0 22 155 597 243 7 0 0 1 25 190 591 213 4 0 0 0 24 173 588 231 8 0 
0 0 3 182 660 179 0 0 0 0 4 226 646 148 0 0 0 0 4 204 650 166 0 0 
0 0 4 230 637 147 6 0 0 0 10 269 625 115 5 0 0 0 8 243 636 131 6 0 
0 0 8 334 577 105 0 0 0 0 16 348 573 87 0 0 0 0 16 324 568 116 0 0 
0 0 17 379 540 87 1 0 0 0 27 417 520 59 1 0 0 0 18 378 554 73 1 0 
0 0 16 380 532 96 0 0 0 0 23 418 522 61 0 0 0 0 23 440 497 64 0 0 
0 0 71 512 415 26 0 0 0 0 92 553 357 22 0 0 0 0 78 502 418 26 0 0 
0 0 94 580 335 15 0 0 0 0 120 594 299 11 0 0 0 0 73 581 357 13 0 0 
0 517 324 139 44 0 0 0 0 570 262 150 42 0 0 0 0 103 663 186 72 0 0 0 
10 857 150 7 0 0 0 0 53 908 60 3 0 0 0 0 0 662 344 18 0 0 0 0 
5 957 61 1 0 0 0 0 15 965 44 0 0 0 0 0 0 902 119 3 0 0 0 0 
165 408 195 81 96 78 1 0 22 425 262 126 103 85 1 0 1 273 345 155 101 99 50 0 
94 451 330 108 26 15 0 0 2 205 395 235 138 49 0 0 0 61 288 337 185 133 20 0 
1 128 446 342 106 1 0 0 0 0 97 325 396 192 14 0 0 0 13 156 371 360 123 1 
5 224 619 165 11 0 0 0 0 19 218 537 217 32 1 0 0 0 49 352 462 152 9 0 
14 501 490 19 0 0 0 0 0 23 559 431 11 0 0 0 0 6 125 678 212 3 0 0 
23 477 502 22 0 0 0 0 0 45 605 372 2 0 0 0 0 0 161 733 130 0 0 0 
4 159 486 373 2 0 0 0 0 4 510 488 22 0 0 0 0 0 23 622 376 3 0 0 
7 130 225 601 61 0 0 0 0 5 191 803 23 2 0 0 0 0 34 283 682 25 0 0 
3 218 242 520 41 0 0 0 0 5 410 604 5 0 0 0 0 0 64 376 562 22 0 0 
3 158 214 431 216 2 0 0 0 5 232 690 97 0 0 0 0 0 80 273 589 82 0 0 
0 220 298 485 21 0 0 0 0 13 434 573 4 0 0 0 0 0 115 475 432 2 0 0 
5 395 419 155 50 0 0 0 0 35 647 322 20 0 0 0 0 17 482 480 45 0 0 0 
2 450 533 37 2 0 0 0 0 111 707 199 7 0 0 0 0 45 448 490 40 1 0 0 
0 136 403 84 36 94 170 101 0 32 402 184 54 180 162 10 0 6 246 323 90 197 157 5 
0 1 60 58 46 53 169 637 0 1 48 70 62 86 704 53 0 0 29 77 71 93 727 27 
0 6 27 35 30 37 144 745 0 4 30 38 47 54 675 176 0 0 13 37 61 80 793 40 
0 5 24 23 49 85 168 670 0 3 29 42 69 143 297 441 0 0 27 51 71 141 616 118 
0 0 0 0 62 67 166 729 0 0 0 24 86 107 388 419 0 0 0 23 85 120 697 99 
0 0 0 0 0 36 101 887 0 0 0 0 9 71 207 737 0 0 0 0 16 72 561 375 
0 0 0 15 54 38 120 797 0 0 2 40 47 56 212 667 0 0 3 41 44 83 358 495 
0 0 0 10 63 41 151 759 0 0 3 31 48 95 354 493 0 0 2 29 53 117 564 259 
0 0 0 5 13 15 27 964 0 0 2 10 10 16 131 855 0 0 2 10 13 15 567 417 
0 0 0 1 12 41 102 868 0 0 0 4 16 54 326 624 0 0 0 5 20 57 530 412 
0 0 32 47 25 44 125 751 0 2 46 42 33 75 526 300 0 7 57 32 38 79 717 94 
0 10 245 270 70 26 69 334 0 46 336 180 55 46 248 113 0 50 322 199 52 58 322 21 
0 43 427 429 111 10 4 0 0 95 531 341 52 5 0 0 0 64 498 392 64 6 0 0 
0 65 554 378 27 0 0 0 0 83 582 339 20 0 0 0 0 41 528 419 36 0 0 0 
0 118 442 323 111 30 0 0 0 101 432 338 120 33 0 0 0 59 379 375 166 45 0 0 
0 76 284 237 317 110 0 0 0 58 290 250 320 106 0 0 0 20 260 283 327 133 1 0 
0 18 56 262 536 152 0 0 0 17 51 278 529 149 0 0 0 10 47 247 543 177 0 0 
0 0 9 218 596 200 1 0 0 0 11 237 606 169 1 0 0 0 10 214 588 210 2 0 
0 0 15 256 594 159 0 0 0 0 13 248 591 171 1 0 0 0 9 215 589 207 4 0 
0 0 7 196 558 250 13 0 0 0 11 250 563 200 0 0 0 0 9 236 567 211 1 0 
0 13 48 241 579 142 1 0 0 16 60 333 511 104 0 0 0 5 47 295 548 129 0 0 
0 1 77 475 434 37 0 0 0 1 89 476 419 39 0 0 0 1 76 454 448 45 0 0 
1 227 221 388 186 1 0 0 4 243 220 391 165 1 0 0 0 171 253 404 193 3 0 0 
210 807 7 0 0 0 0 0 385 631 8 0 0 0 0 0 38 970 14 2 0 0 0 0 
194 810 18 2 0 0 0 0 255 753 15 1 0 0 0 0 124 852 45 3 0 0 0 0 
0 24 134 278 207 381 0 0 0 0 1 52 241 710 20 0 0 0 0 1 60 247 698 18 
1 83 348 336 181 65 10 0 0 0 4 148 423 342 102 5 0 0 0 6 164 472 338 44 
2 106 365 412 128 11 0 0 0 1 29 182 459 312 41 0 0 0 5 43 210 485 251 30 
22 210 458 262 72 0 0 0 0 4 90 301 430 186 13 0 0 0 13 104 329 421 150 7 
37 436 411 124 16 0 0 0 0 4 324 437 212 47 0 0 0 0 59 456 325 159 25 0 
21 588 389 20 6 0 0 0 0 18 506 462 31 7 0 0 0 0 107 707 188 21 1 0 
45 610 356 12 1 0 0 0 0 73 635 304 12 0 0 0 0 6 241 675 101 1 0 0 
24 718 278 4 0 0 0 0 0 64 722 235 3 0 0 0 0 8 298 637 81 0 0 0 
34 606 365 18 1 0 0 0 0 98 713 206 7 0 0 0 0 19 437 500 65 3 0 0 
37 625 319 43 0 0 0 0 0 128 701 180 15 0 0 0 0 12 492 460 58 2 0 0 
15 544 421 44 0 0 0 0 0 128 683 208 5 0 0 0 0 28 545 404 47 0 0 0 
28 577 402 17 0 0 0 0 1 152 705 164 2 0 0 0 0 64 556 383 21 0 0 0 
2 506 484 32 0 0 0 0 0 93 738 190 3 0 0 0 0 4 477 514 29 0 0 0 
6 325 554 88 14 22 15 0 0 59 531 364 37 33 0 0 0 4 301 551 127 34 7 0 
7 274 571 156 7 5 4 0 0 41 515 428 32 8 0 0 0 13 290 577 138 6 0 0 
0 246 534 129 61 30 24 0 0 60 594 248 73 40 9 0 0 20 429 414 104 48 9 0 
0 262 502 174 43 37 6 0 0 118 462 332 59 49 4 0 0 43 370 436 106 51 18 0 
0 103 432 203 82 109 95 0 0 21 343 335 162 122 41 0 0 1 150 459 228 162 24 0 
0 56 330 153 63 101 212 109 0 8 247 286 93 152 219 19 0 2 130 355 138 172 210 17 
0 10 205 140 91 193 234 151 0 5 154 210 166 236 232 21 0 1 79 233 197 285 213 16 
0 7 143 121 92 160 248 253 0 0 114 158 147 246 317 42 0 0 54 180 149 281 346 14 
0 1 41 33 23 41 123 762 0 0 39 41 30 74 457 383 0 0 24 52 33 72 720 123 
0 0 0 4 22 58 153 787 0 0 0 12 35 99 571 307 0 0 0 9 37 111 773 94 
0 0 0 43 116 238 326 301 0 0 11 75 194 291 358 95 0 0 6 66 169 319 428 36 
0 0 0 6 36 71 282 629 0 0 0 17 52 149 665 141 0 0 0 16 49 190 748 21 
0 0 62 59 53 78 333 439 0 44 61 51 72 206 548 42 0 26 74 48 83 279 495 19 
0 42 226 150 65 108 281 152 0 66 258 123 87 192 298 0 0 69 242 127 93 256 237 0 
0 219 560 123 16 34 60 12 0 217 543 151 21 63 29 0 4 142 554 205 31 75 13 0 
3 326 580 111 4 0 0 0 0 273 605 139 7 0 0 0 0 119 657 234 14 0 0 0 
2 254 601 163 4 0 0 0 0 228 605 185 6 0 0 0 0 155 588 264 17 0 0 0 
0 212 447 217 114 34 0 0 0 242 425 215 110 32 0 0 0 117 476 242 149 40 0 0 
1 140 247 206 359 68 3 0 0 112 258 227 365 62 0 0 0 61 267 241 365 90 0 0 
0 21 96 321 473 113 0 0 0 23 81 292 494 134 0 0 0 12 74 314 507 117 0 0 
0 0 68 405 477 72 2 0 0 0 68 433 459 64 0 0 0 0 63 412 482 67 0 0 
0 17 150 505 325 27 0 0 0 27 158 492 323 24 0 0 0 11 121 493 362 37 0 0 
11 237 266 366 143 1 0 0 5 277 247 360 135 0 0 0 0 156 317 355 189 7 0 0 
198 813 13 0 0 0 0 0 330 693 1 0 0 0 0 0 83 912 29 0 0 0 0 0 
155 849 20 0 0 0 0 0 499 522 3 0 0 0 0 0 142 865 17 0 0 0 0 0 
37 296 499 163 28 1 0 0 0 19 112 358 413 115 7 0 0 0 17 116 345 437 103 6 
28 291 471 205 29 0 0 0 0 1 87 328 442 156 10 0 0 0 10 123 322 444 120 5 
22 271 546 175 10 0 0 0 0 4 34 276 535 171 4 0 0 0 2 43 331 517 127 4 
5 81 360 392 182 4 0 0 0 0 11 132 451 367 63 0 0 0 0 20 217 497 278 12 
6 195 400 327 90 6 0 0 0 0 41 268 403 280 32 0 0 0 0 79 302 419 210 14 
26 316 482 158 42 0 0 0 0 11 181 404 346 77 5 0 0 0 66 235 421 261 41 0 
73 536 342 70 3 0 0 0 0 89 479 331 113 12 0 0 0 19 288 426 241 48 2 0 
41 560 387 31 5 0 0 0 0 83 595 317 22 7 0 0 0 6 253 612 143 10 0 0 
31 612 344 37 0 0 0 0 0 139 627 238 20 0 0 0 0 12 349 558 103 2 0 0 
11 488 435 80 8 2 0 0 0 58 583 333 44 5 1 0 0 6 320 562 124 10 2 0 
27 407 503 80 7 0 0 0 0 105 502 378 39 0 0 0 0 39 292 517 167 9 0 0 
45 554 398 23 4 0 0 0 1 179 666 164 12 2 0 0 0 74 580 330 37 3 0 0 
24 520 391 78 10 1 0 0 1 181 572 228 35 7 0 0 0 40 500 390 85 8 1 0 
13 499 470 42 0 0 0 0 0 84 694 229 17 0 0 0 0 16 447 493 67 1 0 0 
27 405 506 85 1 0 0 0 2 146 615 232 29 0 0 0 0 44 420 482 77 1 0 0 
19 364 545 84 3 7 2 0 0 114 590 288 25 7 0 0 0 24 389 522 81 8 0 0 
0 236 500 238 38 10 2 0 0 51 451 404 108 10 0 0 0 16 277 486 225 20 0 0 
6 299 578 141 0 0 0 0 0 58 536 391 39 0 0 0 0 3 201 650 166 4 0 0 
12 235 633 144 0 0 0 0 1 72 466 448 37 0 0 0 0 13 244 594 170 3 0 0 
2 144 530 151 34 53 67 43 0 52 430 335 69 70 62 6 0 15 293 451 123 66 75 1 
0 82 411 203 74 53 105 96 0 28 313 329 118 72 158 6 0 14 166 423 179 103 139 0 
1 158 524 159 72 33 68 9 0 96 514 264 56 39 55 0 0 40 330 441 115 37 61 0 
0 85 469 214 85 80 75 16 0 26 372 356 118 85 67 0 0 1 236 458 154 91 83 1 
0 49 239 256 169 112 114 85 0 31 216 326 175 141 112 23 0 11 127 336 241 156 142 11 
0 56 158 121 153 241 250 45 0 8 155 179 235 290 148 9 0 0 98 201 268 294 163 0 
6 101 218 172 165 144 165 53 0 49 205 238 180 172 180 0 0 14 143 258 219 186 202 2 
0 36 196 150 101 202 270 69 0 22 158 188 204 257 191 4 0 1 74 227 222 288 211 1 
1 43 137 43 51 171 470 108 2 59 137 50 94 387 294 1 0 19 116 97 79 424 289 0 
0 66 131 80 119 281 288 59 7 73 143 110 213 337 141 0 1 55 151 118 215 361 123 0 
0 179 307 77 73 89 259 40 0 199 298 101 73 244 109 0 0 159 316 119 85 277 68 0 
0 311 502 108 42 39 21 1 0 331 493 119 51 28 2 0 0 256 544 144 54 24 2 0 
8 438 537 41 0 0 0 0 2 424 547 51 0 0 0 0 0 268 635 120 1 0 0 0 
4 349 579 85 7 0 0 0 6 389 534 86 9 0 0 0 4 241 636 133 10 0 0 0 
10 375 375 153 100 11 0 0 2 353 413 154 98 4 0 0 0 250 474 181 113 6 0 0 
22 668 156 119 58 1 0 0 53 657 152 106 56 0 0 0 2 575 252 125 69 1 0 0 
126 766 99 28 5 0 0 0 347 578 77 18 4 0 0 0 39 804 132 44 5 0 0 0 
58 940 26 0 0 0 0 0 235 780 9 0 0 0 0 0 18 973 33 0 0 0 0 0 
44 963 17 0 0 0 0 0 514 509 1 0 0 0 0 0 50 958 16 0 0 0 0 0 
104 357 293 185 73 12 0 0 0 80 225 347 260 93 17 2 0 10 126 244 325 229 82 8 
57 367 406 177 17 0 0 0 0 6 147 342 380 147 2 0 0 0 17 163 354 379 110 1 
22 268 463 219 48 4 0 0 0 0 56 324 422 194 28 0 0 0 1 81 350 430 149 13 
5 194 415 292 111 7 0 0 0 0 14 230 446 290 44 0 0 0 0 38 273 460 241 12 
20 248 450 240 52 9 5 0 0 0 33 245 470 237 33 6 0 0 0 57 327 447 176 17 
11 184 480 297 52 0 0 0 0 0 10 228 527 246 13 0 0 0 0 24 288 502 205 5 
9 144 356 361 150 4 0 0 0 1 71 232 382 297 41 0 0 0 8 127 264 406 200 19 
35 227 459 233 63 6 1 0 0 29 193 418 286 89 8 1 0 0 71 255 416 227 52 3 
24 444 426 114 11 5 0 0 0 60 499 364 84 14 3 0 0 1 209 519 245 39 10 1 
79 469 412 64 0 0 0 0 6 178 525 283 32 0 0 0 0 58 385 460 121 0 0 0 
31 468 464 60 1 0 0 0 0 111 605 288 20 0 0 0 0 18 334 572 99 1 0 0 
65 612 313 34 0 0 0 0 0 189 647 176 12 0 0 0 0 60 496 412 55 1 0 0 
7 436 492 84 5 0 0 0 0 73 658 267 26 0 0 0 0 7 401 506 103 7 0 0 
33 473 462 56 0 0 0 0 1 170 661 189 3 0 0 0 1 88 505 400 30 0 0 0 
0 170 291 55 18 23 332 135 0 57 295 164 27 197 282 2 0 15 219 250 60 265 214 1 
0 0 34 8 10 25 316 631 0 4 32 9 12 206 759 2 0 0 24 19 22 270 689 0 
1 47 105 74 29 18 163 587 0 27 124 84 30 36 696 27 0 11 100 105 50 92 664 2 
38 435 437 107 7 0 0 0 5 190 512 271 46 0 0 0 0 44 412 430 130 8 0 0 
23 330 502 145 14 8 2 0 1 118 515 344 37 9 0 0 0 30 337 497 144 13 3 0 
0 28 215 169 90 168 168 186 0 7 123 249 172 234 203 36 0 2 79 230 213 265 227 8 
0 29 151 140 75 105 257 267 0 4 99 196 111 190 420 4 0 1 43 202 151 244 380 3 
0 67 453 259 93 78 65 9 0 19 294 429 153 104 25 0 0 1 135 495 224 143 26 0 
2 239 621 150 12 0 0 0 0 51 519 404 49 1 0 0 0 4 286 566 161 7 0 0 
1 247 544 197 35 0 0 0 0 63 447 433 76 5 0 0 0 4 262 540 188 30 0 0 
8 225 554 222 15 0 0 0 0 35 413 445 130 1 0 0 0 7 157 539 285 36 0 0 
2 206 600 207 7 2 0 0 0 73 424 462 64 1 0 0 0 11 210 552 239 11 1 0 
10 207 424 272 59 36 16 0 0 107 352 360 133 57 15 0 0 22 240 402 253 82 22 3 
28 144 390 296 136 30 0 0 9 102 310 366 183 51 3 0 0 51 224 368 262 108 11 0 
22 158 331 228 136 115 34 0 13 99 322 300 174 94 22 0 1 54 248 341 223 127 30 0 
1 45 177 133 167 174 235 92 1 42 163 174 224 256 164 0 0 19 121 189 234 330 131 0 
21 98 123 52 139 190 342 59 10 99 115 119 199 305 177 0 2 47 125 138 214 385 113 0 
5 210 234 87 68 143 268 9 7 257 221 87 116 300 36 0 4 179 264 118 137 310 12 0 
20 428 431 111 20 12 2 0 46 527 349 84 16 2 0 0 18 364 473 134 34 1 0 0 
40 761 200 22 1 0 0 0 35 776 183 28 2 0 0 0 5 562 398 53 6 0 0 0 
25 979 20 0 0 0 0 0 115 891 18 0 0 0 0 0 7 863 154 0 0 0 0 0 
129 858 37 0 0 0 0 0 313 688 23 0 0 0 0 0 17 929 76 2 0 0 0 0 
272 718 32 2 0 0 0 0 535 459 30 0 0 0 0 0 40 940 40 4 0 0 0 0 
33 984 7 0 0 0 0 0 280 744 0 0 0 0 0 0 20 1000 4 0 0 0 0 0 
224 405 264 123 8 0 0 0 0 61 325 317 245 74 2 0 0 6 119 338 298 217 46 0 
160 415 261 126 44 18 0 0 1 78 305 354 197 75 14 0 0 17 117 334 331 176 46 3 
32 228 411 251 96 6 0 0 0 16 121 351 333 183 20 0 0 9 25 150 370 328 133 9 
40 237 409 224 97 17 0 0 0 17 97 326 345 196 43 0 0 5 26 123 343 363 146 18 
23 230 414 266 88 3 0 0 0 10 67 340 385 188 34 0 0 0 15 85 342 405 170 7 
4 109 356 353 184 18 0 0 0 0 49 251 379 293 52 0 0 0 2 67 295 414 227 19 
11 190 471 246 98 8 0 0 0 0 65 238 481 208 31 1 0 0 5 87 265 467 185 15 
18 194 407 301 89 15 0 0 0 1 58 301 395 239 30 0 0 0 3 104 345 388 178 6 
12 147 424 313 115 13 0 0 0 0 46 241 440 259 38 0 0 0 5 95 266 429 212 17 
17 353 530 83 35 6 0 0 0 12 311 509 128 50 14 0 0 0 87 437 377 83 36 4 
50 557 381 36 0 0 0 0 0 83 546 370 25 0 0 0 0 11 265 591 146 11 0 0 
71 529 373 51 0 0 0 0 4 144 593 254 29 0 0 0 0 26 343 538 107 10 0 0 
67 566 349 42 0 0 0 0 3 147 576 277 21 0 0 0 0 24 410 467 120 3 0 0 
59 509 325 61 13 19 27 11 0 184 584 172 29 27 26 2 0 68 525 295 71 33 32 0 
0 18 38 21 20 83 448 396 0 20 44 19 25 192 685 39 0 14 43 21 25 237 668 16 
7 91 45 26 23 25 166 641 4 101 44 25 26 26 797 1 4 73 65 30 25 36 787 4 
0 46 23 28 98 223 299 307 0 50 25 55 197 264 430 3 0 38 34 58 201 304 383 6 
6 114 129 39 36 161 283 256 0 41 146 97 103 237 359 41 0 30 139 118 111 301 322 3 
33 428 493 55 7 7 1 0 6 187 513 284 27 7 0 0 2 82 411 427 93 9 0 0 
12 391 511 106 4 0 0 0 1 175 573 246 29 0 0 0 0 66 445 420 91 2 0 0 
24 339 545 116 0 0 0 0 2 119 543 315 45 0 0 0 0 48 333 499 135 9 0 0 
1 197 603 208 15 0 0 0 0 50 459 445 67 3 0 0 0 15 285 546 164 14 0 0 
11 274 513 213 13 0 0 0 0 107 435 392 89 1 0 0 0 20 285 494 216 9 0 0 
3 229 517 236 39 0 0 0 0 47 449 399 125 4 0 0 0 7 213 526 234 44 0 0 
7 206 482 275 54 0 0 0 0 64 385 434 139 2 0 0 0 7 222 482 280 33 0 0 
5 190 480 275 67 7 0 0 0 68 355 442 146 11 2 0 0 4 175 483 304 53 5 0 
1 217 523 246 27 10 0 0 0 70 457 409 75 13 0 0 0 15 246 479 258 25 1 0 
0 105 560 313 46 0 0 0 0 31 350 527 114 2 0 0 0 7 106 555 322 34 0 0 
6 83 467 406 56 6 0 0 1 38 243 509 215 18 0 0 0 15 97 453 389 68 2 0 
0 121 476 313 67 27 20 0 0 46 326 461 134 45 12 0 0 6 187 457 284 73 15 2 
13 315 541 147 8 0 0 0 1 118 477 386 42 0 0 0 0 32 311 523 151 7 0 0 
93 353 368 194 15 1 0 0 63 261 385 245 68 2 0 0 0 202 364 332 116 9 1 0 
77 395 358 163 29 2 0 0 72 310 315 251 66 10 0 0 4 168 375 329 120 25 3 0 
121 518 264 113 8 0 0 0 81 449 356 122 16 0 0 0 2 250 481 211 78 2 0 0 
211 681 131 1 0 0 0 0 275 620 126 3 0 0 0 0 6 721 273 24 0 0 0 0 
231 791 2 0 0 0 0 0 464 560 0 0 0 0 0 0 17 987 20 0 0 0 0 0 
256 753 15 0 0 0 0 0 567 451 6 0 0 0 0 0 71 926 27 0 0 0 0 0 
245 779 0 0 0 0 0 0 442 582 0 0 0 0 0 0 103 921 0 0 0 0 0 0 
99 410 356 122 35 2 0 0 0 23 259 431 258 52 1 0 0 0 58 325 394 221 26 0 
122 323 350 207 22 0 0 0 2 50 203 362 308 98 1 0 0 11 92 233 406 245 37 0 
81 279 408 217 38 1 0 0 1 36 156 317 353 156 5 0 0 8 39 220 320 334 101 2 
73 289 370 241 43 6 2 0 0 6 146 354 346 158 14 0 0 0 30 199 346 328 114 7 
30 150 401 287 129 27 0 0 0 9 63 299 388 218 47 0 0 0 17 90 327 398 169 23 
46 244 371 297 60 6 0 0 0 10 124 270 386 211 23 0 0 0 24 150 287 377 180 6 
29 229 396 268 82 20 0 0 0 16 154 377 331 124 22 0 0 0 35 191 413 304 72 9 
60 237 393 241 90 3 0 0 0 82 174 206 337 209 16 0 0 5 131 175 238 336 136 3 
63 220 370 235 113 21 2 0 0 18 151 283 324 189 56 3 0 0 23 193 315 321 147 25 
79 254 371 231 77 12 0 0 0 16 162 318 332 160 32 4 0 2 42 217 332 309 104 18 
59 336 373 211 40 5 0 0 0 54 214 347 272 124 13 0 0 14 88 282 319 247 72 2 
102 367 386 135 29 5 0 0 5 106 363 386 128 31 5 0 0 33 201 405 302 70 13 0 
116 599 219 59 23 8 0 0 6 231 600 119 55 13 0 0 0 68 583 281 63 29 0 0 
80 538 355 49 2 0 0 0 3 227 592 194 8 0 0 0 0 110 566 302 46 0 0 0 
60 480 361 102 19 2 0 0 5 317 494 180 26 2 0 0 1 178 527 246 69 3 0 0 
24 371 417 146 17 13 24 12 2 244 412 255 63 16 31 1 6 149 388 320 110 24 27 0 
10 207 223 80 63 57 222 162 1 97 266 152 85 120 287 16 0 66 253 163 104 190 241 7 
0 51 87 47 29 39 171 600 0 37 78 78 42 58 455 276 0 11 81 90 41 84 615 102 
0 90 150 27 10 11 31 705 0 44 163 61 11 15 319 411 0 32 154 87 16 34 547 154 
11 147 276 107 22 14 48 399 0 64 300 166 37 30 311 116 0 19 245 211 93 42 393 21 
3 178 305 193 58 45 173 69 0 84 319 222 103 163 127 6 0 28 242 255 191 203 102 3 
24 366 407 93 34 32 56 12 0 106 492 278 50 48 50 0 0 37 362 421 104 80 20 0 
17 365 495 130 7 10 0 0 0 88 547 335 47 7 0 0 0 10 290 529 185 10 0 0 
13 242 558 207 4 0 0 0 0 90 432 416 86 0 0 0 0 20 264 482 251 7 0 0 
2 226 492 247 57 0 0 0 0 64 438 370 134 18 0 0 0 4 234 491 240 55 0 0 
4 218 500 270 32 0 0 0 1 49 415 403 149 7 0 0 0 10 166 483 291 74 0 0 
10 238 561 194 21 0 0 0 0 49 371 453 142 9 0 0 0 2 162 462 332 63 3 0 
6 234 531 247 6 0 0 0 0 9 292 522 198 3 0 0 0 0 47 487 424 66 0 0 
1 148 565 295 15 0 0 0 0 11 253 582 177 1 0 0 0 0 66 480 433 45 0 0 
0 134 584 290 16 0 0 0 0 1 313 559 145 6 0 0 0 0 101 535 359 29 0 0 
2 173 688 158 3 0 0 0 0 12 350 588 74 0 0 0 0 1 72 624 315 12 0 0 
4 339 582 96 3 0 0 0 0 37 467 474 46 0 0 0 0 0 162 636 221 5 0 0 
69 521 400 33 1 0 0 0 6 261 556 190 11 0 0 0 0 79 461 422 61 1 0 0 
150 491 329 51 3 0 0 0 222 415 300 82 5 0 0 0 44 430 374 157 19 0 0 0 
107 839 62 15 1 0 0 0 254 680 71 19 0 0 0 0 2 861 127 30 4 0 0 0 
526 498 0 0 0 0 0 0 707 317 0 0 0 0 0 0 106 915 3 0 0 0 0 0 
495 517 12 0 0 0 0 0 702 317 5 0 0 0 0 0 231 780 13 0 0 0 0 0 
933 91 0 0 0 0 0 0 962 62 0 0 0 0 0 0 841 183 0 0 0 0 0 0 
165 401 288 130 34 6 0 0 1 89 294 384 186 60 8 2 0 12 122 314 354 183 34 5 
150 404 324 122 20 4 0 0 0 16 291 397 239 73 8 0 0 0 44 320 405 206 45 4 
121 406 309 154 34 0 0 0 1 44 254 394 248 80 3 0 0 9 79 304 372 212 48 0 
96 337 347 196 48 0 0 0 0 42 225 350 289 116 2 0 0 0 72 255 360 269 68 0 
110 346 354 183 31 0 0 0 0 42 209 356 313 102 2 0 0 7 82 222 363 290 60 0 
93 283 381 231 35 1 0 0 3 57 115 260 388 177 24 0 0 10 53 120 266 419 135 21 
20 202 422 288 82 10 0 0 0 5 89 251 411 227 40 1 0 0 25 124 302 391 165 17 
11 171 349 311 168 13 1 0 0 1 58 250 368 270 74 3 0 0 1 82 336 351 220 34 
46 226 355 262 123 12 0 0 0 11 99 230 369 240 73 2 0 0 39 118 304 326 204 33 
64 213 294 228 132 46 37 10 0 25 134 247 294 203 96 25 0 9 50 170 250 295 190 60 
37 237 408 241 82 19 0 0 0 10 121 322 365 170 36 0 0 2 40 161 365 333 110 13 
112 311 285 196 109 11 0 0 2 112 298 281 178 137 16 0 0 56 225 278 223 188 54 0 
53 337 358 186 72 16 2 0 1 127 361 301 176 49 9 0 0 33 283 365 228 97 17 1 
57 378 371 172 38 8 0 0 0 135 406 338 117 28 0 0 0 66 332 388 193 38 7 0 
18 352 481 151 20 2 0 0 2 104 489 345 74 10 0 0 0 55 364 448 136 20 1 0 
62 489 338 126 9 0 0 0 16 279 461 236 32 0 0 0 1 160 468 318 76 1 0 0 
14 213 264 87 27 29 191 199 7 126 306 127 47 114 264 33 0 73 283 203 50 123 287 5 
0 26 55 54 72 63 293 461 0 11 68 78 88 143 518 118 0 9 64 71 99 185 547 49 
16 207 304 139 56 78 107 117 0 137 302 214 92 111 168 0 0 81 236 281 134 137 155 0 
7 136 346 199 63 111 81 81 0 63 280 298 164 104 115 0 0 13 190 337 218 143 123 0 
7 216 283 182 86 72 173 5 0 84 263 299 167 140 71 0 0 12 174 317 263 183 75 0 
29 195 341 193 105 97 63 1 3 68 294 310 213 122 14 0 0 12 168 338 314 172 20 0 
22 331 479 133 40 12 7 0 0 111 491 327 77 15 3 0 0 18 291 494 180 37 4 0 
20 294 498 139 26 11 32 4 0 124 513 284 55 12 30 6 0 31 339 470 125 21 28 10 
17 364 439 166 37 1 0 0 0 103 504 306 100 11 0 0 0 8 330 460 179 46 1 0 
15 230 406 284 88 1 0 0 0 104 340 399 169 12 0 0 0 32 219 396 307 70 0 0 
4 174 482 296 68 0 0 0 0 12 295 464 231 22 0 0 0 0 87 419 398 120 0 0 
11 215 547 241 10 0 0 0 0 41 305 539 136 3 0 0 0 0 112 437 424 51 0 0 
16 236 594 170 8 0 0 0 0 42 348 526 106 2 0 0 0 3 150 569 276 26 0 0 
8 246 639 131 0 0 0 0 0 25 400 525 74 0 0 0 0 0 148 576 291 9 0 0 
9 282 523 194 16 0 0 0 0 60 402 470 91 1 0 0 0 1 198 474 321 30 0 0 
17 381 566 60 0 0 0 0 2 117 634 263 8 0 0 0 0 12 337 596 79 0 0 0 
22 471 391 104 35 1 0 0 33 391 421 148 30 1 0 0 5 136 483 319 75 6 0 0 
19 487 372 115 31 0 0 0 36 578 275 102 29 4 0 0 0 317 463 181 49 14 0 0 
304 643 72 5 0 0 0 0 476 460 81 7 0 0 0 0 78 768 148 30 0 0 0 0 
717 298 9 0 0 0 0 0 891 131 2 0 0 0 0 0 294 718 12 0 0 0 0 0 
501 513 10 0 0 0 0 0 703 312 9 0 0 0 0 0 134 873 15 2 0 0 0 0 
619 405 0 0 0 0 0 0 775 249 0 0 0 0 0 0 203 817 4 0 0 0 0 0 
275 504 207 38 0 0 0 0 10 118 349 394 149 4 0 0 0 25 129 352 396 120 2 0 
304 460 223 34 3 0 0 0 0 76 347 410 171 20 0 0 0 0 118 324 385 179 18 0 
149 418 345 95 17 0 0 0 0 46 213 426 274 64 1 0 0 16 43 202 439 284 40 0 
149 396 347 105 27 0 0 0 0 28 257 395 268 73 3 0 0 0 46 251 389 278 60 0 
133 310 319 187 46 23 6 0 0 85 239 321 260 88 26 5 0 10 111 255 329 238 59 22 
137 329 284 194 64 16 0 0 0 78 290 320 227 98 11 0 0 5 121 309 305 208 73 3 
39 325 359 219 76 6 0 0 0 10 108 370 321 183 32 0 0 0 23 141 389 320 142 9 
92 334 382 180 32 4 0 0 0 18 176 327 357 134 12 0 0 0 31 183 351 346 105 8 
30 198 345 310 118 23 0 0 0 10 117 269 360 215 53 0 0 1 41 148 308 343 168 15 
51 241 348 250 105 27 2 0 0 35 148 296 323 177 44 1 0 1 71 195 329 294 124 10 
24 216 369 262 115 36 2 0 0 9 141 337 313 179 44 1 0 0 27 193 356 286 147 15 
50 271 300 206 139 42 16 0 0 29 185 338 254 157 51 10 0 2 65 249 330 256 102 20 
49 205 271 228 154 76 38 3 0 37 173 250 263 183 103 15 0 7 92 199 272 256 149 49 
28 265 385 244 85 17 0 0 0 78 299 355 214 66 12 0 0 7 215 341 302 133 25 1 
60 431 339 157 37 0 0 0 1 181 387 274 137 44 0 0 0 70 358 318 179 85 14 0 
61 417 400 119 27 0 0 0 1 153 471 293 88 18 0 0 0 78 376 366 149 50 5 0 
12 203 274 116 58 164 152 45 0 94 284 202 126 192 124 2 0 29 196 297 134 227 139 2 
4 75 120 53 62 105 407 198 2 29 134 92 94 288 373 12 0 20 96 112 109 300 381 6 
19 306 366 132 21 16 19 145 6 184 434 204 27 13 75 81 1 96 326 333 103 24 95 46 
43 279 319 136 45 101 63 38 4 141 346 248 90 118 73 4 2 63 291 287 166 149 66 0 
48 328 407 210 31 0 0 0 1 168 406 330 111 8 0 0 0 45 295 412 236 36 0 0 
11 331 444 206 32 0 0 0 0 111 415 358 135 5 0 0 0 5 218 445 297 59 0 0 
20 292 448 233 31 0 0 0 1 118 414 370 117 4 0 0 0 16 247 441 276 44 0 0 
43 309 447 188 26 10 1 0 1 132 447 332 95 10 7 0 0 15 289 438 232 36 7 7 
35 372 472 139 6 0 0 0 3 129 474 360 58 0 0 0 0 18 271 488 229 18 0 0 
10 217 532 238 27 0 0 0 1 91 465 371 95 1 0 0 0 12 205 540 236 31 0 0 
11 295 544 146 26 2 0 0 0 47 473 413 82 9 0 0 0 3 166 581 232 42 0 0 
25 249 537 201 12 0 0 0 0 77 363 488 96 0 0 0 0 13 188 466 324 33 0 0 
5 271 577 166 5 0 0 0 1 34 430 498 61 0 0 0 0 3 189 583 245 4 0 0 
33 394 483 113 1 0 0 0 0 117 551 321 35 0 0 0 0 28 328 533 133 2 0 0 
45 496 439 41 3 0 0 0 3 122 617 269 13 0 0 0 0 40 346 542 95 1 0 0 
34 395 430 155 10 0 0 0 8 170 507 282 57 0 0 0 1 53 393 426 151 0 0 0 
7 339 443 172 49 14 0 0 18 302 467 189 41 7 0 0 0 144 490 297 76 17 0 0 
30 499 416 77 2 0 0 0 14 436 462 108 4 0 0 0 0 296 504 208 16 0 0 0 
309 648 48 17 2 0 0 0 387 561 48 22 6 0 0 0 17 887 78 27 15 0 0 0 
636 384 4 0 0 0 0 0 919 103 2 0 0 0 0 0 262 756 6 0 0 0 0 0 
861 163 0 0 0 0 0 0 955 69 0 0 0 0 0 0 326 698 0 0 0 0 0 0 
830 194 0 0 0 0 0 0 974 50 0 0 0 0 0 0 159 865 0 0 0 0 0 0 
320 368 226 96 14 0 0 0 33 302 306 222 122 38 1 0 1 130 300 266 202 108 17 0 
226 385 259 127 25 2 0 0 1 100 377 306 183 51 6 0 0 10 191 355 293 154 19 2 
205 413 290 104 12 0 0 0 4 76 313 366 204 61 0 0 0 6 101 319 349 202 47 0 
160 401 331 120 10 2 0 0 1 72 276 392 252 29 2 0 0 13 108 282 396 203 22 0 
98 336 312 192 81 5 0 0 0 60 263 303 247 135 16 0 0 9 118 288 297 230 78 4 
210 337 229 171 75 2 0 0 0 82 297 299 205 129 12 0 0 4 102 311 308 204 92 3 
293 463 181 76 11 0 0 0 0 70 350 386 161 56 1 0 0 0 93 347 392 151 41 0 
143 446 330 89 12 4 0 0 0 29 200 415 313 62 5 0 0 3 54 235 411 279 39 3 
96 235 324 285 79 5 0 0 0 4 109 285 371 237 18 0 0 0 8 145 313 402 154 2 
59 196 308 306 127 27 1 0 0 30 124 254 338 236 41 1 0 0 49 168 296 348 146 17 
34 202 299 283 134 56 16 0 0 17 145 266 299 198 78 21 0 0 44 181 282 290 173 54 
32 255 344 235 123 27 8 0 0 10 152 309 304 183 55 11 0 0 20 181 323 311 157 32 
66 216 323 251 138 27 3 0 0 49 158 303 271 188 54 1 0 2 82 209 286 271 160 14 
28 187 265 299 166 68 11 0 0 8 131 249 275 262 93 6 0 0 47 143 260 283 247 44 
64 265 295 260 115 23 2 0 0 33 195 303 281 161 49 2 0 9 100 247 323 232 101 12 
37 259 389 242 83 14 0 0 0 39 245 331 250 139 20 0 0 1 119 245 310 238 99 12 
83 435 330 142 24 8 2 0 1 164 425 294 109 23 8 0 0 35 338 375 217 44 15 0 
116 320 295 107 37 29 52 68 9 222 338 238 79 43 70 25 0 78 273 327 173 59 82 32 
12 162 197 113 70 87 141 242 0 65 232 191 95 124 212 105 0 8 183 234 138 138 195 128 
49 367 376 151 51 30 0 0 1 157 429 291 116 30 0 0 0 38 300 389 234 59 4 0 
30 354 411 195 33 1 0 0 4 166 460 319 71 4 0 0 0 30 317 436 217 24 0 0 
23 369 436 183 13 0 0 0 0 173 485 303 61 2 0 0 0 24 345 441 197 17 0 0 
25 317 424 201 57 0 0 0 4 130 405 329 145 11 0 0 0 19 279 403 255 68 0 0 
20 297 453 216 34 4 0 0 2 124 428 346 112 12 0 0 0 30 262 441 253 35 3 0 
11 264 404 278 66 1 0 0 0 81 392 344 191 16 0 0 0 8 251 394 282 88 1 0 
2 170 488 275 86 3 0 0 0 81 413 383 134 13 0 0 0 19 213 480 253 59 0 0 
14 255 527 215 13 0 0 0 0 86 414 444 78 2 0 0 0 7 206 503 280 28 0 0 
5 303 526 176 14 0 0 0 0 64 431 419 109 1 0 0 0 7 198 490 291 38 0 0 
36 331 491 165 1 0 0 0 1 111 439 401 72 0 0 0 0 13 241 492 263 15 0 0 
4 312 489 206 13 0 0 0 0 86 464 393 80 1 0 0 0 17 313 471 208 15 0 0 
15 338 531 138 2 0 0 0 2 99 572 320 31 0 0 0 0 21 354 513 133 3 0 0 
20 352 476 154 22 0 0 0 1 139 532 279 71 2 0 0 0 28 329 509 143 15 0 0 
5 229 570 173 44 3 0 0 0 102 549 297 70 6 0 0 0 35 370 477 117 25 0 0 
81 411 362 142 28 0 0 0 46 336 410 208 24 0 0 0 15 224 388 322 64 11 0 0 
100 545 186 89 93 11 0 0 78 491 262 90 95 8 0 0 10 316 430 143 81 44 0 0 
630 375 19 0 0 0 0 0 685 316 23 0 0 0 0 0 301 648 70 5 0 0 0 0 
688 336 0 0 0 0 0 0 839 185 0 0 0 0 0 0 234 784 6 0 0 0 0 0 
1000 24 0 0 0 0 0 0 1002 22 0 0 0 0 0 0 622 402 0 0 0 0 0 0 
41 179 665 89 39 11 0 0 4 30 154 679 107 41 9 0 0 6 59 199 658 78 23 1 
118 707 118 57 20 4 0 0 3 109 694 111 73 33 1 0 0 22 164 674 96 66 2 0 
168 747 88 17 4 0 0 0 2 56 751 169 40 6 0 0 0 10 145 723 119 25 2 0 
127 701 131 61 4 0 0 0 0 43 177 690 86 28 0 0 0 0 69 182 678 77 18 0 
55 170 682 76 33 8 0 0 0 8 94 688 152 70 12 0 0 0 23 138 674 146 39 4 
176 737 98 13 0 0 0 0 0 28 234 686 66 10 0 0 0 0 56 737 180 47 4 0 
148 696 100 48 32 0 0 0 0 58 176 661 78 37 14 0 0 5 59 153 682 85 40 0 
108 725 137 40 14 0 0 0 0 37 154 700 97 31 5 0 0 1 36 161 692 104 28 2 
105 704 127 81 6 1 0 0 1 40 120 684 115 61 3 0 0 8 51 130 650 133 51 1 
65 164 657 87 42 9 0 0 0 13 86 158 659 83 25 0 0 0 13 79 674 166 81 11 
24 159 667 108 51 15 0 0 0 18 107 661 136 77 25 0 0 0 19 137 656 127 72 13 
65 169 656 106 23 5 0 0 1 28 138 666 135 50 6 0 0 1 52 144 650 135 40 2 
63 197 661 98 5 0 0 0 0 37 146 666 128 47 0 0 0 4 62 148 671 119 20 0 
37 131 716 119 21 0 0 0 0 50 113 674 145 41 1 0 0 7 70 126 662 137 22 0 
10 61 142 678 108 25 0 0 0 7 57 129 658 135 38 0 0 5 11 102 659 161 78 8 
37 157 677 99 29 21 4 0 0 26 116 668 116 75 22 1 0 1 51 114 681 97 71 9 
21 90 139 626 107 38 3 0 0 37 104 647 131 93 12 0 0 2 61 124 647 137 51 2 
47 227 687 50 12 1 0 0 12 125 714 121 44 8 0 0 0 42 174 675 102 30 1 0 
38 205 698 80 3 0 0 0 11 124 719 146 24 0 0 0 0 44 177 698 97 8 0 0 
17 200 752 48 7 0 0 0 0 94 759 146 23 2 0 0 0 11 151 781 75 6 0 0 
11 156 745 104 8 0 0 0 0 64 748 166 45 1 0 0 0 7 114 773 119 11 0 0 
4 170 755 79 13 3 0 0 0 41 803 147 29 4 0 0 0 2 149 779 78 15 1 0 
25 201 695 84 19 0 0 0 2 123 726 126 43 4 0 0 0 19 196 703 87 19 0 0 
21 152 706 108 32 5 0 0 2 97 724 146 52 3 0 0 0 33 185 690 104 12 0 0 
3 125 730 137 29 0 0 0 0 57 184 702 77 4 0 0 0 5 120 719 148 32 0 0 
5 73 696 197 52 1 0 0 0 26 153 733 98 14 0 0 0 3 75 714 184 48 0 0 
15 191 720 72 26 0 0 0 2 92 753 133 42 2 0 0 0 16 163 745 82 18 0 0 
36 151 749 65 21 2 0 0 5 72 722 173 45 7 0 0 0 26 121 756 97 24 0 0 
41 193 755 33 2 0 0 0 1 85 764 155 19 0 0 0 0 32 140 751 95 6 0 0 
12 200 759 52 1 0 0 0 0 57 787 170 10 0 0 0 0 6 138 802 78 0 0 0 
4 158 779 83 0 0 0 0 0 32 750 219 23 0 0 0 0 0 90 789 139 6 0 0 
9 217 753 45 0 0 0 0 0 56 828 132 8 0 0 0 0 4 208 767 45 0 0 0 
0 105 848 70 1 0 0 0 0 62 799 153 10 0 0 0 0 8 226 723 64 3 0 0 
47 163 649 89 74 2 0 0 44 159 651 80 74 16 0 0 0 106 193 603 67 53 2 0 
58 716 189 48 13 0 0 0 55 719 192 42 16 0 0 0 4 171 750 67 31 1 0 0 
117 742 99 41 25 0 0 0 133 741 93 52 5 0 0 0 46 800 108 60 10 0 0 0 
291 726 7 0 0 0 0 0 872 147 5 0 0 0 0 0 246 762 16 0 0 0 0 0 
1012 12 0 0 0 0 0 0 1008 16 0 0 0 0 0 0 782 242 0 0 0 0 0 0 
