491 415 112 6 0 0 0 0 223 487 244 67 3 0 0 0 195 505 239 80 5 0 0 0 
242 631 146 5 0 0 0 0 28 370 537 87 2 0 0 0 31 359 535 98 1 0 0 0 
146 508 340 26 4 0 0 0 28 188 515 277 15 1 0 0 13 175 491 328 16 1 0 0 
142 569 295 17 1 0 0 0 28 251 570 169 6 0 0 0 24 188 557 243 11 1 0 0 
67 465 416 44 11 14 6 1 1 122 564 291 22 15 8 1 0 49 432 465 48 12 12 6 
77 435 323 90 44 14 19 22 20 169 513 236 49 37 0 0 24 205 446 272 74 3 0 0 
207 460 217 78 30 12 10 10 14 164 515 271 43 17 0 0 34 254 517 177 42 0 0 0 
577 376 52 16 3 0 0 0 81 172 477 288 6 0 0 0 91 251 603 73 6 0 0 0 
471 327 154 62 10 0 0 0 213 269 229 268 44 1 0 0 200 295 292 197 36 4 0 0 
803 171 39 10 1 0 0 0 120 736 135 30 2 1 0 0 117 736 138 30 2 1 0 0 
69 173 213 208 135 181 44 1 22 87 249 145 223 137 148 13 5 83 133 230 191 147 209 26 
36 190 174 89 114 362 58 1 4 46 251 115 141 138 325 4 0 23 105 254 71 131 357 83 
65 105 162 63 96 396 132 5 34 67 100 153 62 186 410 12 5 70 56 133 115 90 410 145 
64 86 150 95 98 188 325 18 37 75 57 193 76 142 382 62 2 89 28 78 183 81 207 356 
17 84 156 94 58 204 144 267 10 32 112 158 71 77 261 303 0 22 86 120 120 66 198 412 
11 293 618 63 15 5 18 1 2 18 472 476 26 9 17 4 2 12 312 624 39 13 17 5 
380 328 202 84 30 0 0 0 3 179 465 278 92 7 0 0 32 300 323 244 100 25 0 0 
461 509 54 0 0 0 0 0 3 150 463 359 49 0 0 0 5 249 558 204 8 0 0 0 
561 445 13 5 0 0 0 0 5 123 501 384 11 0 0 0 14 220 630 157 3 0 0 0 
754 247 20 3 0 0 0 0 71 825 106 20 2 0 0 0 103 816 94 10 1 0 0 0 
287 108 125 120 46 139 185 14 193 150 102 127 95 79 228 50 200 129 80 112 120 53 160 170 
285 151 64 11 28 189 278 18 176 167 121 39 23 93 323 82 216 166 81 35 14 29 208 275 
126 331 48 44 21 88 284 82 41 379 77 42 27 51 245 162 7 366 96 40 44 23 123 325 
90 247 121 51 42 93 310 70 33 220 194 45 46 79 270 137 6 191 157 107 52 43 114 354 
210 84 71 45 59 154 325 76 158 103 87 50 61 90 328 147 27 220 16 95 55 62 122 427 
192 164 160 91 134 157 116 10 154 104 168 134 116 161 158 29 43 141 136 181 85 103 160 175 
302 292 139 139 97 48 6 1 98 140 400 143 128 87 23 5 57 211 237 170 112 118 90 29 
241 377 149 147 67 32 11 0 84 242 355 161 112 50 15 5 66 230 274 130 148 102 47 27 
328 401 85 73 70 44 23 0 18 175 365 273 94 53 36 10 2 216 380 173 77 69 55 52 
911 105 6 2 0 0 0 0 183 647 136 57 1 0 0 0 188 711 98 27 0 0 0 0 
581 198 143 101 1 0 0 0 410 247 164 128 75 0 0 0 442 228 149 90 99 16 0 0 
564 253 107 72 16 10 2 0 381 261 176 106 73 19 8 0 426 237 167 88 69 29 8 0 
31 115 103 125 357 258 35 0 2 36 99 92 315 393 85 2 4 37 93 73 253 438 114 12 
184 179 163 103 136 113 88 58 136 194 152 111 123 119 85 104 143 183 121 115 123 130 91 118 
110 428 228 87 62 50 28 31 50 356 320 100 64 60 26 48 7 339 306 125 94 52 42 59 
160 435 244 67 43 10 20 45 99 309 378 90 62 20 8 58 34 290 347 176 65 44 6 62 
277 238 141 55 34 42 213 24 219 113 218 109 61 39 110 155 151 145 105 185 80 70 74 214 
441 284 142 79 55 19 4 0 271 307 236 105 65 33 7 0 211 221 173 234 110 44 26 5 
387 330 126 82 52 34 11 2 137 266 310 139 69 55 42 6 85 226 310 116 90 66 74 57 
847 158 5 7 1 5 1 0 215 760 31 4 3 4 5 2 201 778 24 5 2 5 3 6 
283 346 280 103 12 0 0 0 115 301 283 240 76 9 0 0 105 296 227 251 120 21 4 0 
184 314 334 149 41 2 0 0 54 213 339 245 145 27 1 0 31 171 276 302 172 68 4 0 
243 325 220 159 65 11 1 0 28 178 310 242 179 65 20 2 57 140 262 236 196 94 32 7 
56 197 263 259 149 65 30 5 10 139 251 281 191 97 32 23 16 93 188 246 256 130 61 34 
8 105 248 235 200 98 110 20 2 45 207 253 213 127 78 99 0 10 143 254 225 177 83 132 
8 99 151 178 144 173 143 128 0 65 151 151 155 133 131 238 0 49 130 142 143 127 173 260 
118 297 201 153 97 90 63 5 80 261 156 180 154 74 74 45 38 269 120 178 138 96 118 67 
262 242 267 106 83 54 9 1 192 248 278 118 87 67 28 6 114 306 280 125 90 63 37 9 
276 137 236 178 112 72 9 4 236 114 228 160 149 94 34 9 227 102 208 184 151 91 51 10 
298 611 69 29 12 1 2 2 81 454 422 40 14 8 2 3 80 428 443 44 15 9 2 3 
74 159 99 98 391 203 0 0 26 143 117 81 120 529 8 0 16 122 123 75 92 391 205 0 
17 143 235 144 194 285 6 0 0 107 209 175 108 333 91 1 0 88 193 169 121 233 219 1 
4 136 191 175 170 303 45 0 0 95 195 178 149 252 155 0 0 69 191 175 142 212 232 3 
13 148 212 208 252 154 37 0 1 121 208 210 234 181 68 1 1 114 203 191 227 201 82 5 
0 218 249 248 145 131 33 0 0 224 225 215 165 135 60 0 4 222 199 215 160 142 75 7 
4 282 198 171 172 184 13 0 3 273 197 134 174 180 63 0 1 277 175 119 161 165 124 2 
10 252 163 119 131 335 14 0 6 242 160 110 104 296 106 0 20 235 148 102 96 189 233 1 
116 356 173 126 139 114 0 0 78 350 174 139 98 179 6 0 114 331 167 112 90 154 56 0 
390 259 185 118 69 3 0 0 337 251 192 128 99 17 0 0 336 256 181 120 88 42 1 0 
190 724 64 36 9 1 0 0 165 505 285 50 16 3 0 0 151 367 418 61 23 3 1 0 
0 0 0 3 441 570 10 0 0 0 0 0 45 895 84 0 0 0 0 0 6 606 411 1 
0 0 15 51 260 676 22 0 0 0 12 34 87 732 159 0 0 0 5 25 73 487 431 3 
1 26 190 171 254 340 42 0 0 23 147 163 205 366 120 0 0 21 136 163 180 313 210 1 
0 36 226 286 260 186 30 0 0 35 199 267 259 212 52 0 0 21 190 252 264 213 84 0 
0 163 289 229 206 127 10 0 0 158 274 214 195 161 22 0 3 145 262 211 182 168 53 0 
1 304 258 206 148 100 7 0 1 313 240 187 144 116 23 0 10 331 225 174 118 123 43 0 
7 214 232 228 221 119 3 0 2 204 223 210 200 169 16 0 4 195 209 203 202 175 36 0 
21 136 67 143 396 255 6 0 23 129 52 117 267 406 30 0 52 101 50 89 200 451 81 0 
127 72 54 234 477 60 0 0 125 72 35 94 489 205 4 0 159 38 25 67 340 374 21 0 
404 156 232 88 138 6 0 0 374 124 250 69 174 33 0 0 373 103 211 112 118 104 3 0 
0 0 0 0 14 1009 1 0 0 0 0 0 4 1015 5 0 0 0 0 0 0 1010 14 0 
0 0 0 7 1004 11 2 0 0 0 0 4 6 1009 5 0 0 0 0 5 4 1007 8 0 
0 0 0 0 5 1015 4 0 0 0 0 0 1 1007 16 0 0 0 0 0 0 11 1012 1 
0 0 0 5 1006 13 0 0 0 0 0 2 10 1009 3 0 0 0 0 1 7 1008 8 0 
0 0 0 2 10 1010 2 0 0 0 0 2 3 1015 4 0 0 0 0 2 1 1010 10 1 
0 1 2 8 1004 9 0 0 0 1 2 6 1003 9 3 0 0 1 2 5 998 12 6 0 
0 9 1004 4 5 2 0 0 0 6 14 996 5 3 0 0 0 6 14 995 4 4 1 0 
0 0 8 1001 10 5 0 0 0 0 5 11 1002 6 0 0 0 0 3 10 1001 8 2 0 
0 0 0 4 1019 1 0 0 0 0 0 0 1014 10 0 0 0 0 0 0 9 1014 1 0 
0 0 1 6 1015 2 0 0 0 0 0 5 1015 2 2 0 0 0 0 1 1018 3 2 0 
