1024 0 0 0 0 0 0 0 1024 0 0 0 0 0 0 0 1024 0 0 0 0 0 0 0 
1024 0 0 0 0 0 0 0 1024 0 0 0 0 0 0 0 1024 0 0 0 0 0 0 0 
564 460 0 0 0 0 0 0 448 576 0 0 0 0 0 0 453 571 0 0 0 0 0 0 
49 975 0 0 0 0 0 0 19 1005 0 0 0 0 0 0 19 1005 0 0 0 0 0 0 
21 940 35 28 0 0 0 0 0 722 274 28 0 0 0 0 0 707 289 28 0 0 0 0 
16 388 123 245 150 47 43 12 3 405 114 283 147 41 31 0 10 403 122 315 121 53 0 0 
0 46 87 117 195 77 25 477 0 26 112 109 269 30 12 466 0 5 131 164 239 11 13 461 
0 17 143 59 260 44 38 463 0 0 164 57 328 14 11 450 0 0 151 73 333 10 15 442 
0 16 185 68 245 58 29 423 0 0 205 64 319 14 17 405 0 0 194 116 286 13 11 404 
0 3 243 67 255 55 23 378 0 0 246 87 299 17 9 366 0 0 244 189 203 17 7 364 
0 0 290 69 249 47 32 337 0 0 294 72 315 10 12 321 0 0 285 151 249 9 16 314 
0 0 328 68 260 58 23 287 0 0 328 73 322 17 10 274 0 0 318 156 255 16 7 272 
0 0 366 80 255 62 25 236 0 0 366 99 311 10 10 228 0 0 347 211 224 5 15 222 
0 0 435 110 208 62 20 189 0 0 438 167 216 16 10 177 0 0 419 211 200 12 6 176 
0 0 513 168 128 34 42 139 0 0 513 211 153 9 13 125 0 0 508 269 103 8 13 123 
0 0 567 185 105 62 21 84 0 0 585 225 118 14 7 75 0 0 562 262 111 9 10 70 
0 0 642 240 95 23 5 19 0 0 634 313 53 7 5 12 0 0 632 320 50 6 4 12 
0 0 696 310 18 0 0 0 0 0 695 326 3 0 0 0 0 0 688 332 4 0 0 0 
0 0 753 216 55 0 0 0 0 0 753 269 2 0 0 0 0 0 733 286 5 0 0 0 
0 0 817 206 1 0 0 0 0 0 813 211 0 0 0 0 0 0 767 255 2 0 0 0 
0 0 885 139 0 0 0 0 0 0 869 155 0 0 0 0 0 0 596 424 4 0 0 0 
0 0 992 32 0 0 0 0 0 0 972 52 0 0 0 0 0 0 847 177 0 0 0 0 
0 0 607 65 15 13 4 320 0 1 669 2 18 13 1 320 0 3 663 6 24 8 0 320 
0 0 0 0 0 0 0 1024 0 0 0 0 0 0 0 1024 0 0 0 0 0 0 0 1024 
0 0 0 0 0 0 0 1024 0 0 0 0 0 0 0 1024 0 0 0 0 0 0 0 1024 
0 10 812 74 40 24 0 64 0 7 910 43 0 0 32 32 0 7 921 32 0 0 32 32 
0 6 979 39 0 0 0 0 0 0 995 29 0 0 0 0 0 0 1024 0 0 0 0 0 
0 0 0 32 0 32 0 960 0 0 0 32 5 27 0 960 0 0 32 0 32 0 0 960 
0 0 0 0 82 69 29 844 0 0 14 122 24 9 40 815 0 25 93 30 16 25 27 808 
0 0 0 0 0 0 0 1024 0 0 0 0 0 0 0 1024 0 0 0 0 0 0 0 1024 
0 0 0 0 0 0 0 1024 0 0 0 0 0 0 0 1024 0 0 0 0 0 0 8 1016 
0 0 0 0 0 0 0 1024 0 0 0 0 0 0 0 1024 0 0 0 0 0 0 0 1024 
1024 0 0 0 0 0 0 0 944 80 0 0 0 0 0 0 944 80 0 0 0 0 0 0 
1024 0 0 0 0 0 0 0 1024 0 0 0 0 0 0 0 1024 0 0 0 0 0 0 0 
495 529 0 0 0 0 0 0 472 552 0 0 0 0 0 0 478 546 0 0 0 0 0 0 
25 999 0 0 0 0 0 0 8 1016 0 0 0 0 0 0 8 1016 0 0 0 0 0 0 
134 863 27 0 0 0 0 0 0 857 167 0 0 0 0 0 0 838 186 0 0 0 0 0 
11 931 82 0 0 0 0 0 0 883 141 0 0 0 0 0 0 887 137 0 0 0 0 0 
9 650 224 5 6 4 6 120 0 606 278 5 6 4 7 118 0 637 251 5 4 6 8 113 
0 138 347 9 7 5 8 510 0 116 370 8 7 5 8 510 0 248 244 7 5 7 8 505 
0 6 95 4 5 4 6 904 0 14 87 4 5 5 5 904 0 73 30 4 5 4 6 902 
0 0 0 3 11 5 15 990 0 0 0 4 13 3 15 989 0 0 7 8 5 14 14 976 
0 0 0 16 36 56 73 843 0 0 1 26 62 49 91 795 0 2 23 50 60 83 70 736 
0 0 7 68 105 128 94 622 0 0 17 98 126 108 123 552 0 8 94 129 108 108 94 483 
0 0 0 0 0 0 0 1024 0 0 0 0 0 0 0 1024 0 0 0 0 0 0 1 1023 
0 0 0 0 0 0 0 1024 0 0 0 0 0 0 0 1024 0 0 0 0 0 0 0 1024 
0 0 3 23 15 15 19 949 0 0 3 27 13 17 21 943 0 0 20 18 17 20 26 923 
0 0 14 48 74 77 79 732 0 1 25 67 81 63 93 694 0 12 73 75 72 79 82 631 
0 7 90 161 140 128 137 361 0 13 129 181 141 128 155 277 5 99 183 151 134 138 118 196 
0 10 113 189 206 139 128 239 0 16 158 210 207 127 137 169 5 117 205 211 165 128 119 74 
0 0 0 14 31 79 55 845 0 0 1 37 75 42 47 822 0 0 15 73 51 43 44 798 
0 0 0 19 56 41 36 872 0 0 0 88 56 10 10 860 0 0 0 119 28 9 12 856 
0 0 0 67 76 49 27 805 0 0 0 166 44 12 9 793 0 0 0 197 19 9 10 789 
0 248 334 183 61 29 8 161 0 116 535 182 24 4 9 154 0 118 604 121 15 6 7 153 
0 268 465 47 21 8 10 205 0 76 635 63 26 9 10 205 0 121 639 27 19 8 7 203 
0 6 23 29 13 8 15 930 0 0 16 32 19 11 14 932 0 11 22 31 7 12 14 927 
0 0 0 0 0 0 0 1024 0 0 0 0 0 0 0 1024 0 0 0 0 0 0 0 1024 
0 7 812 77 57 7 13 51 0 1 924 35 0 3 29 32 0 7 925 28 0 13 19 32 
0 0 971 53 0 0 0 0 0 0 968 56 0 0 0 0 0 0 998 26 0 0 0 0 
0 0 0 32 0 32 0 960 0 0 0 32 12 20 0 960 0 0 18 14 32 0 0 960 
0 0 0 0 118 72 21 813 0 0 30 127 38 8 25 796 0 16 127 35 23 18 39 766 
0 0 0 0 0 0 3 1021 0 0 0 0 0 0 4 1020 0 0 0 0 0 0 6 1018 
0 0 0 0 0 0 0 1024 0 0 0 0 0 0 0 1024 0 0 0 0 0 0 0 1024 
0 0 0 0 0 0 0 1024 0 0 0 0 0 0 0 1024 0 0 0 0 0 0 0 1024 
1024 0 0 0 0 0 0 0 633 391 0 0 0 0 0 0 633 391 0 0 0 0 0 0 
1024 0 0 0 0 0 0 0 994 30 0 0 0 0 0 0 994 30 0 0 0 0 0 0 
518 506 0 0 0 0 0 0 484 540 0 0 0 0 0 0 488 536 0 0 0 0 0 0 
0 1024 0 0 0 0 0 0 0 1024 0 0 0 0 0 0 0 1024 0 0 0 0 0 0 
121 903 0 0 0 0 0 0 0 959 65 0 0 0 0 0 0 966 58 0 0 0 0 0 
1 1023 0 0 0 0 0 0 0 1024 0 0 0 0 0 0 0 1021 3 0 0 0 0 0 
0 1024 0 0 0 0 0 0 0 956 68 0 0 0 0 0 0 564 460 0 0 0 0 0 
0 980 44 0 0 0 0 0 0 554 470 0 0 0 0 0 0 409 615 0 0 0 0 0 
0 669 338 3 1 2 1 10 0 194 810 6 1 2 1 10 0 179 824 7 1 2 1 10 
0 282 429 28 66 49 47 123 0 58 631 71 65 46 42 111 0 159 575 86 45 40 37 82 
0 61 242 44 108 140 155 274 0 30 276 89 131 151 174 173 0 108 277 126 159 169 137 48 
0 3 10 26 50 56 84 795 0 6 23 39 53 64 99 740 0 23 39 55 60 89 116 642 
0 3 74 160 80 60 80 567 0 1 58 172 95 69 91 538 0 38 141 133 71 85 57 499 
0 0 8 41 89 95 90 701 0 0 8 55 107 77 102 675 0 2 42 112 81 88 80 619 
0 0 1 23 39 27 29 905 0 0 9 36 37 20 34 888 0 2 32 41 18 29 26 876 
0 1 25 79 76 92 78 673 0 2 65 86 89 75 97 610 0 39 82 98 77 97 96 535 
0 0 37 128 143 112 130 474 0 20 110 139 124 112 123 396 5 92 143 119 120 110 136 299 
0 0 49 134 122 106 124 489 0 7 75 171 128 99 113 431 2 49 146 143 105 110 104 365 
0 0 1 49 79 58 88 749 0 0 14 84 70 73 72 711 0 6 74 66 74 69 67 668 
0 0 0 6 12 16 17 973 0 0 0 8 11 20 14 971 0 0 5 10 18 14 16 961 
0 0 43 129 136 89 99 528 0 0 61 157 127 87 106 486 0 19 155 148 83 98 90 431 
0 1 504 227 75 30 34 153 0 0 560 244 26 26 34 134 0 0 750 65 31 27 28 123 
0 72 758 99 46 24 15 10 0 81 799 79 32 19 12 2 7 205 719 49 26 12 5 1 
0 19 190 239 160 111 94 211 0 28 247 258 143 91 89 168 2 185 286 157 114 83 82 115 
0 7 125 107 61 45 42 637 0 3 125 127 56 48 35 630 0 75 153 65 48 38 35 610 
0 0 868 63 43 8 7 35 0 0 940 35 3 6 19 21 0 0 948 29 3 8 16 20 
0 0 929 95 0 0 0 0 0 0 920 104 0 0 0 0 0 0 960 64 0 0 0 0 
0 0 0 32 32 0 0 960 0 0 0 32 32 0 0 960 0 0 16 16 32 0 0 960 
0 0 0 27 88 66 33 810 0 0 14 143 26 23 17 801 0 0 132 40 23 21 8 800 
0 0 0 0 0 0 0 1024 0 0 0 0 0 0 0 1024 0 0 0 0 0 0 0 1024 
0 0 0 0 0 0 0 1024 0 0 0 0 0 0 0 1024 0 0 0 0 0 0 0 1024 
0 0 0 0 0 0 0 1024 0 0 0 0 0 0 0 1024 0 0 0 0 0 0 0 1024 
1024 0 0 0 0 0 0 0 275 749 0 0 0 0 0 0 290 734 0 0 0 0 0 0 
1024 0 0 0 0 0 0 0 670 354 0 0 0 0 0 0 705 319 0 0 0 0 0 0 
513 511 0 0 0 0 0 0 485 539 0 0 0 0 0 0 489 535 0 0 0 0 0 0 
0 1024 0 0 0 0 0 0 0 1024 0 0 0 0 0 0 0 1024 0 0 0 0 0 0 
53 971 0 0 0 0 0 0 0 930 94 0 0 0 0 0 0 935 89 0 0 0 0 0 
0 1024 0 0 0 0 0 0 0 1024 0 0 0 0 0 0 0 999 25 0 0 0 0 0 
0 1024 0 0 0 0 0 0 0 948 76 0 0 0 0 0 0 486 538 0 0 0 0 0 
0 1024 0 0 0 0 0 0 0 432 592 0 0 0 0 0 0 311 713 0 0 0 0 0 
0 1024 0 0 0 0 0 0 0 360 664 0 0 0 0 0 0 48 976 0 0 0 0 0 
0 1024 0 0 0 0 0 0 0 241 783 0 0 0 0 0 0 15 1009 0 0 0 0 0 
0 777 247 0 0 0 0 0 0 91 906 27 0 0 0 0 0 42 959 23 0 0 0 0 
0 51 464 394 11 15 24 65 0 38 442 433 12 13 22 64 0 65 437 418 11 21 20 52 
0 2 486 70 65 77 73 251 0 3 448 139 72 76 81 205 0 35 506 109 75 63 90 146 
0 0 25 49 31 85 107 727 0 0 32 55 57 89 121 670 0 1 61 65 71 104 136 586 
0 0 0 0 0 13 26 985 0 0 0 0 5 21 32 966 0 0 0 5 18 24 39 938 
0 0 0 0 0 0 0 1024 0 0 0 0 0 0 0 1024 0 0 0 0 0 0 0 1024 
0 0 3 61 42 13 15 890 0 2 65 33 16 12 20 876 0 41 53 16 10 16 25 863 
0 0 26 107 107 99 119 566 0 6 128 91 95 89 100 515 1 68 122 92 87 102 128 424 
0 0 0 2 8 14 25 975 0 0 1 5 11 15 27 965 0 0 4 9 10 16 39 946 
0 0 5 43 56 67 65 788 0 0 15 56 58 66 60 769 0 1 54 63 57 66 49 734 
0 0 35 70 77 111 114 617 0 0 44 101 105 109 120 545 0 20 92 99 110 109 113 481 
0 16 486 290 81 18 21 112 0 5 538 310 32 17 25 97 0 5 689 178 17 19 28 88 
0 64 555 93 53 56 59 144 0 11 612 123 55 48 56 119 0 46 607 123 51 53 62 82 
0 0 10 40 71 108 125 670 0 0 29 79 93 108 134 581 0 14 78 84 95 114 147 492 
0 0 2 57 78 105 109 673 0 0 21 91 98 95 115 604 0 9 74 90 98 103 109 541 
0 0 884 75 18 11 16 20 0 0 953 25 11 13 10 12 0 0 964 20 10 14 10 6 
0 1 843 180 0 0 0 0 0 0 678 346 0 0 0 0 0 0 785 239 0 0 0 0 
0 0 0 32 32 0 0 960 0 0 0 32 32 0 0 960 0 0 6 26 32 0 0 960 
0 0 0 30 93 70 18 813 0 0 0 160 28 14 18 804 0 0 138 42 13 14 29 788 
0 0 0 0 0 0 0 1024 0 0 0 0 0 0 0 1024 0 0 0 0 0 0 0 1024 
0 0 0 0 0 0 0 1024 0 0 0 0 0 0 0 1024 0 0 0 0 0 0 0 1024 
0 0 0 0 0 0 0 1024 0 0 0 0 0 0 0 1024 0 0 0 0 0 0 0 1024 
1024 0 0 0 0 0 0 0 285 739 0 0 0 0 0 0 318 706 0 0 0 0 0 0 
1024 0 0 0 0 0 0 0 534 490 0 0 0 0 0 0 580 444 0 0 0 0 0 0 
523 501 0 0 0 0 0 0 490 534 0 0 0 0 0 0 508 516 0 0 0 0 0 0 
0 1024 0 0 0 0 0 0 0 1024 0 0 0 0 0 0 0 1024 0 0 0 0 0 0 
38 986 0 0 0 0 0 0 0 942 82 0 0 0 0 0 0 946 78 0 0 0 0 0 
0 1024 0 0 0 0 0 0 0 1024 0 0 0 0 0 0 0 876 148 0 0 0 0 0 
0 1024 0 0 0 0 0 0 0 818 206 0 0 0 0 0 0 357 667 0 0 0 0 0 
0 1024 0 0 0 0 0 0 0 359 665 0 0 0 0 0 0 229 795 0 0 0 0 0 
0 1024 0 0 0 0 0 0 0 255 769 0 0 0 0 0 0 38 986 0 0 0 0 0 
0 1021 3 0 0 0 0 0 0 106 918 0 0 0 0 0 0 4 1020 0 0 0 0 0 
0 726 298 0 0 0 0 0 0 18 1006 0 0 0 0 0 0 7 1017 0 0 0 0 0 
0 63 33 833 95 0 0 0 0 45 51 832 96 0 0 0 0 42 54 834 94 0 0 0 
0 2 45 655 321 1 0 0 0 0 28 671 324 1 0 0 0 3 50 653 317 1 0 0 
0 0 51 144 111 92 92 534 0 0 53 178 94 92 89 518 0 4 115 167 80 93 86 479 
0 0 0 1 3 3 7 1010 0 0 1 0 4 3 8 1008 0 0 1 3 1 5 9 1005 
0 0 0 0 0 0 0 1024 0 0 0 0 0 0 0 1024 0 0 0 0 0 0 0 1024 
0 0 0 0 5 5 17 997 0 0 0 1 6 7 16 994 0 0 0 2 7 12 17 986 
0 2 64 136 114 72 85 551 0 7 169 105 71 76 75 521 0 71 149 93 69 67 90 485 
0 1 31 88 99 90 111 604 0 3 44 90 104 94 102 587 0 5 71 114 90 99 99 546 
0 0 0 1 31 37 43 912 0 0 0 10 41 33 54 886 0 0 1 36 33 39 59 856 
0 0 0 1 30 60 98 835 0 0 0 11 47 71 114 781 0 0 2 34 49 91 116 732 
0 0 436 285 87 25 29 162 0 0 313 487 22 25 42 135 0 0 391 421 15 35 37 125 
0 0 484 154 54 28 41 263 0 1 241 411 45 28 43 255 0 3 245 415 46 25 48 242 
0 2 81 106 110 96 98 531 0 2 123 115 103 96 101 484 0 65 121 114 90 90 105 439 
0 11 105 109 116 116 127 440 0 8 151 120 119 124 112 390 0 100 142 118 117 110 83 354 
0 0 847 84 39 15 1 38 0 0 932 44 8 2 16 22 0 1 953 27 5 2 18 18 
0 0 808 216 0 0 0 0 0 0 663 361 0 0 0 0 0 0 742 282 0 0 0 0 
0 0 0 34 26 5 1 958 0 0 0 34 26 5 1 958 0 0 0 34 26 5 1 958 
0 0 0 45 92 57 19 811 0 0 0 167 30 14 13 800 0 0 96 83 22 15 15 793 
0 0 0 0 0 0 0 1024 0 0 0 0 0 0 0 1024 0 0 0 0 0 0 0 1024 
0 0 0 0 0 0 0 1024 0 0 0 0 0 0 0 1024 0 0 0 0 0 0 0 1024 
0 0 0 0 0 0 0 1024 0 0 0 0 0 0 0 1024 0 0 0 0 0 0 0 1024 
1018 6 0 0 0 0 0 0 91 933 0 0 0 0 0 0 104 920 0 0 0 0 0 0 
1024 0 0 0 0 0 0 0 448 576 0 0 0 0 0 0 485 539 0 0 0 0 0 0 
546 478 0 0 0 0 0 0 468 556 0 0 0 0 0 0 531 493 0 0 0 0 0 0 
0 1024 0 0 0 0 0 0 0 1024 0 0 0 0 0 0 0 1024 0 0 0 0 0 0 
44 980 0 0 0 0 0 0 0 931 93 0 0 0 0 0 0 931 93 0 0 0 0 0 
0 1024 0 0 0 0 0 0 0 1024 0 0 0 0 0 0 0 832 192 0 0 0 0 0 
0 1024 0 0 0 0 0 0 0 830 194 0 0 0 0 0 0 480 544 0 0 0 0 0 
0 1024 0 0 0 0 0 0 0 514 510 0 0 0 0 0 0 181 843 0 0 0 0 0 
0 1024 0 0 0 0 0 0 0 414 610 0 0 0 0 0 0 0 1024 0 0 0 0 0 
0 981 43 0 0 0 0 0 0 132 892 0 0 0 0 0 0 0 1024 0 0 0 0 0 
0 719 305 0 0 0 0 0 0 61 963 0 0 0 0 0 0 25 999 0 0 0 0 0 
0 63 33 672 110 146 0 0 0 49 47 672 119 137 0 0 0 48 48 672 124 132 0 0 
0 8 65 160 380 246 52 113 0 2 66 167 380 256 58 95 0 12 107 172 390 212 61 70 
0 6 53 150 115 132 127 441 0 2 63 148 135 127 146 403 0 15 130 136 127 126 149 341 
0 15 124 115 60 32 53 625 0 0 95 141 70 42 58 618 0 14 143 112 54 39 55 607 
0 5 154 99 52 50 51 613 0 3 135 119 52 53 52 610 0 5 165 103 54 48 52 597 
0 0 0 11 36 73 101 803 0 0 1 22 45 71 115 770 0 0 4 27 53 85 116 739 
0 1 47 153 47 34 29 713 0 6 179 54 29 30 33 693 0 44 159 48 25 31 33 684 
0 0 0 4 8 12 16 984 0 0 4 5 12 13 12 978 0 1 3 8 13 16 12 971 
0 0 0 0 0 0 1 1023 0 0 0 0 0 0 1 1023 0 0 0 0 0 0 1 1023 
0 0 0 8 16 43 66 891 0 0 1 9 23 45 73 873 0 0 5 9 35 41 92 842 
0 0 391 319 98 27 10 179 0 0 208 589 28 12 32 155 0 1 301 515 12 9 31 155 
0 0 316 322 25 43 8 310 0 0 126 531 29 26 18 294 0 9 121 533 26 26 21 288 
0 0 15 55 88 68 75 723 0 0 33 89 80 65 92 665 0 6 67 86 68 61 101 635 
0 3 40 163 174 129 100 415 0 4 77 181 170 115 109 368 0 26 153 186 138 105 104 312 
0 0 894 71 30 9 2 18 0 1 963 27 10 4 9 10 0 4 974 18 7 2 10 9 
0 0 667 357 0 0 0 0 0 0 474 550 0 0 0 0 0 0 539 485 0 0 0 0 
0 1 37 56 40 51 60 779 0 0 23 75 50 53 69 754 0 10 39 66 59 60 84 706 
0 0 33 113 90 118 114 556 0 0 92 141 86 88 130 487 0 4 195 81 87 110 110 437 
0 0 1 77 179 119 87 561 0 0 1 130 169 112 75 537 0 0 73 195 112 81 53 510 
0 0 1 41 103 47 36 796 0 0 3 95 72 37 32 785 0 1 56 96 45 27 30 769 
0 0 0 2 17 7 11 987 0 0 0 10 12 4 13 985 0 0 5 15 5 9 9 981 
1023 1 0 0 0 0 0 0 68 956 0 0 0 0 0 0 70 954 0 0 0 0 0 0 
1016 8 0 0 0 0 0 0 222 802 0 0 0 0 0 0 321 703 0 0 0 0 0 0 
566 458 0 0 0 0 0 0 454 570 0 0 0 0 0 0 537 487 0 0 0 0 0 0 
0 1024 0 0 0 0 0 0 0 1024 0 0 0 0 0 0 0 1024 0 0 0 0 0 0 
9 1015 0 0 0 0 0 0 0 932 92 0 0 0 0 0 0 939 85 0 0 0 0 0 
0 1024 0 0 0 0 0 0 0 1024 0 0 0 0 0 0 0 795 229 0 0 0 0 0 
0 1024 0 0 0 0 0 0 0 677 347 0 0 0 0 0 0 284 740 0 0 0 0 0 
0 1024 0 0 0 0 0 0 0 300 724 0 0 0 0 0 0 109 915 0 0 0 0 0 
0 1024 0 0 0 0 0 0 0 160 864 0 0 0 0 0 0 29 995 0 0 0 0 0 
0 872 152 0 0 0 0 0 0 21 1003 0 0 0 0 0 0 0 1024 0 0 0 0 0 
0 483 541 0 0 0 0 0 0 16 1008 0 0 0 0 0 0 7 1017 0 0 0 0 0 
1 177 141 699 5 1 0 0 0 84 192 735 10 2 1 0 2 106 179 728 8 0 1 0 
5 363 426 104 54 27 29 16 0 94 542 234 80 32 27 15 0 169 563 177 56 27 25 7 
6 273 550 120 39 18 13 5 0 81 482 354 62 25 14 6 2 169 513 257 48 21 11 3 
3 608 383 24 6 0 0 0 0 335 601 80 8 0 0 0 1 459 515 42 7 0 0 0 
4 617 352 45 4 2 0 0 1 560 369 87 6 1 0 0 7 654 298 60 4 1 0 0 
0 347 467 111 31 28 24 16 0 276 462 182 35 27 24 18 0 356 441 126 36 29 20 16 
0 166 319 186 76 59 55 163 0 127 354 189 79 63 56 156 2 184 356 148 73 60 57 144 
1 79 204 149 110 102 110 269 0 54 191 188 118 109 108 256 0 79 221 175 112 114 92 231 
1 111 389 144 89 72 82 136 0 24 323 260 125 77 79 136 0 58 369 214 118 68 80 117 
1 189 334 143 113 72 61 111 0 35 312 291 125 92 61 108 0 89 368 236 108 68 69 86 
0 94 456 449 15 6 3 1 0 48 159 791 16 5 5 0 0 62 229 717 10 2 4 0 
0 17 294 635 7 7 5 59 0 2 104 811 35 7 6 59 0 5 158 770 24 3 5 59 
0 137 499 122 47 23 19 177 0 27 436 280 65 22 20 174 0 79 505 188 44 20 21 167 
4 158 393 201 91 57 49 71 0 51 400 282 112 67 54 58 1 209 365 208 99 53 47 42 
0 0 972 36 7 3 2 4 0 0 974 32 9 3 4 2 0 0 992 18 7 1 5 1 
0 0 1007 17 0 0 0 0 0 0 707 317 0 0 0 0 0 0 827 197 0 0 0 0 
0 282 450 124 44 38 34 52 0 274 397 168 75 36 27 47 9 515 250 114 46 31 28 31 
0 16 348 182 114 82 83 199 0 7 377 199 101 84 93 163 0 159 336 144 95 76 117 97 
0 0 14 28 101 116 140 625 0 0 20 84 115 129 123 553 0 3 65 106 109 124 115 502 
0 0 7 244 269 197 143 164 0 0 79 307 228 168 125 117 0 23 264 256 185 141 82 73 
0 0 0 14 163 145 133 569 0 0 0 84 188 121 130 501 0 0 21 183 145 120 111 444 
995 29 0 0 0 0 0 0 104 920 0 0 0 0 0 0 147 877 0 0 0 0 0 0 
1001 23 0 0 0 0 0 0 368 656 0 0 0 0 0 0 512 512 0 0 0 0 0 0 
588 436 0 0 0 0 0 0 474 550 0 0 0 0 0 0 539 485 0 0 0 0 0 0 
0 1024 0 0 0 0 0 0 0 1024 0 0 0 0 0 0 0 1024 0 0 0 0 0 0 
34 990 0 0 0 0 0 0 0 924 100 0 0 0 0 0 0 929 95 0 0 0 0 0 
0 1024 0 0 0 0 0 0 0 1024 0 0 0 0 0 0 0 832 192 0 0 0 0 0 
0 1024 0 0 0 0 0 0 0 824 200 0 0 0 0 0 0 515 509 0 0 0 0 0 
0 1024 0 0 0 0 0 0 0 553 471 0 0 0 0 0 0 312 712 0 0 0 0 0 
0 1024 0 0 0 0 0 0 0 348 676 0 0 0 0 0 0 20 1004 0 0 0 0 0 
0 921 103 0 0 0 0 0 0 16 1008 0 0 0 0 0 0 0 1024 0 0 0 0 0 
0 722 302 0 0 0 0 0 0 35 989 0 0 0 0 0 0 12 1012 0 0 0 0 0 
2 235 115 672 0 0 0 0 0 94 224 704 2 0 0 0 0 120 210 693 1 0 0 0 
61 806 157 0 0 0 0 0 1 493 453 77 0 0 0 0 1 576 403 44 0 0 0 0 
48 801 169 6 0 0 0 0 5 549 305 142 23 0 0 0 19 573 322 103 7 0 0 0 
13 656 312 39 4 0 0 0 0 393 432 171 27 1 0 0 0 459 402 151 11 1 0 0 
15 522 404 78 5 0 0 0 3 514 444 59 4 0 0 0 39 577 368 38 2 0 0 0 
1 283 387 297 45 11 0 0 3 316 487 184 24 10 0 0 5 460 440 91 23 5 0 0 
0 267 548 159 41 9 0 0 0 243 492 234 43 12 0 0 2 302 480 199 32 9 0 0 
112 550 281 68 9 4 0 0 13 419 366 186 33 7 0 0 58 489 323 132 17 5 0 0 
81 575 271 77 15 5 0 0 1 317 428 215 48 11 4 0 29 459 357 134 36 7 2 0 
25 555 353 79 9 3 0 0 0 309 479 187 41 6 2 0 0 422 433 139 24 6 0 0 
1 107 401 513 1 1 0 0 0 75 137 808 2 2 0 0 0 87 205 729 2 1 0 0 
3 253 165 599 4 0 0 0 0 229 139 654 2 0 0 0 5 250 114 654 1 0 0 0 
10 899 108 6 1 0 0 0 7 823 184 9 1 0 0 0 20 846 150 7 1 0 0 0 
10 407 481 105 20 1 0 0 2 238 499 242 40 2 1 0 7 286 484 211 35 0 1 0 
0 23 1001 0 0 0 0 0 0 21 999 4 0 0 0 0 0 22 1000 2 0 0 0 0 
0 0 977 47 0 0 0 0 0 0 712 312 0 0 0 0 0 0 768 256 0 0 0 0 
5 578 355 59 17 7 2 1 0 460 447 88 17 8 3 1 13 652 283 52 16 5 3 0 
0 153 592 172 55 24 18 10 0 40 624 230 71 29 20 10 0 206 606 131 35 28 11 7 
0 5 173 294 164 105 101 182 0 0 208 309 148 97 101 161 0 52 338 218 101 98 89 128 
0 0 32 195 170 152 144 331 0 0 117 194 152 143 153 265 0 36 180 182 146 131 139 210 
0 3 116 286 223 127 90 179 0 1 162 330 190 112 73 156 0 15 279 302 148 81 73 126 
944 80 0 0 0 0 0 0 43 981 0 0 0 0 0 0 58 966 0 0 0 0 0 0 
1009 15 0 0 0 0 0 0 177 847 0 0 0 0 0 0 322 702 0 0 0 0 0 0 
608 416 0 0 0 0 0 0 391 633 0 0 0 0 0 0 537 487 0 0 0 0 0 0 
0 1024 0 0 0 0 0 0 0 1024 0 0 0 0 0 0 0 1024 0 0 0 0 0 0 
1 1023 0 0 0 0 0 0 0 916 108 0 0 0 0 0 0 933 91 0 0 0 0 0 
0 1024 0 0 0 0 0 0 0 1023 1 0 0 0 0 0 0 857 167 0 0 0 0 0 
0 1024 0 0 0 0 0 0 0 666 358 0 0 0 0 0 0 350 674 0 0 0 0 0 
0 1024 0 0 0 0 0 0 0 285 739 0 0 0 0 0 0 153 871 0 0 0 0 0 
0 1024 0 0 0 0 0 0 0 124 900 0 0 0 0 0 0 13 1011 0 0 0 0 0 
0 914 110 0 0 0 0 0 0 15 1009 0 0 0 0 0 0 0 1024 0 0 0 0 0 
0 459 565 0 0 0 0 0 0 11 1013 0 0 0 0 0 0 4 1020 0 0 0 0 0 
110 190 52 672 0 0 0 0 49 212 89 665 9 0 0 0 101 166 85 672 0 0 0 0 
486 538 0 0 0 0 0 0 157 863 4 0 0 0 0 0 285 738 1 0 0 0 0 0 
466 556 1 1 0 0 0 0 201 819 3 1 0 0 0 0 308 714 1 1 0 0 0 0 
128 790 91 15 0 0 0 0 6 829 148 38 3 0 0 0 39 822 133 28 2 0 0 0 
22 613 349 36 4 0 0 0 9 567 371 69 8 0 0 0 27 647 303 42 5 0 0 0 
34 514 348 100 22 6 0 0 12 370 422 176 32 11 1 0 22 428 396 142 28 7 1 0 
43 657 240 58 15 8 3 0 22 530 323 111 24 12 2 0 30 577 288 96 21 10 2 0 
170 814 35 3 1 0 1 0 102 873 42 5 1 0 1 0 244 745 30 3 1 0 1 0 
273 701 41 6 3 0 0 0 139 821 53 8 3 0 0 0 288 691 35 7 3 0 0 0 
60 825 129 9 1 0 0 0 24 748 232 18 2 0 0 0 33 796 180 14 1 0 0 0 
3 153 348 520 0 0 0 0 1 137 143 743 0 0 0 0 1 145 180 698 0 0 0 0 
0 315 77 603 29 0 0 0 2 342 40 615 25 0 0 0 23 342 19 621 19 0 0 0 
10 627 308 53 25 1 0 0 10 475 380 116 33 10 0 0 19 520 341 104 31 9 0 0 
14 531 388 70 18 3 0 0 4 340 470 178 27 5 0 0 10 386 471 130 24 3 0 0 
5 21 998 0 0 0 0 0 1 24 999 0 0 0 0 0 2 23 999 0 0 0 0 0 
0 0 1020 4 0 0 0 0 0 0 895 129 0 0 0 0 0 0 930 94 0 0 0 0 
118 805 70 31 0 0 0 0 28 794 165 37 0 0 0 0 117 742 129 36 0 0 0 0 
4 762 193 51 8 4 2 0 0 587 318 95 18 3 3 0 9 684 237 80 10 3 1 0 
0 205 515 223 46 22 10 3 0 73 372 438 99 29 8 5 0 158 397 385 50 24 9 1 
1 235 245 169 111 57 56 150 0 125 286 240 123 54 59 137 0 175 292 214 116 50 52 125 
19 664 245 60 26 7 3 0 1 540 351 94 28 9 1 0 22 632 271 72 19 8 0 0 
788 236 0 0 0 0 0 0 72 952 0 0 0 0 0 0 170 854 0 0 0 0 0 0 
971 53 0 0 0 0 0 0 284 740 0 0 0 0 0 0 425 599 0 0 0 0 0 0 
626 398 0 0 0 0 0 0 467 557 0 0 0 0 0 0 595 429 0 0 0 0 0 0 
0 1024 0 0 0 0 0 0 0 1024 0 0 0 0 0 0 0 1024 0 0 0 0 0 0 
9 1015 0 0 0 0 0 0 0 927 97 0 0 0 0 0 0 940 84 0 0 0 0 0 
0 1024 0 0 0 0 0 0 0 1024 0 0 0 0 0 0 0 937 87 0 0 0 0 0 
0 1024 0 0 0 0 0 0 0 761 263 0 0 0 0 0 0 670 354 0 0 0 0 0 
0 1024 0 0 0 0 0 0 0 479 545 0 0 0 0 0 0 320 704 0 0 0 0 0 
0 1019 5 0 0 0 0 0 0 198 826 0 0 0 0 0 0 21 1003 0 0 0 0 0 
0 881 143 0 0 0 0 0 0 4 1020 0 0 0 0 0 0 0 1024 0 0 0 0 0 
0 559 465 0 0 0 0 0 0 17 1007 0 0 0 0 0 0 8 1016 0 0 0 0 0 
183 92 77 672 0 0 0 0 125 146 81 672 0 0 0 0 157 110 85 672 0 0 0 0 
804 217 3 0 0 0 0 0 610 410 2 2 0 0 0 0 732 280 11 1 0 0 0 0 
503 485 30 5 1 0 0 0 374 471 145 31 3 0 0 0 415 424 63 116 6 0 0 0 
265 733 24 2 0 0 0 0 177 513 331 2 1 0 0 0 160 456 287 120 1 0 0 0 
238 691 62 17 13 1 2 0 117 460 408 18 15 4 2 0 104 375 448 74 16 5 2 0 
266 662 64 15 17 0 0 0 90 699 188 29 14 4 0 0 120 407 439 39 5 14 0 0 
200 730 66 20 8 0 0 0 67 483 431 32 9 2 0 0 104 369 463 75 5 8 0 0 
309 686 15 10 4 0 0 0 163 550 296 7 8 0 0 0 197 330 409 75 10 3 0 0 
518 456 37 7 5 1 0 0 392 442 166 16 7 0 1 0 409 263 318 24 8 1 1 0 
639 353 26 6 0 0 0 0 483 483 50 5 3 0 0 0 545 321 152 3 3 0 0 0 
131 63 281 549 0 0 0 0 118 74 156 676 0 0 0 0 140 54 243 587 0 0 0 0 
8 137 194 661 22 2 0 0 3 85 191 696 43 5 1 0 3 105 181 683 46 6 0 0 
50 462 317 144 36 15 0 0 11 345 385 202 62 16 3 0 28 418 346 163 52 16 1 0 
67 530 364 49 14 0 0 0 24 323 547 103 25 2 0 0 48 380 494 80 20 2 0 0 
1 18 1002 2 1 0 0 0 0 10 985 27 2 0 0 0 1 12 997 13 1 0 0 0 
0 0 953 71 0 0 0 0 0 0 422 602 0 0 0 0 0 0 509 515 0 0 0 0 
32 738 221 33 0 0 0 0 12 453 499 60 0 0 0 0 29 540 406 49 0 0 0 0 
56 814 147 6 1 0 0 0 9 721 271 21 2 0 0 0 49 736 223 14 2 0 0 0 
0 459 468 97 0 0 0 0 0 359 393 265 7 0 0 0 0 382 398 240 4 0 0 0 
25 607 311 56 18 3 4 0 1 326 502 153 30 7 3 2 6 445 444 93 26 5 4 1 
103 851 56 11 2 1 0 0 11 894 95 18 5 1 0 0 93 839 75 12 4 1 0 0 
689 335 0 0 0 0 0 0 34 990 0 0 0 0 0 0 92 932 0 0 0 0 0 0 
959 65 0 0 0 0 0 0 203 821 0 0 0 0 0 0 436 588 0 0 0 0 0 0 
652 372 0 0 0 0 0 0 541 483 0 0 0 0 0 0 630 394 0 0 0 0 0 0 
0 998 26 0 0 0 0 0 0 970 54 0 0 0 0 0 0 978 46 0 0 0 0 0 
9 1015 0 0 0 0 0 0 0 945 79 0 0 0 0 0 0 953 71 0 0 0 0 0 
0 1024 0 0 0 0 0 0 0 1024 0 0 0 0 0 0 0 1024 0 0 0 0 0 0 
0 1024 0 0 0 0 0 0 0 965 59 0 0 0 0 0 0 780 244 0 0 0 0 0 
0 1024 0 0 0 0 0 0 0 355 669 0 0 0 0 0 0 239 785 0 0 0 0 0 
0 1024 0 0 0 0 0 0 0 90 934 0 0 0 0 0 0 14 1010 0 0 0 0 0 
0 807 217 0 0 0 0 0 0 2 1022 0 0 0 0 0 0 0 1024 0 0 0 0 0 
0 370 654 0 0 0 0 0 0 5 1019 0 0 0 0 0 0 1 1023 0 0 0 0 0 
40 202 85 696 1 0 0 0 30 84 193 714 3 0 0 0 34 67 94 814 15 0 0 0 
135 855 28 6 0 0 0 0 23 203 776 21 1 0 0 0 11 115 481 405 12 0 0 0 
17 898 108 1 0 0 0 0 0 16 789 219 0 0 0 0 0 1 104 913 6 0 0 0 
149 859 16 0 0 0 0 0 115 62 830 17 0 0 0 0 102 60 169 690 3 0 0 0 
52 929 43 0 0 0 0 0 14 46 958 6 0 0 0 0 0 17 440 567 0 0 0 0 
141 828 55 0 0 0 0 0 14 506 500 4 0 0 0 0 1 30 748 245 0 0 0 0 
69 862 42 16 12 22 1 0 0 229 736 17 27 15 0 0 0 9 839 132 27 14 3 0 
87 934 2 0 1 0 0 0 3 192 827 1 1 0 0 0 0 8 661 354 0 1 0 0 
131 861 30 1 1 0 0 0 0 392 621 9 2 0 0 0 0 65 791 163 4 1 0 0 
168 807 45 3 1 0 0 0 25 813 170 15 1 0 0 0 7 215 722 76 4 0 0 0 
94 181 529 220 0 0 0 0 6 242 398 378 0 0 0 0 3 198 433 388 2 0 0 0 
51 260 65 641 7 0 0 0 1 161 209 639 13 1 0 0 1 48 302 632 40 1 0 0 
107 826 79 9 3 0 0 0 33 465 502 18 6 0 0 0 54 134 757 67 9 3 0 0 
168 759 82 14 1 0 0 0 55 546 374 45 4 0 0 0 96 122 727 70 9 0 0 0 
0 32 992 0 0 0 0 0 0 3 1002 19 0 0 0 0 0 1 1019 4 0 0 0 0 
0 0 962 62 0 0 0 0 0 0 450 574 0 0 0 0 0 0 515 509 0 0 0 0 
18 920 70 14 2 0 0 0 2 567 404 47 3 1 0 0 4 209 746 57 7 1 0 0 
13 924 80 7 0 0 0 0 0 740 263 19 2 0 0 0 0 197 797 28 2 0 0 0 
1 743 190 69 17 4 0 0 0 518 397 84 17 8 0 0 0 478 441 79 17 9 0 0 
25 612 255 74 36 19 3 0 0 391 451 112 42 21 6 1 5 459 401 91 42 21 4 1 
67 825 99 23 7 3 0 0 2 808 158 37 16 2 1 0 35 815 132 27 12 2 1 0 
505 519 0 0 0 0 0 0 68 956 0 0 0 0 0 0 94 930 0 0 0 0 0 0 
1002 22 0 0 0 0 0 0 184 840 0 0 0 0 0 0 531 493 0 0 0 0 0 0 
673 351 0 0 0 0 0 0 581 443 0 0 0 0 0 0 666 358 0 0 0 0 0 0 
0 1024 0 0 0 0 0 0 0 1024 0 0 0 0 0 0 0 1024 0 0 0 0 0 0 
18 1006 0 0 0 0 0 0 0 1009 15 0 0 0 0 0 0 1011 13 0 0 0 0 0 
0 1024 0 0 0 0 0 0 0 1024 0 0 0 0 0 0 0 1024 0 0 0 0 0 0 
0 1024 0 0 0 0 0 0 0 1002 22 0 0 0 0 0 0 934 90 0 0 0 0 0 
0 1024 0 0 0 0 0 0 0 437 587 0 0 0 0 0 0 437 587 0 0 0 0 0 
0 1024 0 0 0 0 0 0 0 142 882 0 0 0 0 0 0 85 939 0 0 0 0 0 
0 834 190 0 0 0 0 0 0 0 1024 0 0 0 0 0 0 0 1024 0 0 0 0 0 
0 450 574 0 0 0 0 0 0 7 1017 0 0 0 0 0 0 4 1020 0 0 0 0 0 
9 263 48 698 6 0 0 0 0 101 216 681 26 0 0 0 0 63 168 763 30 0 0 0 
140 776 54 54 0 0 0 0 4 340 642 37 1 0 0 0 0 93 726 187 17 1 0 0 
8 958 53 2 3 0 0 0 0 10 916 94 4 0 0 0 0 0 55 961 7 1 0 0 
26 993 5 0 0 0 0 0 0 8 999 17 0 0 0 0 0 0 169 855 0 0 0 0 
51 944 29 0 0 0 0 0 0 134 881 9 0 0 0 0 0 1 539 484 0 0 0 0 
143 848 21 6 4 2 0 0 0 469 541 4 6 3 1 0 0 8 670 334 5 3 4 0 
144 862 14 1 2 1 0 0 2 492 523 4 2 1 0 0 0 14 920 86 1 2 1 0 
98 896 22 2 1 4 1 0 0 264 751 3 0 5 1 0 0 4 761 252 1 2 4 0 
111 800 52 17 7 16 15 6 0 337 605 35 8 25 7 7 0 66 785 112 19 24 11 7 
85 863 50 8 9 1 4 4 0 654 322 27 11 1 5 4 0 1 789 208 8 9 1 8 
61 228 633 102 0 0 0 0 0 231 377 416 0 0 0 0 0 108 498 418 0 0 0 0 
29 349 50 596 0 0 0 0 0 245 139 639 1 0 0 0 0 7 375 562 80 0 0 0 
60 964 0 0 0 0 0 0 0 548 476 0 0 0 0 0 0 11 966 47 0 0 0 0 
41 983 0 0 0 0 0 0 1 609 414 0 0 0 0 0 0 24 994 6 0 0 0 0 
0 17 1007 0 0 0 0 0 0 0 1003 21 0 0 0 0 0 0 1018 6 0 0 0 0 
0 0 581 443 0 0 0 0 0 0 278 746 0 0 0 0 0 0 297 727 0 0 0 0 
0 1000 24 0 0 0 0 0 0 691 333 0 0 0 0 0 0 0 1020 4 0 0 0 0 
0 1024 0 0 0 0 0 0 0 661 363 0 0 0 0 0 0 0 1024 0 0 0 0 0 
0 94 110 138 96 207 377 2 0 16 90 144 143 161 454 16 0 1 92 141 148 139 469 34 
0 3 53 235 185 345 202 1 0 0 25 188 217 302 291 1 0 1 8 154 235 284 338 4 
24 667 233 83 12 4 1 0 2 514 345 128 27 7 1 0 14 555 304 121 23 6 1 0 
923 101 0 0 0 0 0 0 154 870 0 0 0 0 0 0 306 718 0 0 0 0 0 0 
1021 3 0 0 0 0 0 0 426 598 0 0 0 0 0 0 802 222 0 0 0 0 0 0 
713 311 0 0 0 0 0 0 691 333 0 0 0 0 0 0 707 317 0 0 0 0 0 0 
0 1024 0 0 0 0 0 0 0 1024 0 0 0 0 0 0 0 1024 0 0 0 0 0 0 
48 976 0 0 0 0 0 0 0 1024 0 0 0 0 0 0 6 1018 0 0 0 0 0 0 
0 1024 0 0 0 0 0 0 0 1024 0 0 0 0 0 0 0 1024 0 0 0 0 0 0 
0 1024 0 0 0 0 0 0 0 1024 0 0 0 0 0 0 0 1024 0 0 0 0 0 0 
0 1024 0 0 0 0 0 0 0 705 319 0 0 0 0 0 0 659 365 0 0 0 0 0 
0 1024 0 0 0 0 0 0 0 187 837 0 0 0 0 0 0 161 863 0 0 0 0 0 
0 949 75 0 0 0 0 0 0 3 1021 0 0 0 0 0 0 3 1021 0 0 0 0 0 
0 380 644 0 0 0 0 0 0 4 1020 0 0 0 0 0 0 0 1024 0 0 0 0 0 
0 225 91 691 17 0 0 0 0 85 231 671 37 0 0 0 4 74 233 668 42 3 0 0 
41 643 55 98 35 57 64 31 3 191 546 117 97 50 20 0 71 189 722 26 7 4 5 0 
12 690 134 71 45 35 19 18 0 28 779 114 59 30 11 3 29 64 377 525 22 6 1 0 
251 760 12 1 0 0 0 0 207 108 706 3 0 0 0 0 164 111 361 387 1 0 0 0 
60 882 59 14 2 1 6 0 0 197 781 37 0 2 7 0 0 15 800 196 4 1 2 6 
77 859 45 24 14 5 0 0 0 610 361 34 5 14 0 0 0 13 925 62 7 9 8 0 
194 754 37 31 2 3 3 0 6 443 526 42 0 3 4 0 0 91 825 100 1 0 5 2 
80 850 39 9 11 9 12 14 0 254 714 12 5 15 17 7 0 8 749 224 4 15 18 6 
125 785 45 32 10 2 17 8 1 326 627 34 10 7 13 6 0 86 763 132 16 10 11 6 
68 896 55 2 2 1 0 0 0 680 284 56 2 2 0 0 0 9 785 188 39 3 0 0 
64 231 663 66 0 0 0 0 0 216 383 425 0 0 0 0 0 102 495 427 0 0 0 0 
5 379 76 564 0 0 0 0 0 359 25 638 2 0 0 0 0 1 383 592 48 0 0 0 
50 974 0 0 0 0 0 0 0 892 132 0 0 0 0 0 0 27 997 0 0 0 0 0 
27 997 0 0 0 0 0 0 0 899 125 0 0 0 0 0 0 38 986 0 0 0 0 0 
0 0 1024 0 0 0 0 0 0 0 925 99 0 0 0 0 0 0 983 41 0 0 0 0 
0 0 749 275 0 0 0 0 0 0 161 863 0 0 0 0 0 0 204 820 0 0 0 0 
9 1015 0 0 0 0 0 0 0 920 104 0 0 0 0 0 0 2 1022 0 0 0 0 0 
6 1018 0 0 0 0 0 0 0 893 131 0 0 0 0 0 0 0 1024 0 0 0 0 0 
16 82 99 166 202 337 122 0 0 21 81 139 202 284 296 1 0 2 100 129 193 232 359 9 
0 48 121 237 293 276 44 5 0 57 56 221 282 258 144 6 0 58 49 188 295 237 191 6 
0 270 279 198 136 132 9 0 0 174 286 246 139 129 50 0 0 186 276 228 127 132 75 0 
1023 1 0 0 0 0 0 0 261 763 0 0 0 0 0 0 659 365 0 0 0 0 0 0 
1016 8 0 0 0 0 0 0 740 284 0 0 0 0 0 0 968 56 0 0 0 0 0 0 
757 267 0 0 0 0 0 0 737 287 0 0 0 0 0 0 751 273 0 0 0 0 0 0 
127 897 0 0 0 0 0 0 38 986 0 0 0 0 0 0 78 946 0 0 0 0 0 0 
368 656 0 0 0 0 0 0 100 924 0 0 0 0 0 0 199 825 0 0 0 0 0 0 
5 1019 0 0 0 0 0 0 0 1024 0 0 0 0 0 0 0 1024 0 0 0 0 0 0 
0 1024 0 0 0 0 0 0 0 1024 0 0 0 0 0 0 0 1024 0 0 0 0 0 0 
0 1024 0 0 0 0 0 0 0 1013 11 0 0 0 0 0 0 1013 11 0 0 0 0 0 
0 1024 0 0 0 0 0 0 0 752 272 0 0 0 0 0 0 723 301 0 0 0 0 0 
0 1011 13 0 0 0 0 0 0 465 559 0 0 0 0 0 0 430 594 0 0 0 0 0 
0 864 160 0 0 0 0 0 0 216 808 0 0 0 0 0 0 126 898 0 0 0 0 0 
0 104 31 705 98 15 25 46 0 78 70 747 52 14 41 22 11 116 107 698 52 7 13 20 
24 414 122 36 36 21 93 278 0 226 341 53 26 151 215 12 80 267 552 91 34 0 0 0 
0 441 171 63 58 66 37 188 0 1 616 96 78 43 104 86 19 144 420 321 75 41 4 0 
54 837 62 25 15 13 7 11 0 111 841 26 13 16 7 10 1 9 740 217 29 11 6 11 
43 635 120 57 58 29 34 48 1 240 566 87 25 51 26 28 12 50 724 148 30 13 29 18 
14 549 124 59 50 23 48 157 0 353 344 75 36 50 17 149 9 44 656 118 32 9 10 146 
4 557 146 78 96 26 18 99 0 108 615 92 78 24 18 89 0 25 674 156 36 32 21 80 
43 681 108 43 59 13 22 55 0 169 666 52 50 17 19 51 2 14 620 269 36 12 27 44 
55 661 32 62 51 46 6 111 0 210 532 77 49 32 14 110 0 19 701 108 39 26 20 111 
39 726 207 17 13 6 4 12 0 631 205 147 16 7 6 12 0 25 705 202 58 13 5 16 
41 265 452 266 0 0 0 0 0 234 361 429 0 0 0 0 0 126 469 426 3 0 0 0 
80 304 26 614 0 0 0 0 6 378 5 531 104 0 0 0 0 196 189 240 399 0 0 0 
244 780 0 0 0 0 0 0 12 1011 1 0 0 0 0 0 0 552 472 0 0 0 0 0 
224 784 16 0 0 0 0 0 5 987 32 0 0 0 0 0 0 635 389 0 0 0 0 0 
0 0 1024 0 0 0 0 0 0 0 807 217 0 0 0 0 0 0 850 174 0 0 0 0 
0 18 477 529 0 0 0 0 0 10 88 926 0 0 0 0 0 2 121 901 0 0 0 0 
28 996 0 0 0 0 0 0 0 1022 2 0 0 0 0 0 0 320 704 0 0 0 0 0 
51 973 0 0 0 0 0 0 1 976 47 0 0 0 0 0 0 118 906 0 0 0 0 0 
7 251 230 183 162 165 26 0 0 89 295 209 156 154 120 1 0 48 291 209 160 156 157 3 
34 252 278 302 90 59 7 2 4 229 180 347 154 67 40 3 6 217 184 315 180 72 46 4 
169 655 161 34 5 0 0 0 56 556 310 86 14 2 0 0 62 570 302 75 13 2 0 0 
1024 0 0 0 0 0 0 0 1024 0 0 0 0 0 0 0 1024 0 0 0 0 0 0 0 
1024 0 0 0 0 0 0 0 1024 0 0 0 0 0 0 0 1024 0 0 0 0 0 0 0 
1015 9 0 0 0 0 0 0 996 28 0 0 0 0 0 0 1013 11 0 0 0 0 0 0 
492 532 0 0 0 0 0 0 348 676 0 0 0 0 0 0 504 520 0 0 0 0 0 0 
610 414 0 0 0 0 0 0 308 716 0 0 0 0 0 0 514 510 0 0 0 0 0 0 
531 493 0 0 0 0 0 0 192 832 0 0 0 0 0 0 251 773 0 0 0 0 0 0 
566 458 0 0 0 0 0 0 437 587 0 0 0 0 0 0 421 603 0 0 0 0 0 0 
386 638 0 0 0 0 0 0 340 684 0 0 0 0 0 0 345 679 0 0 0 0 0 0 
373 651 0 0 0 0 0 0 328 696 0 0 0 0 0 0 327 697 0 0 0 0 0 0 
435 589 0 0 0 0 0 0 339 685 0 0 0 0 0 0 286 738 0 0 0 0 0 0 
306 718 0 0 0 0 0 0 257 624 143 0 0 0 0 0 128 516 380 0 0 0 0 0 
140 265 131 429 21 8 11 19 57 331 99 470 32 6 11 18 20 336 122 467 44 5 12 18 
77 608 217 29 17 16 5 55 12 616 260 41 22 13 5 55 26 366 484 53 21 12 8 54 
7 645 137 49 39 19 16 112 0 62 719 51 39 23 15 115 1 20 745 71 26 28 17 116 
230 692 47 1 12 8 13 21 161 277 531 1 10 10 13 21 128 188 574 80 8 9 16 21 
31 765 96 9 11 2 6 104 0 298 597 7 9 2 13 98 0 21 819 59 6 7 4 108 
0 508 143 37 14 1 7 314 0 195 462 27 18 3 5 314 0 2 612 58 30 0 8 314 
0 576 186 22 28 19 8 185 0 55 712 19 24 20 18 176 0 1 689 93 25 14 17 185 
22 705 120 17 8 12 26 114 0 136 716 14 5 8 23 122 0 16 683 163 9 5 22 126 
50 652 126 38 28 23 24 83 7 310 506 54 28 12 28 79 0 121 667 78 36 12 27 83 
101 749 107 50 9 2 3 3 29 766 154 56 10 4 3 2 9 387 520 82 14 6 3 3 
44 313 447 220 0 0 0 0 11 235 365 413 0 0 0 0 8 211 390 411 4 0 0 0 
47 199 170 608 0 0 0 0 3 238 172 599 12 0 0 0 0 234 173 307 310 0 0 0 
80 672 271 1 0 0 0 0 0 693 330 1 0 0 0 0 0 678 345 1 0 0 0 0 
167 663 193 1 0 0 0 0 0 727 290 7 0 0 0 0 0 680 328 15 1 0 0 0 
0 37 926 56 3 1 0 1 0 29 740 250 2 2 0 1 0 37 818 164 3 1 0 1 
0 71 407 546 0 0 0 0 0 60 123 841 0 0 0 0 0 63 132 829 0 0 0 0 
0 936 88 0 0 0 0 0 0 734 290 0 0 0 0 0 0 707 317 0 0 0 0 0 
1 820 203 0 0 0 0 0 0 704 320 0 0 0 0 0 0 552 472 0 0 0 0 0 
0 116 280 246 148 101 94 39 0 85 270 235 137 122 101 74 0 77 222 218 164 142 115 86 
22 331 182 130 82 86 101 90 25 290 177 150 98 79 91 114 0 237 209 156 114 75 88 145 
272 495 93 43 35 19 27 40 130 630 108 47 24 19 22 44 94 621 142 55 26 19 18 49 
1024 0 0 0 0 0 0 0 1024 0 0 0 0 0 0 0 1024 0 0 0 0 0 0 0 
1023 1 0 0 0 0 0 0 1022 2 0 0 0 0 0 0 1022 2 0 0 0 0 0 0 
909 115 0 0 0 0 0 0 651 373 0 0 0 0 0 0 653 371 0 0 0 0 0 0 
912 112 0 0 0 0 0 0 662 362 0 0 0 0 0 0 740 284 0 0 0 0 0 0 
625 399 0 0 0 0 0 0 360 664 0 0 0 0 0 0 404 620 0 0 0 0 0 0 
755 269 0 0 0 0 0 0 484 540 0 0 0 0 0 0 540 484 0 0 0 0 0 0 
859 165 0 0 0 0 0 0 605 419 0 0 0 0 0 0 653 371 0 0 0 0 0 0 
436 588 0 0 0 0 0 0 212 812 0 0 0 0 0 0 234 790 0 0 0 0 0 0 
285 739 0 0 0 0 0 0 204 820 0 0 0 0 0 0 215 809 0 0 0 0 0 0 
346 678 0 0 0 0 0 0 290 734 0 0 0 0 0 0 282 742 0 0 0 0 0 0 
176 848 0 0 0 0 0 0 160 799 65 0 0 0 0 0 101 683 240 0 0 0 0 0 
117 227 57 605 18 0 0 0 45 277 61 612 29 0 0 0 18 280 94 597 32 3 0 0 
171 654 135 60 4 0 0 0 26 634 277 84 3 0 0 0 7 608 366 37 5 1 0 0 
6 794 113 20 11 16 11 53 0 376 534 23 11 16 10 54 0 254 651 27 11 16 10 55 
4 928 54 6 5 1 10 16 0 480 502 7 8 0 11 16 0 214 763 9 11 0 5 22 
0 761 167 9 8 1 14 64 0 352 569 16 8 1 11 67 0 153 736 47 8 1 3 76 
7 692 191 26 9 3 4 92 0 467 426 23 9 4 3 92 0 289 592 33 10 5 3 92 
30 681 229 19 5 10 8 42 6 449 482 22 5 10 9 41 2 213 708 30 11 5 12 43 
12 806 159 11 2 5 4 25 4 584 389 11 2 4 6 24 6 222 740 15 7 4 4 26 
105 794 86 9 18 3 5 4 18 762 206 11 15 3 6 3 9 700 273 13 17 3 6 3 
25 719 152 26 9 7 5 81 8 663 229 22 8 9 4 81 3 607 291 19 10 9 4 81 
34 288 364 65 35 88 18 132 0 220 313 220 114 15 20 122 0 223 340 232 77 13 20 119 
0 7 330 376 25 279 7 0 0 20 263 442 241 58 0 0 1 20 260 444 299 0 0 0 
21 137 447 312 23 46 21 17 48 144 396 346 16 53 8 13 86 115 332 406 57 9 6 13 
1 319 276 172 43 23 57 133 0 382 210 197 32 21 36 146 59 337 198 194 33 22 31 150 
0 45 411 289 34 28 38 179 0 51 336 375 31 17 31 183 0 83 366 317 28 15 33 182 
0 71 171 583 57 36 16 90 0 59 137 641 49 26 24 88 0 54 140 641 50 26 27 86 
0 358 309 98 99 119 41 0 0 385 296 72 78 120 72 1 0 386 273 85 64 109 94 13 
0 52 272 415 68 117 94 6 0 58 369 313 54 94 111 25 0 67 516 138 62 86 111 44 
0 0 159 559 54 55 156 41 0 1 325 403 42 52 103 98 0 3 501 183 71 57 82 127 
0 3 103 99 123 156 417 123 0 2 110 89 111 122 309 281 0 3 102 81 93 117 273 355 
0 0 1 21 98 294 495 115 0 0 3 20 94 245 496 166 0 0 4 14 56 198 440 312 
1024 0 0 0 0 0 0 0 1024 0 0 0 0 0 0 0 1024 0 0 0 0 0 0 0 
1024 0 0 0 0 0 0 0 1024 0 0 0 0 0 0 0 1024 0 0 0 0 0 0 0 
1024 0 0 0 0 0 0 0 1017 7 0 0 0 0 0 0 1021 3 0 0 0 0 0 0 
1024 0 0 0 0 0 0 0 1024 0 0 0 0 0 0 0 1024 0 0 0 0 0 0 0 
1023 1 0 0 0 0 0 0 1000 24 0 0 0 0 0 0 1002 22 0 0 0 0 0 0 
970 54 0 0 0 0 0 0 880 144 0 0 0 0 0 0 877 147 0 0 0 0 0 0 
1024 0 0 0 0 0 0 0 913 111 0 0 0 0 0 0 960 64 0 0 0 0 0 0 
585 439 0 0 0 0 0 0 399 625 0 0 0 0 0 0 481 543 0 0 0 0 0 0 
376 648 0 0 0 0 0 0 253 771 0 0 0 0 0 0 316 708 0 0 0 0 0 0 
395 629 0 0 0 0 0 0 353 671 0 0 0 0 0 0 349 675 0 0 0 0 0 0 
226 798 0 0 0 0 0 0 194 809 21 0 0 0 0 0 150 766 108 0 0 0 0 0 
84 220 124 498 60 19 8 11 59 228 113 510 56 37 11 10 27 243 120 468 74 46 31 15 
102 215 305 215 58 36 17 76 57 244 319 201 58 45 24 76 26 268 412 117 37 44 40 80 
0 5 223 549 72 30 28 117 0 3 240 518 87 29 24 123 0 2 290 473 83 29 21 126 
0 1 284 523 49 11 30 126 0 0 298 525 32 15 29 125 0 0 447 380 29 16 28 124 
0 0 119 652 36 29 42 146 0 0 162 618 28 20 47 149 0 0 349 435 24 21 46 149 
0 17 103 609 52 33 27 183 0 17 104 640 24 34 26 179 0 18 252 494 21 36 24 179 
2 134 178 484 33 33 33 127 0 145 196 469 26 29 36 123 2 152 279 374 32 27 37 121 
4 55 229 558 29 26 26 97 4 63 300 486 23 29 23 96 8 74 472 298 22 31 24 95 
3 164 285 387 39 39 28 79 0 183 330 335 34 32 31 79 9 191 427 219 35 32 30 81 
4 66 198 303 118 219 71 45 1 68 189 354 205 119 49 39 6 77 229 351 244 47 28 42 
0 105 146 148 31 578 16 0 0 9 244 158 594 19 0 0 0 13 264 468 262 17 0 0 
0 91 110 40 34 749 0 0 0 22 207 35 699 61 0 0 0 18 226 93 687 0 0 0 
78 102 98 94 60 522 70 0 105 74 154 76 173 442 0 0 120 67 182 136 519 0 0 0 
1 230 78 161 162 208 61 123 6 255 110 202 203 84 51 113 46 225 152 240 164 36 55 106 
0 18 71 71 82 17 16 749 0 22 69 100 57 13 18 745 0 27 85 104 32 15 20 741 
0 0 0 0 0 4 20 1000 0 0 0 0 1 14 12 997 0 0 0 0 10 6 16 992 
0 2 24 46 86 110 425 331 0 6 46 91 65 380 134 302 0 22 61 90 329 111 117 294 
0 3 103 150 162 164 420 22 0 0 90 173 146 303 267 45 0 3 91 151 273 185 222 99 
0 0 128 194 251 283 163 5 0 0 106 177 224 260 241 16 0 0 41 192 201 249 303 38 
0 46 131 207 156 127 264 93 0 46 145 189 156 110 193 185 0 28 118 186 162 128 173 229 
0 10 97 156 194 217 313 37 0 4 108 134 186 177 286 129 0 5 46 135 155 208 268 207 
1024 0 0 0 0 0 0 0 1024 0 0 0 0 0 0 0 1024 0 0 0 0 0 0 0 
1024 0 0 0 0 0 0 0 1024 0 0 0 0 0 0 0 1024 0 0 0 0 0 0 0 
938 86 0 0 0 0 0 0 1024 0 0 0 0 0 0 0 1024 0 0 0 0 0 0 0 
737 287 0 0 0 0 0 0 1023 1 0 0 0 0 0 0 1023 1 0 0 0 0 0 0 
864 159 1 0 0 0 0 0 902 122 0 0 0 0 0 0 895 129 0 0 0 0 0 0 
1005 19 0 0 0 0 0 0 919 105 0 0 0 0 0 0 950 74 0 0 0 0 0 0 
1024 0 0 0 0 0 0 0 1024 0 0 0 0 0 0 0 1024 0 0 0 0 0 0 0 
1024 0 0 0 0 0 0 0 1004 20 0 0 0 0 0 0 983 41 0 0 0 0 0 0 
1002 22 0 0 0 0 0 0 918 106 0 0 0 0 0 0 886 138 0 0 0 0 0 0 
868 156 0 0 0 0 0 0 725 299 0 0 0 0 0 0 705 318 1 0 0 0 0 0 
672 311 19 14 8 0 0 0 539 441 15 13 14 2 0 0 489 452 47 14 20 2 0 0 
207 416 81 100 93 36 37 54 99 527 69 64 91 79 23 72 62 458 162 52 53 79 92 66 
68 335 119 156 103 96 40 107 30 324 163 136 93 88 70 120 15 229 259 148 60 84 92 137 
1 39 37 341 223 48 44 291 0 38 38 403 162 46 52 285 0 29 47 497 69 45 59 278 
0 0 0 216 338 27 42 401 0 0 0 433 126 32 36 397 0 0 11 486 66 32 37 392 
0 0 0 316 225 34 29 420 0 0 0 491 58 29 30 416 0 0 21 488 48 24 30 413 
0 0 0 420 150 24 48 382 0 0 1 544 27 25 50 377 0 0 28 521 27 25 49 374 
0 57 98 372 128 47 41 281 0 88 91 427 53 46 42 277 2 104 119 388 50 43 42 276 
0 27 37 657 43 27 26 207 0 41 31 667 30 24 24 207 3 50 363 332 24 22 23 207 
0 33 121 294 115 52 64 345 0 57 123 314 81 50 64 335 0 90 143 278 68 50 62 333 
0 76 138 98 54 31 72 555 0 47 155 115 46 30 68 563 0 94 138 103 37 28 76 548 
19 170 95 308 136 45 49 202 2 133 134 361 90 51 42 211 19 139 264 274 29 46 45 208 
10 406 155 408 45 0 0 0 1 184 382 455 2 0 0 0 18 144 676 186 0 0 0 0 
0 74 218 63 20 25 30 594 0 7 288 62 21 26 22 598 0 6 288 64 20 26 23 597 
35 585 193 52 27 18 28 86 0 219 591 51 27 16 25 95 0 187 619 55 27 17 22 97 
2 297 256 159 32 34 57 187 0 121 429 152 44 43 61 174 0 124 416 165 39 39 56 185 
0 44 313 263 68 76 188 72 0 11 289 295 65 76 112 176 0 24 295 288 65 73 133 146 
0 58 222 188 238 249 68 1 0 30 177 208 198 259 146 6 0 13 159 224 151 257 202 18 
0 2 56 119 243 399 203 2 0 0 29 89 183 371 315 37 0 0 13 73 139 322 382 95 
0 2 26 129 159 316 381 11 0 3 17 103 142 222 484 53 0 2 4 88 135 175 479 141 
0 27 42 115 371 414 55 0 0 14 50 70 272 434 183 1 0 9 45 51 162 462 288 7 
0 0 0 231 248 424 121 0 0 0 0 175 230 337 282 0 0 0 0 25 294 292 398 15 
1024 0 0 0 0 0 0 0 1024 0 0 0 0 0 0 0 1024 0 0 0 0 0 0 0 
1024 0 0 0 0 0 0 0 1024 0 0 0 0 0 0 0 1024 0 0 0 0 0 0 0 
749 275 0 0 0 0 0 0 1024 0 0 0 0 0 0 0 1024 0 0 0 0 0 0 0 
10 1014 0 0 0 0 0 0 1024 0 0 0 0 0 0 0 1024 0 0 0 0 0 0 0 
618 404 2 0 0 0 0 0 985 39 0 0 0 0 0 0 992 32 0 0 0 0 0 0 
959 65 0 0 0 0 0 0 909 115 0 0 0 0 0 0 913 111 0 0 0 0 0 0 
1024 0 0 0 0 0 0 0 1024 0 0 0 0 0 0 0 1024 0 0 0 0 0 0 0 
1024 0 0 0 0 0 0 0 1024 0 0 0 0 0 0 0 1024 0 0 0 0 0 0 0 
1024 0 0 0 0 0 0 0 1023 1 0 0 0 0 0 0 1024 0 0 0 0 0 0 0 
1014 10 0 0 0 0 0 0 1011 13 0 0 0 0 0 0 1011 13 0 0 0 0 0 0 
669 341 4 2 1 1 0 6 556 455 3 2 1 1 2 4 598 414 2 2 1 1 2 4 
136 513 193 22 22 18 56 64 59 676 108 23 24 21 21 92 42 699 100 25 22 23 22 91 
22 332 334 49 32 46 54 155 3 437 267 36 31 43 43 164 1 462 244 35 34 37 47 164 
0 23 70 20 0 3 14 894 0 31 66 16 0 3 16 892 0 24 69 20 0 3 14 894 
0 0 0 0 0 0 0 1024 0 0 0 0 0 0 0 1024 0 0 0 0 0 0 0 1024 
0 0 0 0 0 0 0 1024 0 0 0 0 0 0 0 1024 0 0 0 0 0 0 0 1024 
0 0 0 0 0 0 0 1024 0 0 0 0 0 0 0 1024 0 0 0 0 0 0 0 1024 
2 23 56 63 42 62 51 725 0 7 68 65 39 63 62 720 0 9 66 63 41 61 62 722 
0 77 186 87 38 53 62 521 0 57 188 111 33 48 67 520 0 114 202 44 37 47 63 517 
1 117 171 143 67 52 42 431 0 44 211 218 37 53 49 412 6 137 265 88 23 50 51 404 
1 213 175 157 48 25 32 373 0 62 320 184 34 22 34 368 0 117 393 63 29 22 37 363 
0 0 19 617 110 43 40 195 0 9 17 688 41 46 34 189 0 10 586 122 42 44 31 189 
0 276 99 580 69 0 0 0 0 5 365 654 0 0 0 0 0 22 930 72 0 0 0 0 
17 81 85 199 110 33 44 455 0 65 144 259 31 33 40 452 0 61 280 134 30 32 41 446 
44 573 59 9 19 1 7 312 0 136 537 7 16 9 1 318 0 140 534 6 18 6 2 318 
9 279 151 170 31 29 29 326 3 149 404 68 27 23 27 323 4 176 387 58 26 26 27 320 
46 550 270 158 0 0 0 0 4 473 426 121 0 0 0 0 8 654 349 13 0 0 0 0 
0 164 370 122 47 31 103 187 0 148 414 102 39 26 73 222 1 358 257 56 35 22 67 228 
0 0 51 235 116 128 336 158 0 7 59 254 82 79 333 210 1 45 196 89 68 67 248 310 
0 32 89 175 231 319 119 59 0 19 75 171 181 322 177 79 0 10 60 153 177 293 244 87 
0 0 39 374 451 158 2 0 0 0 11 234 512 239 28 0 0 0 0 91 503 352 77 1 
0 0 25 315 290 275 119 0 0 0 2 218 339 247 218 0 0 0 0 70 364 292 295 3 
1024 0 0 0 0 0 0 0 1024 0 0 0 0 0 0 0 1024 0 0 0 0 0 0 0 
1024 0 0 0 0 0 0 0 1010 14 0 0 0 0 0 0 1024 0 0 0 0 0 0 0 
892 132 0 0 0 0 0 0 884 140 0 0 0 0 0 0 998 26 0 0 0 0 0 0 
545 479 0 0 0 0 0 0 758 266 0 0 0 0 0 0 851 173 0 0 0 0 0 0 
472 552 0 0 0 0 0 0 571 453 0 0 0 0 0 0 701 323 0 0 0 0 0 0 
390 634 0 0 0 0 0 0 363 661 0 0 0 0 0 0 499 525 0 0 0 0 0 0 
302 722 0 0 0 0 0 0 269 755 0 0 0 0 0 0 384 640 0 0 0 0 0 0 
194 830 0 0 0 0 0 0 173 851 0 0 0 0 0 0 263 761 0 0 0 0 0 0 
70 954 0 0 0 0 0 0 54 970 0 0 0 0 0 0 112 912 0 0 0 0 0 0 
113 620 63 11 7 9 43 158 56 696 46 10 5 9 12 190 132 642 25 9 5 11 14 186 
27 471 127 3 7 6 26 357 17 476 131 3 6 6 12 373 29 532 63 3 7 7 14 369 
0 132 428 7 6 6 9 436 0 102 455 9 6 5 7 440 0 172 385 10 5 6 6 440 
0 19 282 54 12 12 14 631 0 57 267 31 13 8 13 635 0 124 210 23 11 10 14 632 
0 0 0 0 0 0 0 1024 0 0 0 0 0 0 0 1024 0 0 0 0 0 0 0 1024 
0 0 0 0 0 0 0 1024 0 0 0 0 0 0 0 1024 0 0 0 0 0 0 0 1024 
0 0 0 0 0 0 0 1024 0 0 0 0 0 0 0 1024 0 0 0 0 0 0 0 1024 
0 0 0 0 0 0 0 1024 0 0 0 0 0 0 0 1024 0 0 0 0 0 0 0 1024 
0 0 9 50 37 23 27 878 0 0 31 37 33 22 31 870 0 0 27 40 34 21 31 871 
0 83 71 35 19 15 31 770 0 82 75 38 15 23 24 767 3 92 60 38 16 23 23 769 
1 193 46 59 41 55 50 579 0 143 112 59 38 53 47 572 0 194 56 58 40 49 52 575 
0 73 63 71 61 63 66 627 0 78 82 60 63 58 81 602 0 73 81 62 62 60 79 607 
0 7 52 527 113 47 81 197 0 37 41 581 51 49 84 181 2 36 487 140 46 50 80 183 
32 427 131 404 30 0 0 0 3 206 392 423 0 0 0 0 11 244 702 67 0 0 0 0 
91 440 58 272 40 21 37 65 26 486 90 281 21 21 35 64 25 496 312 54 19 20 32 66 
58 648 84 11 3 7 16 197 0 222 566 16 0 6 14 200 5 258 526 14 1 6 13 201 
11 174 106 91 49 62 74 457 7 215 97 75 50 62 77 441 8 207 105 74 46 66 78 440 
319 415 174 115 1 0 0 0 167 449 357 51 0 0 0 0 257 424 341 2 0 0 0 0 
287 419 178 134 6 0 0 0 175 483 271 95 0 0 0 0 338 456 230 0 0 0 0 0 
73 306 273 142 89 13 19 109 70 277 298 226 14 12 19 108 158 346 350 27 9 13 46 75 
18 109 91 73 35 24 82 592 1 114 120 63 29 27 65 605 32 135 94 46 25 29 81 582 
0 0 0 80 141 108 173 522 0 0 0 31 137 127 177 552 0 0 0 2 98 144 256 524 
0 0 7 341 185 143 259 89 0 0 0 161 305 157 296 105 0 0 0 42 360 162 372 88 
1019 5 0 0 0 0 0 0 690 334 0 0 0 0 0 0 1024 0 0 0 0 0 0 0 
446 578 0 0 0 0 0 0 148 876 0 0 0 0 0 0 941 83 0 0 0 0 0 0 
336 688 0 0 0 0 0 0 43 981 0 0 0 0 0 0 696 328 0 0 0 0 0 0 
0 1024 0 0 0 0 0 0 0 1024 0 0 0 0 0 0 40 984 0 0 0 0 0 0 
0 1024 0 0 0 0 0 0 0 1024 0 0 0 0 0 0 3 1021 0 0 0 0 0 0 
3 1021 0 0 0 0 0 0 3 1021 0 0 0 0 0 0 9 1015 0 0 0 0 0 0 
0 1024 0 0 0 0 0 0 0 1024 0 0 0 0 0 0 4 1020 0 0 0 0 0 0 
0 1024 0 0 0 0 0 0 0 1024 0 0 0 0 0 0 0 1024 0 0 0 0 0 0 
0 566 52 20 20 26 340 0 0 583 38 18 21 25 339 0 0 598 26 20 18 27 335 0 
0 6 8 1 5 4 585 415 0 8 6 1 5 5 526 473 0 10 5 0 6 6 581 416 
0 0 0 0 0 0 283 741 0 0 0 0 0 0 255 769 0 0 0 0 0 0 290 734 
0 0 0 0 0 0 27 997 0 0 0 0 0 0 11 1013 0 0 0 0 0 0 11 1013 
0 0 0 0 0 0 3 1021 0 0 0 0 0 0 2 1022 0 0 0 0 0 0 2 1022 
0 0 0 0 0 0 0 1024 0 0 0 0 0 0 0 1024 0 0 0 0 0 0 0 1024 
0 0 0 0 0 0 0 1024 0 0 0 0 0 0 0 1024 0 0 0 0 0 0 0 1024 
0 0 0 0 0 0 0 1024 0 0 0 0 0 0 0 1024 0 0 0 0 0 0 0 1024 
0 0 0 0 0 0 0 1024 0 0 0 0 0 0 0 1024 0 0 0 0 0 0 0 1024 
0 0 29 59 29 15 22 870 0 0 73 31 20 18 21 861 0 0 70 30 22 19 20 863 
0 0 19 52 51 37 46 819 0 0 23 74 35 42 40 810 0 0 18 76 36 39 42 813 
0 0 30 94 81 50 80 689 0 2 61 93 69 44 84 671 0 2 58 96 66 46 80 676 
0 12 146 150 61 56 50 549 0 30 223 87 47 47 57 533 0 36 229 71 53 44 58 533 
0 221 177 279 60 51 80 156 0 91 372 243 50 46 64 158 0 98 505 99 58 43 69 152 
69 438 320 197 0 0 0 0 26 250 701 47 0 0 0 0 27 318 679 0 0 0 0 0 
152 574 108 190 0 0 0 0 38 605 200 181 0 0 0 0 46 660 318 0 0 0 0 0 
75 742 44 27 14 3 17 102 23 307 532 21 15 7 11 108 30 500 331 23 16 5 12 107 
117 478 140 54 49 27 39 120 37 433 267 54 42 35 32 124 53 463 222 53 45 32 33 123 
44 304 78 405 41 39 52 61 28 206 453 149 43 30 42 73 48 203 548 47 36 34 45 63 
0 190 137 672 25 0 0 0 19 225 397 383 0 0 0 0 138 203 683 0 0 0 0 0 
0 0 0 212 688 21 25 78 0 0 0 888 26 17 24 69 0 0 854 52 15 17 47 39 
0 0 14 74 96 42 151 647 0 0 54 108 38 39 195 590 0 2 126 49 37 44 573 193 
0 0 0 0 0 0 91 933 0 0 0 0 0 0 206 818 0 0 0 0 0 0 695 329 
0 0 0 0 0 0 485 539 0 0 0 0 0 0 623 401 0 0 0 0 0 0 924 100 
648 376 0 0 0 0 0 0 527 497 0 0 0 0 0 0 1022 2 0 0 0 0 0 0 
299 725 0 0 0 0 0 0 131 893 0 0 0 0 0 0 1004 20 0 0 0 0 0 0 
170 854 0 0 0 0 0 0 112 912 0 0 0 0 0 0 489 535 0 0 0 0 0 0 
0 1024 0 0 0 0 0 0 0 1024 0 0 0 0 0 0 51 973 0 0 0 0 0 0 
0 1024 0 0 0 0 0 0 0 1024 0 0 0 0 0 0 0 1024 0 0 0 0 0 0 
0 1024 0 0 0 0 0 0 0 1024 0 0 0 0 0 0 0 1024 0 0 0 0 0 0 
0 1016 5 2 1 0 0 0 0 1018 3 2 1 0 0 0 0 1018 4 1 1 0 0 0 
0 450 57 30 29 41 417 0 0 469 38 29 27 38 423 0 0 481 34 24 28 41 416 0 
0 0 1 2 3 6 1012 0 0 1 0 2 3 6 983 29 0 1 0 2 3 6 998 14 
0 0 0 0 0 1 1013 10 0 0 0 0 0 1 806 217 0 0 0 0 0 1 953 70 
0 0 0 0 0 0 990 34 0 0 0 0 0 0 881 143 0 0 0 0 0 0 973 51 
0 0 0 0 0 0 761 263 0 0 0 0 0 0 620 404 0 0 0 0 0 0 650 374 
0 0 0 0 0 0 240 784 0 0 0 0 0 0 107 917 0 0 0 0 0 0 149 875 
0 0 0 0 0 0 11 1013 0 0 0 0 0 0 6 1018 0 0 0 0 0 0 6 1018 
0 0 0 0 0 0 0 1024 0 0 0 0 0 0 0 1024 0 0 0 0 0 0 0 1024 
0 0 0 0 0 0 0 1024 0 0 0 0 0 0 0 1024 0 0 0 0 0 0 0 1024 
0 0 20 13 20 16 15 940 0 0 19 13 21 15 16 940 0 0 15 17 12 20 20 940 
0 0 19 15 11 7 13 959 0 0 27 11 10 6 11 959 0 0 26 12 10 4 12 960 
0 0 6 82 38 27 21 850 0 0 7 88 34 26 21 848 0 0 6 82 39 27 20 850 
0 19 171 140 59 67 173 395 0 41 221 79 58 61 156 408 0 34 240 66 58 61 156 409 
0 40 689 27 11 23 66 168 0 52 684 18 11 22 67 170 3 98 638 16 10 23 66 170 
20 477 411 14 10 20 33 39 10 560 336 14 9 19 30 46 18 696 195 12 8 18 32 45 
0 653 371 0 0 0 0 0 0 804 220 0 0 0 0 0 0 1002 22 0 0 0 0 0 
2 878 144 0 0 0 0 0 0 952 72 0 0 0 0 0 0 1024 0 0 0 0 0 0 
107 648 98 50 17 24 42 38 48 557 254 42 18 17 27 61 63 645 157 39 15 20 27 58 
22 561 133 39 26 25 24 194 28 653 66 15 27 19 26 190 47 647 54 14 27 20 22 193 
27 415 303 89 35 31 34 90 26 589 182 49 31 32 34 81 58 676 74 42 29 32 34 79 
4 180 422 412 4 2 0 0 22 253 669 77 3 0 0 0 123 587 301 11 2 0 0 0 
0 3 97 919 5 0 0 0 0 62 521 441 0 0 0 0 25 340 659 0 0 0 0 0 
0 34 156 544 70 26 149 45 0 115 354 313 30 22 172 18 32 272 458 38 21 25 178 0 
0 0 0 9 13 12 907 83 0 0 2 12 9 14 962 25 0 0 10 8 11 13 982 0 
0 0 0 0 0 0 972 52 0 0 0 0 0 0 1024 0 0 0 0 0 0 0 1024 0 
859 165 0 0 0 0 0 0 884 140 0 0 0 0 0 0 1024 0 0 0 0 0 0 0 
147 877 0 0 0 0 0 0 276 748 0 0 0 0 0 0 945 79 0 0 0 0 0 0 
0 1024 0 0 0 0 0 0 1 1023 0 0 0 0 0 0 292 732 0 0 0 0 0 0 
0 1024 0 0 0 0 0 0 0 1024 0 0 0 0 0 0 20 1004 0 0 0 0 0 0 
0 1024 0 0 0 0 0 0 0 1024 0 0 0 0 0 0 5 1019 0 0 0 0 0 0 
0 968 30 8 6 9 3 0 0 986 13 7 6 7 5 0 0 991 10 7 6 7 3 0 
0 323 49 31 32 46 543 0 0 336 40 27 30 46 545 0 0 346 36 26 32 46 538 0 
0 0 0 0 0 1 1023 0 0 0 0 0 0 1 1021 2 0 0 0 0 0 1 1021 2 
0 0 0 0 0 0 1024 0 0 0 0 0 0 0 875 149 0 0 0 0 0 0 967 57 
0 0 0 0 0 0 994 30 0 0 0 0 0 0 802 222 0 0 0 0 0 0 864 160 
0 0 0 0 0 0 702 322 0 0 0 0 0 0 229 795 0 0 0 0 0 0 259 765 
0 0 0 0 0 0 477 547 0 0 0 0 0 0 348 676 0 0 0 0 0 0 367 657 
0 0 0 0 0 0 248 776 0 0 0 0 0 0 192 832 0 0 0 0 0 0 199 825 
0 0 0 0 0 3 80 941 0 0 0 0 0 0 44 980 0 0 0 0 0 0 46 978 
0 0 0 0 0 0 0 1024 0 0 0 0 0 0 0 1024 0 0 0 0 0 0 0 1024 
0 0 0 0 0 0 0 1024 0 0 0 0 0 0 0 1024 0 0 0 0 0 0 0 1024 
0 0 1 6 5 6 2 1004 0 0 0 9 4 5 2 1004 0 0 0 9 4 4 3 1004 
0 0 14 111 44 41 34 780 0 0 70 73 37 39 35 770 0 0 79 64 38 38 35 770 
0 0 182 183 90 71 58 440 0 0 283 107 79 66 54 435 0 0 300 89 83 65 52 435 
0 5 226 115 41 51 53 533 0 21 262 68 44 47 52 530 0 31 249 68 41 50 48 537 
0 0 67 121 32 36 44 724 0 0 145 59 24 34 45 717 0 9 139 58 25 31 45 717 
0 13 604 65 35 29 53 225 0 79 580 35 26 29 46 229 0 494 171 28 24 28 52 227 
0 312 712 0 0 0 0 0 0 861 163 0 0 0 0 0 0 1024 0 0 0 0 0 0 
0 870 154 0 0 0 0 0 0 995 29 0 0 0 0 0 2 1022 0 0 0 0 0 0 
73 846 39 7 7 3 18 31 60 875 26 4 6 5 9 39 100 843 18 4 6 5 10 38 
0 817 107 26 17 12 27 18 0 885 52 17 14 9 20 27 0 900 36 20 12 11 19 26 
0 525 455 20 7 13 4 0 0 805 178 19 5 13 4 0 0 966 23 15 5 11 4 0 
25 142 539 160 62 71 23 2 47 216 549 65 51 63 30 3 89 646 100 52 53 57 26 1 
0 0 429 595 0 0 0 0 0 0 1024 0 0 0 0 0 0 984 40 0 0 0 0 0 
0 35 530 459 0 0 0 0 0 77 947 0 0 0 0 0 24 748 252 0 0 0 0 0 
0 16 227 303 65 67 346 0 0 24 460 80 54 58 348 0 7 329 198 55 49 57 329 0 
0 0 0 0 0 4 1020 0 0 0 0 0 0 3 1021 0 0 0 0 0 0 6 1018 0 
441 583 0 0 0 0 0 0 566 458 0 0 0 0 0 0 1021 3 0 0 0 0 0 0 
108 916 0 0 0 0 0 0 121 903 0 0 0 0 0 0 660 364 0 0 0 0 0 0 
0 1024 0 0 0 0 0 0 0 1024 0 0 0 0 0 0 73 951 0 0 0 0 0 0 
0 1024 0 0 0 0 0 0 0 1024 0 0 0 0 0 0 38 986 0 0 0 0 0 0 
0 1024 0 0 0 0 0 0 0 1024 0 0 0 0 0 0 5 1019 0 0 0 0 0 0 
0 330 70 49 60 82 433 0 0 351 56 48 59 77 433 0 0 363 51 48 58 80 424 0 
0 0 0 0 0 0 1024 0 0 0 0 0 0 0 1024 0 0 0 0 0 0 0 1024 0 
0 0 0 0 0 0 1023 1 0 0 0 0 0 0 986 38 0 0 0 0 0 0 1021 3 
0 0 0 0 0 0 1020 4 0 0 0 0 0 0 961 63 0 0 0 0 0 0 1000 24 
0 0 0 0 0 5 971 48 0 0 0 0 0 3 796 225 0 0 0 0 0 10 877 137 
0 0 0 0 0 6 849 169 0 0 0 0 0 5 399 620 0 0 0 0 0 6 511 507 
0 0 0 0 0 1 415 608 0 0 0 0 0 0 129 895 0 0 0 0 0 0 161 863 
0 0 0 0 0 0 177 847 0 0 0 0 0 0 141 883 0 0 0 0 0 0 141 883 
0 0 1 4 6 56 201 756 0 0 1 4 10 49 183 777 0 0 1 4 6 52 179 782 
0 0 0 0 26 52 168 778 0 0 0 10 40 44 127 803 0 0 0 10 36 48 131 799 
0 0 0 50 56 47 127 744 0 0 17 57 46 44 109 751 0 0 33 45 45 44 106 751 
0 0 10 136 55 42 76 705 0 0 97 71 48 45 67 696 0 0 121 55 42 44 66 696 
0 0 614 193 53 33 55 76 0 0 750 70 48 31 46 79 0 93 682 52 43 31 44 79 
0 0 1024 0 0 0 0 0 0 0 1024 0 0 0 0 0 0 558 466 0 0 0 0 0 
0 3 1021 0 0 0 0 0 0 94 930 0 0 0 0 0 0 858 166 0 0 0 0 0 
0 30 980 14 0 0 0 0 0 425 596 3 0 0 0 0 0 886 138 0 0 0 0 0 
0 159 865 0 0 0 0 0 0 768 256 0 0 0 0 0 0 1024 0 0 0 0 0 0 
0 36 988 0 0 0 0 0 0 707 317 0 0 0 0 0 0 1024 0 0 0 0 0 0 
0 691 333 0 0 0 0 0 0 997 27 0 0 0 0 0 0 1024 0 0 0 0 0 0 
0 1002 22 0 0 0 0 0 0 1024 0 0 0 0 0 0 0 1024 0 0 0 0 0 0 
0 700 324 0 0 0 0 0 0 1024 0 0 0 0 0 0 0 1024 0 0 0 0 0 0 
0 303 721 0 0 0 0 0 0 1021 3 0 0 0 0 0 0 1024 0 0 0 0 0 0 
8 82 934 0 0 0 0 0 13 684 327 0 0 0 0 0 17 1007 0 0 0 0 0 0 
0 0 1024 0 0 0 0 0 0 19 1005 0 0 0 0 0 0 1024 0 0 0 0 0 0 
0 0 1024 0 0 0 0 0 0 0 1024 0 0 0 0 0 0 1024 0 0 0 0 0 0 
0 0 977 43 4 0 0 0 0 0 1015 8 1 0 0 0 0 992 29 3 0 0 0 0 
0 0 198 133 75 105 513 0 0 0 285 68 67 86 518 0 0 229 91 55 64 86 499 0 
