386 370 163 80 17 5 3 0 180 334 257 158 81 11 3 0 228 417 235 94 44 5 1 0 
563 402 54 4 1 0 0 0 149 639 221 12 3 0 0 0 294 559 158 10 3 0 0 0 
377 332 236 63 15 1 0 0 139 429 288 117 42 9 0 0 194 384 303 113 26 4 0 0 
121 240 436 192 33 2 0 0 27 171 315 334 151 25 1 0 46 175 242 422 129 9 1 0 
39 236 424 267 56 2 0 0 1 50 248 429 256 40 0 0 2 70 269 397 238 45 3 0 
150 276 357 183 58 0 0 0 41 157 229 337 189 62 9 0 47 168 274 329 154 46 6 0 
51 325 415 194 39 0 0 0 2 87 233 287 260 119 34 2 3 65 263 369 235 79 10 0 
71 429 344 154 24 2 0 0 5 154 313 254 186 93 18 1 2 79 415 338 138 50 2 0 
64 345 461 138 14 2 0 0 3 42 126 272 420 149 12 0 3 49 237 419 262 53 1 0 
21 843 105 35 18 2 0 0 3 639 322 29 15 14 2 0 0 101 852 40 22 9 0 0 
96 209 167 279 242 31 0 0 83 185 108 156 164 264 63 1 20 182 142 198 310 169 3 0 
22 113 172 231 348 124 14 0 0 54 138 160 228 296 139 9 2 51 138 202 301 284 41 5 
6 92 337 428 137 23 1 0 0 6 96 238 436 227 20 1 0 14 139 304 446 119 2 0 
5 47 167 354 285 151 15 0 0 9 81 113 305 370 131 15 0 10 68 208 405 262 66 5 
9 39 193 391 232 150 10 0 0 7 44 188 375 279 121 10 0 12 60 240 484 191 35 2 
6 57 241 395 273 52 0 0 2 11 71 205 334 260 133 8 3 13 79 340 400 177 11 1 
60 192 301 302 143 23 3 0 8 113 230 278 206 126 44 19 19 159 289 295 173 77 12 0 
42 208 450 271 45 6 2 0 4 77 275 267 246 129 25 1 4 45 254 490 194 33 2 2 
119 312 393 152 44 4 0 0 5 53 165 291 358 137 15 0 46 141 303 365 150 18 1 0 
26 63 458 383 57 35 2 0 10 40 80 449 367 62 15 1 10 32 102 744 89 40 7 0 
127 218 319 277 76 7 0 0 1 26 102 204 312 292 85 2 23 114 224 324 273 64 2 0 
98 213 310 236 129 33 5 0 30 92 142 189 263 229 77 2 41 114 174 297 250 108 29 11 
24 87 174 279 240 196 23 1 28 93 133 220 330 178 42 0 34 48 129 282 387 128 16 0 
21 74 117 142 239 312 102 17 22 84 93 119 387 233 85 1 32 83 98 140 404 196 70 1 
92 190 128 73 175 328 37 1 107 132 97 129 410 132 17 0 124 131 95 174 410 83 7 0 
56 131 149 160 295 208 24 1 37 97 120 166 479 113 12 0 85 120 119 273 386 38 3 0 
24 65 174 414 167 104 57 19 36 68 274 326 182 80 48 10 37 69 142 403 208 97 53 15 
0 6 164 440 49 50 275 40 0 18 399 208 51 84 255 9 0 0 65 484 108 111 248 8 
74 143 217 257 70 68 172 23 26 126 265 179 134 164 126 4 48 95 187 313 108 127 131 15 
8 55 686 229 39 7 0 0 17 84 694 192 30 7 0 0 10 45 666 252 42 9 0 0 
410 346 184 59 16 8 1 0 158 243 266 208 112 35 2 0 131 333 299 177 73 11 0 0 
125 298 374 167 32 11 9 8 49 198 305 279 108 59 21 5 26 168 232 258 236 75 20 9 
13 48 36 69 163 630 63 2 33 39 36 68 381 437 29 1 33 39 38 66 342 464 36 6 
19 54 48 150 228 262 187 76 29 57 53 130 259 255 212 29 20 58 45 97 228 235 272 69 
90 148 150 334 275 27 0 0 90 135 111 291 333 63 1 0 51 130 108 166 355 190 24 0 
21 105 124 299 307 145 23 0 18 97 103 231 411 143 21 0 9 65 112 156 345 296 40 1 
1 11 24 59 188 390 342 9 3 16 27 101 229 486 161 1 1 16 22 76 170 444 285 10 
0 1 34 120 422 348 76 23 0 6 53 136 431 332 61 5 0 0 21 105 233 515 140 10 
3 26 303 398 152 90 39 13 7 126 460 208 94 90 35 4 1 12 229 441 156 108 66 11 
0 7 135 865 17 0 0 0 1 45 912 62 4 0 0 0 0 4 84 904 31 1 0 0 
104 272 266 189 105 50 27 11 57 159 173 237 171 128 66 33 22 117 230 301 166 113 45 30 
7 108 340 305 188 49 23 4 7 47 285 246 201 148 66 24 3 19 61 362 346 161 55 17 
5 12 60 203 443 280 20 1 5 16 85 220 460 217 18 3 2 11 63 161 391 363 27 6 
0 8 15 15 134 414 406 32 0 11 16 28 241 520 202 6 0 10 17 18 170 526 267 16 
1 2 10 99 250 465 185 12 2 3 22 131 298 484 83 1 1 3 12 104 201 544 156 3 
0 7 9 101 291 565 51 0 0 7 17 97 402 463 37 1 0 7 13 77 266 521 138 2 
0 2 14 120 352 383 151 2 0 0 14 51 225 534 181 19 0 0 4 41 113 596 240 30 
8 17 54 225 425 276 19 0 4 4 21 104 450 332 100 9 0 5 9 73 308 533 84 12 
6 17 123 402 387 78 9 2 8 35 204 394 298 73 11 1 5 12 99 294 368 168 72 6 
2 4 132 741 92 49 4 0 0 12 536 337 96 42 1 0 0 3 69 791 108 50 3 0 
310 301 250 105 36 14 6 2 65 157 225 274 190 82 25 6 165 225 267 218 105 34 8 2 
272 308 216 127 65 21 12 3 30 144 216 262 184 119 52 17 108 220 263 181 150 70 22 10 
25 107 172 225 308 123 49 15 0 21 74 181 380 247 94 27 4 27 97 203 279 290 92 32 
0 1 76 269 375 205 97 1 0 26 137 340 280 215 26 0 0 1 68 291 362 240 59 3 
4 20 49 95 225 434 193 4 2 19 61 93 174 406 232 37 2 16 48 95 104 311 415 33 
5 35 154 194 187 314 119 16 5 53 160 179 146 285 172 24 3 15 96 196 207 290 192 25 
138 262 338 176 68 31 9 2 146 339 251 100 79 74 31 4 5 147 405 237 113 79 32 6 
60 149 252 203 108 134 110 8 46 183 273 160 94 96 128 44 11 86 265 256 125 135 126 20 
66 203 383 260 78 27 7 0 22 184 349 277 134 38 16 4 12 116 330 341 166 43 15 1 
57 111 681 142 26 4 3 0 5 49 86 385 451 41 2 5 25 64 103 680 128 19 2 3 
56 77 138 267 372 96 16 2 11 30 51 153 422 307 48 2 32 43 89 272 463 110 13 2 
182 198 157 91 92 295 9 0 23 111 165 181 262 277 5 0 85 173 176 163 197 229 1 0 
68 151 407 281 44 64 7 2 15 244 445 172 87 55 4 2 31 114 378 364 73 60 2 2 
2 48 323 409 87 136 18 1 13 135 467 221 54 131 3 0 2 33 292 436 104 103 53 1 
13 100 289 245 114 218 45 0 35 193 295 158 96 206 40 1 7 85 300 251 80 122 162 17 
11 149 572 239 35 18 0 0 33 336 523 97 24 11 0 0 7 97 549 312 43 16 0 0 
6 62 265 190 253 217 29 2 16 147 269 105 310 125 47 5 4 48 235 221 249 225 41 1 
0 1 10 89 302 487 130 5 0 1 14 99 331 344 201 34 0 2 6 79 310 472 146 9 
49 88 91 48 137 475 127 9 10 51 103 78 305 426 45 6 21 64 96 76 183 471 107 6 
67 409 291 93 55 98 11 0 14 42 212 572 125 56 3 0 26 62 545 219 96 70 6 0 
0 0 3 10 1007 4 0 0 0 0 1 7 1003 13 0 0 0 0 3 9 1008 4 0 0 
0 0 0 1 3 1020 0 0 0 0 0 0 4 1020 0 0 0 0 0 0 6 1018 0 0 
0 0 3 10 995 13 3 0 0 0 11 997 5 11 0 0 0 0 3 10 995 16 0 0 
0 0 4 13 994 13 0 0 0 0 15 994 2 13 0 0 0 0 5 11 994 11 3 0 
0 0 0 0 0 1016 8 0 0 0 0 0 0 1013 11 0 0 0 0 0 0 3 1021 0 
0 0 8 1001 10 4 1 0 0 5 9 1000 8 1 1 0 0 0 8 1005 7 2 2 0 
0 0 2 4 1013 5 0 0 0 0 3 4 1017 0 0 0 0 0 2 4 1015 3 0 0 
0 0 0 1 1009 14 0 0 0 0 0 9 1007 8 0 0 0 0 0 2 1009 13 0 0 
0 0 0 0 0 1004 20 0 0 0 0 0 1 1022 1 0 0 0 0 0 1 1015 8 0 
1 0 0 0 1 1020 2 0 0 0 0 1 1019 4 0 0 0 1 0 0 1013 8 2 0 
