228 617 135 33 6 3 2 0 31 236 490 239 20 7 1 0 33 174 492 261 52 10 2 0 
414 200 83 164 118 24 10 11 227 302 133 137 166 34 12 13 197 299 116 58 122 161 41 30 
240 270 150 106 76 70 50 62 70 259 209 184 103 58 64 77 24 220 220 187 98 86 67 122 
328 410 92 45 46 64 32 7 27 249 334 222 57 60 59 16 8 171 306 251 86 33 62 107 
322 243 113 73 94 120 49 10 136 237 186 137 58 147 94 29 79 208 157 93 90 86 110 201 
85 142 143 133 275 37 42 167 22 135 122 119 93 313 39 181 2 120 75 41 83 104 105 494 
3 51 123 108 137 74 45 483 0 10 67 99 151 129 74 494 0 1 25 54 150 159 98 537 
0 34 120 145 115 68 70 472 0 0 5 85 204 141 87 502 0 0 0 44 162 173 117 528 
0 9 35 115 76 148 100 541 0 0 4 47 121 152 97 603 0 0 0 0 36 109 196 683 
0 3 23 53 13 77 204 651 0 0 0 20 61 34 175 734 0 0 0 0 7 39 76 902 
67 183 238 185 179 88 57 27 18 77 187 232 219 168 74 49 13 25 47 121 219 211 225 163 
46 158 279 228 181 101 29 2 25 37 146 282 229 211 84 10 24 4 42 110 168 246 238 192 
75 147 209 199 164 94 62 74 23 86 102 181 206 212 107 107 10 58 79 106 126 188 195 262 
28 110 130 190 417 127 20 2 0 34 86 104 184 531 65 20 0 8 50 47 51 153 347 368 
4 70 66 292 544 33 15 0 1 30 63 53 151 701 21 4 1 13 51 26 38 87 213 595 
26 100 193 319 383 3 0 0 7 69 169 93 249 435 2 0 0 31 131 94 57 108 222 381 
30 165 190 454 144 38 3 0 6 39 150 185 343 265 36 0 0 2 37 118 159 183 200 325 
13 100 182 234 245 228 21 1 1 9 39 194 281 289 194 17 0 0 11 61 106 198 262 386 
2 31 191 263 265 181 78 13 1 1 21 148 257 321 217 58 0 0 1 3 45 178 282 515 
0 10 70 66 714 97 35 32 0 0 2 36 71 719 143 53 0 0 0 0 3 37 494 490 
223 274 220 138 110 40 16 3 42 201 195 193 177 152 54 10 3 79 193 159 190 139 120 141 
200 328 206 150 86 36 17 1 6 258 245 150 173 144 43 5 0 131 183 213 174 108 135 80 
203 302 115 89 120 82 50 63 20 307 190 119 123 123 73 69 10 228 175 105 129 119 97 161 
108 118 250 249 121 86 58 34 40 114 206 154 237 164 69 40 16 104 72 183 95 207 231 116 
5 6 112 756 80 47 10 8 0 6 5 168 534 285 18 8 0 0 6 5 135 358 464 56 
26 119 540 289 26 8 14 2 2 40 112 504 340 8 15 3 0 3 38 74 359 478 59 13 
383 143 128 204 151 15 0 0 103 237 143 99 231 190 21 0 48 135 242 54 35 153 223 134 
127 123 90 137 302 161 29 55 61 95 89 55 60 306 280 78 0 73 92 73 32 42 135 577 
220 75 52 85 137 127 41 287 138 75 68 51 45 114 210 323 1 171 34 74 35 54 85 570 
80 75 26 7 107 212 213 304 22 71 49 32 34 185 240 391 2 46 62 41 27 129 208 509 
410 220 111 211 61 9 2 0 149 413 77 58 241 81 5 0 31 235 313 44 34 66 227 74 
230 275 235 141 103 37 3 0 58 213 134 174 206 195 44 0 65 81 41 170 196 200 138 133 
154 379 177 137 81 45 29 22 12 275 255 162 142 95 42 41 1 36 27 206 318 161 149 126 
119 288 114 104 192 144 33 30 13 200 219 126 137 188 100 41 2 70 108 106 169 191 135 243 
201 261 267 125 91 65 13 1 34 218 195 253 141 111 61 11 50 152 117 192 201 123 66 123 
349 316 206 69 35 40 9 0 79 355 212 193 96 57 28 4 81 223 204 189 168 92 35 32 
353 238 158 116 78 44 37 0 166 200 129 201 137 130 47 14 109 171 131 166 127 117 127 76 
135 293 215 91 193 53 35 9 58 126 223 225 84 214 70 24 4 72 120 173 186 116 197 156 
297 188 135 160 83 24 42 95 186 123 132 117 154 142 58 112 3 245 94 111 109 133 170 159 
411 266 181 25 35 21 30 55 38 472 190 158 27 35 35 69 7 113 524 147 74 20 28 111 
197 254 302 125 71 40 24 11 65 142 75 170 187 231 115 39 34 77 105 83 151 282 153 139 
57 450 234 151 77 29 15 11 27 20 383 197 156 141 65 35 16 17 10 60 203 515 130 73 
67 370 381 86 50 18 23 29 16 43 339 386 114 55 24 47 3 24 45 90 223 425 135 79 
30 112 102 100 425 202 36 17 11 51 99 112 231 428 73 19 0 9 34 46 97 308 418 112 
66 151 154 216 208 133 82 14 7 51 103 286 202 204 129 42 2 20 76 195 248 147 215 121 
6 29 75 213 263 215 189 34 1 14 34 153 173 335 228 86 0 2 20 37 176 149 340 300 
8 51 68 51 104 137 584 21 4 15 43 79 69 130 447 237 1 5 13 37 73 59 147 689 
0 5 24 62 255 378 255 45 0 2 6 42 126 358 352 138 0 0 4 9 44 128 358 481 
0 4 41 112 266 304 178 119 0 2 8 64 164 333 292 161 0 0 2 23 59 209 345 386 
2 23 34 84 308 449 98 26 0 1 6 20 54 668 213 62 0 0 0 11 28 56 662 267 
59 113 194 371 114 132 35 6 42 45 137 150 235 234 159 22 15 32 38 96 82 100 318 343 
8 188 94 102 73 81 458 20 0 30 218 120 48 100 341 167 0 0 20 133 220 37 104 510 
0 74 51 58 35 87 715 4 0 17 85 68 31 83 67 673 0 0 3 68 107 21 71 754 
0 8 50 83 215 150 470 48 0 0 17 57 132 213 140 465 0 0 0 26 49 130 229 590 
64 247 151 119 156 102 161 24 0 26 175 232 158 177 119 137 0 31 111 186 154 123 185 234 
17 90 125 130 253 172 159 78 0 5 120 112 206 231 177 173 0 2 27 133 96 196 238 332 
0 0 44 96 132 143 609 0 0 0 28 48 130 118 491 209 0 0 0 35 46 114 107 722 
0 0 12 22 79 119 792 0 0 0 0 21 55 63 577 308 0 0 0 0 22 15 94 893 
0 0 14 34 219 213 544 0 0 0 0 16 169 119 634 86 0 0 0 0 15 24 237 748 
15 28 57 736 84 81 23 0 13 8 26 42 717 126 91 1 5 7 10 11 29 407 456 99 
0 0 5 24 10 978 7 0 0 0 3 10 20 10 981 0 0 0 0 3 4 6 27 984 
0 0 0 66 52 783 123 0 0 0 0 20 91 779 82 52 0 0 0 0 0 9 107 908 
0 0 0 0 14 18 992 0 0 0 0 0 1 20 812 191 0 0 0 0 0 2 21 1001 
0 3 5 19 29 811 157 0 0 0 3 3 20 34 816 148 0 0 0 2 4 24 37 957 
35 117 829 18 11 6 8 0 0 5 39 106 824 31 12 7 0 3 44 87 829 37 11 13 
16 37 52 793 18 24 84 0 0 8 33 60 29 787 44 63 0 0 19 43 46 794 20 102 
0 0 20 59 8 786 151 0 0 0 0 51 30 776 111 56 0 0 0 4 52 27 774 167 
0 0 1 13 37 803 170 0 0 0 0 4 40 12 944 24 0 0 0 0 2 7 43 972 
0 0 1 29 85 814 95 0 0 0 0 6 88 795 121 14 0 0 0 0 1 20 91 912 
0 0 0 0 9 1004 11 0 0 0 0 0 0 12 1011 1 0 0 0 0 0 0 9 1015 
