30 92 292 248 294 63 5 0 1 100 57 242 361 200 59 4 0 11 105 124 297 284 138 65 
145 183 191 149 266 69 17 4 2 43 244 191 204 251 78 11 0 3 79 237 239 137 245 84 
47 175 187 132 233 183 59 8 10 111 137 134 212 200 180 40 0 13 120 147 126 188 197 233 
90 108 107 133 260 262 62 2 9 124 89 98 204 221 225 54 0 21 111 102 95 166 200 329 
70 154 111 303 185 140 55 6 15 127 109 165 278 183 122 25 0 35 105 118 195 262 130 179 
65 111 56 101 285 335 67 4 27 91 55 64 146 273 309 59 0 17 97 57 68 131 145 509 
42 155 147 123 103 214 232 8 8 90 175 100 122 111 214 204 0 13 66 163 130 120 73 459 
13 193 213 100 207 250 46 2 9 146 243 77 108 208 182 51 0 32 234 141 57 109 147 304 
13 136 324 179 161 199 12 0 1 73 329 194 86 165 148 28 0 8 171 329 90 73 142 211 
1 44 655 131 154 35 4 0 0 15 615 161 131 81 21 0 0 0 344 402 50 121 92 15 
0 13 544 416 33 12 6 0 0 0 385 560 53 15 11 0 0 0 165 547 238 49 9 16 
0 66 560 283 39 66 10 0 0 19 435 442 37 66 25 0 0 11 198 395 340 46 5 29 
11 181 473 133 30 196 0 0 0 101 439 252 19 210 3 0 0 19 314 370 143 178 0 0 
19 101 424 129 50 301 0 0 8 63 272 319 38 324 0 0 0 17 87 330 408 182 0 0 
1 96 350 54 277 246 0 0 0 39 267 190 369 159 0 0 0 0 39 296 671 18 0 0 
20 67 209 33 151 544 0 0 1 46 126 152 655 44 0 0 0 7 46 140 829 2 0 0 
5 11 16 9 43 940 0 0 3 9 17 12 542 441 0 0 0 7 18 26 972 1 0 0 
0 0 0 0 8 1016 0 0 0 0 0 0 101 923 0 0 0 0 0 5 1019 0 0 0 
0 0 0 0 0 1024 0 0 0 0 0 0 0 1024 0 0 0 0 0 0 1024 0 0 0 
0 0 0 0 0 1024 0 0 0 0 0 0 0 1024 0 0 0 0 0 0 871 153 0 0 
0 0 0 0 0 626 398 0 0 0 0 0 0 1024 0 0 0 0 0 0 58 966 0 0 
0 0 0 0 0 4 1020 0 0 0 0 0 0 1024 0 0 0 0 0 0 0 1024 0 0 
0 0 0 0 0 6 1018 0 0 0 0 0 0 651 373 0 0 0 0 0 0 1024 0 0 
0 0 0 0 7 406 611 0 0 0 0 0 10 437 577 0 0 0 0 0 12 1005 7 0 
0 0 0 0 235 789 0 0 0 0 0 0 606 418 0 0 0 0 0 0 563 461 0 0 
0 0 0 0 971 53 0 0 0 0 0 0 1024 0 0 0 0 0 0 27 997 0 0 0 
0 4 205 103 711 1 0 0 0 3 208 104 708 1 0 0 0 4 225 280 514 1 0 0 
9 44 560 360 51 0 0 0 4 41 615 313 51 0 0 0 9 71 599 330 15 0 0 0 
6 29 557 314 113 5 0 0 6 28 577 338 73 2 0 0 11 38 603 325 47 0 0 0 
3 45 387 374 179 18 6 12 6 43 506 331 109 14 8 7 16 40 540 313 91 9 8 7 
0 0 21 570 235 79 46 73 0 0 127 538 215 56 61 27 0 0 271 536 119 56 42 0 
0 0 0 552 251 100 53 68 0 0 1 638 231 61 85 8 0 0 38 732 144 87 23 0 
0 0 0 507 282 108 62 65 0 0 0 576 290 58 92 8 0 0 5 711 190 87 31 0 
0 0 0 198 544 164 60 58 0 0 1 451 413 69 83 7 0 0 1 428 456 95 44 0 
0 0 0 37 631 238 66 52 0 0 0 63 728 141 86 6 0 0 0 62 591 317 54 0 
0 0 0 91 612 212 75 34 0 0 1 37 709 194 77 6 0 0 0 29 360 561 71 3 
0 0 0 132 571 218 81 22 0 0 0 72 664 207 78 3 0 0 0 17 415 490 102 0 
0 0 3 93 579 272 56 21 0 0 0 67 601 296 57 3 0 0 0 14 373 518 119 0 
0 0 0 15 539 396 58 16 0 0 1 25 472 454 72 0 0 0 0 15 255 554 200 0 
0 0 0 49 517 402 49 7 0 0 0 35 449 463 77 0 0 0 0 14 289 461 260 0 
37 215 765 7 0 0 0 0 0 110 120 244 550 0 0 0 0 39 143 96 207 539 0 0 
5 236 751 27 3 2 0 0 0 5 70 339 606 2 2 0 0 0 9 94 303 614 3 1 
70 269 606 58 10 10 1 0 1 134 85 258 529 8 9 0 0 64 100 83 282 482 7 6 
40 184 651 107 33 6 3 0 0 35 77 292 582 25 11 2 0 5 33 90 288 580 18 10 
56 358 477 75 9 32 17 0 2 70 135 398 361 18 35 5 0 46 45 182 331 369 39 12 
39 201 396 78 64 190 51 5 0 48 70 171 432 77 185 41 0 27 30 68 211 423 140 125 
159 353 282 107 20 9 92 2 29 230 191 303 155 14 25 77 0 185 101 215 280 136 8 99 
59 426 193 173 70 68 34 1 2 112 224 240 279 75 67 25 0 59 63 228 253 276 49 96 
44 233 226 260 135 122 4 0 0 166 124 227 283 148 65 11 0 80 127 103 285 225 163 41 
1 43 200 312 265 139 63 1 0 11 30 185 361 251 118 68 0 0 10 47 231 341 228 167 
2 69 103 276 188 312 74 0 0 8 75 132 258 171 268 112 0 0 13 87 159 222 165 378 
14 168 148 161 125 355 53 0 0 23 168 130 176 132 348 47 0 0 21 182 116 177 77 451 
56 188 246 96 224 213 1 0 0 83 327 78 101 172 261 2 0 20 147 243 77 87 93 357 
34 113 207 170 202 288 10 0 9 80 209 152 91 197 273 13 0 41 147 164 94 60 172 346 
69 192 387 126 144 89 17 0 21 121 369 220 58 127 95 13 1 58 195 389 87 36 62 196 
35 195 443 208 121 22 0 0 17 165 349 290 66 111 26 0 1 47 179 377 209 47 89 75 
43 171 572 162 59 17 0 0 18 135 386 389 50 46 0 0 4 60 207 423 267 17 33 13 
26 158 480 164 70 126 0 0 8 117 350 344 118 87 0 0 0 53 206 346 410 9 0 0 
27 126 357 109 46 359 0 0 16 75 298 229 134 272 0 0 5 45 138 266 540 30 0 0 
14 51 160 182 45 572 0 0 1 54 111 243 59 556 0 0 0 40 73 202 658 51 0 0 
0 4 63 134 35 780 8 0 0 4 56 142 51 771 0 0 0 16 94 115 654 145 0 0 
0 2 18 8 14 676 306 0 0 0 20 8 15 981 0 0 0 13 14 13 425 559 0 0 
0 0 0 0 0 419 605 0 0 0 0 0 0 993 31 0 0 0 0 0 300 724 0 0 
0 0 0 0 0 407 617 0 0 0 0 0 54 910 60 0 0 0 0 0 16 1008 0 0 
0 2 36 12 551 423 0 0 0 2 38 30 672 282 0 0 0 10 35 190 416 373 0 0 
7 76 28 42 871 0 0 0 21 67 23 94 819 0 0 0 28 70 31 543 352 0 0 0 
68 374 192 51 339 0 0 0 61 386 197 95 285 0 0 0 18 296 342 340 28 0 0 0 
0 144 417 132 16 54 93 168 0 149 514 33 18 39 91 180 0 13 563 115 13 20 72 228 
5 396 584 39 0 0 0 0 4 411 599 10 0 0 0 0 0 78 880 66 0 0 0 0 
0 307 619 98 0 0 0 0 2 373 604 45 0 0 0 0 0 34 897 93 0 0 0 0 
0 87 574 363 0 0 0 0 0 141 581 302 0 0 0 0 0 5 711 308 0 0 0 0 
0 1 603 413 7 0 0 0 0 12 696 316 0 0 0 0 0 0 343 681 0 0 0 0 
0 0 390 633 1 0 0 0 0 0 722 302 0 0 0 0 0 0 180 838 6 0 0 0 
0 1 519 399 105 0 0 0 0 0 692 305 27 0 0 0 0 0 151 823 29 13 8 0 
0 7 669 258 90 0 0 0 0 21 686 187 120 10 0 0 0 0 253 535 176 32 28 0 
9 139 474 257 140 5 0 0 0 126 474 138 268 18 0 0 0 10 291 276 197 168 81 1 
3 108 482 314 109 8 0 0 0 124 419 214 252 15 0 0 0 19 198 291 237 182 97 0 
0 101 443 361 115 3 1 0 0 78 429 280 205 31 0 1 0 1 183 288 194 231 120 7 
6 138 277 265 253 49 30 6 2 78 288 173 293 143 17 30 0 1 105 225 110 328 203 52 
10 109 211 469 118 40 66 1 3 101 176 230 362 47 34 71 0 0 60 165 82 302 305 110 
0 0 1008 16 0 0 0 0 0 0 0 8 1016 0 0 0 0 0 0 0 92 932 0 0 
0 0 915 109 0 0 0 0 0 0 0 0 1024 0 0 0 0 0 0 0 0 1024 0 0 
0 0 755 269 0 0 0 0 0 0 0 0 1024 0 0 0 0 0 0 0 0 1024 0 0 
0 0 946 78 0 0 0 0 0 0 0 0 1024 0 0 0 0 0 0 0 0 1024 0 0 
0 0 796 228 0 0 0 0 0 0 0 0 1024 0 0 0 0 0 0 0 0 1024 0 0 
0 0 596 428 0 0 0 0 0 0 0 0 1024 0 0 0 0 0 0 0 0 1024 0 0 
0 0 751 273 0 0 0 0 0 0 0 0 1024 0 0 0 0 0 0 0 0 1024 0 0 
0 0 820 204 0 0 0 0 0 0 0 9 1015 0 0 0 0 0 0 0 3 1021 0 0 
11 57 670 286 0 0 0 0 0 26 34 46 917 1 0 0 0 4 33 25 36 924 2 0 
0 20 736 268 0 0 0 0 0 1 1 93 924 5 0 0 0 0 1 1 94 928 0 0 
16 106 650 251 1 0 0 0 0 53 68 73 819 11 0 0 0 4 103 26 63 828 0 0 
0 94 805 125 0 0 0 0 0 7 134 216 665 2 0 0 0 0 25 167 161 671 0 0 
11 177 700 119 9 8 0 0 0 4 48 263 682 17 9 1 0 0 3 51 251 700 10 9 
79 151 604 112 38 40 0 0 2 91 114 197 534 43 41 2 0 22 102 152 140 530 38 40 
94 274 446 87 19 97 7 0 13 109 159 233 383 16 99 12 1 28 137 171 183 385 14 105 
145 304 335 118 37 85 0 0 25 60 171 257 358 56 95 2 12 39 46 172 248 366 39 102 
146 283 216 160 137 81 1 0 27 82 191 203 237 182 98 4 6 39 113 168 182 258 101 157 
232 270 185 165 151 21 0 0 75 174 206 224 163 151 31 0 23 115 136 177 223 164 72 114 
138 206 457 213 10 0 0 0 39 160 443 202 144 36 0 0 0 164 49 291 339 167 14 0 
172 270 318 236 28 0 0 0 66 143 363 240 165 47 0 0 24 106 140 318 216 183 37 0 
74 174 275 317 143 41 0 0 6 70 295 289 179 133 51 1 0 12 141 244 266 166 104 91 
93 157 412 330 14 18 0 0 6 81 408 421 79 27 2 0 0 44 285 383 237 65 8 2 
41 104 367 200 38 224 50 0 10 35 316 298 89 276 0 0 0 22 177 237 421 166 1 0 
3 52 118 173 140 204 334 0 0 11 68 227 275 442 1 0 1 9 28 100 432 454 0 0 
73 296 250 160 166 79 0 0 65 292 197 145 313 12 0 0 24 216 254 126 279 122 3 0 
99 505 271 44 102 3 0 0 102 474 292 26 89 40 1 0 16 236 472 161 23 111 5 0 
87 398 361 60 17 24 68 9 75 393 384 46 16 14 13 83 2 130 372 327 66 17 13 97 
1 62 135 34 53 252 196 291 0 56 137 30 28 169 216 388 0 3 96 100 25 88 278 434 
18 232 403 129 89 114 39 0 8 202 397 133 83 42 113 46 0 15 226 237 181 110 127 128 
35 224 279 138 131 127 90 0 17 199 274 99 95 111 125 104 0 11 190 220 109 139 151 204 
10 80 354 133 89 232 125 1 1 55 305 177 71 33 202 180 0 2 99 201 168 126 87 341 
0 65 303 181 132 225 117 1 0 2 280 195 129 41 197 180 0 3 42 229 174 133 137 306 
1 84 325 235 69 216 91 3 0 7 293 254 117 35 154 164 0 1 87 204 202 164 95 271 
0 71 278 220 107 246 102 0 0 7 248 192 153 55 211 158 0 1 70 162 159 170 151 311 
1 73 257 197 110 280 106 0 0 27 220 125 179 70 257 146 0 1 102 116 141 194 99 371 
4 48 98 172 122 458 122 0 1 29 63 52 182 80 335 282 0 1 41 32 65 185 148 552 
1 98 200 220 84 252 169 0 0 80 153 48 224 76 185 258 0 6 181 56 48 234 101 398 
1 53 244 243 91 259 133 0 0 31 216 66 175 134 210 192 0 0 153 116 49 241 106 359 
2 50 206 278 143 241 104 0 0 57 91 46 292 147 217 174 0 4 109 50 63 321 148 329 
0 1 76 278 255 321 93 0 0 0 2 8 227 310 203 274 0 0 0 2 7 269 323 423 
0 47 149 824 4 0 0 0 0 0 31 130 857 6 0 0 0 0 0 53 195 776 0 0 
0 41 198 730 55 0 0 0 0 0 0 137 772 115 0 0 0 0 0 51 198 775 0 0 
0 34 207 614 169 0 0 0 0 0 11 117 587 309 0 0 0 0 0 35 168 821 0 0 
0 50 266 687 21 0 0 0 0 0 3 132 551 338 0 0 0 0 0 54 150 820 0 0 
0 39 287 654 44 0 0 0 0 0 12 125 541 346 0 0 0 0 0 40 150 834 0 0 
0 43 209 692 80 0 0 0 0 0 10 125 559 330 0 0 0 0 0 38 155 830 1 0 
0 28 174 753 69 0 0 0 0 0 14 99 631 280 0 0 0 0 0 30 152 842 0 0 
0 21 195 702 106 0 0 0 0 0 9 73 734 208 0 0 0 0 0 18 115 891 0 0 
0 23 111 801 89 0 0 0 0 0 7 61 799 157 0 0 0 0 0 22 72 930 0 0 
0 27 124 803 70 0 0 0 0 0 9 63 850 102 0 0 0 0 0 20 103 900 1 0 
0 12 120 882 10 0 0 0 0 0 0 59 932 33 0 0 0 0 0 5 83 936 0 0 
0 10 80 932 2 0 0 0 0 0 2 53 960 9 0 0 0 0 0 10 71 943 0 0 
0 21 162 841 0 0 0 0 0 0 0 75 943 6 0 0 0 0 0 16 79 929 0 0 
0 25 276 723 0 0 0 0 0 0 3 59 937 25 0 0 0 0 0 14 88 920 2 0 
0 19 310 695 0 0 0 0 0 0 0 81 848 95 0 0 0 0 0 15 95 912 2 0 
0 0 349 675 0 0 0 0 0 0 0 5 688 331 0 0 0 0 0 0 31 993 0 0 
0 0 364 660 0 0 0 0 0 0 0 0 689 335 0 0 0 0 0 0 0 1020 4 0 
0 10 428 586 0 0 0 0 0 0 0 7 706 311 0 0 0 0 0 0 4 1012 8 0 
30 70 529 395 0 0 0 0 5 24 10 51 724 210 0 0 0 19 12 12 43 910 28 0 
54 99 566 304 1 0 0 0 31 37 22 80 843 11 0 0 7 38 28 17 72 859 3 0 
64 145 532 276 7 0 0 0 22 57 45 101 753 46 0 0 4 46 46 29 99 791 9 0 
130 173 517 200 4 0 0 0 69 68 35 142 670 40 0 0 45 82 19 24 139 703 12 0 
125 257 477 161 4 0 0 0 54 90 108 146 585 41 0 0 19 98 57 82 152 604 12 0 
44 197 599 173 11 0 0 0 2 36 173 239 562 12 0 0 0 1 71 206 189 555 2 0 
42 233 450 294 5 0 0 0 0 67 163 335 450 9 0 0 0 2 89 152 568 208 5 0 
46 74 213 489 202 0 0 0 23 57 23 139 669 113 0 0 4 57 25 26 326 584 2 0 
26 117 143 326 293 41 37 41 3 84 47 89 402 285 36 78 0 27 68 46 172 582 40 89 
0 0 1 4 2 355 263 399 0 0 0 1 3 171 291 558 0 0 0 0 4 19 329 672 
5 26 93 137 355 335 63 10 0 18 52 41 147 523 176 67 0 10 14 49 65 389 397 100 
5 39 108 248 450 80 81 13 0 18 20 54 252 498 91 91 0 1 20 18 75 638 133 139 
0 11 100 191 463 107 78 74 0 0 5 42 213 522 84 158 0 0 4 6 71 592 165 186 
0 6 59 201 479 55 169 55 0 0 15 10 198 526 45 230 0 0 4 18 20 614 118 250 
0 0 26 192 487 63 228 28 0 0 0 9 133 577 46 259 0 0 0 0 17 550 172 285 
0 0 1 178 505 82 192 66 0 0 0 0 118 616 35 255 0 0 0 0 0 509 249 266 
0 0 0 142 491 95 280 16 0 0 0 0 36 666 31 291 0 0 0 0 0 443 281 300 
0 0 0 124 532 53 315 0 0 0 0 0 21 650 42 311 0 0 0 0 0 342 358 324 
0 0 0 120 632 42 208 22 0 0 0 0 19 755 22 228 0 0 0 0 0 360 433 231 
0 0 0 52 664 104 189 15 0 0 0 0 6 789 29 200 0 0 0 0 0 494 321 209 
0 0 0 7 721 43 251 2 0 0 0 0 0 737 37 250 0 0 0 0 0 131 628 265 
0 0 0 0 560 135 324 5 0 0 0 0 0 545 149 330 0 0 0 0 0 0 682 342 
0 0 0 88 936 0 0 0 0 0 0 0 396 628 0 0 0 0 0 0 0 1024 0 0 
0 0 0 1 1023 0 0 0 0 0 0 0 11 1013 0 0 0 0 0 0 0 1024 0 0 
0 0 0 0 1024 0 0 0 0 0 0 0 4 1020 0 0 0 0 0 0 0 1024 0 0 
0 0 0 8 1016 0 0 0 0 0 0 0 1 1023 0 0 0 0 0 0 0 1024 0 0 
0 0 0 0 1024 0 0 0 0 0 0 0 0 1024 0 0 0 0 0 0 0 1024 0 0 
0 0 0 0 1024 0 0 0 0 0 0 0 0 1024 0 0 0 0 0 0 0 1024 0 0 
0 0 0 0 1024 0 0 0 0 0 0 0 0 1024 0 0 0 0 0 0 0 1024 0 0 
0 0 0 8 1016 0 0 0 0 0 0 0 0 1024 0 0 0 0 0 0 0 1024 0 0 
0 0 0 83 941 0 0 0 0 0 0 0 0 1024 0 0 0 0 0 0 0 1024 0 0 
0 0 0 56 968 0 0 0 0 0 0 0 0 1024 0 0 0 0 0 0 0 1024 0 0 
0 0 0 46 978 0 0 0 0 0 0 0 0 1024 0 0 0 0 0 0 0 1024 0 0 
0 0 0 138 886 0 0 0 0 0 0 0 45 979 0 0 0 0 0 0 0 1024 0 0 
0 0 0 144 880 0 0 0 0 0 0 0 88 936 0 0 0 0 0 0 0 1017 7 0 
0 0 23 182 819 0 0 0 0 0 0 11 99 914 0 0 0 0 0 0 23 969 32 0 
0 2 23 196 803 0 0 0 0 0 0 11 127 886 0 0 0 0 0 1 21 433 569 0 
0 19 66 188 751 0 0 0 0 0 0 54 114 856 0 0 0 0 0 2 73 229 720 0 
0 12 106 224 682 0 0 0 0 0 0 51 170 803 0 0 0 0 0 0 85 332 607 0 
0 5 117 285 617 0 0 0 0 0 1 52 229 742 0 0 0 0 0 3 81 420 520 0 
0 7 149 326 542 0 0 0 0 0 1 71 250 702 0 0 0 0 0 3 112 558 351 0 
0 27 168 438 391 0 0 0 0 0 0 117 344 563 0 0 0 0 0 6 149 615 254 0 
0 23 185 536 280 0 0 0 0 0 0 142 445 437 0 0 0 0 0 3 179 769 73 0 
0 40 202 629 153 0 0 0 0 0 4 142 550 328 0 0 0 0 0 17 201 795 11 0 
6 49 264 678 27 0 0 0 1 3 7 168 764 81 0 0 0 1 4 17 264 738 0 0 
58 123 239 604 0 0 0 0 11 44 58 221 690 0 0 0 0 30 46 87 229 632 0 0 
132 105 186 601 0 0 0 0 12 122 49 117 724 0 0 0 1 49 106 104 483 281 0 0 
43 112 117 259 493 0 0 0 1 46 32 193 430 322 0 0 0 4 72 27 201 720 0 0 
0 55 142 29 519 31 8 240 0 0 0 156 65 547 10 246 0 0 0 0 216 551 11 246 
0 0 0 0 0 306 240 478 0 0 0 0 0 64 313 647 0 0 0 0 0 2 280 742 
1 14 118 29 43 517 290 12 0 0 10 78 75 345 215 301 0 0 0 10 132 37 537 308 
0 19 378 51 10 4 429 133 0 0 0 278 162 12 10 562 0 0 0 0 381 68 12 563 
0 36 403 49 5 8 188 335 0 0 7 254 226 5 7 525 0 0 0 6 413 71 9 525 
0 15 495 21 18 8 356 111 0 0 0 171 357 10 13 473 0 0 0 0 314 222 15 473 
0 54 472 49 12 8 290 139 0 0 0 243 326 14 9 432 0 0 0 4 308 267 10 435 
0 29 501 90 7 7 244 146 0 0 0 120 488 16 8 392 0 0 0 2 148 471 9 394 
0 8 505 140 10 16 334 11 0 0 0 70 564 23 13 354 0 0 0 4 101 548 11 360 
0 0 386 309 15 10 292 12 0 0 0 25 600 81 9 309 0 0 0 0 62 633 15 314 
0 0 295 444 12 9 218 46 0 0 0 0 543 199 13 269 0 0 0 0 21 640 89 274 
0 2 240 520 50 16 161 35 0 0 0 24 478 304 14 204 0 0 0 0 37 572 203 212 
0 0 39 611 218 19 137 0 0 0 0 11 216 602 47 148 0 0 0 0 16 282 569 157 
0 0 14 387 480 52 91 0 0 0 0 9 115 590 198 112 0 0 0 1 35 154 675 159 
0 0 0 0 1024 0 0 0 0 0 0 0 133 891 0 0 0 0 0 0 0 1024 0 0 
0 0 0 0 1024 0 0 0 0 0 0 0 0 1024 0 0 0 0 0 0 0 1024 0 0 
0 0 0 0 1024 0 0 0 0 0 0 0 0 1024 0 0 0 0 0 0 0 1024 0 0 
0 0 0 0 1024 0 0 0 0 0 0 0 0 1024 0 0 0 0 0 0 0 1024 0 0 
0 0 0 0 1024 0 0 0 0 0 0 0 0 1024 0 0 0 0 0 0 0 1024 0 0 
0 0 0 0 1024 0 0 0 0 0 0 0 0 1024 0 0 0 0 0 0 0 1024 0 0 
0 0 0 0 1024 0 0 0 0 0 0 0 0 1024 0 0 0 0 0 0 0 1024 0 0 
0 0 0 0 1022 2 0 0 0 0 0 0 0 1024 0 0 0 0 0 0 0 1024 0 0 
0 0 0 0 1024 0 0 0 0 0 0 0 0 1024 0 0 0 0 0 0 0 1024 0 0 
0 0 0 0 1024 0 0 0 0 0 0 0 0 1024 0 0 0 0 0 0 0 1024 0 0 
0 0 0 0 1024 0 0 0 0 0 0 0 0 1024 0 0 0 0 0 0 0 1024 0 0 
0 0 0 0 1022 2 0 0 0 0 0 0 0 1024 0 0 0 0 0 0 0 1024 0 0 
0 0 0 0 736 288 0 0 0 0 0 0 0 1024 0 0 0 0 0 0 0 1024 0 0 
0 0 0 0 271 753 0 0 0 0 0 0 0 1024 0 0 0 0 0 0 0 1012 12 0 
0 0 0 0 205 819 0 0 0 0 0 0 0 1024 0 0 0 0 0 0 0 771 253 0 
0 0 0 0 130 894 0 0 0 0 0 0 0 1024 0 0 0 0 0 0 0 367 657 0 
0 0 0 0 141 883 0 0 0 0 0 0 0 1024 0 0 0 0 0 0 0 201 823 0 
0 0 0 0 336 688 0 0 0 0 0 0 0 1024 0 0 0 0 0 0 0 375 649 0 
0 0 0 0 445 579 0 0 0 0 0 0 0 1024 0 0 0 0 0 0 0 678 346 0 
0 0 0 0 412 612 0 0 0 0 0 0 0 1024 0 0 0 0 0 0 0 785 239 0 
0 0 0 0 484 540 0 0 0 0 0 0 0 1024 0 0 0 0 0 0 0 869 155 0 
0 0 0 0 736 288 0 0 0 0 0 0 0 1024 0 0 0 0 0 0 0 1024 0 0 
61 122 52 104 685 0 0 0 7 120 71 45 102 679 0 0 1 74 107 43 50 749 0 0 
162 232 121 277 232 0 0 0 8 177 211 131 344 153 0 0 1 78 217 153 182 393 0 0 
207 434 383 0 0 0 0 0 1 239 63 721 0 0 0 0 0 71 174 141 638 0 0 0 
77 251 692 4 0 0 0 0 0 88 91 804 41 0 0 0 0 7 125 80 812 0 0 0 
0 37 392 165 8 5 8 409 0 0 15 315 264 9 5 416 0 0 0 31 511 60 5 417 
0 0 0 0 0 155 264 605 0 0 0 0 0 0 222 802 0 0 0 0 0 0 186 838 
0 5 55 182 80 681 19 2 0 0 5 50 190 368 407 4 0 0 0 9 118 145 724 28 
0 10 379 635 0 0 0 0 0 0 3 148 872 1 0 0 0 0 0 11 425 588 0 0 
0 8 351 665 0 0 0 0 0 0 0 85 937 2 0 0 0 0 0 8 202 814 0 0 
0 9 306 709 0 0 0 0 0 0 1 67 921 35 0 0 0 0 0 3 185 836 0 0 
0 0 252 772 0 0 0 0 0 0 0 7 969 48 0 0 0 0 0 0 55 969 0 0 
0 0 51 973 0 0 0 0 0 0 0 0 804 220 0 0 0 0 0 0 13 1006 5 0 
0 0 30 942 52 0 0 0 0 0 0 3 684 337 0 0 0 0 0 0 16 941 67 0 
0 2 28 909 85 0 0 0 0 0 0 14 463 547 0 0 0 0 0 2 33 879 110 0 
0 0 11 593 401 13 6 0 0 0 0 2 172 821 23 6 0 0 0 0 20 370 627 7 
0 0 24 606 392 1 1 0 0 0 0 14 205 796 8 1 0 0 0 1 32 322 668 1 
0 7 238 509 250 20 0 0 0 0 0 117 451 426 28 2 0 0 0 10 178 552 274 10 
0 20 97 428 398 81 0 0 0 0 6 50 268 498 200 2 0 0 0 15 63 388 509 49 
0 0 0 3 1021 0 0 0 0 0 0 0 657 367 0 0 0 0 0 0 92 932 0 0 
0 0 0 2 1022 0 0 0 0 0 0 0 228 796 0 0 0 0 0 0 30 994 0 0 
0 0 0 5 1019 0 0 0 0 0 0 1 128 895 0 0 0 0 0 0 17 1007 0 0 
0 0 0 7 1017 0 0 0 0 0 0 0 143 881 0 0 0 0 0 0 48 976 0 0 
0 0 6 4 1014 0 0 0 0 0 0 8 114 902 0 0 0 0 0 7 36 981 0 0 
0 0 3 10 1011 0 0 0 0 0 0 8 81 935 0 0 0 0 0 6 31 987 0 0 
0 0 1 14 995 14 0 0 0 0 0 11 25 988 0 0 0 0 0 6 17 1001 0 0 
0 0 0 0 1022 2 0 0 0 0 0 0 2 1022 0 0 0 0 0 0 1 1023 0 0 
0 0 0 0 863 161 0 0 0 0 0 0 0 1024 0 0 0 0 0 0 0 1024 0 0 
0 0 0 0 759 265 0 0 0 0 0 0 0 1024 0 0 0 0 0 0 0 1024 0 0 
0 0 0 0 1004 20 0 0 0 0 0 0 0 1024 0 0 0 0 0 0 0 1024 0 0 
0 0 0 3 1016 5 0 0 0 0 0 0 9 1015 0 0 0 0 0 0 4 1020 0 0 
0 0 0 0 465 559 0 0 0 0 0 0 0 1024 0 0 0 0 0 0 0 1024 0 0 
0 0 0 0 70 954 0 0 0 0 0 0 3 1021 0 0 0 0 0 0 2 1022 0 0 
0 0 0 0 0 1024 0 0 0 0 0 0 0 1024 0 0 0 0 0 0 0 1024 0 0 
0 0 0 0 0 1024 0 0 0 0 0 0 0 1024 0 0 0 0 0 0 0 712 312 0 
0 0 0 0 2 1022 0 0 0 0 0 0 0 1024 0 0 0 0 0 0 0 664 360 0 
0 0 0 0 2 1022 0 0 0 0 0 0 0 1024 0 0 0 0 0 0 0 607 417 0 
0 0 0 0 3 1021 0 0 0 0 0 0 0 1024 0 0 0 0 0 0 0 978 46 0 
0 0 0 0 0 1024 0 0 0 0 0 0 0 1024 0 0 0 0 0 0 0 1024 0 0 
0 0 0 0 0 1024 0 0 0 0 0 0 0 1024 0 0 0 0 0 0 0 1024 0 0 
0 0 0 0 68 956 0 0 0 0 0 0 0 1024 0 0 0 0 0 0 0 1024 0 0 
0 0 0 0 907 117 0 0 0 0 0 0 0 1024 0 0 0 0 0 0 0 1024 0 0 
25 54 145 73 727 0 0 0 1 47 55 122 146 653 0 0 0 23 46 80 133 742 0 0 
0 36 981 7 0 0 0 0 0 0 12 987 25 0 0 0 0 0 0 57 967 0 0 0 
0 10 919 95 0 0 0 0 0 0 9 731 284 0 0 0 0 0 0 32 991 1 0 0 
0 0 107 340 13 8 8 548 0 0 0 44 405 11 9 555 0 0 0 0 401 59 8 556 
0 0 0 0 0 99 208 717 0 0 0 0 0 0 141 883 0 0 0 0 0 0 103 921 
0 0 9 21 74 761 75 84 0 0 0 8 24 239 659 94 0 0 0 2 17 24 824 157 
10 47 387 285 219 76 0 0 0 19 73 404 318 176 34 0 0 17 37 343 194 374 59 0 
3 42 265 294 281 135 4 0 0 16 81 301 219 391 16 0 0 13 61 303 79 554 14 0 
2 94 47 142 293 446 0 0 0 40 84 21 153 726 0 0 1 20 97 17 35 842 12 0 
13 270 203 166 297 56 19 0 0 71 338 119 130 321 45 0 0 150 240 124 77 391 42 0 
14 79 267 269 278 100 17 0 0 19 140 333 141 344 47 0 0 28 159 311 87 374 64 1 
8 28 321 251 223 162 31 0 0 14 115 405 90 305 88 7 1 18 208 316 51 215 215 0 
0 18 69 91 211 405 224 6 0 0 40 78 95 388 401 22 0 16 51 48 101 390 401 17 
0 4 315 155 29 228 164 129 0 0 77 365 48 30 271 233 0 0 30 377 76 22 224 295 
0 10 648 142 4 82 137 1 0 0 85 700 15 6 126 92 0 0 42 703 55 4 82 138 
0 9 599 186 20 160 50 0 0 0 16 740 36 20 140 72 0 0 3 529 262 6 44 180 
0 8 134 248 149 173 161 151 0 0 24 110 133 294 108 355 0 0 0 75 118 254 188 389 
0 14 275 363 372 0 0 0 0 0 68 238 718 0 0 0 0 0 46 143 707 128 0 0 
0 39 333 292 360 0 0 0 0 0 81 325 613 5 0 0 0 0 45 188 599 192 0 0 
0 32 283 325 383 1 0 0 0 1 82 284 645 12 0 0 0 0 46 176 497 305 0 0 
0 29 182 403 410 0 0 0 0 0 71 189 755 9 0 0 0 0 49 100 412 463 0 0 
0 28 148 440 408 0 0 0 0 0 70 158 785 11 0 0 0 0 53 113 308 550 0 0 
0 27 269 327 401 0 0 0 0 0 74 299 601 50 0 0 0 0 33 206 377 408 0 0 
0 23 111 167 719 4 0 0 0 0 83 173 354 414 0 0 0 0 57 142 142 683 0 0 
0 7 55 69 866 27 0 0 0 0 36 79 54 855 0 0 0 0 26 74 46 878 0 0 
0 0 0 0 664 360 0 0 0 0 0 0 0 1024 0 0 0 0 0 0 0 1024 0 0 
0 0 0 0 545 479 0 0 0 0 0 0 0 1024 0 0 0 0 0 0 0 1024 0 0 
0 0 0 0 783 241 0 0 0 0 0 0 0 1024 0 0 0 0 0 0 0 1024 0 0 
0 3 9 30 841 141 0 0 0 0 6 10 54 954 0 0 0 0 0 8 19 983 14 0 
0 0 0 0 361 663 0 0 0 0 0 0 0 1024 0 0 0 0 0 0 0 1024 0 0 
0 0 0 1 453 570 0 0 0 0 0 0 9 1015 0 0 0 0 0 0 3 1021 0 0 
0 0 0 0 0 1024 0 0 0 0 0 0 0 1024 0 0 0 0 0 0 0 1024 0 0 
0 0 0 0 0 1024 0 0 0 0 0 0 0 1024 0 0 0 0 0 0 0 1019 5 0 
0 12 86 78 585 263 0 0 0 0 52 64 102 806 0 0 0 0 28 72 64 857 3 0 
2 58 157 267 465 75 0 0 0 2 114 127 282 499 0 0 0 0 57 144 134 679 10 0 
0 67 121 235 509 92 0 0 0 5 105 109 233 570 2 0 0 3 70 115 99 725 12 0 
0 48 215 250 376 135 0 0 0 1 114 240 203 465 1 0 0 1 81 146 215 575 6 0 
1 51 113 80 386 393 0 0 0 15 93 101 66 742 7 0 0 2 74 106 77 718 47 0 
0 1 11 16 180 816 0 0 0 0 8 16 12 988 0 0 0 0 4 16 13 990 1 0 
0 0 6 4 801 213 0 0 0 0 1 6 5 1011 1 0 0 0 1 6 5 1007 5 0 
1 70 100 114 739 0 0 0 0 51 27 149 153 644 0 0 0 12 52 49 159 752 0 0 
0 0 995 29 0 0 0 0 0 0 0 999 25 0 0 0 0 0 0 56 968 0 0 0 
0 0 649 375 0 0 0 0 0 0 0 695 329 0 0 0 0 0 0 27 997 0 0 0 
0 0 4 298 16 7 68 631 0 0 0 15 296 10 8 695 0 0 0 0 293 27 9 695 
0 0 0 0 0 122 283 619 0 0 0 0 0 0 164 860 0 0 0 0 0 0 34 990 
0 0 0 0 30 697 78 219 0 0 0 0 0 129 658 237 0 0 0 0 0 0 723 301 
0 0 112 604 53 253 2 0 0 0 9 616 97 164 138 0 0 0 15 567 142 46 242 12 
0 0 121 600 61 232 10 0 0 0 41 578 132 207 66 0 0 2 70 601 73 253 25 0 
0 99 125 0 0 782 18 0 0 54 170 0 0 780 20 0 0 0 224 0 0 768 32 0 
29 441 347 111 23 53 20 0 0 108 633 152 35 35 61 0 4 155 585 138 51 43 45 3 
1 259 227 355 73 53 44 12 0 7 320 346 204 56 49 42 1 28 322 367 153 59 46 48 
0 1 117 673 120 37 51 25 0 0 24 516 330 40 47 67 0 0 59 634 177 42 31 81 
0 0 51 56 39 40 332 506 0 0 12 74 47 40 184 667 0 0 53 60 22 54 264 571 
0 16 166 241 132 171 158 140 0 0 51 239 175 101 242 216 0 0 12 194 215 90 159 354 
0 40 325 418 165 62 14 0 0 0 1 379 356 159 99 30 0 0 16 352 381 98 127 50 
0 12 383 423 123 77 6 0 0 0 0 278 461 121 128 36 0 0 0 147 620 69 118 70 
0 0 74 50 43 202 246 409 0 0 0 61 57 28 202 676 0 0 0 9 99 28 135 753 
53 292 227 370 82 0 0 0 0 178 246 181 419 0 0 0 0 119 263 165 436 41 0 0 
114 434 289 186 1 0 0 0 11 328 362 154 169 0 0 0 5 255 398 155 211 0 0 0 
165 454 295 110 0 0 0 0 19 410 365 109 121 0 0 0 14 364 370 123 153 0 0 0 
31 443 228 276 46 0 0 0 0 317 269 165 258 15 0 0 1 286 254 165 179 139 0 0 
32 645 163 169 15 0 0 0 0 450 322 86 166 0 0 0 0 331 393 125 81 94 0 0 
3 324 177 477 43 0 0 0 0 216 192 369 241 6 0 0 0 126 235 272 347 44 0 0 
0 16 111 373 524 0 0 0 0 1 52 382 475 114 0 0 0 0 35 340 265 384 0 0 
0 8 77 86 843 10 0 0 0 0 44 92 205 683 0 0 0 0 26 78 77 843 0 0 
0 0 0 0 830 194 0 0 0 0 0 0 0 1024 0 0 0 0 0 0 0 1024 0 0 
0 0 0 0 426 598 0 0 0 0 0 0 0 1024 0 0 0 0 0 0 0 1024 0 0 
0 0 0 0 747 277 0 0 0 0 0 0 0 1024 0 0 0 0 0 0 0 1024 0 0 
0 0 0 4 937 83 0 0 0 0 0 2 5 1017 0 0 0 0 0 0 4 1020 0 0 
0 0 0 0 925 99 0 0 0 0 0 0 0 1024 0 0 0 0 0 0 0 1024 0 0 
0 0 0 0 622 402 0 0 0 0 0 0 0 1024 0 0 0 0 0 0 0 1024 0 0 
0 0 0 1 10 1013 0 0 0 0 0 1 5 1017 1 0 0 0 0 1 2 1014 7 0 
0 0 0 0 1 1023 0 0 0 0 0 0 0 1024 0 0 0 0 0 0 0 1024 0 0 
0 34 179 80 696 35 0 0 0 0 86 151 100 687 0 0 0 0 24 171 98 731 0 0 
15 173 602 163 70 1 0 0 0 34 306 507 115 62 0 0 0 15 103 610 203 85 8 0 
20 124 390 466 24 0 0 0 0 32 199 337 451 5 0 0 0 21 108 294 529 72 0 0 
16 117 282 397 211 1 0 0 1 46 228 273 328 148 0 0 0 36 191 229 384 184 0 0 
18 135 215 133 497 26 0 0 0 89 134 247 146 408 0 0 0 23 127 225 141 508 0 0 
43 49 139 354 373 66 0 0 31 39 110 253 220 371 0 0 8 33 52 126 348 455 2 0 
33 79 203 260 448 1 0 0 16 58 110 270 191 379 0 0 0 29 74 160 285 474 2 0 
3 62 102 121 736 0 0 0 0 50 28 165 261 520 0 0 0 19 45 42 223 695 0 0 
0 0 956 68 0 0 0 0 0 0 0 1002 22 0 0 0 0 0 0 155 869 0 0 0 
0 0 389 635 0 0 0 0 0 0 0 548 476 0 0 0 0 0 0 69 946 9 0 0 
0 0 0 129 59 6 174 656 0 0 0 2 164 23 11 824 0 0 0 0 124 65 8 827 
0 0 0 0 0 45 428 551 0 0 0 0 0 0 223 801 0 0 0 0 0 0 0 1024 
0 0 0 0 92 500 101 331 0 0 0 0 0 187 483 354 0 0 0 0 0 0 566 458 
0 0 55 395 98 474 2 0 0 0 15 348 93 290 278 0 0 0 2 342 122 58 481 19 
0 7 336 361 40 271 9 0 0 0 192 480 48 273 31 0 0 10 239 425 69 250 31 0 
0 190 34 0 36 742 22 0 0 175 49 0 26 746 28 0 0 77 147 0 26 742 32 0 
5 510 341 40 19 77 32 0 0 366 448 68 22 45 75 0 14 355 420 102 7 84 41 1 
0 309 218 294 104 44 34 21 0 2 449 258 180 37 60 38 0 77 362 289 191 36 34 35 
0 0 18 495 319 49 46 97 0 0 0 235 544 87 43 115 0 0 4 336 454 72 49 109 
0 0 0 50 42 98 146 688 0 0 0 0 64 19 45 896 0 0 0 46 29 5 27 917 
0 1 101 206 206 384 113 13 0 0 0 2 67 245 291 419 0 0 0 0 29 192 212 591 
0 11 192 480 217 97 27 0 0 0 0 24 236 431 228 105 0 0 0 36 137 462 261 128 
0 6 267 594 68 60 29 0 0 0 0 3 282 576 64 99 0 0 1 6 230 523 173 91 
0 0 27 276 58 62 321 280 0 0 0 0 131 195 54 644 0 0 0 0 20 299 64 641 
36 305 198 410 75 0 0 0 1 142 303 147 431 0 0 0 1 125 292 143 441 22 0 0 
132 590 289 13 0 0 0 0 6 416 484 117 1 0 0 0 6 344 495 177 2 0 0 0 
197 570 242 15 0 0 0 0 20 566 341 94 3 0 0 0 13 504 378 124 5 0 0 0 
72 511 225 175 41 0 0 0 4 380 360 116 160 4 0 0 4 361 362 104 158 35 0 0 
61 752 158 53 0 0 0 0 2 588 304 130 0 0 0 0 0 523 343 147 11 0 0 0 
9 491 120 380 24 0 0 0 0 320 227 286 191 0 0 0 0 242 288 150 344 0 0 0 
0 28 51 435 510 0 0 0 0 1 50 414 513 46 0 0 0 0 32 361 172 459 0 0 
0 2 52 77 893 0 0 0 0 0 37 75 291 621 0 0 0 0 20 47 79 878 0 0 
0 0 0 0 1024 0 0 0 0 0 0 0 0 1024 0 0 0 0 0 0 0 1024 0 0 
0 0 0 0 971 53 0 0 0 0 0 0 0 1024 0 0 0 0 0 0 0 1024 0 0 
0 0 0 0 862 162 0 0 0 0 0 0 0 1024 0 0 0 0 0 0 0 1024 0 0 
0 0 0 0 795 229 0 0 0 0 0 0 0 1024 0 0 0 0 0 0 0 1024 0 0 
0 0 0 0 1000 24 0 0 0 0 0 0 0 1024 0 0 0 0 0 0 0 1024 0 0 
0 6 15 72 679 252 0 0 0 0 8 23 100 893 0 0 0 0 1 15 48 943 17 0 
0 0 0 0 6 1018 0 0 0 0 0 0 0 1024 0 0 0 0 0 0 0 1024 0 0 
0 0 0 0 99 925 0 0 0 0 0 0 0 1024 0 0 0 0 0 0 0 1024 0 0 
0 6 193 23 781 21 0 0 0 0 46 166 20 792 0 0 0 0 2 162 59 801 0 0 
0 103 644 244 33 0 0 0 0 26 195 635 138 30 0 0 0 11 72 520 384 37 0 0 
25 120 343 485 51 0 0 0 0 52 224 278 431 39 0 0 0 11 161 278 386 188 0 0 
18 86 297 434 189 0 0 0 0 50 208 244 397 125 0 0 0 23 148 290 402 161 0 0 
0 76 105 102 709 32 0 0 0 41 65 112 119 687 0 0 0 9 64 104 76 755 16 0 
0 1 61 136 823 3 0 0 0 0 20 76 143 785 0 0 0 0 0 46 78 899 1 0 
0 6 104 214 700 0 0 0 0 0 37 125 829 33 0 0 0 0 19 63 293 649 0 0 
13 56 141 161 653 0 0 0 1 48 70 163 687 55 0 0 1 29 47 163 483 301 0 0 
1 31 971 21 0 0 0 0 0 1 81 941 1 0 0 0 0 0 10 779 235 0 0 0 
0 95 628 299 2 0 0 0 0 0 70 774 180 0 0 0 0 0 48 473 503 0 0 0 
0 0 1 40 22 9 307 645 0 0 0 4 52 11 66 891 0 0 0 3 50 16 7 948 
0 0 0 0 0 2 550 472 0 0 0 0 0 0 248 776 0 0 0 0 0 0 32 992 
0 0 0 0 125 335 138 426 0 0 0 0 0 166 371 487 0 0 0 0 0 0 423 601 
0 6 80 136 139 662 1 0 0 1 16 168 44 338 457 0 0 0 6 139 82 45 732 20 
0 208 439 84 19 268 6 0 0 47 484 178 31 266 18 0 0 46 460 194 30 272 22 0 
0 169 55 32 8 758 2 0 0 106 118 30 7 750 13 0 0 51 173 9 31 728 32 0 
0 236 605 114 21 38 10 0 0 140 483 266 62 51 22 0 0 133 375 377 54 57 19 9 
0 23 793 77 74 35 22 0 0 0 631 198 75 70 49 1 0 0 467 362 97 53 38 7 
0 1 116 656 178 40 26 7 0 0 4 455 428 74 45 18 0 0 3 517 382 66 33 23 
0 0 18 43 23 125 332 483 0 0 0 25 44 23 138 794 0 0 18 38 13 24 129 802 
0 0 10 59 260 567 128 0 0 0 0 0 12 81 335 596 0 0 0 0 1 46 171 806 
0 16 395 242 210 161 0 0 0 0 0 13 312 309 249 141 0 0 0 2 282 309 187 244 
0 8 296 537 112 64 7 0 0 0 0 18 297 519 119 71 0 0 0 4 214 445 274 87 
0 0 29 312 77 75 342 189 0 0 0 0 39 339 75 571 0 0 0 0 9 309 129 577 
5 238 203 407 171 0 0 0 0 60 274 207 483 0 0 0 0 56 259 187 504 18 0 0 
87 586 322 29 0 0 0 0 8 362 513 136 5 0 0 0 6 276 536 200 6 0 0 0 
116 581 280 44 3 0 0 0 8 408 433 168 7 0 0 0 9 332 469 199 15 0 0 0 
76 530 244 124 50 0 0 0 2 377 394 124 127 0 0 0 4 392 379 112 115 22 0 0 
116 712 169 27 0 0 0 0 8 648 264 104 0 0 0 0 11 624 259 120 10 0 0 0 
42 489 153 323 17 0 0 0 2 409 212 318 83 0 0 0 2 330 241 198 253 0 0 0 
0 36 132 414 442 0 0 0 0 9 99 437 465 14 0 0 0 5 49 426 212 332 0 0 
0 13 42 82 887 0 0 0 0 0 35 69 422 498 0 0 0 0 24 43 87 870 0 0 
0 0 0 0 1022 2 0 0 0 0 0 0 3 1021 0 0 0 0 0 0 0 1024 0 0 
0 0 0 0 1024 0 0 0 0 0 0 0 0 1024 0 0 0 0 0 0 0 1024 0 0 
0 0 0 0 958 66 0 0 0 0 0 0 0 1024 0 0 0 0 0 0 0 1024 0 0 
0 0 0 0 824 200 0 0 0 0 0 0 0 1024 0 0 0 0 0 0 0 1024 0 0 
0 0 0 0 1024 0 0 0 0 0 0 0 0 1024 0 0 0 0 0 0 0 1024 0 0 
0 0 0 0 641 383 0 0 0 0 0 0 4 1020 0 0 0 0 0 0 0 1024 0 0 
0 0 0 0 102 922 0 0 0 0 0 0 0 1024 0 0 0 0 0 0 0 1024 0 0 
0 0 0 0 35 989 0 0 0 0 0 0 0 1024 0 0 0 0 0 0 0 1024 0 0 
0 31 109 36 664 184 0 0 0 3 49 107 33 832 0 0 0 0 7 80 81 855 1 0 
5 103 671 239 6 0 0 0 0 37 200 698 89 0 0 0 0 20 111 451 436 6 0 0 
11 224 668 41 79 1 0 0 0 96 466 374 18 70 0 0 0 56 343 526 21 78 0 0 
1 108 331 411 173 0 0 0 0 66 219 322 327 90 0 0 0 45 181 281 399 118 0 0 
16 51 80 53 789 35 0 0 0 44 60 80 134 706 0 0 0 16 63 81 40 812 12 0 
0 0 0 0 1024 0 0 0 0 0 0 0 329 695 0 0 0 0 0 0 40 984 0 0 
275 220 160 75 294 0 0 0 111 357 145 102 306 3 0 0 353 143 142 80 197 109 0 0 
153 297 413 120 41 0 0 0 41 226 532 142 81 2 0 0 118 165 452 204 85 0 0 0 
0 385 639 0 0 0 0 0 0 3 749 272 0 0 0 0 0 0 392 632 0 0 0 0 
4 491 416 56 6 6 7 38 0 0 417 519 34 7 3 44 0 3 492 446 31 6 7 39 
0 0 0 0 0 54 376 594 0 0 0 0 0 0 228 796 0 0 0 0 0 0 45 979 
0 0 0 0 0 115 368 541 0 0 0 0 0 0 244 780 0 0 0 0 0 0 132 892 
0 0 0 0 124 209 109 582 0 0 0 0 0 135 265 624 0 0 0 0 0 0 289 735 
0 0 0 7 149 868 0 0 0 0 0 0 20 376 628 0 0 0 0 0 0 32 992 0 
0 180 376 148 29 284 7 0 0 18 397 263 48 267 31 0 0 8 247 195 227 306 30 11 
0 8 152 92 12 760 0 0 0 0 119 126 11 768 0 0 0 0 69 92 82 774 7 0 
0 3 684 180 102 55 0 0 0 0 342 492 92 92 6 0 0 0 218 477 179 131 19 0 
0 3 851 60 46 64 0 0 0 0 560 324 44 71 25 0 0 0 413 468 45 69 29 0 
0 1 489 397 37 92 8 0 0 0 238 581 93 71 41 0 0 0 336 491 85 76 36 0 
1 10 58 169 212 495 79 0 0 0 14 51 98 470 304 87 0 3 39 36 74 506 236 130 
19 149 161 132 218 307 38 0 0 0 0 24 145 263 290 302 0 0 0 48 148 176 216 436 
21 174 328 207 175 117 2 0 0 0 1 46 229 301 244 203 0 0 1 58 260 304 175 226 
2 67 338 225 295 93 4 0 0 0 0 26 282 237 221 258 0 0 0 17 278 213 239 277 
0 2 89 262 226 177 249 19 0 0 0 0 47 300 200 477 0 0 0 0 30 261 246 487 
10 174 315 478 47 0 0 0 0 65 244 343 372 0 0 0 0 65 210 290 459 0 0 0 
160 653 200 11 0 0 0 0 23 390 534 74 3 0 0 0 34 332 575 81 2 0 0 0 
364 586 71 3 0 0 0 0 2 376 575 67 4 0 0 0 14 596 376 36 2 0 0 0 
329 640 48 7 0 0 0 0 7 412 565 37 3 0 0 0 5 479 503 34 3 0 0 0 
284 663 76 1 0 0 0 0 27 737 225 35 0 0 0 0 50 685 249 40 0 0 0 0 
62 549 217 196 0 0 0 0 2 503 244 268 7 0 0 0 1 458 250 276 39 0 0 0 
2 218 463 305 36 0 0 0 0 72 389 506 52 5 0 0 0 14 292 536 157 25 0 0 
0 21 73 79 851 0 0 0 0 0 48 105 643 228 0 0 0 0 34 65 146 779 0 0 
0 0 0 0 1024 0 0 0 0 0 0 0 221 803 0 0 0 0 0 0 0 1024 0 0 
0 0 0 0 1024 0 0 0 0 0 0 0 77 947 0 0 0 0 0 0 0 1024 0 0 
0 0 0 0 1024 0 0 0 0 0 0 0 23 1001 0 0 0 0 0 0 0 1024 0 0 
0 0 0 0 1023 1 0 0 0 0 0 0 6 1018 0 0 0 0 0 0 0 1024 0 0 
0 0 0 0 1024 0 0 0 0 0 0 0 0 1024 0 0 0 0 0 0 0 1024 0 0 
0 0 0 0 911 113 0 0 0 0 0 0 5 1019 0 0 0 0 0 0 0 1024 0 0 
0 0 0 0 789 235 0 0 0 0 0 0 0 1024 0 0 0 0 0 0 0 1024 0 0 
0 0 0 0 537 487 0 0 0 0 0 0 0 1024 0 0 0 0 0 0 0 1024 0 0 
0 38 81 18 887 0 0 0 0 0 56 73 41 854 0 0 0 0 32 70 38 884 0 0 
9 185 783 47 0 0 0 0 0 61 620 338 5 0 0 0 0 36 324 581 83 0 0 0 
81 325 483 39 96 0 0 0 0 152 504 257 59 52 0 0 0 146 398 359 29 92 0 0 
20 97 387 423 97 0 0 0 0 67 303 407 219 28 0 0 0 53 261 359 298 53 0 0 
26 48 81 50 817 2 0 0 0 54 51 73 639 207 0 0 0 37 48 77 130 732 0 0 
0 0 0 64 960 0 0 0 0 0 0 42 879 103 0 0 0 0 0 28 343 653 0 0 
406 245 228 126 19 0 0 0 157 445 241 159 22 0 0 0 472 195 190 148 19 0 0 0 
462 309 229 24 0 0 0 0 116 566 248 94 0 0 0 0 450 264 214 96 0 0 0 0 
38 863 123 0 0 0 0 0 0 224 798 2 0 0 0 0 8 220 793 3 0 0 0 0 
66 572 232 7 5 6 9 127 0 98 638 139 5 4 6 134 0 163 617 96 5 5 14 124 
0 0 0 0 0 164 403 457 0 0 0 0 0 5 253 766 0 0 0 0 0 0 157 867 
0 0 0 0 0 129 190 705 0 0 0 0 0 29 176 819 0 0 0 0 0 11 146 867 
0 0 0 0 93 103 140 688 0 0 0 0 0 131 166 727 0 0 0 0 0 0 165 859 
0 0 0 0 110 914 0 0 0 0 0 0 0 451 573 0 0 0 0 0 0 0 1016 8 
0 0 0 20 226 774 4 0 0 0 0 15 79 809 121 0 0 0 0 0 70 710 241 3 
0 0 3 41 430 550 0 0 0 0 0 34 96 894 0 0 0 0 0 33 68 923 0 0 
0 0 23 42 400 559 0 0 0 0 0 34 74 916 0 0 0 0 0 28 30 966 0 0 
0 0 28 33 195 768 0 0 0 0 8 27 72 917 0 0 0 0 5 22 54 942 1 0 
0 4 29 53 163 775 0 0 0 0 27 20 88 889 0 0 0 0 24 13 83 900 4 0 
1 23 104 288 254 353 1 0 0 0 1 17 185 744 55 22 0 0 1 19 142 774 75 13 
35 197 328 462 2 0 0 0 0 0 0 41 280 613 85 5 0 0 0 57 198 547 219 3 
40 267 274 251 160 32 0 0 0 0 17 219 220 303 185 80 0 0 3 127 302 211 239 142 
0 85 162 140 295 301 41 0 0 0 0 24 167 125 248 460 0 0 0 13 154 116 180 561 
0 2 71 266 322 139 164 60 0 0 0 1 82 334 155 452 0 0 0 0 48 290 193 493 
33 142 294 555 0 0 0 0 0 92 222 533 177 0 0 0 0 32 226 312 454 0 0 0 
227 649 138 10 0 0 0 0 41 637 320 26 0 0 0 0 0 257 649 115 3 0 0 0 
208 770 43 3 0 0 0 0 4 845 142 31 2 0 0 0 3 80 640 299 2 0 0 0 
139 885 0 0 0 0 0 0 13 611 400 0 0 0 0 0 0 21 218 780 5 0 0 0 
351 640 33 0 0 0 0 0 43 720 245 16 0 0 0 0 64 596 123 239 2 0 0 0 
202 528 196 98 0 0 0 0 5 614 255 150 0 0 0 0 4 578 217 207 18 0 0 0 
3 168 668 169 16 0 0 0 0 42 485 438 59 0 0 0 0 21 234 669 100 0 0 0 
0 27 146 111 740 0 0 0 0 0 77 134 811 2 0 0 0 0 23 137 414 450 0 0 
0 0 0 0 1024 0 0 0 0 0 0 0 1015 9 0 0 0 0 0 0 48 976 0 0 
0 0 0 0 1024 0 0 0 0 0 0 0 994 30 0 0 0 0 0 0 0 1024 0 0 
0 0 0 0 1024 0 0 0 0 0 0 0 659 365 0 0 0 0 0 0 0 1024 0 0 
0 0 0 0 1024 0 0 0 0 0 0 0 515 509 0 0 0 0 0 0 0 1024 0 0 
0 0 0 0 1024 0 0 0 0 0 0 0 251 773 0 0 0 0 0 0 0 1024 0 0 
0 0 0 0 1024 0 0 0 0 0 0 0 174 850 0 0 0 0 0 0 0 1024 0 0 
0 0 0 0 1024 0 0 0 0 0 0 0 6 1018 0 0 0 0 0 0 0 1024 0 0 
0 0 0 0 1024 0 0 0 0 0 0 0 1 1023 0 0 0 0 0 0 0 1024 0 0 
0 49 36 27 912 0 0 0 0 0 67 28 266 663 0 0 0 0 53 38 26 907 0 0 
20 481 497 26 0 0 0 0 4 94 662 264 0 0 0 0 0 69 538 413 4 0 0 0 
729 164 56 42 33 0 0 0 29 594 291 39 59 12 0 0 290 514 100 46 49 25 0 0 
51 319 187 421 46 0 0 0 19 233 192 484 79 17 0 0 3 120 284 470 114 33 0 0 
22 68 73 199 662 0 0 0 0 64 78 57 795 30 0 0 0 40 57 82 596 249 0 0 
25 11 10 238 740 0 0 0 1 31 8 102 881 1 0 0 14 20 6 76 850 58 0 0 
318 210 423 73 0 0 0 0 113 345 422 143 1 0 0 0 348 161 381 133 1 0 0 0 
809 183 32 0 0 0 0 0 356 629 39 0 0 0 0 0 771 225 28 0 0 0 0 0 
134 878 12 0 0 0 0 0 0 742 282 0 0 0 0 0 82 694 248 0 0 0 0 0 
144 696 137 6 4 7 5 25 1 369 503 107 4 4 7 29 1 514 394 74 3 6 6 26 
0 12 19 21 131 227 310 304 0 2 19 13 12 224 240 514 0 5 20 10 9 83 264 633 
0 0 2 77 168 116 115 546 0 0 0 3 117 174 130 600 0 0 0 3 24 221 157 619 
0 0 0 2 85 92 130 715 0 0 0 0 2 98 195 729 0 0 0 0 0 33 116 875 
0 0 0 1 693 330 0 0 0 0 0 0 92 839 93 0 0 0 0 0 44 230 750 0 
0 0 0 0 571 453 0 0 0 0 0 0 135 839 50 0 0 0 0 0 104 727 193 0 
0 0 0 0 538 486 0 0 0 0 0 0 71 953 0 0 0 0 0 0 16 1008 0 0 
0 0 0 0 280 744 0 0 0 0 0 0 20 1004 0 0 0 0 0 0 7 1017 0 0 
0 0 0 0 364 660 0 0 0 0 0 0 9 1015 0 0 0 0 0 0 2 1022 0 0 
0 0 0 0 233 791 0 0 0 0 0 0 19 1000 5 0 0 0 0 0 6 974 44 0 
0 0 15 401 242 366 0 0 0 0 0 32 400 592 0 0 0 0 0 29 131 849 15 0 
0 0 7 1012 5 0 0 0 0 0 0 0 559 465 0 0 0 0 0 0 4 890 130 0 
0 35 177 721 56 33 2 0 0 0 12 169 230 561 44 8 0 0 0 12 182 353 427 50 
1 34 122 139 274 420 34 0 0 0 3 80 83 148 281 429 0 0 0 13 95 97 182 637 
0 0 3 165 156 127 340 233 0 0 0 0 63 238 85 638 0 0 0 0 2 237 114 671 
11 88 284 641 0 0 0 0 1 19 190 546 268 0 0 0 0 18 127 277 602 0 0 0 
153 649 195 27 0 0 0 0 9 517 420 72 6 0 0 0 3 353 555 107 6 0 0 0 
131 852 37 4 0 0 0 0 5 903 100 15 1 0 0 0 2 130 624 266 2 0 0 0 
290 731 3 0 0 0 0 0 1 981 40 2 0 0 0 0 1 61 481 480 1 0 0 0 
487 525 12 0 0 0 0 0 70 808 146 0 0 0 0 0 97 600 120 207 0 0 0 0 
425 426 121 52 0 0 0 0 93 650 192 89 0 0 0 0 113 582 223 106 0 0 0 0 
2 248 670 98 6 0 0 0 0 106 614 273 31 0 0 0 0 37 458 467 62 0 0 0 
3 88 291 303 339 0 0 0 0 15 282 142 585 0 0 0 0 1 80 304 596 43 0 0 
7 197 114 90 616 0 0 0 0 36 259 56 665 8 0 0 0 6 145 180 650 43 0 0 
0 22 11 43 948 0 0 0 0 5 22 22 973 2 0 0 0 0 23 12 899 90 0 0 
14 26 40 50 894 0 0 0 0 33 28 36 876 51 0 0 2 28 29 37 338 590 0 0 
0 4 8 19 992 1 0 0 0 0 11 6 968 39 0 0 0 0 6 8 99 911 0 0 
0 0 0 0 1024 0 0 0 0 0 0 0 991 33 0 0 0 0 0 0 2 1022 0 0 
0 0 0 0 1024 0 0 0 0 0 0 0 942 82 0 0 0 0 0 0 0 1024 0 0 
0 0 0 0 1024 0 0 0 0 0 0 0 654 370 0 0 0 0 0 0 0 1024 0 0 
0 0 0 0 1024 0 0 0 0 0 0 0 514 510 0 0 0 0 0 0 0 1024 0 0 
0 26 20 7 971 0 0 0 0 9 28 11 896 80 0 0 0 2 29 16 166 811 0 0 
25 864 122 13 0 0 0 0 6 279 706 33 0 0 0 0 5 116 815 88 0 0 0 0 
576 266 47 93 39 3 0 0 48 569 254 39 97 17 0 0 266 453 155 45 84 21 0 0 
306 200 226 271 21 0 0 0 8 328 279 372 37 0 0 0 79 318 166 411 46 4 0 0 
46 112 146 666 54 0 0 0 14 104 104 570 231 1 0 0 4 86 107 421 401 5 0 0 
292 67 31 607 27 0 0 0 29 311 33 417 233 1 0 0 144 195 33 166 485 1 0 0 
627 175 195 27 0 0 0 0 91 651 206 71 5 0 0 0 437 330 195 58 4 0 0 0 
626 398 0 0 0 0 0 0 201 696 127 0 0 0 0 0 422 501 101 0 0 0 0 0 
191 527 271 35 0 0 0 0 11 479 260 274 0 0 0 0 99 624 148 153 0 0 0 0 
2 273 592 157 0 0 0 0 0 41 613 370 0 0 0 0 1 372 324 327 0 0 0 0 
0 36 530 435 17 6 0 0 0 3 397 564 45 12 3 0 0 50 392 527 33 14 8 0 
0 2 220 161 374 133 39 95 0 0 76 194 360 183 97 114 0 0 84 170 273 201 173 123 
0 0 0 35 886 19 11 73 0 0 0 0 785 148 12 79 0 0 0 0 621 307 15 81 
0 0 0 1 983 40 0 0 0 0 0 0 913 111 0 0 0 0 0 0 584 440 0 0 
0 0 0 0 968 56 0 0 0 0 0 0 666 358 0 0 0 0 0 0 450 574 0 0 
0 0 0 0 998 26 0 0 0 0 0 0 557 467 0 0 0 0 0 0 328 696 0 0 
0 0 0 0 781 243 0 0 0 0 0 0 226 798 0 0 0 0 0 0 127 897 0 0 
0 0 0 0 762 262 0 0 0 0 0 0 112 912 0 0 0 0 0 0 95 929 0 0 
0 0 0 0 654 370 0 0 0 0 0 0 230 794 0 0 0 0 0 0 181 843 0 0 
0 0 3 291 501 134 95 0 0 0 0 26 408 467 41 82 0 0 0 28 488 404 66 38 
0 0 31 705 128 39 121 0 0 0 0 18 653 201 45 107 0 0 0 9 147 715 90 63 
0 1 74 410 316 131 92 0 0 0 2 67 224 351 271 109 0 0 0 41 68 282 360 273 
0 2 42 158 401 365 56 0 0 0 0 14 52 194 412 352 0 0 0 0 29 68 227 700 
0 0 6 63 163 129 419 244 0 0 0 0 47 149 120 708 0 0 0 0 6 127 128 763 
0 31 192 799 2 0 0 0 0 0 103 214 707 0 0 0 0 0 46 127 850 1 0 0 
105 664 238 17 0 0 0 0 7 368 560 81 8 0 0 0 4 292 602 116 10 0 0 0 
157 670 190 7 0 0 0 0 4 534 438 46 2 0 0 0 3 441 502 75 3 0 0 0 
292 511 89 131 1 0 0 0 25 664 183 80 72 0 0 0 62 509 256 79 116 2 0 0 
759 236 29 0 0 0 0 0 196 757 71 0 0 0 0 0 322 610 88 4 0 0 0 0 
693 231 96 4 0 0 0 0 312 551 118 43 0 0 0 0 359 463 146 56 0 0 0 0 
122 265 610 27 0 0 0 0 46 244 656 75 3 0 0 0 20 226 597 171 10 0 0 0 
113 408 182 292 29 0 0 0 41 257 370 187 169 0 0 0 8 172 335 259 250 0 0 0 
98 319 135 295 177 0 0 0 3 143 354 195 329 0 0 0 20 115 162 355 372 0 0 0 
378 194 125 144 183 0 0 0 76 411 145 116 265 11 0 0 230 272 143 106 256 17 0 0 
376 216 124 124 179 5 0 0 95 355 183 108 247 35 1 0 151 308 169 118 217 60 1 0 
6 4 8 26 979 1 0 0 2 8 4 9 989 12 0 0 0 10 1 12 796 205 0 0 
0 0 0 0 1024 0 0 0 0 0 0 0 1024 0 0 0 0 0 0 0 658 366 0 0 
0 0 0 0 1024 0 0 0 0 0 0 0 1024 0 0 0 0 0 0 0 509 515 0 0 
0 0 0 0 1024 0 0 0 0 0 0 0 1024 0 0 0 0 0 0 0 543 481 0 0 
0 0 0 0 1024 0 0 0 0 0 0 0 1024 0 0 0 0 0 0 0 525 499 0 0 
0 12 11 60 940 1 0 0 0 4 18 8 949 45 0 0 0 1 18 7 635 363 0 0 
83 457 296 150 38 0 0 0 6 264 416 242 93 3 0 0 5 154 406 321 124 14 0 0 
259 333 166 231 35 0 0 0 30 411 222 176 182 3 0 0 95 417 178 221 112 1 0 0 
795 208 20 1 0 0 0 0 143 723 150 7 1 0 0 0 389 522 106 7 0 0 0 0 
626 258 100 40 0 0 0 0 125 644 167 86 2 0 0 0 299 499 123 101 2 0 0 0 
536 241 138 108 1 0 0 0 142 508 181 182 11 0 0 0 310 395 149 162 8 0 0 0 
803 180 20 20 1 0 0 0 211 703 78 29 3 0 0 0 530 409 56 28 1 0 0 0 
684 339 1 0 0 0 0 0 99 731 194 0 0 0 0 0 285 621 118 0 0 0 0 0 
212 551 257 4 0 0 0 0 1 492 331 200 0 0 0 0 2 807 45 170 0 0 0 0 
0 203 752 69 0 0 0 0 0 0 545 479 0 0 0 0 0 84 485 455 0 0 0 0 
0 35 832 157 0 0 0 0 0 0 543 472 9 0 0 0 0 29 541 454 0 0 0 0 
0 0 299 393 109 105 36 82 0 0 65 467 180 174 44 94 0 0 189 234 286 133 87 95 
0 0 0 574 450 0 0 0 0 0 0 115 908 1 0 0 0 0 0 5 999 20 0 0 
0 0 0 54 970 0 0 0 0 0 0 26 992 6 0 0 0 0 0 7 983 34 0 0 
0 0 0 63 961 0 0 0 0 0 0 16 966 42 0 0 0 0 0 0 907 117 0 0 
0 0 0 6 1013 5 0 0 0 0 0 3 997 24 0 0 0 0 0 2 871 151 0 0 
0 0 0 32 926 66 0 0 0 0 0 4 783 237 0 0 0 0 0 0 567 457 0 0 
0 0 0 16 987 21 0 0 0 0 0 0 743 281 0 0 0 0 0 0 531 493 0 0 
0 0 0 29 877 113 5 0 0 0 0 0 614 402 3 5 0 0 0 2 646 371 5 0 
0 0 0 2 429 130 460 3 0 0 0 0 3 479 91 451 0 0 0 9 420 99 143 353 
0 0 112 134 385 66 311 16 0 0 0 137 154 351 72 310 0 0 4 148 409 106 131 226 
0 2 375 371 115 109 50 2 0 0 1 359 371 122 108 63 0 0 0 319 119 324 129 133 
0 0 90 636 130 163 5 0 0 0 0 27 365 371 120 141 0 0 0 9 56 405 316 238 
0 0 0 9 24 49 761 181 0 0 0 0 5 18 36 965 0 0 0 0 5 15 36 968 
0 50 103 844 27 0 0 0 0 0 101 80 843 0 0 0 0 0 38 108 872 6 0 0 
157 619 185 63 0 0 0 0 14 511 356 82 61 0 0 0 6 433 413 83 89 0 0 0 
324 581 117 2 0 0 0 0 25 724 260 15 0 0 0 0 38 670 286 29 1 0 0 0 
313 415 132 164 0 0 0 0 42 604 154 208 16 0 0 0 123 483 147 184 87 0 0 0 
875 142 7 0 0 0 0 0 401 571 52 0 0 0 0 0 682 277 65 0 0 0 0 0 
740 230 54 0 0 0 0 0 386 564 74 0 0 0 0 0 531 423 70 0 0 0 0 0 
467 423 134 0 0 0 0 0 145 529 350 0 0 0 0 0 257 429 337 1 0 0 0 0 
598 398 11 17 0 0 0 0 230 672 104 18 0 0 0 0 203 444 331 44 2 0 0 0 
716 201 80 27 0 0 0 0 152 642 192 38 0 0 0 0 267 535 194 24 4 0 0 0 
639 142 90 139 14 0 0 0 180 544 119 131 49 1 0 0 350 384 112 142 35 1 0 0 
634 177 81 85 46 1 0 0 162 582 114 77 85 4 0 0 325 420 104 76 89 10 0 0 
106 167 153 429 169 0 0 0 10 152 184 216 462 0 0 0 12 138 177 143 545 9 0 0 
14 44 63 137 766 0 0 0 3 30 63 77 849 2 0 0 1 22 55 66 860 20 0 0 
0 0 0 10 1014 0 0 0 0 0 0 6 1018 0 0 0 0 0 0 1 1021 2 0 0 
0 0 0 238 786 0 0 0 0 0 0 41 983 0 0 0 0 0 0 2 1021 1 0 0 
7 11 16 517 473 0 0 0 5 10 16 347 646 0 0 0 4 10 13 199 798 0 0 0 
13 33 55 870 53 0 0 0 6 28 33 830 127 0 0 0 3 19 36 644 322 0 0 0 
344 177 376 123 4 0 0 0 250 208 158 401 7 0 0 0 61 343 138 416 63 3 0 0 
176 306 472 68 2 0 0 0 27 326 399 233 39 0 0 0 24 349 267 359 25 0 0 0 
746 105 88 85 0 0 0 0 308 498 62 142 14 0 0 0 379 430 69 141 5 0 0 0 
884 105 11 2 3 8 9 2 500 420 77 4 2 7 6 8 664 277 59 2 3 8 5 6 
540 307 93 24 47 9 4 0 193 454 231 68 30 38 10 0 215 463 218 54 40 27 7 0 
639 198 116 44 12 15 0 0 192 543 141 96 30 14 8 0 431 320 135 85 29 21 3 0 
495 357 137 22 5 6 2 0 161 452 303 87 10 7 4 0 294 401 206 105 8 6 4 0 
125 360 502 26 10 1 0 0 0 248 612 139 20 5 0 0 0 391 522 90 15 6 0 0 
0 56 916 31 17 4 0 0 0 1 530 460 20 12 1 0 0 6 740 251 17 10 0 0 
0 0 916 108 0 0 0 0 0 0 276 748 0 0 0 0 0 0 503 521 0 0 0 0 
0 0 348 424 173 79 0 0 0 0 68 661 103 192 0 0 0 0 114 574 241 95 0 0 
0 0 56 927 41 0 0 0 0 0 30 764 230 0 0 0 0 0 21 637 366 0 0 0 
0 0 35 707 282 0 0 0 0 0 26 312 686 0 0 0 0 0 24 299 701 0 0 0 
0 0 19 295 710 0 0 0 0 0 10 75 938 1 0 0 0 0 10 49 965 0 0 0 
0 0 6 173 842 3 0 0 0 0 0 22 962 40 0 0 0 0 0 20 971 33 0 0 
0 0 13 231 780 0 0 0 0 0 1 88 934 1 0 0 0 0 0 69 902 53 0 0 
0 0 0 80 944 0 0 0 0 0 0 20 998 6 0 0 0 0 0 18 1000 6 0 0 
0 0 0 72 710 54 188 0 0 0 0 23 526 260 32 183 0 0 0 39 722 62 104 97 
0 0 25 32 407 94 466 0 0 0 0 55 20 405 111 433 0 0 4 50 351 106 204 309 
0 0 538 384 63 7 32 0 0 0 10 618 316 43 11 26 0 0 35 560 363 28 8 30 
0 138 415 241 72 96 62 0 0 0 73 379 334 80 86 72 0 0 72 216 322 200 92 122 
1 179 437 354 46 6 1 0 0 0 58 249 585 112 16 4 0 0 63 147 380 374 53 7 
0 6 60 326 147 89 365 31 0 0 0 17 122 282 158 445 0 0 0 19 101 339 108 457 
0 34 101 849 40 0 0 0 0 2 109 64 849 0 0 0 0 0 48 97 872 7 0 0 
104 405 214 301 0 0 0 0 0 343 244 296 141 0 0 0 3 323 217 135 346 0 0 0 
145 354 212 313 0 0 0 0 6 401 211 396 10 0 0 0 5 368 182 310 159 0 0 0 
112 409 318 185 0 0 0 0 13 287 332 391 1 0 0 0 31 177 368 380 68 0 0 0 
129 545 319 31 0 0 0 0 22 554 186 262 0 0 0 0 83 183 458 300 0 0 0 0 
301 570 153 0 0 0 0 0 4 732 265 23 0 0 0 0 5 691 278 50 0 0 0 0 
892 131 1 0 0 0 0 0 115 867 42 0 0 0 0 0 451 550 23 0 0 0 0 0 
919 105 0 0 0 0 0 0 462 556 6 0 0 0 0 0 786 219 19 0 0 0 0 0 
997 27 0 0 0 0 0 0 713 300 11 0 0 0 0 0 915 106 3 0 0 0 0 0 
1014 10 0 0 0 0 0 0 434 586 4 0 0 0 0 0 897 127 0 0 0 0 0 0 
997 27 0 0 0 0 0 0 736 273 15 0 0 0 0 0 928 91 5 0 0 0 0 0 
846 118 50 10 0 0 0 0 245 676 71 31 1 0 0 0 486 446 64 27 1 0 0 0 
371 133 124 337 59 0 0 0 57 405 116 314 132 0 0 0 56 382 112 204 264 6 0 0 
30 36 75 651 232 0 0 0 7 54 157 498 308 0 0 0 8 53 141 284 538 0 0 0 
242 116 104 551 11 0 0 0 182 181 149 474 38 0 0 0 1 277 217 358 171 0 0 0 
620 141 127 133 3 0 0 0 336 409 98 170 11 0 0 0 372 330 106 204 12 0 0 0 
81 126 378 439 0 0 0 0 62 118 269 570 5 0 0 0 6 129 120 751 18 0 0 0 
576 157 222 66 3 0 0 0 499 209 90 221 5 0 0 0 323 356 96 232 17 0 0 0 
206 544 267 7 0 0 0 0 78 567 337 42 0 0 0 0 43 505 344 132 0 0 0 0 
389 357 172 105 1 0 0 0 123 483 204 167 47 0 0 0 139 490 190 177 28 0 0 0 
610 248 166 0 0 0 0 0 517 256 225 26 0 0 0 0 522 227 154 121 0 0 0 0 
397 399 223 5 0 0 0 0 119 384 419 101 1 0 0 0 147 330 358 188 1 0 0 0 
409 207 332 31 21 23 1 0 41 461 257 207 20 26 12 0 377 133 186 274 22 29 3 0 
191 351 405 38 37 2 0 0 3 470 181 311 34 25 0 0 34 455 110 370 44 11 0 0 
8 511 424 76 5 0 0 0 0 262 349 360 53 0 0 0 0 467 105 413 39 0 0 0 
0 322 639 46 12 1 3 1 0 42 484 455 34 5 1 3 0 68 476 448 24 4 3 1 
0 29 779 216 0 0 0 0 0 0 116 859 49 0 0 0 0 6 358 651 9 0 0 0 
0 0 176 758 90 0 0 0 0 0 47 676 301 0 0 0 0 0 52 726 246 0 0 0 
0 29 156 769 70 0 0 0 0 0 103 351 570 0 0 0 0 0 111 705 208 0 0 0 
0 77 126 688 133 0 0 0 0 0 183 102 739 0 0 0 0 0 181 405 438 0 0 0 
0 36 250 416 322 0 0 0 0 0 203 220 596 5 0 0 0 0 90 389 544 1 0 0 
0 58 368 253 345 0 0 0 0 0 153 347 524 0 0 0 0 0 53 402 569 0 0 0 
0 117 405 360 140 2 0 0 0 1 381 288 336 18 0 0 0 0 87 521 381 35 0 0 
0 58 419 238 302 7 0 0 0 1 317 240 443 23 0 0 0 2 218 319 448 37 0 0 
0 32 143 143 355 79 270 2 0 1 45 152 249 236 87 254 0 8 55 249 353 48 150 161 
0 6 381 290 162 54 131 0 0 0 79 468 162 137 62 116 0 0 139 412 264 45 75 89 
0 70 763 170 20 1 0 0 0 0 170 727 114 12 1 0 0 0 225 483 296 19 0 1 
0 188 466 131 84 49 61 45 0 0 214 410 187 59 46 108 0 2 198 282 268 99 57 118 
10 544 205 60 61 56 68 20 0 0 305 319 136 96 55 113 0 0 308 288 123 97 70 138 
0 299 425 180 67 20 33 0 0 0 56 515 209 142 62 40 0 0 12 499 269 163 36 45 
0 105 104 782 33 0 0 0 0 15 169 108 732 0 0 0 0 7 132 98 787 0 0 0 
4 508 255 252 5 0 0 0 0 64 549 328 83 0 0 0 0 2 426 336 260 0 0 0 
12 552 190 270 0 0 0 0 0 94 505 396 29 0 0 0 0 27 498 195 304 0 0 0 
65 377 486 96 0 0 0 0 3 178 296 543 4 0 0 0 0 64 346 362 252 0 0 0 
56 254 705 9 0 0 0 0 12 171 316 525 0 0 0 0 3 115 190 714 2 0 0 0 
79 543 402 0 0 0 0 0 8 170 832 14 0 0 0 0 0 160 695 169 0 0 0 0 
636 378 10 0 0 0 0 0 0 831 193 0 0 0 0 0 160 698 166 0 0 0 0 0 
1012 12 0 0 0 0 0 0 272 740 12 0 0 0 0 0 696 327 1 0 0 0 0 0 
874 149 1 0 0 0 0 0 586 289 146 3 0 0 0 0 791 118 115 0 0 0 0 0 
1008 16 0 0 0 0 0 0 559 453 12 0 0 0 0 0 873 151 0 0 0 0 0 0 
1024 0 0 0 0 0 0 0 466 557 1 0 0 0 0 0 866 158 0 0 0 0 0 0 
1022 2 0 0 0 0 0 0 406 613 5 0 0 0 0 0 671 353 0 0 0 0 0 0 
940 84 0 0 0 0 0 0 507 508 9 0 0 0 0 0 516 507 1 0 0 0 0 0 
830 142 51 1 0 0 0 0 565 416 42 1 0 0 0 0 406 560 53 5 0 0 0 0 
802 219 3 0 0 0 0 0 595 409 20 0 0 0 0 0 178 748 93 5 0 0 0 0 
601 412 11 0 0 0 0 0 260 722 42 0 0 0 0 0 50 324 566 84 0 0 0 0 
685 336 3 0 0 0 0 0 446 501 77 0 0 0 0 0 304 237 361 122 0 0 0 0 
393 623 8 0 0 0 0 0 541 479 4 0 0 0 0 0 950 74 0 0 0 0 0 0 
566 457 1 0 0 0 0 0 518 501 5 0 0 0 0 0 528 389 107 0 0 0 0 0 
345 526 125 28 0 0 0 0 114 689 154 64 3 0 0 0 164 524 269 66 1 0 0 0 
488 240 258 38 0 0 0 0 370 220 317 117 0 0 0 0 417 174 216 216 1 0 0 0 
469 314 241 0 0 0 0 0 180 353 428 63 0 0 0 0 243 272 352 157 0 0 0 0 
419 138 440 27 0 0 0 0 37 477 215 292 3 0 0 0 395 123 120 385 1 0 0 0 
114 435 455 20 0 0 0 0 0 510 176 338 0 0 0 0 23 500 57 442 2 0 0 0 
23 517 477 7 0 0 0 0 0 497 138 389 0 0 0 0 0 522 40 462 0 0 0 0 
7 431 575 11 0 0 0 0 0 81 613 330 0 0 0 0 0 110 492 422 0 0 0 0 
0 605 308 96 15 0 0 0 0 242 645 41 89 7 0 0 0 418 395 146 65 0 0 0 
0 736 197 91 0 0 0 0 0 319 569 99 37 0 0 0 0 228 637 83 76 0 0 0 
2 735 286 1 0 0 0 0 0 290 593 141 0 0 0 0 0 162 596 265 1 0 0 0 
0 152 848 24 0 0 0 0 0 0 356 667 1 0 0 0 0 0 93 911 20 0 0 0 
3 355 641 25 0 0 0 0 0 94 391 539 0 0 0 0 0 78 272 578 96 0 0 0 
3 367 503 151 0 0 0 0 0 22 611 359 32 0 0 0 0 18 474 492 40 0 0 0 
1 211 557 209 46 0 0 0 0 11 451 401 137 24 0 0 0 10 346 523 133 12 0 0 
0 108 635 211 67 3 0 0 0 4 427 390 156 47 0 0 0 8 412 480 98 26 0 0 
0 6 196 324 223 83 192 0 0 0 40 205 392 121 111 155 0 7 159 268 293 53 138 106 
0 17 651 354 2 0 0 0 0 0 461 502 61 0 0 0 0 0 521 460 43 0 0 0 
0 454 553 14 2 1 0 0 0 20 723 273 6 2 0 0 0 1 493 499 25 5 1 0 
0 141 439 274 68 49 44 9 0 0 236 297 320 77 49 45 0 0 1 279 178 341 131 94 
0 39 329 392 110 81 49 24 0 0 22 350 381 129 91 51 0 0 0 26 280 401 172 145 
0 47 409 279 120 79 83 7 0 0 37 394 304 113 83 93 0 0 0 87 271 341 169 156 
0 15 33 976 0 0 0 0 0 6 12 225 781 0 0 0 0 2 15 25 982 0 0 0 
0 5 170 849 0 0 0 0 0 4 3 642 375 0 0 0 0 0 5 26 993 0 0 0 
0 0 177 847 0 0 0 0 0 0 2 1005 17 0 0 0 0 0 0 44 980 0 0 0 
0 0 162 862 0 0 0 0 0 0 0 1024 0 0 0 0 0 0 0 476 548 0 0 0 
0 0 598 426 0 0 0 0 0 0 0 1024 0 0 0 0 0 0 0 1024 0 0 0 0 
0 0 1024 0 0 0 0 0 0 0 764 260 0 0 0 0 0 0 328 696 0 0 0 0 
91 673 260 0 0 0 0 0 0 448 576 0 0 0 0 0 0 352 672 0 0 0 0 0 
358 666 0 0 0 0 0 0 64 956 4 0 0 0 0 0 66 487 471 0 0 0 0 0 
792 232 0 0 0 0 0 0 286 736 2 0 0 0 0 0 213 481 330 0 0 0 0 0 
939 85 0 0 0 0 0 0 273 746 5 0 0 0 0 0 191 554 279 0 0 0 0 0 
835 189 0 0 0 0 0 0 54 962 8 0 0 0 0 0 139 579 306 0 0 0 0 0 
562 462 0 0 0 0 0 0 70 652 302 0 0 0 0 0 107 387 493 37 0 0 0 0 
927 97 0 0 0 0 0 0 623 368 33 0 0 0 0 0 532 421 71 0 0 0 0 0 
988 36 0 0 0 0 0 0 764 260 0 0 0 0 0 0 718 306 0 0 0 0 0 0 
979 45 0 0 0 0 0 0 825 199 0 0 0 0 0 0 394 618 12 0 0 0 0 0 
528 496 0 0 0 0 0 0 123 831 70 0 0 0 0 0 0 225 720 79 0 0 0 0 
677 347 0 0 0 0 0 0 393 590 41 0 0 0 0 0 303 347 284 90 0 0 0 0 
324 700 0 0 0 0 0 0 530 490 4 0 0 0 0 0 825 182 17 0 0 0 0 0 
517 507 0 0 0 0 0 0 184 830 10 0 0 0 0 0 145 770 109 0 0 0 0 0 
414 603 7 0 0 0 0 0 69 751 204 0 0 0 0 0 85 569 370 0 0 0 0 0 
302 530 139 53 0 0 0 0 45 509 357 113 0 0 0 0 195 365 405 59 0 0 0 0 
290 594 137 3 0 0 0 0 32 630 327 35 0 0 0 0 138 519 309 58 0 0 0 0 
350 266 400 8 0 0 0 0 20 491 334 179 0 0 0 0 320 194 217 293 0 0 0 0 
102 432 484 6 0 0 0 0 0 495 199 330 0 0 0 0 6 506 90 422 0 0 0 0 
6 533 475 10 0 0 0 0 0 426 219 379 0 0 0 0 0 517 54 453 0 0 0 0 
0 453 570 1 0 0 0 0 0 54 627 343 0 0 0 0 0 71 443 510 0 0 0 0 
1 409 144 309 161 0 0 0 0 185 308 85 359 87 0 0 0 110 246 221 429 18 0 0 
36 870 72 46 0 0 0 0 0 475 457 86 6 0 0 0 0 369 553 67 35 0 0 0 
19 823 182 0 0 0 0 0 0 412 564 48 0 0 0 0 0 237 515 272 0 0 0 0 
0 558 464 2 0 0 0 0 0 0 889 135 0 0 0 0 0 0 131 885 8 0 0 0 
0 671 346 7 0 0 0 0 0 186 658 180 0 0 0 0 0 72 393 516 43 0 0 0 
0 582 439 3 0 0 0 0 0 169 620 235 0 0 0 0 0 127 250 645 2 0 0 0 
3 305 595 70 51 0 0 0 0 28 441 461 59 35 0 0 0 47 501 398 52 26 0 0 
0 402 548 54 18 2 0 0 0 6 475 493 34 16 0 0 0 0 348 509 162 5 0 0 
0 396 535 71 22 0 0 0 0 46 429 478 68 3 0 0 0 0 419 324 281 0 0 0 
0 221 756 47 0 0 0 0 0 0 345 656 23 0 0 0 0 0 145 695 184 0 0 0 
0 430 589 5 0 0 0 0 0 1 773 250 0 0 0 0 0 0 284 696 44 0 0 0 
0 314 599 111 0 0 0 0 0 0 528 346 150 0 0 0 0 0 9 488 252 274 1 0 
0 65 832 127 0 0 0 0 0 0 68 787 169 0 0 0 0 0 0 17 415 584 8 0 
0 7 1017 0 0 0 0 0 0 0 9 1015 0 0 0 0 0 0 0 17 988 19 0 0 
0 0 0 1024 0 0 0 0 0 0 0 55 969 0 0 0 0 0 0 0 1024 0 0 0 
0 0 0 1024 0 0 0 0 0 0 0 537 487 0 0 0 0 0 0 0 1024 0 0 0 
0 0 0 1024 0 0 0 0 0 0 0 1013 11 0 0 0 0 0 0 6 1018 0 0 0 
0 0 8 1016 0 0 0 0 0 0 0 1024 0 0 0 0 0 0 0 654 370 0 0 0 
0 44 714 266 0 0 0 0 0 24 72 928 0 0 0 0 0 0 50 974 0 0 0 0 
65 97 862 0 0 0 0 0 12 121 688 203 0 0 0 0 0 99 201 724 0 0 0 0 
285 575 164 0 0 0 0 0 136 415 473 0 0 0 0 0 32 449 543 0 0 0 0 0 
310 714 0 0 0 0 0 0 109 915 0 0 0 0 0 0 82 631 311 0 0 0 0 0 
425 599 0 0 0 0 0 0 1 1021 2 0 0 0 0 0 0 63 961 0 0 0 0 0 
764 260 0 0 0 0 0 0 10 1014 0 0 0 0 0 0 0 49 975 0 0 0 0 0 
668 356 0 0 0 0 0 0 119 895 10 0 0 0 0 0 1 471 542 10 0 0 0 0 
468 556 0 0 0 0 0 0 23 859 142 0 0 0 0 0 18 156 849 1 0 0 0 0 
996 28 0 0 0 0 0 0 874 144 6 0 0 0 0 0 534 458 32 0 0 0 0 0 
1006 18 0 0 0 0 0 0 753 271 0 0 0 0 0 0 505 519 0 0 0 0 0 0 
831 193 0 0 0 0 0 0 438 586 0 0 0 0 0 0 237 725 62 0 0 0 0 0 
379 645 0 0 0 0 0 0 157 812 55 0 0 0 0 0 9 517 498 0 0 0 0 0 
309 715 0 0 0 0 0 0 80 882 62 0 0 0 0 0 36 482 506 0 0 0 0 0 
159 829 36 0 0 0 0 0 32 622 370 0 0 0 0 0 13 345 663 3 0 0 0 0 
294 706 24 0 0 0 0 0 26 686 312 0 0 0 0 0 21 407 591 5 0 0 0 0 
19 959 46 0 0 0 0 0 0 418 606 0 0 0 0 0 0 105 917 2 0 0 0 0 
10 950 64 0 0 0 0 0 1 238 784 1 0 0 0 0 0 62 906 56 0 0 0 0 
310 701 12 1 0 0 0 0 88 836 96 4 0 0 0 0 66 834 121 3 0 0 0 0 
180 690 152 2 0 0 0 0 1 692 319 12 0 0 0 0 27 646 323 28 0 0 0 0 
69 713 242 0 0 0 0 0 0 611 346 67 0 0 0 0 1 652 283 88 0 0 0 0 
5 673 346 0 0 0 0 0 0 238 654 132 0 0 0 0 0 524 333 167 0 0 0 0 
4 361 556 97 5 1 0 0 0 56 624 280 60 4 0 0 0 133 534 323 31 3 0 0 
34 706 136 141 7 0 0 0 0 295 509 112 104 4 0 0 0 312 495 185 32 0 0 0 
42 793 109 80 0 0 0 0 0 333 562 110 19 0 0 0 0 265 373 322 64 0 0 0 
48 860 116 0 0 0 0 0 0 474 532 18 0 0 0 0 0 343 483 198 0 0 0 0 
6 496 522 0 0 0 0 0 0 76 804 144 0 0 0 0 0 10 337 673 4 0 0 0 
1 671 352 0 0 0 0 0 0 164 703 157 0 0 0 0 0 69 421 532 2 0 0 0 
0 547 477 0 0 0 0 0 0 0 794 230 0 0 0 0 0 0 19 1005 0 0 0 0 
0 504 520 0 0 0 0 0 0 8 731 285 0 0 0 0 0 0 407 610 7 0 0 0 
0 295 729 0 0 0 0 0 0 0 356 668 0 0 0 0 0 0 21 952 51 0 0 0 
1 361 649 13 0 0 0 0 0 64 345 615 0 0 0 0 0 0 151 622 251 0 0 0 
0 186 826 12 0 0 0 0 0 8 197 811 8 0 0 0 0 0 94 466 464 0 0 0 
0 215 809 0 0 0 0 0 0 0 324 700 0 0 0 0 0 0 81 782 161 0 0 0 
0 326 664 34 0 0 0 0 0 0 534 446 44 0 0 0 0 0 92 712 149 71 0 0 
0 4 877 143 0 0 0 0 0 0 12 895 117 0 0 0 0 0 0 1 670 352 1 0 
0 20 994 7 3 0 0 0 0 0 64 949 8 3 0 0 0 0 0 317 702 3 2 0 
0 0 0 1024 0 0 0 0 0 0 0 762 262 0 0 0 0 0 0 0 1024 0 0 0 
0 0 0 1024 0 0 0 0 0 0 0 1024 0 0 0 0 0 0 0 18 1006 0 0 0 
2 59 36 927 0 0 0 0 0 17 56 951 0 0 0 0 0 1 59 241 723 0 0 0 
135 199 223 467 0 0 0 0 5 209 145 665 0 0 0 0 0 171 165 617 71 0 0 0 
80 712 227 5 0 0 0 0 3 448 422 151 0 0 0 0 0 112 728 184 0 0 0 0 
324 700 0 0 0 0 0 0 32 758 234 0 0 0 0 0 1 437 586 0 0 0 0 0 
663 361 0 0 0 0 0 0 96 928 0 0 0 0 0 0 27 985 12 0 0 0 0 0 
611 413 0 0 0 0 0 0 323 701 0 0 0 0 0 0 144 760 120 0 0 0 0 0 
64 960 0 0 0 0 0 0 0 1022 2 0 0 0 0 0 0 274 750 0 0 0 0 0 
399 625 0 0 0 0 0 0 21 1003 0 0 0 0 0 0 1 114 909 0 0 0 0 0 
921 103 0 0 0 0 0 0 431 587 6 0 0 0 0 0 161 767 94 2 0 0 0 0 
756 268 0 0 0 0 0 0 75 949 0 0 0 0 0 0 3 973 48 0 0 0 0 0 
650 374 0 0 0 0 0 0 183 839 2 0 0 0 0 0 31 962 31 0 0 0 0 0 
408 612 4 0 0 0 0 0 17 908 99 0 0 0 0 0 0 723 300 1 0 0 0 0 
223 739 62 0 0 0 0 0 8 666 350 0 0 0 0 0 2 365 646 11 0 0 0 0 
17 836 171 0 0 0 0 0 1 292 731 0 0 0 0 0 0 93 910 21 0 0 0 0 
3 1005 16 0 0 0 0 0 0 405 617 2 0 0 0 0 0 124 896 4 0 0 0 0 
4 954 66 0 0 0 0 0 0 399 625 0 0 0 0 0 0 115 899 10 0 0 0 0 
180 687 157 0 0 0 0 0 40 454 529 1 0 0 0 0 20 382 601 21 0 0 0 0 
59 909 56 0 0 0 0 0 0 359 665 0 0 0 0 0 0 177 744 103 0 0 0 0 
15 972 37 0 0 0 0 0 0 374 650 0 0 0 0 0 0 208 752 64 0 0 0 0 
93 905 26 0 0 0 0 0 18 680 326 0 0 0 0 0 3 428 592 1 0 0 0 0 
473 511 40 0 0 0 0 0 33 673 318 0 0 0 0 0 10 541 471 2 0 0 0 0 
240 713 71 0 0 0 0 0 1 525 498 0 0 0 0 0 0 466 526 32 0 0 0 0 
55 778 191 0 0 0 0 0 0 217 807 0 0 0 0 0 0 200 700 124 0 0 0 0 
41 571 357 41 14 0 0 0 0 185 755 41 41 2 0 0 0 171 670 154 29 0 0 0 
41 408 385 190 0 0 0 0 0 300 331 262 131 0 0 0 0 247 331 418 28 0 0 0 
62 617 345 0 0 0 0 0 1 411 485 127 0 0 0 0 0 346 472 206 0 0 0 0 
5 297 722 0 0 0 0 0 0 58 447 519 0 0 0 0 0 47 196 781 0 0 0 0 
0 120 904 0 0 0 0 0 0 0 490 534 0 0 0 0 0 0 17 1007 0 0 0 0 
4 589 429 2 0 0 0 0 0 133 723 168 0 0 0 0 0 39 332 651 2 0 0 0 
0 750 274 0 0 0 0 0 0 56 816 152 0 0 0 0 0 1 307 708 8 0 0 0 
0 837 187 0 0 0 0 0 0 23 849 152 0 0 0 0 0 0 402 609 13 0 0 0 
0 617 407 0 0 0 0 0 0 0 612 412 0 0 0 0 0 0 11 952 61 0 0 0 
1 331 692 0 0 0 0 0 0 0 237 787 0 0 0 0 0 0 3 724 297 0 0 0 
0 149 875 0 0 0 0 0 0 0 130 894 0 0 0 0 0 0 9 283 732 0 0 0 
0 32 986 6 0 0 0 0 0 0 41 971 12 0 0 0 0 0 0 164 860 0 0 0 
0 107 844 73 0 0 0 0 0 0 206 769 49 0 0 0 0 0 24 529 468 3 0 0 
0 18 366 636 4 0 0 0 0 0 23 548 449 4 0 0 0 0 0 48 859 117 0 0 
0 3 451 570 0 0 0 0 0 0 38 555 431 0 0 0 0 0 0 145 813 66 0 0 
592 147 20 265 0 0 0 0 301 387 66 254 16 0 0 0 101 522 121 34 246 0 0 0 
430 323 119 152 0 0 0 0 96 504 258 164 2 0 0 0 43 411 393 61 116 0 0 0 
734 247 19 24 0 0 0 0 32 850 111 31 0 0 0 0 1 849 136 37 1 0 0 0 
393 595 36 0 0 0 0 0 41 573 410 0 0 0 0 0 4 512 494 14 0 0 0 0 
232 790 2 0 0 0 0 0 18 788 218 0 0 0 0 0 0 656 366 2 0 0 0 0 
69 955 0 0 0 0 0 0 0 978 46 0 0 0 0 0 0 388 636 0 0 0 0 0 
249 773 2 0 0 0 0 0 2 681 341 0 0 0 0 0 0 380 644 0 0 0 0 0 
305 719 0 0 0 0 0 0 29 796 199 0 0 0 0 0 1 443 580 0 0 0 0 0 
333 688 3 0 0 0 0 0 7 978 39 0 0 0 0 0 0 718 306 0 0 0 0 0 
249 775 0 0 0 0 0 0 29 715 280 0 0 0 0 0 0 426 598 0 0 0 0 0 
382 636 6 0 0 0 0 0 41 730 253 0 0 0 0 0 9 603 408 4 0 0 0 0 
263 733 28 0 0 0 0 0 23 718 282 1 0 0 0 0 3 486 526 9 0 0 0 0 
222 773 29 0 0 0 0 0 12 653 348 11 0 0 0 0 0 387 590 47 0 0 0 0 
131 815 78 0 0 0 0 0 0 455 568 1 0 0 0 0 0 283 713 28 0 0 0 0 
23 783 218 0 0 0 0 0 0 485 520 19 0 0 0 0 0 180 657 187 0 0 0 0 
18 509 487 10 0 0 0 0 0 186 756 82 0 0 0 0 0 72 513 439 0 0 0 0 
7 417 589 11 0 0 0 0 0 145 635 244 0 0 0 0 0 60 460 499 5 0 0 0 
0 574 438 12 0 0 0 0 0 91 837 96 0 0 0 0 0 6 724 288 6 0 0 0 
76 449 489 10 0 0 0 0 25 114 830 55 0 0 0 0 8 99 697 220 0 0 0 0 
0 714 310 0 0 0 0 0 0 22 1000 2 0 0 0 0 0 2 810 212 0 0 0 0 
14 694 316 0 0 0 0 0 0 321 676 27 0 0 0 0 0 314 602 108 0 0 0 0 
12 526 486 0 0 0 0 0 1 183 811 29 0 0 0 0 0 177 565 282 0 0 0 0 
185 516 323 0 0 0 0 0 1 425 597 1 0 0 0 0 0 414 439 171 0 0 0 0 
30 615 379 0 0 0 0 0 0 79 943 2 0 0 0 0 0 63 638 323 0 0 0 0 
4 650 370 0 0 0 0 0 0 11 1010 3 0 0 0 0 0 6 487 531 0 0 0 0 
8 828 188 0 0 0 0 0 0 76 937 11 0 0 0 0 0 45 691 288 0 0 0 0 
71 903 50 0 0 0 0 0 0 392 606 26 0 0 0 0 0 338 609 77 0 0 0 0 
83 591 350 0 0 0 0 0 0 356 461 207 0 0 0 0 0 271 303 450 0 0 0 0 
18 435 571 0 0 0 0 0 0 30 522 472 0 0 0 0 0 1 94 928 1 0 0 0 
1 334 689 0 0 0 0 0 0 1 527 496 0 0 0 0 0 0 107 833 84 0 0 0 
0 11 1009 4 0 0 0 0 0 0 73 951 0 0 0 0 0 0 1 908 115 0 0 0 
0 264 732 28 0 0 0 0 0 21 425 578 0 0 0 0 0 0 192 612 220 0 0 0 
0 389 635 0 0 0 0 0 0 6 426 592 0 0 0 0 0 2 184 681 157 0 0 0 
0 51 973 0 0 0 0 0 0 0 50 972 2 0 0 0 0 0 0 295 728 1 0 0 
0 26 800 197 1 0 0 0 0 0 12 624 384 4 0 0 0 0 0 205 590 229 0 0 
0 10 505 497 12 0 0 0 0 0 0 422 523 79 0 0 0 0 0 19 566 407 32 0 
0 0 208 418 367 31 0 0 0 0 0 164 312 273 275 0 0 0 0 3 318 241 311 151 
0 0 61 303 487 173 0 0 0 0 0 75 250 308 391 0 0 0 0 0 205 191 364 264 
0 0 0 305 449 90 180 0 0 0 0 0 275 342 223 184 0 0 0 0 46 285 336 357 
0 0 0 580 236 32 176 0 0 0 0 1 473 286 89 175 0 0 0 0 145 497 162 220 
947 77 0 0 0 0 0 0 432 580 12 0 0 0 0 0 206 681 137 0 0 0 0 0 
845 179 0 0 0 0 0 0 255 769 0 0 0 0 0 0 128 887 9 0 0 0 0 0 
849 175 0 0 0 0 0 0 239 784 1 0 0 0 0 0 158 833 33 0 0 0 0 0 
697 327 0 0 0 0 0 0 335 689 0 0 0 0 0 0 292 709 23 0 0 0 0 0 
575 449 0 0 0 0 0 0 122 902 0 0 0 0 0 0 119 901 4 0 0 0 0 0 
199 824 1 0 0 0 0 0 2 867 155 0 0 0 0 0 0 773 251 0 0 0 0 0 
3 998 23 0 0 0 0 0 0 290 734 0 0 0 0 0 0 58 955 11 0 0 0 0 
0 1022 2 0 0 0 0 0 0 318 706 0 0 0 0 0 0 66 958 0 0 0 0 0 
25 998 1 0 0 0 0 0 0 792 232 0 0 0 0 0 0 371 653 0 0 0 0 0 
3 915 106 0 0 0 0 0 0 212 812 0 0 0 0 0 0 74 922 28 0 0 0 0 
12 829 183 0 0 0 0 0 0 166 858 0 0 0 0 0 0 1 830 193 0 0 0 0 
35 829 160 0 0 0 0 0 0 159 860 5 0 0 0 0 0 4 701 317 2 0 0 0 
27 578 419 0 0 0 0 0 0 165 822 37 0 0 0 0 0 2 544 478 0 0 0 0 
1 579 438 6 0 0 0 0 0 55 939 30 0 0 0 0 0 3 646 373 2 0 0 0 
0 492 532 0 0 0 0 0 0 20 954 50 0 0 0 0 0 0 587 437 0 0 0 0 
0 203 816 5 0 0 0 0 0 0 908 116 0 0 0 0 0 0 383 637 4 0 0 0 
0 105 898 21 0 0 0 0 0 1 888 135 0 0 0 0 0 0 504 516 4 0 0 0 
0 287 737 0 0 0 0 0 0 23 978 23 0 0 0 0 0 0 553 471 0 0 0 0 
0 622 402 0 0 0 0 0 0 36 965 23 0 0 0 0 0 0 712 312 0 0 0 0 
0 739 283 2 0 0 0 0 0 18 938 68 0 0 0 0 0 1 759 264 0 0 0 0 
4 797 223 0 0 0 0 0 0 448 532 44 0 0 0 0 0 437 404 183 0 0 0 0 
6 344 674 0 0 0 0 0 0 40 851 133 0 0 0 0 0 36 266 722 0 0 0 0 
0 397 627 0 0 0 0 0 0 19 882 123 0 0 0 0 0 9 217 798 0 0 0 0 
1 467 556 0 0 0 0 0 0 6 951 67 0 0 0 0 0 0 224 800 0 0 0 0 
0 841 183 0 0 0 0 0 0 1 1009 14 0 0 0 0 0 0 277 747 0 0 0 0 
0 867 157 0 0 0 0 0 0 0 998 26 0 0 0 0 0 0 425 599 0 0 0 0 
53 687 284 0 0 0 0 0 0 229 705 90 0 0 0 0 0 161 407 456 0 0 0 0 
15 480 529 0 0 0 0 0 0 112 757 155 0 0 0 0 0 84 102 838 0 0 0 0 
0 591 433 0 0 0 0 0 0 0 812 212 0 0 0 0 0 0 10 999 15 0 0 0 
0 317 707 0 0 0 0 0 0 0 619 405 0 0 0 0 0 0 1 973 50 0 0 0 
0 2 997 25 0 0 0 0 0 0 40 983 1 0 0 0 0 0 0 483 541 0 0 0 
0 43 977 4 0 0 0 0 0 0 25 999 0 0 0 0 0 0 0 336 688 0 0 0 
0 12 765 247 0 0 0 0 0 0 6 922 96 0 0 0 0 0 0 122 896 6 0 0 
0 0 464 479 77 4 0 0 0 0 0 466 473 70 13 2 0 0 0 4 730 228 55 7 
0 0 271 649 99 5 0 0 0 0 0 268 573 114 68 1 0 0 0 2 531 320 74 97 
0 0 67 348 508 101 0 0 0 0 0 8 260 465 286 5 0 0 0 0 115 209 415 285 
0 0 0 156 645 223 0 0 0 0 0 0 19 514 455 36 0 0 0 0 0 45 583 396 
0 0 0 38 508 386 92 0 0 0 0 0 13 333 544 134 0 0 0 0 0 30 480 514 
0 0 0 0 40 72 688 224 0 0 0 0 0 16 70 938 0 0 0 0 0 1 47 976 
0 0 0 0 0 0 952 72 0 0 0 0 0 0 3 1021 0 0 0 0 0 0 0 1024 
300 724 0 0 0 0 0 0 166 841 17 0 0 0 0 0 173 638 213 0 0 0 0 0 
795 229 0 0 0 0 0 0 357 665 2 0 0 0 0 0 268 580 176 0 0 0 0 0 
936 88 0 0 0 0 0 0 634 387 3 0 0 0 0 0 511 460 53 0 0 0 0 0 
420 604 0 0 0 0 0 0 261 748 15 0 0 0 0 0 258 465 301 0 0 0 0 0 
89 935 0 0 0 0 0 0 2 659 363 0 0 0 0 0 0 484 540 0 0 0 0 0 
85 928 11 0 0 0 0 0 0 853 171 0 0 0 0 0 0 500 522 2 0 0 0 0 
20 999 5 0 0 0 0 0 0 511 513 0 0 0 0 0 0 273 738 13 0 0 0 0 
0 798 226 0 0 0 0 0 0 257 762 5 0 0 0 0 0 41 890 93 0 0 0 0 
0 447 577 0 0 0 0 0 0 59 951 14 0 0 0 0 0 21 692 311 0 0 0 0 
0 565 459 0 0 0 0 0 0 75 889 60 0 0 0 0 0 12 691 321 0 0 0 0 
0 389 631 4 0 0 0 0 0 26 739 259 0 0 0 0 0 3 494 527 0 0 0 0 
0 29 995 0 0 0 0 0 0 0 630 394 0 0 0 0 0 0 147 877 0 0 0 0 
0 38 984 2 0 0 0 0 0 0 688 336 0 0 0 0 0 0 131 893 0 0 0 0 
0 51 964 9 0 0 0 0 0 0 716 308 0 0 0 0 0 0 151 873 0 0 0 0 
1 162 850 11 0 0 0 0 0 10 482 532 0 0 0 0 0 4 123 888 9 0 0 0 
0 127 873 24 0 0 0 0 0 12 575 437 0 0 0 0 0 4 158 862 0 0 0 0 
0 180 833 11 0 0 0 0 0 0 801 223 0 0 0 0 0 0 322 700 2 0 0 0 
0 196 823 5 0 0 0 0 0 3 720 301 0 0 0 0 0 0 390 634 0 0 0 0 
0 162 846 16 0 0 0 0 0 0 472 552 0 0 0 0 0 0 137 885 2 0 0 0 
0 446 512 66 0 0 0 0 0 0 658 366 0 0 0 0 0 0 191 831 2 0 0 0 
6 725 292 1 0 0 0 0 0 430 432 162 0 0 0 0 0 432 252 340 0 0 0 0 
0 63 961 0 0 0 0 0 0 0 712 312 0 0 0 0 0 0 58 966 0 0 0 0 
0 78 945 1 0 0 0 0 0 0 520 504 0 0 0 0 0 0 11 1012 1 0 0 0 
0 248 765 11 0 0 0 0 0 0 474 550 0 0 0 0 0 0 118 905 1 0 0 0 
0 115 904 5 0 0 0 0 0 0 363 661 0 0 0 0 0 0 20 1002 2 0 0 0 
0 657 367 0 0 0 0 0 0 11 919 94 0 0 0 0 0 0 388 636 0 0 0 0 
0 299 724 1 0 0 0 0 0 0 508 516 0 0 0 0 0 0 154 767 103 0 0 0 
0 176 834 14 0 0 0 0 0 0 353 671 0 0 0 0 0 0 0 747 277 0 0 0 
0 84 929 11 0 0 0 0 0 0 225 799 0 0 0 0 0 0 0 651 373 0 0 0 
0 45 929 50 0 0 0 0 0 0 77 947 0 0 0 0 0 0 0 464 560 0 0 0 
0 7 896 121 0 0 0 0 0 0 6 999 19 0 0 0 0 0 0 172 852 0 0 0 
0 0 684 340 0 0 0 0 0 0 0 929 95 0 0 0 0 0 0 8 1016 0 0 0 
0 0 239 700 80 5 0 0 0 0 0 458 496 63 7 0 0 0 0 15 847 111 48 3 
0 0 128 393 318 184 1 0 0 0 0 73 443 243 262 3 0 0 0 0 319 257 227 221 
0 0 67 540 317 99 1 0 0 0 0 70 490 195 244 25 0 0 0 0 184 415 175 250 
0 0 30 109 175 669 41 0 0 0 0 23 98 89 671 143 0 0 0 0 65 78 174 707 
0 0 0 0 118 720 186 0 0 0 0 0 0 9 569 446 0 0 0 0 0 0 62 962 
0 0 0 1 23 623 377 0 0 0 0 0 0 12 466 546 0 0 0 0 0 2 69 953 
0 0 0 0 3 48 639 334 0 0 0 0 0 0 35 989 0 0 0 0 0 0 4 1020 
0 0 0 0 0 0 714 310 0 0 0 0 0 0 5 1019 0 0 0 0 0 0 0 1024 
372 652 0 0 0 0 0 0 108 916 0 0 0 0 0 0 116 907 1 0 0 0 0 0 
707 317 0 0 0 0 0 0 384 621 19 0 0 0 0 0 351 514 159 0 0 0 0 0 
276 746 2 0 0 0 0 0 59 718 247 0 0 0 0 0 43 560 421 0 0 0 0 0 
27 985 12 0 0 0 0 0 0 167 857 0 0 0 0 0 0 104 898 22 0 0 0 0 
77 939 8 0 0 0 0 0 1 734 289 0 0 0 0 0 0 434 568 22 0 0 0 0 
26 905 93 0 0 0 0 0 0 451 573 0 0 0 0 0 0 306 672 46 0 0 0 0 
0 748 276 0 0 0 0 0 0 125 889 10 0 0 0 0 0 0 764 260 0 0 0 0 
23 859 142 0 0 0 0 0 0 131 888 5 0 0 0 0 0 6 795 223 0 0 0 0 
0 435 589 0 0 0 0 0 0 10 986 28 0 0 0 0 0 0 528 496 0 0 0 0 
6 123 895 0 0 0 0 0 0 12 912 100 0 0 0 0 0 6 291 727 0 0 0 0 
0 67 954 3 0 0 0 0 0 0 899 125 0 0 0 0 0 0 108 915 1 0 0 0 
0 202 822 0 0 0 0 0 0 0 892 132 0 0 0 0 0 0 128 896 0 0 0 0 
0 207 815 2 0 0 0 0 0 0 792 232 0 0 0 0 0 0 146 878 0 0 0 0 
1 196 800 27 0 0 0 0 0 102 527 395 0 0 0 0 0 7 296 721 0 0 0 0 
1 207 788 28 0 0 0 0 0 73 592 359 0 0 0 0 0 7 330 687 0 0 0 0 
3 70 911 40 0 0 0 0 0 16 590 418 0 0 0 0 0 8 99 917 0 0 0 0 
0 81 943 0 0 0 0 0 0 0 626 398 0 0 0 0 0 0 49 975 0 0 0 0 
0 124 884 16 0 0 0 0 0 1 620 403 0 0 0 0 0 0 55 967 2 0 0 0 
0 62 816 146 0 0 0 0 0 0 543 481 0 0 0 0 0 0 65 939 20 0 0 0 
0 91 874 59 0 0 0 0 0 1 636 387 0 0 0 0 0 0 59 961 4 0 0 0 
0 197 763 64 0 0 0 0 0 20 641 363 0 0 0 0 0 23 107 857 37 0 0 0 
0 30 854 140 0 0 0 0 0 0 308 716 0 0 0 0 0 0 30 898 96 0 0 0 
0 16 850 158 0 0 0 0 0 0 142 882 0 0 0 0 0 0 1 793 230 0 0 0 
0 174 850 0 0 0 0 0 0 0 466 558 0 0 0 0 0 0 0 885 139 0 0 0 
0 120 694 210 0 0 0 0 0 0 319 705 0 0 0 0 0 0 0 728 296 0 0 0 
0 377 544 103 0 0 0 0 0 2 547 475 0 0 0 0 0 0 392 539 93 0 0 0 
0 274 733 17 0 0 0 0 0 1 603 420 0 0 0 0 0 1 85 815 123 0 0 0 
0 53 752 219 0 0 0 0 0 0 189 831 4 0 0 0 0 0 1 645 378 0 0 0 
0 34 579 411 0 0 0 0 0 0 78 892 54 0 0 0 0 0 4 368 652 0 0 0 
0 0 358 656 10 0 0 0 0 0 9 804 210 1 0 0 0 0 0 118 881 25 0 0 
0 0 217 623 128 56 0 0 0 0 3 327 538 95 61 0 0 0 0 34 763 116 94 17 
0 0 123 516 126 189 70 0 0 0 0 163 475 138 217 31 0 0 0 0 458 225 167 174 
0 1 196 266 428 118 15 0 0 0 0 192 146 511 142 33 0 0 0 0 224 109 484 207 
0 0 4 166 262 398 194 0 0 0 0 5 169 124 562 164 0 0 0 0 96 91 182 655 
0 0 0 167 194 574 89 0 0 0 0 0 162 107 661 94 0 0 0 0 2 207 107 708 
0 0 12 170 298 508 36 0 0 0 0 3 153 181 583 104 0 0 0 0 26 167 191 640 
0 0 2 211 417 351 43 0 0 0 0 3 148 243 517 113 0 0 0 0 15 194 267 548 
0 0 0 127 501 275 121 0 0 0 0 0 84 271 520 149 0 0 0 0 1 139 325 559 
0 0 0 2 5 21 608 388 0 0 0 0 2 3 21 998 0 0 0 0 0 4 11 1009 
0 0 0 0 0 0 368 656 0 0 0 0 0 0 0 1024 0 0 0 0 0 0 0 1024 
303 709 12 0 0 0 0 0 59 867 98 0 0 0 0 0 45 698 281 0 0 0 0 0 
106 859 59 0 0 0 0 0 17 506 501 0 0 0 0 0 8 300 703 13 0 0 0 0 
11 800 213 0 0 0 0 0 0 51 973 0 0 0 0 0 0 30 958 36 0 0 0 0 
47 976 1 0 0 0 0 0 0 542 482 0 0 0 0 0 0 462 562 0 0 0 0 0 
31 990 3 0 0 0 0 0 0 813 211 0 0 0 0 0 0 517 504 3 0 0 0 0 
26 963 35 0 0 0 0 0 0 357 667 0 0 0 0 0 0 110 910 4 0 0 0 0 
0 979 45 0 0 0 0 0 0 123 901 0 0 0 0 0 0 7 996 21 0 0 0 0 
0 891 133 0 0 0 0 0 0 91 933 0 0 0 0 0 0 1 1007 16 0 0 0 0 
4 871 147 2 0 0 0 0 0 88 915 21 0 0 0 0 0 0 767 253 4 0 0 0 
0 739 285 0 0 0 0 0 0 53 953 18 0 0 0 0 0 3 504 517 0 0 0 0 
0 515 508 1 0 0 0 0 0 72 835 117 0 0 0 0 0 12 401 607 4 0 0 0 
0 115 909 0 0 0 0 0 0 0 909 115 0 0 0 0 0 0 164 860 0 0 0 0 
0 64 951 9 0 0 0 0 0 1 667 356 0 0 0 0 0 0 60 962 2 0 0 0 
0 61 924 39 0 0 0 0 0 26 350 648 0 0 0 0 0 4 89 931 0 0 0 0 
0 19 997 8 0 0 0 0 0 6 459 559 0 0 0 0 0 1 27 991 5 0 0 0 
0 77 874 73 0 0 0 0 0 0 611 413 0 0 0 0 0 0 247 777 0 0 0 0 
0 126 894 4 0 0 0 0 0 0 574 450 0 0 0 0 0 0 170 818 36 0 0 0 
0 34 988 2 0 0 0 0 0 0 323 701 0 0 0 0 0 0 9 983 32 0 0 0 
0 105 916 3 0 0 0 0 0 0 447 577 0 0 0 0 0 0 19 989 16 0 0 0 
0 190 801 33 0 0 0 0 0 0 473 551 0 0 0 0 0 0 7 940 77 0 0 0 
0 106 882 36 0 0 0 0 0 0 340 684 0 0 0 0 0 0 3 918 103 0 0 0 
0 1 842 181 0 0 0 0 0 0 10 1014 0 0 0 0 0 0 1 693 330 0 0 0 
0 6 703 315 0 0 0 0 0 0 36 951 37 0 0 0 0 0 0 413 610 1 0 0 
0 69 300 655 0 0 0 0 0 0 92 926 6 0 0 0 0 0 0 285 739 0 0 0 
0 37 585 402 0 0 0 0 0 0 209 804 11 0 0 0 0 0 0 640 384 0 0 0 
0 47 900 77 0 0 0 0 0 0 160 864 0 0 0 0 0 0 8 424 592 0 0 0 
0 3 872 149 0 0 0 0 0 0 46 968 10 0 0 0 0 0 0 279 745 0 0 0 
0 0 347 677 0 0 0 0 0 0 0 813 211 0 0 0 0 0 0 70 954 0 0 0 
0 0 219 760 45 0 0 0 0 0 3 437 541 43 0 0 0 0 0 35 822 146 21 0 
0 0 98 574 222 130 0 0 0 0 0 339 312 126 246 1 0 0 0 2 579 97 146 200 
0 0 1 294 299 419 11 0 0 0 0 7 316 209 438 54 0 0 0 0 172 235 235 382 
0 0 0 1 186 726 111 0 0 0 0 0 0 59 892 73 0 0 0 0 0 1 123 900 
0 0 0 1 57 836 130 0 0 0 0 0 1 47 702 274 0 0 0 0 0 2 89 933 
0 1 2 12 96 738 175 0 0 0 0 2 10 47 807 158 0 0 0 1 2 15 103 903 
0 0 0 35 362 578 49 0 0 0 0 0 28 164 778 54 0 0 0 0 0 56 233 735 
0 0 0 5 268 718 33 0 0 0 0 0 4 108 787 125 0 0 0 0 0 11 187 826 
0 0 0 0 439 550 35 0 0 0 0 0 0 29 885 110 0 0 0 0 0 0 103 921 
0 0 0 15 519 469 21 0 0 0 0 0 9 87 857 71 0 0 0 0 0 16 135 873 
0 0 0 0 0 0 435 589 0 0 0 0 0 0 0 1024 0 0 0 0 0 0 0 1024 
0 0 0 0 0 0 208 816 0 0 0 0 0 0 0 1024 0 0 0 0 0 0 0 1024 
40 963 21 0 0 0 0 0 1 274 749 0 0 0 0 0 1 210 809 4 0 0 0 0 
37 969 18 0 0 0 0 0 0 616 408 0 0 0 0 0 0 497 527 0 0 0 0 0 
43 981 0 0 0 0 0 0 0 509 515 0 0 0 0 0 0 314 710 0 0 0 0 0 
31 832 161 0 0 0 0 0 0 417 607 0 0 0 0 0 0 277 739 8 0 0 0 0 
0 995 29 0 0 0 0 0 0 115 909 0 0 0 0 0 0 3 990 31 0 0 0 0 
0 956 68 0 0 0 0 0 0 60 957 7 0 0 0 0 0 2 871 151 0 0 0 0 
22 924 78 0 0 0 0 0 0 189 826 9 0 0 0 0 0 49 889 86 0 0 0 0 
16 663 345 0 0 0 0 0 0 214 809 1 0 0 0 0 0 34 705 285 0 0 0 0 
8 910 106 0 0 0 0 0 0 416 581 27 0 0 0 0 0 77 763 183 1 0 0 0 
1 576 447 0 0 0 0 0 0 136 763 125 0 0 0 0 0 6 477 541 0 0 0 0 
0 728 296 0 0 0 0 0 0 189 751 84 0 0 0 0 0 34 669 321 0 0 0 0 
0 352 672 0 0 0 0 0 0 9 756 259 0 0 0 0 0 0 373 651 0 0 0 0 
0 172 852 0 0 0 0 0 0 0 704 320 0 0 0 0 0 0 282 742 0 0 0 0 
0 143 742 139 0 0 0 0 0 0 544 474 6 0 0 0 0 0 120 822 82 0 0 0 
0 60 796 168 0 0 0 0 0 0 277 742 5 0 0 0 0 0 78 777 169 0 0 0 
0 40 882 102 0 0 0 0 0 0 396 591 37 0 0 0 0 0 37 743 244 0 0 0 
0 122 899 3 0 0 0 0 0 0 776 248 0 0 0 0 0 0 224 800 0 0 0 0 
0 3 998 23 0 0 0 0 0 0 566 458 0 0 0 0 0 0 36 980 8 0 0 0 
0 146 785 93 0 0 0 0 0 0 539 485 0 0 0 0 0 0 39 950 35 0 0 0 
0 10 695 319 0 0 0 0 0 0 290 733 1 0 0 0 0 0 29 746 249 0 0 0 
0 0 708 316 0 0 0 0 0 0 0 1008 16 0 0 0 0 0 0 137 887 0 0 0 
0 0 654 370 0 0 0 0 0 0 0 1017 7 0 0 0 0 0 0 136 888 0 0 0 
0 0 431 593 0 0 0 0 0 0 0 931 93 0 0 0 0 0 0 181 842 1 0 0 
0 0 363 661 0 0 0 0 0 0 0 663 361 0 0 0 0 0 0 40 971 13 0 0 
0 0 171 853 0 0 0 0 0 0 0 557 467 0 0 0 0 0 0 13 1008 3 0 0 
0 1 362 556 102 3 0 0 0 0 10 703 218 89 4 0 0 0 0 93 773 116 42 0 
0 0 448 574 2 0 0 0 0 0 0 810 213 1 0 0 0 0 0 25 985 14 0 0 
0 0 237 591 173 23 0 0 0 0 2 497 348 155 22 0 0 0 0 49 648 216 102 9 
0 0 105 318 133 386 82 0 0 0 0 164 256 118 423 63 0 0 0 2 338 129 184 371 
0 0 0 135 332 401 156 0 0 0 0 0 138 230 534 122 0 0 0 0 42 141 247 594 
0 0 0 0 109 729 186 0 0 0 0 0 0 18 818 188 0 0 0 0 0 0 86 938 
0 0 0 0 230 497 297 0 0 0 0 0 0 22 825 177 0 0 0 0 0 0 32 992 
0 0 0 0 1 102 921 0 0 0 0 0 0 2 227 795 0 0 0 0 0 0 12 1012 
0 0 0 1 306 632 85 0 0 0 0 0 0 76 818 130 0 0 0 0 0 2 145 877 
0 0 0 2 194 799 29 0 0 0 0 0 0 68 916 40 0 0 0 0 0 0 96 928 
0 0 0 0 274 745 5 0 0 0 0 0 0 223 789 12 0 0 0 0 0 1 293 730 
0 0 0 3 288 731 2 0 0 0 0 0 2 145 841 36 0 0 0 0 0 5 232 787 
0 0 0 2 205 712 105 0 0 0 0 0 0 157 686 181 0 0 0 0 0 6 290 728 
0 0 0 0 0 0 754 270 0 0 0 0 0 0 0 1024 0 0 0 0 0 0 0 1024 
0 0 0 0 0 0 923 101 0 0 0 0 0 0 0 1024 0 0 0 0 0 0 0 1024 
26 911 87 0 0 0 0 0 0 255 769 0 0 0 0 0 0 148 876 0 0 0 0 0 
7 1012 5 0 0 0 0 0 0 117 907 0 0 0 0 0 0 78 940 6 0 0 0 0 
0 822 202 0 0 0 0 0 0 93 930 1 0 0 0 0 0 23 995 6 0 0 0 0 
0 649 375 0 0 0 0 0 0 47 977 0 0 0 0 0 0 14 1009 1 0 0 0 0 
2 534 483 5 0 0 0 0 0 16 866 142 0 0 0 0 0 8 759 257 0 0 0 0 
22 484 491 27 0 0 0 0 0 161 677 186 0 0 0 0 0 70 597 355 2 0 0 0 
29 916 79 0 0 0 0 0 0 270 727 27 0 0 0 0 0 138 617 269 0 0 0 0 
67 875 80 2 0 0 0 0 0 387 582 55 0 0 0 0 0 190 597 230 7 0 0 0 
25 812 187 0 0 0 0 0 0 271 752 1 0 0 0 0 0 114 710 200 0 0 0 0 
0 581 443 0 0 0 0 0 0 9 945 70 0 0 0 0 0 0 386 638 0 0 0 0 
0 163 861 0 0 0 0 0 0 1 561 462 0 0 0 0 0 0 94 924 6 0 0 0 
0 108 916 0 0 0 0 0 0 0 663 361 0 0 0 0 0 0 156 868 0 0 0 0 
0 553 471 0 0 0 0 0 0 0 988 36 0 0 0 0 0 0 780 244 0 0 0 0 
0 365 659 0 0 0 0 0 0 0 936 88 0 0 0 0 0 0 709 315 0 0 0 0 
0 125 864 35 0 0 0 0 0 2 640 382 0 0 0 0 0 1 276 686 61 0 0 0 
0 89 894 41 0 0 0 0 0 1 606 417 0 0 0 0 0 0 286 592 146 0 0 0 
0 133 867 24 0 0 0 0 0 4 762 258 0 0 0 0 0 0 125 897 2 0 0 0 
0 444 578 2 0 0 0 0 0 20 879 125 0 0 0 0 0 0 310 705 9 0 0 0 
0 91 903 30 0 0 0 0 0 2 694 326 2 0 0 0 0 0 96 897 31 0 0 0 
0 91 886 47 0 0 0 0 0 0 342 679 3 0 0 0 0 0 0 897 127 0 0 0 
0 10 499 515 0 0 0 0 0 0 45 956 23 0 0 0 0 0 0 229 795 0 0 0 
0 0 677 347 0 0 0 0 0 0 33 980 11 0 0 0 0 0 0 282 742 0 0 0 
0 0 279 745 0 0 0 0 0 0 12 878 134 0 0 0 0 0 0 100 924 0 0 0 
0 0 117 907 0 0 0 0 0 0 2 748 274 0 0 0 0 0 0 97 927 0 0 0 
0 0 33 991 0 0 0 0 0 0 0 530 494 0 0 0 0 0 0 27 997 0 0 0 
0 0 114 610 255 45 0 0 0 0 0 417 363 233 11 0 0 0 0 11 635 172 206 0 
0 0 4 284 365 284 87 0 0 0 0 74 245 293 322 90 0 0 0 0 183 219 279 343 
0 0 0 115 207 557 145 0 0 0 0 5 164 132 565 158 0 0 0 0 118 102 141 663 
0 0 0 0 220 606 198 0 0 0 0 0 0 133 688 203 0 0 0 0 0 15 172 837 
0 0 0 0 190 672 162 0 0 0 0 0 0 10 845 169 0 0 0 0 0 0 65 959 
0 0 0 0 457 530 37 0 0 0 0 0 0 41 924 59 0 0 0 0 0 0 85 939 
0 0 0 0 116 496 412 0 0 0 0 0 1 44 757 222 0 0 0 0 0 4 108 912 
0 0 0 3 192 287 542 0 0 0 0 0 5 181 626 212 0 0 0 0 0 57 252 715 
0 0 0 0 179 844 1 0 0 0 0 0 0 25 963 36 0 0 0 0 0 0 53 971 
0 0 0 0 206 818 0 0 0 0 0 0 0 0 1015 9 0 0 0 0 0 0 4 1020 
0 0 0 5 522 497 0 0 0 0 0 0 0 304 707 13 0 0 0 0 0 1 404 619 
0 0 0 2 282 735 5 0 0 0 0 0 0 71 935 18 0 0 0 0 0 0 117 907 
0 0 0 0 52 867 101 4 0 0 0 0 0 0 911 113 0 0 0 0 0 0 8 1016 
0 0 0 18 107 63 533 303 0 0 0 0 9 123 79 813 0 0 0 0 0 0 17 1007 
0 0 0 0 33 41 545 405 0 0 0 0 0 58 36 930 0 0 0 0 0 0 6 1018 
33 963 28 0 0 0 0 0 0 584 440 0 0 0 0 0 0 437 587 0 0 0 0 0 
0 1019 5 0 0 0 0 0 0 0 1024 0 0 0 0 0 0 0 1015 9 0 0 0 0 
21 943 60 0 0 0 0 0 0 190 834 0 0 0 0 0 0 90 827 107 0 0 0 0 
12 833 127 52 0 0 0 0 0 593 336 95 0 0 0 0 0 386 527 111 0 0 0 0 
2 221 672 129 0 0 0 0 0 90 461 473 0 0 0 0 0 28 438 558 0 0 0 0 
28 776 219 1 0 0 0 0 0 429 542 53 0 0 0 0 0 151 652 221 0 0 0 0 
19 877 128 0 0 0 0 0 1 226 742 55 0 0 0 0 0 36 594 393 1 0 0 0 
12 826 181 5 0 0 0 0 0 328 587 109 0 0 0 0 0 59 692 267 6 0 0 0 
33 606 385 0 0 0 0 0 0 363 575 86 0 0 0 0 0 130 423 471 0 0 0 0 
2 491 529 2 0 0 0 0 0 103 699 222 0 0 0 0 0 15 604 403 2 0 0 0 
0 265 759 0 0 0 0 0 0 2 963 59 0 0 0 0 0 0 501 523 0 0 0 0 
0 234 790 0 0 0 0 0 0 6 992 26 0 0 0 0 0 0 253 771 0 0 0 0 
0 123 855 46 0 0 0 0 0 0 536 488 0 0 0 0 0 0 43 972 9 0 0 0 
0 35 920 69 0 0 0 0 0 0 267 751 6 0 0 0 0 0 5 935 84 0 0 0 
0 0 777 247 0 0 0 0 0 0 15 1005 4 0 0 0 0 0 0 289 735 0 0 0 
0 40 938 46 0 0 0 0 0 0 115 902 7 0 0 0 0 0 0 378 646 0 0 0 
0 220 755 49 0 0 0 0 0 10 402 611 1 0 0 0 0 0 90 810 124 0 0 0 
0 831 193 0 0 0 0 0 0 17 993 14 0 0 0 0 0 0 144 878 2 0 0 0 
0 231 779 14 0 0 0 0 0 0 542 481 1 0 0 0 0 0 35 980 9 0 0 0 
0 44 708 272 0 0 0 0 0 0 167 857 0 0 0 0 0 0 0 837 187 0 0 0 
0 119 565 340 0 0 0 0 0 0 349 669 6 0 0 0 0 0 0 587 437 0 0 0 
0 0 336 688 0 0 0 0 0 0 22 799 203 0 0 0 0 0 0 166 858 0 0 0 
0 0 387 637 0 0 0 0 0 0 2 709 313 0 0 0 0 0 0 141 883 0 0 0 
0 0 46 978 0 0 0 0 0 0 0 846 178 0 0 0 0 0 0 9 1001 14 0 0 
0 0 16 597 352 59 0 0 0 0 0 248 339 334 103 0 0 0 0 3 420 252 305 44 
0 0 0 297 174 419 134 0 0 0 0 5 345 116 493 65 0 0 0 0 305 93 172 454 
0 0 0 107 116 593 208 0 0 0 0 0 122 80 601 221 0 0 0 0 61 82 186 695 
0 0 0 0 6 659 359 0 0 0 0 0 0 4 679 341 0 0 0 0 0 0 17 1007 
0 0 0 0 8 499 517 0 0 0 0 0 0 2 639 383 0 0 0 0 0 0 24 1000 
0 0 0 0 17 500 507 0 0 0 0 0 0 4 345 675 0 0 0 0 0 0 17 1007 
0 0 0 3 38 799 184 0 0 0 0 0 3 5 580 436 0 0 0 0 0 4 23 997 
0 0 0 17 432 487 88 0 0 0 0 0 28 204 631 161 0 0 0 0 0 69 216 739 
0 0 0 28 556 425 15 0 0 0 0 0 18 202 743 61 0 0 0 0 1 29 270 724 
0 0 1 91 663 256 13 0 0 0 0 1 59 516 389 59 0 0 0 0 3 96 544 381 
0 0 0 24 229 716 55 0 0 0 0 0 11 117 505 391 0 0 0 0 1 25 161 837 
0 0 0 20 514 468 22 0 0 0 0 0 2 176 750 96 0 0 0 0 0 3 290 731 
0 0 0 27 578 396 23 0 0 0 0 0 1 156 759 108 0 0 0 0 0 5 214 805 
0 0 0 12 237 597 178 0 0 0 0 0 6 107 581 330 0 0 0 0 0 6 204 814 
0 0 81 327 375 182 59 0 0 0 0 160 309 314 159 82 0 0 0 86 364 149 169 256 
0 0 134 434 384 72 0 0 0 0 0 303 265 262 192 2 0 0 0 89 444 74 133 284 
12 724 288 0 0 0 0 0 0 62 955 7 0 0 0 0 0 38 953 33 0 0 0 0 
17 913 94 0 0 0 0 0 0 381 643 0 0 0 0 0 0 290 725 9 0 0 0 0 
27 992 5 0 0 0 0 0 0 680 344 0 0 0 0 0 0 544 480 0 0 0 0 0 
30 909 85 0 0 0 0 0 0 472 550 2 0 0 0 0 0 305 682 37 0 0 0 0 
34 621 357 12 0 0 0 0 0 239 706 79 0 0 0 0 0 163 627 234 0 0 0 0 
15 842 166 1 0 0 0 0 0 254 763 7 0 0 0 0 0 122 673 229 0 0 0 0 
0 720 304 0 0 0 0 0 0 20 1004 0 0 0 0 0 0 0 591 433 0 0 0 0 
3 744 272 5 0 0 0 0 0 37 881 106 0 0 0 0 0 8 648 364 4 0 0 0 
4 519 501 0 0 0 0 0 0 164 544 316 0 0 0 0 0 42 445 532 5 0 0 0 
0 316 708 0 0 0 0 0 0 8 781 235 0 0 0 0 0 2 236 786 0 0 0 0 
0 92 932 0 0 0 0 0 0 0 980 44 0 0 0 0 0 0 553 471 0 0 0 0 
0 32 941 51 0 0 0 0 0 0 736 286 2 0 0 0 0 0 342 670 12 0 0 0 
0 127 568 327 2 0 0 0 0 1 355 653 15 0 0 0 0 0 14 949 61 0 0 0 
0 133 725 166 0 0 0 0 0 1 289 726 8 0 0 0 0 0 3 779 242 0 0 0 
0 26 804 194 0 0 0 0 0 0 61 961 2 0 0 0 0 0 6 381 637 0 0 0 
0 25 724 275 0 0 0 0 0 0 66 943 15 0 0 0 0 0 1 618 405 0 0 0 
0 67 957 0 0 0 0 0 0 0 596 428 0 0 0 0 0 0 28 996 0 0 0 0 
0 183 840 1 0 0 0 0 0 4 645 375 0 0 0 0 0 0 55 937 32 0 0 0 
0 540 483 1 0 0 0 0 0 0 721 303 0 0 0 0 0 0 24 886 114 0 0 0 
4 117 885 18 0 0 0 0 0 23 172 803 26 0 0 0 0 3 86 363 572 0 0 0 
0 77 761 186 0 0 0 0 0 4 138 881 1 0 0 0 0 0 29 552 443 0 0 0 
0 1 186 836 1 0 0 0 0 0 61 727 236 0 0 0 0 0 1 225 798 0 0 0 
0 0 21 834 157 12 0 0 0 0 0 262 556 166 40 0 0 0 0 3 721 142 137 21 
0 0 5 609 218 192 0 0 0 0 0 144 477 141 262 0 0 0 0 5 574 104 177 164 
0 0 0 201 399 400 24 0 0 0 0 4 221 405 388 6 0 0 0 0 131 252 470 171 
0 0 0 22 247 389 366 0 0 0 0 0 17 104 567 336 0 0 0 0 0 26 141 857 
0 0 0 5 172 265 582 0 0 0 0 0 3 70 530 421 0 0 0 0 0 7 110 907 
0 0 0 1 46 412 565 0 0 0 0 0 1 56 583 384 0 0 0 0 0 5 89 930 
0 0 0 0 19 849 156 0 0 0 0 0 0 18 878 128 0 0 0 0 0 0 44 980 
0 0 0 0 201 644 179 0 0 0 0 0 0 171 724 129 0 0 0 0 0 0 344 680 
0 0 0 0 271 659 94 0 0 0 0 0 0 224 548 252 0 0 0 0 0 3 299 722 
0 0 0 1 656 360 7 0 0 0 0 0 0 407 564 53 0 0 0 0 0 3 468 553 
0 0 4 108 385 498 29 0 0 0 0 7 75 302 511 129 0 0 0 0 15 125 286 598 
0 0 9 73 387 490 65 0 0 0 0 2 34 214 501 273 0 0 0 0 2 83 203 736 
0 0 0 2 180 593 249 0 0 0 0 0 0 5 441 578 0 0 0 0 0 0 7 1017 
0 0 0 48 622 354 0 0 0 0 0 0 0 59 823 142 0 0 0 0 0 0 3 1021 
0 0 0 8 430 586 0 0 0 0 0 0 0 15 938 71 0 0 0 0 0 0 40 984 
0 0 2 18 288 565 80 71 0 0 0 0 8 63 767 186 0 0 0 0 0 10 163 851 
0 0 72 496 250 118 44 44 0 0 0 109 530 214 112 59 0 0 0 168 556 101 107 92 
0 0 34 347 251 238 154 0 0 0 0 34 351 252 239 148 0 0 0 48 418 153 90 315 
