0 1 74 203 120 140 167 319 0 0 86 203 107 151 178 299 0 0 86 189 110 141 196 302 
0 0 2 56 52 67 134 713 0 0 1 68 56 71 133 695 0 0 3 63 59 76 126 697 
0 0 0 0 2 5 15 1002 0 0 0 0 0 2 13 1009 0 0 0 0 0 3 17 1004 
0 0 0 3 15 42 63 901 0 0 0 1 6 31 66 920 0 0 0 3 9 38 63 911 
0 0 1 19 39 46 48 871 0 0 0 3 35 48 54 884 0 0 0 11 41 52 54 866 
0 0 11 17 35 37 85 839 0 0 2 20 34 50 97 821 0 0 9 24 36 49 96 810 
3 231 140 92 142 146 135 135 0 217 159 100 158 152 128 110 5 264 128 113 157 147 118 92 
198 757 68 1 0 0 0 0 100 780 143 1 0 0 0 0 361 598 64 1 0 0 0 0 
201 774 49 0 0 0 0 0 145 797 82 0 0 0 0 0 259 717 48 0 0 0 0 0 
6 130 132 101 74 97 74 410 9 127 153 96 60 95 78 406 0 59 124 108 113 110 101 409 
8 220 279 172 76 67 144 58 3 135 307 216 102 64 147 50 2 122 234 224 114 107 170 51 
4 216 264 110 59 50 53 268 0 43 177 202 172 74 69 287 0 132 143 222 125 59 72 271 
3 352 358 122 70 63 41 15 0 124 258 276 186 79 73 28 0 221 258 235 139 81 67 23 
4 441 406 88 42 21 12 10 0 147 358 328 116 42 20 13 0 242 398 258 70 31 15 10 
13 470 323 111 47 16 10 34 7 280 362 230 75 23 12 35 30 344 351 180 59 17 10 33 
168 790 60 6 0 0 0 0 174 680 132 37 1 0 0 0 240 642 130 11 1 0 0 0 
794 230 0 0 0 0 0 0 755 253 16 0 0 0 0 0 747 277 0 0 0 0 0 0 
266 710 48 0 0 0 0 0 166 689 162 7 0 0 0 0 203 686 127 8 0 0 0 0 
9 249 149 14 37 32 47 487 0 91 294 36 32 44 42 485 0 59 261 91 40 40 46 487 
77 650 186 76 34 1 0 0 4 419 468 111 20 2 0 0 7 538 352 106 20 1 0 0 
61 583 132 61 53 127 7 0 0 289 466 82 53 133 1 0 2 506 256 88 146 26 0 0 
36 680 246 50 12 0 0 0 1 460 402 155 6 0 0 0 11 547 348 116 2 0 0 0 
36 707 237 39 4 1 0 0 1 431 314 111 166 1 0 0 9 469 388 151 6 1 0 0 
33 806 145 31 6 1 2 0 4 375 232 243 168 2 0 0 35 412 377 124 27 24 18 7 
63 874 31 7 13 33 2 1 15 419 108 416 61 4 1 0 14 487 425 78 16 4 0 0 
223 302 181 97 42 98 47 34 58 353 313 124 94 39 24 19 165 455 180 126 40 25 19 14 
248 105 213 305 84 32 24 13 51 307 344 248 34 36 4 0 208 216 486 69 40 5 0 0 
3 38 67 23 69 112 82 630 0 24 78 21 65 107 105 624 0 4 54 59 34 97 143 633 
3 139 146 127 145 317 147 0 6 105 125 159 121 289 218 1 25 94 106 172 95 262 258 12 
0 192 104 229 302 127 41 29 2 185 101 293 244 132 40 27 16 182 132 287 233 108 51 15 
1 315 120 209 248 87 21 23 2 349 92 186 247 105 26 17 8 351 96 219 207 100 27 16 
5 293 217 101 198 168 28 14 3 122 123 221 307 194 41 13 15 94 180 307 137 199 79 13 
53 306 304 171 95 76 19 0 60 293 283 229 84 47 27 1 7 94 238 240 155 141 122 27 
15 865 136 8 0 0 0 0 2 85 218 555 164 0 0 0 0 40 489 361 109 22 3 0 
247 768 8 1 0 0 0 0 0 179 200 508 137 0 0 0 108 345 529 42 0 0 0 0 
527 477 20 0 0 0 0 0 43 391 248 342 0 0 0 0 352 375 297 0 0 0 0 0 
9 140 70 43 73 69 81 539 0 31 106 92 84 79 89 543 0 13 100 90 78 53 130 560 
162 570 130 60 78 24 0 0 0 55 375 407 131 56 0 0 0 70 339 369 159 82 5 0 
1 9 32 252 464 251 15 0 0 0 16 149 386 401 72 0 0 0 9 89 309 460 157 0 
0 0 34 153 396 314 126 1 0 0 18 76 309 364 253 4 0 0 13 49 217 408 300 37 
0 29 36 67 300 546 46 0 0 0 2 59 187 577 199 0 0 0 21 46 101 422 434 0 
0 492 64 37 203 225 3 0 0 5 12 294 346 309 58 0 0 2 343 210 48 259 162 0 
7 908 64 25 9 11 0 0 0 30 96 508 369 15 6 0 0 29 592 351 32 9 11 0 
12 1005 7 0 0 0 0 0 0 0 0 631 393 0 0 0 0 2 703 319 0 0 0 0 
0 1023 1 0 0 0 0 0 0 0 0 789 235 0 0 0 0 0 812 212 0 0 0 0 
65 130 69 202 79 57 99 323 0 110 116 207 110 60 104 317 0 106 107 59 119 95 204 334 
278 465 110 53 88 30 0 0 0 407 350 116 89 60 2 0 1 283 323 150 117 83 67 0 
11 119 42 62 196 450 144 0 1 103 36 55 116 383 329 1 0 3 78 76 80 260 516 11 
0 0 0 0 112 584 327 1 0 0 0 0 15 345 643 21 0 0 0 0 3 227 721 73 
0 0 0 0 138 731 155 0 0 0 0 0 44 331 649 0 0 0 0 0 4 223 767 30 
2 173 22 15 137 660 15 0 0 0 21 118 116 450 319 0 0 3 125 68 32 223 572 1 
27 781 27 11 70 108 0 0 0 0 44 748 76 108 48 0 0 14 785 36 17 73 99 0 
58 951 15 0 0 0 0 0 0 0 2 822 200 0 0 0 0 33 895 95 1 0 0 0 
23 964 37 0 0 0 0 0 0 0 3 960 61 0 0 0 0 4 787 233 0 0 0 0 
4 31 72 119 15 525 76 182 0 16 62 140 21 529 74 182 0 5 52 59 16 528 174 190 
14 152 559 207 91 1 0 0 0 124 89 617 183 11 0 0 0 8 98 93 601 205 19 0 
25 54 41 688 134 81 1 0 2 64 37 624 176 89 32 0 0 27 48 33 627 187 101 1 
0 0 0 19 64 891 50 0 0 0 0 9 49 663 303 0 0 0 0 1 38 90 893 2 
0 0 0 16 69 925 14 0 0 0 0 3 52 681 288 0 0 0 0 0 28 98 898 0 
0 0 0 8 71 867 78 0 0 0 0 0 41 596 387 0 0 0 0 0 23 86 914 1 
0 20 7 8 78 879 32 0 0 0 8 19 28 722 247 0 0 1 19 5 21 106 872 0 
3 437 496 13 51 24 0 0 0 0 42 879 51 52 0 0 0 11 370 555 22 53 13 0 
22 1002 0 0 0 0 0 0 0 0 5 1019 0 0 0 0 0 5 1019 0 0 0 0 0 
