4 526 447 39 8 0 0 0 1 559 347 101 16 0 0 0 0 500 453 61 10 0 0 0 
7 698 284 24 11 0 0 0 0 521 427 60 15 1 0 0 0 352 559 96 17 0 0 0 
20 838 146 19 1 0 0 0 5 683 313 15 8 0 0 0 3 222 292 403 104 0 0 0 
45 771 193 14 1 0 0 0 16 628 358 20 2 0 0 0 15 187 401 366 55 0 0 0 
121 795 108 0 0 0 0 0 99 730 193 2 0 0 0 0 127 429 253 215 0 0 0 0 
303 678 32 11 0 0 0 0 114 751 74 49 30 6 0 0 431 477 65 34 14 3 0 0 
431 502 71 15 5 0 0 0 207 533 136 81 40 16 11 0 376 436 108 62 26 14 2 0 
256 735 30 3 0 0 0 0 133 797 69 18 7 0 0 0 320 621 67 11 5 0 0 0 
76 931 15 2 0 0 0 0 28 959 34 2 1 0 0 0 78 901 42 3 0 0 0 0 
21 674 318 11 0 0 0 0 1 482 461 74 6 0 0 0 27 716 262 19 0 0 0 0 
69 693 237 21 4 0 0 0 9 454 411 118 28 4 0 0 38 517 382 76 9 2 0 0 
39 884 77 19 5 0 0 0 17 710 264 19 13 1 0 0 6 125 254 522 116 1 0 0 
93 793 78 38 22 0 0 0 36 697 175 82 29 5 0 0 25 277 151 431 130 10 0 0 
140 846 38 0 0 0 0 0 74 800 134 15 1 0 0 0 157 354 110 360 42 1 0 0 
288 664 62 7 3 0 0 0 110 661 144 79 24 3 3 0 340 502 123 47 9 3 0 0 
554 432 27 10 1 0 0 0 425 506 44 20 15 12 2 0 498 448 39 17 18 3 1 0 
408 548 63 4 1 0 0 0 278 548 148 40 10 0 0 0 355 522 119 21 7 0 0 0 
119 831 58 15 1 0 0 0 17 867 80 46 13 1 0 0 49 850 80 39 5 1 0 0 
43 807 152 21 1 0 0 0 10 608 274 96 33 3 0 0 56 760 156 42 9 1 0 0 
97 802 112 12 1 0 0 0 17 655 268 73 10 1 0 0 96 666 196 45 20 1 0 0 
49 858 75 10 9 11 11 1 20 771 172 22 8 8 14 9 3 297 483 195 10 10 9 17 
83 656 85 31 25 52 89 3 29 594 172 33 19 26 66 85 40 402 213 154 35 26 52 102 
143 556 199 76 16 17 15 2 67 461 174 119 108 59 22 14 87 358 200 239 80 17 20 23 
221 535 198 65 4 1 0 0 42 472 163 147 144 55 1 0 221 387 171 166 70 8 1 0 
320 552 106 44 2 0 0 0 254 526 105 79 35 23 2 0 412 385 108 73 39 7 0 0 
302 382 77 94 104 62 3 0 256 397 59 58 82 98 72 2 364 296 53 45 89 103 71 3 
34 731 149 27 31 43 9 0 8 661 218 30 25 31 41 10 42 670 179 25 25 34 40 9 
51 891 75 7 0 0 0 0 2 705 248 60 9 0 0 0 80 820 111 9 3 1 0 0 
50 411 152 73 69 202 67 0 15 310 196 95 73 31 141 163 26 326 213 88 43 30 113 185 
48 200 104 66 91 236 279 0 16 187 82 59 64 57 167 392 22 168 92 41 71 46 109 475 
127 320 143 94 87 174 79 0 55 313 115 84 83 98 89 187 32 300 121 87 89 79 100 216 
107 197 109 102 169 265 75 0 16 170 106 62 78 104 205 283 16 161 100 75 76 79 187 330 
189 584 98 58 69 18 7 1 32 437 185 160 81 51 59 19 71 467 225 75 51 48 53 34 
123 509 132 47 73 56 81 3 32 420 162 125 64 51 84 86 107 399 137 78 82 65 78 78 
41 139 73 135 305 208 110 13 9 106 68 60 100 246 301 134 24 111 59 37 104 250 302 137 
4 201 34 641 51 69 24 0 3 157 69 126 525 52 65 27 1 167 60 165 480 64 66 21 
63 748 148 47 15 3 0 0 2 453 231 195 87 44 9 3 112 636 178 61 25 8 4 0 
70 449 166 73 82 139 44 1 3 207 270 115 105 77 123 124 7 170 243 216 90 56 112 130 
4 60 184 82 85 225 370 14 0 0 2 41 130 149 131 571 0 0 6 87 176 74 105 576 
7 39 33 29 41 155 656 64 0 6 25 28 39 31 63 832 0 2 21 31 35 30 53 852 
65 151 87 48 44 99 425 105 6 124 84 63 46 46 64 591 16 142 69 58 36 33 58 612 
166 485 83 35 28 51 171 5 29 516 88 62 45 40 41 203 101 432 81 67 54 37 30 222 
132 644 89 19 24 55 61 0 30 670 120 53 11 20 27 93 81 584 137 44 36 17 20 105 
69 404 209 93 133 73 29 14 30 362 132 147 97 103 108 45 19 323 148 115 143 103 124 49 
16 318 115 453 19 24 79 0 4 256 137 384 119 23 27 74 4 256 128 380 127 21 40 68 
50 792 100 36 32 13 1 0 11 707 148 68 45 22 22 1 152 674 102 40 23 16 17 0 
51 474 263 75 56 98 7 0 2 105 269 220 224 64 119 21 1 63 205 296 228 94 121 16 
3 94 215 127 52 165 367 1 0 2 23 89 218 108 85 499 0 1 19 113 161 135 89 506 
1 17 71 116 73 265 472 9 0 0 0 17 30 107 131 739 0 0 0 17 59 112 88 748 
5 33 42 21 36 110 774 3 0 0 3 17 32 45 39 888 0 0 8 25 34 32 33 892 
34 64 78 45 77 164 558 4 11 37 57 53 40 57 107 662 6 21 40 49 56 49 81 722 
29 78 58 58 73 252 475 1 8 70 38 37 57 49 139 626 5 50 43 37 52 52 101 684 
52 452 104 69 78 199 70 0 27 388 140 69 48 69 177 106 16 354 157 69 53 65 126 184 
8 273 305 302 85 38 13 0 9 252 169 214 207 117 38 18 12 245 149 214 192 150 38 24 
20 393 454 42 88 26 1 0 6 383 458 28 53 79 17 0 51 348 454 19 55 87 10 0 
38 818 116 20 26 6 0 0 19 375 497 67 27 30 9 0 23 352 483 59 67 32 7 1 
11 65 113 53 429 68 285 0 0 32 47 94 62 430 12 347 0 25 34 37 91 56 431 350 
1 49 86 46 32 462 346 2 0 0 0 1 27 103 66 827 0 0 0 21 79 68 451 405 
5 47 101 60 459 88 264 0 0 0 3 7 40 115 502 357 0 2 4 26 83 93 458 358 
2 14 63 42 45 521 337 0 0 0 0 0 15 69 71 869 0 0 0 5 34 74 38 873 
55 227 69 452 17 63 140 1 14 202 91 44 442 23 28 180 11 126 117 76 457 22 24 191 
50 938 29 7 0 0 0 0 26 959 30 8 1 0 0 0 39 936 37 9 3 0 0 0 
1 1017 6 0 0 0 0 0 6 1012 6 0 0 0 0 0 7 1013 4 0 0 0 0 0 
