131 118 153 150 168 116 84 104 44 81 125 134 168 167 160 145 79 109 158 167 179 153 106 73 
104 88 139 127 128 117 92 229 68 63 107 123 134 133 148 248 91 85 137 132 139 158 102 180 
111 101 136 124 116 110 92 234 57 60 105 114 128 136 139 285 95 94 114 136 138 123 116 208 
234 202 201 107 89 98 38 55 157 148 186 117 112 109 93 102 201 178 178 133 105 77 59 93 
67 67 74 77 96 282 95 266 49 55 67 80 72 79 303 319 47 51 65 86 74 66 161 474 
77 59 63 64 105 280 132 244 33 38 62 68 69 63 362 329 24 53 54 73 65 45 201 509 
140 104 89 65 51 187 123 265 48 99 92 94 58 55 212 366 45 67 83 98 78 51 103 499 
145 49 21 29 161 242 63 314 92 78 30 17 30 168 239 370 104 57 24 23 25 77 209 505 
151 61 65 169 291 69 29 189 118 64 48 83 186 261 62 202 124 66 42 73 120 273 102 224 
316 171 147 204 98 25 13 50 172 176 132 228 158 86 21 51 263 165 124 191 94 109 28 50 
56 84 656 222 6 0 0 0 14 51 131 799 28 1 0 0 40 64 192 709 19 0 0 0 
418 208 163 102 65 24 22 22 264 213 148 132 93 84 39 51 333 217 164 112 88 55 32 23 
381 192 139 106 94 59 26 27 228 173 149 121 108 102 68 75 330 185 148 112 106 70 49 24 
367 184 155 125 86 56 29 22 240 141 150 148 118 94 71 62 320 173 173 124 99 72 48 15 
287 223 158 122 111 66 39 18 143 166 139 148 155 108 87 78 250 177 160 153 109 91 58 26 
171 234 208 160 98 76 37 40 81 171 221 178 129 101 72 71 137 186 243 157 120 88 45 48 
240 350 239 142 38 9 5 1 67 207 356 229 115 31 11 8 179 323 291 158 47 16 8 2 
445 275 188 86 24 5 1 0 243 287 218 153 93 23 7 0 384 259 161 90 76 41 12 1 
674 291 48 8 2 1 0 0 404 462 115 29 10 3 1 0 598 351 57 13 4 1 0 0 
718 230 62 14 0 0 0 0 472 374 121 41 15 1 0 0 650 275 71 24 4 0 0 0 
723 221 65 15 0 0 0 0 514 323 144 36 5 2 0 0 671 233 96 22 2 0 0 0 
137 502 349 27 8 1 0 0 45 102 735 88 24 16 14 0 82 124 702 92 20 4 0 0 
401 244 141 76 56 29 26 51 259 264 160 105 63 45 36 92 312 278 147 94 54 39 34 66 
400 204 137 96 83 47 33 24 263 210 129 102 96 66 69 89 333 216 123 111 83 70 49 39 
379 213 156 118 69 55 18 16 218 170 142 129 108 92 82 83 323 192 142 121 93 73 51 29 
346 208 137 121 98 69 29 16 177 200 104 108 119 108 104 104 293 175 122 116 110 104 67 37 
525 313 70 42 24 20 11 19 237 381 196 78 51 33 17 31 391 381 116 47 34 17 17 21 
485 322 150 57 9 1 0 0 159 269 297 193 69 23 14 0 343 322 238 86 27 7 1 0 
635 267 82 24 8 2 0 6 294 318 220 111 61 13 1 6 483 285 148 49 21 15 15 8 
681 251 75 15 2 0 0 0 383 407 141 60 27 6 0 0 569 312 94 40 7 2 0 0 
728 245 40 9 2 0 0 0 483 409 91 33 5 3 0 0 596 339 60 22 4 3 0 0 
648 287 64 19 4 2 0 0 410 414 100 46 29 13 8 4 533 328 108 37 10 5 3 0 
321 608 70 18 7 0 0 0 165 288 429 74 41 18 9 0 239 541 180 39 16 9 0 0 
207 116 127 150 117 98 63 146 106 74 112 127 165 118 101 221 139 97 102 126 115 134 103 208 
305 266 157 109 83 56 37 11 114 193 209 151 134 94 67 62 133 152 197 169 160 99 74 40 
241 183 163 106 91 51 72 117 109 93 142 157 137 108 116 162 103 102 136 167 170 106 86 154 
141 104 72 74 44 28 103 458 59 95 83 92 51 47 130 467 85 57 85 84 85 59 180 389 
245 165 127 57 43 44 99 244 112 170 128 117 89 60 94 254 63 96 128 114 132 130 243 118 
485 280 195 49 11 3 1 0 146 195 241 321 99 16 3 3 89 138 126 169 209 206 76 11 
383 184 333 92 13 5 9 5 161 199 199 372 64 12 8 9 184 142 100 178 327 71 9 13 
354 244 338 76 7 4 1 0 160 177 255 333 74 19 5 1 207 120 86 165 331 82 26 7 
731 211 63 18 1 0 0 0 379 318 203 90 31 2 1 0 414 195 159 164 81 9 2 0 
675 244 78 24 3 0 0 0 456 236 159 113 49 11 0 0 581 279 114 39 11 0 0 0 
725 236 59 4 0 0 0 0 227 615 102 68 12 0 0 0 313 626 75 10 0 0 0 0 
0 0 7 23 53 75 266 600 0 0 6 21 53 61 243 640 0 0 0 15 21 44 111 833 
24 65 33 33 20 40 375 434 18 48 55 35 18 33 305 512 1 18 43 50 44 25 91 752 
63 102 59 85 107 86 276 246 46 104 64 82 108 81 241 298 12 32 88 76 99 112 130 475 
25 86 145 182 177 91 222 96 15 77 131 189 185 87 180 160 0 19 79 165 224 161 77 299 
154 213 197 233 142 34 33 18 109 148 217 272 187 34 27 30 17 75 188 196 313 148 35 52 
671 253 58 28 13 0 1 0 288 207 322 156 43 8 0 0 64 159 150 198 263 146 39 5 
743 131 70 64 12 2 2 0 525 225 136 115 16 5 2 0 124 254 227 239 126 53 1 0 
585 210 138 82 7 2 0 0 308 235 173 169 122 16 1 0 102 152 133 215 197 169 54 2 
642 200 111 59 12 0 0 0 384 342 192 80 26 0 0 0 275 138 231 274 98 8 0 0 
657 214 109 32 11 1 0 0 512 213 164 101 32 2 0 0 556 231 141 73 15 8 0 0 
860 102 49 12 1 0 0 0 445 461 51 41 21 3 2 0 646 291 56 24 6 1 0 0 
0 0 2 4 46 68 109 795 0 0 2 6 44 58 118 796 0 0 1 2 6 62 84 869 
0 1 17 100 294 351 154 107 0 2 20 108 305 325 152 112 0 0 1 31 126 384 323 159 
0 1 33 176 376 336 93 9 0 2 37 212 364 311 87 11 0 1 6 73 255 431 222 36 
0 9 101 255 422 201 36 0 0 8 101 269 403 205 38 0 0 0 24 155 354 357 121 13 
21 56 198 382 271 90 5 1 16 49 187 395 279 90 7 1 1 15 75 261 422 213 36 1 
274 185 192 191 124 46 10 2 160 244 220 215 113 54 15 3 32 150 201 222 257 129 29 4 
291 156 201 189 100 61 21 5 195 215 221 203 96 65 24 5 37 136 209 257 232 101 32 20 
283 267 205 132 80 30 20 7 148 206 290 233 82 37 22 6 43 116 171 237 267 142 33 15 
88 59 178 388 237 55 17 2 36 73 224 395 212 59 21 4 3 18 78 276 446 174 24 5 
6 45 206 372 270 93 27 5 7 58 214 343 269 93 35 5 0 4 51 235 441 239 50 4 
25 132 372 344 114 35 2 0 21 136 376 336 119 35 1 0 0 31 141 539 220 80 13 0 
0 0 0 0 0 7 87 930 0 0 0 0 0 8 58 958 0 0 0 0 0 18 113 893 
0 0 4 13 27 41 70 869 0 0 4 14 27 42 53 884 0 0 4 7 17 43 106 847 
0 2 27 85 173 159 116 462 0 1 27 87 176 153 117 463 0 0 13 47 100 211 133 520 
0 2 13 84 216 193 197 319 0 2 13 95 227 173 179 335 0 2 6 48 120 270 132 446 
0 4 12 99 252 169 156 332 0 3 15 112 243 155 154 342 0 0 7 32 143 239 175 428 
0 9 43 56 105 172 246 393 0 11 40 58 93 166 251 405 0 0 4 43 82 118 211 566 
1 7 17 43 95 174 281 406 0 8 16 36 72 166 291 435 0 0 2 18 35 88 235 646 
0 0 11 52 128 165 266 402 0 1 11 57 113 167 255 420 0 0 2 6 57 139 220 600 
0 2 26 115 163 194 275 249 0 3 29 121 162 176 263 270 0 1 1 39 132 194 252 405 
0 8 36 152 248 240 220 120 0 9 45 157 236 225 215 137 0 0 5 53 192 290 259 225 
0 15 57 248 431 126 98 49 1 16 56 275 406 115 105 50 0 0 16 66 506 257 89 90 
0 0 0 0 0 0 0 1024 0 0 0 0 0 0 0 1024 0 0 0 0 0 0 0 1024 
0 0 0 0 0 2 23 999 0 0 0 0 0 1 20 1003 0 0 0 0 0 6 27 991 
0 0 0 0 2 6 68 948 0 0 0 0 2 6 54 962 0 0 0 0 2 14 93 915 
0 0 0 0 0 2 60 962 0 0 0 0 0 2 58 964 0 0 0 0 0 3 48 973 
0 0 0 0 1 14 241 768 0 0 0 0 0 14 223 787 0 0 0 0 0 4 44 976 
0 0 0 0 6 41 252 725 0 0 0 0 0 35 240 749 0 0 0 0 0 2 85 937 
0 0 0 0 1 59 258 706 0 0 0 0 2 47 270 705 0 0 0 0 0 9 129 886 
0 1 1 3 2 57 234 726 0 1 1 3 2 63 229 725 0 1 0 3 2 7 133 878 
0 0 0 0 5 107 251 661 0 0 0 0 1 91 266 666 0 0 0 0 0 15 144 865 
1 2 8 6 11 97 377 522 0 0 0 3 12 95 369 545 0 0 1 2 10 28 178 805 
6 14 23 34 47 90 613 197 0 3 13 23 61 81 620 223 0 1 6 22 43 82 255 615 
