0 0 0 17 271 406 284 46 0 0 2 206 413 319 84 0 0 0 14 263 398 328 21 0 
0 0 0 0 66 364 428 166 0 0 0 28 278 440 275 3 0 0 0 41 306 441 234 2 
0 0 0 106 77 267 420 154 0 0 0 126 210 419 251 18 0 0 0 5 338 410 250 21 
0 0 0 419 140 139 200 126 0 0 0 335 305 191 187 6 0 0 0 8 593 188 216 19 
0 1 188 752 22 22 28 11 0 1 115 836 19 34 14 5 0 0 4 303 654 32 26 5 
32 160 756 76 0 0 0 0 44 139 651 190 0 0 0 0 2 104 166 675 77 0 0 0 
22 759 240 3 0 0 0 0 19 677 322 6 0 0 0 0 2 102 750 170 0 0 0 0 
53 438 517 16 0 0 0 0 40 334 624 26 0 0 0 0 6 46 337 606 29 0 0 0 
12 617 363 28 4 0 0 0 9 623 348 36 6 2 0 0 0 79 634 261 30 18 2 0 
8 694 253 66 3 0 0 0 35 744 173 58 14 0 0 0 0 201 659 90 37 37 0 0 
0 179 653 142 44 6 0 0 4 404 484 94 36 2 0 0 0 42 564 282 93 37 6 0 
14 61 119 68 88 62 83 529 6 70 95 66 68 85 78 556 1 26 98 106 68 90 75 560 
36 258 211 144 118 85 80 92 30 190 218 148 117 107 79 135 33 187 221 146 109 111 79 138 
6 197 293 141 70 71 66 180 11 135 366 153 94 65 71 129 23 195 326 157 85 74 67 97 
36 461 279 119 55 34 28 12 10 349 337 134 90 44 28 32 19 347 350 129 79 46 26 28 
44 194 294 256 69 47 59 61 38 163 262 325 62 43 46 85 43 185 285 279 64 41 46 81 
82 64 107 330 367 64 10 0 71 69 122 597 141 24 0 0 29 106 163 588 117 21 0 0 
6 14 13 138 612 211 30 0 6 15 20 543 374 66 0 0 0 17 13 544 396 54 0 0 
0 0 0 0 434 521 69 0 0 0 0 197 666 153 8 0 0 0 0 133 695 186 10 0 
0 0 0 0 72 766 186 0 0 0 0 8 658 348 10 0 0 0 0 0 477 524 23 0 
0 0 6 29 7 647 318 17 0 0 10 27 345 604 38 0 0 0 0 27 99 805 88 5 
0 2 244 135 12 433 195 3 0 0 147 239 178 447 13 0 0 0 7 331 81 545 59 1 
7 369 545 70 7 22 4 0 5 314 571 105 12 17 0 0 0 48 474 409 65 26 2 0 
10 746 260 8 0 0 0 0 11 773 234 6 0 0 0 0 0 199 689 135 1 0 0 0 
30 369 617 8 0 0 0 0 22 352 633 17 0 0 0 0 0 120 232 627 45 0 0 0 
9 718 297 0 0 0 0 0 29 668 322 5 0 0 0 0 0 233 542 247 2 0 0 0 
0 346 665 12 1 0 0 0 25 675 316 7 1 0 0 0 0 116 798 103 6 1 0 0 
19 118 324 110 99 89 126 139 4 206 205 86 91 92 92 248 1 25 252 180 99 104 99 264 
65 284 193 153 105 79 71 74 20 192 197 162 108 118 88 139 15 165 208 173 112 124 87 140 
29 261 206 165 128 93 78 64 21 195 213 161 125 104 96 109 30 206 216 174 118 100 93 87 
80 523 189 70 39 42 53 28 1 302 350 158 53 36 45 79 1 311 360 139 55 37 45 76 
87 311 317 96 57 47 62 47 82 214 322 165 58 45 49 89 41 257 261 224 60 42 52 87 
1 116 842 65 0 0 0 0 2 117 905 0 0 0 0 0 1 108 750 165 0 0 0 0 
40 87 854 43 0 0 0 0 48 82 876 18 0 0 0 0 5 101 418 500 0 0 0 0 
26 104 719 109 66 0 0 0 18 111 729 165 1 0 0 0 0 72 289 647 16 0 0 0 
62 73 502 161 197 29 0 0 48 86 512 258 120 0 0 0 0 107 277 481 159 0 0 0 
75 52 302 203 205 187 0 0 68 53 309 350 244 0 0 0 18 83 211 437 267 8 0 0 
68 60 96 181 407 212 0 0 64 57 105 468 328 2 0 0 47 49 118 316 348 146 0 0 
16 195 464 161 155 33 0 0 17 196 369 354 81 7 0 0 11 121 109 524 233 26 0 0 
4 247 409 136 213 15 0 0 10 197 462 249 103 3 0 0 0 31 358 414 197 22 2 0 
53 559 51 109 250 2 0 0 18 584 68 298 56 0 0 0 0 252 405 144 216 7 0 0 
175 838 9 2 0 0 0 0 123 886 12 3 0 0 0 0 0 574 446 4 0 0 0 0 
74 803 147 0 0 0 0 0 47 944 33 0 0 0 0 0 0 440 584 0 0 0 0 0 
29 193 347 68 76 88 150 73 6 248 263 85 56 75 88 203 4 85 285 172 77 77 83 241 
52 219 235 123 96 78 112 109 12 86 228 192 118 91 85 212 10 83 216 179 132 97 94 213 
79 328 273 160 87 55 26 16 12 178 322 196 146 89 45 36 9 170 337 196 139 89 46 38 
100 295 242 143 90 63 64 27 15 148 258 195 149 95 76 88 17 171 263 199 140 83 72 79 
97 179 82 303 214 52 53 44 52 159 98 224 252 99 59 81 39 176 101 232 234 106 50 86 
684 304 36 0 0 0 0 0 639 368 17 0 0 0 0 0 615 391 18 0 0 0 0 0 
803 198 23 0 0 0 0 0 787 217 20 0 0 0 0 0 607 390 27 0 0 0 0 0 
621 245 154 3 1 0 0 0 410 438 164 10 2 0 0 0 167 586 215 52 3 1 0 0 
106 129 789 0 0 0 0 0 102 134 788 0 0 0 0 0 80 116 623 205 0 0 0 0 
0 0 1024 0 0 0 0 0 0 0 1024 0 0 0 0 0 0 0 404 620 0 0 0 0 
0 0 1024 0 0 0 0 0 0 0 1024 0 0 0 0 0 0 0 963 61 0 0 0 0 
18 204 786 16 0 0 0 0 18 158 771 77 0 0 0 0 10 64 726 215 9 0 0 0 
52 379 469 123 1 0 0 0 39 199 594 191 1 0 0 0 14 109 549 339 13 0 0 0 
136 370 279 147 21 16 39 16 83 228 438 158 22 22 17 56 42 122 411 331 20 25 13 60 
176 248 206 201 43 66 82 2 105 279 158 235 33 36 52 126 16 280 169 277 67 40 50 125 
404 382 58 85 46 29 20 0 219 506 75 61 51 27 46 39 30 598 153 58 73 30 43 39 
203 167 96 93 72 70 148 175 114 222 116 66 38 73 81 314 1 260 103 129 51 57 93 330 
76 285 241 112 80 58 94 78 9 117 208 227 131 88 56 188 1 103 204 239 145 83 60 189 
71 531 262 90 38 13 15 4 1 204 483 188 79 36 13 20 4 182 478 202 87 40 12 19 
100 337 254 134 92 66 36 5 1 136 293 240 137 90 69 58 1 183 315 203 133 83 66 40 
71 185 503 108 59 60 34 4 6 110 162 355 204 64 70 53 12 143 225 396 84 60 66 38 
1000 24 0 0 0 0 0 0 979 45 0 0 0 0 0 0 976 48 0 0 0 0 0 0 
983 41 0 0 0 0 0 0 865 159 0 0 0 0 0 0 572 452 0 0 0 0 0 0 
828 121 74 1 0 0 0 0 312 599 110 3 0 0 0 0 61 649 296 18 0 0 0 0 
131 144 749 0 0 0 0 0 133 145 744 2 0 0 0 0 104 103 261 556 0 0 0 0 
0 0 1024 0 0 0 0 0 0 0 1024 0 0 0 0 0 0 0 106 918 0 0 0 0 
0 0 1024 0 0 0 0 0 0 0 1024 0 0 0 0 0 0 0 566 458 0 0 0 0 
0 303 721 0 0 0 0 0 0 309 715 0 0 0 0 0 0 19 1005 0 0 0 0 0 
0 191 470 339 24 0 0 0 0 166 428 387 42 1 0 0 0 76 385 445 116 2 0 0 
142 533 180 53 40 26 42 8 83 211 487 74 51 34 34 50 52 170 529 98 52 38 31 54 
146 293 159 115 113 98 99 1 73 193 124 140 127 97 91 179 24 222 130 142 127 107 87 185 
220 277 198 136 94 61 37 1 122 208 199 164 89 98 77 67 73 195 209 182 117 103 74 71 
51 231 392 148 70 33 22 77 44 145 465 161 76 37 20 76 32 79 330 329 92 53 29 80 
93 121 124 88 80 88 189 241 46 80 115 118 92 89 152 332 38 71 119 112 96 88 140 360 
110 570 221 59 22 15 17 10 15 353 426 127 41 21 15 26 3 257 472 155 73 21 14 29 
269 409 129 65 55 44 50 3 36 471 206 98 62 48 38 65 21 425 252 109 61 43 46 67 
202 707 73 26 10 4 2 0 90 672 186 53 17 2 3 1 63 748 129 53 18 7 4 2 
626 314 79 4 1 0 0 0 595 350 71 7 1 0 0 0 631 299 88 5 1 0 0 0 
502 313 193 11 5 0 0 0 383 442 184 10 5 0 0 0 327 471 203 18 5 0 0 0 
388 345 193 53 24 18 2 1 304 331 242 81 46 16 4 0 201 249 345 146 60 17 6 0 
78 129 781 30 6 0 0 0 68 149 769 37 1 0 0 0 51 68 311 591 3 0 0 0 
0 0 858 166 0 0 0 0 0 0 1020 4 0 0 0 0 0 0 35 989 0 0 0 0 
0 0 822 202 0 0 0 0 0 0 1019 5 0 0 0 0 0 0 111 913 0 0 0 0 
0 306 656 62 0 0 0 0 0 307 717 0 0 0 0 0 0 234 546 244 0 0 0 0 
3 113 457 409 29 11 2 0 2 140 452 403 16 8 3 0 1 97 418 448 48 9 3 0 
263 469 218 21 13 19 16 5 207 302 411 35 17 14 25 13 127 263 496 62 24 11 22 19 
117 296 246 211 97 36 19 2 94 215 200 238 152 69 26 30 10 236 166 219 227 91 42 33 
261 345 271 85 34 20 7 1 186 291 276 162 52 30 17 10 66 305 276 220 86 40 20 11 
18 376 517 53 33 12 8 7 5 117 612 205 37 27 8 13 0 174 643 121 40 24 12 10 
130 344 289 105 68 37 36 15 38 170 352 233 87 58 38 48 19 160 364 209 95 64 48 65 
151 341 216 102 62 52 72 28 32 205 307 177 89 62 48 104 13 179 291 189 123 66 44 119 
207 308 194 128 70 50 59 8 50 308 224 157 101 62 55 67 23 278 280 138 113 64 59 69 
305 599 66 40 6 4 0 4 140 698 108 48 22 3 1 4 101 684 167 47 16 3 2 4 
25 148 849 0 1 1 0 0 61 118 843 0 2 0 0 0 40 137 843 2 1 1 0 0 
147 538 333 5 0 0 1 0 102 567 341 12 1 0 0 1 43 494 427 46 13 0 0 1 
374 397 188 54 5 5 1 0 299 538 166 13 6 2 0 0 438 306 257 14 6 3 0 0 
31 481 328 175 9 0 0 0 71 471 348 134 0 0 0 0 60 224 456 284 0 0 0 0 
64 497 206 224 33 0 0 0 265 367 356 35 1 0 0 0 453 215 164 189 2 1 0 0 
17 171 153 217 451 15 0 0 49 175 183 525 86 6 0 0 163 65 46 361 377 11 1 0 
4 309 81 560 46 24 0 0 6 315 401 252 43 7 0 0 5 288 184 476 58 13 0 0 
35 222 365 295 70 28 9 0 54 185 524 207 29 22 3 0 68 294 400 214 31 17 0 0 
155 289 388 76 116 0 0 0 183 105 377 339 20 0 0 0 139 455 216 201 13 0 0 0 
43 148 236 331 134 89 26 17 44 146 91 313 334 51 27 18 13 169 386 163 179 51 31 32 
10 65 221 223 162 139 101 103 10 20 140 168 313 150 99 124 0 69 347 125 106 119 107 151 
66 350 256 79 72 72 109 20 5 25 308 231 122 81 79 173 1 189 305 140 90 63 59 177 
38 385 220 107 114 88 68 4 1 28 356 198 105 105 128 103 1 200 294 113 80 103 75 158 
111 486 132 71 52 56 75 41 60 249 325 91 78 46 44 131 17 413 216 74 73 48 53 130 
160 347 107 78 63 73 111 85 215 240 99 89 65 48 78 190 223 248 96 89 59 50 74 185 
412 529 33 17 6 11 10 6 207 610 137 27 13 6 9 15 168 654 137 22 13 6 9 15 
397 424 203 0 0 0 0 0 359 545 120 0 0 0 0 0 199 644 181 0 0 0 0 0 
102 599 323 0 0 0 0 0 112 678 234 0 0 0 0 0 13 595 408 8 0 0 0 0 
88 426 509 1 0 0 0 0 100 497 427 0 0 0 0 0 10 337 623 54 0 0 0 0 
74 661 279 10 0 0 0 0 266 637 121 0 0 0 0 0 159 641 181 43 0 0 0 0 
15 525 111 162 211 0 0 0 268 302 447 7 0 0 0 0 546 321 149 8 0 0 0 0 
0 35 187 425 361 16 0 0 1 206 115 590 112 0 0 0 150 68 120 450 236 0 0 0 
6 268 18 282 439 11 0 0 20 268 38 649 49 0 0 0 0 273 42 646 60 3 0 0 
0 0 51 177 548 129 76 43 0 1 137 530 147 96 66 47 0 0 65 535 159 116 82 67 
11 43 50 53 456 281 41 89 15 34 49 302 438 60 34 92 5 25 36 205 528 84 32 109 
7 68 152 90 98 402 205 2 8 36 117 159 197 484 20 3 6 53 153 99 173 501 37 2 
0 129 727 120 24 14 10 0 0 6 399 446 114 52 7 0 1 188 571 172 57 27 8 0 
0 513 492 18 1 0 0 0 0 0 589 402 26 7 0 0 0 317 662 36 9 0 0 0 
3 294 632 47 15 13 20 0 1 3 614 309 43 19 16 19 0 259 640 35 31 19 15 25 
0 186 834 4 0 0 0 0 0 1 561 462 0 0 0 0 0 269 755 0 0 0 0 0 
27 160 647 83 59 28 18 2 29 73 562 240 67 41 7 5 26 263 530 69 77 46 8 5 
142 198 356 194 94 28 9 3 53 201 476 222 45 14 7 6 47 229 494 135 83 25 8 3 
236 387 401 0 0 0 0 0 241 440 343 0 0 0 0 0 16 593 415 0 0 0 0 0 
8 565 392 59 0 0 0 0 28 666 322 8 0 0 0 0 1 475 493 55 0 0 0 0 
0 204 739 81 0 0 0 0 7 399 617 1 0 0 0 0 1 237 774 12 0 0 0 0 
1 214 495 314 0 0 0 0 7 375 578 64 0 0 0 0 1 286 660 77 0 0 0 0 
0 3 159 856 6 0 0 0 0 24 805 195 0 0 0 0 1 73 559 391 0 0 0 0 
0 0 2 1015 7 0 0 0 0 0 323 701 0 0 0 0 0 0 132 892 0 0 0 0 
0 252 36 379 352 5 0 0 22 249 18 656 76 3 0 0 0 224 65 588 123 24 0 0 
0 13 93 85 379 370 54 30 0 27 114 224 454 120 52 33 0 0 97 184 448 192 37 66 
0 18 42 18 46 550 191 159 0 1 18 53 279 354 142 177 0 1 37 32 168 357 220 209 
2 355 385 129 63 60 25 5 1 3 268 398 139 133 67 15 1 69 532 140 114 116 41 11 
0 611 407 6 0 0 0 0 0 4 759 257 4 0 0 0 0 520 480 24 0 0 0 0 
0 592 309 82 37 4 0 0 0 2 688 169 79 55 27 4 0 569 256 89 52 45 13 0 
1 499 423 79 16 6 0 0 0 12 494 309 154 53 2 0 0 230 482 231 64 14 3 0 
0 517 418 37 34 18 0 0 0 8 641 301 38 35 1 0 0 314 520 87 45 32 25 1 
1 350 638 22 6 4 2 1 0 6 643 360 6 6 2 1 0 351 645 11 7 4 3 3 
18 256 273 364 56 26 22 9 20 80 489 357 37 21 19 1 26 326 251 320 57 24 19 1 
103 464 414 43 0 0 0 0 112 618 284 10 0 0 0 0 7 688 307 22 0 0 0 0 
1 398 507 118 0 0 0 0 6 560 436 22 0 0 0 0 0 459 517 48 0 0 0 0 
0 3 226 795 0 0 0 0 0 44 729 251 0 0 0 0 0 22 481 521 0 0 0 0 
0 0 41 983 0 0 0 0 0 0 580 444 0 0 0 0 0 0 123 901 0 0 0 0 
0 0 0 988 36 0 0 0 0 0 312 712 0 0 0 0 0 0 42 978 4 0 0 0 
0 0 0 401 623 0 0 0 0 0 56 846 122 0 0 0 0 0 17 736 271 0 0 0 
0 246 12 45 648 73 0 0 0 253 8 419 344 0 0 0 0 110 149 208 557 0 0 0 
0 1 102 61 174 678 8 0 0 19 116 50 740 99 0 0 0 0 89 80 437 407 11 0 
11 438 174 55 49 123 131 43 0 0 367 220 99 161 120 57 0 61 438 110 67 92 153 103 
8 564 368 84 0 0 0 0 0 0 386 386 162 89 1 0 0 132 547 178 146 21 0 0 
1 855 155 13 0 0 0 0 0 3 763 180 68 10 0 0 0 468 421 109 26 0 0 0 
2 973 48 1 0 0 0 0 0 15 999 10 0 0 0 0 0 882 139 3 0 0 0 0 
3 799 220 2 0 0 0 0 0 5 768 246 5 0 0 0 0 289 716 18 1 0 0 0 
4 414 597 9 0 0 0 0 0 9 105 697 204 9 0 0 0 24 690 297 13 0 0 0 
1 508 443 33 17 20 2 0 0 16 469 490 23 22 4 0 0 113 736 126 16 24 9 0 
0 348 610 24 13 25 4 0 0 56 681 243 19 25 0 0 1 200 694 83 13 23 10 0 
0 5 944 75 0 0 0 0 0 16 1008 0 0 0 0 0 0 22 1002 0 0 0 0 0 
0 0 590 434 0 0 0 0 0 0 1012 12 0 0 0 0 0 0 755 269 0 0 0 0 
0 0 85 939 0 0 0 0 0 0 425 599 0 0 0 0 0 0 23 1001 0 0 0 0 
0 0 2 960 62 0 0 0 0 0 52 972 0 0 0 0 0 0 2 862 160 0 0 0 
0 0 0 306 713 5 0 0 0 0 0 858 166 0 0 0 0 0 0 236 775 13 0 0 
0 0 0 0 782 213 29 0 0 0 0 160 617 208 39 0 0 0 0 6 662 237 104 15 
0 31 23 18 319 547 85 1 0 35 23 18 543 299 102 4 0 10 42 11 376 332 206 47 
0 145 302 89 88 304 77 19 0 4 259 206 205 250 55 45 0 5 183 256 103 297 98 82 
0 371 560 82 11 0 0 0 0 1 333 482 162 45 1 0 0 19 495 333 127 41 9 0 
1 810 182 31 0 0 0 0 0 5 722 177 89 31 0 0 0 194 624 108 76 22 0 0 
1 858 157 8 0 0 0 0 0 12 939 50 22 1 0 0 0 320 652 38 13 1 0 0 
0 902 122 0 0 0 0 0 0 1 964 59 0 0 0 0 0 268 743 13 0 0 0 0 
0 444 517 63 0 0 0 0 0 0 316 542 129 37 0 0 0 15 597 317 83 12 0 0 
1 407 581 34 1 0 0 0 0 0 250 623 142 9 0 0 0 26 770 203 23 2 0 0 
1 387 513 84 38 1 0 0 0 0 333 501 133 53 4 0 0 19 700 159 64 60 22 0 
0 128 676 106 85 26 3 0 0 1 429 392 106 76 20 0 0 52 598 150 78 87 52 7 
0 3 964 57 0 0 0 0 0 43 976 5 0 0 0 0 0 59 923 42 0 0 0 0 
0 0 699 325 0 0 0 0 0 0 910 114 0 0 0 0 0 0 658 366 0 0 0 0 
0 0 102 922 0 0 0 0 0 0 191 833 0 0 0 0 0 0 54 969 1 0 0 0 
0 0 0 684 340 0 0 0 0 0 0 862 162 0 0 0 0 0 0 231 774 19 0 0 
0 0 0 31 225 514 111 143 0 0 0 49 201 469 143 162 0 0 0 1 157 173 479 214 
0 0 0 0 20 309 576 119 0 0 0 0 52 234 539 199 0 0 0 0 0 153 526 345 
0 1 27 26 25 261 494 190 0 0 0 1 84 208 484 247 0 0 0 3 41 151 469 360 
0 33 876 80 8 6 8 13 0 0 69 698 188 41 11 17 0 0 72 742 158 23 6 23 
0 19 730 261 14 0 0 0 0 0 32 677 254 61 0 0 0 0 25 288 530 164 17 0 
0 62 723 223 14 2 0 0 0 0 41 266 567 113 34 3 0 0 52 196 614 132 27 3 
0 187 778 59 0 0 0 0 0 0 240 644 120 20 0 0 0 1 238 636 136 13 0 0 
0 784 236 4 0 0 0 0 0 0 794 228 2 0 0 0 0 17 949 54 4 0 0 0 
1 200 771 50 2 0 0 0 0 0 48 187 672 116 1 0 0 7 160 613 229 15 0 0 
0 141 725 158 0 0 0 0 0 0 73 235 596 120 0 0 0 8 171 522 291 32 0 0 
0 69 750 194 11 0 0 0 0 0 165 601 156 100 2 0 0 0 231 548 210 33 2 0 
0 58 621 295 42 8 0 0 0 0 24 172 722 77 21 8 0 0 91 138 678 77 31 9 
