440 193 61 28 26 33 73 170 446 207 55 26 24 46 161 59 454 115 150 23 42 160 80 0 
416 416 48 24 18 24 21 57 765 89 33 22 18 32 62 3 825 49 29 25 25 65 6 0 
754 172 20 10 31 28 7 2 815 111 20 10 53 9 6 0 823 59 70 42 21 7 2 0 
540 187 65 19 36 50 44 83 569 150 81 18 57 28 89 32 593 58 156 70 27 74 46 0 
59 516 395 6 33 15 0 0 69 337 565 4 43 6 0 0 46 110 389 449 30 0 0 0 
52 229 287 94 64 37 35 226 10 335 228 125 38 54 162 72 0 98 442 162 80 201 41 0 
0 0 33 232 438 209 63 49 0 5 133 323 328 154 49 32 30 165 278 273 175 82 21 0 
0 0 18 282 411 254 58 1 0 30 149 325 306 194 19 1 38 183 254 261 196 92 0 0 
0 2 19 173 412 316 61 41 0 1 61 266 384 246 45 21 35 101 231 218 292 144 3 0 
0 6 609 118 10 13 51 217 0 0 466 269 9 30 134 116 0 0 18 382 355 172 96 1 
0 5 992 27 0 0 0 0 0 0 526 497 1 0 0 0 0 0 0 594 430 0 0 0 
0 0 947 77 0 0 0 0 0 0 194 830 0 0 0 0 0 0 0 708 316 0 0 0 
0 0 927 97 0 0 0 0 0 0 239 784 1 0 0 0 0 0 0 533 491 0 0 0 
0 0 934 90 0 0 0 0 0 0 400 618 6 0 0 0 0 0 0 594 430 0 0 0 
0 2 927 95 0 0 0 0 0 0 636 388 0 0 0 0 0 0 0 720 304 0 0 0 
0 201 781 42 0 0 0 0 0 0 845 179 0 0 0 0 0 0 4 744 276 0 0 0 
0 114 342 112 24 186 246 0 0 1 398 159 29 437 0 0 0 0 12 522 341 149 0 0 
0 0 0 2 3 159 825 35 0 0 1 1 3 449 569 1 0 0 2 3 165 838 16 0 
0 0 0 0 0 68 261 695 0 0 0 0 0 188 230 606 0 0 0 0 29 977 18 0 
56 267 198 92 43 14 34 320 19 230 242 137 37 20 174 165 88 248 187 132 20 274 75 0 
0 6 27 25 46 138 679 103 0 0 17 29 53 269 656 0 0 13 28 44 293 646 0 0 
6 18 44 13 44 84 725 90 0 60 19 8 32 256 648 1 14 51 16 18 124 778 23 0 
72 641 232 56 8 7 7 1 12 637 317 39 6 10 3 0 141 656 190 20 8 8 1 0 
62 749 201 11 1 0 0 0 13 595 393 23 0 0 0 0 71 798 145 10 0 0 0 0 
396 200 75 31 27 5 15 275 435 133 122 33 8 15 203 75 437 83 145 63 13 210 73 0 
435 128 100 85 80 102 31 63 466 110 112 86 132 32 78 8 502 93 84 131 121 82 11 0 
719 87 11 10 40 71 64 22 760 48 10 11 73 52 56 14 805 10 12 42 77 66 12 0 
712 215 83 12 2 0 0 0 796 151 69 6 2 0 0 0 879 72 36 33 4 0 0 0 
393 202 429 0 0 0 0 0 444 88 492 0 0 0 0 0 462 38 183 341 0 0 0 0 
30 356 380 170 9 31 19 29 30 355 400 156 23 27 33 0 9 119 644 172 39 38 3 0 
0 6 48 140 261 219 176 174 2 29 98 200 240 215 216 24 10 65 161 231 280 265 12 0 
0 0 11 178 509 261 64 1 0 13 106 285 439 151 30 0 27 147 274 270 236 65 5 0 
0 1 122 264 389 204 38 6 0 2 107 466 322 105 21 1 24 106 286 403 155 49 1 0 
0 38 407 169 70 60 123 157 0 0 325 256 112 76 247 8 0 1 33 365 353 231 41 0 
0 34 912 78 0 0 0 0 0 0 624 394 6 0 0 0 0 0 0 352 672 0 0 0 
0 0 927 97 0 0 0 0 0 0 325 695 4 0 0 0 0 0 0 180 844 0 0 0 
0 10 911 103 0 0 0 0 0 0 329 690 5 0 0 0 0 0 0 431 593 0 0 0 
0 0 958 66 0 0 0 0 0 0 222 802 0 0 0 0 0 0 0 566 458 0 0 0 
0 66 923 35 0 0 0 0 0 0 735 289 0 0 0 0 0 0 0 629 395 0 0 0 
0 272 714 38 0 0 0 0 0 0 864 160 0 0 0 0 0 0 0 717 307 0 0 0 
0 238 597 61 17 72 39 0 0 0 752 140 19 113 0 0 0 0 3 847 140 34 0 0 
0 0 0 5 3 143 794 79 0 0 0 3 5 632 384 0 0 0 0 6 285 733 0 0 
0 0 0 0 0 253 460 311 0 0 0 0 0 364 414 246 0 0 0 0 43 958 23 0 
0 0 6 11 30 75 142 760 0 0 2 20 47 78 316 561 0 0 16 32 99 814 63 0 
18 80 134 149 335 219 89 0 1 44 135 164 359 256 65 0 25 107 167 294 355 76 0 0 
30 120 126 155 154 337 101 1 2 62 146 193 149 378 94 0 45 128 170 183 392 106 0 0 
0 47 101 153 149 237 223 114 0 13 106 161 229 203 312 0 0 18 186 245 255 320 0 0 
181 239 163 106 65 37 126 107 131 321 154 122 47 48 201 0 145 212 199 178 57 229 4 0 
0 4 21 6 9 17 113 854 0 0 26 9 12 78 882 17 0 0 18 25 56 873 52 0 
0 119 297 90 106 21 50 341 0 0 400 126 102 24 162 210 0 0 61 476 102 129 252 4 
84 25 83 39 88 196 64 445 88 9 101 44 191 100 155 336 88 11 25 175 212 240 272 1 
273 195 296 73 21 15 36 115 282 46 408 109 16 15 87 61 265 47 96 420 52 112 32 0 
10 352 525 119 18 0 0 0 10 15 859 129 11 0 0 0 9 5 122 859 29 0 0 0 
1 583 422 4 8 6 0 0 0 413 595 4 12 0 0 0 0 1 762 248 13 0 0 0 
62 88 39 90 134 443 168 0 7 144 71 105 236 453 8 0 7 134 159 143 546 35 0 0 
36 32 136 214 207 241 144 14 2 86 184 193 201 300 58 0 73 138 182 230 268 129 4 0 
14 59 229 347 272 46 48 9 5 46 181 423 274 64 31 0 32 57 155 358 368 52 2 0 
22 173 330 262 209 26 2 0 6 38 359 281 284 48 8 0 5 38 122 329 412 110 8 0 
0 187 783 54 0 0 0 0 0 0 772 251 1 0 0 0 0 0 0 319 705 0 0 0 
0 4 966 54 0 0 0 0 0 0 599 425 0 0 0 0 0 0 0 537 487 0 0 0 
0 8 931 85 0 0 0 0 0 0 251 762 11 0 0 0 0 0 0 309 712 3 0 0 
0 4 944 76 0 0 0 0 0 0 277 747 0 0 0 0 0 0 3 355 666 0 0 0 
0 0 949 75 0 0 0 0 0 0 660 364 0 0 0 0 0 0 0 674 350 0 0 0 
0 159 825 40 0 0 0 0 0 0 922 102 0 0 0 0 0 0 0 684 340 0 0 0 
0 636 385 3 0 0 0 0 0 0 966 58 0 0 0 0 0 0 2 776 246 0 0 0 
0 72 87 52 27 146 632 8 0 0 117 87 31 683 106 0 0 0 0 199 204 621 0 0 
0 0 3 3 10 332 592 84 0 0 4 2 7 439 561 11 0 2 4 2 96 886 34 0 
0 0 0 0 0 21 105 898 0 0 0 0 0 66 450 508 0 0 0 0 9 992 23 0 
96 137 84 132 272 109 26 168 54 152 122 191 299 31 119 56 142 158 238 209 96 147 34 0 
193 253 108 111 241 118 0 0 6 332 195 165 229 97 0 0 229 260 154 250 124 7 0 0 
135 359 175 193 137 25 0 0 6 345 316 208 131 18 0 0 91 417 289 176 47 4 0 0 
100 305 222 229 93 68 7 0 31 272 269 276 101 75 0 0 94 349 295 188 90 8 0 0 
0 2 29 73 63 81 250 526 0 18 39 68 55 230 330 284 22 45 44 61 196 352 304 0 
0 0 63 167 271 146 124 253 0 47 140 173 172 151 142 199 4 45 73 167 302 247 186 0 
0 6 94 182 279 304 136 23 0 14 133 167 265 321 122 2 108 129 131 146 226 283 1 0 
0 97 135 183 281 270 58 0 0 52 309 206 239 180 38 0 3 27 246 218 334 192 4 0 
138 447 419 17 3 0 0 0 132 164 704 20 3 1 0 0 126 49 609 235 5 0 0 0 
344 489 177 9 4 1 0 0 343 210 451 12 5 2 1 0 336 52 411 218 5 1 1 0 
221 442 113 106 55 80 7 0 17 515 210 57 97 111 17 0 2 53 553 224 163 28 1 0 
385 365 23 10 213 28 0 0 212 474 84 12 222 20 0 0 0 284 318 173 194 55 0 0 
12 34 112 192 207 49 65 353 2 22 62 256 237 47 392 6 0 12 43 185 381 374 29 0 
6 17 41 180 292 90 82 316 0 9 23 167 371 93 358 3 0 0 12 134 463 394 21 0 
0 65 740 124 54 41 0 0 0 0 643 280 36 65 0 0 0 0 0 535 415 68 6 0 
0 6 935 83 0 0 0 0 0 0 640 384 0 0 0 0 0 0 0 482 542 0 0 0 
59 24 780 154 7 0 0 0 55 25 389 538 17 0 0 0 44 28 20 448 482 2 0 0 
122 319 177 111 268 27 0 0 164 274 130 152 265 39 0 0 226 193 92 173 244 96 0 0 
0 0 922 102 0 0 0 0 0 0 634 390 0 0 0 0 0 0 0 848 176 0 0 0 
0 192 801 31 0 0 0 0 0 0 882 140 2 0 0 0 0 0 0 485 539 0 0 0 
0 425 577 22 0 0 0 0 0 0 894 130 0 0 0 0 0 0 1 691 332 0 0 0 
0 279 202 42 24 160 317 0 0 0 381 136 27 479 1 0 0 0 2 363 364 295 0 0 
0 0 0 0 9 258 730 27 0 0 0 0 3 408 606 7 0 0 0 1 110 874 39 0 
0 0 4 3 6 235 267 509 0 0 4 3 7 396 551 63 0 3 4 4 40 967 6 0 
21 26 104 178 245 45 114 291 2 47 144 250 160 28 374 19 97 306 164 37 24 381 15 0 
276 302 200 116 115 15 0 0 43 442 277 161 92 9 0 0 296 416 270 42 0 0 0 0 
511 315 109 89 0 0 0 0 223 529 207 65 0 0 0 0 592 328 104 0 0 0 0 0 
165 500 286 73 0 0 0 0 80 553 323 68 0 0 0 0 349 528 147 0 0 0 0 0 
0 18 76 213 258 368 91 0 2 53 91 287 304 279 8 0 51 92 102 338 404 36 1 0 
0 2 156 347 353 122 41 3 0 34 238 367 238 124 23 0 98 279 211 164 212 58 2 0 
0 11 168 341 338 142 19 5 6 126 263 263 233 120 13 0 88 164 182 289 269 32 0 0 
0 39 146 298 351 172 18 0 0 78 190 333 307 107 9 0 187 250 286 192 90 19 0 0 
505 137 181 28 49 38 36 50 509 137 185 41 42 30 75 5 492 112 216 96 31 67 10 0 
372 348 272 22 7 3 0 0 261 192 420 68 70 10 3 0 206 120 204 344 76 70 4 0 
360 192 154 141 83 28 23 43 265 231 162 110 99 58 81 18 319 207 166 153 79 92 8 0 
112 85 16 31 285 265 174 56 118 58 43 31 410 224 134 6 107 45 52 46 524 238 12 0 
0 0 3 30 86 32 281 592 0 0 5 48 89 227 655 0 0 0 9 61 227 727 0 0 
0 0 0 103 152 38 188 543 0 0 3 96 172 129 624 0 0 0 11 103 246 660 4 0 
0 55 670 102 185 12 0 0 0 0 591 213 173 47 0 0 0 0 0 280 655 89 0 0 
0 25 926 73 0 0 0 0 0 0 698 326 0 0 0 0 0 0 0 407 617 0 0 0 
0 0 407 71 45 34 305 162 0 4 313 174 40 170 321 2 0 5 7 259 368 335 50 0 
0 20 169 524 175 17 33 86 0 27 169 525 170 26 68 39 0 17 81 451 311 108 55 1 
0 1 377 118 16 12 88 412 0 0 304 195 13 29 301 182 0 0 2 226 292 280 221 3 
0 173 622 64 8 12 46 99 0 0 755 105 12 7 137 8 0 0 5 546 321 123 29 0 
0 591 418 13 2 0 0 0 0 0 946 74 4 0 0 0 0 0 0 631 392 1 0 0 
0 573 200 62 37 120 32 0 0 0 706 117 46 155 0 0 0 0 0 458 478 88 0 0 
0 0 0 0 27 557 431 9 0 0 0 0 28 721 275 0 0 0 0 0 181 842 1 0 
0 2 12 27 190 350 397 46 0 2 13 23 177 444 358 7 1 5 10 17 263 683 45 0 
2 24 52 58 231 144 495 18 0 37 42 125 173 195 451 1 13 27 115 157 146 562 4 0 
400 325 151 23 37 13 58 17 416 349 118 19 41 15 65 1 469 376 41 24 38 71 5 0 
741 283 0 0 0 0 0 0 792 232 0 0 0 0 0 0 988 36 0 0 0 0 0 0 
791 229 4 0 0 0 0 0 811 207 6 0 0 0 0 0 947 77 0 0 0 0 0 0 
335 262 64 88 43 71 118 43 336 283 78 69 54 116 87 1 283 290 119 109 120 77 26 0 
0 13 148 321 370 148 22 2 0 52 247 294 293 129 9 0 106 203 182 288 214 31 0 0 
0 4 124 306 381 193 16 0 15 89 241 265 232 173 9 0 71 98 157 255 327 116 0 0 
0 81 248 377 254 61 3 0 27 202 380 256 133 24 2 0 207 209 204 274 116 14 0 0 
2 72 350 113 57 72 118 240 23 89 324 121 50 152 220 45 32 76 121 333 170 273 19 0 
68 195 143 32 12 22 123 429 5 128 249 56 14 77 319 176 10 15 152 196 106 429 115 1 
23 171 403 101 67 13 53 193 1 37 451 150 44 36 268 37 110 53 79 380 153 219 30 0 
0 79 333 135 266 127 46 38 0 24 352 223 321 43 61 0 15 32 71 355 470 81 0 0 
0 0 4 18 329 148 144 381 0 1 36 47 369 210 361 0 4 27 18 68 537 370 0 0 
0 0 10 79 196 272 97 370 0 14 34 92 310 217 353 4 9 23 31 155 444 362 0 0 
0 7 669 147 49 57 68 27 0 0 432 388 56 82 64 2 0 0 5 487 416 101 15 0 
0 2 908 114 0 0 0 0 0 0 413 599 12 0 0 0 0 0 0 377 644 3 0 0 
0 0 85 42 18 129 730 20 0 0 21 109 47 668 178 1 0 1 5 61 467 469 21 0 
0 0 0 33 35 103 717 136 0 0 2 48 37 654 283 0 0 0 5 41 431 546 1 0 
0 0 0 26 23 27 391 557 0 0 7 25 22 149 684 137 0 0 4 39 71 720 188 2 
0 0 140 128 57 61 406 232 0 0 139 134 55 102 591 3 0 0 28 239 108 608 41 0 
0 372 632 20 0 0 0 0 0 4 951 69 0 0 0 0 0 0 33 901 90 0 0 0 
0 420 306 177 121 0 0 0 0 4 597 234 189 0 0 0 0 0 3 625 386 10 0 0 
1 7 32 368 455 118 43 0 0 16 40 251 584 123 10 0 0 20 54 197 667 84 2 0 
1 9 22 224 330 295 143 0 1 20 110 190 346 290 67 0 13 68 107 226 417 191 2 0 
0 62 120 275 146 87 255 79 0 55 143 268 140 247 160 11 0 26 118 202 358 283 35 2 
0 35 325 476 184 3 1 0 0 23 203 517 275 4 2 0 1 24 182 390 354 73 0 0 
878 67 24 38 17 0 0 0 886 59 17 32 28 2 0 0 911 32 12 27 35 7 0 0 
972 52 0 0 0 0 0 0 1005 19 0 0 0 0 0 0 1024 0 0 0 0 0 0 0 
5 783 119 13 9 6 48 41 0 273 612 36 10 26 67 0 0 1 279 633 23 83 5 0 
0 54 72 110 121 81 86 500 0 18 128 124 106 108 489 51 5 46 59 191 138 569 16 0 
1 114 358 299 187 19 5 41 23 272 285 269 120 10 25 20 447 276 177 67 15 31 11 0 
0 92 217 367 286 62 0 0 29 177 318 311 175 14 0 0 227 241 244 222 90 0 0 0 
0 19 276 393 279 57 0 0 2 134 373 346 155 14 0 0 117 221 279 293 109 5 0 0 
0 14 122 186 165 347 188 2 2 43 162 183 242 358 34 0 68 81 118 161 501 93 2 0 
0 130 621 65 57 77 23 51 0 0 683 136 95 52 58 0 0 0 11 464 481 55 13 0 
0 1 152 201 217 270 143 40 1 117 272 291 225 71 47 0 107 168 211 308 174 54 2 0 
0 0 28 180 362 267 158 29 5 119 238 315 284 33 17 13 111 240 278 267 98 18 12 0 
5 10 137 327 353 104 35 53 8 69 244 340 264 40 50 9 35 88 184 356 288 62 11 0 
79 10 551 135 35 88 101 25 81 8 441 259 41 125 66 3 83 7 37 584 210 95 8 0 
0 8 560 195 92 139 30 0 0 0 224 525 115 152 8 0 0 0 0 480 487 57 0 0 
0 6 61 470 133 193 156 5 0 9 74 523 116 271 31 0 0 25 86 385 404 124 0 0 
1 21 17 61 71 204 633 16 3 23 16 97 79 750 56 0 10 18 22 94 598 282 0 0 
0 12 26 11 39 186 728 22 1 13 20 20 52 667 251 0 2 13 16 54 422 516 1 0 
0 126 312 96 44 79 128 239 0 0 395 144 48 116 320 1 0 0 36 400 207 363 18 0 
0 631 360 33 0 0 0 0 0 0 950 74 0 0 0 0 0 0 7 895 122 0 0 0 
0 763 216 45 0 0 0 0 0 9 943 72 0 0 0 0 0 0 1 768 255 0 0 0 
1 240 238 224 150 133 38 0 7 121 408 230 165 93 0 0 51 132 175 476 181 9 0 0 
2 58 184 248 277 193 60 2 10 135 302 272 224 79 2 0 43 224 317 303 131 6 0 0 
0 8 233 714 47 16 6 0 5 38 169 776 26 10 0 0 20 49 60 711 179 5 0 0 
24 39 136 338 110 36 239 102 34 36 134 308 140 41 330 1 34 12 67 205 321 362 23 0 
429 173 42 220 132 5 7 16 412 135 95 43 314 5 20 0 404 152 91 68 285 21 3 0 
616 31 83 250 44 0 0 0 615 26 33 247 103 0 0 0 613 25 31 232 123 0 0 0 
0 780 222 22 0 0 0 0 0 0 915 109 0 0 0 0 0 0 4 989 31 0 0 0 
2 368 227 79 87 106 45 110 9 75 507 109 109 85 109 21 17 57 80 537 143 180 10 0 
0 3 64 119 127 127 403 181 0 21 80 133 152 167 448 23 33 65 103 113 200 500 10 0 
0 11 127 276 420 164 25 1 5 119 172 318 303 99 8 0 69 216 211 225 256 43 4 0 
0 7 83 212 308 276 134 4 0 33 120 251 320 295 5 0 71 109 173 266 375 30 0 0 
0 13 40 51 101 667 152 0 1 22 45 51 460 442 3 0 23 22 25 107 840 7 0 0 
0 86 498 85 121 168 28 38 0 0 527 255 183 19 30 10 0 3 50 601 320 29 21 0 
34 83 57 129 304 256 98 63 32 112 137 281 217 174 31 40 57 133 268 223 247 57 39 0 
0 0 1 14 188 512 259 50 0 0 6 116 352 394 140 16 0 4 84 313 505 102 16 0 
3 17 71 47 195 595 96 0 16 37 49 59 470 385 8 0 20 43 54 335 571 1 0 0 
131 20 9 305 388 136 15 20 140 11 14 362 389 80 21 7 150 5 22 546 269 15 17 0 
12 59 82 233 273 284 39 42 0 0 26 265 429 249 43 12 0 8 35 373 497 85 25 1 
0 5 143 332 246 199 24 75 0 29 188 407 190 124 52 34 2 62 169 488 216 47 40 0 
0 4 280 284 149 306 1 0 0 8 253 380 238 145 0 0 0 8 95 587 334 0 0 0 
0 0 48 161 405 252 140 18 0 0 57 240 492 161 74 0 0 0 76 526 297 125 0 0 
0 42 780 142 16 20 14 10 0 0 770 194 18 24 18 0 0 0 18 904 62 38 2 0 
0 497 464 63 0 0 0 0 0 0 943 81 0 0 0 0 0 0 4 914 106 0 0 0 
0 382 307 94 99 76 63 3 0 9 716 148 69 75 7 0 2 43 117 716 122 22 2 0 
13 91 107 184 214 223 191 1 20 78 196 248 189 288 5 0 29 129 284 257 283 42 0 0 
0 27 58 165 324 220 211 19 9 47 255 280 171 243 19 0 6 235 257 211 282 33 0 0 
12 76 164 264 282 155 70 1 9 118 287 320 170 113 7 0 9 163 394 261 162 35 0 0 
0 0 11 60 149 158 568 78 0 4 51 117 157 129 562 4 2 30 102 160 139 585 6 0 
270 40 76 129 127 18 266 98 282 26 37 181 125 21 352 0 272 36 36 203 114 359 4 0 
492 49 111 280 92 0 0 0 494 45 150 333 2 0 0 0 477 167 144 226 10 0 0 0 
0 151 222 89 112 111 87 252 0 4 327 163 90 168 260 12 10 43 105 389 200 250 27 0 
0 110 122 90 48 69 210 375 0 6 208 112 50 243 351 54 0 0 23 302 270 388 41 0 
0 31 64 20 22 100 440 347 0 28 68 23 41 417 386 61 8 12 17 90 375 495 27 0 
0 126 74 84 57 370 313 0 7 124 104 73 97 619 0 0 3 58 207 65 673 18 0 0 
21 513 53 18 28 276 115 0 0 457 124 29 51 363 0 0 0 1 318 308 391 6 0 0 
0 625 236 54 56 51 2 0 0 259 605 76 50 34 0 0 0 0 355 601 65 3 0 0 
0 0 5 46 534 227 67 145 0 0 27 273 475 97 124 28 0 13 76 593 186 108 48 0 
15 25 71 187 483 94 56 93 41 28 196 521 80 76 78 4 73 52 526 161 119 90 3 0 
0 0 0 10 650 349 15 0 0 0 0 443 315 266 0 0 0 0 199 442 382 1 0 0 
0 30 130 227 291 119 227 0 0 48 115 324 231 295 11 0 2 40 75 529 371 7 0 0 
1 14 5 567 432 5 0 0 3 13 8 686 312 2 0 0 8 9 21 943 43 0 0 0 
0 0 10 236 259 329 185 5 0 3 34 292 261 392 42 0 16 48 104 389 372 95 0 0 
0 3 10 334 220 283 105 69 0 6 10 408 270 212 98 20 4 7 22 560 350 66 15 0 
1 13 113 262 209 311 21 94 1 13 104 370 277 156 65 38 0 10 136 423 352 81 22 0 
0 0 112 303 564 45 0 0 0 0 97 462 465 0 0 0 0 0 24 509 491 0 0 0 
69 110 336 216 293 0 0 0 130 32 336 200 326 0 0 0 150 14 35 454 371 0 0 0 
124 180 208 66 111 170 146 19 181 50 312 124 156 160 41 0 201 53 138 374 190 56 12 0 
0 8 68 152 239 306 241 10 2 19 176 223 244 316 44 0 9 86 255 257 311 105 1 0 
2 50 95 147 262 336 131 1 8 79 184 223 298 232 0 0 16 140 244 252 342 30 0 0 
64 131 132 196 256 145 97 3 72 166 176 268 229 89 24 0 34 211 274 218 250 37 0 0 
2 33 103 239 327 225 93 2 0 30 205 286 268 219 16 0 4 121 280 222 240 157 0 0 
0 26 82 193 181 103 352 87 0 43 165 194 122 92 408 0 16 120 224 131 97 434 2 0 
75 47 21 38 18 11 540 274 110 24 23 33 21 20 793 0 110 25 22 41 19 800 7 0 
1003 17 2 0 1 1 0 0 1017 5 1 0 1 0 0 0 1018 4 1 1 0 0 0 0 
2 169 354 300 172 27 0 0 7 80 554 270 101 12 0 0 28 99 383 392 107 15 0 0 
0 333 316 245 122 5 3 0 0 144 610 204 62 4 0 0 144 170 381 318 11 0 0 0 
0 75 172 357 307 96 17 0 0 169 332 353 129 38 3 0 159 246 285 228 98 8 0 0 
90 345 83 139 266 96 5 0 0 412 178 226 173 32 3 0 61 109 398 296 138 21 1 0 
74 918 32 0 0 0 0 0 0 897 127 0 0 0 0 0 0 0 832 192 0 0 0 0 
28 829 66 31 65 3 2 0 45 714 164 38 60 3 0 0 57 33 828 74 28 4 0 0 
0 0 2 81 661 52 71 157 0 0 6 269 497 70 115 67 0 0 57 646 124 123 74 0 
0 0 17 301 416 57 152 81 0 0 33 536 182 92 181 0 0 0 55 684 181 104 0 0 
0 0 0 93 434 362 134 1 0 0 0 321 357 320 26 0 0 0 0 515 480 29 0 0 
4 47 46 235 326 186 180 0 0 4 33 363 324 271 29 0 0 10 38 516 408 52 0 0 
0 0 0 93 525 196 208 2 0 0 3 311 371 332 6 1 0 0 44 565 397 16 2 0 
0 44 113 360 160 128 209 10 0 54 207 339 156 136 132 0 5 90 359 331 201 37 1 0 
112 191 152 258 145 52 96 18 149 196 178 241 119 30 104 7 190 196 200 267 102 61 8 0 
7 52 245 509 28 21 70 92 14 54 248 506 27 39 122 14 37 40 132 625 34 140 16 0 
22 223 448 302 29 0 0 0 11 228 449 333 3 0 0 0 2 83 445 457 37 0 0 0 
160 67 308 411 78 0 0 0 162 58 354 373 77 0 0 0 161 27 247 479 110 0 0 0 
373 110 61 103 300 67 10 0 415 100 115 85 293 16 0 0 437 108 131 73 273 2 0 0 
62 157 133 222 192 162 95 1 151 149 235 188 180 120 1 0 205 226 224 195 158 16 0 0 
1 11 80 122 209 431 170 0 1 42 139 209 360 269 4 0 18 97 209 314 352 34 0 0 
12 135 171 312 312 78 4 0 36 165 247 339 226 11 0 0 68 175 333 281 160 7 0 0 
14 59 402 228 235 66 20 0 9 55 346 257 337 20 0 0 11 56 102 492 263 100 0 0 
20 133 187 99 106 270 99 110 36 155 170 105 148 217 193 0 65 155 134 179 279 212 0 0 
0 0 0 0 0 1 26 997 0 0 0 0 0 3 1021 0 0 0 0 0 2 1022 0 0 
672 82 12 8 8 9 22 211 755 14 8 6 12 14 214 1 755 14 8 9 10 211 17 0 
2 200 337 288 182 15 0 0 24 243 300 247 176 34 0 0 272 234 222 198 87 11 0 0 
0 39 200 462 286 32 5 0 1 132 344 403 123 20 1 0 155 269 225 313 62 0 0 0 
0 0 60 278 514 154 18 0 0 61 203 318 313 122 7 0 31 130 247 313 289 14 0 0 
17 75 91 143 426 193 79 0 0 124 98 184 383 217 18 0 36 204 258 164 308 54 0 0 
25 962 25 3 9 0 0 0 0 910 101 3 10 0 0 0 0 12 883 119 10 0 0 0 
56 902 66 0 0 0 0 0 57 763 192 12 0 0 0 0 50 27 617 330 0 0 0 0 
112 493 45 16 32 65 174 87 140 474 37 32 24 200 79 38 194 122 339 42 150 135 42 0 
13 88 13 300 305 101 94 110 19 87 11 527 105 134 81 60 43 64 43 574 151 106 43 0 
1 17 67 298 329 196 59 57 5 67 32 409 314 116 65 16 2 16 83 551 245 90 37 0 
11 99 91 109 280 421 13 0 0 2 61 192 393 376 0 0 0 2 43 308 613 57 1 0 
0 0 0 304 181 354 161 24 0 0 0 370 192 386 69 7 0 0 6 457 472 78 11 0 
0 0 53 388 82 53 272 176 0 1 69 420 55 100 310 69 0 8 240 290 169 274 43 0 
7 62 95 143 90 92 328 207 10 62 153 109 121 54 442 73 0 54 128 215 128 419 80 0 
6 104 812 70 6 5 19 2 0 93 660 239 6 7 19 0 0 47 240 706 6 25 0 0 
9 624 204 160 27 0 0 0 2 584 239 160 39 0 0 0 0 49 680 205 90 0 0 0 
0 7 141 382 494 0 0 0 0 7 28 425 564 0 0 0 0 0 11 160 853 0 0 0 
0 3 211 287 523 0 0 0 0 0 105 309 610 0 0 0 0 0 0 229 795 0 0 0 
597 84 88 132 117 4 2 0 615 66 81 116 141 5 0 0 635 61 42 84 201 1 0 0 
121 61 75 88 206 330 143 0 135 58 84 114 245 343 45 0 150 50 122 197 334 171 0 0 
0 307 159 76 233 175 74 0 0 254 197 102 303 164 4 0 0 4 391 280 232 117 0 0 
0 18 110 19 604 258 15 0 0 0 129 17 701 174 3 0 0 0 31 487 457 49 0 0 
0 1 20 9 252 580 162 0 0 0 5 36 303 638 42 0 0 0 0 144 616 264 0 0 
0 0 1 2 3 150 131 737 0 0 1 3 2 236 782 0 0 0 1 4 196 823 0 0 
166 77 59 36 10 12 17 647 206 67 50 24 13 13 650 1 209 76 45 22 12 634 26 0 
1 54 176 169 81 46 113 384 3 67 176 143 108 116 388 23 80 81 128 173 75 467 20 0 
12 119 118 99 57 51 110 458 42 145 111 65 68 110 445 38 86 91 124 102 79 517 25 0 
8 34 59 126 234 156 220 187 13 38 97 173 205 204 264 30 36 83 128 167 235 362 13 0 
7 290 93 132 179 202 121 0 2 275 143 152 151 286 15 0 13 90 368 132 328 93 0 0 
17 723 145 21 117 1 0 0 0 640 243 25 116 0 0 0 0 24 744 154 102 0 0 0 
18 731 240 21 10 4 0 0 18 319 615 57 11 4 0 0 16 14 434 539 15 6 0 0 
823 129 45 24 1 2 0 0 813 127 55 26 2 1 0 0 793 96 90 39 5 1 0 0 
114 272 125 147 287 71 8 0 148 182 172 142 267 113 0 0 147 118 144 150 233 232 0 0 
3 455 135 16 12 142 199 62 5 387 199 19 19 319 47 29 0 13 432 163 204 180 32 0 
9 18 10 18 61 430 374 104 6 26 8 33 154 652 95 50 0 16 34 81 486 360 47 0 
0 303 94 21 30 142 320 114 0 291 113 25 30 258 244 63 0 2 401 39 142 368 72 0 
18 184 105 48 81 198 373 17 18 184 118 59 123 231 281 10 10 70 234 108 235 351 16 0 
212 235 202 101 161 112 1 0 140 316 198 138 196 36 0 0 24 241 321 315 120 3 0 0 
54 364 327 279 0 0 0 0 0 376 308 340 0 0 0 0 0 7 413 604 0 0 0 0 
3 957 64 0 0 0 0 0 0 862 162 0 0 0 0 0 0 2 984 38 0 0 0 0 
2 368 594 60 0 0 0 0 0 186 578 260 0 0 0 0 0 0 282 594 148 0 0 0 
1 785 219 19 0 0 0 0 0 609 359 55 1 0 0 0 0 0 718 277 29 0 0 0 
103 150 88 75 294 313 1 0 66 186 99 112 380 181 0 0 59 58 231 271 381 24 0 0 
82 690 100 40 16 92 4 0 4 711 154 44 17 94 0 0 0 30 780 100 45 69 0 0 
224 482 72 76 80 84 6 0 0 688 89 83 102 60 2 0 0 5 752 139 117 11 0 0 
11 54 46 38 865 10 0 0 0 58 45 43 878 0 0 0 0 14 99 872 39 0 0 0 
0 0 0 0 103 362 558 1 0 0 0 0 235 467 322 0 0 0 0 43 403 552 26 0 
0 0 0 6 40 216 418 344 0 0 0 13 53 477 481 0 0 0 1 29 374 616 4 0 
0 0 0 10 5 5 8 996 0 0 3 9 6 6 998 2 0 0 9 7 5 995 8 0 
44 297 184 106 149 215 29 0 15 338 177 97 270 126 1 0 112 151 279 118 340 24 0 0 
57 478 114 57 234 84 0 0 5 503 148 55 312 1 0 0 1 53 577 87 306 0 0 0 
3 576 49 20 170 56 150 0 0 595 36 22 182 184 5 0 0 51 576 35 250 112 0 0 
0 343 88 11 18 387 177 0 0 276 152 16 18 560 2 0 0 22 393 30 493 86 0 0 
0 594 430 0 0 0 0 0 0 241 758 25 0 0 0 0 0 0 707 317 0 0 0 0 
26 304 199 80 408 7 0 0 19 89 403 82 405 26 0 0 18 46 157 368 398 37 0 0 
477 143 164 213 27 0 0 0 444 162 149 216 53 0 0 0 338 214 106 187 178 1 0 0 
75 197 195 393 164 0 0 0 67 149 201 416 190 1 0 0 44 34 127 299 427 93 0 0 
0 622 190 111 38 16 46 1 0 509 307 131 20 41 16 0 0 1 610 343 30 40 0 0 
6 158 132 169 137 303 119 0 4 161 137 159 236 314 13 0 0 28 212 131 521 130 2 0 
24 441 104 37 78 197 143 0 21 419 137 45 122 258 22 0 7 104 434 83 312 81 3 0 
274 267 93 76 37 242 35 0 281 258 111 64 127 182 1 0 237 172 213 88 232 82 0 0 
585 165 64 210 0 0 0 0 529 219 69 207 0 0 0 0 505 143 151 225 0 0 0 0 
187 583 150 104 0 0 0 0 144 613 153 114 0 0 0 0 119 180 538 185 2 0 0 0 
12 981 31 0 0 0 0 0 8 918 98 0 0 0 0 0 5 57 961 1 0 0 0 0 
136 640 248 0 0 0 0 0 131 494 379 20 0 0 0 0 114 63 629 209 9 0 0 0 
88 800 96 14 14 12 0 0 86 741 148 21 20 8 0 0 67 85 769 76 27 0 0 0 
90 394 25 17 79 419 0 0 6 475 35 12 386 110 0 0 0 61 445 74 440 4 0 0 
277 716 11 20 0 0 0 0 8 976 19 21 0 0 0 0 0 209 794 21 0 0 0 0 
244 512 114 85 69 0 0 0 13 715 149 135 12 0 0 0 0 136 722 156 10 0 0 0 
160 183 94 50 537 0 0 0 0 327 106 68 523 0 0 0 0 58 381 540 45 0 0 0 
0 0 0 0 250 393 381 0 0 0 0 0 377 622 25 0 0 0 0 44 595 385 0 0 
0 0 0 0 19 465 520 20 0 0 0 0 32 839 153 0 0 0 0 0 471 545 8 0 
0 0 0 0 0 0 84 940 0 0 0 0 0 59 965 0 0 0 0 0 26 998 0 0 
158 835 30 1 0 0 0 0 0 922 100 1 1 0 0 0 0 15 997 11 1 0 0 0 
402 613 9 0 0 0 0 0 65 882 77 0 0 0 0 0 0 164 859 1 0 0 0 0 
473 523 28 0 0 0 0 0 59 897 68 0 0 0 0 0 0 353 670 1 0 0 0 0 
58 286 73 22 22 403 160 0 8 309 102 25 27 553 0 0 0 38 375 31 481 99 0 0 
0 689 328 2 3 2 0 0 0 328 689 3 2 2 0 0 0 6 935 79 3 1 0 0 
9 99 296 232 354 5 14 15 2 46 335 121 487 7 25 1 2 34 263 159 531 31 4 0 
280 97 128 167 352 0 0 0 255 77 117 182 393 0 0 0 186 148 131 137 411 11 0 0 
421 163 173 166 101 0 0 0 389 159 174 173 128 1 0 0 251 249 204 133 135 52 0 0 
52 161 278 367 165 1 0 0 31 128 309 402 154 0 0 0 69 258 336 187 168 6 0 0 
1 12 195 637 179 0 0 0 0 7 102 563 352 0 0 0 0 0 12 267 677 68 0 0 
0 209 30 175 469 114 27 0 0 162 76 85 642 52 7 0 0 1 200 65 627 130 1 0 
196 484 130 15 9 150 40 0 95 522 148 62 19 176 2 0 23 86 522 196 117 80 0 0 
313 558 145 8 0 0 0 0 185 591 196 52 0 0 0 0 85 123 456 360 0 0 0 0 
124 802 98 0 0 0 0 0 52 778 185 9 0 0 0 0 35 40 713 236 0 0 0 0 
219 593 113 95 4 0 0 0 169 608 166 80 1 0 0 0 138 95 619 154 18 0 0 0 
622 239 131 32 0 0 0 0 451 392 152 29 0 0 0 0 381 240 270 133 0 0 0 0 
159 758 20 8 21 58 0 0 53 820 63 9 57 22 0 0 44 228 665 15 69 3 0 0 
376 435 30 12 34 135 2 0 83 698 63 13 146 21 0 0 0 44 789 26 165 0 0 0 
210 813 1 0 0 0 0 0 4 982 38 0 0 0 0 0 0 10 1014 0 0 0 0 0 
378 578 68 0 0 0 0 0 7 888 129 0 0 0 0 0 0 51 922 51 0 0 0 0 
475 205 90 45 209 0 0 0 1 641 123 35 224 0 0 0 0 29 685 256 54 0 0 0 
0 0 0 0 241 628 155 0 0 0 0 0 635 306 83 0 0 0 0 26 862 136 0 0 
0 0 0 0 63 51 897 13 0 0 0 1 69 127 827 0 0 0 0 24 92 892 16 0 
0 0 0 0 19 82 367 556 0 0 0 0 22 396 606 0 0 0 0 7 260 757 0 0 
7 851 166 0 0 0 0 0 0 732 253 39 0 0 0 0 0 0 802 221 1 0 0 0 
156 868 0 0 0 0 0 0 1 1023 0 0 0 0 0 0 0 6 1007 11 0 0 0 0 
140 828 56 0 0 0 0 0 2 909 113 0 0 0 0 0 0 0 976 48 0 0 0 0 
169 745 26 7 10 35 32 0 4 886 54 6 9 63 2 0 0 4 899 46 42 33 0 0 
0 616 325 26 10 17 27 3 0 256 651 63 10 29 15 0 0 0 523 440 30 23 8 0 
45 297 216 129 95 94 130 18 13 126 396 148 122 138 81 0 5 125 216 286 261 115 16 0 
8 10 93 767 135 11 0 0 7 9 28 682 287 11 0 0 4 8 9 99 889 15 0 0 
8 51 100 266 599 0 0 0 1 37 81 173 704 28 0 0 1 42 83 67 265 566 0 0 
112 79 222 547 64 0 0 0 97 80 189 535 123 0 0 0 99 67 68 278 511 1 0 0 
37 95 101 204 106 148 129 204 25 90 103 138 223 143 285 17 24 73 98 109 378 301 41 0 
0 228 249 386 126 34 1 0 0 127 293 346 246 11 1 0 0 0 190 376 449 9 0 0 
3 550 133 67 126 51 85 9 0 505 166 98 122 104 29 0 0 18 507 216 180 103 0 0 
0 940 84 0 0 0 0 0 0 674 326 24 0 0 0 0 0 0 211 809 4 0 0 0 
2 846 176 0 0 0 0 0 0 667 327 30 0 0 0 0 0 0 300 724 0 0 0 0 
60 893 71 0 0 0 0 0 0 895 97 32 0 0 0 0 0 0 572 452 0 0 0 0 
136 731 157 0 0 0 0 0 0 805 203 16 0 0 0 0 0 0 603 421 0 0 0 0 
125 817 82 0 0 0 0 0 2 926 96 0 0 0 0 0 0 0 941 83 0 0 0 0 
320 569 135 0 0 0 0 0 27 826 171 0 0 0 0 0 0 5 966 53 0 0 0 0 
166 816 42 0 0 0 0 0 2 931 91 0 0 0 0 0 0 0 1022 2 0 0 0 0 
310 688 26 0 0 0 0 0 0 935 89 0 0 0 0 0 0 2 1001 21 0 0 0 0 
662 263 87 7 5 0 0 0 0 862 147 8 7 0 0 0 0 0 741 283 0 0 0 0 
1 29 51 19 237 677 10 0 0 16 60 22 587 334 5 0 0 0 60 94 858 12 0 0 
0 0 0 0 0 321 703 0 0 0 0 0 1 686 337 0 0 0 0 0 336 688 0 0 
0 0 0 0 24 284 566 150 0 0 0 0 26 710 288 0 0 0 0 1 211 802 10 0 
0 702 322 0 0 0 0 0 0 307 710 7 0 0 0 0 0 0 350 674 0 0 0 0 
0 787 217 20 0 0 0 0 0 576 384 64 0 0 0 0 0 0 475 548 1 0 0 0 
3 904 117 0 0 0 0 0 0 710 313 1 0 0 0 0 0 0 354 670 0 0 0 0 
0 752 272 0 0 0 0 0 0 502 521 1 0 0 0 0 0 0 499 525 0 0 0 0 
0 771 237 16 0 0 0 0 0 164 822 38 0 0 0 0 0 0 180 838 6 0 0 0 
0 279 404 68 72 187 14 0 0 67 588 99 106 164 0 0 0 0 156 596 221 51 0 0 
37 69 52 93 580 181 12 0 23 85 55 98 619 139 5 0 40 81 63 163 615 62 0 0 
32 88 57 330 329 108 61 19 34 92 52 231 456 95 60 4 39 86 56 138 571 103 31 0 
54 72 119 338 84 62 174 121 32 97 98 375 87 102 204 29 21 98 121 142 345 229 62 6 
99 76 71 62 363 106 144 103 89 85 76 79 378 115 197 5 53 94 83 233 284 256 21 0 
615 254 129 26 0 0 0 0 548 304 124 48 0 0 0 0 471 234 207 111 1 0 0 0 
746 112 52 90 24 0 0 0 726 123 54 98 23 0 0 0 690 102 88 88 55 1 0 0 
371 520 113 18 2 0 0 0 365 390 231 36 2 0 0 0 367 45 352 246 14 0 0 0 
0 891 133 0 0 0 0 0 0 754 266 4 0 0 0 0 0 16 722 286 0 0 0 0 
0 851 160 13 0 0 0 0 0 726 220 78 0 0 0 0 0 0 383 635 6 0 0 0 
1 975 48 0 0 0 0 0 0 899 125 0 0 0 0 0 0 0 187 837 0 0 0 0 
16 887 121 0 0 0 0 0 0 836 180 8 0 0 0 0 0 0 443 581 0 0 0 0 
100 924 0 0 0 0 0 0 1 1023 0 0 0 0 0 0 0 0 817 207 0 0 0 0 
43 902 79 0 0 0 0 0 0 914 110 0 0 0 0 0 0 0 856 168 0 0 0 0 
41 983 0 0 0 0 0 0 0 1024 0 0 0 0 0 0 0 0 995 29 0 0 0 0 
57 892 75 0 0 0 0 0 0 906 116 2 0 0 0 0 0 0 604 420 0 0 0 0 
54 259 61 26 109 515 0 0 0 270 93 34 448 179 0 0 0 0 43 361 620 0 0 0 
0 0 0 0 0 520 504 0 0 0 0 0 0 788 236 0 0 0 0 0 531 493 0 0 
0 0 0 6 102 161 751 4 0 0 0 9 109 265 641 0 0 0 0 36 202 765 21 0 
0 766 211 47 0 0 0 0 0 400 522 102 0 0 0 0 0 0 174 849 1 0 0 0 
0 746 227 51 0 0 0 0 0 513 400 111 0 0 0 0 0 0 129 892 3 0 0 0 
0 706 295 23 0 0 0 0 0 311 608 105 0 0 0 0 0 0 0 1024 0 0 0 0 
0 570 416 38 0 0 0 0 0 146 773 105 0 0 0 0 0 0 223 801 0 0 0 0 
0 661 328 35 0 0 0 0 0 316 591 117 0 0 0 0 0 0 160 850 14 0 0 0 
0 309 290 52 58 315 0 0 0 100 456 94 75 299 0 0 0 0 79 565 345 35 0 0 
0 454 269 51 126 124 0 0 0 365 337 80 165 77 0 0 0 1 374 424 192 33 0 0 
3 297 60 51 213 221 179 0 2 308 59 72 275 150 158 0 13 21 281 173 316 208 12 0 
2 301 41 26 134 277 239 4 1 273 69 77 112 367 125 0 2 10 347 158 270 236 1 0 
464 261 25 13 254 7 0 0 196 461 91 15 253 8 0 0 117 117 511 41 238 0 0 0 
883 84 13 13 31 0 0 0 864 102 13 15 30 0 0 0 846 119 17 15 27 0 0 0 
790 54 58 102 20 0 0 0 797 63 61 103 0 0 0 0 818 65 115 26 0 0 0 0 
487 415 88 22 10 1 1 0 577 345 82 16 3 1 0 0 573 162 270 17 1 1 0 0 
5 706 310 3 0 0 0 0 3 656 361 4 0 0 0 0 1 12 683 328 0 0 0 0 
1 682 337 4 0 0 0 0 0 563 417 44 0 0 0 0 0 0 213 811 0 0 0 0 
0 701 290 33 0 0 0 0 0 529 456 39 0 0 0 0 0 0 67 957 0 0 0 0 
0 650 365 9 0 0 0 0 0 487 520 17 0 0 0 0 0 0 193 831 0 0 0 0 
0 782 240 2 0 0 0 0 0 587 435 2 0 0 0 0 0 0 439 585 0 0 0 0 
27 850 147 0 0 0 0 0 0 770 254 0 0 0 0 0 0 0 544 480 0 0 0 0 
8 905 111 0 0 0 0 0 0 843 178 3 0 0 0 0 0 0 814 210 0 0 0 0 
117 789 118 0 0 0 0 0 0 845 173 6 0 0 0 0 0 0 615 409 0 0 0 0 
332 250 113 32 107 190 0 0 0 541 141 41 265 36 0 0 0 0 121 604 299 0 0 0 
0 0 0 0 0 786 238 0 0 0 0 0 67 792 165 0 0 0 0 0 791 233 0 0 
0 0 0 0 0 319 705 0 0 0 0 0 2 682 340 0 0 0 0 0 213 811 0 0 
0 889 135 0 0 0 0 0 0 313 711 0 0 0 0 0 0 0 2 1022 0 0 0 0 
0 868 120 36 0 0 0 0 0 433 505 86 0 0 0 0 0 0 42 966 16 0 0 0 
0 884 136 4 0 0 0 0 0 132 868 24 0 0 0 0 0 0 2 1022 0 0 0 0 
0 863 100 61 0 0 0 0 0 166 783 75 0 0 0 0 0 0 27 969 28 0 0 0 
0 839 131 54 0 0 0 0 0 506 420 98 0 0 0 0 0 1 66 955 2 0 0 0 
6 587 105 26 68 212 20 0 0 343 353 25 120 179 4 0 0 0 109 604 246 63 2 0 
29 686 303 6 0 0 0 0 10 401 532 81 0 0 0 0 0 0 378 646 0 0 0 0 
0 738 98 11 8 17 152 0 0 626 211 10 11 67 99 0 0 0 747 98 11 161 7 0 
0 467 62 11 9 371 104 0 0 453 63 25 8 454 21 0 0 4 414 126 294 186 0 0 
310 609 80 5 20 0 0 0 3 888 108 5 20 0 0 0 0 2 877 122 22 1 0 0 
635 307 61 9 12 0 0 0 454 423 126 9 12 0 0 0 323 248 427 15 11 0 0 0 
967 55 2 0 0 0 0 0 965 57 2 0 0 0 0 0 954 51 19 0 0 0 0 0 
870 154 0 0 0 0 0 0 829 195 0 0 0 0 0 0 765 176 83 0 0 0 0 0 
72 731 209 12 0 0 0 0 66 661 275 22 0 0 0 0 31 67 348 578 0 0 0 0 
0 702 319 3 0 0 0 0 0 560 374 90 0 0 0 0 0 0 164 860 0 0 0 0 
0 833 160 31 0 0 0 0 0 651 299 74 0 0 0 0 0 0 54 970 0 0 0 0 
0 777 243 4 0 0 0 0 0 461 507 56 0 0 0 0 0 0 42 973 9 0 0 0 
0 766 258 0 0 0 0 0 0 451 559 14 0 0 0 0 0 0 93 931 0 0 0 0 
6 791 224 3 0 0 0 0 0 583 419 22 0 0 0 0 0 0 188 836 0 0 0 0 
0 905 118 1 0 0 0 0 0 854 141 29 0 0 0 0 0 0 413 609 2 0 0 0 
227 662 135 0 0 0 0 0 0 808 181 35 0 0 0 0 0 0 209 813 2 0 0 0 
490 339 151 11 33 0 0 0 0 760 164 63 37 0 0 0 0 0 282 710 32 0 0 0 
0 15 20 20 75 894 0 0 0 13 12 28 300 671 0 0 0 0 23 39 962 0 0 0 
0 0 0 0 0 351 673 0 0 0 0 0 0 694 330 0 0 0 0 0 256 768 0 0 
