952 72 0 0 0 0 0 0 814 210 0 0 0 0 0 0 779 245 0 0 0 0 0 0 
1024 0 0 0 0 0 0 0 957 67 0 0 0 0 0 0 844 180 0 0 0 0 0 0 
1024 0 0 0 0 0 0 0 969 55 0 0 0 0 0 0 774 250 0 0 0 0 0 0 
1024 0 0 0 0 0 0 0 993 31 0 0 0 0 0 0 619 405 0 0 0 0 0 0 
1024 0 0 0 0 0 0 0 1005 19 0 0 0 0 0 0 636 388 0 0 0 0 0 0 
1024 0 0 0 0 0 0 0 1023 1 0 0 0 0 0 0 653 371 0 0 0 0 0 0 
1024 0 0 0 0 0 0 0 1007 17 0 0 0 0 0 0 694 330 0 0 0 0 0 0 
1024 0 0 0 0 0 0 0 1008 16 0 0 0 0 0 0 684 340 0 0 0 0 0 0 
1024 0 0 0 0 0 0 0 1023 1 0 0 0 0 0 0 814 210 0 0 0 0 0 0 
1024 0 0 0 0 0 0 0 1024 0 0 0 0 0 0 0 964 60 0 0 0 0 0 0 
1024 0 0 0 0 0 0 0 1024 0 0 0 0 0 0 0 949 75 0 0 0 0 0 0 
1019 5 0 0 0 0 0 0 932 92 0 0 0 0 0 0 706 318 0 0 0 0 0 0 
884 49 35 25 29 2 0 0 691 218 39 32 42 2 0 0 592 307 51 27 29 18 0 0 
627 67 162 30 138 0 0 0 426 230 58 158 122 30 0 0 397 121 214 137 32 123 0 0 
380 109 297 40 198 0 0 0 212 210 53 329 194 26 0 0 196 189 132 286 51 170 0 0 
139 218 229 198 83 8 22 127 75 280 173 160 158 29 18 131 88 300 134 105 159 89 20 129 
0 2 74 10 25 40 235 638 0 2 76 9 21 41 208 667 0 10 69 9 10 55 281 590 
0 0 0 0 15 21 97 891 0 0 0 0 14 22 83 905 0 0 0 0 16 22 190 796 
0 0 0 0 0 5 100 919 0 0 0 0 0 3 81 940 0 0 0 0 0 16 135 873 
0 0 0 0 0 10 33 981 0 0 0 0 0 6 28 990 0 0 0 0 0 12 60 952 
0 0 0 0 0 1 16 1007 0 0 0 0 0 2 15 1007 0 0 0 0 0 3 38 983 
0 0 0 10 33 32 11 938 0 0 0 5 37 34 10 938 0 0 0 5 38 33 34 914 
0 0 0 9 135 45 18 817 0 0 0 4 127 57 21 815 0 0 0 6 133 52 43 790 
0 0 0 11 163 134 28 688 0 0 0 8 132 165 32 687 0 0 0 10 157 142 30 685 
0 0 0 1 274 139 32 578 0 0 0 0 225 186 37 576 0 0 0 0 256 156 37 575 
0 0 0 7 272 254 29 462 0 0 0 6 226 302 28 462 0 0 0 9 281 255 21 458 
0 0 4 18 442 189 20 351 0 0 4 9 381 259 21 350 0 0 4 20 459 173 23 345 
0 53 15 28 351 316 21 240 0 52 16 23 296 375 24 238 2 53 17 26 371 295 24 236 
1 86 56 44 327 350 23 137 0 82 52 51 280 395 30 134 0 87 52 62 371 299 24 129 
1 137 80 53 359 342 19 33 2 115 85 65 318 388 21 30 4 119 93 61 461 239 21 26 
4 172 114 79 329 301 25 0 2 134 144 82 299 336 27 0 5 152 148 76 358 265 20 0 
12 143 90 150 430 189 8 2 7 122 96 146 409 232 10 2 10 130 108 185 464 120 6 1 
37 191 138 185 406 66 1 0 7 196 143 191 384 102 1 0 27 201 151 217 396 31 1 0 
13 157 101 289 429 35 0 0 0 152 104 263 452 53 0 0 6 154 115 418 323 8 0 0 
82 183 195 376 163 24 1 0 6 224 196 389 184 24 1 0 51 207 215 403 137 10 1 0 
386 457 132 35 13 1 0 0 68 218 507 200 25 6 0 0 78 387 473 68 16 2 0 0 
497 500 26 1 0 0 0 0 0 143 584 291 6 0 0 0 3 443 538 39 1 0 0 0 
454 459 93 13 5 0 0 0 0 274 532 191 26 1 0 0 2 346 540 126 9 1 0 0 
209 431 196 70 56 33 27 2 8 191 410 262 86 33 30 4 2 274 429 187 73 34 24 1 
175 337 300 162 43 6 1 0 27 157 237 422 162 18 1 0 1 212 296 380 124 11 0 0 
315 338 225 80 41 24 1 0 51 215 320 319 82 36 1 0 12 314 451 168 59 20 0 0 
264 339 206 113 67 31 4 0 89 139 261 347 129 55 4 0 57 222 388 240 83 33 1 0 
284 386 231 96 20 7 0 0 109 147 284 374 94 16 0 0 81 228 374 277 53 11 0 0 
207 109 111 115 126 133 118 105 142 61 115 155 145 138 128 140 124 148 131 111 142 132 125 111 
471 332 70 31 42 24 36 18 254 140 340 157 42 32 34 25 248 300 289 63 40 30 33 21 
680 286 58 0 0 0 0 0 515 99 294 116 0 0 0 0 522 263 212 27 0 0 0 0 
277 706 41 0 0 0 0 0 42 107 712 163 0 0 0 0 31 427 560 6 0 0 0 0 
239 594 189 2 0 0 0 0 184 86 445 309 0 0 0 0 199 111 619 95 0 0 0 0 
49 604 222 73 72 3 1 0 0 10 408 467 123 14 2 0 0 147 541 212 115 7 2 0 
2 289 372 139 209 13 0 0 0 0 175 523 288 38 0 0 0 0 260 457 277 30 0 0 
24 370 249 83 166 21 21 90 9 305 198 160 192 47 21 92 28 382 123 155 194 29 22 91 
0 2 159 102 302 19 20 420 0 0 157 49 334 45 19 420 0 82 80 50 337 38 19 418 
0 60 14 66 416 58 18 392 0 58 16 27 429 84 16 394 0 59 15 39 429 72 20 390 
1 70 44 120 435 64 17 273 0 69 38 74 452 99 20 272 0 69 45 86 454 81 20 269 
1 99 90 132 395 133 21 153 0 88 77 125 364 192 21 157 0 92 84 127 381 166 21 153 
7 106 73 132 513 151 11 31 3 99 74 112 468 225 12 31 5 103 73 127 518 155 13 30 
0 51 58 151 626 138 0 0 0 49 55 104 611 204 1 0 0 54 55 156 638 121 0 0 
0 82 89 294 480 79 0 0 0 74 82 216 534 117 1 0 0 81 87 300 474 82 0 0 
4 108 111 159 429 209 4 0 2 96 98 143 414 266 5 0 3 99 115 162 448 192 5 0 
4 120 75 135 541 144 5 0 0 102 87 112 522 196 5 0 0 112 83 153 557 116 3 0 
10 152 112 288 406 55 1 0 5 133 125 252 441 67 1 0 9 142 125 319 382 47 0 0 
4 128 73 135 598 81 5 0 0 114 78 123 605 98 6 0 4 119 80 206 566 49 0 0 
0 120 123 296 471 14 0 0 0 98 115 267 522 22 0 0 0 115 129 378 394 8 0 0 
0 9 31 154 505 306 18 1 0 3 28 141 477 352 22 1 0 5 35 218 540 218 8 0 
0 1 13 136 593 252 28 1 0 0 14 99 582 294 34 1 0 1 14 176 631 182 20 0 
0 0 20 260 677 66 1 0 0 0 14 202 714 93 1 0 0 0 23 399 575 26 1 0 
0 0 0 53 695 266 10 0 0 0 0 37 671 305 11 0 0 0 0 121 748 150 5 0 
0 0 14 321 650 37 2 0 0 0 7 263 704 48 2 0 0 0 16 494 487 25 2 0 
0 0 0 71 780 167 6 0 0 0 0 57 779 182 6 0 0 0 0 201 759 63 1 0 
29 39 28 287 596 41 4 0 28 39 27 214 665 47 4 0 32 36 28 477 429 21 1 0 
446 569 9 0 0 0 0 0 94 239 260 423 8 0 0 0 205 189 592 38 0 0 0 0 
507 488 28 1 0 0 0 0 0 4 291 673 56 0 0 0 0 112 794 118 0 0 0 0 
790 221 12 1 0 0 0 0 0 146 559 308 11 0 0 0 1 515 479 29 0 0 0 0 
522 469 32 1 0 0 0 0 0 151 640 221 12 0 0 0 2 309 664 48 1 0 0 0 
492 479 51 2 0 0 0 0 0 12 448 555 9 0 0 0 0 189 727 107 1 0 0 0 
526 447 46 5 0 0 0 0 1 83 552 373 15 0 0 0 33 434 489 67 1 0 0 0 
548 458 18 0 0 0 0 0 0 58 550 403 13 0 0 0 32 429 503 60 0 0 0 0 
426 568 30 0 0 0 0 0 2 132 498 379 13 0 0 0 26 343 589 66 0 0 0 0 
219 586 147 34 20 14 4 0 0 64 423 437 55 29 14 2 11 319 547 88 33 17 7 2 
295 640 89 0 0 0 0 0 5 69 568 374 8 0 0 0 43 402 548 31 0 0 0 0 
524 380 120 0 0 0 0 0 425 124 260 211 4 0 0 0 452 168 341 63 0 0 0 0 
155 461 272 111 25 0 0 0 22 130 385 383 93 11 0 0 43 210 426 215 107 23 0 0 
218 350 289 139 24 4 0 0 142 192 299 293 86 12 0 0 168 177 294 258 109 18 0 0 
19 105 148 244 471 36 1 0 10 70 122 199 532 86 5 0 9 64 125 224 532 68 2 0 
9 76 70 314 527 28 0 0 0 68 71 239 590 56 0 0 0 75 74 321 526 28 0 0 
0 314 84 122 397 107 0 0 0 292 102 93 391 145 1 0 1 365 28 124 406 100 0 0 
2 74 268 205 392 83 0 0 1 71 253 173 420 106 0 0 1 257 76 206 408 76 0 0 
0 7 49 170 630 164 4 0 0 5 31 152 634 194 8 0 0 5 40 173 655 147 4 0 
0 3 32 237 527 224 1 0 0 2 16 203 531 271 1 0 0 3 21 235 556 208 1 0 
0 4 7 304 620 82 7 0 0 4 4 218 678 113 7 0 0 4 6 293 638 76 7 0 
0 0 21 250 554 192 7 0 0 0 6 190 585 234 9 0 0 0 13 219 606 181 5 0 
0 1 10 87 662 249 14 1 0 1 5 67 621 312 17 1 0 1 10 87 714 203 8 1 
0 2 12 94 788 126 2 0 0 2 9 54 770 185 4 0 0 2 11 98 785 126 2 0 
0 6 25 104 477 398 13 1 0 3 23 84 426 456 31 1 0 5 25 101 481 394 17 1 
0 5 17 103 480 400 19 0 0 4 7 94 428 463 27 1 0 5 11 110 533 349 16 0 
0 0 11 126 595 284 8 0 0 0 5 95 544 369 11 0 0 0 8 116 679 217 4 0 
0 0 12 87 542 368 15 0 0 0 6 69 494 434 21 0 0 0 8 84 650 273 9 0 
0 0 0 35 585 388 15 1 0 0 0 28 498 476 21 1 0 0 0 40 695 280 9 0 
0 0 4 125 634 251 10 0 0 0 2 92 621 297 12 0 0 0 4 161 675 177 7 0 
0 3 6 79 559 367 9 1 0 3 4 64 530 409 13 1 0 3 6 128 639 241 6 1 
0 0 8 47 705 259 5 0 0 0 8 31 652 326 7 0 0 0 8 87 775 150 4 0 
0 0 6 80 300 582 56 0 0 0 6 65 273 600 80 0 0 0 6 90 396 504 28 0 
0 0 0 11 373 595 45 0 0 0 0 10 325 635 53 1 0 0 0 24 541 438 21 0 
5 19 39 89 349 517 6 0 4 13 44 73 340 542 8 0 5 22 40 135 475 345 2 0 
0 1 9 26 332 633 22 1 0 0 3 26 303 660 31 1 0 1 4 50 588 370 11 0 
356 661 7 0 0 0 0 0 0 551 384 89 0 0 0 0 32 729 262 1 0 0 0 0 
761 254 9 0 0 0 0 0 0 113 637 266 8 0 0 0 50 571 375 28 0 0 0 0 
827 196 1 0 0 0 0 0 0 250 623 151 0 0 0 0 135 685 203 1 0 0 0 0 
893 130 1 0 0 0 0 0 2 333 626 63 0 0 0 0 46 753 224 1 0 0 0 0 
694 324 6 0 0 0 0 0 5 246 573 200 0 0 0 0 14 524 473 13 0 0 0 0 
583 405 33 3 0 0 0 0 0 114 679 226 5 0 0 0 17 573 402 29 3 0 0 0 
488 484 52 0 0 0 0 0 1 131 658 233 1 0 0 0 20 503 448 53 0 0 0 0 
417 510 96 1 0 0 0 0 36 215 490 277 6 0 0 0 65 391 432 136 0 0 0 0 
84 451 388 94 7 0 0 0 0 78 473 409 63 1 0 0 1 109 467 347 94 6 0 0 
74 378 429 131 11 1 0 0 5 122 437 387 68 5 0 0 5 108 414 401 89 7 0 0 
498 141 280 89 16 0 0 0 400 159 173 244 47 1 0 0 428 120 159 263 51 3 0 0 
39 148 572 221 42 2 0 0 31 54 287 529 111 12 0 0 25 46 191 577 159 26 0 0 
142 449 283 106 41 3 0 0 67 283 403 192 65 13 1 0 104 248 367 216 68 20 1 0 
8 152 116 199 465 84 0 0 1 51 171 186 482 133 0 0 1 33 174 212 520 84 0 0 
0 0 5 269 666 83 1 0 0 0 0 184 716 121 3 0 0 0 1 238 688 96 1 0 
0 272 34 162 497 59 0 0 0 270 30 126 517 80 1 0 0 282 21 146 510 65 0 0 
0 113 175 150 417 149 20 0 0 113 172 116 406 191 26 0 0 253 34 134 410 171 22 0 
0 4 13 204 674 122 7 0 0 4 6 140 706 153 15 0 0 4 9 176 709 118 8 0 
0 5 25 173 618 199 4 0 0 4 16 136 605 256 7 0 0 4 18 156 633 209 4 0 
0 1 4 107 622 289 1 0 0 0 5 72 585 356 6 0 0 0 5 109 631 278 1 0 
0 0 0 159 644 206 15 0 0 0 0 75 648 279 22 0 0 0 0 119 667 226 12 0 
0 0 0 56 678 265 25 0 0 0 0 25 620 350 29 0 0 0 0 56 692 264 12 0 
0 0 3 90 524 389 18 0 0 0 3 64 464 467 26 0 0 0 3 93 538 378 12 0 
0 0 3 144 404 458 15 0 0 0 2 106 385 510 21 0 0 0 2 129 424 453 16 0 
0 0 1 88 445 477 13 0 0 0 0 58 413 529 24 0 0 0 0 85 491 439 9 0 
0 0 0 4 283 704 31 2 0 0 0 1 235 744 42 2 0 0 0 9 379 622 12 2 
0 0 0 31 546 438 9 0 0 0 0 20 461 527 16 0 0 0 0 41 609 368 6 0 
0 0 12 29 316 640 24 3 0 0 11 22 284 671 33 3 0 0 13 38 467 485 18 3 
0 0 0 12 516 475 20 1 0 0 0 5 462 523 33 1 0 0 0 32 603 380 9 0 
0 2 9 20 443 515 33 2 0 2 9 18 395 557 41 2 0 2 10 39 534 411 26 2 
0 0 0 17 441 528 36 2 0 0 0 10 396 562 54 2 0 0 0 44 547 400 31 2 
0 1 6 221 525 252 18 1 0 1 5 167 546 269 35 1 0 1 6 241 558 202 15 1 
0 0 0 32 563 408 21 0 0 0 0 25 529 445 25 0 0 0 0 73 650 294 7 0 
0 2 72 215 472 255 8 0 0 2 50 200 479 282 11 0 0 2 70 258 531 159 4 0 
1 14 19 119 575 283 12 1 1 14 16 106 583 289 14 1 3 13 26 201 627 148 6 0 
105 881 38 0 0 0 0 0 0 619 366 39 0 0 0 0 6 859 154 5 0 0 0 0 
706 317 1 0 0 0 0 0 0 224 652 143 5 0 0 0 63 635 314 12 0 0 0 0 
554 445 25 0 0 0 0 0 5 287 617 115 0 0 0 0 123 584 307 10 0 0 0 0 
560 439 25 0 0 0 0 0 13 290 631 90 0 0 0 0 110 668 237 9 0 0 0 0 
532 463 24 5 0 0 0 0 15 275 497 232 5 0 0 0 95 459 423 43 4 0 0 0 
279 607 135 3 0 0 0 0 0 211 678 133 2 0 0 0 1 248 644 129 2 0 0 0 
114 647 243 20 0 0 0 0 0 239 613 167 5 0 0 0 0 157 651 205 11 0 0 0 
20 493 433 77 1 0 0 0 0 77 590 311 46 0 0 0 0 48 563 357 55 1 0 0 
22 273 503 186 39 1 0 0 1 71 459 369 116 8 0 0 0 45 363 456 133 27 0 0 
5 127 465 351 75 1 0 0 0 27 297 464 222 14 0 0 0 18 205 486 280 35 0 0 
390 110 298 190 33 3 0 0 231 225 144 324 89 11 0 0 401 56 115 323 117 12 0 0 
44 131 449 304 82 12 2 0 19 87 228 485 154 48 3 0 26 65 198 480 187 61 7 0 
70 363 386 134 43 7 9 12 15 248 457 210 61 12 8 13 39 224 418 236 73 13 9 12 
0 77 56 79 356 173 195 88 0 27 91 67 340 211 198 90 0 10 101 85 372 190 201 65 
0 2 8 212 641 161 0 0 0 2 4 150 670 197 1 0 0 2 7 202 639 174 0 0 
0 224 29 147 536 87 1 0 0 220 29 91 560 123 1 0 0 224 27 129 555 88 1 0 
1 257 96 260 347 61 2 0 0 248 102 196 392 82 4 0 1 312 42 240 371 56 2 0 
0 2 6 230 564 218 4 0 0 2 4 167 593 254 4 0 0 2 6 216 590 207 3 0 
1 8 31 166 567 249 2 0 0 7 26 112 544 332 3 0 0 7 29 147 590 249 2 0 
2 5 20 349 590 58 0 0 0 6 10 269 641 98 0 0 1 6 13 319 613 72 0 0 
0 0 5 160 606 250 3 0 0 0 0 119 563 335 7 0 0 0 1 139 602 279 3 0 
0 2 5 230 590 191 6 0 0 2 5 135 612 258 12 0 0 2 5 173 623 215 6 0 
0 8 12 79 391 519 15 0 0 4 13 60 336 580 31 0 0 5 16 68 415 505 15 0 
0 1 34 117 534 326 12 0 0 0 23 98 463 417 23 0 0 0 28 117 555 309 15 0 
0 0 4 44 556 409 11 0 0 0 2 26 495 481 20 0 0 0 3 44 608 356 13 0 
0 4 6 48 532 420 12 2 0 4 5 39 430 530 13 3 0 4 6 53 577 375 7 2 
0 0 0 28 488 496 11 1 0 0 0 15 437 557 14 1 0 0 0 31 587 400 5 1 
0 2 8 36 569 395 14 0 0 2 8 25 532 440 17 0 0 2 8 53 663 288 10 0 
0 0 0 10 591 408 15 0 0 0 0 6 520 481 17 0 0 0 0 39 708 268 9 0 
0 0 0 25 501 436 62 0 0 0 0 18 451 480 75 0 0 0 1 58 563 371 31 0 
0 0 0 1 265 715 41 2 0 0 0 1 198 766 57 2 0 0 0 3 377 625 18 1 
0 0 0 13 537 452 22 0 0 0 0 9 481 508 26 0 0 0 0 40 655 316 13 0 
0 0 0 63 566 388 6 1 0 0 0 45 543 424 11 1 0 0 0 111 661 250 2 0 
0 0 0 37 551 419 16 1 0 0 0 29 525 454 15 1 0 0 0 90 675 253 5 1 
0 14 30 40 598 328 13 1 0 14 30 36 577 352 14 1 0 26 26 98 720 150 4 0 
63 861 99 1 0 0 0 0 1 833 188 2 0 0 0 0 46 967 11 0 0 0 0 0 
91 152 121 44 158 272 149 37 0 60 248 81 143 278 155 59 20 150 176 62 225 215 131 45 
90 173 74 33 234 366 30 24 1 117 185 53 206 401 27 34 41 179 114 32 511 90 30 27 
338 440 79 30 30 63 24 20 34 273 469 105 32 61 33 17 124 482 234 42 66 35 28 13 
227 409 218 65 21 38 17 29 12 233 450 199 45 38 19 28 9 305 390 180 59 35 18 28 
39 311 406 213 34 5 7 9 0 106 373 383 131 14 8 9 0 73 368 420 132 15 7 9 
0 259 648 109 7 1 0 0 0 9 554 414 46 1 0 0 0 1 388 558 74 2 1 0 
3 162 475 215 109 60 0 0 0 25 344 366 131 122 36 0 0 11 248 447 171 128 19 0 
1 142 671 165 43 2 0 0 0 15 458 471 54 24 2 0 0 2 301 595 96 30 0 0 
2 111 426 326 96 17 25 21 0 32 295 409 207 33 23 25 0 16 231 446 246 35 25 25 
183 309 172 190 54 59 35 22 50 403 124 211 113 64 38 21 277 173 110 213 128 66 34 23 
11 165 155 195 135 65 272 26 4 138 145 185 164 79 284 25 3 132 138 168 177 121 262 23 
6 128 121 78 74 76 455 86 3 123 110 82 76 80 464 86 6 103 117 84 80 88 516 30 
0 26 84 124 77 30 198 485 0 25 82 107 94 32 249 435 0 30 81 117 84 31 676 5 
0 1 83 437 493 10 0 0 0 0 55 377 572 20 0 0 0 0 64 445 506 9 0 0 
0 170 12 314 496 32 0 0 0 168 9 206 575 66 0 0 0 170 9 266 543 36 0 0 
0 320 61 212 414 16 1 0 0 321 56 133 467 46 1 0 0 359 21 169 448 26 1 0 
0 0 124 495 391 14 0 0 0 0 61 439 496 28 0 0 0 0 87 477 439 21 0 0 
0 0 69 512 415 28 0 0 0 0 35 422 518 48 1 0 0 0 54 496 440 34 0 0 
0 0 17 195 622 189 1 0 0 0 7 140 618 257 2 0 0 0 13 190 641 180 0 0 
0 0 0 88 457 446 33 0 0 0 0 47 409 516 52 0 0 0 0 75 439 475 35 0 
0 5 11 27 512 454 15 0 0 4 10 16 418 553 23 0 0 5 10 23 527 443 16 0 
0 0 36 194 480 308 6 0 0 0 21 155 484 353 11 0 0 0 23 188 519 286 8 0 
0 0 4 154 508 323 34 1 0 0 2 93 495 376 56 2 0 0 2 122 521 339 39 1 
0 0 2 74 387 513 48 0 0 0 1 47 337 550 89 0 0 0 2 64 389 512 57 0 
0 0 0 105 341 540 37 1 0 0 0 65 329 564 63 3 0 0 0 91 372 519 41 1 
0 1 5 59 518 435 6 0 0 1 5 35 462 504 17 0 0 1 5 60 562 388 8 0 
0 0 1 73 491 444 15 0 0 0 0 46 455 500 23 0 0 0 1 81 539 391 12 0 
0 4 12 15 156 767 67 3 0 5 10 13 119 772 101 4 0 5 11 18 250 703 35 2 
0 2 33 87 363 527 12 0 0 0 23 86 320 581 14 0 0 1 28 106 480 407 2 0 
0 1 3 91 554 360 14 1 0 1 4 68 514 420 15 2 0 2 5 121 623 262 11 0 
0 0 6 67 515 405 31 0 0 0 5 47 479 440 53 0 0 0 6 87 560 339 32 0 
0 12 25 90 380 467 50 0 0 12 23 78 364 483 64 0 0 16 23 109 492 364 20 0 
0 0 0 48 502 452 18 4 0 0 0 39 441 519 21 4 0 0 5 76 588 337 16 2 
0 5 15 37 427 520 19 1 0 2 14 37 371 573 27 0 0 7 12 59 563 375 8 0 
13 807 113 9 12 36 34 0 0 754 176 14 12 34 34 0 11 899 27 9 12 66 0 0 
17 128 224 68 45 244 298 0 0 34 327 69 45 243 306 0 12 211 173 57 42 367 162 0 
0 23 33 43 59 836 30 0 0 18 34 32 62 849 29 0 0 22 35 29 129 809 0 0 
5 105 168 193 112 420 21 0 0 47 148 213 144 418 54 0 0 54 102 226 243 382 17 0 
1 27 82 176 129 527 82 0 0 15 60 150 147 517 135 0 1 17 56 139 231 518 62 0 
0 36 77 96 157 454 180 24 0 23 66 90 157 459 203 26 0 26 57 106 204 475 137 19 
0 5 44 134 151 464 195 31 0 1 20 91 176 484 219 33 0 0 9 89 200 515 180 31 
1 11 76 161 100 478 167 30 0 9 54 146 123 469 185 38 0 5 43 147 127 519 153 30 
0 8 109 116 61 507 183 40 0 1 69 149 65 502 186 52 0 1 45 150 91 554 142 41 
0 2 46 96 68 471 317 24 0 2 27 97 76 466 326 30 0 2 11 97 91 636 165 22 
4 369 38 57 70 384 95 7 0 370 35 51 64 401 92 11 153 218 33 57 115 364 79 5 
10 180 51 80 81 80 514 28 2 183 45 82 84 69 530 29 24 160 43 85 89 126 476 21 
0 40 43 71 92 103 616 59 0 39 36 73 79 118 610 69 0 38 35 72 84 123 637 35 
0 44 104 100 44 54 498 180 0 40 107 89 53 52 573 110 0 50 102 94 50 63 652 13 
0 4 95 745 177 3 0 0 0 2 46 679 290 6 1 0 0 3 76 741 199 5 0 0 
0 114 93 594 223 0 0 0 0 111 50 509 350 4 0 0 1 112 61 558 292 0 0 0 
0 423 65 403 133 0 0 0 0 418 46 328 229 3 0 0 1 428 47 372 176 0 0 0 
0 3 48 473 492 8 0 0 0 2 26 360 611 25 0 0 0 3 32 421 554 14 0 0 
0 0 19 376 589 40 0 0 0 0 7 298 635 84 0 0 0 0 10 345 610 59 0 0 
1 16 48 327 582 50 0 0 1 16 34 260 613 100 0 0 1 20 34 319 594 56 0 0 
0 55 62 264 525 116 2 0 0 45 62 218 551 146 2 0 0 51 65 253 533 122 0 0 
1 26 62 140 242 484 67 2 0 22 62 118 236 497 86 3 2 28 61 139 275 477 40 2 
0 5 38 68 350 475 88 0 0 4 37 56 283 523 120 1 0 9 35 66 360 472 81 1 
0 0 10 58 541 403 12 0 0 0 9 38 459 496 22 0 0 0 9 58 547 395 15 0 
0 0 0 90 480 430 24 0 0 0 0 54 439 488 43 0 0 0 0 79 492 429 24 0 
0 0 4 23 440 519 38 0 0 0 2 16 358 590 58 0 0 0 4 25 489 471 35 0 
0 0 5 20 325 643 31 0 0 0 4 15 267 691 47 0 0 0 5 21 372 596 30 0 
0 0 0 4 264 713 43 0 0 0 0 3 213 718 90 0 0 0 0 11 315 662 36 0 
0 1 11 40 150 740 80 2 0 0 10 33 119 749 110 3 0 0 12 37 227 695 52 1 
0 0 3 21 106 744 149 1 0 0 2 19 92 732 178 1 0 0 3 23 161 776 61 0 
0 0 0 6 332 645 41 0 0 0 0 8 292 657 67 0 0 0 0 18 440 551 15 0 
0 0 0 20 353 590 54 7 0 0 0 11 325 611 70 7 0 0 0 57 449 484 33 1 
0 0 0 34 452 526 11 1 0 0 0 25 427 553 18 1 0 0 0 68 535 413 8 0 
0 0 0 21 377 612 14 0 0 0 0 14 349 639 22 0 0 0 0 47 490 483 4 0 
0 0 0 21 588 402 13 0 0 0 0 18 524 467 15 0 0 0 0 63 683 272 6 0 
0 556 162 14 10 31 241 10 0 562 157 15 9 41 230 10 1 696 28 11 13 218 57 0 
13 113 237 97 68 108 384 4 0 83 283 89 66 98 397 8 6 129 260 80 63 298 188 0 
0 0 1 10 31 320 662 0 0 0 0 8 31 363 622 0 0 0 0 9 46 891 78 0 
0 11 45 83 82 752 51 0 1 6 38 78 84 747 70 0 1 6 44 85 106 751 31 0 
2 15 54 82 113 713 45 0 2 14 39 77 117 724 50 1 2 15 37 85 141 705 39 0 
6 78 62 87 160 631 0 0 0 67 63 70 173 651 0 0 3 71 64 76 190 620 0 0 
0 6 41 290 179 508 0 0 0 1 33 112 332 546 0 0 0 3 35 87 387 512 0 0 
0 5 39 382 172 426 0 0 0 2 25 133 396 465 3 0 0 0 23 83 479 439 0 0 
0 21 46 453 192 310 2 0 0 11 44 191 442 324 12 0 0 8 33 83 579 321 0 0 
13 34 46 525 230 161 15 0 9 34 35 135 597 176 38 0 6 34 34 70 657 222 1 0 
12 41 28 457 413 73 0 0 4 49 16 44 746 165 0 0 15 38 15 27 734 195 0 0 
30 144 59 196 349 122 124 0 7 162 51 75 428 164 137 0 36 133 49 73 421 186 126 0 
9 111 112 110 118 298 263 3 4 95 108 113 103 314 284 3 5 101 98 113 112 336 259 0 
1 88 133 54 49 119 553 27 0 83 133 58 48 103 579 20 1 99 126 55 47 132 561 3 
12 91 325 477 117 2 0 0 5 57 286 514 154 8 0 0 7 70 310 500 133 4 0 0 
11 118 273 455 167 0 0 0 2 122 170 470 259 1 0 0 7 119 212 480 206 0 0 0 
8 476 40 322 175 3 0 0 6 474 29 275 235 5 0 0 10 481 28 312 188 5 0 0 
0 0 67 566 342 49 0 0 0 0 24 487 432 79 2 0 0 0 35 533 387 68 1 0 
0 0 22 415 554 33 0 0 0 0 7 314 628 75 0 0 0 0 15 377 587 45 0 0 
0 5 64 359 436 160 0 0 0 5 44 298 411 266 0 0 0 6 67 318 389 244 0 0 
0 0 1 20 386 617 0 0 0 0 0 12 148 864 0 0 0 0 0 15 177 832 0 0 
0 12 26 13 373 599 1 0 0 11 25 11 140 836 1 0 0 13 24 13 148 825 1 0 
1 65 130 194 320 313 1 0 1 54 109 213 246 398 3 0 1 66 126 202 251 375 3 0 
0 0 10 66 386 543 19 0 0 0 6 52 339 593 34 0 0 0 10 68 411 515 20 0 
0 0 0 1 287 707 29 0 0 0 0 0 237 742 45 0 0 0 0 3 381 624 16 0 
0 0 0 12 489 488 34 1 0 0 0 2 398 585 38 1 0 0 0 12 514 474 24 0 
0 0 0 9 416 579 19 1 0 0 0 4 338 650 31 1 0 0 0 12 490 506 15 1 
0 0 0 40 326 617 41 0 0 0 0 25 275 663 61 0 0 0 0 42 369 590 23 0 
0 0 0 34 399 541 50 0 0 0 0 16 363 584 61 0 0 0 0 43 474 481 26 0 
0 0 0 122 646 247 9 0 0 0 0 81 649 284 10 0 0 0 0 163 682 175 4 0 
0 0 0 187 635 196 6 0 0 0 0 137 637 241 9 0 0 0 0 251 621 148 4 0 
0 2 10 58 566 374 13 1 0 2 8 42 511 444 15 2 0 2 10 90 617 298 6 1 
2 62 85 145 335 386 9 0 1 67 85 130 231 495 15 0 5 77 96 128 289 420 9 0 
0 59 76 101 522 266 0 0 0 57 75 97 360 435 0 0 0 82 66 117 426 333 0 0 
0 69 66 98 451 334 3 3 0 72 69 99 292 481 9 2 4 88 62 116 385 364 5 0 
6 413 245 51 34 62 213 0 0 356 216 115 58 60 219 0 0 492 82 125 58 142 125 0 
3 300 274 237 164 38 8 0 0 279 279 117 288 45 16 0 0 332 237 113 280 55 7 0 
0 0 0 602 181 69 172 0 0 0 0 45 725 65 189 0 0 0 0 19 749 229 27 0 
0 1 20 823 115 65 0 0 0 0 15 424 507 78 0 0 0 0 18 38 889 79 0 0 
0 0 0 942 82 0 0 0 0 0 0 622 397 5 0 0 0 0 0 240 774 10 0 0 
0 0 0 999 25 0 0 0 0 0 0 703 321 0 0 0 0 0 0 209 815 0 0 0 
0 0 9 949 66 0 0 0 0 0 0 819 194 11 0 0 0 0 0 529 477 18 0 0 
0 0 0 1024 0 0 0 0 0 0 0 952 72 0 0 0 0 0 0 353 671 0 0 0 
0 0 0 1024 0 0 0 0 0 0 0 856 168 0 0 0 0 0 0 130 894 0 0 0 
0 0 0 1024 0 0 0 0 0 0 0 490 534 0 0 0 0 0 0 4 1020 0 0 0 
0 16 38 879 91 0 0 0 0 6 21 247 747 3 0 0 0 4 22 109 880 9 0 0 
2 4 12 190 806 10 0 0 1 5 6 11 788 213 0 0 1 5 4 11 454 549 0 0 
25 204 74 63 378 143 137 0 16 208 68 58 143 384 147 0 18 211 67 56 90 457 125 0 
24 220 150 83 52 105 386 4 20 216 157 81 51 103 384 12 31 229 144 75 53 127 365 0 
58 133 151 515 157 10 0 0 35 148 135 451 244 10 1 0 72 116 148 487 191 10 0 0 
10 75 174 574 190 1 0 0 3 78 109 510 323 1 0 0 6 82 130 557 249 0 0 0 
0 524 46 261 173 20 0 0 0 520 40 213 225 26 0 0 0 524 40 251 194 15 0 0 
0 6 33 440 476 61 8 0 0 3 25 346 556 85 9 0 0 6 25 422 500 66 5 0 
0 2 40 545 405 31 1 0 0 0 21 404 545 53 1 0 0 2 30 475 467 49 1 0 
0 15 136 255 610 8 0 0 0 8 128 205 639 44 0 0 0 15 139 225 607 38 0 0 
0 0 0 4 992 28 0 0 0 0 0 0 837 187 0 0 0 0 0 0 880 144 0 0 
0 0 0 4 937 83 0 0 0 0 0 0 740 284 0 0 0 0 0 0 778 246 0 0 
0 53 149 330 401 90 1 0 0 51 123 317 383 148 2 0 0 59 146 315 369 134 1 0 
0 0 1 60 478 457 28 0 0 0 0 41 400 544 39 0 0 0 0 56 468 467 33 0 
0 0 0 67 329 576 52 0 0 0 0 45 308 609 61 1 0 0 0 62 355 561 46 0 
0 0 4 29 535 428 26 2 0 0 4 21 449 516 32 2 0 0 4 30 554 409 26 1 
0 0 0 25 310 636 52 1 0 0 0 19 236 677 91 1 0 0 0 25 334 600 65 0 
0 0 8 56 391 507 61 1 0 0 8 33 356 542 84 1 0 0 9 51 445 470 48 1 
0 0 8 280 324 312 99 1 0 0 2 217 370 303 131 1 0 0 8 272 343 346 54 1 
0 2 16 62 373 538 33 0 0 0 15 50 346 563 50 0 0 0 17 83 422 485 17 0 
0 0 0 30 304 660 30 0 0 0 0 16 248 708 52 0 0 0 0 35 352 607 30 0 
0 0 55 180 513 263 13 0 0 0 56 147 486 311 24 0 0 0 83 165 551 209 16 0 
0 0 4 39 439 542 0 0 0 0 4 37 84 899 0 0 0 0 7 37 176 804 0 0 
0 0 0 0 108 916 0 0 0 0 0 0 1 1023 0 0 0 0 0 0 3 1021 0 0 
0 0 0 0 124 900 0 0 0 0 0 0 5 1019 0 0 0 0 0 0 8 1016 0 0 
4 191 300 131 59 48 290 1 0 160 250 140 128 61 285 0 3 214 180 150 138 121 218 0 
0 512 190 303 18 1 0 0 0 501 193 90 236 4 0 0 32 512 154 86 234 6 0 0 
0 0 83 703 238 0 0 0 0 0 78 140 719 87 0 0 0 18 62 45 732 167 0 0 
0 0 1 1022 1 0 0 0 0 0 0 826 198 0 0 0 0 0 0 428 596 0 0 0 
0 0 0 1024 0 0 0 0 0 0 0 841 183 0 0 0 0 0 0 207 817 0 0 0 
0 0 0 895 129 0 0 0 0 0 0 692 326 6 0 0 0 0 0 209 772 43 0 0 
0 0 5 300 719 0 0 0 0 0 0 75 942 7 0 0 0 0 0 57 725 242 0 0 
0 0 0 393 628 3 0 0 0 0 0 210 736 78 0 0 0 0 0 56 774 194 0 0 
0 0 28 945 51 0 0 0 0 0 4 294 718 8 0 0 0 0 0 50 955 19 0 0 
0 0 0 1024 0 0 0 0 0 0 0 98 926 0 0 0 0 0 0 0 1024 0 0 0 
1 88 163 753 19 0 0 0 0 46 117 612 249 0 0 0 0 28 114 288 594 0 0 0 
0 11 87 419 507 0 0 0 0 0 44 127 850 3 0 0 0 0 19 92 791 122 0 0 
5 51 247 321 232 123 45 0 3 40 99 314 362 127 79 0 3 39 69 269 394 165 85 0 
15 142 70 98 97 310 289 3 6 149 66 83 90 214 412 4 17 150 63 84 73 242 394 1 
87 188 442 213 79 13 2 0 65 185 394 267 73 37 3 0 86 188 424 223 57 43 3 0 
12 101 350 454 98 9 0 0 4 88 242 539 139 12 0 0 15 85 296 511 105 12 0 0 
0 408 46 219 178 89 84 0 0 402 38 208 168 119 89 0 0 409 43 213 178 117 64 0 
1 59 109 452 154 87 162 0 1 60 80 416 210 103 154 0 7 63 94 447 174 217 22 0 
0 59 141 504 308 12 0 0 0 40 134 435 397 18 0 0 0 51 134 486 343 10 0 0 
0 48 169 394 413 0 0 0 0 33 138 286 552 15 0 0 0 51 140 305 514 14 0 0 
0 0 0 270 752 2 0 0 0 0 0 51 958 15 0 0 0 0 0 73 940 11 0 0 
2 71 96 266 589 0 0 0 2 65 94 85 772 6 0 0 4 76 84 108 750 2 0 0 
0 91 155 412 332 34 0 0 0 73 133 338 438 42 0 0 1 105 138 380 368 32 0 0 
0 2 36 326 525 127 8 0 0 1 22 277 556 154 14 0 0 2 24 331 532 123 12 0 
0 1 12 91 570 297 52 1 0 0 9 80 528 350 55 2 0 1 11 88 575 303 45 1 
0 0 0 11 288 671 54 0 0 0 0 1 230 705 88 0 0 0 0 8 307 651 58 0 
0 1 7 40 372 539 65 0 0 0 4 33 323 585 79 0 0 0 6 46 408 516 48 0 
0 0 3 32 419 517 53 0 0 0 1 22 359 562 80 0 0 0 3 32 443 508 38 0 
0 0 13 96 331 479 105 0 0 0 7 75 324 466 152 0 0 0 12 106 363 495 48 0 
0 0 3 95 512 397 17 0 0 0 0 63 489 443 29 0 0 0 2 94 573 346 9 0 
0 0 7 96 575 338 8 0 0 0 2 74 536 402 10 0 0 0 7 117 647 250 3 0 
0 24 173 138 578 111 0 0 0 17 173 107 589 138 0 0 0 49 162 147 593 73 0 0 
0 0 0 0 1020 4 0 0 0 0 0 0 853 171 0 0 0 0 0 0 956 68 0 0 
0 0 0 0 967 57 0 0 0 0 0 0 629 395 0 0 0 0 0 0 781 243 0 0 
0 0 0 0 812 212 0 0 0 0 0 0 480 544 0 0 0 0 0 0 630 394 0 0 
0 65 241 145 171 91 311 0 0 83 165 186 185 101 304 0 0 128 146 180 187 221 162 0 
0 675 98 206 43 2 0 0 0 653 101 100 158 12 0 0 11 689 57 99 156 12 0 0 
6 97 443 477 1 0 0 0 10 68 295 614 37 0 0 0 16 124 247 520 117 0 0 0 
0 0 344 680 0 0 0 0 0 0 0 997 27 0 0 0 0 0 0 731 293 0 0 0 
0 0 156 868 0 0 0 0 0 0 27 944 53 0 0 0 0 0 0 486 538 0 0 0 
4 110 313 536 61 0 0 0 0 73 177 602 164 8 0 0 0 38 167 532 268 19 0 0 
28 177 86 635 98 0 0 0 0 115 129 199 563 18 0 0 0 86 140 133 630 35 0 0 
0 55 196 608 165 0 0 0 0 9 129 231 652 3 0 0 0 1 93 205 719 6 0 0 
0 72 407 386 85 74 0 0 0 6 246 467 183 121 1 0 0 0 145 472 272 125 10 0 
0 0 7 653 151 213 0 0 0 0 0 299 397 325 3 0 0 0 0 79 604 327 14 0 
0 30 82 355 246 311 0 0 0 11 53 328 139 491 2 0 0 3 53 166 272 519 11 0 
0 28 50 291 291 364 0 0 0 10 40 161 287 499 27 0 0 2 39 95 299 537 52 0 
0 0 59 356 299 310 0 0 0 0 1 190 400 366 67 0 0 0 0 106 415 397 106 0 
0 24 58 513 330 99 0 0 0 20 27 249 526 199 3 0 1 21 27 195 522 249 9 0 
13 61 132 560 190 68 0 0 6 52 107 475 217 161 6 0 10 53 103 508 211 135 4 0 
152 120 383 158 199 11 1 0 134 95 250 306 130 108 1 0 144 98 300 248 190 44 0 0 
197 114 184 71 34 119 305 0 181 80 186 98 53 173 253 0 188 88 189 95 44 277 143 0 
26 34 69 149 454 224 68 0 25 32 63 119 452 290 43 0 29 33 69 154 451 287 1 0 
0 45 19 154 744 62 0 0 0 43 13 136 480 352 0 0 0 44 14 140 625 201 0 0 
0 259 37 124 543 61 0 0 0 257 30 45 524 168 0 0 2 256 36 42 553 135 0 0 
3 38 39 60 696 188 0 0 0 41 36 20 656 271 0 0 6 37 37 17 669 258 0 0 
26 177 214 224 383 0 0 0 4 179 200 195 387 59 0 0 20 198 191 180 400 35 0 0 
0 24 133 540 299 28 0 0 0 18 107 497 359 43 0 0 0 26 129 544 300 25 0 0 
0 0 11 143 680 184 6 0 0 0 9 97 679 228 11 0 0 0 10 134 703 171 6 0 
0 0 6 73 621 301 23 0 0 0 1 48 554 378 43 0 0 0 4 61 641 288 30 0 
0 0 0 40 626 350 8 0 0 0 0 8 511 481 24 0 0 0 0 28 641 347 8 0 
0 0 0 91 653 275 5 0 0 0 0 36 504 475 9 0 0 0 0 90 658 272 4 0 
0 0 0 75 627 321 1 0 0 0 0 37 516 464 7 0 0 0 0 78 657 289 0 0 
0 0 0 93 693 231 7 0 0 0 0 45 670 294 15 0 0 0 0 101 699 218 6 0 
3 103 148 195 493 82 0 0 3 94 149 166 493 119 0 0 10 127 126 208 490 63 0 0 
0 34 141 333 477 38 1 0 0 18 138 286 527 53 2 0 0 46 133 351 460 33 1 0 
1 111 89 379 438 6 0 0 1 112 81 223 594 13 0 0 3 130 70 315 496 10 0 0 
0 0 0 157 867 0 0 0 0 0 0 0 1024 0 0 0 0 0 0 2 1022 0 0 0 
0 0 0 68 956 0 0 0 0 0 0 0 1024 0 0 0 0 0 0 4 1020 0 0 0 
0 12 23 76 913 0 0 0 0 10 22 23 969 0 0 0 0 17 19 30 958 0 0 0 
3 89 316 114 85 122 295 0 4 82 301 141 84 153 259 0 4 83 296 158 89 294 100 0 
8 869 77 9 17 28 16 0 10 839 102 14 15 35 9 0 68 820 65 16 15 40 0 0 
6 547 382 89 0 0 0 0 5 263 619 137 0 0 0 0 8 266 639 111 0 0 0 0 
0 50 451 388 83 52 0 0 0 31 227 566 130 64 6 0 0 47 151 474 271 72 9 0 
0 130 177 277 204 203 33 0 0 4 223 328 113 308 48 0 0 1 190 330 133 313 57 0 
0 0 53 411 288 272 0 0 0 0 0 452 126 433 13 0 0 0 0 423 98 477 26 0 
33 88 135 93 349 326 0 0 3 81 118 114 168 524 16 0 0 77 104 116 129 555 43 0 
0 1 18 239 495 271 0 0 0 0 4 134 322 557 7 0 0 0 4 111 286 597 26 0 
0 0 25 408 396 195 0 0 0 0 0 225 392 405 2 0 0 0 0 150 375 487 12 0 
0 0 0 500 446 78 0 0 0 0 0 96 714 214 0 0 0 0 0 24 733 254 13 0 
0 0 193 727 98 6 0 0 0 0 4 725 268 26 1 0 0 0 0 568 412 43 1 0 
0 1 140 821 62 0 0 0 0 0 22 603 399 0 0 0 0 0 26 466 532 0 0 0 
0 2 133 802 87 0 0 0 0 0 14 529 481 0 0 0 0 0 15 410 599 0 0 0 
31 404 124 422 43 0 0 0 1 420 50 368 184 1 0 0 33 387 57 339 207 1 0 0 
79 526 254 140 25 0 0 0 38 518 273 137 58 0 0 0 70 438 322 148 46 0 0 0 
29 334 340 303 18 0 0 0 8 334 209 413 60 0 0 0 23 313 216 421 51 0 0 0 
38 381 104 268 221 12 0 0 7 401 55 265 267 29 0 0 69 347 50 288 259 11 0 0 
29 420 201 76 257 41 0 0 16 404 158 148 201 97 0 0 25 353 194 154 256 42 0 0 
50 764 144 36 18 11 1 0 20 650 283 41 7 21 2 0 27 508 424 35 13 15 2 0 
121 612 31 58 185 17 0 0 69 566 124 31 187 47 0 0 100 510 150 35 183 46 0 0 
143 382 118 41 295 45 0 0 108 351 180 34 257 94 0 0 155 353 134 33 263 86 0 0 
32 357 356 261 18 0 0 0 10 255 437 281 41 0 0 0 34 279 427 264 20 0 0 0 
0 5 166 718 133 2 0 0 0 0 115 695 206 8 0 0 0 3 148 717 150 6 0 0 
0 0 43 336 563 81 1 0 0 0 22 264 615 121 2 0 0 0 32 333 581 78 0 0 
0 0 4 197 589 211 23 0 0 0 0 109 562 320 33 0 0 0 3 192 635 181 13 0 
0 0 0 287 648 76 13 0 0 0 0 202 586 207 29 0 0 0 0 292 652 75 5 0 
0 0 0 148 770 80 26 0 0 0 0 100 384 506 34 0 0 0 0 176 761 77 10 0 
0 0 0 172 642 143 67 0 0 0 0 137 220 587 80 0 0 0 0 179 656 143 46 0 
0 0 37 448 445 90 4 0 0 0 15 364 395 230 20 0 0 0 37 470 417 97 3 0 
0 26 102 267 482 146 1 0 0 20 90 251 444 218 1 0 1 32 151 254 443 142 1 0 
0 0 6 125 805 87 1 0 0 0 5 83 752 182 2 0 0 0 7 131 803 82 1 0 
0 3 53 83 681 204 0 0 0 3 45 74 605 297 0 0 0 9 54 74 634 253 0 0 
0 0 0 50 574 400 0 0 0 0 0 0 505 519 0 0 0 0 0 0 553 471 0 0 
1 60 39 123 456 345 0 0 0 56 42 34 482 410 0 0 1 63 43 31 500 386 0 0 
1 99 129 227 328 240 0 0 0 95 123 109 398 299 0 0 8 120 127 98 380 291 0 0 
92 193 233 120 107 195 69 15 97 176 232 139 103 195 68 14 149 140 227 141 108 192 60 7 
26 663 58 16 26 200 35 0 25 682 41 17 28 199 32 0 120 606 24 20 43 193 18 0 
77 269 355 292 31 0 0 0 54 189 234 441 105 1 0 0 69 174 221 419 138 3 0 0 
54 266 242 354 101 7 0 0 44 265 201 248 251 15 0 0 57 354 103 206 282 22 0 0 
0 0 117 584 308 15 0 0 0 0 34 334 575 81 0 0 0 0 6 267 625 125 1 0 
0 0 295 436 248 45 0 0 0 0 62 548 295 119 0 0 0 0 18 548 310 147 1 0 
0 0 152 760 112 0 0 0 0 0 2 788 232 2 0 0 0 0 1 686 316 21 0 0 
0 0 32 778 214 0 0 0 0 0 4 438 582 0 0 0 0 0 5 292 701 26 0 0 
0 2 189 754 79 0 0 0 0 0 52 547 425 0 0 0 0 0 74 379 571 0 0 0 
0 6 361 605 52 0 0 0 0 0 93 715 216 0 0 0 0 1 121 635 267 0 0 0 
2 26 604 387 5 0 0 0 0 6 280 712 26 0 0 0 0 9 333 653 29 0 0 0 
0 24 821 179 0 0 0 0 0 0 480 535 9 0 0 0 0 1 603 419 1 0 0 0 
0 1 537 486 0 0 0 0 0 0 174 830 20 0 0 0 0 0 239 771 14 0 0 0 
34 364 194 430 2 0 0 0 23 346 117 457 81 0 0 0 28 346 151 448 51 0 0 0 
21 303 690 10 0 0 0 0 13 85 878 48 0 0 0 0 6 61 876 81 0 0 0 0 
100 281 612 31 0 0 0 0 68 162 704 90 0 0 0 0 30 158 731 105 0 0 0 0 
115 815 84 10 0 0 0 0 79 835 92 18 0 0 0 0 71 783 145 25 0 0 0 0 
278 365 340 41 0 0 0 0 95 468 357 103 1 0 0 0 78 368 440 134 4 0 0 0 
15 437 563 9 0 0 0 0 0 187 758 79 0 0 0 0 0 79 780 165 0 0 0 0 
138 761 122 3 0 0 0 0 16 621 376 11 0 0 0 0 18 516 478 12 0 0 0 0 
124 255 551 94 0 0 0 0 73 192 599 153 7 0 0 0 122 176 594 127 5 0 0 0 
27 224 565 208 0 0 0 0 3 163 366 490 2 0 0 0 7 192 368 457 0 0 0 0 
0 37 231 669 87 0 0 0 0 12 160 543 309 0 0 0 0 9 176 581 258 0 0 0 
0 3 174 766 81 0 0 0 0 0 91 495 438 0 0 0 0 0 131 531 362 0 0 0 
0 0 138 727 151 8 0 0 0 0 51 570 391 12 0 0 0 0 63 618 331 12 0 0 
0 4 103 661 198 56 2 0 0 0 46 625 276 70 7 0 0 0 58 656 242 63 5 0 
0 7 137 374 356 149 1 0 0 2 71 380 369 200 2 0 0 1 73 422 376 151 1 0 
0 0 20 194 738 72 0 0 0 0 6 118 761 136 3 0 0 0 10 169 794 51 0 0 
0 66 90 252 466 148 2 0 0 58 77 217 473 197 1 1 0 66 93 250 497 117 1 0 
0 2 9 35 480 497 1 0 0 2 8 36 338 633 7 0 0 2 16 30 368 605 3 0 
0 0 0 0 366 658 0 0 0 0 0 0 205 805 14 0 0 0 0 0 282 739 3 0 
0 0 0 0 350 674 0 0 0 0 0 0 221 780 23 0 0 0 0 0 310 702 12 0 
0 0 0 0 521 503 0 0 0 0 0 0 315 686 23 0 0 0 0 0 462 557 5 0 
3 155 172 135 525 34 0 0 3 152 162 135 467 105 0 0 11 172 188 98 522 33 0 0 
32 211 193 232 306 50 0 0 23 199 187 235 257 123 0 0 48 202 197 227 275 75 0 0 
1 133 178 127 102 483 0 0 0 113 190 153 98 470 0 0 0 137 193 133 157 404 0 0 
7 584 103 123 59 148 0 0 1 589 83 146 64 141 0 0 65 536 89 135 144 55 0 0 
66 511 329 117 1 0 0 0 16 540 226 240 2 0 0 0 100 494 246 182 2 0 0 0 
8 152 365 443 43 13 0 0 5 130 201 597 79 12 0 0 14 168 217 545 72 8 0 0 
0 0 398 594 32 0 0 0 0 0 88 765 171 0 0 0 0 0 125 691 208 0 0 0 
0 2 629 392 1 0 0 0 0 0 230 767 27 0 0 0 0 0 244 734 46 0 0 0 
0 9 635 259 121 0 0 0 0 1 331 517 170 5 0 0 0 2 451 386 167 18 0 0 
0 70 809 129 16 0 0 0 0 2 685 318 19 0 0 0 0 7 740 257 20 0 0 0 
0 81 925 18 0 0 0 0 0 5 795 224 0 0 0 0 0 13 854 157 0 0 0 0 
0 82 913 29 0 0 0 0 0 8 854 162 0 0 0 0 0 19 907 98 0 0 0 0 
0 156 851 17 0 0 0 0 0 11 861 152 0 0 0 0 0 26 939 59 0 0 0 0 
0 50 731 236 7 0 0 0 0 0 715 290 19 0 0 0 0 6 728 277 13 0 0 0 
0 2 294 508 219 1 0 0 0 0 194 551 274 5 0 0 0 0 228 549 245 2 0 0 
45 392 136 343 108 0 0 0 26 368 138 329 160 3 0 0 31 387 129 337 138 2 0 0 
3 21 360 625 15 0 0 0 1 11 167 805 40 0 0 0 1 10 95 833 85 0 0 0 
495 211 196 121 1 0 0 0 326 329 153 207 9 0 0 0 51 505 205 246 17 0 0 0 
177 776 71 0 0 0 0 0 113 797 114 0 0 0 0 0 55 880 89 0 0 0 0 0 
429 476 88 31 0 0 0 0 227 551 184 59 3 0 0 0 61 511 368 73 11 0 0 0 
119 452 353 100 0 0 0 0 16 418 385 201 4 0 0 0 0 279 426 311 8 0 0 0 
73 357 287 294 13 0 0 0 33 316 291 347 37 0 0 0 0 238 364 374 48 0 0 0 
0 166 94 327 366 69 2 0 0 148 87 275 391 121 2 0 0 171 85 287 374 105 2 0 
2 51 39 183 573 176 0 0 0 36 47 111 477 336 17 0 1 45 40 135 491 299 13 0 
0 0 0 50 519 445 9 1 0 0 0 6 426 477 113 2 0 0 0 10 448 508 57 1 
0 0 0 156 676 192 0 0 0 0 0 65 506 453 0 0 0 0 0 106 559 359 0 0 
0 0 0 189 717 113 5 0 0 0 0 35 694 288 7 0 0 0 0 64 746 207 7 0 
0 1 19 425 512 67 0 0 0 0 7 273 596 148 0 0 0 0 11 299 623 91 0 0 
4 23 32 442 518 5 0 0 0 13 32 115 846 15 3 0 0 14 33 141 826 7 3 0 
1 17 121 433 434 18 0 0 0 7 86 220 650 61 0 0 0 10 90 264 632 28 0 0 
0 25 289 656 54 0 0 0 0 13 111 655 245 0 0 0 0 17 181 618 208 0 0 0 
38 65 260 608 41 12 0 0 29 68 131 687 91 18 0 0 41 61 171 683 53 15 0 0 
48 68 308 307 251 42 0 0 31 69 153 463 233 75 0 0 43 63 167 455 236 60 0 0 
224 84 118 51 462 85 0 0 168 114 89 100 406 147 0 0 196 92 79 110 409 138 0 0 
92 204 68 43 436 181 0 0 74 216 71 38 331 291 3 0 108 203 52 38 355 267 1 0 
87 306 371 202 57 1 0 0 37 313 373 229 69 3 0 0 89 318 376 197 44 0 0 0 
68 287 368 217 76 8 0 0 34 266 347 279 89 9 0 0 62 275 387 234 63 3 0 0 
0 53 237 533 201 0 0 0 0 53 213 503 255 0 0 0 7 61 260 533 163 0 0 0 
0 313 192 344 175 0 0 0 0 306 180 289 249 0 0 0 12 334 175 369 134 0 0 0 
0 467 112 372 73 0 0 0 1 462 91 382 88 0 0 0 148 341 100 417 18 0 0 0 
1 157 148 621 97 0 0 0 1 155 118 604 146 0 0 0 18 155 142 627 82 0 0 0 
0 61 632 316 15 0 0 0 0 54 328 622 20 0 0 0 0 66 501 449 8 0 0 0 
0 10 850 164 0 0 0 0 0 0 382 642 0 0 0 0 0 0 530 494 0 0 0 0 
0 35 970 19 0 0 0 0 0 1 867 156 0 0 0 0 0 11 919 94 0 0 0 0 
0 47 877 100 0 0 0 0 0 1 725 298 0 0 0 0 0 14 787 223 0 0 0 0 
0 30 751 243 0 0 0 0 0 1 701 320 2 0 0 0 0 12 736 276 0 0 0 0 
0 1 461 390 170 2 0 0 0 0 239 544 220 21 0 0 0 0 371 436 205 12 0 0 
0 0 89 515 414 6 0 0 0 0 25 512 467 20 0 0 0 0 54 521 433 16 0 0 
0 0 1 291 710 22 0 0 0 0 0 175 782 67 0 0 0 0 0 263 714 47 0 0 
0 0 0 51 826 147 0 0 0 0 0 14 700 309 1 0 0 0 0 28 744 251 1 0 
55 436 81 181 239 32 0 0 4 439 110 177 219 75 0 0 6 429 116 169 255 49 0 0 
180 226 288 322 8 0 0 0 53 266 243 430 32 0 0 0 3 157 309 459 96 0 0 0 
374 536 100 14 0 0 0 0 125 690 178 31 0 0 0 0 41 685 233 64 1 0 0 0 
80 839 105 0 0 0 0 0 21 812 187 4 0 0 0 0 33 888 98 5 0 0 0 0 
533 384 107 0 0 0 0 0 242 648 134 0 0 0 0 0 10 716 291 7 0 0 0 0 
190 584 177 63 10 0 0 0 18 625 261 104 16 0 0 0 0 228 580 181 35 0 0 0 
217 298 173 235 97 4 0 0 60 332 230 246 151 5 0 0 0 250 306 273 187 8 0 0 
40 349 40 116 233 246 0 0 15 336 63 121 125 352 12 0 0 254 185 105 130 339 11 0 
0 0 5 18 500 488 13 0 0 0 2 10 182 772 58 0 0 0 2 11 225 746 40 0 
0 0 0 9 214 774 27 0 0 0 0 0 107 799 118 0 0 0 0 1 122 804 97 0 
0 0 0 26 263 701 33 1 0 0 0 16 133 742 128 5 0 0 0 19 161 733 108 3 
0 0 0 6 309 703 6 0 0 0 0 3 163 799 59 0 0 0 0 4 233 754 33 0 
0 0 0 1 399 583 41 0 0 0 0 1 219 720 84 0 0 0 0 1 316 632 75 0 
0 0 0 29 707 288 0 0 0 0 0 11 527 478 8 0 0 0 0 15 621 386 2 0 
0 0 0 128 859 37 0 0 0 0 0 18 804 202 0 0 0 0 0 46 848 130 0 0 
0 0 8 351 646 19 0 0 0 0 6 62 896 60 0 0 0 0 8 113 863 40 0 0 
11 115 131 618 149 0 0 0 1 102 99 438 380 4 0 0 5 117 94 508 298 2 0 0 
42 148 350 473 5 6 0 0 14 153 167 671 12 5 2 0 30 149 176 654 8 6 1 0 
133 206 529 156 0 0 0 0 96 187 343 397 1 0 0 0 139 182 392 311 0 0 0 0 
128 263 588 45 0 0 0 0 99 275 398 252 0 0 0 0 139 259 494 132 0 0 0 0 
73 246 571 134 0 0 0 0 51 183 468 321 1 0 0 0 75 186 484 278 1 0 0 0 
17 107 454 441 4 1 0 0 6 52 336 575 52 3 0 0 12 41 414 520 34 3 0 0 
0 0 17 234 768 5 0 0 0 0 10 111 866 37 0 0 0 0 13 199 805 7 0 0 
0 67 105 429 419 4 0 0 0 66 96 352 471 39 0 0 0 72 107 407 427 11 0 0 
0 698 33 142 151 0 0 0 1 696 31 94 194 8 0 0 266 437 30 140 145 6 0 0 
0 30 24 398 570 2 0 0 0 28 20 241 706 29 0 0 0 32 19 348 612 13 0 0 
0 88 256 558 122 0 0 0 1 85 172 588 178 0 0 0 4 99 255 540 126 0 0 0 
0 0 366 569 89 0 0 0 0 0 269 562 193 0 0 0 0 0 382 567 75 0 0 0 
0 0 299 465 260 0 0 0 0 0 222 466 287 49 0 0 0 0 316 440 254 14 0 0 
0 0 56 471 484 13 0 0 0 0 19 388 573 44 0 0 0 0 62 432 504 26 0 0 
0 0 2 248 751 23 0 0 0 0 0 168 786 70 0 0 0 0 0 214 770 40 0 0 
0 0 0 25 952 47 0 0 0 0 0 5 793 226 0 0 0 0 0 7 881 136 0 0 
0 0 0 28 862 134 0 0 0 0 0 11 772 241 0 0 0 0 0 19 803 202 0 0 
0 0 0 12 714 298 0 0 0 0 0 4 473 547 0 0 0 0 0 7 536 481 0 0 
0 37 36 37 545 369 0 0 0 30 38 25 391 540 0 0 0 37 37 19 444 487 0 0 
10 250 269 240 181 74 0 0 1 137 258 261 261 106 0 0 2 111 196 315 296 104 0 0 
109 440 265 161 42 7 0 0 4 345 370 217 76 11 1 0 0 135 353 396 118 18 4 0 
210 571 216 20 7 0 0 0 14 492 435 70 10 3 0 0 0 133 474 341 69 7 0 0 
97 818 96 12 1 0 0 0 13 792 190 26 3 0 0 0 14 742 196 54 17 1 0 0 
154 554 179 129 8 0 0 0 17 612 226 150 19 0 0 0 4 401 375 196 48 0 0 0 
21 353 319 287 44 0 0 0 0 232 385 315 92 0 0 0 0 93 396 360 172 3 0 0 
39 288 519 161 17 0 0 0 0 161 569 268 25 1 0 0 0 49 629 304 40 2 0 0 
1 232 276 185 234 96 0 0 0 118 343 233 202 128 0 0 0 149 339 310 106 120 0 0 
0 159 19 39 208 599 0 0 0 158 19 39 101 694 13 0 0 163 16 38 116 685 6 0 
0 0 0 11 212 795 6 0 0 0 0 1 102 855 66 0 0 0 0 1 119 860 44 0 
0 0 0 3 236 768 17 0 0 0 0 1 101 754 168 0 0 0 0 1 113 772 138 0 
0 0 0 1 162 833 28 0 0 0 0 0 75 747 202 0 0 0 0 0 88 788 148 0 
0 0 0 1 153 788 82 0 0 0 0 0 59 715 250 0 0 0 0 0 72 749 203 0 
0 0 0 28 261 727 8 0 0 0 0 3 137 782 102 0 0 0 0 3 168 803 50 0 
0 0 0 4 298 716 6 0 0 0 0 0 113 894 17 0 0 0 0 0 145 867 12 0 
0 0 0 7 223 792 2 0 0 0 0 1 104 876 43 0 0 0 0 4 141 862 17 0 
0 26 45 123 368 462 0 0 0 19 44 66 339 488 68 0 0 26 38 85 341 493 41 0 
0 53 216 346 339 70 0 0 0 42 189 270 377 146 0 0 1 71 195 261 387 109 0 0 
0 24 116 616 261 7 0 0 0 17 85 539 366 17 0 0 0 30 97 552 335 10 0 0 
0 40 259 637 88 0 0 0 0 34 192 540 257 1 0 0 0 49 241 566 168 0 0 0 
0 85 270 565 104 0 0 0 0 69 194 543 217 1 0 0 4 98 224 566 132 0 0 0 
15 107 173 491 238 0 0 0 9 90 166 435 324 0 0 0 22 115 164 509 214 0 0 0 
0 58 61 74 437 394 0 0 0 69 55 63 279 558 0 0 0 86 54 75 335 474 0 0 
0 79 70 128 614 133 0 0 0 84 71 101 608 160 0 0 7 96 69 160 560 132 0 0 
0 347 63 107 113 394 0 0 3 348 55 83 135 396 4 0 81 280 60 109 99 395 0 0 
0 0 0 80 213 720 11 0 0 0 0 54 236 589 145 0 0 0 0 84 212 641 87 0 
0 3 4 55 94 776 92 0 0 2 2 47 101 644 228 0 0 4 4 60 84 690 182 0 
0 0 9 154 774 87 0 0 0 0 6 121 751 146 0 0 0 0 13 149 766 96 0 0 
0 0 0 14 899 111 0 0 0 0 0 3 772 248 1 0 0 0 0 8 841 175 0 0 
0 0 0 3 751 270 0 0 0 0 0 0 617 407 0 0 0 0 0 2 668 354 0 0 
0 0 0 4 754 266 0 0 0 0 0 1 539 483 1 0 0 0 0 2 689 333 0 0 
0 0 0 0 453 570 1 0 0 0 0 0 289 725 10 0 0 0 0 0 372 647 5 0 
0 0 0 4 452 568 0 0 0 0 0 2 217 804 1 0 0 0 0 2 318 703 1 0 
0 0 0 5 406 613 0 0 0 0 0 0 209 814 1 0 0 0 0 1 248 775 0 0 
0 533 36 29 305 121 0 0 0 432 134 27 152 279 0 0 0 527 47 21 200 229 0 0 
4 321 340 275 78 6 0 0 3 197 423 244 144 13 0 0 3 282 400 202 132 5 0 0 
0 147 207 281 249 128 12 0 0 51 271 274 284 132 12 0 0 107 243 335 239 98 2 0 
11 146 272 437 118 37 3 0 0 104 199 517 149 51 4 0 0 116 244 500 116 47 1 0 
42 508 250 147 60 16 1 0 6 367 290 222 111 25 3 0 11 330 245 285 131 21 1 0 
87 326 292 251 64 4 0 0 2 271 356 290 97 7 1 0 7 141 419 373 78 6 0 0 
0 65 564 254 141 0 0 0 0 1 601 265 157 0 0 0 0 61 606 293 64 0 0 0 
18 132 681 149 44 0 0 0 2 50 731 176 65 0 0 0 4 68 757 176 19 0 0 0 
37 572 262 132 21 0 0 0 16 409 380 151 68 0 0 0 25 529 266 140 64 0 0 0 
0 544 18 15 154 290 3 0 0 533 26 11 59 378 17 0 0 536 23 13 59 360 33 0 
0 0 0 0 134 843 47 0 0 0 0 0 59 566 399 0 0 0 0 0 68 637 319 0 
0 0 0 0 47 703 274 0 0 0 0 0 7 375 642 0 0 0 0 0 8 415 601 0 
0 0 0 4 107 860 53 0 0 0 0 1 39 553 431 0 0 0 0 1 54 632 337 0 
0 0 0 0 107 866 51 0 0 0 0 0 55 641 328 0 0 0 0 0 63 717 244 0 
0 0 0 2 135 764 123 0 0 0 0 0 35 722 267 0 0 0 0 0 42 739 243 0 
0 0 0 2 88 901 33 0 0 0 0 1 32 871 120 0 0 0 0 1 36 879 108 0 
0 0 0 3 86 707 228 0 0 0 0 0 43 550 430 1 0 0 0 0 51 563 410 0 
0 0 0 8 101 846 69 0 0 0 0 0 64 749 211 0 0 0 0 1 76 802 145 0 
0 0 0 1 102 867 54 0 0 0 0 0 50 655 319 0 0 0 0 0 57 715 252 0 
0 0 3 30 258 728 5 0 0 0 0 20 98 864 42 0 0 0 1 25 139 831 28 0 
0 0 8 109 374 527 6 0 0 0 4 83 239 685 13 0 0 0 5 94 286 629 10 0 
0 20 39 90 599 274 2 0 0 19 33 66 512 355 39 0 0 22 43 74 582 283 20 0 
0 0 0 26 366 627 5 0 0 0 0 12 302 675 35 0 0 0 0 25 361 618 20 0 
0 26 17 18 588 375 0 0 0 26 19 16 248 715 0 0 0 30 20 15 380 579 0 0 
0 77 61 27 47 812 0 0 0 109 32 25 20 834 4 0 0 113 33 22 28 828 0 0 
0 74 107 39 41 759 4 0 0 88 97 35 40 694 70 0 0 98 92 32 40 732 30 0 
0 0 0 0 0 863 161 0 0 0 0 0 0 584 440 0 0 0 0 0 0 637 387 0 
0 0 0 30 327 620 47 0 0 0 0 23 268 665 68 0 0 0 0 24 291 641 68 0 
0 16 34 382 472 120 0 0 0 15 33 305 466 203 2 0 0 18 31 347 464 162 2 0 
0 0 0 9 318 697 0 0 0 0 0 0 135 883 6 0 0 0 0 1 240 782 1 0 
0 0 1 15 216 781 11 0 0 0 0 7 143 785 89 0 0 0 1 9 176 772 66 0 
0 0 0 1 172 838 13 0 0 0 0 1 52 914 57 0 0 0 0 1 67 922 34 0 
0 0 0 0 150 872 2 0 0 0 0 0 45 924 55 0 0 0 0 0 52 943 29 0 
0 0 0 1 454 564 5 0 0 0 0 1 170 826 27 0 0 0 0 1 287 718 18 0 
0 0 0 7 343 669 5 0 0 0 0 0 129 753 142 0 0 0 0 0 184 743 97 0 
0 430 188 55 177 171 2 1 0 334 144 183 71 281 10 1 0 372 89 112 170 268 12 1 
9 219 269 184 302 41 0 0 4 139 288 184 225 184 0 0 4 178 255 188 219 180 0 0 
198 484 73 89 106 74 0 0 80 464 201 71 117 91 0 0 115 529 107 90 101 82 0 0 
248 578 135 63 0 0 0 0 190 593 150 90 1 0 0 0 228 604 140 52 0 0 0 0 
35 567 266 149 7 0 0 0 5 539 247 192 41 0 0 0 9 576 221 157 61 0 0 0 
0 722 173 90 39 0 0 0 0 531 313 141 39 0 0 0 0 588 255 163 18 0 0 0 
0 566 408 45 5 0 0 0 0 419 491 110 4 0 0 0 0 534 423 67 0 0 0 0 
86 454 432 52 0 0 0 0 30 441 446 106 1 0 0 0 64 468 430 62 0 0 0 0 
0 36 146 273 459 110 0 0 0 15 101 206 332 364 6 0 0 29 122 187 345 339 2 0 
0 62 28 350 577 7 0 0 0 42 33 35 741 173 0 0 0 49 20 29 693 231 2 0 
0 0 0 4 269 719 32 0 0 0 0 0 126 664 234 0 0 0 0 2 152 692 178 0 
0 0 0 0 110 822 92 0 0 0 0 0 23 583 418 0 0 0 0 0 28 656 340 0 
0 0 0 0 77 769 177 1 0 0 0 0 31 625 367 1 0 0 0 0 36 640 347 1 
0 0 0 0 119 895 10 0 0 0 0 0 44 895 85 0 0 0 0 0 60 909 55 0 
0 0 0 3 81 854 82 4 0 0 0 2 34 722 260 6 0 0 0 2 40 811 167 4 
0 0 0 10 161 821 32 0 0 0 0 0 67 827 130 0 0 0 0 0 81 834 109 0 
0 0 0 0 50 769 205 0 0 0 0 0 10 447 567 0 0 0 0 0 18 455 551 0 
0 0 0 1 69 941 13 0 0 0 0 0 29 947 48 0 0 0 0 0 42 948 34 0 
0 0 0 4 138 863 19 0 0 0 0 2 67 909 46 0 0 0 0 2 75 912 35 0 
0 0 0 3 74 928 19 0 0 0 0 1 25 908 90 0 0 0 0 3 33 933 55 0 
0 0 2 15 127 854 26 0 0 0 0 2 38 862 122 0 0 0 0 4 56 884 80 0 
0 0 0 1 47 892 84 0 0 0 0 0 30 597 397 0 0 0 0 1 40 673 310 0 
0 0 0 4 219 798 3 0 0 0 0 0 79 905 40 0 0 0 0 0 233 765 26 0 
4 7 6 10 483 514 0 0 4 7 6 8 195 804 0 0 6 6 5 9 314 684 0 0 
24 76 41 69 82 732 0 0 26 74 44 69 41 763 7 0 51 60 45 59 46 762 1 0 
100 236 141 89 61 396 1 0 81 276 120 88 48 402 9 0 154 228 116 72 52 398 4 0 
18 192 84 96 118 505 11 0 34 179 85 88 117 473 48 0 112 126 79 79 110 480 38 0 
14 32 13 369 471 125 0 0 13 34 12 253 527 184 1 0 29 20 10 318 491 156 0 0 
0 0 0 139 513 371 1 0 0 0 0 106 380 532 6 0 0 0 0 121 450 450 3 0 
0 0 0 7 314 701 2 0 0 0 0 1 185 780 58 0 0 0 0 1 237 748 38 0 
0 0 0 17 260 738 9 0 0 0 0 3 157 744 120 0 0 0 0 6 192 745 81 0 
0 0 0 5 189 821 9 0 0 0 0 2 65 852 105 0 0 0 0 2 89 854 79 0 
0 0 0 3 186 829 6 0 0 0 0 2 72 833 117 0 0 0 0 2 94 861 67 0 
0 0 0 2 79 852 91 0 0 0 0 0 27 468 529 0 0 0 0 1 31 526 466 0 
0 0 0 0 62 763 199 0 0 0 0 0 0 548 474 2 0 0 0 0 6 577 440 1 
0 1 30 220 385 386 2 0 0 0 2 92 206 665 59 0 0 0 1 17 251 697 58 0 
0 0 2 91 575 356 0 0 0 0 0 12 230 780 2 0 0 0 0 3 263 756 2 0 
20 228 134 76 343 223 0 0 1 201 167 75 109 471 0 0 5 223 153 69 138 436 0 0 
51 350 73 26 230 271 23 0 2 341 129 21 69 382 80 0 16 361 99 22 63 432 31 0 
17 896 28 10 39 34 0 0 0 899 42 8 25 48 2 0 0 906 35 10 25 48 0 0 
0 909 24 29 62 0 0 0 0 878 50 16 80 0 0 0 0 891 37 22 74 0 0 0 
0 84 123 68 685 64 0 0 0 51 151 25 369 428 0 0 0 77 129 26 408 384 0 0 
0 22 159 147 476 220 0 0 0 8 151 138 276 451 0 0 0 22 158 123 300 421 0 0 
0 6 101 154 603 160 0 0 0 4 65 118 419 418 0 0 0 8 67 118 455 375 1 0 
0 0 5 83 427 509 0 0 0 0 0 21 324 665 14 0 0 0 0 28 326 656 14 0 
0 0 0 2 108 885 29 0 0 0 0 0 48 763 213 0 0 0 0 1 56 791 176 0 
0 0 0 9 160 806 49 0 0 0 0 2 76 742 204 0 0 0 0 3 85 761 175 0 
0 0 0 2 145 859 18 0 0 0 0 0 74 890 60 0 0 0 0 0 88 888 48 0 
0 0 0 3 77 908 36 0 0 0 0 1 42 899 82 0 0 0 0 1 48 913 62 0 
0 0 0 1 68 731 224 0 0 0 0 0 27 501 496 0 0 0 0 0 29 571 424 0 
0 0 0 0 104 839 81 0 0 0 0 0 48 787 188 1 0 0 0 0 48 808 168 0 
0 0 0 7 132 867 18 0 0 0 0 3 83 894 44 0 0 0 0 2 93 896 33 0 
0 0 0 2 74 918 30 0 0 0 0 0 37 887 100 0 0 0 0 0 45 907 72 0 
0 0 0 0 44 815 165 0 0 0 0 0 13 615 396 0 0 0 0 0 12 725 287 0 
0 0 0 5 104 840 75 0 0 0 0 2 49 715 257 1 0 0 0 2 47 813 161 1 
0 0 1 14 87 896 25 1 0 0 0 3 45 902 73 1 0 0 0 4 58 907 54 1 
0 0 0 7 96 905 16 0 0 0 0 0 44 871 109 0 0 0 0 2 74 889 59 0 
0 0 0 3 188 732 101 0 0 0 0 0 88 701 234 1 0 0 0 1 124 699 200 0 
188 284 100 166 286 0 0 0 151 310 101 123 325 14 0 0 228 249 113 128 302 4 0 0 
634 265 38 55 30 2 0 0 389 510 30 60 31 4 0 0 472 429 34 55 32 2 0 0 
502 197 43 88 180 14 0 0 349 344 40 68 158 65 0 0 445 250 41 75 168 45 0 0 
37 206 61 149 425 146 0 0 41 197 49 108 402 226 1 0 49 193 53 119 406 204 0 0 
91 309 96 205 299 24 0 0 121 275 90 130 377 31 0 0 206 202 83 157 349 27 0 0 
0 0 6 153 720 89 56 0 0 0 3 94 660 208 53 6 0 0 3 131 661 174 55 0 
0 0 3 292 542 97 81 9 0 0 3 190 536 200 61 34 0 0 9 333 434 164 82 2 
0 0 0 86 238 541 157 2 0 0 0 22 259 540 186 17 0 0 0 96 196 570 162 0 
0 0 0 17 231 765 11 0 0 0 0 10 137 834 43 0 0 0 0 11 162 828 23 0 
0 0 1 12 101 863 47 0 0 0 0 8 54 605 357 0 0 0 0 10 54 729 231 0 
0 0 0 0 68 890 66 0 0 0 0 0 25 524 475 0 0 0 0 0 30 659 335 0 
0 0 0 1 114 888 21 0 0 0 0 0 27 865 129 3 0 0 0 0 35 890 96 3 
0 0 0 32 521 470 1 0 0 0 0 2 163 820 39 0 0 0 0 3 170 819 32 0 
0 0 0 39 744 241 0 0 0 0 0 2 210 810 2 0 0 0 0 2 212 809 1 0 
0 0 13 120 765 126 0 0 0 0 9 50 223 729 13 0 0 0 9 52 200 748 15 0 
0 0 1 45 558 417 3 0 0 0 0 3 204 629 188 0 0 0 0 3 104 716 201 0 
0 339 126 503 55 1 0 0 0 298 67 181 462 16 0 0 0 297 60 101 470 96 0 0 
3 331 206 311 169 4 0 0 0 298 52 213 420 37 4 0 0 298 35 116 483 87 5 0 
0 0 20 163 648 193 0 0 0 0 0 37 341 640 6 0 0 0 0 23 385 613 3 0 
0 0 6 90 660 246 22 0 0 0 1 23 320 637 31 12 0 0 1 20 310 647 33 13 
0 0 0 1 324 699 0 0 0 0 0 0 39 921 64 0 0 0 0 0 31 912 81 0 
0 0 0 23 229 772 0 0 0 0 0 4 70 920 30 0 0 0 0 2 66 920 36 0 
0 0 0 18 114 804 88 0 0 0 0 7 49 585 383 0 0 0 0 4 49 636 335 0 
0 0 0 1 55 715 253 0 0 0 0 0 25 370 628 1 0 0 0 0 28 448 547 1 
0 0 0 0 37 885 102 0 0 0 0 0 10 768 246 0 0 0 0 0 11 829 184 0 
0 0 0 3 107 684 230 0 0 0 0 0 53 657 314 0 0 0 0 0 63 665 296 0 
0 0 0 0 28 885 107 4 0 0 0 0 6 735 278 5 0 0 0 0 5 804 210 5 
0 0 0 0 42 798 184 0 0 0 0 0 16 575 432 1 0 0 0 0 14 648 361 1 
0 0 0 0 49 847 128 0 0 0 0 0 18 584 422 0 0 0 0 0 21 675 328 0 
0 0 0 1 37 713 273 0 0 0 0 0 16 472 536 0 0 0 0 0 18 598 407 1 
0 0 0 2 49 730 243 0 0 0 0 0 4 510 509 1 0 0 0 0 3 632 388 1 
0 0 0 0 44 798 182 0 0 0 0 0 15 602 406 1 0 0 0 0 18 696 310 0 
0 0 0 2 23 855 144 0 0 0 0 2 11 682 329 0 0 0 0 2 15 777 230 0 
0 0 0 1 74 783 166 0 0 0 0 0 30 678 316 0 0 0 0 0 54 736 234 0 
0 0 0 0 54 632 338 0 0 0 0 0 24 400 600 0 0 0 0 0 39 508 477 0 
274 312 126 153 159 0 0 0 219 359 114 128 201 3 0 0 304 301 97 133 189 0 0 0 
690 210 86 34 4 0 0 0 619 268 99 30 8 0 0 0 713 223 50 35 3 0 0 0 
408 101 81 396 38 0 0 0 374 129 58 356 107 0 0 0 428 79 64 386 67 0 0 0 
90 198 169 436 55 19 57 0 62 201 162 419 104 19 56 1 98 177 176 423 75 22 53 0 
51 128 93 229 392 35 96 0 39 137 82 176 443 51 95 1 63 122 90 283 339 31 96 0 
0 0 0 148 821 16 39 0 0 0 0 62 868 55 39 0 0 0 0 209 759 18 38 0 
0 0 0 39 948 37 0 0 0 0 0 12 777 235 0 0 0 0 0 92 927 5 0 0 
0 0 0 40 835 145 4 0 0 0 0 4 568 448 3 1 0 0 0 90 828 102 4 0 
0 0 0 102 355 409 158 0 0 0 0 13 294 549 161 7 0 0 0 100 387 382 155 0 
0 2 5 74 149 614 171 9 0 0 2 36 154 615 173 44 0 0 4 73 127 628 188 4 
0 0 0 6 81 828 109 0 0 0 0 2 37 604 381 0 0 0 0 2 45 692 285 0 
0 0 0 11 135 849 29 0 0 0 0 5 88 806 125 0 0 0 0 7 93 825 99 0 
0 0 0 6 215 795 8 0 0 0 0 0 76 849 99 0 0 0 0 0 87 851 86 0 
0 0 0 27 320 676 1 0 0 0 0 9 96 904 15 0 0 0 0 11 102 901 10 0 
0 0 0 28 339 641 16 0 0 0 0 5 161 497 361 0 0 0 0 7 179 499 339 0 
0 0 0 31 544 420 29 0 0 0 0 3 184 584 253 0 0 0 0 1 235 527 261 0 
0 0 7 171 591 255 0 0 0 0 0 8 286 725 5 0 0 0 0 5 266 750 3 0 
0 0 81 249 314 380 0 0 0 0 0 92 334 587 11 0 0 0 0 36 378 600 10 0 
0 0 0 19 199 793 13 0 0 0 0 2 56 870 96 0 0 0 0 1 42 893 88 0 
0 0 0 1 103 862 58 0 0 0 0 0 22 698 304 0 0 0 0 0 21 755 248 0 
0 0 0 3 125 879 17 0 0 0 0 2 47 897 78 0 0 0 0 2 52 903 67 0 
0 0 0 101 175 745 3 0 0 0 0 78 98 813 35 0 0 0 0 78 107 811 28 0 
0 0 0 149 111 727 37 0 0 0 0 100 106 722 96 0 0 0 0 79 135 732 78 0 
0 0 0 1 62 700 261 0 0 0 0 0 26 576 419 3 0 0 0 0 34 583 404 3 
0 0 11 37 150 728 98 0 0 0 9 37 99 724 155 0 0 0 12 41 111 722 138 0 
0 0 0 1 60 602 361 0 0 0 0 0 25 546 453 0 0 0 0 0 17 569 438 0 
0 0 0 2 62 601 358 1 0 0 0 1 36 456 530 1 0 0 0 1 36 506 480 1 
0 0 0 1 42 453 528 0 0 0 0 0 28 195 799 2 0 0 0 0 26 221 776 1 
0 0 0 0 49 419 556 0 0 0 0 0 15 242 767 0 0 0 0 0 15 257 752 0 
0 0 0 2 32 427 563 0 0 0 0 1 7 194 821 1 0 0 0 0 8 240 775 1 
0 0 0 1 89 871 63 0 0 0 0 1 28 863 131 1 0 0 0 0 34 875 114 1 
0 0 0 6 142 783 93 0 0 0 0 3 71 777 172 1 0 0 0 3 67 837 117 0 
0 0 0 5 39 901 79 0 0 0 0 4 22 840 158 0 0 0 0 4 28 880 112 0 
0 0 0 5 74 675 270 0 0 0 0 1 35 513 475 0 0 0 0 1 43 584 396 0 
0 0 0 2 77 680 265 0 0 0 0 0 42 470 511 1 0 0 0 0 42 609 373 0 
59 105 136 724 0 0 0 0 54 101 109 749 11 0 0 0 70 102 106 744 2 0 0 0 
100 105 271 410 35 34 66 3 97 99 177 493 54 35 68 1 117 102 224 448 43 42 48 0 
7 15 115 305 284 142 156 0 5 11 63 347 272 163 163 0 6 10 83 403 297 108 117 0 
0 0 17 111 704 117 75 0 0 0 11 92 644 199 78 0 0 0 24 260 610 81 49 0 
0 0 0 4 1000 20 0 0 0 0 0 0 978 46 0 0 0 0 0 113 905 6 0 0 
0 0 0 1 952 71 0 0 0 0 0 0 787 235 2 0 0 0 0 6 988 30 0 0 
0 0 0 0 585 439 0 0 0 0 0 0 232 792 0 0 0 0 0 1 888 135 0 0 
0 0 0 0 660 364 0 0 0 0 0 0 384 630 10 0 0 0 0 1 787 236 0 0 
0 0 0 0 44 973 7 0 0 0 0 0 2 959 63 0 0 0 0 0 39 978 7 0 
0 0 0 16 147 806 55 0 0 0 0 2 142 742 131 7 0 0 0 23 151 800 50 0 
0 0 0 7 231 469 317 0 0 0 0 1 179 417 425 2 0 0 0 15 231 415 363 0 
0 0 0 13 93 813 80 25 0 0 0 8 64 734 180 38 0 0 0 9 71 768 172 4 
0 0 1 57 197 762 7 0 0 0 0 38 126 838 22 0 0 0 0 47 145 819 13 0 
0 0 0 4 159 583 278 0 0 0 0 0 69 486 469 0 0 0 0 0 80 483 461 0 
0 0 0 0 35 817 172 0 0 0 0 0 12 401 610 1 0 0 0 0 14 434 575 1 
0 0 1 9 156 812 46 0 0 0 0 7 83 771 163 0 0 0 0 7 90 788 139 0 
0 0 0 3 198 816 7 0 0 0 0 1 64 920 39 0 0 0 0 2 76 920 26 0 
0 0 0 4 119 851 50 0 0 0 0 2 31 827 164 0 0 0 0 2 39 857 126 0 
0 0 0 0 85 493 446 0 0 0 0 0 25 274 725 0 0 0 0 0 22 299 703 0 
0 0 0 3 105 706 210 0 0 0 0 0 49 583 391 1 0 0 0 0 41 600 383 0 
0 0 0 0 94 912 18 0 0 0 0 0 35 926 62 1 0 0 0 0 38 938 47 1 
0 0 0 2 138 870 14 0 0 0 0 0 76 908 40 0 0 0 0 0 80 914 30 0 
0 0 0 0 107 751 166 0 0 0 0 0 52 703 268 1 0 0 0 0 67 708 249 0 
0 0 0 3 84 423 513 1 0 0 0 0 48 262 713 1 0 0 0 0 55 275 693 1 
1 144 128 99 137 321 193 1 0 141 129 101 116 272 264 1 7 168 131 83 95 288 251 1 
0 70 116 102 309 401 26 0 0 70 121 98 287 391 57 0 0 97 116 132 252 391 36 0 
0 3 11 10 120 792 88 0 0 3 11 11 82 689 228 0 0 5 11 12 86 726 184 0 
0 0 0 1 50 649 324 0 0 0 0 0 20 427 574 3 0 0 0 0 20 473 528 3 
0 0 0 0 37 512 475 0 0 0 0 0 13 335 675 1 0 0 0 0 12 351 660 1 
0 0 0 0 91 574 359 0 0 0 0 0 37 396 591 0 0 0 0 0 35 416 573 0 
0 0 0 0 35 680 309 0 0 0 0 0 12 483 529 0 0 0 0 0 16 552 455 1 
0 0 0 1 113 831 79 0 0 0 0 0 55 818 149 2 0 0 0 0 88 819 115 2 
0 2 4 6 122 481 406 3 0 0 5 3 80 360 564 12 0 1 4 8 83 420 503 5 
0 42 37 98 151 299 397 0 0 43 34 122 129 154 542 0 0 49 43 174 90 166 502 0 
0 0 0 0 38 568 418 0 0 0 0 1 11 385 627 0 0 0 0 1 23 461 539 0 
0 0 49 333 68 94 449 31 0 0 22 344 82 107 469 0 0 0 44 354 77 318 231 0 
0 0 0 22 61 186 701 54 0 0 0 24 64 201 733 2 0 0 0 37 124 347 516 0 
0 0 0 0 188 440 374 22 0 0 0 0 161 462 396 5 0 0 0 0 445 317 262 0 
0 0 0 0 665 306 53 0 0 0 0 0 540 426 58 0 0 0 0 11 885 114 14 0 
0 0 0 3 742 270 9 0 0 0 0 0 654 356 14 0 0 0 0 71 848 105 0 0 
0 0 0 1 488 535 0 0 0 0 0 0 356 668 0 0 0 0 0 22 709 293 0 0 
0 0 0 0 213 811 0 0 0 0 0 0 25 999 0 0 0 0 0 0 503 521 0 0 
0 0 0 0 434 590 0 0 0 0 0 0 224 792 8 0 0 0 0 0 673 350 1 0 
0 0 0 0 0 634 390 0 0 0 0 0 0 347 677 0 0 0 0 0 2 972 50 0 
0 0 0 0 0 625 382 17 0 0 0 0 0 318 688 18 0 0 0 0 0 756 267 1 
0 0 4 210 120 216 333 141 0 0 1 143 186 153 385 156 0 0 3 235 98 282 323 83 
0 0 14 121 298 528 42 21 0 0 4 101 280 497 119 23 0 0 12 138 315 453 98 8 
0 0 0 23 111 695 195 0 0 0 0 14 90 573 347 0 0 0 0 18 102 616 288 0 
0 0 0 0 26 754 244 0 0 0 0 0 19 403 599 3 0 0 0 0 21 503 500 0 
0 0 1 10 94 691 227 1 0 0 0 8 76 582 355 3 0 0 0 8 80 611 322 3 
0 0 0 6 90 566 362 0 0 0 0 0 54 315 655 0 0 0 0 0 60 356 608 0 
0 0 0 1 86 762 175 0 0 0 0 0 38 626 360 0 0 0 0 0 47 657 320 0 
0 0 0 0 69 838 117 0 0 0 0 0 25 758 241 0 0 0 0 0 30 799 195 0 
0 0 0 1 81 581 361 0 0 0 0 0 33 317 674 0 0 0 0 0 40 384 600 0 
0 0 1 9 59 742 212 1 0 0 0 6 39 462 515 2 0 0 0 7 41 569 406 1 
0 0 0 0 105 867 52 0 0 0 0 0 72 802 150 0 0 0 0 0 75 841 108 0 
0 0 0 1 103 628 291 1 0 0 0 1 61 499 460 3 0 0 0 1 71 524 425 3 
0 0 0 6 64 554 399 1 0 0 0 0 26 350 643 5 0 0 0 0 25 414 582 3 
0 0 0 1 50 278 695 0 0 0 0 0 19 177 828 0 0 0 0 0 24 184 816 0 
0 219 51 25 50 410 269 0 0 210 56 29 28 316 385 0 5 213 53 24 31 330 368 0 
0 114 138 84 230 450 8 0 0 122 132 85 216 441 28 0 4 144 133 104 194 433 12 0 
0 30 74 91 384 364 81 0 0 29 76 89 370 342 118 0 0 42 81 164 301 337 99 0 
0 0 23 82 272 616 31 0 0 0 27 138 201 605 53 0 0 0 47 192 151 594 40 0 
0 0 160 172 229 441 22 0 0 0 165 195 156 447 61 0 0 26 183 191 125 445 53 1 
0 0 172 186 182 444 40 0 0 0 182 207 140 423 72 0 0 42 186 197 128 428 43 0 
0 0 188 248 257 258 73 0 0 0 184 274 209 204 153 0 0 34 247 273 123 253 94 0 
0 24 387 321 165 102 23 2 0 35 410 287 162 94 34 2 0 101 493 224 83 97 25 1 
2 150 526 240 70 24 12 0 0 175 515 226 64 24 20 0 7 447 382 119 27 27 15 0 
61 272 409 169 34 78 1 0 39 292 419 163 27 82 2 0 94 375 375 80 33 65 2 0 
0 0 3 33 152 825 11 0 0 0 11 26 87 876 24 0 0 0 23 17 216 755 13 0 
0 0 0 0 0 163 856 5 0 0 0 0 0 200 824 0 0 0 0 0 10 558 456 0 
0 0 0 0 14 85 906 19 0 0 0 0 20 98 905 1 0 0 0 0 48 368 608 0 
0 0 0 0 19 324 680 1 0 0 0 0 20 334 669 1 0 0 0 0 139 539 346 0 
0 0 0 0 99 516 409 0 0 0 0 0 70 521 433 0 0 0 0 0 284 543 197 0 
0 0 0 0 113 854 57 0 0 0 0 0 31 928 65 0 0 0 0 0 388 615 21 0 
0 0 0 0 4 1012 8 0 0 0 0 0 1 999 24 0 0 0 0 0 34 988 2 0 
0 0 0 0 0 1012 12 0 0 0 0 0 0 984 40 0 0 0 0 0 16 1005 3 0 
0 0 0 0 144 858 22 0 0 0 0 0 59 914 51 0 0 0 0 0 398 615 11 0 
0 0 0 30 79 542 372 1 0 0 0 9 80 430 493 12 0 0 0 68 77 629 250 0 
0 0 0 369 151 242 229 33 0 0 0 283 227 190 266 58 0 0 0 433 88 293 206 4 
0 0 1 182 69 568 204 0 0 0 1 168 75 381 399 0 0 0 1 187 59 450 327 0 
0 0 0 184 240 403 197 0 0 0 0 112 278 261 373 0 0 0 0 211 194 286 333 0 
0 0 3 66 121 414 420 0 0 0 2 59 109 186 667 1 0 0 5 90 84 222 623 0 
2 13 41 147 154 343 324 0 1 13 35 143 148 176 507 1 1 14 56 191 81 188 493 0 
0 0 0 2 57 476 489 0 0 0 0 1 36 323 664 0 0 0 0 1 38 334 651 0 
0 0 0 9 118 763 133 1 0 0 0 8 69 738 208 1 0 0 0 8 84 734 197 1 
0 0 0 13 122 543 344 2 0 0 0 5 90 408 515 6 0 0 0 5 93 441 482 3 
0 0 0 3 43 770 208 0 0 0 0 1 27 582 412 2 0 0 0 1 26 652 344 1 
0 0 1 8 54 748 213 0 0 0 0 0 21 605 397 1 0 0 0 2 22 669 331 0 
0 0 0 1 76 849 98 0 0 0 0 0 36 783 205 0 0 0 0 0 40 828 156 0 
0 0 0 9 98 676 240 1 0 0 0 1 50 635 334 4 0 0 0 1 46 652 321 4 
0 0 0 3 57 492 467 5 0 0 0 0 34 310 675 5 0 0 0 0 36 329 654 5 
0 0 0 2 154 810 58 0 0 0 0 0 131 787 104 2 0 0 0 17 120 802 84 1 
0 14 63 79 341 500 27 0 0 5 69 109 288 501 51 1 0 5 95 196 185 495 48 0 
0 55 217 137 464 129 22 0 0 96 197 150 410 139 32 0 0 179 159 271 253 135 27 0 
0 0 282 155 391 127 68 1 0 3 303 214 301 109 90 4 0 101 258 332 135 110 84 4 
0 11 229 255 234 125 170 0 0 12 236 267 211 79 219 0 0 79 247 309 101 85 203 0 
0 22 244 263 217 153 123 2 0 20 263 263 180 138 156 4 0 90 331 198 105 155 143 2 
0 22 256 287 141 175 143 0 0 25 213 330 124 127 205 0 0 101 280 252 65 139 187 0 
0 34 383 396 119 79 13 0 0 36 223 546 122 65 32 0 0 121 271 477 59 75 21 0 
28 384 356 213 31 3 6 3 16 304 389 277 26 3 8 1 28 365 387 225 7 7 5 0 
803 147 64 5 1 4 0 0 772 162 80 5 1 4 0 0 812 183 19 5 1 4 0 0 
215 378 330 43 29 22 7 0 194 398 337 37 26 20 12 0 344 446 154 32 22 23 3 0 
0 73 177 36 228 498 11 1 0 78 175 31 190 533 16 1 4 179 82 32 294 423 9 1 
0 1 20 72 317 602 12 0 0 1 11 58 256 670 28 0 0 1 13 70 345 582 13 0 
0 0 7 38 32 440 507 0 0 0 0 42 26 456 500 0 0 0 10 38 108 739 129 0 
0 0 0 0 0 336 682 6 0 0 0 0 0 357 667 0 0 0 0 0 50 643 331 0 
0 0 0 0 0 119 895 10 0 0 0 0 0 131 892 1 0 0 0 0 9 495 520 0 
0 0 0 0 0 616 408 0 0 0 0 0 0 583 440 1 0 0 0 0 48 761 215 0 
0 0 0 0 5 778 241 0 0 0 0 0 5 704 315 0 0 0 0 0 14 893 117 0 
0 0 0 0 0 935 89 0 0 0 0 0 0 838 186 0 0 0 0 0 1 989 34 0 
0 0 0 0 1 783 240 0 0 0 0 0 0 705 319 0 0 0 0 0 1 915 108 0 
0 0 0 289 78 398 259 0 0 0 0 211 142 372 295 4 0 0 0 321 99 420 184 0 
0 0 35 432 303 196 58 0 0 0 31 359 324 249 60 1 0 0 33 479 284 174 54 0 
0 0 31 94 245 625 29 0 0 0 23 97 184 633 87 0 0 0 28 94 246 594 62 0 
0 0 0 25 81 635 283 0 0 0 0 17 57 367 583 0 0 0 0 19 70 428 507 0 
0 0 6 244 174 336 264 0 0 0 5 113 278 203 422 3 0 0 4 249 153 226 389 3 
0 10 53 118 197 601 45 0 0 8 56 113 179 561 106 1 0 17 59 155 128 588 77 0 
0 143 124 180 215 288 73 1 0 143 121 169 203 274 112 2 0 165 126 212 143 281 96 1 
0 0 0 11 119 853 41 0 0 0 0 5 67 882 68 2 0 0 0 7 89 877 50 1 
0 0 9 51 202 716 45 1 0 0 4 44 152 747 76 1 0 0 7 47 179 736 54 1 
0 0 0 21 115 874 14 0 0 0 0 21 67 905 31 0 0 0 0 21 81 903 19 0 
0 0 6 14 102 830 70 2 0 0 5 13 73 770 159 4 0 0 5 14 81 805 116 3 
0 0 3 26 140 797 58 0 0 0 0 16 81 804 123 0 0 0 2 17 88 824 93 0 
0 0 0 8 285 675 56 0 0 0 0 7 242 657 117 1 0 0 0 64 220 656 84 0 
0 7 105 81 340 475 16 0 0 28 100 90 302 473 31 0 0 70 92 128 250 468 16 0 
0 22 156 88 332 393 33 0 0 47 146 94 301 372 63 1 0 111 112 126 260 361 53 1 
0 2 179 119 314 344 66 0 0 35 161 134 282 312 100 0 0 97 130 234 165 315 83 0 
0 36 181 242 161 350 54 0 0 37 202 242 128 325 90 0 0 95 253 212 53 345 66 0 
2 154 236 381 142 87 22 0 1 157 214 399 142 84 27 0 6 201 318 321 75 79 24 0 
0 98 297 411 106 82 30 0 0 91 182 527 111 61 52 0 0 148 251 454 59 63 49 0 
0 95 382 524 23 0 0 0 0 81 189 730 24 0 0 0 0 144 231 644 5 0 0 0 
0 46 453 521 4 0 0 0 0 31 142 833 18 0 0 0 0 87 107 814 16 0 0 0 
0 0 415 607 2 0 0 0 0 0 66 935 23 0 0 0 0 0 67 935 22 0 0 0 
0 92 603 326 3 0 0 0 0 49 234 731 10 0 0 0 0 55 216 744 9 0 0 0 
541 338 141 4 0 0 0 0 514 272 212 26 0 0 0 0 524 286 189 25 0 0 0 0 
507 304 86 49 32 46 0 0 464 346 81 50 31 50 2 0 653 185 60 47 32 45 2 0 
0 17 42 23 196 618 128 0 0 18 45 17 132 569 243 0 4 29 34 19 229 581 128 0 
0 7 34 79 187 599 118 0 0 0 10 60 166 498 289 1 0 0 16 65 186 572 185 0 
0 1 22 24 50 900 27 0 0 1 12 27 36 820 128 0 0 1 12 28 37 882 64 0 
0 0 177 551 88 191 17 0 0 0 164 520 132 189 19 0 0 0 182 571 100 171 0 0 
0 0 0 34 35 568 387 0 0 0 0 28 40 573 383 0 0 0 0 45 113 812 54 0 
0 0 0 0 0 484 540 0 0 0 0 0 0 448 576 0 0 0 0 0 3 853 168 0 
0 0 0 0 0 322 702 0 0 0 0 0 0 298 726 0 0 0 0 0 0 756 268 0 
0 0 0 0 1 792 231 0 0 0 0 0 0 721 303 0 0 0 0 0 39 907 78 0 
0 0 0 96 16 621 291 0 0 0 0 83 28 535 378 0 0 0 0 99 19 757 149 0 
0 0 0 483 85 223 233 0 0 0 0 432 132 197 263 0 0 0 0 519 52 284 169 0 
0 0 31 292 193 457 51 0 0 0 36 276 175 423 114 0 0 0 43 283 193 459 46 0 
0 0 5 32 385 594 8 0 0 0 6 26 265 713 14 0 0 0 11 23 416 570 4 0 
0 0 27 113 344 522 18 0 0 0 11 90 311 569 43 0 0 0 11 85 430 466 32 0 
0 1 49 60 179 672 62 1 0 1 32 62 138 554 236 1 0 1 33 65 157 607 160 1 
0 0 0 179 27 763 55 0 0 0 0 154 45 617 208 0 0 0 0 180 24 707 113 0 
0 0 77 183 278 413 72 1 0 0 62 185 274 341 160 2 0 0 81 299 151 369 123 1 
0 78 77 140 184 411 133 1 0 77 76 140 175 320 233 3 0 85 102 206 81 359 189 2 
0 1 21 105 215 646 36 0 0 0 12 102 171 672 67 0 0 0 19 101 201 659 44 0 
0 0 0 3 196 800 25 0 0 0 0 2 115 870 37 0 0 0 0 3 159 832 30 0 
0 0 2 45 306 657 14 0 0 0 2 44 243 708 27 0 0 0 2 106 228 672 16 0 
0 35 98 64 358 464 5 0 0 46 96 71 320 465 26 0 0 94 78 164 214 461 13 0 
0 30 172 165 440 209 8 0 0 69 152 181 380 228 14 0 0 143 119 287 262 206 7 0 
0 63 219 289 265 176 12 0 0 92 214 310 216 168 24 0 0 175 273 279 108 172 17 0 
0 133 204 282 136 255 14 0 0 157 163 316 119 234 35 0 0 228 187 310 35 238 26 0 
0 130 248 394 145 94 13 0 0 129 141 515 130 88 21 0 0 169 161 538 52 87 17 0 
0 113 416 463 32 0 0 0 0 116 183 689 36 0 0 0 0 162 198 654 10 0 0 0 
0 80 469 474 1 0 0 0 0 81 141 777 25 0 0 0 0 105 122 774 23 0 0 0 
0 0 373 650 1 0 0 0 0 0 62 933 29 0 0 0 0 0 69 928 27 0 0 0 
0 0 375 649 0 0 0 0 0 0 32 976 16 0 0 0 0 0 28 980 16 0 0 0 
0 0 381 641 2 0 0 0 0 0 22 981 21 0 0 0 0 0 19 982 23 0 0 0 
0 0 573 451 0 0 0 0 0 0 70 942 12 0 0 0 0 0 77 936 11 0 0 0 
0 0 825 199 0 0 0 0 0 0 142 882 0 0 0 0 0 0 161 863 0 0 0 0 
197 344 443 40 0 0 0 0 184 220 418 202 0 0 0 0 186 245 399 194 0 0 0 0 
841 137 23 8 6 9 0 0 815 161 26 7 6 9 0 0 911 81 13 5 6 8 0 0 
65 84 64 96 280 425 10 0 29 125 51 71 196 538 13 1 86 90 36 72 293 435 11 1 
0 0 0 0 554 469 1 0 0 0 0 0 383 639 2 0 0 0 0 0 749 274 1 0 
0 0 52 137 694 138 3 0 0 0 28 111 666 216 3 0 0 0 25 122 755 120 2 0 
0 0 0 29 719 266 10 0 0 0 0 19 634 357 14 0 0 0 0 30 692 293 9 0 
0 0 103 912 9 0 0 0 0 0 99 893 32 0 0 0 0 0 103 916 5 0 0 0 
0 0 0 98 791 135 0 0 0 0 0 92 796 136 0 0 0 0 0 105 812 107 0 0 
0 0 0 0 0 894 130 0 0 0 0 0 0 889 135 0 0 0 0 0 10 1009 5 0 
0 0 0 0 0 118 906 0 0 0 0 0 0 94 930 0 0 0 0 0 0 973 51 0 
0 0 0 0 0 917 107 0 0 0 0 0 0 119 905 0 0 0 0 0 0 988 36 0 
0 0 0 186 781 15 42 0 0 0 0 182 784 11 47 0 0 0 0 958 10 21 35 0 
0 0 0 39 15 960 10 0 0 0 0 37 13 957 17 0 0 0 0 39 15 962 8 0 
0 0 0 0 2 1011 11 0 0 0 0 0 1 999 24 0 0 0 0 0 1 1009 14 0 
0 0 17 24 874 105 4 0 0 0 17 23 862 116 6 0 0 0 18 23 869 110 4 0 
0 0 0 16 881 127 0 0 0 0 0 12 72 940 0 0 0 0 1 15 897 111 0 0 
0 0 20 20 901 78 5 0 0 0 17 18 877 103 9 0 0 0 20 16 897 86 5 0 
0 0 0 18 8 987 11 0 0 0 0 16 8 964 36 0 0 0 0 18 7 975 24 0 
0 0 9 78 839 85 13 0 0 0 10 70 844 72 27 1 0 0 15 107 803 80 19 0 
0 14 24 46 814 116 10 0 0 14 23 46 813 110 18 0 0 18 30 59 790 115 12 0 
0 0 16 78 858 68 4 0 0 0 10 83 849 75 7 0 0 0 36 70 849 66 3 0 
0 0 0 12 880 130 2 0 0 0 0 9 97 914 4 0 0 0 0 38 852 132 2 0 
0 16 48 812 144 4 0 0 0 22 49 816 132 4 1 0 0 41 48 852 79 3 1 0 
0 49 51 885 32 7 0 0 0 59 46 889 23 7 0 0 0 80 815 112 13 4 0 0 
0 24 67 924 9 0 0 0 0 26 853 144 1 0 0 0 0 51 914 59 0 0 0 0 
0 107 884 33 0 0 0 0 0 103 833 88 0 0 0 0 0 127 822 75 0 0 0 0 
0 0 898 125 1 0 0 0 0 0 34 987 3 0 0 0 0 0 34 987 3 0 0 0 
0 0 94 930 0 0 0 0 0 0 14 1001 9 0 0 0 0 0 17 1005 2 0 0 0 
0 0 116 908 0 0 0 0 0 0 17 998 9 0 0 0 0 0 20 997 7 0 0 0 
0 0 919 105 0 0 0 0 0 0 19 1005 0 0 0 0 0 0 17 1007 0 0 0 0 
0 0 892 132 0 0 0 0 0 0 9 1013 2 0 0 0 0 0 7 1017 0 0 0 0 
0 0 119 905 0 0 0 0 0 0 13 1010 1 0 0 0 0 0 12 1010 2 0 0 0 
0 0 957 67 0 0 0 0 0 0 18 1006 0 0 0 0 0 0 19 1005 0 0 0 0 
0 0 933 91 0 0 0 0 0 0 11 1013 0 0 0 0 0 0 14 1010 0 0 0 0 
0 0 990 34 0 0 0 0 0 0 42 981 1 0 0 0 0 0 41 982 1 0 0 0 
126 857 41 0 0 0 0 0 124 824 74 2 0 0 0 0 124 829 68 3 0 0 0 0 
128 45 790 9 12 36 4 0 102 72 788 8 11 35 8 0 140 812 14 8 11 36 3 0 
0 0 2 14 37 961 10 0 0 0 0 12 29 964 19 0 0 0 0 16 34 964 10 0 
0 0 0 0 104 920 0 0 0 0 0 0 75 949 0 0 0 0 0 0 900 124 0 0 
0 0 12 75 891 46 0 0 0 0 9 69 888 56 2 0 0 0 11 75 889 49 0 0 
0 0 0 13 1004 7 0 0 0 0 0 12 999 13 0 0 0 0 0 22 997 5 0 0 
