0 55 336 133 59 47 107 287 7 41 233 107 148 119 190 179 3 59 160 311 224 74 57 136 
8 123 285 71 56 48 90 343 14 61 207 79 115 128 206 214 7 62 153 332 191 82 40 157 
16 251 206 69 101 82 78 221 13 142 159 102 150 157 152 149 5 74 170 297 254 77 40 107 
48 330 216 90 87 79 65 109 80 242 162 134 130 112 90 74 42 230 222 206 181 50 35 58 
34 267 206 86 91 115 94 131 66 208 145 134 140 133 100 98 48 199 269 212 134 34 46 82 
47 299 240 81 99 69 62 127 47 177 199 104 199 128 73 97 16 131 206 260 255 43 24 89 
2 218 218 58 58 44 173 253 3 71 209 71 196 131 185 158 9 50 245 321 178 42 29 150 
1 104 278 72 54 56 185 274 0 51 200 65 188 129 216 175 2 32 200 355 197 34 39 165 
0 7 438 148 368 6 24 33 0 4 194 292 473 17 36 8 0 3 25 958 27 2 3 6 
0 6 48 41 26 48 98 757 0 2 41 26 27 59 143 726 0 3 23 113 101 66 99 619 
0 37 256 99 72 63 138 359 0 6 170 88 103 181 247 229 0 12 104 327 235 92 63 191 
13 93 220 88 60 75 120 355 19 38 180 88 93 124 207 275 11 46 118 333 170 93 71 182 
0 44 351 98 62 64 62 343 0 12 235 134 96 148 173 226 0 11 153 409 218 85 42 106 
16 154 310 61 55 68 75 285 15 96 182 102 140 133 208 148 8 63 205 311 206 74 46 111 
0 48 243 67 79 70 112 405 0 14 175 79 118 130 308 200 0 9 149 395 166 86 54 165 
16 185 259 57 75 70 148 214 28 88 210 102 156 127 169 144 11 79 213 340 140 50 50 141 
2 106 188 52 70 106 152 348 2 55 144 83 157 129 152 302 4 41 193 284 109 48 61 284 
0 0 0 0 3 5 227 789 0 0 0 0 2 4 200 818 0 0 0 0 2 4 144 874 
0 0 18 56 99 118 132 601 0 0 0 20 71 144 212 577 0 0 11 59 114 148 174 518 
0 1 76 164 125 127 154 377 0 0 11 29 168 225 242 349 0 0 23 196 188 157 156 304 
0 4 104 93 42 43 66 672 0 8 53 76 66 98 92 631 0 5 23 123 185 79 47 562 
0 1 70 112 67 66 125 583 0 2 67 95 67 77 153 563 0 0 9 118 158 89 145 505 
3 23 121 73 73 74 140 517 3 24 85 90 83 112 198 429 2 22 58 242 146 92 96 366 
0 22 183 52 51 80 155 481 0 0 121 73 102 136 257 335 0 3 62 268 138 100 120 333 
1 40 129 86 121 165 154 328 0 7 96 110 178 193 177 263 0 30 178 207 133 122 119 235 
0 9 42 119 190 206 109 349 0 8 47 105 201 213 153 297 0 13 104 191 191 148 114 263 
0 0 0 0 3 15 20 986 0 0 0 1 3 29 43 948 0 0 0 2 15 21 129 857 
23 239 231 148 143 51 72 117 0 2 139 294 219 175 92 103 0 72 254 203 152 119 120 104 
21 267 286 175 76 45 34 120 0 22 191 323 232 102 41 113 0 99 277 212 135 119 64 118 
0 0 32 197 261 166 79 289 0 0 0 36 259 320 136 273 0 0 0 0 33 226 393 372 
0 0 55 128 283 201 100 257 0 4 88 58 130 353 152 239 0 1 32 78 49 81 388 395 
0 2 68 326 180 112 64 272 0 2 20 83 374 215 90 240 0 0 13 18 34 204 433 322 
0 0 63 367 185 113 66 230 0 0 0 66 415 246 90 207 0 0 0 4 17 270 465 268 
21 200 284 216 101 86 54 62 0 37 228 302 234 117 61 45 3 134 158 157 244 210 73 45 
40 232 258 167 116 75 67 69 6 83 255 231 215 124 59 51 17 167 285 206 157 98 44 50 
4 14 37 105 466 373 9 16 0 2 26 91 592 293 9 11 0 8 29 172 609 182 11 13 
236 451 211 88 25 12 1 0 4 379 331 177 99 28 6 0 44 494 193 114 114 54 9 2 
83 361 356 172 39 11 2 0 3 337 283 244 130 23 4 0 8 335 289 144 109 112 23 4 
3 35 186 441 175 136 34 14 2 33 54 162 518 192 54 9 2 31 65 87 96 454 256 33 
12 95 146 304 252 146 68 1 0 37 104 171 452 242 17 1 117 113 149 122 101 222 193 7 
4 24 320 348 151 142 30 5 0 19 29 361 482 103 25 5 94 57 200 105 90 350 109 19 
1 134 344 274 177 54 29 11 3 146 124 300 305 115 25 6 1 98 110 128 148 366 165 8 
68 289 430 163 40 25 9 0 4 250 309 293 126 29 13 0 10 191 280 178 152 173 27 13 
284 457 180 74 22 6 1 0 22 461 356 135 37 11 2 0 133 488 234 102 43 15 8 1 
17 324 535 130 11 3 3 1 0 34 615 353 15 5 2 0 3 96 848 43 18 7 5 4 
254 386 213 103 39 21 8 0 42 356 316 199 71 27 13 0 99 356 204 177 125 60 3 0 
18 507 386 92 20 1 0 0 17 640 279 67 19 2 0 0 7 464 400 117 33 3 0 0 
16 216 292 178 144 54 50 74 47 262 182 243 107 75 44 64 34 234 228 181 137 127 42 41 
20 142 205 304 176 66 45 66 52 107 146 436 143 58 66 16 79 174 187 249 150 162 20 3 
88 147 248 240 135 70 42 54 110 98 150 445 103 54 55 9 125 187 175 233 187 112 5 0 
101 208 303 168 115 45 20 64 95 220 217 266 97 34 40 55 47 206 225 201 170 92 64 19 
22 331 504 132 26 6 3 0 25 405 431 129 27 5 2 0 6 239 493 197 68 16 5 0 
248 355 220 111 72 17 1 0 59 411 234 156 119 38 7 0 134 355 224 119 78 70 34 10 
42 135 442 385 11 8 1 0 0 39 163 510 296 11 5 0 23 33 267 246 177 209 65 4 
539 284 109 50 26 14 1 1 278 518 124 68 20 14 2 0 484 340 96 54 31 17 2 0 
37 380 470 109 22 1 3 2 30 389 407 166 26 4 1 1 16 335 280 174 187 27 5 0 
25 391 450 139 16 3 0 0 70 527 338 70 14 5 0 0 49 427 375 98 56 15 4 0 
27 674 249 59 9 6 0 0 168 602 164 66 17 7 0 0 52 641 154 91 64 15 7 0 
57 707 212 43 1 4 0 0 165 667 120 57 11 4 0 0 83 688 105 73 64 8 3 0 
81 512 354 63 14 0 0 0 142 599 226 41 16 0 0 0 76 533 298 81 23 13 0 0 
147 325 370 133 42 7 0 0 92 347 378 189 18 0 0 0 117 239 228 252 136 52 0 0 
378 405 156 59 10 16 0 0 144 531 219 66 42 19 3 0 246 480 164 56 39 24 14 1 
22 521 449 18 13 1 0 0 8 36 942 21 12 5 0 0 13 463 522 16 10 0 0 0 
102 183 270 234 201 31 3 0 53 168 280 201 260 57 5 0 85 111 269 244 205 108 2 0 
62 320 322 242 76 2 0 0 79 311 270 232 120 12 0 0 47 268 209 253 204 43 0 0 
49 378 423 151 23 0 0 0 125 448 271 150 30 0 0 0 79 384 278 212 68 3 0 0 
28 516 324 139 17 0 0 0 94 570 185 129 46 0 0 0 44 544 176 130 122 8 0 0 
24 412 405 157 19 5 2 0 77 453 206 240 38 9 1 0 36 445 137 269 108 25 3 1 
74 336 381 217 16 0 0 0 152 333 254 253 32 0 0 0 82 345 220 257 114 6 0 0 
107 205 367 294 51 0 0 0 119 193 283 352 75 2 0 0 74 168 194 341 233 14 0 0 
98 88 344 299 191 4 0 0 65 91 274 328 257 9 0 0 76 56 234 347 268 43 0 0 
0 10 796 202 10 6 0 0 0 4 45 958 11 6 0 0 0 2 548 454 12 8 0 0 
1 39 51 42 206 648 37 0 1 37 52 35 88 734 77 0 0 24 46 39 45 473 394 3 
19 65 45 174 374 342 5 0 25 63 40 115 322 422 37 0 13 60 43 56 229 480 143 0 
31 50 79 287 330 245 2 0 36 52 101 177 355 303 0 0 15 49 100 73 315 326 146 0 
36 72 165 306 281 160 4 0 43 76 149 272 261 220 3 0 24 72 114 180 286 295 53 0 
15 134 253 183 242 196 1 0 26 143 188 204 195 258 10 0 6 127 157 191 160 328 55 0 
48 111 211 247 141 257 9 0 57 173 122 217 115 305 35 0 29 150 140 141 189 208 166 1 
34 77 116 204 300 288 5 0 39 114 109 154 233 367 8 0 18 93 123 113 188 291 197 1 
3 53 38 42 351 499 38 0 2 48 41 41 215 634 43 0 0 24 51 37 56 602 254 0 
0 5 3 3 20 981 12 0 0 7 1 2 11 986 17 0 0 0 7 2 6 977 32 0 
1 5 3 7 6 994 7 1 1 5 4 5 6 985 18 0 0 6 2 5 5 946 59 1 
3 3 2 3 943 67 3 0 4 2 2 4 9 997 6 0 2 4 0 4 4 976 34 0 
2 3 2 3 12 999 3 0 4 1 2 4 9 1001 3 0 2 3 2 0 4 955 58 0 
2 3 4 2 7 1003 3 0 5 1 3 2 5 1004 4 0 3 3 1 3 3 962 49 0 
2 1 0 1 11 1005 4 0 2 1 0 1 4 1010 6 0 2 1 0 1 2 960 57 1 
2 3 1 3 16 995 4 0 4 2 1 2 1 993 21 0 2 3 1 3 2 959 53 1 
3 5 6 5 935 66 4 0 5 4 5 5 931 64 10 0 1 7 5 5 3 941 61 1 
0 3 5 4 7 1005 0 0 0 3 4 5 1 1004 7 0 0 1 5 4 2 962 50 0 
0 0 0 0 0 1024 0 0 0 0 0 0 0 1024 0 0 0 0 0 0 0 0 1024 0 
