0 0 0 264 17 18 62 663 0 0 2 262 17 17 71 655 0 0 266 17 16 29 696 0 
0 0 14 927 10 8 26 39 0 0 93 848 7 10 18 48 0 4 929 18 7 14 52 0 
37 107 283 594 3 0 0 0 46 67 204 700 7 0 0 0 34 90 380 519 1 0 0 0 
18 170 408 428 0 0 0 0 22 140 497 365 0 0 0 0 16 154 604 250 0 0 0 0 
0 0 0 360 281 18 12 353 0 0 13 622 22 9 16 342 0 0 377 266 16 10 23 332 
0 0 0 0 15 1 5 1003 0 0 0 11 4 5 1 1003 0 0 0 15 0 6 0 1003 
0 0 0 0 0 0 0 1024 0 0 0 0 0 0 0 1024 0 0 0 0 0 0 0 1024 
0 0 0 0 0 0 0 1024 0 0 0 0 0 0 0 1024 0 0 0 0 0 0 0 1024 
0 0 0 0 0 0 0 1024 0 0 0 0 0 0 0 1024 0 0 0 0 0 0 0 1024 
0 0 0 0 0 0 0 1024 0 0 0 0 0 0 0 1024 0 0 0 0 0 0 0 1024 
0 0 0 0 0 0 0 1024 0 0 0 0 0 0 0 1024 0 0 0 0 0 0 0 1024 
0 0 0 0 0 0 0 1024 0 0 0 0 0 0 0 1024 0 0 0 0 0 0 0 1024 
0 0 0 0 0 0 0 1024 0 0 0 0 0 0 0 1024 0 0 0 0 0 0 0 1024 
0 0 0 0 0 0 0 1024 0 0 0 0 0 0 0 1024 0 0 0 0 0 0 0 1024 
0 0 0 0 0 0 0 1024 0 0 0 0 0 0 0 1024 0 0 0 0 0 0 0 1024 
0 0 0 0 0 0 0 1024 0 0 0 0 0 0 0 1024 0 0 0 0 0 0 0 1024 
0 0 0 0 0 0 0 1024 0 0 0 0 0 0 0 1024 0 0 0 0 0 0 0 1024 
0 0 0 0 0 0 0 1024 0 0 0 0 0 0 0 1024 0 0 0 0 0 0 0 1024 
0 0 0 0 0 0 0 1024 0 0 0 0 0 0 0 1024 0 0 0 0 0 0 0 1024 
0 0 0 0 0 0 0 1024 0 0 0 0 0 0 0 1024 0 0 0 0 0 0 0 1024 
0 0 0 0 0 0 0 1024 0 0 0 0 0 0 0 1024 0 0 0 0 0 0 0 1024 
0 0 0 0 0 0 0 1024 0 0 0 0 0 0 0 1024 0 0 0 0 0 0 0 1024 
0 0 0 0 0 0 0 1024 0 0 0 0 0 0 0 1024 0 0 0 0 0 0 0 1024 
0 0 0 0 0 0 0 1024 0 0 0 0 0 0 0 1024 0 0 0 0 0 0 0 1024 
0 0 0 0 0 0 0 1024 0 0 0 0 0 0 0 1024 0 0 0 0 0 0 0 1024 
0 0 0 0 0 0 0 1024 0 0 0 0 0 0 0 1024 0 0 0 0 0 0 0 1024 
0 0 0 0 0 0 0 1024 0 0 0 0 0 0 0 1024 0 0 0 0 0 0 0 1024 
0 0 0 0 0 0 0 1024 0 0 0 0 0 0 0 1024 0 0 0 0 0 0 132 892 
0 0 0 0 0 0 0 1024 0 0 0 0 0 0 0 1024 0 0 0 0 0 0 894 130 
0 0 0 0 0 0 0 1024 0 0 0 0 0 0 0 1024 0 0 0 0 0 0 1024 0 
0 0 0 0 0 0 0 1024 0 0 0 0 0 0 415 609 0 0 0 0 0 0 1024 0 
0 0 0 0 0 0 0 1024 0 0 0 0 0 0 1021 3 0 0 0 0 0 0 1024 0 
0 0 0 884 101 4 15 20 0 0 0 976 8 8 23 9 0 0 917 68 4 10 25 0 
149 195 245 422 9 1 3 0 176 191 355 291 6 1 4 0 213 257 537 8 5 1 3 0 
21 147 215 641 0 0 0 0 51 132 164 654 23 0 0 0 55 141 105 694 29 0 0 0 
159 224 402 239 0 0 0 0 186 182 392 264 0 0 0 0 204 195 382 243 0 0 0 0 
41 93 64 499 314 4 4 5 87 72 128 724 1 6 2 4 100 79 443 389 3 5 2 3 
0 0 0 3 646 45 18 312 0 0 0 649 44 14 16 301 0 0 1 678 18 13 19 295 
0 0 0 0 0 1 3 1020 0 0 0 1 1 2 2 1018 0 0 0 1 1 2 2 1018 
0 0 0 0 0 0 0 1024 0 0 0 0 0 0 0 1024 0 0 0 0 0 0 0 1024 
0 0 0 0 0 0 0 1024 0 0 0 0 0 0 0 1024 0 0 0 0 0 0 0 1024 
0 0 0 0 0 0 0 1024 0 0 0 0 0 0 0 1024 0 0 0 0 0 0 0 1024 
0 0 0 0 0 0 0 1024 0 0 0 0 0 0 0 1024 0 0 0 0 0 0 0 1024 
0 0 0 0 0 0 0 1024 0 0 0 0 0 0 0 1024 0 0 0 0 0 0 0 1024 
0 0 0 0 0 0 0 1024 0 0 0 0 0 0 0 1024 0 0 0 0 0 0 0 1024 
0 0 0 0 0 0 0 1024 0 0 0 0 0 0 0 1024 0 0 0 0 0 0 0 1024 
0 0 0 0 0 0 0 1024 0 0 0 0 0 0 0 1024 0 0 0 0 0 0 0 1024 
0 0 0 0 0 0 0 1024 0 0 0 0 0 0 0 1024 0 0 0 0 0 0 0 1024 
0 0 0 0 0 0 0 1024 0 0 0 0 0 0 0 1024 0 0 0 0 0 0 0 1024 
0 0 0 0 0 0 0 1024 0 0 0 0 0 0 0 1024 0 0 0 0 0 0 0 1024 
0 0 0 0 0 0 0 1024 0 0 0 0 0 0 0 1024 0 0 0 0 0 0 0 1024 
0 0 0 0 0 0 0 1024 0 0 0 0 0 0 0 1024 0 0 0 0 0 0 0 1024 
0 0 0 0 0 0 0 1024 0 0 0 0 0 0 0 1024 0 0 0 0 0 0 0 1024 
0 0 0 0 0 0 0 1024 0 0 0 0 0 0 0 1024 0 0 0 0 0 0 0 1024 
0 0 0 0 0 0 0 1024 0 0 0 0 0 0 0 1024 0 0 0 0 0 0 0 1024 
0 0 0 0 0 0 0 1024 0 0 0 0 0 0 0 1024 0 0 0 0 0 0 0 1024 
0 0 0 0 0 0 0 1024 0 0 0 0 0 0 0 1024 0 0 0 0 0 0 0 1024 
0 0 0 0 0 0 0 1024 0 0 0 0 0 0 0 1024 0 0 0 0 0 0 0 1024 
0 0 0 0 0 0 0 1024 0 0 0 0 0 0 0 1024 0 0 0 0 0 0 0 1024 
0 0 0 0 0 0 0 1024 0 0 0 0 0 0 0 1024 0 0 0 0 0 0 0 1024 
0 0 0 0 0 0 0 1024 0 0 0 0 0 0 0 1024 0 0 0 0 0 0 313 711 
0 0 0 0 0 0 0 1024 0 0 0 0 0 0 0 1024 0 0 0 0 0 0 995 29 
0 0 0 0 0 0 0 1024 0 0 0 0 0 0 49 975 0 0 0 0 0 0 1024 0 
0 0 0 0 0 0 0 1024 0 0 0 0 0 0 730 294 0 0 0 0 0 0 1024 0 
0 0 0 154 112 14 17 727 0 0 0 260 12 12 38 702 0 0 200 65 11 15 672 61 
0 88 349 528 7 7 4 41 0 155 557 258 4 5 9 36 2 312 643 14 7 2 39 5 
0 40 207 747 30 0 0 0 0 54 149 631 190 0 0 0 2 54 138 692 138 0 0 0 
0 179 628 217 0 0 0 0 0 235 588 201 0 0 0 0 6 358 487 173 0 0 0 0 
0 21 147 527 257 29 6 37 0 52 362 564 7 4 7 28 5 130 514 331 6 4 6 28 
0 0 0 0 227 78 21 698 0 0 0 288 30 15 15 676 0 0 0 303 18 15 18 670 
0 0 0 0 0 0 0 1024 0 0 0 0 0 0 0 1024 0 0 0 0 0 0 0 1024 
0 0 0 0 0 0 0 1024 0 0 0 0 0 0 0 1024 0 0 0 0 0 0 0 1024 
0 0 0 0 0 0 0 1024 0 0 0 0 0 0 0 1024 0 0 0 0 0 0 0 1024 
0 0 0 0 0 0 0 1024 0 0 0 0 0 0 0 1024 0 0 0 0 0 0 0 1024 
0 0 0 0 0 0 0 1024 0 0 0 0 0 0 0 1024 0 0 0 0 0 0 0 1024 
0 0 0 0 0 0 0 1024 0 0 0 0 0 0 0 1024 0 0 0 0 0 0 0 1024 
0 0 0 0 0 0 0 1024 0 0 0 0 0 0 0 1024 0 0 0 0 0 0 0 1024 
0 0 0 0 0 0 0 1024 0 0 0 0 0 0 0 1024 0 0 0 0 0 0 0 1024 
0 0 0 0 0 0 0 1024 0 0 0 0 0 0 0 1024 0 0 0 0 0 0 0 1024 
0 0 0 0 0 0 0 1024 0 0 0 0 0 0 0 1024 0 0 0 0 0 0 0 1024 
0 0 0 0 0 0 0 1024 0 0 0 0 0 0 0 1024 0 0 0 0 0 0 0 1024 
0 0 0 0 0 0 0 1024 0 0 0 0 0 0 0 1024 0 0 0 0 0 0 0 1024 
0 0 0 0 0 0 0 1024 0 0 0 0 0 0 0 1024 0 0 0 0 0 0 0 1024 
0 0 0 0 0 0 0 1024 0 0 0 0 0 0 0 1024 0 0 0 0 0 0 0 1024 
0 0 0 0 0 0 0 1024 0 0 0 0 0 0 0 1024 0 0 0 0 0 0 0 1024 
0 0 0 0 0 0 0 1024 0 0 0 0 0 0 0 1024 0 0 0 0 0 0 0 1024 
0 0 0 0 0 0 0 1024 0 0 0 0 0 0 0 1024 0 0 0 0 0 0 0 1024 
0 0 0 0 0 0 0 1024 0 0 0 0 0 0 0 1024 0 0 0 0 0 0 0 1024 
0 0 0 0 0 0 0 1024 0 0 0 0 0 0 0 1024 0 0 0 0 0 0 0 1024 
0 0 0 0 0 0 0 1024 0 0 0 0 0 0 0 1024 0 0 0 0 0 0 0 1024 
0 0 0 0 0 0 0 1024 0 0 0 0 0 0 0 1024 0 0 0 0 0 0 0 1024 
0 0 0 0 0 0 0 1024 0 0 0 0 0 0 0 1024 0 0 0 0 0 0 0 1024 
0 0 0 0 0 0 0 1024 0 0 0 0 0 0 0 1024 0 0 0 0 0 0 0 1024 
0 0 0 0 0 0 0 1024 0 0 0 0 0 0 0 1024 0 0 0 0 0 0 179 845 
0 0 0 0 0 0 0 1024 0 0 0 0 0 0 1 1023 0 0 0 0 0 0 741 283 
0 0 0 0 0 0 0 1024 0 0 0 0 0 0 33 991 0 0 0 0 0 0 1024 0 
0 0 0 0 0 0 0 1024 0 0 0 0 0 0 0 1024 0 0 0 0 0 0 778 246 
0 0 0 204 13 6 20 781 0 0 65 143 11 7 18 780 0 0 199 14 8 9 163 631 
0 0 16 976 21 3 8 0 0 0 7 885 118 3 7 4 0 0 40 841 131 3 9 0 
0 7 302 553 49 28 7 78 0 10 667 249 18 7 6 67 1 24 667 238 15 6 6 67 
0 0 0 116 57 44 16 791 0 0 122 92 14 9 14 773 0 0 170 45 13 11 14 771 
0 0 0 0 0 0 0 1024 0 0 0 0 0 0 0 1024 0 0 0 0 0 0 0 1024 
0 0 0 0 0 0 0 1024 0 0 0 0 0 0 0 1024 0 0 0 0 0 0 0 1024 
0 0 0 0 0 0 0 1024 0 0 0 0 0 0 0 1024 0 0 0 0 0 0 0 1024 
0 0 0 0 0 0 0 1024 0 0 0 0 0 0 0 1024 0 0 0 0 0 0 0 1024 
0 0 0 0 0 0 0 1024 0 0 0 0 0 0 0 1024 0 0 0 0 0 0 0 1024 
0 0 0 0 0 0 0 1024 0 0 0 0 0 0 0 1024 0 0 0 0 0 0 0 1024 
0 0 0 0 0 0 0 1024 0 0 0 0 0 0 0 1024 0 0 0 0 0 0 0 1024 
0 0 0 0 0 0 0 1024 0 0 0 0 0 0 0 1024 0 0 0 0 0 0 0 1024 
0 0 0 0 0 0 0 1024 0 0 0 0 0 0 0 1024 0 0 0 0 0 0 0 1024 
0 0 0 0 0 0 0 1024 0 0 0 0 0 0 0 1024 0 0 0 0 0 0 0 1024 
0 0 0 0 0 0 0 1024 0 0 0 0 0 0 0 1024 0 0 0 0 0 0 0 1024 
0 0 0 0 0 0 0 1024 0 0 0 0 0 0 0 1024 0 0 0 0 0 0 0 1024 
0 0 0 0 0 0 0 1024 0 0 0 0 0 0 0 1024 0 0 0 0 0 0 0 1024 
0 0 0 0 0 0 0 1024 0 0 0 0 0 0 0 1024 0 0 0 0 0 0 0 1024 
0 0 0 0 0 0 0 1024 0 0 0 0 0 0 0 1024 0 0 0 0 0 0 0 1024 
0 0 0 0 0 0 0 1024 0 0 0 0 0 0 0 1024 0 0 0 0 0 0 0 1024 
0 0 0 0 0 0 0 1024 0 0 0 0 0 0 0 1024 0 0 0 0 0 0 0 1024 
0 0 0 0 0 0 0 1024 0 0 0 0 0 0 0 1024 0 0 0 0 0 0 0 1024 
0 0 0 0 0 0 0 1024 0 0 0 0 0 0 0 1024 0 0 0 0 0 0 0 1024 
0 0 0 0 0 0 0 1024 0 0 0 0 0 0 0 1024 0 0 0 0 0 0 0 1024 
0 0 0 0 0 0 0 1024 0 0 0 0 0 0 0 1024 0 0 0 0 0 0 0 1024 
0 0 0 0 0 0 0 1024 0 0 0 0 0 0 0 1024 0 0 0 0 0 0 0 1024 
0 0 0 0 0 0 0 1024 0 0 0 0 0 0 0 1024 0 0 0 0 0 0 0 1024 
0 0 1 3 2 2 6 1010 0 0 1 3 2 2 5 1011 0 0 2 3 1 5 8 1005 
0 0 26 77 12 9 13 887 0 0 52 55 8 9 10 890 0 0 61 48 11 7 15 882 
0 0 116 133 13 5 15 742 0 0 154 99 10 6 14 741 0 2 175 79 8 8 149 603 
0 0 214 177 12 10 16 595 0 0 222 173 12 8 18 591 0 5 232 161 13 7 583 23 
0 0 0 0 0 0 0 1024 0 0 0 0 0 0 0 1024 0 0 0 0 0 0 909 115 
0 0 0 22 7 11 55 929 0 0 0 16 10 7 17 974 0 0 0 20 8 10 208 778 
0 0 15 889 120 0 0 0 0 0 5 704 313 2 0 0 0 0 5 776 242 1 0 0 
0 0 18 204 84 31 21 666 0 0 96 225 27 12 20 644 0 0 74 248 25 14 19 644 
0 0 0 0 0 0 0 1024 0 0 0 0 0 0 0 1024 0 0 0 0 0 0 0 1024 
0 0 0 0 0 0 0 1024 0 0 0 0 0 0 0 1024 0 0 0 0 0 0 0 1024 
0 0 0 0 0 0 0 1024 0 0 0 0 0 0 0 1024 0 0 0 0 0 0 0 1024 
0 0 0 0 0 0 0 1024 0 0 0 0 0 0 0 1024 0 0 0 0 0 0 0 1024 
0 0 0 0 0 0 0 1024 0 0 0 0 0 0 0 1024 0 0 0 0 0 0 0 1024 
0 0 0 0 0 0 0 1024 0 0 0 0 0 0 0 1024 0 0 0 0 0 0 0 1024 
0 0 0 0 0 0 0 1024 0 0 0 0 0 0 0 1024 0 0 0 0 0 0 0 1024 
0 0 0 0 0 0 0 1024 0 0 0 0 0 0 0 1024 0 0 0 0 0 0 0 1024 
0 0 0 0 0 0 0 1024 0 0 0 0 0 0 0 1024 0 0 0 0 0 0 0 1024 
0 0 0 0 0 0 0 1024 0 0 0 0 0 0 0 1024 0 0 0 0 0 0 0 1024 
0 0 0 0 0 0 0 1024 0 0 0 0 0 0 0 1024 0 0 0 0 0 0 0 1024 
0 0 0 0 0 0 0 1024 0 0 0 0 0 0 0 1024 0 0 0 0 0 0 0 1024 
0 0 0 0 0 0 0 1024 0 0 0 0 0 0 0 1024 0 0 0 0 0 0 0 1024 
0 0 0 0 0 0 0 1024 0 0 0 0 0 0 0 1024 0 0 0 0 0 0 0 1024 
0 0 0 0 0 0 0 1024 0 0 0 0 0 0 0 1024 0 0 0 0 0 0 0 1024 
0 0 0 0 0 0 0 1024 0 0 0 0 0 0 0 1024 0 0 0 0 0 0 0 1024 
0 0 0 0 0 0 1 1023 0 0 0 0 0 0 0 1024 0 0 0 0 0 0 1 1023 
0 0 22 18 9 9 13 953 0 0 20 18 7 7 15 957 0 0 21 17 7 8 16 955 
0 0 45 101 32 8 14 824 0 0 51 97 23 11 12 830 0 0 54 95 26 7 13 829 
0 0 42 93 170 14 7 698 0 0 45 92 157 21 9 700 0 0 50 84 158 25 7 700 
0 0 52 199 185 14 10 564 0 0 54 149 226 21 7 567 0 0 57 136 231 26 8 566 
0 0 145 367 66 6 14 426 0 7 139 356 70 12 9 431 0 9 144 349 74 8 12 428 
0 2 189 465 54 12 10 292 0 14 178 429 88 11 10 294 0 15 185 423 87 12 10 292 
0 13 181 477 187 7 8 151 0 27 175 416 239 8 7 152 0 26 194 408 232 6 9 149 
0 48 295 577 72 3 8 21 0 51 279 547 115 3 8 21 0 54 277 553 110 3 8 19 
0 22 219 729 54 0 0 0 0 29 166 648 181 0 0 0 0 32 172 653 167 0 0 0 
0 52 231 525 216 0 0 0 0 100 178 413 333 0 0 0 0 101 196 406 321 0 0 0 
0 157 319 465 83 0 0 0 0 222 215 422 165 0 0 0 0 236 215 417 156 0 0 0 
0 0 0 0 0 0 0 1024 0 0 0 0 0 0 27 997 0 0 0 0 0 0 1017 7 
0 0 0 98 23 12 53 838 0 0 0 29 86 12 16 881 0 0 0 64 56 11 567 326 
0 0 44 707 273 0 0 0 0 0 18 612 394 0 0 0 0 0 12 686 326 0 0 0 
0 0 9 123 55 50 16 771 0 0 109 113 22 10 15 755 0 0 82 138 25 10 14 755 
0 0 0 0 0 0 0 1024 0 0 0 0 0 0 0 1024 0 0 0 0 0 0 0 1024 
0 0 0 0 0 0 0 1024 0 0 0 0 0 0 0 1024 0 0 0 0 0 0 0 1024 
0 0 0 0 0 0 0 1024 0 0 0 0 0 0 0 1024 0 0 0 0 0 0 0 1024 
0 0 0 0 0 0 0 1024 0 0 0 0 0 0 0 1024 0 0 0 0 0 0 0 1024 
0 0 0 0 0 0 0 1024 0 0 0 0 0 0 0 1024 0 0 0 0 0 0 0 1024 
0 0 0 0 0 0 0 1024 0 0 0 0 0 0 0 1024 0 0 0 0 0 0 0 1024 
0 0 0 0 0 0 0 1024 0 0 0 0 0 0 0 1024 0 0 0 0 0 0 0 1024 
0 0 0 0 0 0 0 1024 0 0 0 0 0 0 0 1024 0 0 0 0 0 0 0 1024 
0 0 0 0 0 0 0 1024 0 0 0 0 0 0 0 1024 0 0 0 0 0 0 0 1024 
0 0 5 3 6 4 7 999 0 0 2 4 7 3 4 1004 0 0 3 4 6 5 2 1004 
0 2 46 57 20 10 13 876 0 0 43 53 28 6 10 884 0 0 43 52 29 7 10 883 
0 1 51 126 80 8 16 742 0 0 47 118 89 9 10 751 0 0 42 120 93 8 11 750 
0 1 59 196 136 13 14 605 0 0 60 176 149 17 10 612 0 0 60 171 150 22 9 612 
0 2 88 241 191 25 13 464 0 6 78 203 220 35 11 471 0 5 84 170 240 43 12 470 
0 0 116 373 163 31 12 329 0 8 112 359 168 31 10 336 0 9 123 344 168 34 11 335 
0 0 147 418 202 50 14 193 0 6 157 394 202 54 10 201 0 6 156 387 201 64 11 199 
0 0 113 388 376 86 8 53 0 1 108 348 395 108 9 55 0 2 107 334 399 118 9 55 
0 0 77 374 499 74 0 0 0 0 76 346 467 135 0 0 0 0 77 333 437 177 0 0 
0 37 136 530 307 14 0 0 0 29 107 467 389 32 0 0 0 27 107 417 420 53 0 0 
0 1 91 339 579 14 0 0 0 8 75 235 653 53 0 0 0 11 76 191 639 107 0 0 
0 99 217 239 460 2 1 6 0 142 184 151 517 24 2 4 0 115 207 139 488 69 2 4 
0 52 237 335 306 13 10 71 0 124 222 194 399 15 5 65 0 124 224 177 410 21 6 62 
0 0 114 694 216 0 0 0 0 0 43 553 426 2 0 0 0 0 23 462 537 2 0 0 
0 86 209 486 43 11 4 185 0 124 128 426 149 7 7 183 0 137 93 406 192 7 7 182 
0 40 248 439 67 25 7 198 0 76 135 532 80 5 7 189 0 85 110 533 96 4 8 188 
0 0 365 596 38 3 3 19 0 0 194 682 122 3 3 20 0 0 172 686 141 3 3 19 
0 8 205 90 15 11 15 680 0 54 196 55 19 11 13 676 0 66 189 55 15 13 18 668 
0 0 35 57 43 12 13 864 0 30 91 22 8 9 19 845 0 32 85 26 8 11 17 845 
0 0 0 0 0 0 0 1024 0 0 0 0 0 0 230 794 0 0 0 0 0 0 1024 0 
0 0 0 104 108 12 63 737 0 0 0 35 171 13 21 784 0 0 0 53 156 13 743 59 
0 0 48 799 177 0 0 0 0 0 80 635 309 0 0 0 0 0 52 740 232 0 0 0 
0 0 0 56 52 50 15 851 0 0 50 96 16 13 17 832 0 0 23 119 20 13 18 831 
0 0 0 0 0 0 0 1024 0 0 0 0 0 0 0 1024 0 0 0 0 0 0 0 1024 
0 0 0 0 0 0 0 1024 0 0 0 0 0 0 0 1024 0 0 0 0 0 0 0 1024 
0 0 4 2 3 5 5 1005 0 0 3 2 2 6 3 1008 0 0 3 3 1 6 4 1007 
0 0 35 78 24 10 19 858 0 0 25 84 25 9 14 867 0 0 23 74 38 10 12 867 
0 0 40 121 132 8 19 704 0 0 20 107 158 13 13 713 0 0 18 95 163 22 16 710 
0 0 51 322 75 7 16 553 0 0 28 307 109 7 15 558 0 0 24 279 139 10 16 556 
0 1 109 343 139 13 14 405 0 1 89 323 174 11 15 411 0 1 90 297 198 14 16 408 
0 0 95 396 217 35 19 262 0 0 90 339 245 65 14 271 0 0 84 301 260 94 14 271 
0 1 89 366 389 45 11 123 0 0 81 293 419 89 11 131 0 0 83 241 415 143 14 128 
0 1 121 560 315 13 5 9 0 0 94 465 418 32 5 10 0 0 89 359 506 55 5 10 
0 44 184 550 244 2 0 0 0 31 184 432 370 7 0 0 0 9 189 352 446 28 0 0 
0 3 121 519 376 5 0 0 0 3 123 456 416 26 0 0 0 3 113 406 453 49 0 0 
0 13 161 307 513 30 0 0 0 24 157 213 565 65 0 0 0 25 144 192 552 111 0 0 
0 68 130 415 330 37 8 36 0 104 109 376 348 49 7 31 0 102 107 337 374 66 7 31 
0 0 140 93 576 215 0 0 0 0 137 67 509 310 1 0 0 0 132 62 462 364 4 0 
0 8 297 164 118 68 9 360 0 11 374 81 123 69 14 352 0 2 382 75 130 65 21 349 
0 0 46 159 407 64 8 340 0 9 73 115 400 83 7 337 0 3 80 82 391 124 8 336 
0 3 110 488 420 3 0 0 0 14 85 264 639 22 0 0 0 11 70 202 683 58 0 0 
0 33 120 321 154 14 27 355 0 93 68 298 173 21 23 348 0 91 65 213 260 23 25 347 
0 0 78 378 568 0 0 0 0 0 66 189 746 23 0 0 0 0 47 154 772 51 0 0 
0 1 231 30 18 9 13 722 0 0 231 33 17 11 12 720 0 0 230 34 17 12 13 718 
0 0 0 0 1 1 2 1020 0 0 1 1 1 1 2 1018 0 0 1 1 1 1 2 1018 
0 4 83 474 180 41 10 232 0 6 73 482 219 12 9 223 0 3 73 396 310 10 9 223 
0 22 295 452 40 10 11 194 0 18 218 473 96 13 5 201 0 19 186 455 146 12 8 198 
0 29 424 298 66 15 5 187 0 24 329 423 51 10 6 181 0 23 288 454 64 9 5 181 
0 20 457 323 22 9 20 173 0 12 303 434 69 5 12 189 0 15 280 453 72 5 14 185 
0 0 0 0 0 0 0 1024 0 0 0 0 0 0 0 1024 0 0 0 0 0 0 0 1024 
0 0 0 0 0 0 0 1024 0 0 0 0 0 0 0 1024 0 0 0 0 0 0 0 1024 
0 0 0 0 0 0 0 1024 0 0 0 0 0 0 987 37 0 0 0 0 0 0 1024 0 
0 0 34 273 40 18 83 576 0 0 3 205 130 16 485 185 0 0 0 231 110 19 664 0 
29 447 324 217 7 0 0 0 17 378 338 248 43 0 0 0 10 340 330 308 36 0 0 0 
7 18 67 187 69 38 65 573 3 58 103 175 37 30 37 581 5 42 110 177 41 32 85 532 
0 2 79 290 171 13 26 443 0 0 65 240 235 12 12 460 0 0 53 189 296 14 20 452 
0 2 97 430 264 12 22 197 0 0 71 324 395 10 14 210 0 0 61 233 485 21 16 208 
0 18 156 534 279 9 9 19 0 3 153 377 448 12 7 24 0 0 137 277 519 61 7 23 
0 0 74 462 486 2 0 0 0 0 74 259 667 24 0 0 0 0 67 143 711 103 0 0 
0 28 236 392 349 19 0 0 0 23 218 272 459 52 0 0 0 0 207 213 479 125 0 0 
0 19 198 468 336 3 0 0 0 2 192 324 491 15 0 0 0 3 175 216 576 54 0 0 
0 70 234 230 247 7 11 225 0 67 295 88 321 30 10 213 0 2 358 44 313 85 11 211 
0 0 31 602 312 12 6 61 0 0 2 420 480 56 5 61 0 0 0 263 589 105 6 61 
0 138 256 459 127 2 18 24 0 134 249 317 274 17 11 22 0 117 238 251 341 44 12 21 
0 10 123 625 201 39 12 14 0 6 87 458 402 45 13 13 0 6 64 311 551 66 13 13 
0 38 272 123 33 48 32 478 0 43 345 64 43 42 26 461 0 11 362 76 45 45 27 458 
0 0 3 214 224 32 24 527 0 0 20 185 251 24 32 512 0 0 20 135 294 32 33 510 
0 0 153 389 443 39 0 0 0 0 122 323 495 84 0 0 0 0 88 300 492 143 1 0 
0 9 137 335 274 78 9 182 0 14 143 294 299 85 11 178 0 9 133 268 327 99 11 177 
0 16 227 361 186 131 17 86 0 21 205 352 188 156 19 83 0 14 167 349 227 163 21 83 
0 0 0 1 0 1 1 1021 0 0 0 1 0 1 1 1021 0 0 0 1 0 1 1 1021 
0 0 20 126 149 22 23 684 0 0 24 117 152 34 16 681 0 0 21 92 168 43 18 682 
0 9 180 507 327 1 0 0 0 12 124 438 417 33 0 0 0 11 106 369 470 68 0 0 
0 133 199 378 116 15 8 175 0 167 127 367 168 11 7 177 0 165 119 322 222 12 7 177 
0 2 226 609 187 0 0 0 0 4 125 572 319 4 0 0 0 3 98 521 389 13 0 0 
0 0 5 94 12 12 8 893 0 0 2 75 29 14 7 897 0 0 1 76 30 14 8 895 
0 0 0 0 0 0 0 1024 0 0 0 0 0 0 0 1024 0 0 0 0 0 0 0 1024 
0 0 122 436 116 30 9 311 0 0 50 536 116 9 11 302 0 0 29 468 206 8 11 302 
0 147 240 501 34 19 26 57 0 165 142 536 84 16 26 55 0 158 117 512 145 17 22 53 
0 67 244 344 139 36 27 167 0 106 140 477 98 28 39 136 0 109 106 490 120 27 46 126 
0 4 472 408 20 12 22 86 0 1 250 601 45 8 17 102 0 0 199 640 62 7 19 97 
0 0 0 0 0 1 4 1019 0 0 0 0 0 2 4 1018 0 0 0 0 0 3 3 1018 
0 0 0 0 0 0 0 1024 0 0 0 0 0 0 0 1024 0 0 0 0 0 0 0 1024 
0 0 0 0 0 0 10 1014 0 0 0 0 0 0 1024 0 0 0 0 0 0 0 1024 0 
0 23 173 225 12 12 111 468 0 1 64 313 49 7 589 1 0 2 19 368 41 8 586 0 
45 506 468 5 0 0 0 0 10 469 403 142 0 0 0 0 11 417 402 190 4 0 0 0 
0 123 192 499 207 3 0 0 0 87 233 306 398 0 0 0 0 37 269 206 501 11 0 0 
0 85 170 655 106 3 2 3 0 86 122 584 222 5 5 0 0 0 197 409 396 17 5 0 
0 76 238 595 115 0 0 0 0 73 191 446 314 0 0 0 0 18 196 264 540 6 0 0 
0 8 285 332 89 16 8 286 0 0 312 329 91 10 16 266 0 0 232 390 105 14 21 262 
0 1 33 413 155 14 29 379 0 0 22 229 345 18 24 386 0 0 15 112 446 42 26 383 
0 6 504 416 95 3 0 0 0 1 345 489 183 6 0 0 0 0 200 525 271 28 0 0 
0 13 366 510 133 2 0 0 0 7 275 497 230 15 0 0 0 0 191 475 311 47 0 0 
0 0 12 44 19 10 15 924 0 0 66 11 8 15 9 915 0 0 59 19 7 15 9 915 
0 6 199 434 190 21 17 157 0 2 105 391 300 50 15 161 0 1 71 340 364 72 16 160 
0 154 296 311 215 9 10 29 0 147 230 297 284 27 12 27 0 134 177 313 297 64 13 26 
0 19 257 597 150 1 0 0 0 12 144 566 289 13 0 0 0 7 98 475 404 40 0 0 
0 0 3 169 59 9 12 772 0 0 2 188 44 13 11 766 0 0 0 138 95 14 11 766 
0 8 89 244 68 9 20 586 0 10 83 253 63 11 21 583 0 5 64 250 88 13 21 583 
0 174 200 243 362 45 0 0 0 167 192 191 387 87 0 0 0 141 200 179 376 128 0 0 
0 116 117 362 320 34 13 62 0 147 74 235 449 48 18 53 0 146 69 149 481 108 22 49 
0 0 134 682 198 6 1 3 0 0 57 594 353 16 1 3 0 0 30 466 490 34 1 3 
0 0 0 0 3 3 6 1012 0 0 0 0 3 3 6 1012 0 0 0 0 3 3 6 1012 
0 0 17 142 185 8 22 650 0 0 9 145 197 10 18 645 0 0 2 99 237 23 18 645 
0 0 281 629 114 0 0 0 0 2 147 633 237 5 0 0 0 5 96 576 336 11 0 0 
0 42 162 176 105 25 26 488 0 65 136 231 65 21 19 487 0 65 136 174 120 27 15 487 
0 0 303 718 3 0 0 0 0 0 98 880 46 0 0 0 0 0 39 855 130 0 0 0 
0 0 13 158 4 10 17 822 0 0 3 147 23 6 14 831 0 0 0 141 33 7 13 830 
0 0 0 4 2 3 12 1003 0 0 0 4 2 3 11 1004 0 0 0 4 2 3 12 1003 
0 0 81 388 181 36 13 325 0 0 54 400 225 15 14 316 0 0 35 335 307 18 13 316 
0 19 243 456 70 9 17 210 0 15 198 429 143 11 10 218 0 17 176 380 211 13 13 214 
0 18 185 318 87 16 14 386 0 12 201 355 55 11 12 378 0 10 178 365 70 11 12 378 
0 17 379 531 42 34 13 8 0 22 286 579 82 27 16 12 0 20 272 578 100 33 12 9 
0 27 341 154 34 29 30 409 0 52 273 219 27 25 27 401 0 59 258 228 29 24 28 398 
0 7 394 187 36 12 14 374 0 1 300 314 14 10 13 372 0 1 298 316 14 11 16 368 
0 2 39 251 277 81 239 135 0 0 76 266 234 87 361 0 0 1 55 287 255 63 363 0 
0 34 141 634 53 10 103 49 0 18 139 601 100 9 157 0 0 29 135 572 125 10 153 0 
0 5 725 294 0 0 0 0 0 2 445 577 0 0 0 0 0 2 425 597 0 0 0 0 
0 8 448 558 10 0 0 0 0 3 288 675 58 0 0 0 0 1 185 666 172 0 0 0 
0 95 273 460 131 18 23 24 0 52 250 416 244 17 39 6 0 35 210 369 345 21 43 1 
0 50 408 455 111 0 0 0 0 50 281 446 242 5 0 0 0 36 178 435 362 13 0 0 
0 0 187 372 50 15 10 390 0 0 126 477 22 10 49 340 0 0 44 485 95 10 223 167 
0 2 73 395 282 18 40 214 0 0 39 221 469 35 16 244 0 0 27 136 509 92 145 115 
0 290 271 338 124 1 0 0 0 232 262 326 192 12 0 0 0 155 298 222 319 30 0 0 
0 6 274 681 63 0 0 0 0 0 95 732 190 7 0 0 0 0 29 639 331 25 0 0 
0 0 0 45 35 9 6 929 0 0 29 51 8 6 23 907 0 0 8 59 20 7 24 906 
0 0 153 671 109 12 13 66 0 0 25 525 376 14 15 69 0 0 5 365 538 32 15 69 
0 264 368 180 140 11 15 46 0 226 375 174 169 23 13 44 0 183 372 195 168 49 13 44 
0 2 247 605 170 0 0 0 0 0 76 583 347 18 0 0 0 0 25 481 458 60 0 0 
0 0 24 238 26 12 16 708 0 0 9 245 34 26 5 705 0 0 4 194 90 24 7 705 
0 2 91 227 97 26 5 576 0 1 71 227 123 22 4 576 0 0 49 227 140 28 4 576 
0 5 397 371 244 7 0 0 0 2 333 350 312 27 0 0 0 0 289 324 354 57 0 0 
0 3 192 423 150 25 2 229 0 5 205 325 248 10 2 229 0 0 172 276 324 21 2 229 
0 3 304 577 127 12 1 0 0 7 195 536 264 21 1 0 0 1 142 484 363 33 1 0 
0 12 111 235 90 27 19 530 0 15 117 209 103 31 20 529 0 10 89 226 113 36 21 529 
0 4 105 431 155 11 9 309 0 4 90 389 213 11 13 304 0 3 74 349 261 20 12 305 
0 21 257 618 126 2 0 0 0 10 162 586 259 7 0 0 0 6 125 533 338 22 0 0 
0 14 340 388 87 19 27 149 0 10 253 437 124 28 25 147 0 3 193 468 158 30 24 148 
0 22 304 559 139 0 0 0 0 10 168 596 245 5 0 0 0 3 118 595 296 12 0 0 
0 106 226 421 188 7 19 57 0 121 167 398 244 22 16 56 0 117 149 379 277 30 16 56 
0 91 389 486 39 7 5 7 0 140 344 433 89 7 4 7 0 119 329 439 119 6 5 7 
0 6 300 571 147 0 0 0 0 11 186 535 287 5 0 0 0 6 168 508 337 5 0 0 
0 5 278 634 106 1 0 0 0 6 127 683 207 1 0 0 0 4 96 663 258 3 0 0 
0 2 616 396 10 0 0 0 0 0 294 694 36 0 0 0 0 0 200 773 51 0 0 0 
0 3 569 448 4 0 0 0 0 0 319 669 36 0 0 0 0 0 245 729 50 0 0 0 
0 183 486 62 9 8 16 260 0 186 420 126 9 6 13 264 0 218 373 145 5 9 21 253 
0 165 176 83 44 21 29 506 0 208 190 65 19 17 30 495 0 213 193 60 18 19 55 466 
9 90 172 550 122 77 4 0 0 105 106 205 498 103 7 0 4 107 102 200 295 314 2 0 
0 5 202 817 0 0 0 0 0 11 159 681 166 7 0 0 0 7 158 669 74 116 0 0 
0 46 457 521 0 0 0 0 0 46 154 824 0 0 0 0 0 21 203 797 3 0 0 0 
0 12 432 571 9 0 0 0 0 0 180 802 42 0 0 0 0 0 79 794 151 0 0 0 
0 80 441 490 13 0 0 0 0 14 352 538 120 0 0 0 0 1 274 444 305 0 0 0 
0 73 374 486 81 6 3 1 0 46 277 492 199 4 5 1 0 15 226 431 332 14 4 2 
0 19 207 410 72 20 18 278 0 11 162 476 76 17 167 115 0 6 93 465 158 20 280 2 
0 21 219 490 132 12 54 96 0 8 109 428 302 23 53 101 0 0 77 317 424 54 143 9 
0 63 489 317 154 1 0 0 0 11 407 349 239 18 0 0 0 1 326 348 303 46 0 0 
0 74 345 495 110 0 0 0 0 57 190 514 254 9 0 0 0 36 130 491 334 33 0 0 
0 125 111 267 133 19 20 349 0 122 106 231 174 25 21 345 0 97 101 182 228 49 24 343 
0 32 217 512 237 4 3 19 0 26 115 373 454 34 0 22 0 15 92 306 506 83 1 21 
0 37 387 409 152 13 8 18 0 31 289 397 245 39 5 18 0 16 236 397 268 84 5 18 
0 80 199 440 286 19 0 0 0 63 123 349 386 103 0 0 0 29 129 282 426 158 0 0 
0 382 158 318 83 14 9 60 0 394 123 269 159 13 8 58 0 336 154 215 206 47 8 58 
0 26 271 461 161 10 13 82 0 46 177 442 245 21 16 77 0 33 135 426 292 45 16 77 
0 30 548 349 94 3 0 0 0 15 439 408 151 11 0 0 0 13 339 457 197 18 0 0 
0 19 231 355 285 132 2 0 0 5 190 367 271 185 6 0 0 0 118 401 287 209 9 0 
0 274 95 123 331 198 3 0 0 255 112 93 286 270 8 0 0 207 148 67 247 338 17 0 
0 357 152 79 49 16 6 365 0 408 109 61 58 20 8 360 0 385 128 59 60 24 8 360 
0 12 75 314 123 16 7 477 0 32 54 319 126 13 9 471 0 27 44 257 197 20 9 470 
0 2 286 635 86 15 0 0 0 0 96 753 148 27 0 0 0 0 34 690 267 33 0 0 
0 5 621 389 9 0 0 0 0 0 289 692 42 1 0 0 0 0 117 825 81 1 0 0 
0 18 720 281 5 0 0 0 0 8 453 506 57 0 0 0 0 3 324 597 100 0 0 0 
0 148 307 38 11 10 16 494 0 141 311 36 16 11 14 495 0 140 313 29 22 12 14 494 
0 0 12 18 10 9 8 967 0 0 25 12 10 5 12 960 0 0 28 10 11 3 13 959 
0 0 61 281 135 21 12 514 0 0 93 300 102 11 19 499 0 0 66 282 146 12 18 500 
0 19 331 621 53 0 0 0 0 7 237 649 131 0 0 0 0 1 205 629 188 1 0 0 
0 43 565 402 14 0 0 0 0 28 366 565 64 1 0 0 0 25 304 611 83 1 0 0 
0 46 614 264 39 9 32 20 0 24 489 402 45 15 17 32 0 28 466 419 51 11 19 30 
0 0 23 37 41 9 56 858 0 0 24 64 9 11 8 908 0 0 39 52 10 9 22 892 
0 0 0 20 66 23 48 867 0 0 9 74 21 18 26 876 0 0 24 63 21 18 154 744 
11 112 615 286 0 0 0 0 0 72 104 156 692 0 0 0 0 60 101 134 708 21 0 0 
0 15 176 833 0 0 0 0 0 1 56 708 259 0 0 0 0 1 41 709 231 42 0 0 
0 4 404 604 12 0 0 0 0 1 167 809 47 0 0 0 0 0 190 746 87 1 0 0 
0 226 324 427 47 0 0 0 0 199 196 496 133 0 0 0 0 177 140 448 259 0 0 0 
0 120 524 360 16 2 2 0 0 36 405 491 88 1 3 0 0 11 316 505 187 2 3 0 
0 169 416 427 12 0 0 0 0 73 294 567 89 1 0 0 0 33 261 502 225 3 0 0 
0 493 108 222 62 4 38 97 0 526 95 117 149 12 125 0 0 462 155 59 204 19 125 0 
0 11 348 565 52 7 38 3 0 0 96 692 186 7 39 4 0 0 49 562 356 20 37 0 
0 0 169 672 183 0 0 0 0 0 39 509 457 19 0 0 0 0 6 339 612 67 0 0 
0 593 259 143 24 2 0 3 0 396 415 127 80 3 2 1 0 302 491 95 123 10 2 1 
0 163 91 31 30 12 25 672 0 239 44 9 32 16 39 645 0 200 82 9 28 21 184 500 
0 10 264 478 128 11 23 110 0 2 129 413 326 18 11 125 0 1 79 354 413 42 40 95 
13 129 311 491 79 1 0 0 0 22 229 538 228 7 0 0 0 42 169 461 336 16 0 0 
95 421 217 201 90 0 0 0 0 94 524 227 170 9 0 0 2 217 446 140 196 23 0 0 
1 206 146 37 16 16 21 581 0 103 254 39 13 17 22 576 0 92 280 27 12 17 24 572 
0 28 156 104 68 25 28 615 0 15 133 118 87 31 31 609 0 18 113 122 98 34 32 607 
2 120 441 380 76 5 0 0 0 52 367 418 180 7 0 0 0 65 298 404 244 13 0 0 
4 128 358 365 126 43 0 0 0 51 302 409 196 66 0 0 0 80 239 388 233 81 3 0 
16 590 325 44 34 15 0 0 0 161 724 75 42 22 0 0 0 379 520 56 39 29 1 0 
0 216 94 105 68 54 69 418 0 99 228 102 65 49 71 410 0 196 155 93 55 52 79 394 
0 0 37 108 19 15 31 814 0 2 67 88 13 16 31 807 0 1 59 94 16 17 31 806 
0 35 336 417 231 5 0 0 0 33 226 455 291 19 0 0 0 24 153 473 341 33 0 0 
0 39 204 549 232 0 0 0 0 30 144 434 411 5 0 0 0 20 134 389 464 17 0 0 
0 17 433 517 57 0 0 0 0 12 301 560 151 0 0 0 0 9 234 567 213 1 0 0 
0 0 45 58 12 11 13 885 0 0 23 76 10 11 13 891 0 0 26 73 13 9 12 891 
0 0 0 0 0 0 0 1024 0 0 0 0 0 0 0 1024 0 0 0 0 0 0 0 1024 
0 0 31 198 109 14 9 663 0 0 33 290 28 10 13 650 0 0 16 274 62 9 13 650 
0 0 518 502 4 0 0 0 0 0 287 719 18 0 0 0 0 0 189 809 26 0 0 0 
0 0 551 459 14 0 0 0 0 0 274 693 57 0 0 0 0 0 214 733 77 0 0 0 
0 4 670 348 2 0 0 0 0 0 386 597 41 0 0 0 0 0 315 655 54 0 0 0 
0 5 119 38 23 19 73 747 0 0 55 115 14 15 26 799 0 0 83 90 14 15 222 600 
0 57 114 121 87 35 102 508 0 46 205 119 34 34 109 477 0 59 158 155 33 41 352 226 
3 86 660 275 0 0 0 0 0 48 93 259 624 0 0 0 0 36 86 219 683 0 0 0 
0 2 127 895 0 0 0 0 0 0 32 797 195 0 0 0 0 0 32 779 213 0 0 0 
0 96 658 269 1 0 0 0 0 55 553 405 11 0 0 0 0 36 594 370 24 0 0 0 
0 568 324 126 5 1 0 0 0 407 439 154 23 1 0 0 0 276 538 151 58 1 0 0 
0 83 531 397 13 0 0 0 0 41 312 575 96 0 0 0 0 10 193 619 202 0 0 0 
0 361 599 64 0 0 0 0 0 141 727 150 6 0 0 0 0 60 731 212 21 0 0 0 
0 201 309 83 45 69 142 175 0 123 414 55 50 77 304 1 0 50 483 56 56 77 302 0 
11 153 405 359 62 4 26 4 0 42 314 469 158 11 30 0 0 49 262 425 232 28 28 0 
141 234 306 297 46 0 0 0 0 114 353 417 133 7 0 0 20 193 226 368 198 19 0 0 
121 249 612 19 9 3 11 0 0 55 764 182 9 11 3 0 2 154 631 211 12 11 3 0 
331 315 41 45 39 47 55 151 0 260 389 66 50 53 74 132 17 528 134 42 42 54 127 80 
201 339 247 172 49 4 8 4 0 120 494 278 110 9 7 6 2 326 333 208 131 11 8 5 
383 401 128 98 14 0 0 0 0 303 518 147 55 1 0 0 58 583 189 132 60 2 0 0 
669 354 1 0 0 0 0 0 10 780 234 0 0 0 0 0 225 782 17 0 0 0 0 0 
279 375 90 48 23 24 29 156 0 314 401 77 22 29 28 153 48 545 155 46 25 27 31 147 
42 324 280 102 57 63 59 97 2 219 393 126 68 63 61 92 6 302 330 110 65 63 59 89 
91 474 353 92 14 0 0 0 1 321 457 207 36 2 0 0 10 418 337 212 45 2 0 0 
309 631 70 13 1 0 0 0 2 526 441 48 7 0 0 0 98 776 101 42 7 0 0 0 
434 588 2 0 0 0 0 0 18 835 171 0 0 0 0 0 270 746 8 0 0 0 0 0 
87 716 113 42 32 21 13 0 0 527 375 51 33 23 15 0 40 733 143 43 34 18 13 0 
1 363 286 155 58 51 55 55 0 208 430 168 59 49 51 59 0 288 364 152 64 49 55 52 
0 33 531 351 109 0 0 0 0 2 369 478 169 6 0 0 0 2 266 533 217 6 0 0 
0 10 461 504 49 0 0 0 0 0 210 631 183 0 0 0 0 0 131 625 268 0 0 0 
0 4 569 447 4 0 0 0 0 0 282 725 17 0 0 0 0 0 186 804 34 0 0 0 
0 0 64 131 15 16 155 643 0 0 25 162 17 18 182 620 0 0 20 167 18 20 204 595 
0 0 0 0 4 19 211 790 0 0 0 0 8 29 245 742 0 0 0 0 8 30 264 722 
0 0 56 173 83 11 36 665 0 0 62 232 27 13 51 639 0 0 22 250 49 13 59 631 
0 7 876 141 0 0 0 0 0 0 519 505 0 0 0 0 0 0 382 642 0 0 0 0 
7 379 561 77 0 0 0 0 0 57 656 308 3 0 0 0 0 241 447 332 4 0 0 0 
2 425 501 92 4 0 0 0 0 224 637 157 6 0 0 0 0 192 361 229 112 130 0 0 
0 61 567 206 162 14 10 4 0 113 566 210 112 10 10 3 0 2 287 496 204 22 13 0 
19 447 446 63 47 2 0 0 0 623 325 41 35 0 0 0 4 422 450 129 19 0 0 0 
251 410 266 95 2 0 0 0 106 515 80 147 176 0 0 0 214 404 85 125 196 0 0 0 
2 127 366 529 0 0 0 0 0 119 209 649 47 0 0 0 1 113 194 661 55 0 0 0 
4 237 769 14 0 0 0 0 0 116 842 66 0 0 0 0 0 78 907 39 0 0 0 0 
0 85 793 142 4 0 0 0 0 21 657 324 22 0 0 0 0 10 527 434 53 0 0 0 
0 28 741 254 1 0 0 0 0 0 325 681 18 0 0 0 0 0 126 824 74 0 0 0 
48 457 510 9 0 0 0 0 0 303 621 100 0 0 0 0 8 225 636 154 1 0 0 0 
409 306 247 24 20 17 1 0 4 502 424 39 28 26 1 0 114 497 301 60 27 24 1 0 
656 325 35 8 0 0 0 0 11 693 291 26 3 0 0 0 185 728 86 22 3 0 0 0 
877 147 0 0 0 0 0 0 36 822 164 2 0 0 0 0 426 578 19 1 0 0 0 0 
778 246 0 0 0 0 0 0 1 562 454 7 0 0 0 0 163 826 35 0 0 0 0 0 
771 208 43 2 0 0 0 0 25 770 227 2 0 0 0 0 202 774 45 3 0 0 0 0 
847 177 0 0 0 0 0 0 46 711 267 0 0 0 0 0 252 756 16 0 0 0 0 0 
851 173 0 0 0 0 0 0 31 744 248 1 0 0 0 0 343 676 5 0 0 0 0 0 
895 129 0 0 0 0 0 0 13 923 88 0 0 0 0 0 410 614 0 0 0 0 0 0 
720 209 39 46 10 0 0 0 42 774 129 55 24 0 0 0 341 578 35 48 22 0 0 0 
488 382 134 18 2 0 0 0 43 682 254 43 2 0 0 0 220 622 175 6 1 0 0 0 
160 295 160 172 163 74 0 0 7 419 229 96 146 124 3 0 89 419 158 119 149 87 3 0 
344 240 59 179 116 85 1 0 92 534 117 68 99 114 0 0 382 310 63 73 130 66 0 0 
631 291 57 44 1 0 0 0 265 743 14 1 1 0 0 0 593 306 122 1 2 0 0 0 
402 504 30 15 11 9 14 39 44 791 98 16 13 7 18 37 301 603 33 17 9 11 18 32 
81 538 166 37 25 26 37 114 0 477 320 32 24 25 37 109 40 597 165 30 25 22 49 96 
37 517 353 81 35 1 0 0 2 405 391 179 28 19 0 0 31 452 288 211 39 3 0 0 
0 60 851 112 1 0 0 0 0 10 631 380 3 0 0 0 0 2 467 548 7 0 0 0 
0 16 742 266 0 0 0 0 0 0 500 523 1 0 0 0 0 0 339 681 4 0 0 0 
0 1 163 125 31 22 93 589 0 0 84 215 19 30 71 605 0 0 61 241 16 35 97 574 
0 62 102 56 32 4 28 740 0 20 19 180 37 0 30 738 0 12 13 42 182 7 35 733 
0 135 105 153 79 25 21 506 0 146 96 195 52 14 24 497 0 125 82 183 100 11 62 461 
0 88 765 170 1 0 0 0 0 47 643 320 14 0 0 0 0 60 511 446 7 0 0 0 
8 598 153 135 112 18 0 0 0 255 480 149 106 34 0 0 0 424 232 206 135 27 0 0 
5 351 508 97 57 6 0 0 0 365 480 101 55 23 0 0 0 25 377 195 182 245 0 0 
2 181 658 140 43 0 0 0 1 277 534 141 71 0 0 0 0 104 303 438 168 11 0 0 
39 602 299 75 9 0 0 0 52 631 234 86 21 0 0 0 22 367 490 122 23 0 0 0 
191 401 186 26 55 35 130 0 180 374 220 26 52 36 136 0 167 329 226 84 61 54 103 0 
1 89 450 460 7 7 10 0 5 88 124 782 7 3 15 0 5 81 172 742 7 7 10 0 
115 223 568 39 7 8 61 3 35 284 611 15 11 3 64 1 62 269 605 11 9 7 61 0 
22 376 518 67 6 9 26 0 11 229 595 146 6 5 31 1 18 165 570 226 9 6 30 0 
3 332 652 36 1 0 0 0 0 117 746 159 1 1 0 0 0 57 594 360 12 1 0 0 
115 507 343 38 21 0 0 0 47 494 437 40 6 0 0 0 48 192 416 253 91 24 0 0 
374 223 214 137 66 10 0 0 69 617 210 88 40 0 0 0 244 265 39 154 204 81 37 0 
413 186 70 199 138 18 0 0 63 516 172 162 108 3 0 0 182 383 76 138 73 91 81 0 
780 122 44 34 44 0 0 0 344 516 88 31 45 0 0 0 612 270 60 30 47 5 0 0 
695 298 14 17 0 0 0 0 334 602 71 17 0 0 0 0 553 359 96 16 0 0 0 0 
553 249 122 91 9 0 0 0 366 405 131 107 15 0 0 0 491 294 139 93 7 0 0 0 
754 262 8 0 0 0 0 0 530 447 47 0 0 0 0 0 633 327 64 0 0 0 0 0 
531 374 35 69 15 0 0 0 244 586 106 69 17 2 0 0 370 413 150 71 18 2 0 0 
494 113 59 65 208 84 1 0 237 357 58 51 169 149 3 0 416 180 47 55 157 164 5 0 
350 374 187 91 22 0 0 0 159 477 252 96 40 0 0 0 293 280 297 123 31 0 0 0 
471 298 184 61 9 1 0 0 261 570 169 16 8 0 0 0 319 450 239 14 2 0 0 0 
540 413 68 2 1 0 0 0 389 533 98 2 2 0 0 0 492 305 223 3 1 0 0 0 
540 440 26 7 11 0 0 0 221 612 119 61 11 0 0 0 320 488 49 132 35 0 0 0 
463 392 145 24 0 0 0 0 136 476 366 42 4 0 0 0 148 282 366 221 7 0 0 0 
554 411 59 0 0 0 0 0 249 605 166 4 0 0 0 0 368 448 121 87 0 0 0 0 
320 586 69 31 18 0 0 0 93 801 79 28 23 0 0 0 389 515 70 29 21 0 0 0 
172 721 55 43 32 1 0 0 81 761 103 46 29 4 0 0 241 602 104 44 33 0 0 0 
0 337 680 7 0 0 0 0 0 160 774 90 0 0 0 0 0 144 705 175 0 0 0 0 
0 145 807 72 0 0 0 0 0 55 773 196 0 0 0 0 0 19 716 289 0 0 0 0 
0 80 537 131 77 7 44 148 0 47 495 201 83 8 42 148 0 38 441 253 93 9 131 59 
175 408 165 150 118 8 0 0 0 199 149 503 120 53 0 0 0 151 128 228 465 52 0 0 
17 940 67 0 0 0 0 0 0 912 82 8 18 4 0 0 0 910 78 14 5 17 0 0 
23 473 392 131 5 0 0 0 0 366 455 165 22 16 0 0 0 213 579 194 17 21 0 0 
12 568 244 183 17 0 0 0 0 569 285 165 5 0 0 0 14 477 369 156 8 0 0 0 
354 496 167 7 0 0 0 0 65 626 272 61 0 0 0 0 246 546 217 15 0 0 0 0 
399 227 249 138 9 2 0 0 116 459 196 210 40 3 0 0 313 300 209 184 16 2 0 0 
336 434 174 59 21 0 0 0 119 640 179 72 14 0 0 0 303 477 168 71 5 0 0 0 
584 306 20 6 13 95 0 0 739 160 12 7 14 92 0 0 835 68 8 9 17 87 0 0 
0 51 504 460 3 6 0 0 6 50 319 639 4 6 0 0 11 45 329 629 4 6 0 0 
285 155 425 101 3 25 30 0 342 97 405 124 10 25 21 0 349 98 426 96 10 43 2 0 
39 291 146 37 38 426 47 0 80 132 241 54 31 438 48 0 81 102 268 58 33 473 9 0 
2 450 548 21 2 1 0 0 0 267 651 102 1 2 1 0 0 186 555 279 1 3 0 0 
458 439 123 4 0 0 0 0 710 171 133 10 0 0 0 0 18 113 442 437 14 0 0 0 
612 351 34 27 0 0 0 0 882 109 17 16 0 0 0 0 25 75 332 576 16 0 0 0 
247 205 274 282 14 1 1 0 370 263 190 187 12 2 0 0 31 50 334 404 114 91 0 0 
36 244 388 238 103 14 1 0 71 390 282 175 97 8 1 0 5 154 124 217 233 289 2 0 
300 458 165 72 20 8 1 0 341 446 153 60 16 8 0 0 321 492 92 68 32 19 0 0 
214 516 175 106 13 0 0 0 51 499 332 122 20 0 0 0 95 700 112 102 15 0 0 0 
563 407 44 10 0 0 0 0 352 437 223 12 0 0 0 0 334 605 66 19 0 0 0 0 
124 490 187 184 31 8 0 0 77 330 390 179 40 8 0 0 78 496 227 167 45 11 0 0 
26 208 61 186 364 166 13 0 31 96 160 150 309 246 32 0 9 203 77 136 291 272 36 0 
16 553 247 162 41 5 0 0 5 230 539 166 74 10 0 0 0 361 334 256 62 11 0 0 
169 738 107 4 6 0 0 0 48 566 392 9 8 1 0 0 17 588 261 149 6 3 0 0 
262 669 86 7 0 0 0 0 154 504 356 10 0 0 0 0 78 445 413 88 0 0 0 0 
262 740 22 0 0 0 0 0 82 679 245 18 0 0 0 0 63 824 134 3 0 0 0 0 
140 750 98 35 1 0 0 0 136 526 300 59 3 0 0 0 22 763 190 46 3 0 0 0 
132 766 104 22 0 0 0 0 49 751 193 25 6 0 0 0 39 797 158 27 3 0 0 0 
33 674 188 74 55 0 0 0 50 566 265 81 62 0 0 0 85 600 199 80 60 0 0 0 
4 669 247 80 24 0 0 0 2 659 260 79 22 2 0 0 1 658 263 78 23 1 0 0 
0 362 239 292 62 31 38 0 6 409 248 253 53 24 31 0 4 208 409 250 105 45 3 0 
0 132 411 321 157 3 0 0 6 209 386 327 95 1 0 0 0 28 243 607 140 6 0 0 
0 188 537 204 50 37 8 0 0 206 503 204 68 35 8 0 0 66 542 302 73 34 7 0 
194 619 119 17 6 36 33 0 2 413 338 196 9 32 34 0 2 351 167 241 193 50 20 0 
63 750 150 11 6 15 29 0 38 560 315 54 11 27 19 0 41 604 150 170 8 36 15 0 
6 534 201 232 51 0 0 0 0 397 287 221 109 10 0 0 4 491 131 187 195 16 0 0 
23 475 321 126 37 22 20 0 9 487 290 163 37 24 14 0 35 411 289 178 79 29 3 0 
954 70 0 0 0 0 0 0 793 231 0 0 0 0 0 0 981 43 0 0 0 0 0 0 
954 68 2 0 0 0 0 0 866 149 9 0 0 0 0 0 926 92 6 0 0 0 0 0 
446 365 198 15 0 0 0 0 443 333 198 50 0 0 0 0 483 322 183 36 0 0 0 0 
635 143 17 19 46 164 0 0 700 82 13 16 46 164 3 0 724 60 13 19 55 153 0 0 
10 86 590 338 0 0 0 0 0 78 531 415 0 0 0 0 0 62 568 394 0 0 0 0 
193 154 361 53 14 221 28 0 189 145 382 50 9 195 54 0 226 111 392 39 40 209 7 0 
95 109 39 24 109 628 20 0 141 89 22 15 30 696 31 0 165 68 19 17 80 669 6 0 
102 73 522 213 48 40 25 1 152 41 323 393 45 54 16 0 154 41 64 648 44 72 1 0 
202 252 352 140 78 0 0 0 226 211 354 137 96 0 0 0 150 208 401 169 96 0 0 0 
205 467 281 46 25 0 0 0 402 270 262 61 29 0 0 0 42 186 650 117 29 0 0 0 
510 387 108 12 5 2 0 0 586 318 101 15 4 0 0 0 422 353 202 41 4 2 0 0 
408 268 293 50 3 2 0 0 439 240 282 56 5 2 0 0 385 269 311 51 7 1 0 0 
186 213 264 295 66 0 0 0 207 172 284 289 72 0 0 0 202 172 282 295 73 0 0 0 
32 143 326 430 87 6 0 0 0 69 383 460 88 24 0 0 0 141 316 455 86 26 0 0 
116 241 155 276 226 10 0 0 69 138 284 278 229 26 0 0 98 165 223 267 243 28 0 0 
87 296 183 273 185 0 0 0 0 66 458 287 195 18 0 0 0 267 241 288 209 19 0 0 
65 352 131 377 99 0 0 0 0 104 391 309 220 0 0 0 0 276 218 288 242 0 0 0 
5 389 158 292 180 0 0 0 0 99 374 319 232 0 0 0 0 220 259 315 230 0 0 0 
15 404 181 327 97 0 0 0 0 69 442 350 163 0 0 0 0 177 335 345 167 0 0 0 
1 244 367 376 36 0 0 0 0 56 454 430 84 0 0 0 0 90 423 434 77 0 0 0 
0 66 497 427 34 0 0 0 0 20 377 561 66 0 0 0 0 10 392 572 50 0 0 0 
0 55 374 414 147 30 4 0 0 38 331 467 143 40 5 0 0 21 337 475 145 39 7 0 
0 38 150 418 406 12 0 0 0 39 131 453 384 17 0 0 0 27 137 450 391 19 0 0 
0 14 89 413 492 16 0 0 0 25 73 414 496 16 0 0 0 23 75 412 498 16 0 0 
0 3 192 735 94 0 0 0 0 4 145 771 103 1 0 0 0 4 138 765 116 1 0 0 
4 341 347 266 66 0 0 0 3 384 296 269 72 0 0 0 4 195 440 312 73 0 0 0 
9 616 370 21 8 0 0 0 39 632 322 23 8 0 0 0 7 353 510 133 21 0 0 0 
3 282 187 18 37 199 288 10 8 284 176 21 31 212 291 1 0 188 249 51 38 252 246 0 
2 31 606 194 97 42 46 6 0 47 589 227 86 37 38 0 2 49 353 447 95 43 35 0 
0 123 431 390 76 4 0 0 0 119 430 389 86 0 0 0 7 109 429 406 73 0 0 0 
1 118 310 363 232 0 0 0 0 100 307 376 241 0 0 0 0 106 253 436 229 0 0 0 
0 72 448 148 356 0 0 0 0 53 453 144 374 0 0 0 0 21 452 187 364 0 0 0 
60 253 212 219 280 0 0 0 46 195 232 235 316 0 0 0 47 128 285 185 379 0 0 0 
23 419 204 288 90 0 0 0 6 338 248 342 90 0 0 0 9 307 289 360 59 0 0 0 
0 193 293 533 5 0 0 0 0 146 272 605 1 0 0 0 0 145 299 579 1 0 0 0 
0 0 20 89 888 27 0 0 0 0 0 90 893 41 0 0 0 0 11 110 889 14 0 0 
5 57 675 287 0 0 0 0 3 28 575 418 0 0 0 0 2 28 625 369 0 0 0 0 
81 140 317 60 61 213 147 5 90 172 319 23 53 219 148 0 94 168 322 20 139 144 137 0 
18 30 34 25 435 245 237 0 26 38 26 23 351 314 246 0 33 31 30 29 480 196 225 0 
132 54 317 443 78 0 0 0 147 36 193 554 92 2 0 0 155 33 51 671 114 0 0 0 
0 99 813 112 0 0 0 0 0 168 712 141 3 0 0 0 0 16 484 507 16 1 0 0 
0 203 774 47 0 0 0 0 0 371 635 18 0 0 0 0 0 26 359 637 2 0 0 0 
0 203 498 323 0 0 0 0 0 258 496 270 0 0 0 0 0 114 356 516 38 0 0 0 
0 2 404 585 33 0 0 0 0 24 434 539 27 0 0 0 0 0 235 670 119 0 0 0 
0 0 324 635 65 0 0 0 0 0 273 683 68 0 0 0 0 0 258 683 83 0 0 0 
0 0 1 660 363 0 0 0 0 0 1 666 357 0 0 0 0 0 1 668 355 0 0 0 
0 0 108 788 128 0 0 0 0 0 71 811 142 0 0 0 0 0 74 809 141 0 0 0 
0 0 59 869 96 0 0 0 0 0 21 882 121 0 0 0 0 0 25 878 121 0 0 0 
0 0 12 736 276 0 0 0 0 0 13 695 316 0 0 0 0 0 13 686 325 0 0 0 
0 0 11 487 523 3 0 0 0 0 9 499 515 1 0 0 0 0 8 494 521 1 0 0 
0 0 27 424 559 14 0 0 0 0 18 446 549 11 0 0 0 0 19 442 550 13 0 0 
0 0 27 416 572 9 0 0 0 0 14 431 572 7 0 0 0 0 12 424 579 9 0 0 
0 0 74 347 601 2 0 0 0 0 63 347 609 5 0 0 0 0 62 333 624 5 0 0 
0 0 24 142 848 10 0 0 0 0 20 163 834 7 0 0 0 0 16 149 851 8 0 0 
0 0 0 42 892 90 0 0 0 0 0 74 874 76 0 0 0 0 0 76 864 84 0 0 
0 0 0 2 857 165 0 0 0 0 0 3 905 116 0 0 0 0 0 3 908 113 0 0 
0 0 5 95 922 2 0 0 0 0 3 119 902 0 0 0 0 0 3 110 910 1 0 0 
0 0 0 424 600 0 0 0 0 0 0 470 554 0 0 0 0 0 0 368 656 0 0 0 
0 0 0 737 287 0 0 0 0 0 1 786 237 0 0 0 0 0 0 614 410 0 0 0 
0 0 6 177 356 452 33 0 0 0 5 189 364 463 3 0 0 0 1 152 410 459 2 0 
0 0 18 77 608 312 9 0 0 0 5 75 682 262 0 0 0 0 0 51 689 284 0 0 
0 0 46 306 664 8 0 0 0 0 38 356 630 0 0 0 0 0 46 350 628 0 0 0 
0 0 527 442 55 0 0 0 0 0 318 654 52 0 0 0 0 0 273 702 49 0 0 0 
0 0 638 386 0 0 0 0 0 0 549 475 0 0 0 0 0 0 490 534 0 0 0 0 
0 13 710 296 5 0 0 0 0 0 707 317 0 0 0 0 0 0 564 457 3 0 0 0 
0 57 519 419 29 0 0 0 0 20 497 485 22 0 0 0 0 18 370 614 22 0 0 0 
0 163 363 498 0 0 0 0 0 149 372 503 0 0 0 0 0 135 426 463 0 0 0 0 
27 51 19 268 659 0 0 0 45 37 10 211 721 0 0 0 51 31 15 319 608 0 0 0 
0 0 298 726 0 0 0 0 0 0 189 835 0 0 0 0 0 0 224 800 0 0 0 0 
651 156 217 0 0 0 0 0 644 118 257 5 0 0 0 0 647 127 248 2 0 0 0 0 
856 66 20 23 59 0 0 0 886 47 12 22 57 0 0 0 888 46 11 23 56 0 0 0 
126 89 27 642 140 0 0 0 183 40 26 683 92 0 0 0 179 44 27 642 132 0 0 0 
0 47 95 832 50 0 0 0 0 23 119 838 44 0 0 0 0 0 19 837 168 0 0 0 
0 51 473 385 94 21 0 0 0 48 438 436 84 18 0 0 0 0 35 775 192 22 0 0 
0 0 131 839 50 4 0 0 0 1 178 778 52 15 0 0 0 0 17 891 97 19 0 0 
0 0 219 805 0 0 0 0 0 0 93 931 0 0 0 0 0 0 13 992 19 0 0 0 
0 0 738 286 0 0 0 0 0 0 536 488 0 0 0 0 0 0 568 456 0 0 0 0 
0 0 221 753 50 0 0 0 0 0 167 813 44 0 0 0 0 0 183 800 41 0 0 0 
0 1 707 295 21 0 0 0 0 0 527 479 18 0 0 0 0 0 585 420 19 0 0 0 
0 3 563 398 60 0 0 0 0 0 502 450 72 0 0 0 0 0 528 425 71 0 0 0 
0 0 286 627 111 0 0 0 0 0 242 646 136 0 0 0 0 0 260 628 136 0 0 0 
0 0 56 418 545 5 0 0 0 0 54 450 515 5 0 0 0 0 55 455 509 5 0 0 
0 0 40 634 343 7 0 0 0 0 38 640 342 4 0 0 0 0 42 642 334 6 0 0 
0 0 332 663 29 0 0 0 0 0 246 738 40 0 0 0 0 0 251 731 42 0 0 0 
0 27 479 517 1 0 0 0 0 17 350 655 2 0 0 0 0 17 376 629 2 0 0 0 
0 18 485 507 14 0 0 0 0 15 371 628 10 0 0 0 0 16 343 651 14 0 0 0 
0 0 186 556 280 2 0 0 0 0 144 603 277 0 0 0 0 0 137 619 268 0 0 0 
0 0 2 200 815 7 0 0 0 0 4 226 791 3 0 0 0 0 1 244 777 2 0 0 
0 0 130 561 333 0 0 0 0 0 101 612 311 0 0 0 0 0 77 630 317 0 0 0 
0 0 56 890 78 0 0 0 0 0 21 924 79 0 0 0 0 0 14 901 109 0 0 0 
0 0 34 893 97 0 0 0 0 0 23 918 83 0 0 0 0 0 8 884 132 0 0 0 
0 0 2 188 256 441 137 0 0 0 2 215 255 541 11 0 0 0 1 206 277 540 0 0 
0 0 0 0 114 888 22 0 0 0 0 0 227 794 3 0 0 0 0 0 244 780 0 0 
0 0 0 72 508 444 0 0 0 0 0 121 622 281 0 0 0 0 1 128 706 189 0 0 
0 0 578 394 49 3 0 0 0 0 439 541 42 2 0 0 0 0 345 635 44 0 0 0 
0 0 926 98 0 0 0 0 0 0 830 194 0 0 0 0 0 0 758 266 0 0 0 0 
0 50 935 39 0 0 0 0 0 24 949 51 0 0 0 0 0 0 849 175 0 0 0 0 
0 34 694 292 4 0 0 0 0 24 702 298 0 0 0 0 0 0 471 547 6 0 0 0 
0 0 249 736 39 0 0 0 0 12 283 697 32 0 0 0 0 6 289 698 31 0 0 0 
678 108 94 144 0 0 0 0 737 56 51 180 0 0 0 0 734 57 86 147 0 0 0 0 
1 8 668 347 0 0 0 0 0 7 569 448 0 0 0 0 0 8 604 412 0 0 0 0 
150 375 345 93 56 5 0 0 151 354 373 83 55 8 0 0 167 360 367 79 50 1 0 0 
589 56 89 281 9 0 0 0 622 31 94 277 0 0 0 0 622 31 91 280 0 0 0 0 
0 0 10 938 76 0 0 0 0 0 14 977 33 0 0 0 0 0 13 953 58 0 0 0 
0 0 158 712 153 1 0 0 0 0 141 772 111 0 0 0 0 0 16 864 143 1 0 0 
0 0 111 687 225 1 0 0 0 0 142 723 159 0 0 0 0 0 19 787 218 0 0 0 
0 0 67 508 440 9 0 0 0 0 43 521 459 1 0 0 0 0 10 519 494 1 0 0 
0 0 418 600 6 0 0 0 0 0 204 809 11 0 0 0 0 0 170 840 14 0 0 0 
0 4 587 431 2 0 0 0 0 0 465 558 1 0 0 0 0 0 476 541 7 0 0 0 
0 0 201 511 151 161 0 0 0 0 152 557 173 142 0 0 0 0 171 540 177 136 0 0 
0 0 426 589 9 0 0 0 0 0 239 772 13 0 0 0 0 0 260 750 14 0 0 0 
0 7 761 254 2 0 0 0 0 0 651 369 4 0 0 0 0 2 674 343 5 0 0 0 
0 28 899 96 1 0 0 0 0 6 847 169 2 0 0 0 0 14 858 150 2 0 0 0 
0 5 332 470 215 2 0 0 0 0 299 504 219 2 0 0 0 2 326 488 206 2 0 0 
0 0 107 644 231 42 0 0 0 0 108 637 239 40 0 0 0 0 101 662 231 30 0 0 
0 0 137 791 96 0 0 0 0 0 117 805 102 0 0 0 0 0 112 810 102 0 0 0 
0 3 50 823 146 2 0 0 0 1 42 834 146 1 0 0 0 1 44 832 146 1 0 0 
0 192 250 462 120 0 0 0 0 108 311 465 140 0 0 0 0 125 296 462 141 0 0 0 
0 47 290 398 288 1 0 0 0 16 316 436 255 1 0 0 0 18 326 455 224 1 0 0 
0 0 0 41 748 235 0 0 0 0 0 68 869 87 0 0 0 0 0 81 893 50 0 0 
0 0 431 485 106 2 0 0 0 0 325 601 97 1 0 0 0 0 280 645 98 1 0 0 
0 0 562 459 3 0 0 0 0 0 393 627 4 0 0 0 0 0 304 714 6 0 0 0 
0 0 464 552 8 0 0 0 0 0 345 667 12 0 0 0 0 0 233 778 13 0 0 0 
0 0 17 166 216 577 48 0 0 0 13 174 254 583 0 0 0 0 9 183 275 557 0 0 
0 0 0 0 229 795 0 0 0 0 0 0 390 634 0 0 0 0 0 0 490 534 0 0 
0 0 7 96 509 412 0 0 0 0 13 135 701 175 0 0 0 0 13 151 770 90 0 0 
0 0 284 670 70 0 0 0 0 0 264 721 39 0 0 0 0 0 252 735 37 0 0 0 
0 0 183 840 1 0 0 0 0 0 119 902 3 0 0 0 0 0 120 902 2 0 0 0 
0 0 380 639 5 0 0 0 0 0 353 666 5 0 0 0 0 0 287 732 5 0 0 0 
0 0 455 471 98 0 0 0 0 0 448 509 67 0 0 0 0 0 380 591 53 0 0 0 
0 0 1 481 542 0 0 0 0 0 18 749 257 0 0 0 0 0 32 850 142 0 0 0 
690 57 210 67 0 0 0 0 714 31 234 45 0 0 0 0 709 35 256 24 0 0 0 0 
61 284 678 1 0 0 0 0 37 156 829 2 0 0 0 0 21 153 849 1 0 0 0 0 
407 387 163 55 10 2 0 0 426 314 231 41 11 1 0 0 445 313 215 44 7 0 0 0 
83 25 703 210 3 0 0 0 93 24 746 161 0 0 0 0 93 22 740 169 0 0 0 0 
0 0 126 863 35 0 0 0 0 0 174 837 13 0 0 0 0 0 132 876 16 0 0 0 
0 0 21 759 244 0 0 0 0 0 43 832 149 0 0 0 0 0 18 833 173 0 0 0 
0 0 54 706 264 0 0 0 0 0 61 766 197 0 0 0 0 0 27 769 228 0 0 0 
0 0 46 123 839 16 0 0 0 0 21 166 835 2 0 0 0 0 5 177 839 3 0 0 
0 0 461 451 112 0 0 0 0 0 336 568 120 0 0 0 0 0 215 686 123 0 0 0 
0 0 513 499 12 0 0 0 0 0 448 569 7 0 0 0 0 0 361 653 10 0 0 0 
0 0 1 188 534 301 0 0 0 0 1 250 605 168 0 0 0 0 1 240 641 142 0 0 
0 0 223 647 147 7 0 0 0 0 63 804 149 8 0 0 0 0 24 841 151 8 0 0 
0 2 766 251 5 0 0 0 0 0 637 380 7 0 0 0 0 0 629 388 7 0 0 0 
0 0 820 200 4 0 0 0 0 0 672 345 7 0 0 0 0 0 713 306 5 0 0 0 
0 0 422 403 177 22 0 0 0 0 369 458 188 9 0 0 0 0 387 439 191 7 0 0 
0 0 407 243 228 146 0 0 0 0 385 254 311 74 0 0 0 1 406 233 330 54 0 0 
0 7 350 653 14 0 0 0 0 1 293 715 15 0 0 0 0 2 302 704 16 0 0 0 
0 15 357 535 115 2 0 0 0 6 351 550 116 1 0 0 0 11 403 491 118 1 0 0 
0 5 470 444 104 1 0 0 0 0 427 487 110 0 0 0 0 0 452 467 105 0 0 0 
0 1 58 198 669 98 0 0 0 1 60 215 714 34 0 0 0 1 64 229 710 20 0 0 
0 0 0 23 581 420 0 0 0 0 0 31 815 178 0 0 0 0 0 34 881 109 0 0 
0 0 157 349 505 13 0 0 0 0 112 418 491 3 0 0 0 0 97 431 493 3 0 0 
0 0 157 632 235 0 0 0 0 0 107 692 224 1 0 0 0 0 85 710 228 1 0 0 
0 0 274 712 38 0 0 0 0 0 186 800 38 0 0 0 0 0 156 831 37 0 0 0 
0 0 4 278 482 258 2 0 0 0 5 321 510 188 0 0 0 0 4 339 547 134 0 0 
0 0 0 0 230 794 0 0 0 0 0 2 571 451 0 0 0 0 0 5 727 292 0 0 
0 0 6 163 529 326 0 0 0 0 18 226 602 178 0 0 0 0 16 258 664 86 0 0 
0 0 572 449 3 0 0 0 0 0 499 522 3 0 0 0 0 0 486 535 3 0 0 0 
0 0 441 581 2 0 0 0 0 0 403 619 2 0 0 0 0 0 406 616 2 0 0 0 
0 0 511 509 4 0 0 0 0 0 507 514 3 0 0 0 0 0 453 567 4 0 0 0 
0 0 84 831 109 0 0 0 0 0 89 872 63 0 0 0 0 0 63 907 54 0 0 0 
0 0 0 310 714 0 0 0 0 0 0 676 348 0 0 0 0 0 0 861 163 0 0 0 
102 488 374 60 0 0 0 0 96 509 402 17 0 0 0 0 108 498 416 2 0 0 0 0 
0 19 1005 0 0 0 0 0 0 14 1010 0 0 0 0 0 0 17 1007 0 0 0 0 0 
0 259 734 29 2 0 0 0 0 278 718 26 2 0 0 0 0 284 712 26 2 0 0 0 
0 85 772 167 0 0 0 0 0 102 776 146 0 0 0 0 0 93 776 155 0 0 0 0 
0 1 227 777 19 0 0 0 0 0 287 731 6 0 0 0 0 0 249 766 9 0 0 0 
0 0 12 775 237 0 0 0 0 0 29 858 137 0 0 0 0 0 19 852 153 0 0 0 
0 0 17 356 647 4 0 0 0 0 28 512 483 1 0 0 0 0 27 477 518 2 0 0 
0 0 1 393 622 8 0 0 0 0 2 465 554 3 0 0 0 0 1 399 619 5 0 0 
0 0 48 561 411 4 0 0 0 0 48 635 337 4 0 0 0 0 31 622 367 4 0 0 
0 2 292 329 382 19 0 0 0 0 274 382 359 9 0 0 0 0 225 426 366 7 0 0 
0 0 14 218 570 222 0 0 0 0 20 279 584 141 0 0 0 0 18 279 613 114 0 0 
0 0 82 830 110 2 0 0 0 0 28 876 118 2 0 0 0 0 9 888 125 2 0 0 
0 0 235 736 52 1 0 0 0 0 232 741 50 1 0 0 0 0 178 794 51 1 0 0 
0 0 239 730 54 1 0 0 0 0 178 782 61 3 0 0 0 0 139 813 68 4 0 0 
0 0 47 250 298 429 0 0 0 0 51 262 471 240 0 0 0 0 43 270 526 185 0 0 
0 0 0 177 600 247 0 0 0 0 1 213 684 126 0 0 0 0 1 221 729 73 0 0 
0 0 18 832 172 2 0 0 0 0 23 828 171 2 0 0 0 0 13 822 187 2 0 0 
0 0 31 719 272 2 0 0 0 0 35 737 252 0 0 0 0 0 29 742 252 1 0 0 
0 0 37 885 101 1 0 0 0 0 32 887 104 1 0 0 0 0 24 883 116 1 0 0 
0 0 3 184 696 141 0 0 0 0 3 237 738 46 0 0 0 0 3 249 737 35 0 0 
0 0 0 70 463 491 0 0 0 0 0 94 671 259 0 0 0 0 0 91 736 197 0 0 
0 0 158 776 90 0 0 0 0 0 116 834 74 0 0 0 0 0 90 853 81 0 0 0 
0 0 74 614 334 2 0 0 0 0 53 674 296 1 0 0 0 0 44 687 292 1 0 0 
0 0 80 614 330 0 0 0 0 0 75 658 291 0 0 0 0 0 60 681 283 0 0 0 
0 0 15 237 627 145 0 0 0 0 14 312 615 83 0 0 0 0 13 332 633 46 0 0 
0 0 0 0 415 609 0 0 0 0 0 6 694 324 0 0 0 0 0 8 849 167 0 0 
0 0 1 94 476 453 0 0 0 0 8 113 679 224 0 0 0 0 5 133 761 125 0 0 
0 0 376 444 198 6 0 0 0 0 312 515 192 5 0 0 0 0 325 516 181 2 0 0 
0 0 151 866 7 0 0 0 0 0 128 893 3 0 0 0 0 0 146 875 3 0 0 0 
0 0 615 409 0 0 0 0 0 0 612 412 0 0 0 0 0 0 626 398 0 0 0 0 
0 0 257 654 113 0 0 0 0 0 285 701 38 0 0 0 0 0 284 719 21 0 0 0 
0 0 0 721 303 0 0 0 0 0 0 970 54 0 0 0 0 0 0 1013 11 0 0 0 
0 151 844 29 0 0 0 0 0 196 809 19 0 0 0 0 0 201 807 16 0 0 0 0 
0 14 1010 0 0 0 0 0 0 11 1013 0 0 0 0 0 0 14 1010 0 0 0 0 0 
0 63 889 72 0 0 0 0 0 105 861 58 0 0 0 0 0 122 848 54 0 0 0 0 
0 80 618 321 5 0 0 0 0 114 639 267 4 0 0 0 0 110 651 259 4 0 0 0 
0 0 153 790 81 0 0 0 0 0 198 774 52 0 0 0 0 0 204 772 48 0 0 0 
0 0 1 818 205 0 0 0 0 0 1 945 78 0 0 0 0 0 1 942 81 0 0 0 
0 0 0 440 582 2 0 0 0 0 1 702 321 0 0 0 0 0 1 692 330 1 0 0 
0 0 33 623 365 3 0 0 0 0 49 680 293 2 0 0 0 0 40 672 309 3 0 0 
0 0 25 631 363 5 0 0 0 0 23 681 316 4 0 0 0 0 19 650 350 5 0 0 
0 0 27 800 193 4 0 0 0 0 53 799 169 3 0 0 0 0 32 807 183 2 0 0 
0 0 50 581 342 51 0 0 0 0 89 625 295 15 0 0 0 0 68 650 299 7 0 0 
0 0 357 321 257 89 0 0 0 0 333 383 282 26 0 0 0 0 268 446 296 14 0 0 
0 2 308 635 79 0 0 0 0 2 345 603 74 0 0 0 0 1 335 604 84 0 0 0 
0 0 315 668 40 1 0 0 0 0 297 673 53 1 0 0 0 0 243 725 55 1 0 0 
0 0 27 262 238 497 0 0 0 0 35 288 387 314 0 0 0 0 29 293 517 185 0 0 
0 0 18 150 226 629 1 0 0 0 30 158 346 490 0 0 0 0 26 167 521 310 0 0 
0 0 351 635 38 0 0 0 0 0 328 664 32 0 0 0 0 0 288 698 38 0 0 0 
0 0 203 612 208 1 0 0 0 0 221 664 139 0 0 0 0 0 209 677 137 1 0 0 
0 0 308 666 50 0 0 0 0 0 273 694 57 0 0 0 0 0 197 763 64 0 0 0 
0 0 127 414 300 183 0 0 0 0 124 425 368 107 0 0 0 0 102 448 411 63 0 0 
0 0 0 97 427 499 1 0 0 0 1 157 477 389 0 0 0 0 0 159 564 301 0 0 
0 0 249 652 117 6 0 0 0 0 178 741 103 2 0 0 0 0 143 776 104 1 0 0 
0 0 310 495 205 14 0 0 0 0 277 543 202 2 0 0 0 0 237 603 183 1 0 0 
0 0 500 429 90 5 0 0 0 0 421 506 91 6 0 0 0 0 396 537 87 4 0 0 
0 0 46 204 325 449 0 0 0 0 35 223 481 285 0 0 0 0 31 256 659 78 0 0 
0 0 0 0 363 661 0 0 0 0 0 0 879 145 0 0 0 0 0 1 1002 21 0 0 
0 0 0 180 629 215 0 0 0 0 1 250 728 45 0 0 0 0 1 309 705 9 0 0 
0 0 19 711 284 10 0 0 0 0 31 753 235 5 0 0 0 0 39 767 214 4 0 0 
0 0 3 719 302 0 0 0 0 0 10 778 236 0 0 0 0 0 18 818 188 0 0 0 
0 0 67 845 112 0 0 0 0 0 110 826 88 0 0 0 0 0 140 822 62 0 0 0 
0 0 155 828 41 0 0 0 0 1 197 803 23 0 0 0 0 3 236 774 11 0 0 0 
0 0 36 668 320 0 0 0 0 0 127 827 70 0 0 0 0 0 151 859 14 0 0 0 
0 6 997 21 0 0 0 0 0 7 1002 15 0 0 0 0 0 12 1004 8 0 0 0 0 
0 8 1016 0 0 0 0 0 0 7 1017 0 0 0 0 0 0 10 1014 0 0 0 0 0 
0 31 903 90 0 0 0 0 0 62 900 62 0 0 0 0 0 66 903 55 0 0 0 0 
0 0 538 480 6 0 0 0 0 0 647 374 3 0 0 0 0 3 673 345 3 0 0 0 
0 0 148 842 34 0 0 0 0 0 262 744 18 0 0 0 0 0 277 730 17 0 0 0 
0 0 55 919 50 0 0 0 0 0 123 879 22 0 0 0 0 0 105 898 21 0 0 0 
0 0 0 700 324 0 0 0 0 0 4 894 126 0 0 0 0 0 2 897 125 0 0 0 
0 0 20 597 405 2 0 0 0 0 29 766 228 1 0 0 0 0 28 768 227 1 0 0 
0 0 55 667 296 6 0 0 0 0 86 714 221 3 0 0 0 0 69 717 235 3 0 0 
0 0 0 409 592 23 0 0 0 0 7 506 498 13 0 0 0 0 2 494 513 15 0 0 
0 0 8 371 631 14 0 0 0 0 13 509 495 7 0 0 0 0 12 520 487 5 0 0 
0 0 47 149 807 21 0 0 0 0 42 253 726 3 0 0 0 0 38 338 647 1 0 0 
0 0 204 245 554 21 0 0 0 0 210 305 502 7 0 0 0 0 209 354 457 4 0 0 
0 0 390 208 394 31 1 0 0 0 341 266 404 13 0 0 0 0 354 273 390 7 0 0 
0 0 49 331 512 132 0 0 0 0 70 385 511 58 0 0 0 0 64 416 520 24 0 0 
0 0 210 423 286 105 0 0 0 0 243 430 302 49 0 0 0 0 220 464 321 19 0 0 
0 0 392 599 33 0 0 0 0 0 384 615 25 0 0 0 0 0 369 632 23 0 0 0 
0 0 288 550 181 5 0 0 0 0 309 562 152 1 0 0 0 0 289 597 137 1 0 0 
0 0 400 556 68 0 0 0 0 0 386 572 66 0 0 0 0 0 367 599 58 0 0 0 
0 0 3 112 681 228 0 0 0 0 4 156 779 85 0 0 0 0 3 187 805 29 0 0 
0 0 0 3 693 327 1 0 0 0 0 29 866 129 0 0 0 0 0 43 930 51 0 0 
0 0 46 615 351 12 0 0 0 0 80 680 256 8 0 0 0 0 78 704 236 6 0 0 
0 0 30 702 289 3 0 0 0 0 50 755 217 2 0 0 0 0 50 778 195 1 0 0 
0 0 150 628 238 8 0 0 0 0 164 667 188 5 0 0 0 0 154 699 166 5 0 0 
0 0 111 387 362 164 0 0 0 0 112 459 387 66 0 0 0 0 120 495 393 16 0 0 
0 0 0 41 636 347 0 0 0 0 0 159 703 162 0 0 0 0 0 217 748 59 0 0 
0 0 33 334 508 149 0 0 0 0 56 426 460 82 0 0 0 0 61 468 478 17 0 0 
0 0 246 757 21 0 0 0 0 0 250 749 25 0 0 0 0 0 268 739 17 0 0 0 
0 1 141 868 14 0 0 0 0 2 204 807 11 0 0 0 0 4 232 783 5 0 0 0 
0 0 230 790 4 0 0 0 0 0 373 648 3 0 0 0 0 0 464 559 1 0 0 0 
0 0 299 711 14 0 0 0 0 0 419 597 8 0 0 0 0 2 476 545 1 0 0 0 
0 0 540 477 7 0 0 0 0 19 651 354 0 0 0 0 0 28 728 268 0 0 0 0 
