0 0 0 0 0 0 0 1024 0 0 0 0 0 0 0 1024 0 0 0 0 636 382 6 0 
0 0 0 0 0 0 0 1024 0 0 0 0 0 0 0 1024 0 0 0 0 540 419 65 0 
0 0 0 0 0 0 0 1024 0 0 0 0 0 0 0 1024 0 0 0 2 386 412 224 0 
0 0 0 0 0 0 0 1024 0 0 0 0 0 0 0 1024 0 0 0 0 318 335 371 0 
0 0 0 0 0 0 0 1024 0 0 0 0 0 0 0 1024 0 0 0 0 207 298 519 0 
0 0 0 0 0 0 0 1024 0 0 0 0 0 0 0 1024 0 0 0 0 111 274 535 104 
0 0 0 0 0 0 0 1024 0 0 0 0 0 0 0 1024 0 0 0 0 18 236 481 289 
0 0 0 0 0 0 0 1024 0 0 0 0 0 0 0 1024 0 0 0 0 0 142 405 477 
0 0 0 0 0 0 0 1024 0 0 0 0 0 0 0 1024 0 0 0 0 0 37 349 638 
0 0 0 0 0 0 0 1024 0 0 0 0 0 0 0 1024 0 0 0 0 0 6 309 709 
0 0 0 0 0 0 0 1024 0 0 0 0 0 0 0 1024 0 0 0 0 0 0 199 825 
0 0 0 0 0 0 0 1024 0 0 0 0 0 0 0 1024 0 0 0 0 0 0 117 907 
0 0 0 0 0 0 0 1024 0 0 0 0 0 0 0 1024 0 0 0 0 0 0 4 1020 
0 0 0 0 0 0 0 1024 0 0 0 0 0 0 0 1024 0 0 0 0 0 0 0 1024 
0 0 0 0 0 0 0 1024 0 0 0 0 0 0 0 1024 0 0 0 0 0 0 0 1024 
0 0 0 0 0 0 0 1024 0 0 0 0 0 0 0 1024 0 0 0 0 0 0 0 1024 
0 0 0 0 0 0 0 1024 0 0 0 0 0 0 0 1024 0 0 0 0 0 0 0 1024 
0 0 0 0 0 0 0 1024 0 0 0 0 0 0 0 1024 0 0 0 0 0 0 0 1024 
0 0 0 0 0 0 0 1024 0 0 0 0 0 0 0 1024 0 0 0 0 0 0 0 1024 
0 0 0 0 0 0 0 1024 0 0 0 0 0 0 0 1024 0 0 0 0 0 0 0 1024 
0 0 0 0 0 0 0 1024 0 0 0 0 0 0 0 1024 0 0 0 0 0 0 0 1024 
0 0 0 0 0 0 0 1024 0 0 0 0 0 0 0 1024 0 0 0 0 0 0 0 1024 
0 0 0 0 0 0 0 1024 0 0 0 0 0 0 0 1024 0 0 0 0 0 0 0 1024 
0 0 0 0 0 0 0 1024 0 0 0 0 0 0 0 1024 0 0 0 0 0 0 0 1024 
0 0 0 0 0 0 0 1024 0 0 0 0 0 0 0 1024 0 0 0 0 0 0 0 1024 
0 0 0 0 0 0 0 1024 0 0 0 0 0 0 0 1024 0 0 0 0 0 0 0 1024 
0 0 0 0 0 0 0 1024 0 0 0 0 0 0 0 1024 0 0 0 0 0 0 0 1024 
0 0 0 0 0 0 0 1024 0 0 0 0 0 0 0 1024 0 0 0 0 0 0 0 1024 
0 0 0 0 0 0 0 1024 0 0 0 0 0 0 0 1024 0 0 0 0 0 0 0 1024 
0 0 0 0 0 0 0 1024 0 0 0 0 0 0 0 1024 0 0 0 0 0 0 0 1024 
0 0 0 0 0 0 0 1024 0 0 0 0 0 0 0 1024 0 0 0 0 0 0 0 1024 
0 0 0 0 0 0 0 1024 0 0 0 0 0 0 0 1024 0 0 0 0 0 0 0 1024 
0 0 0 0 0 0 0 1024 0 0 0 0 0 0 0 1024 0 0 0 0 0 23 98 903 
0 0 0 0 0 0 0 1024 0 0 0 0 0 0 0 1024 0 0 0 0 0 0 447 577 
0 0 0 0 0 0 0 1024 0 0 0 0 0 0 0 1024 0 0 0 0 0 0 442 582 
0 0 0 0 0 0 0 1024 0 0 0 0 0 0 0 1024 0 0 0 0 0 0 113 911 
0 0 0 0 0 0 0 1024 0 0 0 0 0 0 0 1024 0 0 0 0 0 0 16 1008 
0 0 0 0 0 0 0 1024 0 0 0 0 0 0 0 1024 0 0 0 0 0 0 0 1024 
0 0 0 0 0 0 0 1024 0 0 0 0 0 0 0 1024 0 0 0 0 0 0 0 1024 
0 0 0 0 0 0 0 1024 0 0 0 0 0 0 0 1024 0 0 0 0 0 0 0 1024 
0 0 0 0 0 0 0 1024 0 0 0 0 0 0 0 1024 0 0 0 0 0 0 0 1024 
0 0 0 0 0 0 0 1024 0 0 0 0 0 0 0 1024 0 0 0 0 0 0 0 1024 
0 0 0 0 0 0 0 1024 0 0 0 0 0 0 0 1024 0 0 0 0 0 0 0 1024 
0 0 0 0 0 0 0 1024 0 0 0 0 0 0 0 1024 0 0 0 0 0 0 0 1024 
0 0 0 0 0 0 0 1024 0 0 0 0 0 0 0 1024 0 0 0 0 0 0 0 1024 
0 0 0 0 0 0 0 1024 0 0 0 0 0 0 0 1024 0 0 0 0 0 0 0 1024 
0 0 0 0 0 0 0 1024 0 0 0 0 0 0 0 1024 0 0 0 0 0 0 0 1024 
0 0 0 0 0 0 0 1024 0 0 0 0 0 0 0 1024 0 0 0 0 0 0 0 1024 
0 0 0 0 0 0 0 1024 0 0 0 0 0 0 0 1024 0 0 0 0 0 0 0 1024 
0 0 0 0 0 0 0 1024 0 0 0 0 0 0 0 1024 0 0 0 0 0 0 0 1024 
0 0 0 0 0 0 0 1024 0 0 0 0 0 0 0 1024 0 0 0 0 0 0 0 1024 
0 0 0 0 0 0 0 1024 0 0 0 0 0 0 0 1024 0 0 0 0 0 0 0 1024 
0 0 0 0 0 0 0 1024 0 0 0 0 0 0 0 1024 0 0 0 0 0 0 0 1024 
0 0 0 0 0 0 0 1024 0 0 0 0 0 0 0 1024 0 0 0 0 0 0 0 1024 
0 0 0 0 0 0 0 1024 0 0 0 0 0 0 0 1024 0 0 0 0 0 0 0 1024 
0 0 0 0 0 0 0 1024 0 0 0 0 0 0 0 1024 0 0 0 0 0 0 0 1024 
0 0 0 0 0 0 0 1024 0 0 0 0 0 0 0 1024 0 0 0 0 0 0 0 1024 
0 0 0 0 0 0 0 1024 0 0 0 0 0 0 0 1024 0 0 0 0 0 0 0 1024 
0 0 0 0 0 0 0 1024 0 0 0 0 0 0 0 1024 0 0 0 0 0 0 0 1024 
0 0 0 0 0 0 0 1024 0 0 0 0 0 0 0 1024 0 0 0 0 0 0 0 1024 
0 0 0 0 0 0 0 1024 0 0 0 0 0 0 0 1024 0 0 0 0 0 0 0 1024 
0 0 0 0 0 0 0 1024 0 0 0 0 0 0 0 1024 0 0 0 0 0 0 0 1024 
0 0 0 0 0 0 0 1024 0 0 0 0 0 0 0 1024 0 0 0 0 0 0 0 1024 
0 0 0 0 0 0 0 1024 0 0 0 0 0 0 0 1024 0 0 0 0 0 0 0 1024 
0 0 0 0 0 0 0 1024 0 0 0 0 0 0 0 1024 0 0 0 0 0 0 122 902 
0 0 0 0 0 0 0 1024 0 0 0 0 0 0 0 1024 0 0 0 0 0 4 328 692 
0 0 0 0 0 0 0 1024 0 0 0 0 0 0 0 1024 0 0 0 0 0 44 413 567 
0 0 0 0 0 0 0 1024 0 0 0 0 0 0 0 1024 0 0 0 0 0 0 42 982 
0 0 0 0 0 0 0 1024 0 0 0 0 0 0 0 1024 0 0 0 0 0 0 0 1024 
0 0 0 0 0 0 0 1024 0 0 0 0 0 0 0 1024 0 0 0 0 0 0 163 861 
0 0 0 0 0 0 0 1024 0 0 0 0 0 0 0 1024 0 0 0 0 0 0 0 1024 
0 0 0 0 0 0 0 1024 0 0 0 0 0 0 0 1024 0 0 0 0 0 0 0 1024 
0 0 0 0 0 0 0 1024 0 0 0 0 0 0 0 1024 0 0 0 0 0 0 0 1024 
0 0 0 0 0 0 0 1024 0 0 0 0 0 0 0 1024 0 0 0 0 0 0 243 781 
0 0 0 0 0 0 0 1024 0 0 0 0 0 0 0 1024 0 0 0 0 0 10 395 619 
0 0 0 0 0 0 0 1024 0 0 0 0 0 0 0 1024 0 0 0 0 0 0 56 968 
0 0 0 0 0 0 0 1024 0 0 0 0 0 0 0 1024 0 0 0 0 0 0 79 945 
0 0 8 24 27 33 34 898 0 0 6 23 36 36 41 882 0 0 2 19 47 55 35 866 
0 0 1 8 17 17 25 956 0 0 6 10 17 19 23 949 0 0 7 17 20 23 17 940 
0 0 0 0 0 0 0 1024 0 0 0 0 0 0 0 1024 0 0 0 0 0 0 1 1023 
0 0 0 0 0 0 0 1024 0 0 0 0 0 0 0 1024 0 0 0 0 0 0 0 1024 
0 0 0 0 0 0 0 1024 0 0 0 0 0 0 0 1024 0 0 0 0 0 0 0 1024 
0 0 0 0 0 0 0 1024 0 0 0 0 0 0 0 1024 0 0 0 0 0 0 0 1024 
0 0 0 0 0 0 0 1024 0 0 0 0 0 0 0 1024 0 0 0 0 0 0 0 1024 
0 0 0 0 0 0 0 1024 0 0 0 0 0 0 0 1024 0 0 0 0 0 0 0 1024 
0 0 0 0 0 0 0 1024 0 0 0 0 0 0 0 1024 0 0 0 0 0 0 0 1024 
0 0 0 0 0 0 0 1024 0 0 0 0 0 0 0 1024 0 0 0 0 0 0 0 1024 
0 0 0 0 0 0 0 1024 0 0 0 0 0 0 0 1024 0 0 0 0 0 0 0 1024 
0 0 0 0 0 0 0 1024 0 0 0 0 0 0 0 1024 0 0 0 0 0 0 0 1024 
0 0 0 0 0 0 0 1024 0 0 0 0 0 0 0 1024 0 0 0 0 0 0 0 1024 
0 0 0 0 0 0 0 1024 0 0 0 0 0 0 0 1024 0 0 0 0 0 0 0 1024 
0 0 0 0 0 0 0 1024 0 0 0 0 0 0 0 1024 0 0 0 0 0 0 0 1024 
0 0 0 0 0 0 0 1024 0 0 0 0 0 0 0 1024 0 0 0 0 0 0 0 1024 
0 0 0 0 0 0 0 1024 0 0 0 0 0 0 0 1024 0 0 0 0 0 0 0 1024 
0 0 0 0 0 0 0 1024 0 0 0 0 0 0 0 1024 0 0 0 0 0 0 0 1024 
0 0 0 0 0 0 0 1024 0 0 0 0 0 0 0 1024 0 0 0 0 0 0 0 1024 
0 0 0 8 31 63 72 850 0 0 3 14 56 77 117 757 0 0 9 49 107 202 569 88 
0 0 1 21 120 265 240 377 0 0 5 68 246 273 178 254 0 1 18 158 365 303 136 43 
0 0 1 6 65 169 137 646 0 0 3 45 176 156 155 489 0 1 14 119 227 502 157 4 
0 0 0 0 3 29 90 902 0 0 0 3 32 105 229 655 0 0 5 39 130 500 274 76 
0 0 0 0 0 0 2 1022 0 0 0 0 0 7 51 966 0 0 0 1 24 168 534 297 
0 0 0 21 71 91 84 757 0 0 1 42 109 105 78 689 0 0 2 66 168 134 124 530 
0 0 0 2 41 73 117 791 0 0 2 25 80 111 112 694 0 0 12 74 121 136 185 496 
0 0 0 0 0 0 0 1024 0 0 0 0 0 0 0 1024 0 0 0 0 0 16 177 831 
0 0 0 0 0 0 0 1024 0 0 0 0 0 0 0 1024 0 0 0 0 0 0 56 968 
0 0 0 0 0 0 0 1024 0 0 0 0 0 0 0 1024 0 0 0 0 0 0 3 1021 
2 11 45 49 28 18 19 852 1 13 41 49 39 14 24 843 8 27 47 51 29 25 147 690 
1 16 142 219 52 8 13 573 2 9 72 185 156 16 14 570 5 18 42 89 186 108 32 544 
3 74 217 223 88 25 7 387 1 35 136 227 191 40 15 379 1 6 55 153 248 155 44 362 
1 10 70 149 198 141 113 342 1 18 60 150 217 162 118 298 4 18 46 133 240 205 130 248 
0 0 1 11 18 20 46 928 0 1 7 8 25 34 47 902 0 7 4 14 36 62 73 828 
2 0 9 46 66 34 30 837 2 2 2 31 77 48 33 829 2 3 12 29 55 72 45 806 
0 1 21 113 84 27 33 745 0 2 23 61 130 33 35 740 1 13 17 29 93 94 51 726 
0 0 12 92 97 48 30 745 0 1 2 46 141 60 34 740 0 1 3 7 71 155 52 735 
0 0 26 191 117 87 39 564 0 0 10 155 191 81 55 532 0 0 11 67 228 145 89 484 
0 2 21 78 136 140 123 524 0 0 16 78 186 151 133 460 0 2 17 82 177 212 163 371 
0 0 4 35 82 40 52 811 0 0 2 19 91 43 70 799 0 0 3 9 61 82 157 712 
0 0 0 13 47 57 53 854 0 0 0 4 48 66 61 845 0 0 0 2 36 71 137 778 
0 0 0 2 18 25 32 947 0 0 0 0 6 22 44 952 0 0 0 0 5 11 48 960 
0 0 0 1 1 6 14 1002 0 0 0 1 1 5 11 1006 0 0 0 1 1 5 11 1006 
0 0 0 0 0 1 2 1021 0 0 0 0 0 1 2 1021 0 0 0 0 0 1 15 1008 
0 0 0 0 0 0 0 1024 0 0 0 0 0 0 0 1024 0 0 0 0 0 0 3 1021 
0 0 0 0 0 0 0 1024 0 0 0 0 0 0 0 1024 0 0 0 0 0 0 0 1024 
0 0 0 0 0 0 0 1024 0 0 0 0 0 0 0 1024 0 0 0 0 0 0 0 1024 
0 0 0 0 0 0 0 1024 0 0 0 0 0 0 0 1024 0 0 0 0 0 0 0 1024 
0 0 0 0 0 0 0 1024 0 0 0 0 0 0 0 1024 0 0 0 0 0 0 0 1024 
0 0 0 0 0 0 0 1024 0 0 0 0 0 0 0 1024 0 0 0 0 0 0 0 1024 
0 0 0 0 0 0 0 1024 0 0 0 0 0 0 0 1024 0 0 0 0 0 0 0 1024 
0 16 98 218 225 194 127 146 0 16 116 231 241 185 124 111 1 23 142 262 240 188 109 59 
1 50 281 306 185 111 45 45 1 50 296 317 179 107 49 25 1 43 286 350 203 85 43 13 
0 5 36 97 227 260 198 201 0 6 54 151 294 238 153 128 1 7 90 209 307 226 105 79 
0 1 17 72 137 229 250 318 0 6 41 110 207 271 206 183 3 20 68 169 278 242 172 72 
0 9 74 238 215 134 126 228 0 12 81 270 245 168 148 100 0 10 86 309 320 211 82 6 
0 6 28 173 341 253 158 65 1 9 83 249 337 219 98 28 5 21 91 295 347 182 76 7 
0 0 8 54 121 171 199 471 0 2 25 116 164 206 175 336 0 4 53 137 230 252 254 94 
0 0 0 0 0 1 2 1021 0 0 0 0 0 1 3 1020 0 0 0 0 3 154 340 527 
0 0 0 0 0 0 0 1024 0 0 0 0 0 0 0 1024 0 0 0 0 0 0 198 826 
5 62 232 216 69 34 19 387 3 37 213 254 93 26 26 372 8 59 238 239 84 43 181 172 
34 190 382 355 54 8 1 0 6 95 303 432 165 21 2 0 4 87 271 400 223 38 1 0 
18 93 369 460 84 0 0 0 5 38 180 499 287 15 0 0 1 24 136 375 418 70 0 0 
2 58 328 470 135 21 8 2 0 14 156 468 331 45 8 2 0 6 61 319 511 110 13 4 
3 19 168 495 249 62 21 7 1 9 93 442 383 74 15 7 0 4 40 284 521 152 18 5 
0 0 25 492 476 23 5 3 0 0 5 226 736 52 2 3 0 0 6 83 718 214 3 0 
0 2 145 609 255 13 0 0 0 0 25 434 524 40 1 0 0 0 3 168 658 191 4 0 
0 1 44 657 316 6 0 0 0 0 16 295 681 32 0 0 0 0 3 78 720 223 0 0 
0 6 87 740 188 3 0 0 0 1 29 432 545 17 0 0 0 0 3 104 650 261 6 0 
0 28 362 549 82 3 0 0 0 2 123 592 286 20 1 0 0 0 22 295 566 132 9 0 
0 27 230 579 174 13 1 0 0 0 81 390 456 91 6 0 0 0 2 98 423 404 87 10 
0 22 334 558 93 14 3 0 0 3 123 558 302 33 5 0 0 0 16 233 554 202 17 2 
0 9 298 513 167 25 10 2 0 1 153 522 273 61 12 2 0 0 10 299 477 189 44 5 
4 28 181 454 253 60 16 28 0 1 67 247 339 261 74 35 0 0 22 91 272 299 206 134 
8 81 137 368 303 57 28 42 0 15 92 121 265 335 134 62 0 0 22 88 107 201 260 346 
0 16 66 329 378 78 35 122 0 6 18 63 273 390 135 139 0 0 12 44 62 229 358 319 
0 0 52 437 247 57 30 201 0 0 1 69 349 249 144 212 0 0 0 0 35 310 225 454 
4 42 171 262 185 52 25 283 1 7 66 204 269 151 45 281 0 6 41 149 215 191 114 308 
0 2 25 244 248 98 34 373 0 0 6 47 210 310 83 368 0 0 8 34 124 194 248 416 
0 4 52 178 183 128 98 381 0 0 14 74 204 223 133 376 0 0 9 51 187 269 151 357 
0 0 21 145 186 108 85 479 0 0 0 54 215 179 102 474 0 0 0 23 135 225 159 482 
0 0 21 129 155 92 86 541 0 0 1 73 210 122 87 531 0 0 7 92 248 115 100 462 
0 0 0 14 25 33 41 911 0 0 1 14 26 38 39 906 0 0 4 23 34 41 32 890 
2 173 217 234 177 91 61 69 0 101 295 246 183 76 58 65 1 79 319 289 161 82 46 47 
5 146 416 210 143 53 37 14 1 88 412 310 122 50 31 10 0 61 314 423 142 50 26 8 
4 165 278 89 94 101 101 192 4 109 345 107 118 119 103 119 7 94 319 175 154 126 115 34 
4 126 457 86 73 73 55 150 6 107 486 100 81 72 80 92 15 51 427 248 76 93 78 36 
0 178 480 145 86 53 29 53 1 119 558 154 81 42 27 42 1 43 559 234 90 43 22 32 
1 108 386 147 166 120 62 34 1 83 426 194 162 90 46 22 4 40 329 365 162 84 31 9 
2 69 437 260 130 75 34 17 2 32 483 291 129 61 22 4 2 20 396 424 126 40 16 0 
1 44 280 246 76 69 26 282 1 31 286 265 98 50 27 266 3 53 227 299 142 58 73 169 
1 50 274 144 50 52 49 404 2 49 223 226 59 50 58 357 7 51 170 299 83 216 182 16 
0 78 347 243 106 83 38 129 2 44 280 355 129 67 54 93 7 44 197 383 209 109 58 17 
5 57 295 539 92 9 9 18 1 26 158 558 241 16 9 15 0 17 99 298 519 67 17 7 
0 15 278 614 116 1 0 0 0 2 83 549 371 19 0 0 0 0 25 323 596 79 1 0 
0 18 262 578 163 3 0 0 0 0 98 503 390 33 0 0 0 0 28 305 565 125 1 0 
4 78 314 460 151 17 0 0 1 14 186 455 308 57 3 0 1 4 93 365 426 125 10 0 
5 73 369 437 125 15 0 0 2 35 242 460 252 32 1 0 0 15 139 416 381 68 5 0 
7 176 521 301 19 0 0 0 0 80 376 481 84 3 0 0 0 15 201 498 294 14 2 0 
13 108 414 433 54 2 0 0 1 56 278 531 154 4 0 0 1 22 124 445 397 35 0 0 
13 82 326 533 69 1 0 0 5 41 182 571 218 7 0 0 1 19 80 330 527 65 2 0 
10 79 399 435 95 6 0 0 3 27 179 512 274 28 1 0 2 7 66 345 458 135 11 0 
1 92 455 413 61 1 1 0 0 15 221 549 221 16 2 0 0 1 63 366 477 113 3 1 
6 174 466 324 51 3 0 0 0 63 332 439 175 15 0 0 0 11 199 453 321 34 6 0 
14 128 494 341 45 2 0 0 5 56 335 452 162 13 1 0 4 40 174 493 290 22 1 0 
20 111 315 378 177 22 1 0 1 59 162 307 258 191 45 1 1 30 134 262 201 150 131 115 
13 161 406 324 104 16 0 0 0 25 227 319 296 130 27 0 0 5 85 240 220 245 169 60 
16 105 372 390 133 8 0 0 0 18 183 379 348 95 1 0 0 6 62 284 336 265 69 2 
0 62 451 439 60 10 2 0 0 13 153 507 303 40 7 1 0 0 26 210 454 283 46 5 
31 183 419 308 74 9 0 0 4 34 209 420 280 69 8 0 0 10 58 329 379 196 45 7 
3 10 135 567 303 6 0 0 1 4 14 121 483 377 24 0 0 2 5 32 150 429 342 64 
2 28 222 589 180 3 0 0 0 7 52 313 564 87 1 0 0 2 26 189 549 244 14 0 
0 11 153 550 272 30 7 1 0 0 19 173 545 257 26 4 0 0 5 96 390 441 85 7 
2 37 252 551 144 34 4 0 0 3 74 406 433 80 27 1 0 1 37 229 519 177 53 8 
17 43 193 450 229 33 20 39 3 30 84 317 423 106 25 36 1 18 81 278 398 190 30 28 
12 284 577 79 42 26 4 0 3 160 219 549 48 35 10 0 1 114 242 570 51 35 10 1 
10 189 740 73 10 2 0 0 5 140 489 365 19 5 1 0 6 117 342 524 29 4 2 0 
11 300 641 30 21 21 0 0 22 182 726 69 25 0 0 0 24 53 696 237 14 0 0 0 
70 398 490 14 27 25 0 0 129 224 612 24 34 1 0 0 135 57 751 59 22 0 0 0 
105 470 335 40 32 27 9 6 155 261 492 37 40 17 11 11 167 140 566 78 39 13 9 12 
75 584 239 50 37 10 4 25 267 307 314 61 33 12 3 27 273 184 370 126 27 13 2 29 
77 471 314 87 27 14 14 20 163 353 328 110 35 12 5 18 188 220 404 146 36 9 6 15 
83 629 290 22 0 0 0 0 181 531 277 33 2 0 0 0 203 464 312 41 4 0 0 0 
52 473 276 99 91 22 9 2 121 423 248 104 85 37 4 2 89 380 290 121 60 72 7 5 
50 114 265 298 139 54 38 66 55 148 183 270 188 68 39 73 36 152 142 235 268 76 39 76 
0 31 231 532 138 51 35 6 1 13 104 493 293 53 38 29 1 7 52 315 479 81 39 50 
4 106 315 378 173 36 9 3 1 25 211 441 276 53 10 7 1 5 140 400 366 86 16 10 
26 104 254 351 221 57 11 0 9 41 173 343 333 105 20 0 4 33 125 322 379 135 24 2 
71 170 345 276 105 40 15 2 14 93 249 348 220 70 27 3 11 65 193 370 251 94 35 5 
32 209 548 210 20 3 2 0 14 102 459 375 67 3 4 0 1 48 313 504 140 14 4 0 
43 316 503 140 21 1 0 0 13 175 494 293 43 6 0 0 3 78 366 442 120 15 0 0 
79 381 375 165 21 3 0 0 41 254 438 218 68 4 1 0 14 155 356 351 133 12 3 0 
63 326 496 120 14 5 0 0 34 207 505 243 29 5 1 0 15 110 347 438 101 11 2 0 
32 159 573 240 20 0 0 0 7 70 400 474 68 5 0 0 3 25 139 549 286 21 1 0 
41 175 569 219 20 0 0 0 13 77 388 479 64 3 0 0 3 32 149 549 264 27 0 0 
64 443 411 95 10 1 0 0 5 182 556 234 44 3 0 0 3 65 459 406 81 9 1 0 
222 455 236 92 16 1 1 1 117 434 283 151 35 2 1 1 66 377 332 190 52 5 1 1 
61 485 394 79 5 0 0 0 16 248 535 205 18 2 0 0 6 167 470 325 50 6 0 0 
61 571 352 38 2 0 0 0 9 326 522 154 13 0 0 0 1 159 549 285 30 0 0 0 
2 148 557 266 47 4 0 0 0 44 425 412 121 20 2 0 0 10 227 483 250 48 6 0 
10 114 523 329 44 4 0 0 5 43 342 492 125 15 2 0 0 15 131 518 296 60 3 1 
7 104 500 385 27 1 0 0 1 15 184 577 233 14 0 0 0 3 56 496 426 41 2 0 
3 16 190 552 251 12 0 0 0 3 21 223 543 219 15 0 0 0 9 91 486 375 63 0 
9 51 251 492 196 25 0 0 0 12 65 266 484 164 33 0 0 4 37 198 471 257 54 3 
0 30 225 532 215 20 2 0 0 0 61 310 487 155 11 0 0 0 29 220 497 255 22 1 
8 89 377 414 130 5 1 0 2 22 185 451 298 64 2 0 1 8 106 440 383 83 3 0 
20 185 436 287 84 10 2 0 6 72 339 360 192 50 5 0 7 67 316 365 190 68 10 1 
311 259 209 139 71 30 5 0 345 250 162 134 81 43 9 0 330 267 148 134 97 40 8 0 
105 540 343 24 9 3 0 0 188 710 94 23 9 0 0 0 200 741 59 21 3 0 0 0 
983 31 4 1 4 1 0 0 1010 6 3 3 2 0 0 0 1014 5 3 2 0 0 0 0 
699 280 41 4 0 0 0 0 862 143 19 0 0 0 0 0 885 119 19 1 0 0 0 0 
336 366 183 93 46 0 0 0 405 405 75 99 40 0 0 0 441 358 80 75 62 8 0 0 
97 591 195 116 13 3 3 6 295 424 161 117 14 4 3 6 287 398 166 123 37 3 3 7 
21 273 204 150 207 106 28 35 61 284 204 204 180 35 28 28 79 266 180 281 142 32 17 27 
8 207 188 105 41 176 207 92 12 194 219 103 168 307 21 0 11 120 272 145 420 55 1 0 
0 47 60 146 334 263 63 111 0 15 79 109 282 367 71 101 2 1 60 116 243 407 94 101 
7 118 456 111 159 81 43 49 6 384 202 73 137 101 51 70 9 437 159 72 116 94 62 75 
19 140 154 29 17 75 167 423 7 232 81 20 22 31 94 537 0 206 109 25 20 22 85 557 
0 1 34 133 354 295 112 95 0 0 5 63 269 330 209 148 0 0 2 58 259 343 204 158 
0 5 123 186 157 324 171 58 0 0 21 184 177 271 272 99 0 0 9 142 226 296 269 82 
2 3 146 279 258 255 76 5 0 3 13 256 288 307 142 15 0 2 6 200 355 317 127 17 
0 33 242 332 234 151 25 7 0 7 65 402 243 233 59 15 0 2 36 324 339 247 57 19 
40 106 273 238 225 114 28 0 11 57 153 310 237 183 67 6 2 30 107 275 280 235 74 21 
53 211 303 273 119 32 26 7 14 105 290 249 221 87 28 30 5 54 217 276 247 140 46 39 
22 379 532 90 1 0 0 0 3 146 593 263 19 0 0 0 0 33 336 532 121 2 0 0 
25 238 506 238 16 1 0 0 7 84 369 464 96 4 0 0 1 22 197 453 317 33 1 0 
132 470 322 90 10 0 0 0 47 260 483 184 47 3 0 0 10 134 450 280 123 27 0 0 
83 648 271 21 1 0 0 0 12 413 510 76 13 0 0 0 5 175 612 204 26 2 0 0 
255 580 172 17 0 0 0 0 157 579 243 45 0 0 0 0 57 515 339 102 11 0 0 0 
94 315 333 224 52 6 0 0 49 202 328 266 156 22 1 0 18 113 265 326 224 72 6 0 
19 121 346 405 123 8 2 0 3 38 177 374 334 92 5 1 1 13 78 290 401 207 31 3 
33 147 348 357 118 20 1 0 3 63 190 403 286 68 11 0 0 18 132 301 372 167 31 3 
17 159 387 357 90 11 3 0 0 24 205 415 299 69 9 3 0 5 101 326 393 172 22 5 
7 222 569 198 28 0 0 0 1 43 463 424 78 15 0 0 0 6 199 544 239 35 1 0 
21 148 333 348 159 14 1 0 3 59 205 260 329 148 19 1 0 12 125 288 300 247 50 2 
2 15 158 633 204 12 0 0 0 1 15 154 601 239 14 0 0 1 5 77 457 439 43 2 
3 36 342 529 110 4 0 0 0 5 58 421 464 73 3 0 0 0 16 240 572 187 9 0 
2 60 536 407 19 0 0 0 0 8 149 590 268 9 0 0 0 2 40 437 498 46 1 0 
7 282 433 200 74 23 5 0 0 40 407 323 160 72 15 7 0 10 278 384 221 87 37 7 
400 459 135 26 4 0 0 0 519 405 75 21 4 0 0 0 494 409 87 20 14 0 0 0 
15 600 333 69 5 2 0 0 128 730 88 69 6 3 0 0 194 667 74 67 19 3 0 0 
139 590 182 103 10 0 0 0 283 547 88 99 7 0 0 0 381 454 70 109 10 0 0 0 
30 582 233 144 34 1 0 0 230 531 103 133 27 0 0 0 305 458 89 134 37 1 0 0 
29 423 177 141 100 151 3 0 179 339 158 169 176 3 0 0 242 298 168 249 67 0 0 0 
5 174 101 107 136 477 24 0 64 146 137 190 477 10 0 0 50 142 178 564 89 1 0 0 
0 0 0 48 222 707 47 0 0 0 0 185 784 53 2 0 0 0 3 746 251 22 2 0 
1 4 39 88 112 374 396 10 0 1 12 71 451 438 49 2 0 1 5 189 584 204 38 3 
0 1 20 124 533 317 27 2 0 0 7 83 429 437 64 4 0 0 4 50 341 539 82 8 
0 102 228 176 358 129 29 2 0 217 95 102 318 217 63 12 0 256 55 62 260 281 87 23 
41 193 235 26 12 18 53 446 24 341 114 11 9 17 29 479 6 311 152 17 7 15 21 495 
0 8 174 229 207 84 153 169 0 0 73 198 296 80 102 275 0 0 26 195 312 98 88 305 
61 43 277 472 148 20 3 0 50 26 102 466 311 62 7 0 49 25 40 368 426 102 13 1 
112 60 431 327 86 8 0 0 110 32 111 546 192 31 2 0 107 27 62 482 285 58 3 0 
150 46 630 174 23 1 0 0 152 20 194 596 59 3 0 0 152 23 37 692 116 4 0 0 
154 76 500 232 55 6 1 0 178 31 116 562 101 32 3 1 160 50 35 517 213 45 3 1 
136 242 294 226 91 27 7 1 92 192 171 332 154 61 17 5 61 170 157 312 206 87 25 6 
214 342 292 139 35 2 0 0 65 258 328 240 118 13 2 0 15 153 283 307 185 73 8 0 
79 240 427 235 43 0 0 0 20 83 303 413 176 29 0 0 5 48 170 404 306 85 6 0 
125 372 388 129 10 0 0 0 39 230 413 288 53 1 0 0 9 121 338 384 156 15 1 0 
75 338 399 187 24 1 0 0 10 122 396 342 137 17 0 0 3 44 254 422 236 63 2 0 
157 455 316 83 12 1 0 0 35 362 357 219 45 5 1 0 5 221 378 304 96 19 1 0 
81 271 332 229 94 16 1 0 30 167 288 290 182 61 5 1 6 85 261 308 222 117 24 1 
48 156 333 321 143 20 3 0 8 51 174 333 304 133 18 3 2 17 93 273 364 225 44 6 
127 214 322 232 112 17 0 0 47 149 266 304 183 66 9 0 14 98 205 324 244 119 19 1 
28 161 380 326 107 22 0 0 4 34 191 378 293 104 20 0 1 18 91 326 367 181 39 1 
3 84 493 387 53 4 0 0 1 9 130 555 299 30 0 0 0 3 49 379 493 94 6 0 
14 98 383 393 127 9 0 0 0 10 95 373 396 132 16 2 0 0 51 229 441 252 41 10 
9 84 270 465 184 12 0 0 0 11 78 274 448 203 10 0 0 4 38 157 456 319 50 0 
5 91 383 412 118 13 2 0 0 11 128 451 346 77 9 2 0 4 48 289 480 178 21 4 
22 233 576 183 9 1 0 0 4 50 298 539 130 3 0 0 0 11 163 519 309 21 1 0 
113 378 379 117 27 10 0 0 12 142 407 342 91 24 6 0 1 78 274 450 175 34 12 0 
103 344 332 227 18 0 0 0 202 397 217 199 9 0 0 0 300 320 179 203 22 0 0 0 
20 492 329 173 10 0 0 0 297 385 186 151 5 0 0 0 432 270 138 170 14 0 0 0 
16 485 180 160 180 3 0 0 290 370 259 105 0 0 0 0 463 381 161 18 1 0 0 0 
5 112 40 89 477 299 2 0 85 79 169 601 90 0 0 0 127 157 454 286 0 0 0 0 
0 0 0 4 181 810 29 0 0 0 15 342 656 11 0 0 0 4 105 768 147 0 0 0 
0 0 0 0 159 815 50 0 0 0 3 212 790 19 0 0 0 0 48 756 220 0 0 0 
0 0 1 13 168 821 21 0 0 0 3 219 786 16 0 0 0 0 35 738 245 6 0 0 
5 18 115 306 323 202 50 5 0 11 54 266 457 188 42 6 0 6 30 190 464 272 52 10 
0 0 19 163 623 210 8 1 0 0 10 103 574 313 23 1 0 0 6 65 508 404 39 2 
3 15 77 259 452 192 24 2 1 4 46 181 407 297 76 12 0 3 25 129 353 345 144 25 
33 207 259 81 95 37 35 277 11 358 131 56 90 57 28 293 2 310 177 63 85 58 32 297 
2 2 13 39 68 46 89 765 0 2 2 23 62 64 58 813 0 2 2 17 62 59 62 820 
102 86 142 297 277 88 20 12 79 96 89 256 305 150 32 17 47 113 68 202 347 185 44 18 
177 237 261 302 33 11 2 1 241 197 365 192 17 9 2 1 234 203 386 175 14 9 2 1 
364 433 58 84 81 4 0 0 536 279 76 125 8 0 0 0 319 486 146 71 2 0 0 0 
73 602 178 73 91 7 0 0 159 534 140 63 106 22 0 0 41 512 246 63 75 84 3 0 
446 357 92 60 59 10 0 0 287 513 87 42 65 30 0 0 150 618 100 34 60 54 8 0 
521 468 33 2 0 0 0 0 298 646 47 30 3 0 0 0 185 726 58 41 14 0 0 0 
362 536 106 19 1 0 0 0 181 597 161 74 11 0 0 0 119 590 189 97 27 2 0 0 
412 482 109 21 0 0 0 0 270 479 216 52 7 0 0 0 222 411 292 85 14 0 0 0 
241 368 268 112 31 4 0 0 158 316 267 202 58 21 2 0 79 292 271 230 114 30 7 1 
46 290 459 193 32 3 0 1 7 114 393 406 92 11 0 1 2 41 249 471 216 41 3 1 
22 108 328 375 157 33 1 0 5 39 163 364 330 102 21 0 1 17 90 266 402 201 41 6 
38 159 357 362 104 4 0 0 12 52 207 354 330 65 4 0 3 21 122 320 374 170 14 0 
128 318 330 202 42 4 0 0 51 205 352 283 116 15 2 0 17 115 307 340 200 41 4 0 
82 286 380 203 63 10 0 0 7 108 331 348 172 52 6 0 2 22 225 392 274 92 16 1 
21 157 425 323 74 22 2 0 0 20 180 430 291 73 28 2 0 3 75 309 413 164 47 13 
62 252 441 243 25 1 0 0 5 69 238 416 264 30 2 0 0 31 146 391 371 74 11 0 
43 145 371 354 101 9 1 0 10 32 143 292 397 131 19 0 6 18 102 239 389 222 45 3 
76 225 332 292 86 12 1 0 8 102 255 362 232 57 8 0 2 63 189 331 317 111 9 2 
86 343 450 128 17 0 0 0 14 159 423 349 71 8 0 0 1 61 311 465 159 27 0 0 
318 470 184 42 10 0 0 0 119 501 271 102 27 4 0 0 30 367 413 156 45 12 1 0 
136 625 156 107 0 0 0 0 592 357 73 2 0 0 0 0 781 237 5 1 0 0 0 0 
21 220 182 536 65 0 0 0 231 309 477 7 0 0 0 0 386 596 42 0 0 0 0 0 
0 2 26 193 761 42 0 0 4 44 389 579 8 0 0 0 32 216 668 108 0 0 0 0 
0 0 0 15 588 421 0 0 0 0 50 817 157 0 0 0 0 5 386 633 0 0 0 0 
0 0 0 0 238 751 35 0 0 0 2 447 559 16 0 0 0 0 84 833 103 4 0 0 
0 0 0 1 207 759 56 1 0 0 5 283 704 32 0 0 0 0 63 743 215 3 0 0 
9 16 14 28 257 659 37 4 4 13 16 244 620 96 28 3 0 17 44 587 241 96 36 3 
11 69 181 391 304 61 7 0 4 37 126 321 402 122 11 1 0 23 91 256 470 160 20 4 
0 6 49 341 474 147 6 1 0 6 32 305 489 180 10 2 0 3 23 204 502 270 20 2 
1 15 68 294 450 185 11 0 0 6 43 215 469 263 22 6 0 4 20 126 452 362 50 10 
37 79 132 170 259 143 61 143 15 113 85 128 201 215 90 177 0 75 128 118 176 237 102 188 
0 0 1 14 63 62 70 814 0 0 1 0 32 74 70 847 0 0 1 1 36 65 71 850 
24 41 77 242 423 176 33 8 16 35 56 165 409 279 49 15 17 25 46 143 361 347 71 14 
372 448 102 71 29 1 1 0 729 125 102 59 8 0 1 0 768 95 105 50 5 0 1 0 
84 279 125 200 196 140 0 0 278 139 174 335 98 0 0 0 317 134 282 287 4 0 0 0 
6 120 166 92 284 350 6 0 28 153 156 454 138 84 11 0 21 166 335 342 31 85 41 3 
443 249 46 109 116 61 0 0 382 301 51 88 138 64 0 0 304 356 78 65 79 115 27 0 
697 327 0 0 0 0 0 0 690 334 0 0 0 0 0 0 654 370 0 0 0 0 0 0 
583 439 2 0 0 0 0 0 589 430 5 0 0 0 0 0 537 482 5 0 0 0 0 0 
575 449 0 0 0 0 0 0 477 547 0 0 0 0 0 0 480 541 3 0 0 0 0 0 
650 365 8 1 0 0 0 0 721 290 11 2 0 0 0 0 633 367 19 5 0 0 0 0 
261 598 120 35 10 0 0 0 328 511 111 61 10 3 0 0 248 518 139 87 24 8 0 0 
402 317 184 101 19 1 0 0 344 302 185 135 55 3 0 0 231 329 194 166 93 10 1 0 
95 302 320 237 64 5 1 0 35 195 246 317 191 38 1 1 18 181 178 306 237 92 11 1 
106 323 383 187 25 0 0 0 27 167 388 337 98 7 0 0 4 80 285 397 221 37 0 0 
123 347 392 153 8 1 0 0 25 143 403 368 78 7 0 0 2 62 247 450 227 33 3 0 
41 154 375 345 105 4 0 0 2 50 216 359 299 88 10 0 0 19 94 327 354 192 36 2 
35 192 453 306 37 1 0 0 7 46 265 463 225 18 0 0 0 21 122 420 386 71 4 0 
99 249 389 247 37 2 1 0 20 88 253 369 250 42 1 1 7 54 172 397 306 81 5 2 
130 278 341 223 42 10 0 0 28 160 305 337 156 31 7 0 7 63 255 314 298 67 19 1 
188 318 335 160 19 4 0 0 85 194 324 307 98 15 1 0 19 133 284 330 205 45 8 0 
243 571 190 18 2 0 0 0 101 494 356 69 4 0 0 0 20 310 490 185 17 2 0 0 
5 28 87 772 132 0 0 0 22 142 813 47 0 0 0 0 90 783 151 0 0 0 0 0 
0 0 2 452 558 12 0 0 0 5 668 340 11 0 0 0 0 295 650 79 0 0 0 0 
0 0 0 80 758 180 6 0 0 0 160 727 135 2 0 0 0 6 585 413 20 0 0 0 
0 0 0 12 489 494 29 0 0 0 50 626 339 9 0 0 0 5 370 592 56 1 0 0 
0 0 0 2 267 668 87 0 0 0 7 410 555 52 0 0 0 0 125 683 214 2 0 0 
0 0 0 5 195 728 96 0 0 0 8 246 706 64 0 0 0 1 78 679 263 3 0 0 
27 118 135 130 311 287 16 0 5 76 140 261 385 139 17 1 3 48 146 371 283 142 30 1 
1 29 164 355 382 85 7 1 0 8 113 326 427 138 11 1 0 1 61 275 454 211 21 1 
0 1 34 198 633 146 7 5 0 1 27 147 628 202 13 6 0 1 21 111 591 277 17 6 
4 3 39 249 503 165 43 18 2 3 17 183 529 204 57 29 2 3 8 135 529 238 75 34 
3 17 79 212 390 123 65 135 0 8 30 132 318 280 97 159 0 5 17 96 241 366 116 183 
0 0 3 8 6 11 21 975 0 0 0 7 4 10 13 990 0 0 0 5 6 9 13 991 
16 40 95 326 342 114 47 44 11 28 66 250 358 183 65 63 3 26 49 169 377 253 73 74 
433 432 77 64 18 0 0 0 738 161 65 41 18 1 0 0 795 107 66 34 17 5 0 0 
199 560 90 118 57 0 0 0 645 144 101 121 13 0 0 0 722 88 123 87 4 0 0 0 
154 430 152 133 103 37 5 10 449 198 169 172 16 6 4 10 543 145 179 128 10 6 3 10 
32 77 120 119 627 46 0 3 65 79 153 686 36 2 3 0 76 102 580 252 11 2 1 0 
255 276 57 22 361 49 4 0 252 278 104 331 53 6 0 0 241 300 353 111 17 2 0 0 
557 372 67 15 8 5 0 0 629 260 102 17 14 2 0 0 591 272 102 44 11 4 0 0 
612 364 38 10 0 0 0 0 443 500 54 23 4 0 0 0 314 603 64 33 10 0 0 0 
670 352 2 0 0 0 0 0 629 390 5 0 0 0 0 0 445 558 21 0 0 0 0 0 
665 352 7 0 0 0 0 0 625 390 9 0 0 0 0 0 494 488 42 0 0 0 0 0 
517 505 2 0 0 0 0 0 423 597 4 0 0 0 0 0 166 820 38 0 0 0 0 0 
553 445 26 0 0 0 0 0 417 587 20 0 0 0 0 0 303 672 49 0 0 0 0 0 
427 518 69 10 0 0 0 0 433 488 80 21 2 0 0 0 316 552 112 37 7 0 0 0 
552 221 190 56 4 1 0 0 507 162 186 148 19 2 0 0 353 273 120 193 79 5 1 0 
166 436 263 141 18 0 0 0 126 304 323 207 62 2 0 0 63 281 288 225 149 18 0 0 
32 203 468 282 38 1 0 0 14 119 380 402 98 10 1 0 4 58 240 449 232 39 2 0 
84 258 362 255 59 6 0 0 21 150 320 334 166 29 4 0 3 59 230 352 264 104 11 1 
96 342 388 168 29 1 0 0 31 204 358 296 116 19 0 0 10 73 288 385 191 72 5 0 
183 523 256 59 3 0 0 0 100 444 367 104 9 0 0 0 29 244 502 196 50 3 0 0 
263 553 176 29 3 0 0 0 68 505 372 72 7 0 0 0 14 309 528 152 21 0 0 0 
0 0 4 542 469 9 0 0 0 5 666 350 3 0 0 0 0 198 769 57 0 0 0 0 
0 0 1 355 595 72 1 0 0 1 439 527 56 1 0 0 0 63 721 223 17 0 0 0 
0 0 0 206 677 140 1 0 0 0 277 650 97 0 0 0 0 31 642 338 13 0 0 0 
0 0 0 108 629 285 2 0 0 2 179 706 137 0 0 0 0 25 502 483 14 0 0 0 
0 0 0 110 524 377 13 0 0 0 186 570 266 2 0 0 0 23 448 532 21 0 0 0 
0 0 3 133 618 257 13 0 0 0 143 653 221 7 0 0 0 1 404 536 79 4 0 0 
26 189 303 269 156 71 10 0 13 138 251 296 226 78 21 1 5 110 215 297 256 111 28 2 
0 9 106 511 330 59 8 1 0 6 72 434 417 83 10 2 0 2 50 297 534 126 13 2 
1 10 46 260 553 136 16 2 0 10 43 207 562 184 16 2 0 7 37 149 555 249 21 6 
3 8 86 414 372 111 25 5 2 5 63 376 397 147 24 10 0 5 33 295 431 212 37 11 
1 5 58 299 330 151 58 122 0 3 27 175 305 249 104 161 0 2 10 104 259 256 210 183 
0 2 12 25 23 25 41 896 0 1 5 21 21 24 41 911 0 1 3 16 22 27 41 914 
0 3 67 416 303 77 30 128 0 2 18 313 366 144 42 139 0 2 4 152 460 224 43 139 
462 344 80 71 55 11 1 0 722 107 79 38 58 19 0 1 727 103 80 26 53 34 0 1 
323 433 83 121 57 7 0 0 698 87 87 123 29 0 0 0 720 80 106 94 24 0 0 0 
318 488 88 129 1 0 0 0 720 106 160 38 0 0 0 0 762 73 166 23 0 0 0 0 
193 497 214 96 17 4 1 2 529 216 210 60 3 4 0 2 586 211 173 46 2 4 1 1 
82 91 220 165 443 4 4 15 113 105 340 433 10 5 3 15 121 179 562 131 9 4 3 15 
27 76 81 247 542 45 4 2 16 50 363 524 65 4 2 0 10 122 669 179 41 2 1 0 
266 295 185 99 144 21 10 4 203 295 254 206 52 11 2 1 130 268 346 214 56 8 2 0 
618 268 102 34 2 0 0 0 401 354 174 76 17 2 0 0 240 428 202 111 41 2 0 0 
406 334 215 61 7 1 0 0 266 287 292 142 33 4 0 0 193 231 290 226 72 10 2 0 
684 261 50 22 5 2 0 0 448 439 78 41 13 4 1 0 236 564 135 51 29 7 2 0 
673 338 12 1 0 0 0 0 568 428 27 1 0 0 0 0 387 574 59 3 1 0 0 0 
548 467 9 0 0 0 0 0 559 458 7 0 0 0 0 0 410 594 20 0 0 0 0 0 
884 140 0 0 0 0 0 0 908 116 0 0 0 0 0 0 682 342 0 0 0 0 0 0 
729 294 1 0 0 0 0 0 656 367 1 0 0 0 0 0 499 523 2 0 0 0 0 0 
540 447 31 6 0 0 0 0 720 262 35 7 0 0 0 0 468 500 34 22 0 0 0 0 
374 557 89 4 0 0 0 0 344 507 156 17 0 0 0 0 274 440 257 50 3 0 0 0 
11 414 460 136 3 0 0 0 1 280 342 368 33 0 0 0 0 172 277 403 164 8 0 0 
121 343 419 135 6 0 0 0 51 235 441 271 25 1 0 0 12 113 329 411 152 7 0 0 
369 469 176 10 0 0 0 0 248 271 415 89 1 0 0 0 166 214 361 271 12 0 0 0 
0 0 29 707 283 5 0 0 0 23 703 293 5 0 0 0 2 223 734 64 1 0 0 0 
0 0 23 539 441 21 0 0 0 23 553 432 16 0 0 0 2 166 683 173 0 0 0 0 
0 0 36 524 448 16 0 0 0 42 573 402 7 0 0 0 1 202 707 114 0 0 0 0 
0 0 15 474 507 28 0 0 0 27 557 423 17 0 0 0 0 181 734 107 2 0 0 0 
0 0 9 364 594 55 2 0 0 17 459 521 25 2 0 0 0 121 690 207 4 2 0 0 
25 143 158 265 398 35 0 0 27 147 391 432 27 0 0 0 34 166 570 246 8 0 0 0 
4 88 343 427 155 7 0 0 8 90 376 372 169 9 0 0 4 95 284 355 272 14 0 0 
0 5 34 399 546 37 3 0 0 4 26 302 639 49 4 0 0 4 19 191 708 97 5 0 
0 4 21 183 645 163 8 0 0 4 21 142 635 210 12 0 0 3 14 99 579 311 17 1 
6 38 112 321 397 111 33 6 2 36 91 248 442 148 44 13 1 24 64 196 442 225 52 20 
1 6 138 404 316 58 34 67 0 4 35 307 415 129 50 84 0 1 15 131 464 231 72 110 
1 11 12 27 44 26 69 834 0 5 8 24 33 38 49 867 0 2 6 24 31 40 44 877 
5 23 140 235 252 131 50 188 4 23 115 202 246 174 58 202 2 19 98 181 256 204 58 206 
418 345 78 67 82 23 7 4 653 123 76 63 70 28 4 7 669 108 75 63 57 39 9 4 
339 445 53 57 73 55 2 0 612 180 53 70 77 30 2 0 700 99 48 70 76 30 1 0 
356 393 72 177 26 0 0 0 683 85 121 117 18 0 0 0 717 62 139 90 16 0 0 0 
298 470 149 82 21 2 1 1 650 143 132 81 14 2 1 1 697 100 128 78 17 2 1 1 
487 293 123 107 9 2 2 1 726 92 104 96 1 2 2 1 738 117 97 67 0 2 2 1 
160 211 283 242 106 6 8 8 193 229 345 224 11 6 8 8 186 276 467 62 12 7 6 8 
28 35 59 538 325 14 7 18 31 42 573 334 14 5 9 16 41 222 680 48 5 6 7 15 
216 115 38 389 243 14 4 5 156 127 509 208 16 3 4 1 141 470 288 113 7 4 1 0 
248 431 208 61 65 11 0 0 145 396 338 126 19 0 0 0 59 310 441 182 31 1 0 0 
369 333 240 60 12 8 2 0 246 289 313 144 18 7 6 1 134 249 334 233 55 10 7 2 
347 307 263 84 21 2 0 0 185 279 305 194 50 11 0 0 62 245 316 290 85 24 2 0 
600 255 132 32 4 1 0 0 489 259 172 84 17 2 1 0 315 372 148 137 45 6 1 0 
721 303 0 0 0 0 0 0 739 283 2 0 0 0 0 0 524 488 12 0 0 0 0 0 
911 113 0 0 0 0 0 0 966 58 0 0 0 0 0 0 910 114 0 0 0 0 0 0 
765 259 0 0 0 0 0 0 792 232 0 0 0 0 0 0 602 422 0 0 0 0 0 0 
241 779 4 0 0 0 0 0 221 795 8 0 0 0 0 0 73 886 65 0 0 0 0 0 
123 879 22 0 0 0 0 0 168 844 12 0 0 0 0 0 79 865 80 0 0 0 0 0 
603 297 81 36 7 0 0 0 692 249 63 20 0 0 0 0 634 320 58 12 0 0 0 0 
824 186 12 2 0 0 0 0 954 67 3 0 0 0 0 0 962 59 3 0 0 0 0 0 
0 8 190 612 207 7 0 0 12 168 614 223 7 0 0 0 57 380 543 44 0 0 0 0 
0 5 156 544 305 14 0 0 11 189 558 256 10 0 0 0 81 408 449 85 1 0 0 0 
0 3 184 565 261 11 0 0 11 227 592 185 9 0 0 0 135 476 366 47 0 0 0 0 
0 9 142 593 265 15 0 0 18 222 613 165 6 0 0 0 152 569 280 23 0 0 0 0 
0 14 159 432 358 55 6 0 13 211 494 256 43 7 0 0 116 432 363 85 20 8 0 0 
76 352 400 153 37 6 0 0 90 490 342 86 14 2 0 0 105 468 338 84 24 5 0 0 
1 39 134 565 274 11 0 0 0 29 95 535 352 13 0 0 0 11 64 428 474 47 0 0 
0 0 19 319 631 49 5 1 0 0 11 217 697 88 10 1 0 0 4 131 709 166 13 1 
0 4 23 172 690 130 5 0 0 3 15 101 653 242 10 0 0 2 12 71 596 326 17 0 
1 26 88 285 461 146 17 0 1 19 61 212 477 221 31 2 1 8 36 160 442 307 63 7 
4 30 135 360 414 68 9 4 0 19 68 256 456 199 22 4 0 5 42 154 412 361 45 5 
5 22 61 132 105 121 107 471 2 7 28 89 122 106 128 542 0 5 17 41 143 106 119 593 
2 3 20 145 387 207 43 217 1 4 6 100 336 286 67 224 1 4 5 88 309 313 79 225 
401 282 83 65 118 57 16 2 589 106 70 58 108 70 20 3 621 76 69 54 99 81 19 5 
477 349 39 60 82 16 1 0 718 118 38 69 69 11 1 0 752 82 41 73 66 10 0 0 
506 233 71 139 71 4 0 0 677 69 86 137 53 2 0 0 683 64 87 137 51 2 0 0 
510 286 111 98 19 0 0 0 721 82 129 82 10 0 0 0 727 73 142 76 6 0 0 0 
509 279 112 91 33 0 0 0 738 94 77 112 3 0 0 0 740 113 56 115 0 0 0 0 
428 356 118 110 12 0 0 0 510 284 137 91 2 0 0 0 494 295 166 67 2 0 0 0 
353 293 195 151 9 7 8 8 478 198 205 112 7 11 4 9 502 197 216 75 14 7 4 9 
29 114 164 619 39 3 6 50 25 129 562 235 10 7 6 50 19 305 568 59 9 8 6 50 
8 26 24 828 133 5 0 0 6 54 812 140 10 2 0 0 5 588 376 47 7 1 0 0 
196 208 119 340 125 22 8 6 119 297 404 136 42 19 5 2 75 500 256 137 34 16 3 3 
374 353 160 66 24 8 9 30 202 409 212 107 48 11 8 27 120 256 383 147 62 21 6 29 
537 260 153 58 14 1 1 0 501 259 181 65 13 4 1 0 448 217 228 99 24 6 1 1 
771 155 55 28 14 1 0 0 853 106 37 26 2 0 0 0 854 110 36 23 1 0 0 0 
740 156 55 33 15 11 8 6 734 177 55 20 15 10 7 6 716 171 85 15 15 10 6 6 
374 270 175 83 48 34 27 13 413 174 191 105 57 38 29 17 411 135 158 163 75 35 33 14 
204 477 164 83 41 17 22 16 171 460 188 95 48 21 20 21 76 433 272 116 62 22 18 25 
193 570 160 67 28 4 1 1 239 564 121 59 31 8 1 1 159 577 166 65 39 15 2 1 
197 669 136 20 2 0 0 0 572 393 45 14 0 0 0 0 637 342 36 9 0 0 0 0 
232 624 145 23 0 0 0 0 607 380 33 4 0 0 0 0 748 251 25 0 0 0 0 0 
0 18 285 515 195 11 0 0 37 374 471 140 2 0 0 0 278 518 218 10 0 0 0 0 
0 31 314 432 220 27 0 0 62 391 397 161 13 0 0 0 358 404 234 28 0 0 0 0 
0 10 309 491 202 12 0 0 33 431 442 115 3 0 0 0 375 468 172 9 0 0 0 0 
2 40 291 453 214 17 4 3 50 372 415 157 12 9 6 3 290 438 232 32 11 10 6 5 
43 137 278 328 181 43 11 3 18 177 289 282 152 75 21 10 65 218 237 237 151 74 30 12 
202 491 257 66 8 0 0 0 106 382 334 161 36 5 0 0 50 360 304 227 72 11 0 0 
11 81 329 456 137 10 0 0 5 103 278 454 164 19 1 0 0 78 218 434 257 35 2 0 
0 0 17 367 611 27 2 0 0 0 15 295 652 60 2 0 0 0 5 150 749 111 9 0 
0 3 7 143 732 104 29 6 0 2 7 53 713 201 42 6 0 2 4 27 624 306 47 14 
0 7 35 189 586 169 30 8 0 5 20 97 572 264 57 9 0 3 10 66 445 403 85 12 
10 45 145 398 336 75 11 4 5 24 84 291 462 127 25 6 5 10 59 189 496 215 42 8 
2 11 61 269 225 196 119 141 1 4 27 164 225 190 178 235 1 1 9 68 250 202 168 325 
3 20 56 155 342 155 25 268 2 14 54 133 312 205 33 271 2 11 49 123 333 199 35 272 
283 352 95 130 109 48 6 1 497 152 86 111 113 57 7 1 547 106 79 98 121 64 8 1 
300 560 54 46 57 7 0 0 707 164 54 51 47 1 0 0 757 117 55 58 36 1 0 0 
497 221 96 172 38 0 0 0 660 80 106 162 16 0 0 0 681 62 132 138 11 0 0 0 
536 264 139 63 11 5 2 4 716 102 138 51 6 4 3 4 723 93 145 48 4 4 3 4 
544 260 95 116 9 0 0 0 689 132 99 102 2 0 0 0 693 125 117 88 1 0 0 0 
340 312 161 165 27 10 2 7 356 316 173 137 19 12 4 7 334 284 220 134 26 13 6 7 
384 331 123 148 25 7 4 2 497 223 152 111 27 7 5 2 510 123 253 94 30 6 6 2 
562 247 124 52 24 7 1 7 495 303 129 53 27 9 0 8 438 163 292 75 33 14 1 8 
239 140 308 332 1 1 1 2 284 204 457 75 0 2 1 1 279 308 407 26 1 1 1 1 
10 26 143 836 4 1 1 3 11 162 786 59 1 1 1 3 17 598 395 8 1 1 1 3 
88 48 152 598 108 21 4 5 116 237 551 81 27 9 2 1 124 687 142 51 13 4 3 0 
365 126 124 248 128 30 3 0 406 121 222 142 92 32 9 0 405 202 139 120 90 53 12 3 
134 151 302 256 143 30 7 1 127 100 172 320 209 71 20 5 120 90 89 257 276 145 37 10 
51 162 287 303 167 45 6 3 34 89 219 284 286 92 15 5 8 68 128 270 299 195 46 10 
20 135 364 360 123 16 5 1 8 28 215 399 270 89 11 4 2 9 68 304 383 192 55 11 
353 507 139 24 1 0 0 0 149 588 205 68 13 1 0 0 40 474 319 147 39 4 1 0 
348 648 12 8 5 3 0 0 485 511 12 10 4 2 0 0 322 663 23 7 5 4 0 0 
66 781 103 62 12 0 0 0 677 237 82 27 1 0 0 0 735 214 63 12 0 0 0 0 
12 479 331 152 50 0 0 0 335 444 172 70 3 0 0 0 550 315 131 28 0 0 0 0 
0 117 424 356 117 10 0 0 159 421 338 104 2 0 0 0 489 369 155 11 0 0 0 0 
0 55 442 402 120 5 0 0 108 516 312 87 1 0 0 0 494 396 123 11 0 0 0 0 
0 55 470 428 70 1 0 0 110 573 298 43 0 0 0 0 528 428 67 1 0 0 0 0 
12 147 418 307 118 17 5 0 166 417 283 116 23 13 5 1 433 307 187 48 25 13 7 4 
136 248 256 195 127 43 18 1 23 143 265 240 183 114 37 19 17 87 244 245 196 150 53 32 
202 222 226 259 111 4 0 0 84 257 204 300 165 12 2 0 47 238 174 275 258 26 6 0 
0 28 133 472 374 17 0 0 0 33 117 427 420 27 0 0 0 23 67 275 561 98 0 0 
0 0 24 353 579 65 2 1 0 0 14 236 663 103 7 1 0 0 7 112 716 171 16 2 
0 0 22 184 680 121 13 4 0 0 10 126 648 214 22 4 0 0 2 80 557 347 32 6 
2 20 72 327 468 114 17 4 1 12 57 228 499 191 29 7 1 6 40 153 457 304 53 10 
0 9 70 379 357 149 48 12 0 1 42 263 429 198 69 22 0 1 22 138 452 285 91 35 
5 42 165 323 232 136 89 32 1 18 78 270 315 139 113 90 0 7 45 162 339 220 92 159 
9 104 277 194 132 72 67 169 5 87 259 175 138 88 60 212 2 56 252 171 156 97 62 228 
197 363 148 184 116 14 2 0 402 172 125 131 161 30 3 0 444 136 93 96 187 62 6 0 
315 552 58 56 40 1 1 1 729 167 55 53 17 2 1 0 794 106 55 54 12 2 1 0 
476 267 77 192 12 0 0 0 656 107 123 134 4 0 0 0 675 94 139 113 3 0 0 0 
514 298 125 81 6 0 0 0 736 79 138 68 3 0 0 0 743 79 156 42 4 0 0 0 
529 240 134 115 5 1 0 0 635 145 173 66 4 1 0 0 626 134 199 56 8 1 0 0 
450 272 171 123 7 1 0 0 550 178 207 86 2 1 0 0 526 196 212 87 1 2 0 0 
467 331 122 104 0 0 0 0 647 188 135 54 0 0 0 0 655 194 145 30 0 0 0 0 
707 232 59 26 0 0 0 0 729 198 60 34 3 0 0 0 704 186 80 43 11 0 0 0 
248 279 238 201 52 6 0 0 310 225 225 141 91 26 6 0 313 242 213 90 85 65 16 0 
93 280 309 238 66 22 11 5 40 230 304 244 136 41 21 8 25 144 260 250 193 101 38 13 
101 65 312 534 9 3 0 0 100 151 733 36 3 1 0 0 83 388 536 12 3 2 0 0 
0 0 313 688 18 5 0 0 0 328 670 21 5 0 0 0 21 780 213 9 1 0 0 0 
0 77 377 399 150 21 0 0 0 262 494 191 63 11 3 0 16 501 185 206 89 19 8 0 
29 213 417 281 73 10 0 1 7 62 397 401 143 11 2 1 4 47 202 396 301 70 3 1 
78 235 348 266 78 13 3 3 13 126 254 357 206 56 6 6 4 34 160 309 327 146 35 9 
587 316 51 35 17 11 4 3 556 305 75 42 20 14 5 7 386 362 128 68 36 18 13 13 
283 678 57 6 0 0 0 0 729 282 13 0 0 0 0 0 740 275 9 0 0 0 0 0 
87 756 138 31 12 0 0 0 627 347 36 14 0 0 0 0 822 179 23 0 0 0 0 0 
10 454 329 166 55 10 0 0 207 542 196 68 11 0 0 0 432 413 141 34 4 0 0 0 
0 133 559 279 51 2 0 0 169 581 232 40 2 0 0 0 614 321 83 6 0 0 0 0 
1 121 645 210 47 0 0 0 188 644 155 37 0 0 0 0 665 291 66 2 0 0 0 0 
2 179 629 182 27 4 1 0 205 618 167 26 7 1 0 0 633 320 53 11 6 1 0 0 
19 222 397 214 92 47 21 12 171 369 196 92 80 69 29 18 329 272 102 75 79 79 53 35 
249 264 222 188 80 17 4 0 117 225 209 222 171 65 14 1 74 198 221 222 187 92 27 3 
62 159 371 347 77 8 0 0 41 151 316 392 110 14 0 0 26 109 230 467 159 33 0 0 
2 3 106 627 271 13 2 0 2 3 70 586 343 18 2 0 1 4 20 470 479 47 2 1 
0 11 97 378 496 40 2 0 0 8 68 286 590 68 4 0 0 2 38 212 616 146 10 0 
0 6 66 266 618 62 6 0 0 5 37 209 640 121 12 0 0 5 12 142 636 211 14 4 
0 3 62 462 381 85 23 8 0 3 32 325 510 109 32 13 0 0 17 169 613 156 50 19 
0 3 139 532 272 56 16 6 0 0 66 471 349 106 25 7 0 0 20 285 498 178 33 10 
2 62 223 531 134 54 11 7 2 31 137 509 255 51 26 13 1 8 89 253 534 87 22 30 
14 21 113 219 191 110 88 268 11 14 83 155 200 112 132 317 3 13 83 130 204 119 118 354 
112 344 230 158 119 42 17 2 228 275 145 138 151 61 23 3 226 274 141 101 160 88 28 6 
304 578 46 60 35 1 0 0 685 208 52 62 16 1 0 0 752 143 56 64 8 1 0 0 
378 377 97 169 2 1 0 0 648 135 148 92 1 0 0 0 672 117 161 73 1 0 0 0 
583 229 140 67 2 2 1 0 760 66 149 46 0 2 1 0 763 69 154 35 1 1 1 0 
532 217 172 86 16 1 0 0 650 159 152 45 16 1 1 0 642 196 127 35 20 3 1 0 
406 227 245 106 38 2 0 0 458 150 230 121 33 30 2 0 457 158 189 117 53 29 21 0 
252 321 224 159 50 16 2 0 385 179 201 134 64 47 14 0 386 156 201 106 75 61 31 8 
528 58 153 148 105 27 5 0 516 24 99 113 137 104 25 6 507 20 33 115 108 143 75 23 
174 229 376 196 43 6 0 0 222 161 279 239 94 27 2 0 239 166 225 162 147 69 16 0 
46 213 354 276 108 27 0 0 31 91 237 349 216 82 18 0 12 24 131 282 337 168 65 5 
632 187 155 50 0 0 0 0 695 158 157 14 0 0 0 0 668 206 147 3 0 0 0 0 
41 134 426 365 48 9 1 0 41 262 487 142 62 28 2 0 36 323 441 95 87 29 12 1 
1 19 413 586 4 1 0 0 1 198 805 19 0 1 0 0 4 588 426 5 0 1 0 0 
0 3 447 480 90 2 1 1 0 374 537 107 4 0 1 1 40 688 256 35 3 0 0 2 
122 258 208 227 181 17 4 7 111 350 319 204 26 5 2 7 95 451 284 136 44 6 1 7 
323 641 17 20 23 0 0 0 436 540 17 31 0 0 0 0 430 552 34 8 0 0 0 0 
168 658 196 2 0 0 0 0 382 630 12 0 0 0 0 0 648 374 2 0 0 0 0 0 
2 600 422 0 0 0 0 0 178 813 33 0 0 0 0 0 465 477 82 0 0 0 0 0 
22 616 382 4 0 0 0 0 60 865 99 0 0 0 0 0 44 723 254 3 0 0 0 0 
1 332 583 102 6 0 0 0 156 719 142 7 0 0 0 0 525 455 44 0 0 0 0 0 
2 345 573 99 5 0 0 0 140 733 145 6 0 0 0 0 374 600 47 3 0 0 0 0 
8 336 529 132 16 3 0 0 68 638 240 65 12 1 0 0 144 579 203 73 23 2 0 0 
17 288 408 229 74 6 2 0 25 329 312 178 140 35 4 1 37 236 244 231 177 82 14 3 
95 203 325 290 85 20 5 1 24 143 254 373 184 39 4 3 6 94 204 403 243 54 16 4 
9 46 246 548 167 8 0 0 4 27 176 602 201 14 0 0 0 14 97 536 335 42 0 0 
11 44 206 578 160 19 6 0 11 34 149 558 236 27 9 0 4 26 96 413 437 35 13 0 
2 15 68 367 523 48 1 0 2 8 45 274 595 98 2 0 0 5 27 182 593 208 9 0 
0 17 75 326 489 87 15 15 0 10 59 257 524 135 23 16 0 3 50 144 552 220 33 22 
0 7 46 151 497 231 63 29 0 2 23 108 436 324 90 41 0 1 14 80 353 399 128 49 
0 1 58 483 391 67 16 8 0 0 28 325 558 83 16 14 0 0 9 178 661 133 27 16 
3 37 313 455 140 56 16 4 1 16 179 508 211 74 28 7 0 4 69 472 332 98 38 11 
3 27 85 186 322 196 108 97 1 11 43 144 176 265 192 192 0 3 23 94 154 259 209 282 
11 183 237 373 137 28 23 32 24 197 113 292 271 63 22 42 25 178 110 219 333 92 25 42 
216 616 97 66 25 2 1 1 509 347 94 55 15 3 1 0 560 292 101 55 12 3 1 0 
321 434 134 133 2 0 0 0 610 173 157 83 1 0 0 0 666 122 174 61 1 0 0 0 
493 291 114 107 11 6 0 2 721 93 136 60 9 3 1 1 738 81 143 47 11 2 1 1 
399 226 195 168 30 5 1 0 530 114 163 126 70 18 2 1 512 129 152 97 98 30 5 1 
358 114 252 192 67 26 11 4 358 125 204 179 79 56 15 8 326 129 181 148 109 78 37 16 
278 257 249 196 33 6 3 2 370 154 235 172 67 20 3 3 375 146 206 128 118 36 10 5 
579 60 177 132 61 8 6 1 571 24 121 150 113 35 6 4 561 18 49 131 151 92 16 6 
133 215 343 239 74 10 5 5 166 183 275 216 126 46 4 8 178 175 216 173 162 100 10 10 
130 164 271 277 133 38 8 3 121 89 212 318 182 80 15 7 100 40 138 266 290 133 45 12 
548 197 223 56 0 0 0 0 641 197 178 8 0 0 0 0 673 190 160 1 0 0 0 0 
196 210 233 254 109 21 1 0 187 184 145 186 228 83 11 0 141 177 125 144 249 145 38 5 
221 440 237 97 19 5 3 2 315 419 198 49 25 13 3 2 311 387 215 33 50 17 8 3 
21 95 375 531 1 1 0 0 43 210 736 34 1 0 0 0 58 425 531 9 1 0 0 0 
0 11 454 500 54 5 0 0 4 279 652 82 6 1 0 0 29 612 354 25 4 0 0 0 
30 82 344 302 152 56 33 25 67 303 338 183 61 44 17 11 135 421 279 91 60 23 13 2 
23 513 193 121 98 42 18 16 170 538 122 113 42 22 10 7 254 483 164 62 35 14 9 3 
80 560 383 1 0 0 0 0 133 874 16 1 0 0 0 0 88 811 125 0 0 0 0 0 
369 544 111 0 0 0 0 0 591 420 13 0 0 0 0 0 495 477 52 0 0 0 0 0 
1 535 458 30 0 0 0 0 51 889 83 1 0 0 0 0 141 833 50 0 0 0 0 0 
8 615 372 26 3 0 0 0 50 906 56 9 3 0 0 0 50 912 49 10 3 0 0 0 
10 445 417 127 18 6 0 1 14 525 230 163 76 14 1 1 19 447 203 177 143 28 5 2 
286 345 236 115 32 9 1 0 135 261 267 229 112 13 7 0 75 229 260 237 155 56 11 1 
254 332 281 131 20 5 1 0 108 314 312 241 38 9 2 0 58 229 318 323 81 11 3 1 
29 133 446 364 44 8 0 0 6 73 371 441 117 15 1 0 2 42 225 543 180 30 2 0 
2 47 232 555 176 12 0 0 2 33 175 514 279 21 0 0 0 24 104 407 449 40 0 0 
1 3 100 317 566 37 0 0 1 3 68 271 619 58 4 0 0 1 34 218 648 106 17 0 
0 4 77 341 543 44 11 4 0 2 54 257 623 64 16 8 0 1 18 147 720 103 26 9 
0 2 14 269 480 196 51 12 0 0 8 179 492 247 78 20 0 0 6 93 524 274 104 23 
0 0 18 333 529 121 20 3 0 0 4 205 602 176 34 3 0 0 3 109 634 228 45 5 
0 7 50 371 398 143 44 11 0 6 34 277 453 187 51 16 0 4 18 189 478 255 63 17 
0 8 205 364 235 133 50 29 0 2 68 387 221 185 98 63 0 0 21 214 368 180 142 99 
0 12 193 429 280 69 18 23 0 2 55 349 395 153 39 31 0 2 19 251 440 218 57 37 
94 506 304 112 8 0 0 0 192 456 192 168 15 1 0 0 167 461 187 181 27 1 0 0 
297 469 128 129 0 1 0 0 557 248 138 80 1 0 0 0 585 227 133 78 1 0 0 0 
565 201 133 116 7 2 0 0 717 77 175 50 3 2 0 0 737 67 182 35 2 1 0 0 
469 190 159 115 42 20 21 8 549 110 162 106 42 22 22 11 524 139 142 93 52 30 26 18 
349 148 236 188 66 17 12 8 394 98 231 159 91 29 11 11 360 114 220 108 120 70 18 14 
283 179 231 193 83 44 10 1 340 130 175 169 97 81 26 6 342 129 158 114 118 98 49 16 
601 103 122 82 56 32 22 6 620 51 89 92 73 43 28 28 596 40 55 106 85 58 36 48 
118 294 321 183 69 29 8 2 98 306 277 153 96 66 20 8 100 176 341 132 133 85 43 14 
269 352 184 123 55 28 12 1 239 269 210 120 100 49 26 11 215 81 301 155 123 88 37 24 
491 215 274 44 0 0 0 0 562 244 218 0 0 0 0 0 584 277 163 0 0 0 0 0 
225 454 254 74 17 0 0 0 395 332 196 82 18 1 0 0 338 324 201 121 35 5 0 0 
75 627 245 62 12 2 1 0 457 255 203 90 14 3 2 0 461 174 194 133 51 9 2 0 
418 300 252 46 8 0 0 0 468 298 188 50 18 2 0 0 455 279 172 73 34 10 1 0 
132 153 463 275 1 0 0 0 146 327 518 33 0 0 0 0 157 400 462 5 0 0 0 0 
0 21 466 515 20 2 0 0 3 198 774 44 4 1 0 0 16 499 490 17 2 0 0 0 
1 28 716 196 53 18 8 4 10 611 301 67 21 10 3 1 142 716 114 29 19 3 1 0 
106 154 306 192 186 42 31 7 155 354 208 212 42 37 15 1 246 371 230 114 33 23 7 0 
781 72 30 73 53 15 0 0 806 80 70 48 19 1 0 0 802 131 50 39 2 0 0 0 
26 883 115 0 0 0 0 0 52 971 1 0 0 0 0 0 34 987 3 0 0 0 0 0 
12 873 129 8 2 0 0 0 63 931 24 5 1 0 0 0 26 965 22 8 3 0 0 0 
53 346 267 224 92 35 6 1 44 303 128 224 204 82 36 3 14 273 125 192 244 115 50 11 
329 335 161 85 90 18 2 4 138 367 206 166 112 29 2 4 99 362 231 167 113 45 3 4 
69 153 249 423 117 13 0 0 34 109 226 485 151 19 0 0 16 76 182 481 233 36 0 0 
13 61 211 457 247 33 2 0 11 49 152 458 307 45 2 0 3 30 116 382 403 82 8 0 
0 3 98 674 243 6 0 0 0 2 82 552 378 10 0 0 0 0 41 393 567 23 0 0 
11 73 137 382 414 7 0 0 5 80 114 349 461 15 0 0 0 64 105 248 559 48 0 0 
0 14 97 338 567 8 0 0 0 10 90 229 682 13 0 0 0 3 53 128 809 31 0 0 
0 10 51 573 341 41 8 0 0 8 47 436 474 49 10 0 0 5 25 243 646 93 12 0 
0 14 187 429 368 25 1 0 0 7 136 380 436 64 1 0 0 2 56 302 523 138 3 0 
0 20 222 501 228 47 6 0 0 11 159 505 271 71 7 0 0 7 61 491 338 118 9 0 
5 41 342 436 137 50 10 3 1 16 200 528 173 77 24 5 0 7 69 483 304 103 38 20 
0 1 33 349 443 138 35 25 0 0 7 130 450 300 92 45 0 0 2 63 327 376 180 76 
32 273 280 265 114 37 17 6 67 285 167 267 159 49 20 10 73 269 132 260 191 62 28 9 
179 407 204 99 44 46 38 7 299 311 196 91 42 48 32 5 307 315 193 92 48 41 26 2 
547 293 108 75 1 0 0 0 722 129 136 37 0 0 0 0 733 119 143 29 0 0 0 0 
551 248 143 73 8 1 0 0 720 102 135 61 5 1 0 0 713 117 128 54 10 2 0 0 
434 313 143 113 5 5 6 5 527 245 166 60 8 4 8 6 524 221 192 51 15 6 6 9 
301 471 171 70 4 2 4 1 303 482 184 45 4 1 4 1 302 260 391 57 7 2 4 1 
647 299 57 21 0 0 0 0 672 266 62 24 0 0 0 0 663 105 198 54 4 0 0 0 
101 662 206 55 0 0 0 0 512 299 192 21 0 0 0 0 482 288 251 3 0 0 0 0 
398 521 77 27 1 0 0 0 781 145 81 17 0 0 0 0 739 146 117 22 0 0 0 0 
414 239 334 33 4 0 0 0 516 298 193 13 3 1 0 0 547 308 151 10 6 2 0 0 
111 445 386 65 15 2 0 0 107 383 399 114 18 3 0 0 33 231 439 278 34 7 2 0 
120 354 402 134 12 2 0 0 15 129 446 356 70 7 1 0 1 37 180 435 305 60 5 1 
752 161 90 15 4 2 0 0 705 109 93 88 24 4 1 0 683 47 90 83 84 31 6 0 
293 229 469 32 1 0 0 0 355 329 337 3 0 0 0 0 358 356 308 2 0 0 0 0 
520 119 302 83 0 0 0 0 528 263 232 1 0 0 0 0 532 310 182 0 0 0 0 0 
14 65 544 401 0 0 0 0 18 256 748 2 0 0 0 0 19 496 508 1 0 0 0 0 
0 0 843 181 0 0 0 0 0 550 474 0 0 0 0 0 79 770 175 0 0 0 0 0 
17 61 573 269 94 10 0 0 29 633 239 98 25 0 0 0 291 531 113 71 18 0 0 0 
70 875 76 3 0 0 0 0 73 937 14 0 0 0 0 0 23 978 23 0 0 0 0 0 
53 868 93 10 0 0 0 0 146 775 90 13 0 0 0 0 9 836 130 45 4 0 0 0 
91 321 401 158 41 10 2 0 39 223 319 306 95 33 8 1 11 139 262 333 208 52 15 4 
74 214 297 306 118 13 2 0 65 195 265 345 134 17 3 0 44 155 229 369 189 31 6 1 
79 121 247 378 187 11 0 1 60 83 241 391 229 19 0 1 52 69 188 388 289 37 0 1 
2 33 244 460 260 25 0 0 1 33 218 439 297 36 0 0 1 14 165 409 367 68 0 0 
0 3 61 641 291 19 7 2 0 3 41 621 328 23 6 2 0 2 21 499 458 33 9 2 
0 0 28 633 353 10 0 0 0 0 19 507 478 19 1 0 0 0 8 343 641 31 1 0 
0 14 88 400 468 49 4 1 0 13 74 307 547 76 5 2 0 5 60 241 601 108 7 2 
0 23 52 474 441 24 9 1 0 27 44 393 518 32 9 1 1 20 43 295 597 55 12 1 
13 101 190 436 243 37 4 0 10 122 172 403 268 44 5 0 4 97 168 319 371 61 4 0 
2 8 63 754 176 17 2 2 0 9 39 722 221 28 3 2 0 6 20 632 324 36 4 2 
6 44 326 514 121 11 1 1 3 26 166 619 186 22 0 2 2 16 66 594 295 48 1 2 
5 31 129 211 364 211 72 1 3 21 53 180 214 324 159 70 1 8 38 105 187 293 231 161 
9 39 207 364 318 57 23 7 13 34 106 320 391 124 26 10 15 33 54 277 411 182 38 14 
131 509 225 123 25 5 3 3 243 465 168 110 25 5 5 3 217 479 175 112 20 13 5 3 
343 488 162 31 0 0 0 0 644 202 166 12 0 0 0 0 615 238 169 2 0 0 0 0 
485 308 155 76 0 0 0 0 603 199 171 51 0 0 0 0 586 209 194 35 0 0 0 0 
497 238 183 91 7 4 2 2 591 181 183 56 6 4 1 2 592 181 196 44 4 4 1 2 
297 503 136 78 6 2 1 1 681 159 138 38 4 2 2 0 642 203 159 13 3 2 2 0 
661 226 67 55 14 1 0 0 841 65 74 38 6 0 0 0 841 74 69 34 6 0 0 0 
151 631 186 51 5 0 0 0 665 161 151 32 12 3 0 0 685 153 148 27 10 1 0 0 
485 353 115 64 7 0 0 0 615 152 129 96 27 5 0 0 633 135 129 94 30 3 0 0 
378 275 335 34 2 0 0 0 438 363 212 11 0 0 0 0 468 363 179 14 0 0 0 0 
495 365 140 20 4 0 0 0 346 396 208 68 6 0 0 0 289 301 295 117 22 0 0 0 
600 356 61 7 0 0 0 0 130 440 388 61 5 0 0 0 49 129 431 360 53 2 0 0 
798 158 68 0 0 0 0 0 845 93 81 5 0 0 0 0 856 38 79 46 5 0 0 0 
396 165 443 20 0 0 0 0 421 302 301 0 0 0 0 0 427 347 250 0 0 0 0 0 
1024 0 0 0 0 0 0 0 1024 0 0 0 0 0 0 0 1024 0 0 0 0 0 0 0 
794 66 137 22 1 4 0 0 799 111 100 9 1 4 0 0 802 149 63 5 2 3 0 0 
138 91 519 269 3 2 1 1 143 225 626 24 2 2 1 1 148 358 502 10 2 2 1 1 
0 7 532 467 17 1 0 0 3 254 719 42 6 0 0 0 14 524 468 17 1 0 0 0 
160 766 86 10 1 1 0 0 251 623 123 22 3 2 0 0 67 703 158 82 10 3 1 0 
192 583 186 46 16 1 0 0 90 470 355 84 23 2 0 0 15 212 460 270 52 14 1 0 
471 255 196 78 16 3 2 3 314 276 175 178 63 12 2 4 202 287 187 168 139 33 3 5 
130 337 386 126 38 6 1 0 166 410 284 117 40 7 0 0 136 384 289 153 53 8 1 0 
9 165 415 294 125 13 3 0 10 171 406 293 128 13 3 0 5 140 353 349 156 16 4 1 
1 58 265 559 127 14 0 0 2 64 230 571 138 18 1 0 1 43 193 558 201 25 3 0 
0 0 37 820 158 6 3 0 0 0 24 791 196 10 3 0 0 0 12 700 293 14 4 1 
15 52 145 561 231 18 2 0 16 54 121 533 273 25 2 0 10 51 90 426 409 35 3 0 
1 2 14 332 586 73 11 5 1 2 12 234 647 110 13 5 1 2 9 154 708 131 13 6 
0 4 34 412 474 80 14 6 0 3 26 343 532 96 16 8 0 1 18 234 633 112 19 7 
0 3 79 402 412 113 15 0 0 1 60 352 436 146 28 1 0 1 36 297 450 206 32 2 
2 15 65 310 442 139 30 21 1 9 39 254 483 166 46 26 0 6 17 176 550 191 57 27 
12 63 214 413 224 60 23 15 7 33 176 387 289 89 26 17 1 22 106 338 370 126 39 22 
2 39 189 242 247 168 89 48 0 13 117 249 193 205 133 114 0 4 57 219 212 197 152 183 
15 22 78 381 410 69 41 8 4 15 33 185 429 260 54 44 2 4 26 98 355 381 99 59 
67 347 372 179 46 7 6 0 110 305 217 303 68 13 7 1 128 260 171 315 124 17 7 2 
248 571 154 42 5 2 1 1 443 333 209 30 5 2 1 1 457 316 208 35 4 2 1 1 
432 371 176 45 0 0 0 0 630 186 170 38 0 0 0 0 625 187 173 39 0 0 0 0 
529 186 214 71 10 7 0 7 539 130 268 64 8 7 2 6 532 142 275 51 10 6 2 6 
344 481 150 49 0 0 0 0 740 116 141 27 0 0 0 0 761 106 143 14 0 0 0 0 
647 164 115 92 6 0 0 0 764 79 126 51 4 0 0 0 780 88 124 31 1 0 0 0 
350 371 245 53 5 0 0 0 185 250 269 234 77 9 0 0 197 253 269 224 74 7 0 0 
741 187 78 18 0 0 0 0 635 142 180 60 7 0 0 0 621 139 170 85 9 0 0 0 
514 201 276 33 0 0 0 0 550 280 190 4 0 0 0 0 566 305 153 0 0 0 0 0 
998 19 6 1 0 0 0 0 982 21 14 7 0 0 0 0 979 11 18 14 2 0 0 0 
773 147 84 20 0 0 0 0 609 295 108 12 0 0 0 0 466 331 196 31 0 0 0 0 
719 152 144 9 0 0 0 0 795 99 130 0 0 0 0 0 828 94 100 2 0 0 0 0 
585 129 303 7 0 0 0 0 597 309 117 1 0 0 0 0 588 323 113 0 0 0 0 0 
1024 0 0 0 0 0 0 0 1024 0 0 0 0 0 0 0 1024 0 0 0 0 0 0 0 
1024 0 0 0 0 0 0 0 1024 0 0 0 0 0 0 0 1024 0 0 0 0 0 0 0 
965 37 20 2 0 0 0 0 971 40 13 0 0 0 0 0 974 37 13 0 0 0 0 0 
289 217 343 171 2 2 0 0 293 355 353 19 2 2 0 0 318 418 278 8 2 0 0 0 
505 435 52 19 7 6 0 0 442 485 56 27 8 6 0 0 96 752 110 48 12 6 0 0 
166 469 288 87 9 5 0 0 55 328 440 161 34 5 1 0 12 118 455 331 94 10 4 0 
453 199 113 129 126 3 1 0 289 331 131 102 162 8 1 0 180 339 214 102 175 12 2 0 
9 53 306 416 215 24 1 0 6 38 255 400 278 42 5 0 5 25 218 400 313 58 5 0 
11 48 424 441 86 8 3 3 11 52 390 448 108 9 3 3 11 43 300 513 137 16 2 2 
0 9 87 687 222 19 0 0 1 8 61 674 252 28 0 0 1 7 42 661 271 41 1 0 
0 0 36 842 140 3 3 0 0 0 28 794 195 4 3 0 0 0 15 677 317 12 3 0 
0 9 58 489 449 14 3 2 0 8 44 392 554 21 2 3 0 5 32 277 672 32 2 4 
0 2 41 501 390 80 10 0 0 2 28 383 475 120 16 0 0 1 13 308 535 146 21 0 
1 9 56 266 500 172 19 1 2 8 38 235 461 247 31 2 1 9 27 200 435 307 42 3 
7 26 104 416 360 97 12 2 5 22 75 371 403 129 15 4 6 19 72 320 429 153 21 4 
16 70 100 274 339 146 58 21 10 64 92 243 339 165 79 32 5 54 77 182 378 190 87 51 
13 65 179 383 237 93 32 22 7 52 117 360 275 142 40 31 2 34 73 340 311 176 55 33 
0 42 455 387 81 43 13 3 0 7 269 508 148 57 26 9 0 1 108 547 240 79 30 19 
0 0 19 362 439 174 24 6 0 0 0 101 450 316 132 25 0 0 0 20 349 405 189 61 
21 86 344 413 129 16 9 6 22 72 174 429 270 34 17 6 35 62 102 394 349 61 14 7 
130 579 215 78 18 1 0 3 200 472 164 152 29 4 0 3 191 454 168 153 51 4 0 3 
387 378 235 24 0 0 0 0 455 302 240 27 0 0 0 0 457 323 230 14 0 0 0 0 
682 118 169 55 0 0 0 0 655 133 194 42 0 0 0 0 646 152 186 40 0 0 0 0 
506 322 145 51 0 0 0 0 688 168 153 15 0 0 0 0 707 153 153 11 0 0 0 0 
604 158 186 64 5 1 1 5 680 146 160 31 0 1 2 4 703 153 136 25 1 1 2 3 
743 202 62 15 2 0 0 0 470 372 139 40 3 0 0 0 409 400 166 45 4 0 0 0 
891 57 61 15 0 0 0 0 854 87 67 16 0 0 0 0 848 93 68 15 0 0 0 0 
558 184 277 5 0 0 0 0 580 263 181 0 0 0 0 0 588 273 163 0 0 0 0 0 
1018 6 0 0 0 0 0 0 949 75 0 0 0 0 0 0 977 47 0 0 0 0 0 0 
799 113 97 12 3 0 0 0 664 223 120 14 3 0 0 0 683 229 99 11 2 0 0 0 
581 122 317 4 0 0 0 0 620 199 205 0 0 0 0 0 654 208 162 0 0 0 0 0 
793 132 99 0 0 0 0 0 801 213 10 0 0 0 0 0 800 214 10 0 0 0 0 0 
1024 0 0 0 0 0 0 0 1024 0 0 0 0 0 0 0 1024 0 0 0 0 0 0 0 
1024 0 0 0 0 0 0 0 1024 0 0 0 0 0 0 0 1024 0 0 0 0 0 0 0 
1024 0 0 0 0 0 0 0 1024 0 0 0 0 0 0 0 1024 0 0 0 0 0 0 0 
644 329 49 2 0 0 0 0 717 280 25 2 0 0 0 0 762 245 15 2 0 0 0 0 
