497 415 82 19 7 4 0 0 202 656 122 28 11 3 2 0 320 559 109 21 11 4 0 0 
529 364 74 34 11 7 1 4 206 638 98 48 17 11 1 5 296 564 95 41 14 9 1 4 
489 282 101 65 42 17 11 17 85 613 135 82 42 32 17 18 219 527 125 67 41 19 15 11 
412 287 100 67 55 45 27 31 282 370 127 72 74 43 26 30 278 396 120 86 60 38 20 26 
289 292 143 97 75 55 38 35 182 337 167 101 91 61 48 37 229 330 158 105 80 54 45 23 
669 263 47 30 11 4 0 0 363 529 76 34 18 2 2 0 482 445 53 30 10 4 0 0 
646 329 31 11 7 0 0 0 184 762 52 18 4 4 0 0 407 563 34 13 7 0 0 0 
505 454 47 15 2 1 0 0 94 803 99 22 5 1 0 0 298 638 65 19 2 2 0 0 
497 486 32 2 5 2 0 0 33 816 153 13 3 4 2 0 114 827 70 5 6 0 2 0 
214 664 95 26 15 5 3 2 16 572 353 48 19 9 3 4 68 683 208 41 14 5 3 2 
187 418 206 91 47 33 24 18 53 335 349 138 64 33 31 21 103 412 261 109 66 35 21 17 
86 404 265 114 78 42 26 9 31 229 367 195 101 55 26 20 49 292 375 141 82 52 23 10 
22 67 206 122 117 96 102 292 20 31 141 201 131 104 111 285 21 34 186 169 119 95 107 293 
0 0 0 0 0 0 3 1021 0 0 0 0 0 0 3 1021 0 0 0 0 0 0 3 1021 
0 0 0 0 0 0 0 1024 0 0 0 0 0 0 0 1024 0 0 0 0 0 0 0 1024 
0 0 0 0 0 0 0 1024 0 0 0 0 0 0 0 1024 0 0 0 0 0 0 0 1024 
0 0 0 0 0 0 0 1024 0 0 0 0 0 0 0 1024 0 0 0 0 0 0 0 1024 
0 0 0 0 0 0 0 1024 0 0 0 0 0 0 0 1024 0 0 0 0 0 0 0 1024 
0 0 0 0 0 0 0 1024 0 0 0 0 0 0 0 1024 0 0 0 0 0 0 0 1024 
0 0 0 0 0 0 0 1024 0 0 0 0 0 0 0 1024 0 0 0 0 0 0 0 1024 
4 16 15 24 4 12 14 935 3 15 12 22 10 12 15 935 15 12 15 18 12 7 25 920 
0 14 16 11 8 3 13 959 1 15 15 13 6 3 18 953 5 16 13 10 6 9 18 947 
0 0 0 0 0 0 0 1024 0 0 0 0 0 0 0 1024 0 0 0 0 0 0 0 1024 
0 0 0 0 0 0 0 1024 0 0 0 0 0 0 0 1024 0 0 0 0 0 0 0 1024 
0 0 0 0 0 0 0 1024 0 0 0 0 0 0 0 1024 0 0 0 0 0 0 0 1024 
0 0 0 0 0 0 0 1024 0 0 0 0 0 0 0 1024 0 0 0 0 0 0 0 1024 
0 2 15 30 90 34 13 840 0 3 13 33 102 21 32 820 0 4 15 25 73 59 154 694 
0 0 19 182 561 139 10 113 0 0 15 143 626 117 11 112 0 0 12 79 536 273 34 90 
0 0 20 376 622 6 0 0 0 0 11 211 787 15 0 0 0 0 4 44 817 159 0 0 
0 0 25 475 519 5 0 0 0 0 17 361 626 20 0 0 0 0 2 91 795 136 0 0 
0 9 52 697 266 0 0 0 0 7 43 546 428 0 0 0 0 0 16 136 807 65 0 0 
0 4 37 530 453 0 0 0 0 3 20 391 610 0 0 0 0 1 5 98 719 201 0 0 
0 0 33 459 532 0 0 0 0 0 19 347 654 4 0 0 0 0 3 63 653 305 0 0 
0 1 139 825 58 1 0 0 0 0 54 830 137 3 0 0 0 0 4 286 710 24 0 0 
0 7 127 748 142 0 0 0 0 4 90 638 292 0 0 0 0 0 27 207 771 19 0 0 
0 0 58 779 185 2 0 0 0 0 16 701 303 4 0 0 0 0 1 129 802 92 0 0 
312 543 89 43 16 8 6 7 100 680 150 54 18 6 9 7 129 679 127 51 18 7 6 7 
357 541 80 37 7 2 0 0 86 702 173 38 23 2 0 0 164 672 136 37 13 2 0 0 
389 499 88 29 10 7 0 2 123 686 142 49 15 7 0 2 205 642 120 34 14 7 0 2 
426 392 103 54 18 17 8 6 171 569 158 63 27 18 11 7 231 548 132 59 24 17 8 5 
366 297 124 107 56 38 16 20 293 352 140 99 57 42 18 23 295 344 140 108 61 38 19 19 
237 301 155 91 62 61 45 72 219 288 158 107 61 70 42 79 206 308 184 89 63 61 47 66 
396 341 124 74 34 25 18 12 194 513 139 75 46 28 19 10 249 460 151 70 43 26 15 10 
302 420 138 62 47 26 20 9 99 525 202 79 45 37 23 14 163 497 189 70 45 28 26 6 
244 494 113 69 44 18 16 26 114 555 171 85 40 22 13 24 116 557 168 80 43 18 20 22 
232 323 140 97 86 39 45 62 126 351 181 117 97 39 51 62 180 354 162 102 80 43 53 50 
348 316 80 89 59 49 34 49 148 486 98 91 66 54 33 48 197 444 107 96 66 42 27 45 
100 276 155 102 106 80 83 122 80 237 193 118 105 87 79 125 90 265 171 103 115 85 77 118 
23 9 30 39 61 73 106 683 24 8 32 42 64 75 106 673 25 6 34 40 63 76 109 671 
0 0 0 0 0 0 0 1024 0 0 0 0 0 0 0 1024 0 0 0 0 0 0 0 1024 
0 0 0 0 0 0 0 1024 0 0 0 0 0 0 0 1024 0 0 0 0 0 0 0 1024 
0 0 0 0 0 0 0 1024 0 0 0 0 0 0 0 1024 0 0 0 0 0 0 0 1024 
0 0 0 0 0 0 0 1024 0 0 0 0 0 0 0 1024 0 0 0 0 0 0 0 1024 
0 0 0 0 0 0 0 1024 0 0 0 0 0 0 0 1024 0 0 0 0 0 0 0 1024 
0 0 0 0 0 0 0 1024 0 0 0 0 0 0 0 1024 0 0 0 0 0 0 0 1024 
34 24 40 429 33 15 12 437 31 25 36 430 37 14 12 439 35 27 35 152 313 16 12 434 
29 154 179 630 29 0 2 1 32 153 169 634 33 0 1 2 3 87 172 531 228 3 0 0 
49 81 165 688 26 4 2 9 49 84 155 702 20 3 4 7 12 82 110 558 249 4 5 4 
13 46 85 463 73 13 18 313 15 49 77 481 61 10 18 313 1 48 75 207 352 11 18 312 
5 3 8 22 19 7 3 957 6 3 9 28 12 6 4 956 6 2 8 19 22 7 4 956 
0 0 0 0 0 0 0 1024 0 0 0 0 0 0 0 1024 0 0 0 0 0 0 0 1024 
11 11 34 80 138 33 20 697 12 9 40 79 138 29 34 683 12 14 30 71 121 65 48 663 
0 0 11 167 668 114 9 55 0 0 16 137 726 83 8 54 0 0 11 49 442 460 16 46 
0 0 8 393 611 12 0 0 0 0 7 223 782 12 0 0 0 0 1 19 551 452 1 0 
0 5 10 502 507 0 0 0 0 5 10 456 551 2 0 0 0 1 4 19 703 297 0 0 
0 2 147 749 126 0 0 0 0 2 108 754 160 0 0 0 0 0 9 277 653 85 0 0 
0 1 51 659 309 4 0 0 0 1 24 569 424 6 0 0 0 0 1 94 741 187 1 0 
0 0 11 411 602 0 0 0 0 0 10 295 719 0 0 0 0 0 0 27 617 380 0 0 
0 0 13 723 284 4 0 0 0 0 10 547 465 2 0 0 0 0 0 31 773 220 0 0 
0 8 111 829 74 2 0 0 0 5 59 809 147 4 0 0 0 0 12 156 789 63 4 0 
0 4 108 862 48 2 0 0 0 3 58 818 140 5 0 0 0 0 4 167 825 26 2 0 
0 1 23 894 102 4 0 0 0 1 12 805 189 17 0 0 0 0 1 64 887 72 0 0 
600 290 56 27 17 18 11 5 321 539 68 37 22 13 17 7 426 450 64 35 17 18 10 4 
586 359 51 15 9 1 3 0 180 689 120 21 7 3 3 1 281 616 99 14 10 0 4 0 
628 318 48 22 4 1 1 2 184 709 90 26 11 0 2 2 301 619 67 24 9 1 1 2 
619 355 35 6 2 5 0 2 241 673 82 14 6 5 1 2 330 603 65 15 5 3 1 2 
615 277 78 33 11 7 3 0 364 441 141 41 22 8 4 3 428 410 117 39 17 8 5 0 
304 390 158 72 46 37 11 6 173 433 200 96 54 43 18 7 183 437 218 76 56 36 12 6 
454 234 103 82 56 47 30 18 280 378 107 86 70 49 32 22 367 298 124 79 59 53 24 20 
479 352 100 48 25 13 7 0 147 623 137 61 31 16 8 1 271 531 121 55 28 12 6 0 
380 396 110 44 31 19 12 32 165 565 139 56 30 21 16 32 262 488 131 49 33 19 13 29 
339 341 163 79 51 27 19 5 135 457 206 99 69 30 20 8 237 404 186 86 58 28 20 5 
350 373 97 62 41 42 30 29 165 501 129 74 53 39 35 28 260 454 102 62 50 45 26 25 
168 312 182 144 83 63 41 31 61 353 212 153 97 68 41 39 96 345 203 152 96 64 40 28 
29 33 46 69 83 61 63 640 22 38 47 74 84 62 60 637 22 32 36 72 83 75 61 643 
0 0 0 0 0 0 0 1024 0 0 0 0 0 0 0 1024 0 0 0 0 0 0 0 1024 
0 0 0 0 0 0 0 1024 0 0 0 0 0 0 0 1024 0 0 0 0 0 0 0 1024 
0 0 0 0 0 0 0 1024 0 0 0 0 0 0 0 1024 0 0 0 0 0 0 0 1024 
0 0 0 0 0 0 0 1024 0 0 0 0 0 0 0 1024 0 0 0 0 0 0 0 1024 
0 0 0 0 0 0 0 1024 0 0 0 0 0 0 0 1024 0 0 0 0 0 0 0 1024 
0 0 0 0 0 0 0 1024 0 0 0 0 0 0 0 1024 0 0 0 0 0 0 0 1024 
26 20 34 650 27 6 8 253 29 20 32 642 34 6 8 253 28 21 22 228 458 6 8 253 
4 125 213 675 7 0 0 0 3 129 215 668 9 0 0 0 0 26 186 479 333 0 0 0 
54 228 247 493 2 0 0 0 53 213 240 515 3 0 0 0 4 116 251 452 201 0 0 0 
16 110 146 745 7 0 0 0 14 106 139 756 9 0 0 0 1 47 131 479 366 0 0 0 
23 13 25 93 22 7 8 833 27 10 27 103 9 8 7 833 21 14 22 42 76 8 9 832 
8 15 55 144 182 17 13 590 8 17 47 122 211 15 14 590 8 19 38 64 241 53 21 580 
0 3 22 358 608 17 3 13 0 6 14 285 688 15 3 13 0 7 8 60 628 303 7 11 
0 0 4 353 667 0 0 0 0 0 2 165 853 4 0 0 0 0 0 9 497 518 0 0 
0 0 42 642 336 4 0 0 0 0 27 523 464 10 0 0 0 0 1 63 733 227 0 0 
0 5 43 643 319 14 0 0 0 2 33 469 504 16 0 0 0 0 4 35 578 395 12 0 
0 3 115 660 246 0 0 0 0 0 82 568 374 0 0 0 0 0 3 128 734 159 0 0 
42 70 66 672 168 6 0 0 18 89 50 610 249 8 0 0 4 84 33 120 715 67 1 0 
41 46 33 305 580 19 0 0 22 62 23 279 612 26 0 0 2 74 18 59 662 209 0 0 
0 0 5 589 430 0 0 0 0 0 4 548 472 0 0 0 0 0 1 8 975 40 0 0 
0 1 63 590 370 0 0 0 0 0 23 593 407 1 0 0 0 0 1 77 770 176 0 0 
0 4 83 796 141 0 0 0 0 1 30 761 229 3 0 0 0 0 4 59 829 130 2 0 
0 0 95 819 110 0 0 0 0 0 31 702 291 0 0 0 0 0 0 61 753 210 0 0 
605 330 43 28 13 1 4 0 249 612 94 39 20 5 2 3 379 528 64 31 17 1 3 1 
730 275 19 0 0 0 0 0 221 740 61 2 0 0 0 0 408 587 28 1 0 0 0 0 
879 145 0 0 0 0 0 0 368 649 7 0 0 0 0 0 567 456 1 0 0 0 0 0 
860 144 19 1 0 0 0 0 379 612 26 7 0 0 0 0 526 467 27 4 0 0 0 0 
821 197 5 1 0 0 0 0 286 713 22 3 0 0 0 0 480 529 13 2 0 0 0 0 
634 315 57 12 4 0 2 0 249 638 104 24 7 0 2 0 417 503 77 19 6 0 2 0 
399 284 137 103 53 22 16 10 249 404 140 101 71 25 20 14 281 384 149 109 59 20 13 9 
580 277 72 38 18 15 11 13 270 548 98 44 26 13 11 14 393 449 86 38 22 15 9 12 
471 446 52 28 10 11 3 3 109 770 80 38 10 10 4 3 203 688 76 33 8 10 6 0 
309 471 124 52 35 21 6 6 114 551 209 69 37 29 9 6 178 545 176 52 42 21 5 5 
291 366 128 61 56 34 32 56 163 449 160 74 54 38 35 51 166 442 159 69 62 40 39 47 
183 389 161 86 63 40 31 71 95 356 253 101 72 41 33 73 115 374 225 99 70 40 33 68 
14 7 5 21 19 25 43 890 15 6 6 20 19 27 43 888 14 7 4 19 22 25 42 891 
0 0 0 0 0 0 0 1024 0 0 0 0 0 0 0 1024 0 0 0 0 0 0 0 1024 
0 0 0 0 0 0 0 1024 0 0 0 0 0 0 0 1024 0 0 0 0 0 0 0 1024 
0 0 0 0 0 0 0 1024 0 0 0 0 0 0 0 1024 0 0 0 0 0 0 0 1024 
0 0 0 0 0 0 0 1024 0 0 0 0 0 0 0 1024 0 0 0 0 0 0 0 1024 
0 0 0 0 0 0 0 1024 0 0 0 0 0 0 0 1024 0 0 0 0 0 0 0 1024 
0 0 0 0 0 0 0 1024 0 0 0 0 0 0 0 1024 0 0 0 0 0 0 0 1024 
35 69 120 603 17 6 8 166 36 70 113 597 28 6 8 166 34 31 97 222 460 6 8 166 
13 144 289 572 6 0 0 0 14 145 283 575 7 0 0 0 0 41 242 516 225 0 0 0 
30 148 184 649 13 0 0 0 26 145 181 656 16 0 0 0 6 81 164 512 261 0 0 0 
20 95 123 767 19 0 0 0 13 92 115 787 17 0 0 0 1 62 95 350 516 0 0 0 
2 29 25 209 355 42 25 337 11 25 32 169 378 46 28 335 2 31 20 100 328 183 24 336 
0 1 11 275 728 9 0 0 0 0 8 180 821 15 0 0 0 1 3 30 623 367 0 0 
0 0 6 352 664 2 0 0 0 0 4 215 798 7 0 0 0 0 0 14 649 360 1 0 
0 0 12 711 300 1 0 0 0 0 2 468 551 3 0 0 0 0 0 19 697 308 0 0 
0 0 7 722 295 0 0 0 0 0 3 410 611 0 0 0 0 0 0 10 830 184 0 0 
18 10 65 579 346 6 0 0 11 16 35 367 582 13 0 0 0 23 8 43 553 397 0 0 
301 349 69 140 150 15 0 0 91 557 58 128 168 22 0 0 3 607 51 75 177 108 3 0 
680 341 3 0 0 0 0 0 82 939 3 0 0 0 0 0 0 995 28 1 0 0 0 0 
506 512 3 2 1 0 0 0 136 882 3 2 1 0 0 0 5 1007 9 2 1 0 0 0 
74 300 31 291 186 32 14 96 61 319 26 160 317 35 19 87 27 286 80 35 391 94 28 83 
0 0 14 329 678 3 0 0 0 0 6 213 800 5 0 0 0 0 0 9 644 371 0 0 
0 1 75 715 229 4 0 0 0 0 24 568 417 15 0 0 0 0 0 52 682 288 2 0 
0 1 137 689 197 0 0 0 0 0 22 597 405 0 0 0 0 0 0 57 712 255 0 0 
779 226 19 0 0 0 0 0 535 430 58 1 0 0 0 0 601 368 55 0 0 0 0 0 
799 184 31 8 2 0 0 0 395 556 54 14 4 1 0 0 536 425 47 14 1 1 0 0 
742 249 28 3 2 0 0 0 327 557 127 9 3 1 0 0 480 435 100 5 3 1 0 0 
987 37 0 0 0 0 0 0 722 302 0 0 0 0 0 0 829 195 0 0 0 0 0 0 
873 135 16 0 0 0 0 0 451 534 34 5 0 0 0 0 636 363 22 3 0 0 0 0 
713 160 56 30 20 16 14 15 536 326 66 28 18 20 13 17 573 287 62 30 26 21 12 13 
559 265 79 44 30 26 9 12 293 500 99 42 45 23 10 12 405 405 87 51 33 23 10 10 
727 184 36 32 26 12 1 6 419 482 38 38 25 11 6 5 546 361 40 33 28 9 3 4 
761 220 25 8 6 3 1 0 360 607 35 10 4 6 2 0 559 416 31 8 6 3 1 0 
566 387 52 14 5 0 0 0 127 781 82 24 10 0 0 0 333 605 64 14 8 0 0 0 
172 335 139 101 76 66 43 92 91 315 217 108 82 71 45 95 88 317 214 125 75 73 51 81 
22 58 86 84 69 106 115 484 26 63 81 86 74 113 113 468 18 61 80 87 74 117 125 462 
0 0 2 2 4 6 4 1006 0 0 2 2 4 6 4 1006 0 0 2 2 4 6 4 1006 
0 0 0 0 0 0 0 1024 0 0 0 0 0 0 0 1024 0 0 0 0 0 0 0 1024 
0 0 0 0 0 0 0 1024 0 0 0 0 0 0 0 1024 0 0 0 0 0 0 0 1024 
0 0 0 0 0 0 0 1024 0 0 0 0 0 0 0 1024 0 0 0 0 0 0 0 1024 
0 0 0 0 0 0 0 1024 0 0 0 0 0 0 0 1024 0 0 0 0 0 0 0 1024 
0 0 0 0 0 0 0 1024 0 0 0 0 0 0 0 1024 0 0 0 0 0 0 0 1024 
0 0 0 0 0 0 0 1024 0 0 0 0 0 0 0 1024 0 0 0 0 0 0 0 1024 
31 99 156 615 12 7 9 95 24 103 152 619 14 6 10 96 10 52 139 447 264 7 10 95 
25 118 166 711 4 0 0 0 17 116 149 733 9 0 0 0 1 58 113 551 301 0 0 0 
37 186 238 559 4 0 0 0 37 188 231 562 6 0 0 0 5 90 225 525 179 0 0 0 
43 141 158 674 8 0 0 0 39 142 149 682 12 0 0 0 6 77 142 442 357 0 0 0 
0 1 12 192 800 19 0 0 0 1 9 116 876 22 0 0 0 0 2 30 509 482 1 0 
0 0 15 314 676 19 0 0 0 0 4 216 776 28 0 0 0 0 0 32 590 397 5 0 
0 0 68 598 334 24 0 0 0 0 19 490 485 30 0 0 0 0 0 93 659 264 8 0 
0 0 7 660 356 1 0 0 0 0 1 366 651 6 0 0 0 0 0 8 598 414 4 0 
0 0 28 423 535 38 0 0 0 0 11 290 665 58 0 0 0 0 0 23 439 560 2 0 
319 335 26 104 210 30 0 0 141 513 25 77 231 37 0 0 8 584 72 21 142 190 7 0 
635 389 0 0 0 0 0 0 92 932 0 0 0 0 0 0 0 1024 0 0 0 0 0 0 
586 438 0 0 0 0 0 0 39 985 0 0 0 0 0 0 0 1024 0 0 0 0 0 0 
174 453 14 11 4 11 12 345 108 523 15 8 5 11 14 340 51 481 110 10 6 9 29 328 
10 8 3 3 4 0 6 990 17 3 2 4 2 1 19 976 10 8 3 4 3 1 21 974 
0 0 4 344 372 41 22 241 0 0 2 230 508 31 25 228 0 0 0 38 544 179 34 229 
0 0 137 522 338 27 0 0 0 0 47 494 452 31 0 0 0 0 0 97 605 322 0 0 
1 4 130 843 46 0 0 0 0 2 25 840 155 2 0 0 0 0 4 96 873 49 2 0 
738 222 41 19 3 1 0 0 581 354 62 23 4 0 0 0 594 340 66 20 3 1 0 0 
642 365 15 2 0 0 0 0 193 719 110 2 0 0 0 0 272 682 68 2 0 0 0 0 
558 377 73 12 2 2 0 0 253 549 190 27 4 0 1 0 303 506 182 28 4 0 1 0 
931 93 0 0 0 0 0 0 688 329 7 0 0 0 0 0 731 290 3 0 0 0 0 0 
961 47 13 3 0 0 0 0 640 365 12 6 1 0 0 0 744 262 13 4 1 0 0 0 
707 245 43 20 2 3 2 2 405 507 73 27 4 4 3 1 472 450 63 28 4 3 3 1 
449 399 99 49 11 11 4 2 189 555 182 54 23 14 5 2 276 493 171 48 18 13 3 2 
634 239 78 34 26 10 2 1 450 385 102 41 28 15 1 2 535 325 85 39 26 11 2 1 
871 126 16 6 2 2 1 0 572 411 28 8 1 3 1 0 707 282 23 7 1 3 1 0 
508 313 79 54 25 22 11 12 235 533 111 64 27 32 11 11 344 459 93 57 26 25 9 11 
268 373 142 75 35 39 25 67 153 425 186 88 40 41 24 67 177 406 183 84 44 41 21 68 
13 30 78 112 111 137 155 388 14 22 63 123 123 139 160 380 12 25 89 111 126 143 148 370 
5 11 18 31 31 42 62 824 4 10 21 30 31 40 65 823 4 10 21 31 32 42 63 821 
0 0 0 0 0 0 0 1024 0 0 0 0 0 0 0 1024 0 0 0 0 0 0 0 1024 
0 0 0 0 0 0 0 1024 0 0 0 0 0 0 0 1024 0 0 0 0 0 0 0 1024 
0 0 0 0 0 0 0 1024 0 0 0 0 0 0 0 1024 0 0 0 0 0 0 0 1024 
0 0 0 0 0 0 0 1024 0 0 0 0 0 0 0 1024 0 0 0 0 0 0 0 1024 
0 0 0 0 0 0 0 1024 0 0 0 0 0 0 0 1024 0 0 0 0 0 0 0 1024 
0 0 0 0 0 0 0 1024 0 0 0 0 0 0 0 1024 0 0 0 0 0 0 0 1024 
81 199 202 470 13 2 10 47 78 203 187 483 14 3 9 47 53 100 211 429 170 4 10 47 
41 218 193 567 5 0 0 0 41 217 184 574 8 0 0 0 3 130 200 455 236 0 0 0 
45 176 174 613 16 0 0 0 48 177 166 616 17 0 0 0 9 87 191 517 219 1 0 0 
20 101 172 716 15 0 0 0 17 103 142 732 30 0 0 0 2 44 121 616 236 5 0 0 
0 0 8 458 529 29 0 0 0 0 3 253 719 47 2 0 0 0 0 21 436 534 33 0 
0 0 9 512 399 103 1 0 0 0 4 335 556 121 8 0 0 0 0 23 490 444 65 2 
0 0 24 654 327 19 0 0 0 0 8 469 513 34 0 0 0 0 0 57 637 327 3 0 
0 0 38 691 267 28 0 0 0 0 14 498 469 43 0 0 0 0 0 36 636 333 19 0 
81 216 25 247 438 17 0 0 53 241 21 188 497 24 0 0 7 232 63 25 383 312 2 0 
522 502 0 0 0 0 0 0 177 847 0 0 0 0 0 0 0 975 49 0 0 0 0 0 
618 406 0 0 0 0 0 0 88 936 0 0 0 0 0 0 0 1024 0 0 0 0 0 0 
600 194 54 48 20 22 23 63 260 527 40 63 34 28 29 43 37 732 77 55 25 31 29 38 
8 3 33 53 73 58 78 718 9 1 15 54 106 78 171 590 8 2 23 66 101 83 250 491 
0 0 9 14 35 31 68 867 0 0 8 15 40 43 91 827 0 1 10 16 40 45 105 807 
0 0 1 46 230 45 62 640 0 0 1 51 227 55 68 622 0 0 0 15 157 166 67 619 
0 2 26 637 342 17 0 0 0 1 16 498 486 23 0 0 0 0 4 39 693 286 2 0 
0 0 81 857 86 0 0 0 0 0 16 787 218 3 0 0 0 0 0 42 784 197 1 0 
880 131 9 4 0 0 0 0 772 233 13 6 0 0 0 0 801 207 12 4 0 0 0 0 
687 313 13 5 3 2 1 0 179 756 75 7 4 2 1 0 233 723 55 6 4 2 1 0 
647 298 58 15 5 1 0 0 382 491 116 25 9 1 0 0 473 436 81 26 7 1 0 0 
862 152 10 0 0 0 0 0 602 394 27 1 0 0 0 0 676 332 16 0 0 0 0 0 
1017 7 0 0 0 0 0 0 957 67 0 0 0 0 0 0 979 45 0 0 0 0 0 0 
661 335 22 5 1 0 0 0 118 834 59 11 2 0 0 0 221 740 52 8 3 0 0 0 
428 476 70 35 8 7 0 0 82 663 205 50 13 10 1 0 164 630 162 47 10 11 0 0 
571 210 74 56 39 19 15 40 443 313 95 55 45 16 14 43 436 320 90 60 45 20 13 40 
434 211 98 83 64 45 31 58 302 330 97 92 62 47 35 59 350 283 114 91 62 36 38 50 
779 160 39 22 7 10 6 1 273 653 45 25 11 9 7 1 558 370 43 27 11 11 3 1 
366 387 112 77 35 18 14 15 143 522 166 90 52 22 12 17 196 504 153 90 34 19 17 11 
100 331 232 153 95 47 36 30 29 209 340 190 114 61 40 41 60 280 311 167 93 52 33 28 
26 113 172 167 116 94 78 258 21 64 169 181 147 101 85 256 18 96 172 167 142 91 89 249 
0 0 0 2 1 3 7 1011 0 0 0 2 1 3 7 1011 0 0 0 2 1 3 7 1011 
0 0 0 0 0 0 0 1024 0 0 0 0 0 0 0 1024 0 0 0 0 0 0 0 1024 
0 0 0 0 0 0 0 1024 0 0 0 0 0 0 0 1024 0 0 0 0 0 0 0 1024 
0 0 0 0 0 0 0 1024 0 0 0 0 0 0 0 1024 0 0 0 0 0 0 0 1024 
0 0 0 0 0 0 0 1024 0 0 0 0 0 0 0 1024 0 0 0 0 0 0 0 1024 
69 33 34 11 15 12 20 830 73 35 32 7 17 13 18 829 77 36 31 5 19 14 16 826 
190 102 68 120 110 50 51 333 196 100 61 116 124 50 52 325 185 107 53 105 121 74 50 329 
209 169 141 267 214 9 6 9 207 168 134 213 274 15 4 9 123 193 130 171 294 99 5 9 
217 197 171 293 140 6 0 0 195 218 151 264 180 15 1 0 89 222 176 219 217 99 2 0 
153 136 155 355 181 43 1 0 141 136 139 290 258 58 2 0 85 122 135 181 321 164 15 1 
0 5 27 479 492 21 0 0 0 2 11 336 644 28 3 0 0 1 5 45 527 428 18 0 
0 0 15 727 282 0 0 0 0 0 0 476 546 2 0 0 0 0 0 7 693 323 1 0 
0 0 40 866 118 0 0 0 0 0 9 654 361 0 0 0 0 0 0 38 902 84 0 0 
0 0 18 754 248 4 0 0 0 0 4 459 547 14 0 0 0 0 0 8 615 400 1 0 
177 624 18 24 138 43 0 0 59 732 24 23 129 56 1 0 2 565 239 16 43 130 29 0 
424 600 0 0 0 0 0 0 101 923 0 0 0 0 0 0 0 995 29 0 0 0 0 0 
640 384 0 0 0 0 0 0 140 884 0 0 0 0 0 0 3 1021 0 0 0 0 0 0 
84 426 279 133 49 30 15 8 22 361 361 165 61 30 14 10 11 403 361 150 51 27 12 9 
26 514 337 108 29 6 4 0 3 231 540 188 49 8 5 0 4 327 502 133 48 5 5 0 
1 133 363 260 157 66 21 23 0 14 177 475 239 75 26 18 0 19 273 420 210 62 27 13 
2 378 337 118 86 50 36 17 0 3 452 342 111 66 35 15 0 8 436 368 110 58 34 10 
1 7 27 395 582 12 0 0 0 2 21 208 768 25 0 0 0 0 11 40 715 258 0 0 
0 7 28 780 207 2 0 0 0 7 10 647 354 6 0 0 0 0 7 38 747 232 0 0 
837 139 42 6 0 0 0 0 737 217 55 15 0 0 0 0 742 221 49 12 0 0 0 0 
825 190 9 0 0 0 0 0 482 507 35 0 0 0 0 0 582 421 21 0 0 0 0 0 
777 221 22 4 0 0 0 0 502 462 55 5 0 0 0 0 626 350 43 5 0 0 0 0 
927 94 3 0 0 0 0 0 800 217 7 0 0 0 0 0 844 176 4 0 0 0 0 0 
971 41 8 3 1 0 0 0 859 141 19 3 2 0 0 0 895 107 17 4 1 0 0 0 
878 140 6 0 0 0 0 0 445 562 16 1 0 0 0 0 569 443 12 0 0 0 0 0 
525 405 59 13 11 6 3 2 192 636 145 28 12 6 3 2 233 616 125 28 10 5 5 2 
565 293 58 45 25 14 15 9 291 537 72 56 26 15 16 11 341 484 88 51 20 17 15 8 
562 240 83 43 36 20 20 20 372 399 102 50 37 21 22 21 464 323 96 49 32 24 19 17 
449 291 128 68 55 15 9 9 198 492 155 80 59 18 12 10 336 398 135 76 48 17 7 7 
512 448 38 19 5 2 0 0 67 818 101 24 10 4 0 0 257 674 66 18 7 2 0 0 
109 443 164 86 45 35 37 105 46 382 241 122 55 35 42 101 45 429 214 113 46 32 40 105 
44 55 87 76 82 92 116 472 44 64 87 76 88 97 121 447 52 51 85 81 93 86 138 438 
0 0 0 0 0 0 0 1024 0 0 0 0 0 0 0 1024 0 0 0 0 0 0 0 1024 
0 0 0 0 0 0 0 1024 0 0 0 0 0 0 0 1024 0 0 0 0 0 0 0 1024 
0 0 0 0 0 0 0 1024 0 0 0 0 0 0 0 1024 0 0 0 0 0 0 0 1024 
0 0 0 0 0 0 0 1024 0 0 0 0 0 0 0 1024 0 0 0 0 0 0 0 1024 
0 0 0 0 0 0 0 1024 0 0 0 0 0 0 0 1024 0 0 0 0 0 0 0 1024 
51 71 57 98 114 44 24 565 51 73 56 96 124 36 22 566 58 68 58 67 137 49 25 562 
163 512 137 121 74 14 2 1 169 510 133 137 56 16 2 1 209 477 140 125 55 15 2 1 
171 490 146 130 78 9 0 0 159 507 146 125 76 11 0 0 194 482 143 112 71 22 0 0 
115 523 97 204 82 3 0 0 76 562 87 149 146 4 0 0 96 525 87 93 201 22 0 0 
198 479 74 153 101 19 0 0 167 505 78 119 133 22 0 0 113 542 67 87 150 58 7 0 
144 341 26 285 223 5 0 0 47 434 27 174 331 11 0 0 4 452 39 36 351 142 0 0 
0 0 11 786 227 0 0 0 0 0 1 521 499 3 0 0 0 0 0 16 754 254 0 0 
0 0 21 717 286 0 0 0 0 0 4 463 556 1 0 0 0 0 0 15 659 350 0 0 
55 120 41 339 436 33 0 0 31 140 26 261 524 41 1 0 2 96 78 30 448 345 25 0 
133 891 0 0 0 0 0 0 4 1020 0 0 0 0 0 0 0 839 185 0 0 0 0 0 
445 579 0 0 0 0 0 0 117 907 0 0 0 0 0 0 4 1000 20 0 0 0 0 0 
325 679 20 0 0 0 0 0 63 927 31 3 0 0 0 0 82 888 53 1 0 0 0 0 
356 555 60 24 8 14 6 1 20 673 264 36 12 12 6 1 75 737 156 29 10 11 5 1 
164 379 268 132 48 17 10 6 1 357 354 215 63 18 11 5 5 415 335 187 58 10 10 4 
15 563 379 60 4 3 0 0 0 52 659 289 21 1 2 0 0 95 731 176 19 3 0 0 
24 694 230 60 13 3 0 0 3 155 684 157 19 5 1 0 11 185 677 131 15 5 0 0 
40 102 33 258 523 68 0 0 4 81 69 194 554 122 0 0 8 88 57 40 405 403 23 0 
0 5 68 691 257 3 0 0 0 2 52 584 376 10 0 0 0 0 5 79 742 198 0 0 
845 170 9 0 0 0 0 0 741 265 17 1 0 0 0 0 758 251 15 0 0 0 0 0 
882 133 7 2 0 0 0 0 697 305 20 2 0 0 0 0 705 298 18 3 0 0 0 0 
923 89 7 4 1 0 0 0 818 192 9 2 3 0 0 0 848 162 9 3 2 0 0 0 
869 147 8 0 0 0 0 0 694 317 12 1 0 0 0 0 737 277 9 1 0 0 0 0 
927 97 0 0 0 0 0 0 510 512 2 0 0 0 0 0 582 442 0 0 0 0 0 0 
844 177 3 0 0 0 0 0 323 677 23 1 0 0 0 0 439 568 16 1 0 0 0 0 
817 206 1 0 0 0 0 0 263 745 16 0 0 0 0 0 381 639 4 0 0 0 0 0 
689 242 52 21 11 9 0 0 199 688 85 29 9 11 3 0 396 511 71 23 14 8 1 0 
592 220 99 54 32 10 7 10 384 397 121 50 41 13 6 12 511 286 108 56 34 12 10 7 
735 177 59 16 20 8 4 5 469 428 59 30 21 8 5 4 637 269 60 24 19 9 2 4 
551 357 67 36 10 2 1 0 135 717 111 44 13 2 2 0 338 546 85 41 10 3 1 0 
119 280 150 126 83 88 50 128 80 281 178 127 88 96 58 116 86 292 172 133 92 83 55 111 
42 72 86 76 93 90 82 483 46 71 87 87 89 87 84 473 42 76 90 91 91 85 82 467 
1 1 2 3 3 10 9 995 1 1 2 3 3 10 9 995 1 1 2 3 3 10 9 995 
0 0 0 0 0 0 0 1024 0 0 0 0 0 0 0 1024 0 0 0 0 0 0 0 1024 
0 0 0 0 0 0 0 1024 0 0 0 0 0 0 0 1024 0 0 0 0 0 0 0 1024 
0 0 0 1 0 2 1 1020 0 0 1 0 0 2 1 1020 0 0 1 0 0 2 2 1019 
0 2 31 196 233 37 18 507 0 2 32 108 318 39 21 504 0 5 40 69 300 75 36 499 
35 134 26 397 419 9 1 3 30 141 24 245 577 4 0 3 33 131 25 33 555 244 2 1 
73 513 203 207 28 0 0 0 96 506 200 186 36 0 0 0 107 499 203 127 77 11 0 0 
85 518 242 153 26 0 0 0 110 532 234 138 10 0 0 0 147 492 236 132 17 0 0 0 
41 515 192 215 61 0 0 0 75 499 203 203 44 0 0 0 131 451 198 206 38 0 0 0 
330 313 155 186 40 0 0 0 72 580 176 171 25 0 0 0 148 507 167 174 28 0 0 0 
793 231 0 0 0 0 0 0 82 942 0 0 0 0 0 0 0 1024 0 0 0 0 0 0 
130 64 38 459 328 5 0 0 51 129 32 270 532 10 0 0 9 153 43 33 414 372 0 0 
0 1 47 781 189 6 0 0 0 0 17 502 495 10 0 0 0 0 0 33 654 328 9 0 
7 398 84 172 357 6 0 0 4 298 182 110 405 25 0 0 0 56 403 32 191 327 15 0 
77 947 0 0 0 0 0 0 4 994 26 0 0 0 0 0 0 727 297 0 0 0 0 0 
264 757 3 0 0 0 0 0 56 945 23 0 0 0 0 0 0 784 240 0 0 0 0 0 
644 378 2 0 0 0 0 0 242 772 10 0 0 0 0 0 297 647 80 0 0 0 0 0 
514 506 4 0 0 0 0 0 13 818 193 0 0 0 0 0 57 905 62 0 0 0 0 0 
484 416 81 28 13 2 0 0 35 754 172 42 18 3 0 0 149 672 152 35 15 1 0 0 
129 468 282 67 47 26 5 0 94 316 426 106 48 29 5 0 101 375 375 97 51 22 3 0 
179 497 216 76 34 12 6 4 132 441 313 84 34 12 5 3 154 442 303 77 30 11 5 2 
42 59 24 117 660 107 10 5 32 56 36 110 660 117 11 2 32 61 35 70 359 447 19 1 
0 3 66 820 129 6 0 0 0 0 32 720 264 8 0 0 0 0 5 55 862 99 3 0 
734 263 21 5 1 0 0 0 349 573 89 9 4 0 0 0 401 560 52 8 3 0 0 0 
992 32 0 0 0 0 0 0 842 178 4 0 0 0 0 0 882 138 4 0 0 0 0 0 
897 114 6 6 1 0 0 0 730 274 13 3 4 0 0 0 759 249 8 4 4 0 0 0 
835 147 19 10 6 2 3 2 506 446 43 12 9 3 2 3 561 401 37 11 7 2 3 2 
917 100 4 3 0 0 0 0 267 740 14 1 2 0 0 0 513 498 10 3 0 0 0 0 
922 102 0 0 0 0 0 0 335 678 11 0 0 0 0 0 607 414 3 0 0 0 0 0 
698 272 41 7 6 0 0 0 169 767 64 17 5 2 0 0 198 734 72 14 6 0 0 0 
671 274 44 22 10 3 0 0 293 621 72 24 10 4 0 0 486 439 63 25 8 3 0 0 
434 230 100 95 71 39 35 20 359 292 103 105 66 45 33 21 343 313 114 91 71 41 34 17 
410 204 95 100 77 55 25 58 279 319 105 103 79 58 26 55 336 284 106 99 68 53 31 47 
519 314 71 51 37 14 12 6 305 510 86 55 35 12 16 5 408 414 86 50 35 15 11 5 
116 131 138 153 128 86 100 172 109 137 145 161 125 85 97 165 110 131 154 151 132 86 105 155 
10 11 9 11 20 14 21 928 11 11 9 10 22 13 22 926 8 11 8 12 18 17 20 930 
0 0 0 0 0 0 0 1024 0 0 0 0 0 0 0 1024 0 0 0 0 0 0 0 1024 
0 0 0 0 0 0 0 1024 0 0 0 0 0 0 0 1024 0 0 0 0 0 0 0 1024 
0 0 2 9 12 2 7 992 0 0 0 10 12 3 6 993 0 0 3 10 10 4 5 992 
0 7 35 296 294 13 18 361 1 5 36 193 399 9 20 361 1 8 37 61 418 124 18 357 
0 0 4 591 429 0 0 0 0 0 0 260 757 7 0 0 0 0 0 13 696 312 3 0 
8 41 92 715 168 0 0 0 5 19 89 509 402 0 0 0 5 14 62 85 700 158 0 0 
29 293 89 448 162 3 0 0 10 247 138 326 295 8 0 0 5 287 82 60 507 83 0 0 
383 235 65 248 92 1 0 0 387 225 57 207 145 3 0 0 419 171 59 58 234 83 0 0 
75 399 87 343 117 3 0 0 48 382 108 255 225 6 0 0 22 366 105 74 287 168 2 0 
485 539 0 0 0 0 0 0 109 906 9 0 0 0 0 0 51 968 5 0 0 0 0 0 
775 244 5 0 0 0 0 0 144 783 92 5 0 0 0 0 7 926 89 2 0 0 0 0 
51 372 32 219 349 1 0 0 11 152 288 138 430 5 0 0 0 212 228 20 346 218 0 0 
0 0 37 769 218 0 0 0 0 0 6 447 571 0 0 0 0 0 0 11 635 378 0 0 
12 606 109 71 226 0 0 0 1 520 200 37 259 7 0 0 0 45 639 45 121 174 0 0 
43 943 38 0 0 0 0 0 0 828 196 0 0 0 0 0 0 256 768 0 0 0 0 0 
30 958 36 0 0 0 0 0 2 917 105 0 0 0 0 0 0 289 735 0 0 0 0 0 
865 159 0 0 0 0 0 0 153 871 0 0 0 0 0 0 405 619 0 0 0 0 0 0 
940 84 0 0 0 0 0 0 428 596 0 0 0 0 0 0 606 418 0 0 0 0 0 0 
948 76 0 0 0 0 0 0 623 399 2 0 0 0 0 0 839 185 0 0 0 0 0 0 
387 585 31 18 3 0 0 0 124 621 242 25 12 0 0 0 222 632 143 23 4 0 0 0 
207 666 123 16 10 2 0 0 72 626 283 30 10 3 0 0 119 666 205 23 8 3 0 0 
76 114 32 288 500 14 0 0 22 147 38 127 668 22 0 0 33 133 38 35 466 318 1 0 
0 0 53 839 126 6 0 0 0 0 11 731 268 14 0 0 0 0 0 28 888 108 0 0 
972 52 0 0 0 0 0 0 484 532 8 0 0 0 0 0 715 309 0 0 0 0 0 0 
950 72 2 0 0 0 0 0 820 202 2 0 0 0 0 0 807 211 6 0 0 0 0 0 
830 137 38 13 6 0 0 0 637 322 44 15 6 0 0 0 687 270 46 15 6 0 0 0 
222 255 159 123 80 69 47 69 201 277 143 135 82 79 44 63 183 261 187 124 90 69 54 56 
359 258 134 122 73 35 23 20 147 369 199 134 92 31 27 25 187 373 173 144 72 31 23 21 
635 278 64 30 12 5 0 0 225 582 140 51 20 5 1 0 318 539 103 40 19 5 0 0 
269 341 141 91 58 39 33 52 110 475 158 98 61 41 35 46 94 483 160 100 58 41 36 52 
277 272 110 59 96 44 41 125 203 335 105 76 82 57 45 121 186 324 130 94 85 46 43 116 
293 227 156 132 70 69 33 44 222 274 158 140 84 65 40 41 236 268 175 132 82 62 31 38 
717 189 39 29 20 11 8 11 337 557 45 34 18 14 6 13 625 275 50 23 24 8 8 11 
601 286 53 24 21 10 7 22 193 672 62 36 19 10 11 21 313 558 66 28 21 11 7 20 
73 152 42 40 24 34 61 598 67 148 56 36 26 34 65 592 41 161 60 38 31 36 60 597 
0 0 0 0 0 0 0 1024 0 0 0 0 0 0 0 1024 0 0 0 0 0 0 0 1024 
0 0 0 0 0 0 0 1024 0 0 0 0 0 0 0 1024 0 0 0 0 0 0 0 1024 
0 0 9 21 36 4 8 946 0 0 7 19 38 6 8 946 0 0 7 17 37 10 7 946 
0 0 11 344 399 15 15 240 0 0 13 152 588 15 16 240 0 3 16 51 522 181 15 236 
0 0 10 659 349 6 0 0 0 0 4 404 602 12 2 0 0 0 0 16 707 294 5 2 
0 4 20 802 189 9 0 0 0 3 6 544 455 16 0 0 0 2 3 13 831 165 10 0 
163 170 162 422 92 15 0 0 108 96 91 461 246 22 0 0 84 109 84 190 446 97 14 0 
214 609 198 3 0 0 0 0 97 373 151 383 20 0 0 0 17 321 247 412 27 0 0 0 
377 245 115 169 113 5 0 0 311 267 108 182 144 12 0 0 369 178 100 132 176 69 0 0 
124 642 143 66 47 2 0 0 26 336 194 389 75 4 0 0 16 315 231 349 75 36 2 0 
387 510 125 2 0 0 0 0 90 664 106 157 7 0 0 0 5 723 145 133 18 0 0 0 
366 658 0 0 0 0 0 0 15 906 103 0 0 0 0 0 23 839 162 0 0 0 0 0 
185 343 13 132 333 18 0 0 49 438 51 60 378 48 0 0 63 444 24 19 153 318 3 0 
0 0 120 741 163 0 0 0 0 0 5 595 420 4 0 0 0 0 0 12 660 352 0 0 
7 650 234 27 98 8 0 0 4 476 408 21 102 13 0 0 0 12 670 210 31 96 5 0 
4 813 205 2 0 0 0 0 0 615 405 4 0 0 0 0 0 31 928 65 0 0 0 0 
111 827 86 0 0 0 0 0 54 682 288 0 0 0 0 0 47 220 731 26 0 0 0 0 
925 99 0 0 0 0 0 0 660 364 0 0 0 0 0 0 715 309 0 0 0 0 0 0 
1024 0 0 0 0 0 0 0 898 126 0 0 0 0 0 0 1019 5 0 0 0 0 0 0 
1012 12 0 0 0 0 0 0 771 253 0 0 0 0 0 0 912 112 0 0 0 0 0 0 
885 132 6 1 0 0 0 0 410 593 19 2 0 0 0 0 633 380 10 1 0 0 0 0 
212 368 186 119 74 32 16 17 197 393 180 122 72 32 14 14 227 379 178 116 67 29 16 12 
66 80 64 770 29 6 3 6 45 81 55 639 190 5 3 6 33 88 43 51 759 41 4 5 
0 0 215 804 5 0 0 0 0 0 95 835 94 0 0 0 0 0 0 117 897 10 0 0 
668 259 80 16 1 0 0 0 446 401 126 47 4 0 0 0 475 392 113 40 4 0 0 0 
834 147 22 11 7 2 1 0 719 239 37 16 8 3 2 0 716 251 32 14 7 3 1 0 
306 309 151 80 55 63 32 28 226 361 151 100 64 58 37 27 201 386 166 102 58 61 30 20 
180 166 124 110 105 67 78 194 143 205 128 105 97 79 78 189 137 198 145 122 91 74 84 173 
351 123 122 91 85 81 63 108 190 289 119 87 87 81 63 108 268 205 124 105 78 87 66 91 
289 124 45 50 36 29 59 392 246 165 45 51 35 40 54 388 105 274 68 52 40 37 60 388 
3 23 29 47 73 89 90 670 6 26 36 53 73 90 82 658 3 23 38 49 72 92 98 649 
45 29 50 46 67 77 74 636 45 29 49 47 68 78 77 631 48 29 53 53 63 77 80 621 
108 120 109 124 123 141 113 186 96 126 117 130 131 140 118 166 114 120 118 130 143 131 117 151 
395 297 105 83 53 28 23 40 253 405 127 90 60 22 33 34 315 354 114 103 49 28 27 34 
407 203 113 86 69 38 38 70 262 342 125 85 64 46 36 64 284 311 130 94 68 38 40 59 
39 28 42 54 96 106 86 573 44 30 43 64 85 114 87 557 40 30 51 62 98 101 97 545 
0 0 0 0 0 0 0 1024 0 0 0 0 0 0 0 1024 0 0 0 0 0 0 0 1024 
0 0 4 60 76 13 9 862 0 0 1 42 98 11 10 862 0 0 3 29 99 22 10 861 
0 0 11 438 415 10 13 137 0 0 7 164 691 11 14 137 0 0 7 37 630 201 16 133 
11 8 14 861 130 0 0 0 7 11 7 605 394 0 0 0 1 11 8 20 921 63 0 0 
49 88 42 659 181 5 0 0 25 110 15 471 389 14 0 0 6 118 18 45 674 158 5 0 
306 224 23 303 135 33 0 0 111 415 23 223 207 42 3 0 8 498 26 23 337 111 21 0 
232 296 33 365 97 1 0 0 212 314 33 249 203 13 0 0 155 355 27 31 355 100 1 0 
537 486 1 0 0 0 0 0 439 585 0 0 0 0 0 0 272 742 10 0 0 0 0 0 
684 216 51 50 16 7 0 0 576 323 48 50 18 9 0 0 658 229 49 39 32 15 2 0 
281 633 38 29 36 7 0 0 231 635 82 23 41 12 0 0 136 494 297 33 29 34 1 0 
363 658 3 0 0 0 0 0 221 799 4 0 0 0 0 0 168 500 356 0 0 0 0 0 
703 321 0 0 0 0 0 0 438 586 0 0 0 0 0 0 486 405 133 0 0 0 0 0 
335 192 14 160 317 6 0 0 193 329 13 82 365 42 0 0 241 284 9 21 187 282 0 0 
0 1 78 839 106 0 0 0 0 0 13 587 417 7 0 0 0 0 0 27 752 243 2 0 
16 644 332 32 0 0 0 0 7 436 534 41 6 0 0 0 0 21 756 220 21 6 0 0 
0 712 311 1 0 0 0 0 0 479 541 4 0 0 0 0 0 5 882 137 0 0 0 0 
276 610 138 0 0 0 0 0 172 546 306 0 0 0 0 0 193 196 595 40 0 0 0 0 
1001 23 0 0 0 0 0 0 608 416 0 0 0 0 0 0 920 104 0 0 0 0 0 0 
1020 4 0 0 0 0 0 0 990 34 0 0 0 0 0 0 1014 10 0 0 0 0 0 0 
983 41 0 0 0 0 0 0 558 466 0 0 0 0 0 0 785 239 0 0 0 0 0 0 
926 98 0 0 0 0 0 0 316 707 1 0 0 0 0 0 627 397 0 0 0 0 0 0 
452 242 61 106 53 30 36 44 201 455 95 74 101 38 27 33 329 355 72 55 112 48 29 24 
0 9 137 619 200 25 19 15 0 3 109 485 370 31 12 14 0 0 19 158 617 201 15 14 
0 35 279 563 147 0 0 0 0 26 210 534 251 3 0 0 0 8 67 267 545 137 0 0 
596 309 106 13 0 0 0 0 502 204 258 58 2 0 0 0 531 223 234 35 1 0 0 0 
543 358 95 19 9 0 0 0 435 281 241 52 13 2 0 0 409 359 203 41 11 1 0 0 
281 473 164 50 36 14 5 1 54 449 354 103 40 18 6 0 65 507 310 83 40 15 4 0 
66 427 238 107 70 58 38 20 58 223 400 155 82 57 31 18 49 290 372 127 78 61 30 17 
346 190 115 97 95 62 48 71 201 315 124 101 97 70 47 69 279 259 134 102 94 58 50 48 
80 172 64 48 51 40 41 528 97 154 68 57 57 44 40 507 44 196 71 49 60 39 49 516 
0 0 0 0 0 0 0 1024 0 0 0 0 0 0 0 1024 0 0 0 0 0 0 0 1024 
0 0 0 0 0 0 1 1023 0 0 0 0 0 0 1 1023 0 0 0 0 0 0 1 1023 
89 46 57 68 86 73 86 519 93 51 58 65 86 76 87 508 91 52 66 72 83 71 93 496 
225 169 140 93 89 95 79 134 200 184 134 108 90 102 80 126 218 185 151 101 87 95 75 112 
208 238 86 47 61 48 55 281 185 266 88 47 66 39 62 271 189 257 90 58 60 46 56 268 
4 11 19 26 30 34 43 857 4 12 23 23 34 32 46 850 5 13 22 22 39 33 44 846 
0 0 5 80 163 14 14 748 0 0 2 29 216 15 13 749 0 0 1 27 176 59 16 745 
0 0 2 495 450 8 9 60 0 0 1 259 686 9 9 60 0 0 2 15 719 220 8 60 
40 69 41 816 58 0 0 0 27 81 24 671 221 0 0 0 0 84 28 33 826 53 0 0 
162 388 42 375 57 0 0 0 88 450 38 307 141 0 0 0 5 486 64 37 379 53 0 0 
95 339 34 488 67 1 0 0 48 380 27 421 147 1 0 0 8 368 60 41 478 68 1 0 
406 261 52 295 10 0 0 0 178 488 9 252 97 0 0 0 14 632 20 20 273 65 0 0 
22 687 41 179 95 0 0 0 8 639 86 163 125 3 0 0 0 87 627 36 162 112 0 0 
70 949 5 0 0 0 0 0 19 997 8 0 0 0 0 0 3 479 542 0 0 0 0 0 
514 177 59 108 160 6 0 0 456 205 74 78 194 17 0 0 466 196 63 37 142 118 2 0 
55 810 140 11 7 1 0 0 38 562 402 13 8 1 0 0 17 175 712 106 10 4 0 0 
97 922 5 0 0 0 0 0 43 851 130 0 0 0 0 0 27 184 810 3 0 0 0 0 
881 143 0 0 0 0 0 0 282 723 19 0 0 0 0 0 612 321 91 0 0 0 0 0 
440 52 259 263 10 0 0 0 245 237 65 412 65 0 0 0 304 174 13 102 397 34 0 0 
1 96 343 538 46 0 0 0 0 84 165 642 133 0 0 0 0 20 72 183 642 107 0 0 
11 810 203 0 0 0 0 0 1 652 371 0 0 0 0 0 0 77 790 157 0 0 0 0 
0 884 140 0 0 0 0 0 0 551 473 0 0 0 0 0 0 0 963 61 0 0 0 0 
358 658 8 0 0 0 0 0 320 631 73 0 0 0 0 0 323 155 545 1 0 0 0 0 
1015 9 0 0 0 0 0 0 980 44 0 0 0 0 0 0 999 25 0 0 0 0 0 0 
1019 5 0 0 0 0 0 0 993 31 0 0 0 0 0 0 1019 5 0 0 0 0 0 0 
1024 0 0 0 0 0 0 0 999 25 0 0 0 0 0 0 1022 2 0 0 0 0 0 0 
1014 10 0 0 0 0 0 0 659 365 0 0 0 0 0 0 877 147 0 0 0 0 0 0 
466 62 255 239 2 0 0 0 347 161 171 331 14 0 0 0 410 89 68 223 225 9 0 0 
0 46 403 561 14 0 0 0 0 16 298 649 61 0 0 0 0 0 84 403 495 42 0 0 
0 16 340 635 33 0 0 0 0 2 224 647 151 0 0 0 0 0 38 339 622 25 0 0 
502 438 82 2 0 0 0 0 351 446 210 16 1 0 0 0 397 470 151 6 0 0 0 0 
583 365 67 9 0 0 0 0 372 433 191 26 2 0 0 0 355 490 160 17 2 0 0 0 
337 572 108 7 0 0 0 0 21 599 351 50 3 0 0 0 72 677 248 26 1 0 0 0 
370 518 113 19 2 2 0 0 105 581 284 48 4 2 0 0 156 631 200 32 3 2 0 0 
154 551 224 61 17 11 5 1 19 381 452 130 20 15 5 2 42 469 408 70 22 10 3 0 
255 456 156 33 26 30 15 53 77 616 174 44 28 24 11 50 78 555 183 86 25 30 16 51 
12 16 6 11 9 21 25 924 17 15 4 12 11 19 38 908 8 18 9 10 11 21 36 911 
0 0 0 0 0 0 0 1024 0 0 0 0 0 0 0 1024 0 0 0 0 0 0 0 1024 
0 0 0 0 0 1 9 1014 0 0 0 0 0 1 10 1013 0 0 0 0 0 4 9 1011 
8 4 6 3 10 8 10 975 9 5 4 4 10 8 17 967 9 6 3 4 11 7 24 960 
129 9 11 14 16 18 30 797 131 9 11 15 16 22 34 786 135 6 11 16 12 23 108 713 
0 0 0 114 255 25 28 602 0 0 0 33 335 26 38 592 0 0 0 18 214 168 59 565 
16 15 14 670 284 3 4 18 12 15 13 292 667 3 4 18 0 18 14 28 820 122 7 15 
140 234 54 513 83 0 0 0 67 295 52 420 189 1 0 0 2 227 149 54 519 73 0 0 
88 436 46 414 40 0 0 0 50 469 39 322 144 0 0 0 0 363 166 38 397 60 0 0 
150 671 36 140 27 0 0 0 80 737 34 111 60 2 0 0 5 563 261 32 137 26 0 0 
71 544 41 359 9 0 0 0 13 597 30 329 55 0 0 0 0 284 340 48 345 7 0 0 
82 559 53 298 32 0 0 0 39 597 18 273 97 0 0 0 0 517 123 29 309 46 0 0 
7 721 161 86 49 0 0 0 0 405 473 71 75 0 0 0 0 11 747 133 95 38 0 0 
27 957 40 0 0 0 0 0 5 804 212 3 0 0 0 0 9 193 803 19 0 0 0 0 
486 198 125 173 42 0 0 0 450 220 76 222 55 1 0 0 438 179 81 76 197 52 1 0 
1 924 99 0 0 0 0 0 0 736 288 0 0 0 0 0 0 111 885 28 0 0 0 0 
16 974 34 0 0 0 0 0 1 851 172 0 0 0 0 0 0 116 907 1 0 0 0 0 
974 34 12 4 0 0 0 0 723 280 13 7 1 0 0 0 870 128 16 7 3 0 0 0 
44 62 370 508 40 0 0 0 21 62 238 584 119 0 0 0 24 43 40 330 510 77 0 0 
24 549 229 208 14 0 0 0 7 553 167 271 26 0 0 0 0 214 370 212 213 15 0 0 
1 956 67 0 0 0 0 0 0 894 130 0 0 0 0 0 0 290 727 7 0 0 0 0 
1 1020 3 0 0 0 0 0 0 964 60 0 0 0 0 0 0 112 912 0 0 0 0 0 
77 943 4 0 0 0 0 0 74 934 16 0 0 0 0 0 55 425 544 0 0 0 0 0 
924 100 0 0 0 0 0 0 681 341 2 0 0 0 0 0 860 162 2 0 0 0 0 0 
1023 1 0 0 0 0 0 0 969 55 0 0 0 0 0 0 1017 7 0 0 0 0 0 0 
1022 2 0 0 0 0 0 0 958 66 0 0 0 0 0 0 1016 8 0 0 0 0 0 0 
1024 0 0 0 0 0 0 0 972 52 0 0 0 0 0 0 1024 0 0 0 0 0 0 0 
456 19 333 215 1 0 0 0 441 16 208 354 5 0 0 0 426 30 40 364 160 4 0 0 
1 115 630 275 3 0 0 0 0 23 644 343 14 0 0 0 0 0 35 697 279 13 0 0 
0 10 491 517 6 0 0 0 0 0 402 588 34 0 0 0 0 0 4 506 511 3 0 0 
534 449 36 5 0 0 0 0 231 686 92 15 0 0 0 0 158 774 81 11 0 0 0 0 
461 526 37 0 0 0 0 0 145 770 93 16 0 0 0 0 122 817 81 4 0 0 0 0 
415 539 59 10 1 0 0 0 22 737 234 28 3 0 0 0 133 683 188 17 3 0 0 0 
640 375 7 2 0 0 0 0 153 791 77 3 0 0 0 0 321 672 29 2 0 0 0 0 
558 455 11 0 0 0 0 0 102 864 57 1 0 0 0 0 211 787 24 2 0 0 0 0 
579 412 33 0 0 0 0 0 149 847 28 0 0 0 0 0 203 716 105 0 0 0 0 0 
51 271 354 182 29 15 17 105 33 297 357 180 26 15 18 98 21 186 318 321 42 19 23 94 
1 24 272 155 71 27 25 449 4 31 287 165 49 22 33 433 1 8 137 276 112 24 40 426 
36 53 80 61 111 126 39 518 46 68 72 95 179 31 42 491 40 39 67 120 180 48 65 465 
0 0 5 50 132 240 24 573 0 0 2 81 347 17 32 545 0 0 4 149 284 13 41 533 
150 29 26 100 341 68 30 280 151 23 27 60 386 73 33 271 122 49 16 56 154 324 163 140 
106 100 65 342 411 0 0 0 81 115 58 180 583 7 0 0 6 102 97 69 366 382 2 0 
230 319 103 292 80 0 0 0 145 372 112 199 196 0 0 0 0 258 292 112 300 62 0 0 
126 587 61 233 17 0 0 0 48 631 76 193 76 0 0 0 0 298 417 57 233 19 0 0 
44 583 97 271 29 0 0 0 10 536 126 255 97 0 0 0 0 106 530 55 300 33 0 0 
59 817 64 75 9 0 0 0 14 788 127 70 25 0 0 0 2 200 696 42 75 9 0 0 
22 731 31 232 8 0 0 0 12 717 44 189 62 0 0 0 0 201 558 31 230 4 0 0 
14 569 226 211 4 0 0 0 0 565 147 304 8 0 0 0 0 139 470 174 239 2 0 0 
0 909 97 18 0 0 0 0 0 764 241 19 0 0 0 0 0 90 873 57 4 0 0 0 
30 735 123 126 10 0 0 0 0 694 171 142 17 0 0 0 0 189 619 125 85 6 0 0 
501 486 30 7 0 0 0 0 479 484 52 7 2 0 0 0 454 221 341 8 0 0 0 0 
0 994 30 0 0 0 0 0 0 865 159 0 0 0 0 0 0 92 932 0 0 0 0 0 
5 1002 17 0 0 0 0 0 2 924 98 0 0 0 0 0 0 265 756 3 0 0 0 0 
722 223 46 31 2 0 0 0 668 270 31 51 4 0 0 0 657 219 77 52 19 0 0 0 
0 11 625 387 1 0 0 0 0 6 317 695 6 0 0 0 0 1 17 580 424 2 0 0 
57 506 342 119 0 0 0 0 37 484 265 237 1 0 0 0 1 346 274 223 180 0 0 0 
10 944 70 0 0 0 0 0 0 899 125 0 0 0 0 0 0 570 452 2 0 0 0 0 
34 989 1 0 0 0 0 0 1 1020 3 0 0 0 0 0 0 851 173 0 0 0 0 0 
222 802 0 0 0 0 0 0 95 917 12 0 0 0 0 0 0 759 265 0 0 0 0 0 
1015 9 0 0 0 0 0 0 951 73 0 0 0 0 0 0 993 31 0 0 0 0 0 0 
1024 0 0 0 0 0 0 0 1024 0 0 0 0 0 0 0 1024 0 0 0 0 0 0 0 
1024 0 0 0 0 0 0 0 996 28 0 0 0 0 0 0 1015 9 0 0 0 0 0 0 
1024 0 0 0 0 0 0 0 1010 14 0 0 0 0 0 0 1024 0 0 0 0 0 0 0 
400 20 377 227 0 0 0 0 378 32 211 399 4 0 0 0 381 26 25 423 169 0 0 0 
0 15 414 588 7 0 0 0 0 3 268 685 68 0 0 0 0 0 9 402 592 21 0 0 
0 3 194 813 14 0 0 0 0 1 112 811 98 2 0 0 0 0 4 298 698 23 1 0 
694 306 17 7 0 0 0 0 396 594 23 11 0 0 0 0 430 564 21 9 0 0 0 0 
587 437 0 0 0 0 0 0 419 605 0 0 0 0 0 0 463 561 0 0 0 0 0 0 
907 117 0 0 0 0 0 0 695 318 11 0 0 0 0 0 817 204 3 0 0 0 0 0 
926 96 2 0 0 0 0 0 690 329 5 0 0 0 0 0 786 235 3 0 0 0 0 0 
511 402 98 13 0 0 0 0 222 634 151 17 0 0 0 0 270 492 240 20 2 0 0 0 
204 567 253 0 0 0 0 0 85 617 322 0 0 0 0 0 22 488 470 44 0 0 0 0 
244 168 248 364 0 0 0 0 170 236 243 375 0 0 0 0 60 294 155 512 3 0 0 0 
57 345 275 83 178 66 8 12 62 398 246 88 179 34 6 11 27 62 448 245 172 52 7 11 
91 95 170 208 169 253 37 1 92 102 169 207 178 247 29 0 76 101 183 214 191 238 21 0 
0 164 514 170 67 109 0 0 0 15 429 373 97 110 0 0 0 32 400 393 129 70 0 0 
221 153 263 263 124 0 0 0 196 126 234 288 174 6 0 0 140 81 158 255 257 133 0 0 
110 430 212 199 73 0 0 0 47 407 248 204 117 1 0 0 0 159 390 222 181 72 0 0 
83 649 127 144 21 0 0 0 25 616 199 145 39 0 0 0 0 235 533 139 109 8 0 0 
25 648 156 191 4 0 0 0 0 622 144 231 27 0 0 0 0 97 592 172 154 9 0 0 
13 715 133 142 21 0 0 0 0 662 164 158 40 0 0 0 0 209 553 113 133 16 0 0 
20 660 197 147 0 0 0 0 1 601 194 227 1 0 0 0 0 115 593 199 117 0 0 0 
38 973 12 1 0 0 0 0 7 986 30 1 0 0 0 0 0 602 421 1 0 0 0 0 
24 511 337 152 0 0 0 0 1 476 261 280 6 0 0 0 0 183 372 304 164 1 0 0 
2 931 91 0 0 0 0 0 1 806 217 0 0 0 0 0 0 143 876 5 0 0 0 0 
116 671 153 55 16 7 5 1 105 631 184 77 16 6 4 1 97 202 569 100 46 5 4 1 
406 594 16 4 2 2 0 0 355 627 33 5 2 2 0 0 371 511 136 2 2 2 0 0 
9 999 16 0 0 0 0 0 0 953 71 0 0 0 0 0 0 423 601 0 0 0 0 0 
3 1004 17 0 0 0 0 0 0 959 65 0 0 0 0 0 0 342 682 0 0 0 0 0 
627 245 118 32 2 0 0 0 621 240 83 69 11 0 0 0 555 238 80 110 40 1 0 0 
0 7 396 380 78 102 61 0 0 3 236 478 138 110 59 0 0 0 9 377 417 126 95 0 
96 621 231 71 5 0 0 0 45 629 219 116 15 0 0 0 0 526 207 229 57 5 0 0 
44 946 34 0 0 0 0 0 7 944 73 0 0 0 0 0 0 713 309 2 0 0 0 0 
23 993 8 0 0 0 0 0 1 985 38 0 0 0 0 0 0 840 184 0 0 0 0 0 
139 868 17 0 0 0 0 0 75 905 44 0 0 0 0 0 28 779 217 0 0 0 0 0 
1024 0 0 0 0 0 0 0 1022 2 0 0 0 0 0 0 1024 0 0 0 0 0 0 0 
1008 16 0 0 0 0 0 0 1008 16 0 0 0 0 0 0 1005 19 0 0 0 0 0 0 
1024 0 0 0 0 0 0 0 1024 0 0 0 0 0 0 0 1024 0 0 0 0 0 0 0 
959 63 2 0 0 0 0 0 952 70 2 0 0 0 0 0 955 67 2 0 0 0 0 0 
345 24 540 111 4 0 0 0 332 28 344 310 10 0 0 0 331 19 26 562 84 2 0 0 
0 0 521 490 13 0 0 0 0 0 245 529 250 0 0 0 0 0 0 522 450 52 0 0 
0 0 22 837 165 0 0 0 0 0 1 464 559 0 0 0 0 0 0 13 901 110 0 0 
626 378 20 0 0 0 0 0 505 492 27 0 0 0 0 0 353 633 38 0 0 0 0 0 
423 597 4 0 0 0 0 0 206 778 40 0 0 0 0 0 146 767 111 0 0 0 0 0 
149 830 39 6 0 0 0 0 118 846 49 11 0 0 0 0 108 766 143 7 0 0 0 0 
573 338 80 32 1 0 0 0 545 358 77 42 2 0 0 0 296 540 135 46 7 0 0 0 
276 344 337 61 6 0 0 0 237 288 423 63 13 0 0 0 118 270 506 92 38 0 0 0 
352 281 391 0 0 0 0 0 253 273 497 1 0 0 0 0 162 304 425 133 0 0 0 0 
600 199 160 62 3 0 0 0 462 316 167 76 3 0 0 0 440 300 141 138 5 0 0 0 
104 352 264 169 135 0 0 0 108 357 256 180 123 0 0 0 61 183 401 211 165 3 0 0 
148 429 278 103 23 17 13 13 172 423 266 98 21 18 11 15 96 358 323 172 31 18 11 15 
49 270 223 111 79 79 66 147 46 218 278 110 85 75 70 142 47 198 270 154 82 86 58 129 
94 187 268 272 104 34 13 52 68 200 257 303 99 33 15 49 47 103 250 322 208 30 17 47 
245 411 158 152 12 10 11 25 135 495 164 165 21 10 10 24 62 375 282 151 109 13 8 24 
155 564 144 155 6 0 0 0 50 648 139 177 10 0 0 0 2 533 217 177 94 1 0 0 
71 693 151 108 1 0 0 0 30 703 143 141 7 0 0 0 0 508 290 164 61 1 0 0 
60 599 130 105 17 30 30 53 34 600 124 133 19 31 34 49 16 281 380 155 72 34 41 45 
43 398 178 82 34 94 55 140 27 400 142 127 48 88 59 133 21 199 258 173 93 85 64 131 
60 615 32 48 89 82 75 23 50 618 38 60 88 82 67 21 35 496 167 32 86 107 76 25 
62 399 250 186 63 38 24 2 22 430 173 273 68 42 15 1 9 306 175 249 207 48 26 4 
97 887 20 11 9 0 0 0 85 888 31 11 9 0 0 0 0 618 381 11 14 0 0 0 
65 670 163 98 28 0 0 0 43 705 159 101 16 0 0 0 58 526 240 158 42 0 0 0 
117 709 158 37 3 0 0 0 80 768 135 38 3 0 0 0 82 689 205 41 7 0 0 0 
198 826 0 0 0 0 0 0 87 936 1 0 0 0 0 0 0 893 131 0 0 0 0 0 
99 924 1 0 0 0 0 0 29 975 20 0 0 0 0 0 0 789 235 0 0 0 0 0 
332 257 328 99 8 0 0 0 307 238 334 130 14 1 0 0 325 357 71 179 82 10 0 0 
0 0 669 341 14 0 0 0 0 0 371 614 39 0 0 0 0 0 8 693 319 4 0 0 
334 421 215 52 2 0 0 0 161 586 192 76 9 0 0 0 1 568 240 173 41 1 0 0 
490 534 0 0 0 0 0 0 368 648 8 0 0 0 0 0 2 878 144 0 0 0 0 0 
221 792 11 0 0 0 0 0 172 833 19 0 0 0 0 0 0 858 166 0 0 0 0 0 
281 726 17 0 0 0 0 0 179 814 31 0 0 0 0 0 118 734 172 0 0 0 0 0 
1024 0 0 0 0 0 0 0 1024 0 0 0 0 0 0 0 1024 0 0 0 0 0 0 0 
1021 3 0 0 0 0 0 0 1021 3 0 0 0 0 0 0 1021 3 0 0 0 0 0 0 
893 131 0 0 0 0 0 0 907 117 0 0 0 0 0 0 899 125 0 0 0 0 0 0 
375 237 131 81 7 7 18 168 358 246 129 88 10 5 16 172 359 226 127 106 13 6 19 168 
160 59 135 210 15 12 19 414 134 75 53 286 31 10 19 416 135 64 32 187 149 22 20 415 
3 18 105 302 7 10 14 565 0 16 70 337 11 11 15 564 0 12 39 170 214 8 15 566 
5 10 79 224 13 13 25 655 5 3 50 253 17 13 22 661 3 2 24 121 178 13 22 661 
445 428 130 19 2 0 0 0 221 621 149 24 9 0 0 0 154 656 162 42 10 0 0 0 
322 689 13 0 0 0 0 0 179 763 82 0 0 0 0 0 103 799 122 0 0 0 0 0 
79 944 1 0 0 0 0 0 68 955 1 0 0 0 0 0 57 920 47 0 0 0 0 0 
94 414 325 174 17 0 0 0 50 391 344 206 33 0 0 0 36 240 458 218 71 1 0 0 
108 646 202 60 8 0 0 0 73 538 317 69 26 1 0 0 21 383 509 75 34 2 0 0 
92 643 282 7 0 0 0 0 59 578 376 11 0 0 0 0 42 380 530 72 0 0 0 0 
222 654 124 24 0 0 0 0 158 679 159 28 0 0 0 0 43 703 238 36 4 0 0 0 
64 145 87 173 495 60 0 0 61 143 90 183 500 47 0 0 26 137 90 127 439 205 0 0 
50 53 58 166 576 120 1 0 56 51 66 170 585 96 0 0 50 48 57 130 545 191 3 0 
97 136 110 134 376 56 44 71 116 131 121 166 329 46 44 71 109 125 126 197 328 45 40 54 
115 231 134 122 119 93 87 123 158 208 134 140 99 90 92 103 94 235 119 134 139 115 89 99 
37 42 25 55 122 260 343 140 43 35 40 71 153 339 243 100 31 34 38 58 197 344 228 94 
68 191 117 158 260 168 33 29 49 196 119 184 306 108 35 27 33 175 128 249 322 59 33 25 
114 672 137 69 3 12 11 6 86 701 125 81 3 14 10 4 12 661 176 134 12 13 10 6 
110 405 113 99 68 59 66 104 108 410 112 98 74 57 61 104 104 377 143 109 67 66 63 95 
117 163 134 214 88 89 92 127 134 152 188 182 62 98 88 120 114 182 154 205 75 98 86 110 
25 51 446 243 85 62 45 67 31 142 460 148 79 58 41 65 25 112 449 181 93 59 40 65 
244 240 259 29 46 96 50 60 281 224 238 30 55 92 47 57 282 231 230 31 57 91 51 51 
168 617 75 81 48 20 11 4 131 647 90 73 46 21 12 4 100 612 156 75 47 20 10 4 
172 644 142 61 5 0 0 0 139 669 141 69 6 0 0 0 116 633 112 134 29 0 0 0 
187 833 4 0 0 0 0 0 90 929 5 0 0 0 0 0 213 741 70 0 0 0 0 0 
137 866 21 0 0 0 0 0 53 941 30 0 0 0 0 0 9 876 139 0 0 0 0 0 
247 772 5 0 0 0 0 0 212 805 7 0 0 0 0 0 19 907 98 0 0 0 0 0 
79 205 484 236 20 0 0 0 18 104 353 521 24 4 0 0 23 125 118 607 148 3 0 0 
0 14 472 535 3 0 0 0 0 1 294 715 14 0 0 0 0 0 26 534 461 3 0 0 
494 384 120 23 3 0 0 0 365 487 146 22 4 0 0 0 4 751 168 78 22 1 0 0 
552 396 76 0 0 0 0 0 368 573 83 0 0 0 0 0 0 843 180 1 0 0 0 0 
210 778 36 0 0 0 0 0 152 820 52 0 0 0 0 0 1 841 182 0 0 0 0 0 
323 636 65 0 0 0 0 0 233 708 83 0 0 0 0 0 189 640 193 2 0 0 0 0 
1004 20 0 0 0 0 0 0 1002 22 0 0 0 0 0 0 1002 22 0 0 0 0 0 0 
886 91 47 0 0 0 0 0 891 88 45 0 0 0 0 0 897 82 45 0 0 0 0 0 
551 120 34 29 46 30 46 168 568 107 33 27 52 24 51 162 572 105 32 29 53 24 61 148 
120 127 46 61 59 46 77 488 120 130 44 87 48 36 86 473 145 102 49 87 44 43 89 465 
236 207 73 79 51 30 39 309 174 239 131 74 34 34 44 294 213 212 115 75 39 35 42 293 
77 297 111 89 42 45 34 329 69 289 149 86 36 40 35 320 77 295 151 73 35 44 33 316 
49 292 85 80 97 20 33 368 74 274 100 97 58 23 61 337 82 278 85 115 48 23 62 331 
313 585 116 10 0 0 0 0 187 640 183 14 0 0 0 0 22 722 261 19 0 0 0 0 
108 717 150 49 0 0 0 0 90 641 217 76 0 0 0 0 82 433 436 73 0 0 0 0 
142 845 15 17 5 0 0 0 109 870 23 22 0 0 0 0 108 641 248 10 17 0 0 0 
422 276 190 133 3 0 0 0 36 591 220 162 15 0 0 0 94 518 207 162 43 0 0 0 
238 513 215 58 0 0 0 0 113 489 315 107 0 0 0 0 75 525 307 117 0 0 0 0 
247 487 204 82 4 0 0 0 166 511 208 132 7 0 0 0 98 526 241 144 15 0 0 0 
300 495 98 64 56 6 5 0 266 528 91 77 52 5 4 1 209 544 110 82 57 16 5 1 
108 589 48 42 237 0 0 0 111 582 57 56 218 0 0 0 43 628 62 37 244 10 0 0 
11 96 73 251 549 44 0 0 13 99 71 280 549 12 0 0 5 51 102 163 496 207 0 0 
100 71 64 276 485 26 2 0 106 69 64 324 439 20 2 0 106 70 57 207 541 43 0 0 
281 242 200 136 113 34 14 4 292 262 190 123 114 37 5 1 247 206 173 198 130 15 23 32 
310 164 162 104 196 88 0 0 347 155 170 167 172 13 0 0 257 164 163 98 43 78 205 16 
292 231 172 137 142 41 6 3 294 240 182 184 87 28 5 4 252 193 165 118 81 130 71 14 
76 171 107 194 165 139 90 82 91 171 103 246 150 127 76 60 70 148 131 205 217 111 83 59 
54 117 173 159 236 210 22 53 54 142 144 163 211 235 21 54 23 35 75 235 328 255 21 52 
110 92 76 176 245 205 46 74 102 98 82 173 228 220 49 72 31 62 92 219 324 185 48 63 
198 230 140 141 120 72 71 52 244 208 150 126 112 68 76 40 233 205 138 152 117 66 80 33 
279 273 121 85 130 72 56 8 301 262 113 82 132 69 57 8 277 282 121 74 143 64 55 8 
125 117 180 194 141 109 132 26 132 118 206 187 134 121 107 19 137 131 218 169 140 142 80 7 
266 212 110 127 112 78 34 85 228 250 120 139 111 67 30 79 332 153 124 152 100 57 29 77 
148 439 92 63 184 96 2 0 167 424 91 67 226 48 1 0 251 308 125 85 210 44 1 0 
193 424 141 104 90 37 11 24 174 437 157 111 88 24 11 22 122 451 163 111 103 39 12 23 
178 520 116 61 40 52 13 44 126 583 117 63 42 41 11 41 28 569 125 68 87 61 40 46 
164 298 459 92 7 3 0 1 94 299 456 152 19 3 0 1 55 193 260 265 212 35 3 1 
54 64 513 303 17 26 14 33 54 63 464 346 33 21 13 30 33 50 81 320 405 91 14 30 
251 460 117 46 38 64 43 5 224 499 118 43 42 55 42 1 81 387 185 193 66 65 45 2 
301 658 65 0 0 0 0 0 172 762 90 0 0 0 0 0 35 659 295 35 0 0 0 0 
244 706 74 0 0 0 0 0 118 821 85 0 0 0 0 0 21 823 176 4 0 0 0 0 
512 455 57 0 0 0 0 0 422 546 56 0 0 0 0 0 199 680 141 4 0 0 0 0 
884 138 2 0 0 0 0 0 898 124 2 0 0 0 0 0 837 185 2 0 0 0 0 0 
1006 12 4 1 1 0 0 0 997 19 6 1 1 0 0 0 1010 10 3 0 1 0 0 0 
383 63 41 46 70 71 57 293 386 62 41 46 69 69 95 256 392 58 45 46 85 59 107 232 
256 511 70 32 25 9 17 104 192 560 83 32 26 17 19 95 427 376 50 25 17 13 27 89 
54 406 564 0 0 0 0 0 18 193 813 0 0 0 0 0 62 232 730 0 0 0 0 0 
0 58 925 41 0 0 0 0 0 2 902 120 0 0 0 0 0 26 956 42 0 0 0 0 
1 381 592 50 0 0 0 0 0 335 599 90 0 0 0 0 9 427 570 18 0 0 0 0 
478 496 50 0 0 0 0 0 365 572 87 0 0 0 0 0 180 733 111 0 0 0 0 0 
103 617 304 0 0 0 0 0 89 516 419 0 0 0 0 0 75 336 607 6 0 0 0 0 
112 568 337 7 0 0 0 0 97 532 385 10 0 0 0 0 81 419 480 44 0 0 0 0 
3 124 806 91 0 0 0 0 0 115 768 141 0 0 0 0 0 52 785 187 0 0 0 0 
128 178 715 3 0 0 0 0 107 172 735 10 0 0 0 0 68 183 765 8 0 0 0 0 
221 356 447 0 0 0 0 0 215 271 538 0 0 0 0 0 101 287 625 11 0 0 0 0 
253 313 450 8 0 0 0 0 257 309 434 24 0 0 0 0 257 254 467 46 0 0 0 0 
20 807 197 0 0 0 0 0 13 701 308 2 0 0 0 0 10 559 452 3 0 0 0 0 
0 222 396 322 84 0 0 0 0 184 381 360 99 0 0 0 0 112 352 290 270 0 0 0 
20 37 30 154 783 0 0 0 24 31 29 168 772 0 0 0 21 34 22 67 875 5 0 0 
159 46 38 266 509 5 1 0 155 50 35 245 533 6 0 0 120 75 33 167 604 23 2 0 
206 29 22 360 394 13 0 0 205 29 23 394 350 23 0 0 210 26 29 322 405 32 0 0 
198 46 60 408 312 0 0 0 203 47 59 581 134 0 0 0 200 45 63 374 342 0 0 0 
98 94 130 403 296 3 0 0 103 98 131 587 103 2 0 0 96 99 134 504 189 2 0 0 
323 99 113 175 222 73 17 2 328 101 108 169 234 63 19 2 316 98 110 183 225 73 17 2 
237 161 81 243 231 58 6 7 237 165 64 249 238 58 6 7 141 178 113 299 220 59 7 7 
776 77 47 95 27 2 0 0 791 62 45 92 32 2 0 0 760 95 49 100 19 1 0 0 
451 98 218 150 64 33 10 0 456 97 212 154 77 21 7 0 443 102 166 196 72 34 11 0 
26 48 486 103 100 141 78 42 43 35 500 97 117 132 70 30 26 44 396 196 111 160 61 30 
422 93 101 102 71 68 62 105 404 115 101 103 73 70 60 98 444 70 91 119 65 77 67 91 
239 293 130 54 142 86 32 48 265 282 133 47 167 55 33 42 272 276 135 93 131 40 36 41 
115 308 271 248 43 29 3 7 132 309 280 230 41 22 3 7 139 312 281 219 43 20 3 7 
174 213 224 168 38 28 62 117 189 189 237 171 35 28 75 100 174 203 244 156 47 26 76 98 
130 40 119 167 225 115 78 150 139 44 149 162 214 95 78 143 136 45 109 193 239 105 56 141 
12 44 129 211 547 77 4 0 22 52 150 306 442 48 4 0 3 42 59 571 335 11 3 0 
423 514 45 20 22 0 0 0 398 559 26 24 17 0 0 0 323 534 60 83 24 0 0 0 
540 272 93 116 3 0 0 0 576 263 100 85 0 0 0 0 509 177 213 124 1 0 0 0 
71 348 258 311 36 0 0 0 52 401 362 208 1 0 0 0 7 409 398 208 2 0 0 0 
509 483 21 11 0 0 0 0 529 461 22 12 0 0 0 0 318 656 40 10 0 0 0 0 
380 572 40 14 6 12 0 0 408 526 7 44 21 10 8 0 287 707 15 13 2 0 0 0 
471 208 134 80 36 19 31 45 427 141 107 118 126 26 31 48 611 231 45 11 35 19 35 37 
218 97 57 50 64 101 145 292 227 97 56 49 71 98 211 215 222 99 56 51 71 121 244 160 
71 277 264 145 260 7 0 0 44 200 271 195 207 107 0 0 143 400 290 189 2 0 0 0 
2 115 680 227 0 0 0 0 0 90 503 427 4 0 0 0 8 144 675 197 0 0 0 0 
1 87 470 114 117 185 47 3 0 29 295 355 108 165 70 2 5 112 440 245 187 35 0 0 
0 255 82 262 269 155 1 0 0 257 77 301 257 129 3 0 1 285 267 366 104 1 0 0 
781 149 57 29 8 0 0 0 694 217 69 35 9 0 0 0 466 429 71 41 17 0 0 0 
60 330 337 272 25 0 0 0 53 181 431 329 30 0 0 0 42 117 366 377 122 0 0 0 
73 193 504 254 0 0 0 0 73 156 448 347 0 0 0 0 55 91 395 449 34 0 0 0 
0 29 598 385 12 0 0 0 0 15 533 454 22 0 0 0 0 4 374 524 122 0 0 0 
0 124 635 240 25 0 0 0 0 81 645 242 56 0 0 0 0 3 606 273 142 0 0 0 
0 0 395 569 60 0 0 0 0 0 328 606 90 0 0 0 0 0 239 627 158 0 0 0 
0 0 491 527 6 0 0 0 0 0 467 525 32 0 0 0 0 0 308 557 159 0 0 0 
0 184 624 216 0 0 0 0 0 124 601 295 4 0 0 0 0 59 492 441 32 0 0 0 
0 37 635 348 4 0 0 0 0 21 581 406 16 0 0 0 0 4 432 484 104 0 0 0 
0 254 286 325 159 0 0 0 0 241 287 323 173 0 0 0 0 132 311 354 227 0 0 0 
0 1 38 328 657 0 0 0 0 0 42 317 665 0 0 0 0 0 20 240 730 34 0 0 
0 0 0 234 790 0 0 0 0 0 0 229 790 5 0 0 0 0 0 35 925 64 0 0 
0 0 0 168 855 1 0 0 0 0 0 159 862 3 0 0 0 0 0 54 948 22 0 0 
0 0 0 156 868 0 0 0 0 0 0 301 723 0 0 0 0 0 0 166 858 0 0 0 
75 57 62 537 289 2 2 0 86 47 61 602 224 3 1 0 78 56 64 559 263 2 2 0 
510 74 50 340 46 1 3 0 515 68 49 377 11 1 3 0 528 61 49 369 14 1 2 0 
688 66 82 188 0 0 0 0 685 65 112 162 0 0 0 0 687 68 84 185 0 0 0 0 
396 247 175 127 51 16 10 2 422 236 174 123 44 16 8 1 396 246 179 136 42 16 8 1 
32 280 600 55 52 5 0 0 32 286 593 49 55 9 0 0 32 243 608 78 54 9 0 0 
587 121 264 39 13 0 0 0 552 158 267 35 12 0 0 0 605 99 250 54 16 0 0 0 
123 101 24 52 103 499 118 4 112 113 23 59 125 499 93 0 138 87 27 67 132 486 86 1 
9 99 134 57 94 314 294 23 12 108 129 54 97 400 214 10 19 105 126 54 101 420 191 8 
223 204 94 34 75 51 257 86 240 203 82 34 76 67 277 45 235 204 86 33 78 74 266 48 
147 107 123 72 192 74 106 203 162 115 103 74 204 60 118 188 148 112 119 70 206 62 118 189 
26 146 78 65 349 52 26 282 35 152 72 83 348 26 37 271 55 138 76 181 252 15 75 232 
105 389 103 54 118 28 24 203 112 378 111 74 99 22 24 204 119 396 97 110 56 24 24 198 
263 354 87 49 15 32 35 189 269 349 83 54 14 32 31 192 287 344 81 43 16 32 51 170 
50 118 134 348 182 20 37 135 46 121 216 402 48 23 31 137 59 123 224 387 47 20 46 118 
70 282 137 248 106 38 70 73 77 289 194 226 67 25 78 68 52 303 244 206 55 30 92 42 
360 431 180 22 13 8 8 2 323 436 139 91 19 6 8 2 399 456 120 23 10 7 8 1 
117 398 115 41 41 30 127 155 63 155 314 129 49 33 162 119 483 137 30 28 37 43 183 83 
25 19 16 52 105 156 308 343 30 15 15 64 101 186 317 296 27 18 17 62 125 251 241 283 
42 93 49 62 134 97 276 271 47 82 59 56 125 215 193 247 56 89 59 95 88 230 182 225 
27 181 136 50 21 32 270 307 34 194 118 51 25 89 249 264 33 224 100 42 25 156 202 242 
30 62 68 66 141 118 256 283 30 44 89 73 145 189 205 249 41 74 81 170 118 185 133 222 
0 21 94 492 39 7 57 314 0 17 200 394 33 7 114 259 2 39 473 124 9 17 134 226 
471 553 0 0 0 0 0 0 120 565 339 0 0 0 0 0 69 886 69 0 0 0 0 0 
48 976 0 0 0 0 0 0 0 317 707 0 0 0 0 0 0 519 505 0 0 0 0 0 
23 982 12 7 0 0 0 0 9 408 597 10 0 0 0 0 5 429 579 10 1 0 0 0 
81 420 292 220 11 0 0 0 50 388 245 329 12 0 0 0 7 419 101 442 55 0 0 0 
15 65 321 552 71 0 0 0 6 59 278 595 86 0 0 0 2 25 161 551 285 0 0 0 
0 0 6 823 195 0 0 0 0 0 2 685 337 0 0 0 0 0 0 159 865 0 0 0 
0 0 2 859 163 0 0 0 0 0 2 708 314 0 0 0 0 0 0 81 941 2 0 0 
0 0 182 798 44 0 0 0 0 0 77 794 153 0 0 0 0 0 2 474 548 0 0 0 
0 385 481 158 0 0 0 0 0 365 430 224 5 0 0 0 0 329 347 318 30 0 0 0 
4 993 27 0 0 0 0 0 0 976 48 0 0 0 0 0 0 930 94 0 0 0 0 0 
0 303 429 292 0 0 0 0 0 273 417 334 0 0 0 0 0 203 297 507 17 0 0 0 
0 0 13 1009 2 0 0 0 0 0 13 1011 0 0 0 0 0 0 0 776 248 0 0 0 
0 0 5 965 54 0 0 0 0 0 7 935 82 0 0 0 0 0 0 580 444 0 0 0 
0 0 206 480 338 0 0 0 0 0 209 493 322 0 0 0 0 0 137 420 467 0 0 0 
0 0 38 488 498 0 0 0 0 1 46 555 422 0 0 0 0 0 9 436 579 0 0 0 
0 0 0 701 323 0 0 0 0 0 0 753 271 0 0 0 0 0 0 697 327 0 0 0 
0 0 2 940 82 0 0 0 0 0 33 973 18 0 0 0 0 0 3 936 85 0 0 0 
77 22 50 783 88 3 1 0 78 23 85 832 4 2 0 0 78 23 55 842 24 2 0 0 
351 131 123 419 0 0 0 0 362 124 125 413 0 0 0 0 353 125 108 438 0 0 0 0 
737 202 29 56 0 0 0 0 721 222 20 61 0 0 0 0 768 175 41 40 0 0 0 0 
368 139 91 83 163 133 35 12 398 114 91 96 180 101 32 12 374 137 96 87 184 107 29 10 
74 79 46 71 260 479 13 2 85 70 46 78 294 438 11 2 48 99 50 80 347 388 10 2 
25 14 8 40 245 374 299 19 26 13 8 56 234 430 246 11 21 16 10 37 180 468 282 10 
0 0 3 9 69 251 553 139 0 0 5 10 112 271 524 102 0 0 3 10 90 308 529 84 
0 0 0 0 0 0 379 645 0 0 0 0 0 0 522 502 0 0 0 0 0 1 617 406 
3 5 7 10 7 15 124 853 4 7 8 10 7 14 153 821 4 5 6 13 6 21 143 826 
0 0 5 33 24 20 16 926 0 2 28 23 20 13 27 911 0 1 26 23 20 15 25 914 
0 0 0 28 4 13 41 938 0 0 18 14 3 29 35 925 0 0 8 24 0 32 34 926 
0 0 3 22 7 23 37 932 0 0 15 16 12 20 51 910 0 0 7 24 5 26 109 853 
54 39 18 11 22 32 60 788 54 38 18 11 30 28 76 769 55 39 17 12 29 26 156 690 
169 100 67 22 25 33 295 313 163 105 62 29 29 39 317 280 101 112 98 42 26 51 329 265 
67 29 30 42 36 35 658 127 70 28 33 39 38 39 714 63 21 30 48 59 42 48 708 68 
0 0 0 0 0 44 714 266 0 0 0 0 2 44 975 3 0 0 0 0 8 61 953 2 
8 17 11 22 70 118 521 257 12 15 10 18 67 129 773 0 9 19 11 19 80 127 759 0 
9 45 27 34 80 154 547 128 22 36 28 32 82 200 624 0 17 41 26 33 91 219 597 0 
15 39 24 46 100 149 566 85 22 42 20 44 85 224 587 0 26 39 24 41 115 325 454 0 
179 196 239 400 10 0 0 0 94 234 218 472 6 0 0 0 18 242 204 387 173 0 0 0 
178 179 254 405 8 0 0 0 102 217 266 426 13 0 0 0 32 228 226 352 186 0 0 0 
171 297 167 389 0 0 0 0 65 335 218 406 0 0 0 0 1 311 254 353 105 0 0 0 
38 415 223 348 0 0 0 0 5 328 305 386 0 0 0 0 0 252 310 375 87 0 0 0 
70 304 337 309 4 0 0 0 51 279 370 316 8 0 0 0 23 238 352 326 85 0 0 0 
14 101 584 325 0 0 0 0 9 83 549 382 1 0 0 0 3 60 351 597 13 0 0 0 
0 0 468 555 1 0 0 0 0 0 351 670 3 0 0 0 0 0 66 828 130 0 0 0 
0 89 477 458 0 0 0 0 0 32 451 538 3 0 0 0 0 0 353 530 141 0 0 0 
0 724 238 62 0 0 0 0 0 689 245 90 0 0 0 0 0 556 345 123 0 0 0 0 
2 881 131 10 0 0 0 0 0 843 159 22 0 0 0 0 0 753 249 22 0 0 0 0 
0 508 476 40 0 0 0 0 0 392 587 45 0 0 0 0 0 132 778 105 9 0 0 0 
1 78 306 630 9 0 0 0 0 50 305 658 11 0 0 0 0 10 259 665 90 0 0 0 
1 21 35 956 11 0 0 0 0 21 33 956 14 0 0 0 0 12 25 757 230 0 0 0 
0 0 55 964 5 0 0 0 0 0 50 959 15 0 0 0 0 0 42 672 310 0 0 0 
0 3 552 469 0 0 0 0 0 2 579 443 0 0 0 0 0 0 453 555 16 0 0 0 
0 0 124 900 0 0 0 0 0 0 204 820 0 0 0 0 0 0 92 930 2 0 0 0 
0 0 9 1013 2 0 0 0 0 0 24 999 1 0 0 0 0 0 5 1013 6 0 0 0 
0 0 9 1013 2 0 0 0 0 0 19 1003 2 0 0 0 0 0 7 1010 7 0 0 0 
0 0 1 1023 0 0 0 0 0 0 12 1012 0 0 0 0 0 0 5 1019 0 0 0 0 
526 161 69 230 28 9 1 0 511 182 67 230 25 8 1 0 573 128 68 229 21 5 0 0 
309 305 186 120 45 21 19 19 355 293 179 105 41 20 13 18 331 297 181 124 43 20 11 17 
264 82 80 247 351 0 0 0 273 78 87 279 307 0 0 0 254 93 73 304 300 0 0 0 
46 114 60 173 530 76 13 12 57 106 67 211 508 53 15 7 38 116 65 236 508 39 15 7 
337 194 46 60 210 114 48 15 366 173 51 71 224 94 40 5 329 208 50 79 224 79 43 12 
145 239 36 66 40 56 318 124 184 208 51 55 43 80 298 105 139 249 51 59 39 77 308 102 
70 169 252 182 84 87 155 25 99 178 268 151 83 112 115 18 77 162 247 189 89 110 125 25 
192 391 245 116 67 5 4 4 206 418 230 119 39 7 4 1 176 381 270 118 66 5 4 4 
412 453 109 38 8 2 2 0 462 445 98 13 2 4 0 0 381 485 112 34 8 2 2 0 
422 424 85 43 29 19 2 0 441 415 103 29 31 4 1 0 411 433 95 45 29 9 2 0 
324 422 139 35 31 69 4 0 412 356 132 34 74 16 0 0 373 383 139 39 71 19 0 0 
584 203 107 42 29 27 11 21 616 178 117 33 44 10 10 16 97 118 122 547 71 35 11 23 
547 271 32 29 34 21 34 56 595 237 22 30 30 24 31 55 6 61 90 624 102 35 26 80 
259 81 33 37 54 57 291 212 275 73 34 38 52 63 363 126 259 83 33 36 55 70 394 94 
277 107 36 30 32 47 306 189 318 84 26 29 38 50 392 87 192 71 73 96 54 42 387 109 
170 75 30 27 24 38 321 339 209 44 31 26 29 37 544 104 0 39 123 107 39 44 544 128 
70 80 23 18 17 18 523 275 130 31 16 16 18 24 732 57 0 17 83 73 20 21 734 76 
0 0 73 931 20 0 0 0 0 0 48 860 116 0 0 0 0 0 2 392 630 0 0 0 
0 0 175 849 0 0 0 0 0 0 109 894 21 0 0 0 0 0 3 667 354 0 0 0 
0 0 127 897 0 0 0 0 0 0 54 967 3 0 0 0 0 0 10 770 244 0 0 0 
0 2 156 863 3 0 0 0 0 0 102 913 9 0 0 0 0 0 39 579 406 0 0 0 
0 0 19 994 11 0 0 0 0 0 9 997 18 0 0 0 0 0 0 677 347 0 0 0 
0 0 41 978 5 0 0 0 0 0 32 979 13 0 0 0 0 0 7 617 400 0 0 0 
0 0 82 935 7 0 0 0 0 0 59 953 12 0 0 0 0 0 14 936 73 1 0 0 
0 0 19 1005 0 0 0 0 0 0 15 1008 1 0 0 0 0 0 1 935 88 0 0 0 
0 0 225 799 0 0 0 0 0 0 150 874 0 0 0 0 0 0 29 957 38 0 0 0 
0 0 309 707 8 0 0 0 0 0 189 828 7 0 0 0 0 0 31 881 112 0 0 0 
0 0 77 944 3 0 0 0 0 0 47 973 4 0 0 0 0 0 11 925 88 0 0 0 
70 94 149 711 0 0 0 0 24 136 129 734 1 0 0 0 0 156 63 730 75 0 0 0 
98 63 96 656 111 0 0 0 63 94 94 726 47 0 0 0 0 145 60 388 431 0 0 0 
0 0 0 907 117 0 0 0 0 0 0 888 136 0 0 0 0 0 0 208 816 0 0 0 
0 0 15 916 93 0 0 0 0 0 11 944 69 0 0 0 0 0 9 273 742 0 0 0 
0 4 448 562 10 0 0 0 0 4 454 537 29 0 0 0 0 1 282 497 244 0 0 0 
0 0 278 596 150 0 0 0 0 0 267 694 63 0 0 0 0 0 145 647 232 0 0 0 
0 0 0 588 436 0 0 0 0 0 0 685 339 0 0 0 0 0 0 405 619 0 0 0 
0 0 0 569 455 0 0 0 0 0 0 645 379 0 0 0 0 0 0 536 488 0 0 0 
616 150 27 177 54 0 0 0 623 140 35 174 52 0 0 0 643 126 36 161 58 0 0 0 
132 65 184 541 102 0 0 0 135 63 194 608 24 0 0 0 138 70 225 560 31 0 0 0 
478 107 189 250 0 0 0 0 472 108 200 244 0 0 0 0 485 110 193 236 0 0 0 0 
700 140 132 52 0 0 0 0 716 136 132 40 0 0 0 0 710 134 122 58 0 0 0 0 
441 182 197 118 29 8 10 39 469 164 216 103 15 11 8 38 433 190 216 106 23 10 8 38 
419 214 170 113 60 31 7 10 490 166 161 106 57 29 8 7 478 179 164 110 55 23 8 7 
487 230 193 100 14 0 0 0 509 186 213 101 15 0 0 0 455 223 225 97 24 0 0 0 
540 196 288 0 0 0 0 0 548 164 312 0 0 0 0 0 528 151 345 0 0 0 0 0 
694 194 136 0 0 0 0 0 751 137 136 0 0 0 0 0 748 135 141 0 0 0 0 0 
482 267 223 52 0 0 0 0 487 256 227 54 0 0 0 0 438 274 255 57 0 0 0 0 
703 129 151 41 0 0 0 0 720 98 154 52 0 0 0 0 709 108 155 52 0 0 0 0 
373 109 76 26 30 38 368 4 378 91 71 44 31 37 364 8 130 46 118 278 44 116 278 14 
381 288 15 14 23 50 250 3 400 269 10 16 20 46 253 10 1 55 62 516 67 96 219 8 
293 100 30 44 56 49 355 97 304 92 32 46 50 54 362 84 302 92 38 43 51 66 374 58 
647 89 19 41 29 26 111 62 679 60 27 34 31 35 131 27 218 59 78 412 50 44 110 53 
976 46 2 0 0 0 0 0 1015 9 0 0 0 0 0 0 0 1 11 979 33 0 0 0 
812 77 12 12 17 14 24 56 871 25 9 17 12 18 25 47 0 17 46 806 50 20 22 63 
0 0 16 410 598 0 0 0 0 0 16 284 724 0 0 0 0 0 0 104 913 7 0 0 
0 0 2 476 546 0 0 0 0 0 4 310 710 0 0 0 0 0 0 30 978 16 0 0 
0 0 1 496 527 0 0 0 0 0 0 366 658 0 0 0 0 0 0 21 993 10 0 0 
0 0 11 732 281 0 0 0 0 0 9 543 472 0 0 0 0 0 2 74 935 13 0 0 
0 0 10 634 380 0 0 0 0 0 9 505 510 0 0 0 0 0 0 49 974 1 0 0 
0 0 27 628 369 0 0 0 0 0 33 534 457 0 0 0 0 0 3 123 898 0 0 0 
0 0 5 837 182 0 0 0 0 0 1 775 248 0 0 0 0 0 0 300 724 0 0 0 
0 0 1 779 244 0 0 0 0 0 0 665 359 0 0 0 0 0 0 212 807 5 0 0 
0 0 36 803 175 10 0 0 0 0 13 752 242 17 0 0 0 0 0 445 548 31 0 0 
0 0 21 903 100 0 0 0 0 0 3 858 163 0 0 0 0 0 1 572 443 8 0 0 
0 0 0 911 109 4 0 0 0 0 0 811 209 4 0 0 0 0 0 328 684 12 0 0 
0 0 0 980 44 0 0 0 0 0 0 921 103 0 0 0 0 0 0 192 832 0 0 0 
0 0 0 892 130 2 0 0 0 0 0 864 158 2 0 0 0 0 0 127 886 11 0 0 
0 0 0 1006 18 0 0 0 0 0 0 925 99 0 0 0 0 0 0 179 845 0 0 0 
0 0 0 801 223 0 0 0 0 0 0 751 273 0 0 0 0 0 0 50 973 1 0 0 
0 0 1 833 190 0 0 0 0 0 0 731 293 0 0 0 0 0 0 120 904 0 0 0 
0 0 269 687 68 0 0 0 0 0 241 636 147 0 0 0 0 0 62 470 492 0 0 0 
0 0 322 696 6 0 0 0 0 0 275 737 12 0 0 0 0 0 47 903 74 0 0 0 
0 0 1 705 318 0 0 0 0 0 0 870 154 0 0 0 0 0 0 469 555 0 0 0 
684 68 36 66 168 2 0 0 677 75 36 66 169 1 0 0 695 57 36 77 156 3 0 0 
0 0 0 327 697 0 0 0 0 0 0 402 622 0 0 0 0 0 0 216 808 0 0 0 
0 0 0 390 634 0 0 0 0 0 0 646 378 0 0 0 0 0 0 374 650 0 0 0 
6 24 96 656 242 0 0 0 6 21 73 770 154 0 0 0 6 22 101 719 176 0 0 0 
145 191 139 494 28 6 3 18 168 173 152 498 9 4 5 15 163 188 145 494 9 6 5 14 
717 123 88 83 0 3 0 10 722 122 80 87 1 2 0 10 695 147 86 83 1 2 0 10 
945 61 18 0 0 0 0 0 945 61 18 0 0 0 0 0 945 61 18 0 0 0 0 0 
908 65 49 2 0 0 0 0 913 60 51 0 0 0 0 0 912 61 51 0 0 0 0 0 
919 63 40 2 0 0 0 0 928 61 35 0 0 0 0 0 922 61 39 2 0 0 0 0 
967 57 0 0 0 0 0 0 969 55 0 0 0 0 0 0 951 73 0 0 0 0 0 0 
917 33 43 31 0 0 0 0 917 37 51 19 0 0 0 0 918 36 49 21 0 0 0 0 
173 45 69 8 23 113 593 0 167 63 56 9 22 218 489 0 170 63 56 8 24 616 87 0 
0 0 0 0 2 206 722 94 0 0 0 0 2 172 760 90 0 0 0 0 2 421 527 74 
0 0 0 2 1 11 848 162 0 0 0 1 2 20 922 79 0 0 0 2 6 232 750 34 
145 48 22 9 15 61 712 12 158 34 22 9 16 96 686 3 28 15 43 105 41 445 339 8 
508 47 10 13 15 32 399 0 500 54 10 10 14 32 404 0 0 7 52 479 40 352 93 1 
790 66 10 13 13 34 98 0 781 70 10 12 12 29 110 0 0 8 54 789 29 100 44 0 
0 0 1 102 921 0 0 0 0 0 1 48 975 0 0 0 0 0 0 13 855 156 0 0 
0 0 33 692 299 0 0 0 0 0 31 613 378 2 0 0 0 0 5 235 761 23 0 0 
0 0 16 651 357 0 0 0 0 0 6 540 478 0 0 0 0 0 0 114 910 0 0 0 
0 0 8 565 451 0 0 0 0 0 7 469 548 0 0 0 0 0 0 77 947 0 0 0 
0 0 11 438 575 0 0 0 0 0 9 396 619 0 0 0 0 0 0 56 955 13 0 0 
0 0 11 581 432 0 0 0 0 0 4 469 551 0 0 0 0 0 0 113 911 0 0 0 
0 0 0 515 509 0 0 0 0 0 0 346 678 0 0 0 0 0 0 3 1021 0 0 0 
0 0 0 337 685 2 0 0 0 0 0 163 859 2 0 0 0 0 0 5 998 21 0 0 
0 0 6 510 494 14 0 0 0 0 2 423 584 15 0 0 0 0 0 169 825 30 0 0 
0 0 0 365 637 22 0 0 0 0 0 305 696 23 0 0 0 0 0 90 890 40 4 0 
0 0 0 70 944 10 0 0 0 0 0 48 963 13 0 0 0 0 0 0 976 47 1 0 
0 0 0 204 812 8 0 0 0 0 0 149 867 8 0 0 0 0 0 0 1003 21 0 0 
0 0 0 180 818 26 0 0 0 0 0 100 893 29 2 0 0 0 0 13 975 31 5 0 
0 0 0 236 778 10 0 0 0 0 0 197 813 14 0 0 0 0 0 3 986 33 2 0 
0 0 0 245 775 4 0 0 0 0 0 155 863 6 0 0 0 0 0 22 984 18 0 0 
0 0 1 221 800 2 0 0 0 0 1 148 872 3 0 0 0 0 0 14 921 89 0 0 
0 0 0 189 835 0 0 0 0 0 0 148 876 0 0 0 0 0 0 2 983 39 0 0 
0 0 80 337 607 0 0 0 0 0 55 308 661 0 0 0 0 0 31 247 723 23 0 0 
0 0 234 677 113 0 0 0 0 0 140 754 130 0 0 0 0 0 21 851 152 0 0 0 
678 69 42 150 85 0 0 0 640 106 40 134 104 0 0 0 682 67 39 86 144 6 0 0 
0 0 0 125 896 3 0 0 0 0 0 84 940 0 0 0 0 0 0 33 960 31 0 0 
0 0 0 41 982 1 0 0 0 0 0 44 980 0 0 0 0 0 0 37 897 90 0 0 
0 0 1 61 962 0 0 0 0 0 2 64 958 0 0 0 0 0 1 51 959 13 0 0 
0 0 5 178 841 0 0 0 0 0 12 278 734 0 0 0 0 0 8 176 840 0 0 0 
0 0 17 616 391 0 0 0 0 0 17 700 307 0 0 0 0 0 12 487 525 0 0 0 
52 46 134 742 50 0 0 0 52 46 142 773 11 0 0 0 53 45 125 713 88 0 0 0 
259 160 128 474 3 0 0 0 246 166 125 487 0 0 0 0 265 157 115 486 1 0 0 0 
202 244 370 208 0 0 0 0 184 254 355 231 0 0 0 0 189 252 346 237 0 0 0 0 
270 120 272 308 54 0 0 0 261 122 286 289 66 0 0 0 262 116 195 386 65 0 0 0 
304 177 292 117 117 17 0 0 281 192 296 108 115 32 0 0 290 182 298 109 115 30 0 0 
353 61 176 79 121 233 1 0 333 80 178 83 124 225 1 0 340 75 177 67 184 181 0 0 
345 108 58 58 131 181 98 45 387 85 40 66 134 206 76 30 329 126 51 57 132 248 54 27 
422 213 13 16 18 25 60 257 450 194 15 16 23 34 77 215 453 190 14 16 21 34 105 191 
123 160 14 13 15 31 327 341 157 137 14 16 22 39 419 220 167 128 14 15 24 38 503 135 
2 5 3 2 4 6 888 114 7 2 2 4 4 57 867 81 7 3 1 4 4 774 184 47 
0 0 0 0 0 8 1016 0 0 0 0 0 0 26 998 0 0 0 0 0 0 1016 8 0 
0 0 0 95 929 0 0 0 0 0 0 84 940 0 0 0 0 0 0 21 983 20 0 0 
0 0 13 245 766 0 0 0 0 0 10 163 851 0 0 0 0 0 0 56 804 164 0 0 
0 0 5 823 196 0 0 0 0 0 0 590 434 0 0 0 0 0 0 137 884 3 0 0 
0 0 0 538 482 4 0 0 0 0 0 325 695 4 0 0 0 0 0 24 981 19 0 0 
0 0 0 664 360 0 0 0 0 0 0 464 560 0 0 0 0 0 0 47 975 2 0 0 
0 0 1 239 760 23 1 0 0 0 0 150 840 33 1 0 0 0 0 31 911 79 3 0 
0 0 1 243 780 0 0 0 0 0 0 177 847 0 0 0 0 0 0 8 991 25 0 0 
0 0 0 179 844 1 0 0 0 0 0 93 925 6 0 0 0 0 0 0 990 34 0 0 
0 0 3 199 788 34 0 0 0 0 0 123 850 51 0 0 0 0 0 63 851 107 3 0 
0 0 0 178 825 17 4 0 0 0 0 147 852 21 4 0 0 0 0 58 923 37 6 0 
0 0 0 19 989 16 0 0 0 0 0 11 993 20 0 0 0 0 0 0 975 47 2 0 
0 0 0 102 882 36 4 0 0 0 0 37 942 41 4 0 0 0 0 1 888 127 7 1 
0 0 0 112 900 12 0 0 0 0 0 47 960 17 0 0 0 0 0 3 949 72 0 0 
0 0 0 79 943 2 0 0 0 0 0 46 973 5 0 0 0 0 0 3 992 29 0 0 
0 0 0 434 576 14 0 0 0 0 0 331 668 25 0 0 0 0 0 58 918 48 0 0 
0 0 0 113 900 11 0 0 0 0 0 28 981 15 0 0 0 0 0 0 974 50 0 0 
0 0 39 268 714 3 0 0 0 0 31 178 812 3 0 0 0 0 10 93 879 42 0 0 
0 0 0 63 958 3 0 0 0 0 0 45 975 4 0 0 0 0 0 4 947 73 0 0 
9 25 18 173 796 3 0 0 16 18 18 140 830 2 0 0 16 21 17 76 835 59 0 0 
573 158 68 204 19 2 0 0 521 199 74 199 28 3 0 0 549 178 67 183 46 1 0 0 
0 0 33 826 165 0 0 0 0 0 15 838 171 0 0 0 0 0 0 675 348 1 0 0 
0 0 0 310 710 4 0 0 0 0 0 275 746 3 0 0 0 0 0 154 857 13 0 0 
0 0 0 11 1011 2 0 0 0 0 0 8 1010 6 0 0 0 0 0 0 950 74 0 0 
0 0 0 4 1020 0 0 0 0 0 0 2 1022 0 0 0 0 0 0 0 976 48 0 0 
0 0 0 7 1016 1 0 0 0 0 0 21 1003 0 0 0 0 0 0 2 1018 4 0 0 
0 0 0 94 930 0 0 0 0 0 0 137 887 0 0 0 0 0 0 77 947 0 0 0 
0 0 0 419 605 0 0 0 0 0 0 596 428 0 0 0 0 0 0 519 505 0 0 0 
0 0 15 871 138 0 0 0 0 0 22 890 112 0 0 0 0 0 20 807 197 0 0 0 
0 0 136 790 98 0 0 0 0 0 197 804 23 0 0 0 0 0 169 786 69 0 0 0 
0 0 91 900 33 0 0 0 0 0 175 814 35 0 0 0 0 0 166 820 38 0 0 0 
0 0 206 640 168 10 0 0 0 0 194 652 153 25 0 0 0 0 168 669 161 26 0 0 
94 110 273 367 154 26 0 0 91 123 306 332 134 38 0 0 87 120 242 403 133 39 0 0 
912 112 0 0 0 0 0 0 908 116 0 0 0 0 0 0 959 65 0 0 0 0 0 0 
535 470 19 0 0 0 0 0 480 529 15 0 0 0 0 0 596 415 13 0 0 0 0 0 
440 137 15 14 26 115 255 22 498 80 15 14 24 221 168 4 479 101 15 16 38 328 47 0 
0 0 0 0 0 268 756 0 0 0 0 0 0 702 322 0 0 0 0 0 0 1024 0 0 
