1016 8 0 0 0 0 0 0 1012 10 2 0 0 0 0 0 1011 10 3 0 0 0 0 0 
327 212 116 97 105 161 6 0 261 222 135 91 108 176 31 0 259 195 134 88 120 186 42 0 
21 57 151 255 294 200 46 0 6 48 103 190 304 287 86 0 4 46 81 160 294 331 108 0 
230 64 86 80 343 203 18 0 181 101 53 87 208 379 15 0 195 87 37 91 153 425 36 0 
119 135 120 235 248 102 65 0 73 137 107 172 257 223 55 0 73 124 100 143 228 292 64 0 
0 28 12 59 70 283 572 0 0 27 51 54 147 404 341 0 0 44 48 78 205 499 150 0 
0 0 569 330 57 68 0 0 0 708 184 57 61 14 0 0 0 835 89 44 55 1 0 0 
0 0 1004 20 0 0 0 0 0 1024 0 0 0 0 0 0 0 1024 0 0 0 0 0 0 
0 0 1008 10 6 0 0 0 0 1011 6 7 0 0 0 0 0 1014 6 4 0 0 0 0 
0 0 985 20 19 0 0 0 0 979 24 21 0 0 0 0 22 972 22 8 0 0 0 0 
0 0 1024 0 0 0 0 0 0 1024 0 0 0 0 0 0 121 903 0 0 0 0 0 0 
0 41 983 0 0 0 0 0 0 1024 0 0 0 0 0 0 809 215 0 0 0 0 0 0 
504 305 199 16 0 0 0 0 435 251 269 68 1 0 0 0 424 234 259 99 8 0 0 0 
93 239 241 302 119 29 1 0 46 174 255 253 226 60 9 1 39 156 223 223 282 82 18 1 
111 81 75 161 324 219 53 0 33 135 60 103 221 346 123 3 32 127 58 71 180 366 177 13 
37 69 141 156 295 283 43 0 1 74 93 139 184 401 131 1 0 70 72 130 162 350 230 10 
66 56 118 309 362 108 5 0 29 75 57 194 381 269 18 1 21 74 49 124 340 349 65 2 
126 63 56 176 249 334 20 0 69 110 172 158 196 271 48 0 38 204 160 156 174 198 93 1 
0 0 5 838 181 0 0 0 0 71 762 188 3 0 0 0 0 680 299 45 0 0 0 0 
0 0 132 890 2 0 0 0 0 545 477 2 0 0 0 0 0 1006 17 1 0 0 0 0 
0 0 371 621 32 0 0 0 0 667 324 33 0 0 0 0 0 983 28 13 0 0 0 0 
0 0 778 246 0 0 0 0 0 988 36 0 0 0 0 0 0 1024 0 0 0 0 0 0 
0 0 1022 2 0 0 0 0 0 1024 0 0 0 0 0 0 0 1024 0 0 0 0 0 0 
0 0 1024 0 0 0 0 0 0 1024 0 0 0 0 0 0 14 1010 0 0 0 0 0 0 
54 503 409 57 1 0 0 0 8 244 607 154 10 1 0 0 6 171 589 234 23 1 0 0 
14 97 278 345 212 74 4 0 4 44 160 352 293 137 34 0 3 32 133 301 311 186 57 1 
8 5 18 114 345 443 91 0 4 9 5 39 199 505 258 5 4 9 3 17 137 436 386 32 
331 58 44 71 215 238 66 1 273 100 47 39 122 300 132 11 242 126 48 29 79 259 218 23 
288 90 116 138 165 172 55 0 205 151 74 121 147 202 121 3 161 177 69 107 132 182 157 39 
61 79 115 232 278 242 17 0 15 102 94 159 241 326 87 0 18 95 86 114 210 320 180 1 
18 23 37 846 39 45 16 0 0 35 865 21 26 48 29 0 0 826 71 21 16 47 39 4 
0 0 0 981 37 6 0 0 0 0 979 40 5 0 0 0 0 973 28 23 0 0 0 0 
0 0 0 1024 0 0 0 0 0 0 1024 0 0 0 0 0 0 1024 0 0 0 0 0 0 
0 0 0 1024 0 0 0 0 0 23 1001 0 0 0 0 0 0 1024 0 0 0 0 0 0 
0 0 317 707 0 0 0 0 0 420 604 0 0 0 0 0 0 1024 0 0 0 0 0 0 
0 0 969 55 0 0 0 0 0 992 32 0 0 0 0 0 0 1024 0 0 0 0 0 0 
10 279 558 156 20 1 0 0 3 88 493 352 76 12 0 0 0 61 387 432 131 13 0 0 
4 61 199 363 247 143 7 0 1 30 112 266 331 244 40 0 1 24 75 217 344 281 80 2 
0 0 7 63 383 523 48 0 0 0 1 13 144 608 255 3 0 0 0 5 71 448 479 21 
159 53 30 60 222 420 80 0 86 119 19 34 99 395 267 5 98 104 21 24 68 303 380 26 
260 127 135 175 161 148 18 0 108 236 114 163 162 152 89 0 126 204 94 147 157 148 144 4 
89 77 68 164 345 275 6 0 44 90 58 97 234 401 100 0 10 111 57 75 172 364 228 7 
24 173 58 211 201 229 119 9 0 178 111 92 186 248 172 37 0 208 78 63 162 206 237 70 
0 11 19 620 65 65 235 9 0 9 615 57 32 30 231 50 0 510 124 40 36 22 176 116 
0 0 1 941 68 2 11 1 0 0 999 9 2 2 9 3 0 742 263 3 2 2 7 5 
0 0 0 1024 0 0 0 0 0 0 1024 0 0 0 0 0 0 936 88 0 0 0 0 0 
0 0 0 1024 0 0 0 0 0 0 1024 0 0 0 0 0 0 1024 0 0 0 0 0 0 
0 0 172 852 0 0 0 0 0 129 895 0 0 0 0 0 0 1024 0 0 0 0 0 0 
34 284 518 177 11 0 0 0 7 126 418 403 69 1 0 0 5 82 357 441 132 7 0 0 
12 82 243 317 282 84 4 0 3 34 163 274 301 218 31 0 0 25 124 229 281 292 72 1 
0 0 18 91 367 402 146 0 0 0 1 41 179 472 324 7 0 0 0 19 96 414 454 41 
0 1 83 126 186 331 295 2 0 0 12 134 102 305 452 19 0 0 1 74 138 215 505 91 
0 6 123 315 310 250 20 0 0 0 24 199 345 362 94 0 0 0 6 117 335 383 180 3 
100 61 53 129 174 335 172 0 29 106 51 97 135 249 338 19 27 106 48 76 119 177 409 62 
41 41 55 204 210 333 138 2 9 64 36 127 212 280 281 15 7 60 34 87 206 246 330 54 
7 35 72 158 178 188 344 42 0 38 42 110 210 149 338 137 0 30 35 99 198 155 254 253 
128 108 68 108 141 144 239 88 109 122 124 80 108 114 225 142 113 116 139 66 84 117 203 186 
112 73 48 382 220 109 74 6 97 78 403 77 126 145 84 14 101 95 408 42 92 177 91 18 
50 74 127 579 83 73 36 2 40 72 627 69 89 76 47 4 40 347 358 56 76 87 58 2 
21 282 244 368 34 44 31 0 12 301 538 65 37 47 24 0 16 635 238 30 39 50 16 0 
78 372 435 138 1 0 0 0 27 213 436 288 60 0 0 0 16 161 399 355 92 1 0 0 
33 136 234 295 274 50 2 0 5 88 179 229 315 196 11 1 0 75 133 211 252 307 44 2 
0 0 16 121 565 308 14 0 0 0 4 32 246 618 124 0 0 0 2 13 114 593 296 6 
0 2 65 175 327 436 19 0 0 0 14 103 187 503 216 1 0 0 3 60 166 364 423 8 
0 4 147 430 370 73 0 0 0 0 25 221 491 271 16 0 0 0 4 124 384 404 108 0 
0 1 38 211 272 482 20 0 0 1 7 81 248 356 331 0 0 1 1 42 192 265 511 12 
28 29 108 149 90 459 161 0 8 37 46 162 102 197 467 5 2 39 34 126 132 93 514 84 
131 94 112 195 91 179 222 0 40 173 67 156 156 72 337 23 37 170 64 123 181 63 267 119 
200 117 100 94 86 228 190 9 147 143 80 111 74 142 302 25 152 137 72 96 84 119 298 66 
251 201 173 53 174 160 8 4 190 198 119 147 94 230 41 5 189 191 76 85 151 251 75 6 
437 304 96 51 50 61 13 12 139 516 139 84 42 71 21 12 158 478 152 65 62 66 31 12 
240 543 159 53 11 8 10 0 75 584 229 87 31 9 9 0 94 530 259 90 38 7 6 0 
66 249 603 96 9 1 0 0 26 150 596 196 53 3 0 0 16 113 541 268 78 8 0 0 
37 62 169 568 173 15 0 0 25 38 87 480 301 88 5 0 21 32 58 146 555 198 14 0 
0 0 9 165 701 149 0 0 0 0 1 33 247 711 32 0 0 0 0 1 93 770 160 0 
0 35 67 149 626 147 0 0 0 8 37 87 460 393 39 0 0 2 16 53 129 607 215 2 
0 16 137 642 187 42 0 0 0 1 32 212 633 131 15 0 0 0 7 92 650 209 65 1 
0 17 79 121 488 312 7 0 0 3 31 98 143 576 173 0 0 0 12 70 122 450 365 5 
36 42 108 145 410 246 37 0 7 51 74 138 390 191 173 0 6 49 41 112 403 144 245 24 
168 190 418 113 61 57 17 0 117 178 426 125 87 30 61 0 111 145 99 394 146 57 68 4 
229 165 441 55 66 42 25 1 158 208 396 117 48 63 29 5 176 188 369 125 61 60 41 4 
382 441 100 46 14 23 18 0 334 464 93 71 18 24 20 0 352 443 64 98 24 19 24 0 
750 231 23 11 7 2 0 0 299 605 88 18 11 3 0 0 313 572 107 17 11 4 0 0 
325 582 98 19 0 0 0 0 246 541 189 46 2 0 0 0 255 522 185 56 6 0 0 0 
