0 65 137 498 194 29 50 51 0 16 367 469 63 78 31 0 0 485 336 70 60 73 0 0 
0 47 115 404 301 26 2 129 0 10 176 638 62 12 124 2 0 496 341 41 26 120 0 0 
0 47 152 308 350 7 2 158 0 16 109 705 29 7 146 12 3 471 362 24 19 144 1 0 
0 40 175 303 352 21 5 128 0 2 130 696 49 17 95 35 0 510 338 23 21 132 0 0 
0 52 128 300 340 48 16 140 0 6 87 651 89 30 123 38 1 418 361 50 40 140 6 8 
1 50 138 319 306 45 24 141 0 6 92 628 69 46 114 69 1 459 279 55 40 126 60 4 
0 28 162 391 268 14 13 148 0 0 60 703 60 37 103 61 0 445 331 50 35 125 38 0 
0 37 140 392 295 27 5 128 0 1 45 730 84 24 75 65 0 331 502 24 26 82 57 2 
0 65 107 402 268 48 7 127 0 9 66 638 145 26 91 49 2 246 585 29 23 119 19 1 
1 62 156 434 222 5 12 132 0 6 83 576 211 12 70 66 4 149 722 4 14 94 37 0 
0 22 228 459 184 3 3 125 0 0 12 599 282 4 107 20 0 47 846 2 17 107 5 0 
0 37 245 458 156 0 0 128 0 0 39 559 298 0 30 98 0 87 802 7 0 23 68 37 
1 24 246 435 165 5 20 128 0 2 35 534 301 19 40 93 0 65 790 16 23 69 61 0 
0 26 256 370 199 5 8 160 0 0 16 509 326 13 23 137 0 35 807 10 12 51 109 0 
0 48 246 299 248 19 4 160 0 0 37 384 409 26 8 160 0 71 730 42 15 7 159 0 
0 62 248 126 366 25 18 179 0 5 71 355 364 23 58 148 0 104 656 41 19 92 112 0 
0 4 334 101 355 34 4 192 0 0 14 403 387 18 65 137 0 67 711 36 14 150 46 0 
2 18 285 154 346 27 0 192 0 2 19 403 398 8 111 83 0 57 706 48 15 196 2 0 
0 3 267 206 314 30 8 196 0 0 11 618 181 8 159 47 0 222 572 21 16 183 10 0 
0 3 196 222 389 18 2 194 0 0 2 683 138 7 138 56 0 341 476 7 48 139 13 0 
0 3 138 305 342 11 9 216 0 0 2 676 123 36 174 13 0 399 400 50 156 19 0 0 
0 0 151 346 270 19 12 226 0 0 0 656 125 55 180 8 0 341 442 85 144 12 0 0 
0 2 165 398 184 24 16 235 0 0 4 676 61 34 225 24 0 401 320 34 152 111 6 0 
0 7 122 353 267 19 23 233 0 1 13 574 144 43 135 114 0 270 428 49 35 213 28 1 
0 0 177 301 294 19 4 229 0 0 1 530 259 3 154 77 0 150 640 3 28 203 0 0 
0 0 170 341 251 53 16 193 0 0 3 618 193 17 102 91 0 182 628 20 3 191 0 0 
0 0 147 353 254 77 8 185 0 0 3 680 147 9 123 62 0 304 517 14 12 163 14 0 
0 2 82 349 253 146 9 183 0 0 15 587 224 16 139 43 1 343 469 17 41 144 9 0 
0 0 12 303 407 72 11 219 0 0 9 574 175 48 201 17 1 386 337 73 122 105 0 0 
0 1 57 315 374 23 8 246 0 0 13 667 88 12 217 27 0 441 307 27 106 138 5 0 
0 9 234 134 317 64 25 241 0 0 73 588 95 27 224 17 0 458 289 25 89 162 1 0 
0 17 276 131 332 12 3 253 0 0 70 655 41 16 211 31 0 435 325 11 56 179 18 0 
0 20 235 293 188 2 5 281 0 0 77 655 6 13 267 6 0 367 370 4 170 110 3 0 
0 11 258 116 302 58 17 262 0 0 58 577 100 39 248 2 0 256 441 49 98 178 2 0 
0 12 363 118 121 64 46 300 0 0 73 445 86 181 206 33 0 192 321 63 261 133 44 10 
0 2 152 54 60 187 189 380 0 0 16 206 92 357 323 30 0 51 165 86 580 91 34 17 
244 721 27 0 19 13 0 0 216 473 300 3 23 9 0 0 195 691 106 0 31 1 0 0 
155 770 98 1 0 0 0 0 85 537 381 21 0 0 0 0 97 696 226 5 0 0 0 0 
59 288 143 83 287 154 10 0 17 206 166 105 63 202 254 11 35 234 183 42 58 126 298 48 
54 266 121 109 288 171 15 0 41 167 146 67 83 207 289 24 16 275 75 42 78 152 314 72 
43 169 94 176 290 191 60 1 39 80 103 70 105 229 312 86 15 146 70 55 89 193 331 125 
50 187 67 74 297 275 68 6 44 101 125 26 50 144 450 84 9 193 77 15 49 110 445 126 
30 132 79 117 398 222 45 1 14 53 109 63 55 275 386 69 6 116 81 32 46 184 449 110 
20 115 81 77 353 301 68 9 14 37 91 75 51 242 411 103 2 95 93 26 49 150 445 164 
17 120 87 113 352 273 61 1 9 35 111 62 44 250 404 109 1 104 92 25 62 129 413 198 
13 91 129 141 293 284 69 4 6 24 106 87 72 170 431 128 0 85 87 53 50 102 396 251 
9 107 119 86 226 375 96 6 3 20 63 146 48 132 432 180 0 52 154 24 42 90 359 303 
2 88 131 47 178 360 208 10 2 19 70 137 42 107 402 245 0 56 148 30 39 70 330 351 
2 82 137 58 171 369 200 5 1 8 54 158 47 113 372 271 0 45 154 39 26 73 277 410 
0 108 156 99 265 276 110 10 0 2 86 161 45 153 345 232 2 61 152 37 42 114 285 331 
0 75 204 56 227 339 112 11 0 1 50 203 49 55 382 284 0 18 204 42 36 53 207 464 
1 113 148 73 187 367 128 7 0 8 104 137 35 83 327 330 1 68 154 29 32 76 172 492 
0 55 179 63 258 360 108 1 0 0 36 188 39 90 376 295 0 11 209 16 32 63 259 434 
1 72 218 78 220 319 109 7 0 5 54 193 75 70 357 270 0 31 183 57 55 58 215 425 
0 47 217 106 226 310 101 17 0 0 39 215 50 89 385 246 0 32 189 55 24 53 268 403 
4 75 205 46 176 403 110 5 0 10 56 213 45 70 345 285 0 30 218 43 34 66 232 401 
9 86 246 116 191 250 119 7 0 12 82 198 100 114 277 241 0 40 219 54 85 101 204 321 
2 62 252 84 159 350 105 10 0 8 49 249 76 76 324 242 0 27 246 56 56 70 235 334 
3 67 261 64 131 402 78 18 0 13 58 254 69 60 327 243 0 41 259 50 43 57 193 381 
14 82 233 143 213 231 90 18 3 26 74 236 90 137 257 201 8 58 218 67 71 121 228 253 
3 73 261 85 213 273 107 9 0 21 66 266 41 68 384 178 0 64 249 50 34 80 218 329 
7 58 304 147 229 194 81 4 0 21 54 294 88 119 307 141 1 39 294 75 52 98 222 243 
12 78 270 97 244 229 91 3 0 28 62 284 57 95 349 149 0 92 246 46 46 90 222 282 
9 64 309 88 241 233 79 1 1 24 100 277 53 107 330 132 1 142 215 48 56 78 210 274 
11 75 263 140 255 188 84 8 0 36 85 250 104 98 319 132 0 151 180 82 68 71 259 213 
12 90 261 154 255 178 66 8 1 28 107 227 108 174 276 103 2 104 210 80 75 142 243 168 
15 113 323 218 211 115 29 0 1 32 121 253 173 196 205 43 3 124 224 106 134 179 151 103 
20 105 365 156 207 145 24 2 0 33 144 300 123 199 185 40 0 161 248 88 118 170 157 82 
11 96 249 130 343 158 35 2 1 52 115 195 107 169 333 52 0 131 178 65 84 115 233 218 
20 74 264 175 293 142 55 1 2 39 86 221 145 212 268 51 0 85 174 76 119 147 247 176 
17 128 299 200 247 116 17 0 0 40 130 244 152 167 257 34 1 94 249 80 107 122 208 163 
5 56 644 202 67 28 19 3 0 27 64 584 210 41 69 29 0 52 487 203 102 61 38 81 
328 661 3 0 7 25 0 0 271 623 97 1 2 30 0 0 256 676 60 0 24 8 0 0 
403 554 40 13 8 6 0 0 369 468 145 15 14 7 6 0 265 607 111 10 11 11 6 3 
140 200 149 171 187 140 36 1 112 147 132 97 143 190 170 33 50 204 120 90 112 152 223 73 
41 186 80 170 256 244 46 1 8 152 87 62 128 225 298 64 3 156 85 60 122 181 306 111 
161 201 94 160 199 168 40 1 154 134 75 63 138 158 233 69 62 221 77 55 128 139 201 141 
65 274 96 105 195 194 84 11 27 150 163 79 81 173 240 111 17 183 163 59 68 127 237 170 
72 278 110 145 219 157 39 4 24 212 129 65 83 209 245 57 7 225 133 57 64 157 268 113 
51 258 73 114 208 247 72 1 2 185 137 53 65 162 314 106 2 194 130 53 55 81 301 208 
52 260 87 60 247 235 82 1 5 199 125 57 49 114 336 139 5 194 135 55 44 83 264 244 
79 302 97 103 205 191 46 1 22 229 134 72 58 154 271 84 8 230 142 62 52 95 266 169 
95 286 103 64 132 233 107 4 49 212 134 82 55 90 229 173 12 260 134 72 50 66 202 228 
72 325 144 76 114 154 113 26 21 216 230 60 61 106 158 172 8 239 223 63 48 82 142 219 
59 413 98 92 117 137 100 8 24 246 217 80 62 99 139 157 7 275 227 56 54 76 139 190 
119 367 131 68 113 179 39 8 61 213 232 94 39 71 183 131 32 268 219 73 42 44 167 179 
90 351 131 68 135 160 84 5 17 285 158 101 46 70 188 159 10 302 178 65 49 57 141 222 
92 302 115 79 157 197 75 7 23 210 190 75 48 78 215 185 11 251 175 63 36 59 148 281 
46 201 82 89 282 277 42 5 5 134 106 43 32 120 415 169 3 132 107 50 27 53 356 296 
39 312 131 110 170 184 76 2 21 190 156 70 57 111 246 173 30 215 155 34 33 77 188 292 
79 401 165 46 101 188 44 0 21 225 231 152 26 46 157 166 17 286 265 68 16 28 97 247 
45 193 69 120 303 251 43 0 9 139 89 38 29 118 368 234 5 129 94 43 21 70 263 399 
40 323 187 65 144 215 48 2 27 121 203 189 40 60 215 169 13 214 270 41 38 39 132 277 
73 288 91 58 235 259 20 0 36 176 136 93 29 68 349 137 23 214 168 36 22 50 251 260 
13 125 105 57 249 427 47 1 0 15 93 122 36 55 408 295 0 42 150 41 28 46 211 506 
112 351 100 48 219 180 14 0 61 186 190 118 23 44 295 107 49 260 219 27 20 29 200 220 
11 42 36 103 528 303 1 0 0 14 37 16 42 159 626 130 1 24 29 13 30 103 403 421 
102 369 114 80 194 147 18 0 67 245 196 64 31 101 239 81 51 345 152 26 21 65 178 186 
12 34 72 231 510 156 9 0 2 18 10 24 81 238 562 89 2 17 8 22 49 153 438 335 
78 331 129 66 257 162 1 0 25 183 182 142 19 97 322 54 14 283 207 22 16 44 253 185 
1 36 53 144 433 324 33 0 0 9 29 17 64 215 551 139 1 20 22 10 45 148 381 397 
121 211 169 168 274 81 0 0 67 79 73 191 87 191 287 49 32 133 188 70 52 95 275 179 
6 84 154 279 342 142 17 0 0 4 41 123 175 345 277 59 0 29 105 36 125 261 295 173 
67 177 141 200 285 151 3 0 41 106 96 71 123 285 287 15 40 132 99 32 73 244 298 106 
43 128 59 115 468 197 14 0 28 80 68 44 53 294 424 33 48 82 77 11 22 144 459 181 
59 56 108 155 430 209 7 0 19 51 21 69 102 262 470 30 4 60 39 59 55 117 440 250 
18 175 234 207 300 83 7 0 0 17 111 189 181 250 261 15 0 25 158 118 136 138 306 143 
15 21 58 699 158 68 5 0 0 9 15 14 90 711 165 20 0 7 8 14 33 123 710 129 
703 284 5 0 7 25 0 0 658 320 14 0 9 23 0 0 621 357 14 0 25 7 0 0 
654 351 19 0 0 0 0 0 565 351 106 2 0 0 0 0 557 401 66 0 0 0 0 0 
352 591 71 7 3 0 0 0 208 504 290 12 3 5 2 0 246 545 213 9 3 2 4 2 
372 269 79 85 112 96 11 0 290 196 153 83 70 110 112 10 283 238 155 41 44 102 131 30 
714 248 32 3 7 13 7 0 679 192 116 8 3 4 16 6 611 298 83 1 3 3 12 13 
112 113 38 95 246 335 84 1 77 126 28 28 61 184 394 126 41 157 29 28 38 152 334 245 
449 502 41 12 12 6 2 0 393 476 105 22 6 9 9 4 311 566 99 17 7 6 14 4 
131 174 58 187 349 120 5 0 94 142 66 31 49 250 352 40 55 168 67 26 27 84 366 231 
180 252 65 112 239 161 15 0 124 284 36 6 21 167 325 61 64 342 35 7 12 52 307 205 
240 477 129 91 77 10 0 0 129 319 278 83 52 100 62 1 114 405 234 46 34 73 96 22 
15 65 127 337 369 108 3 0 0 11 34 69 104 338 409 59 0 9 35 46 63 159 462 250 
42 148 96 178 211 236 107 6 8 112 45 64 116 185 300 194 1 107 42 51 98 151 266 308 
165 232 114 117 180 164 52 0 93 219 80 84 97 112 235 104 32 264 90 88 78 89 172 211 
31 103 146 219 390 130 5 0 0 10 51 105 122 222 438 76 0 7 33 108 110 140 278 348 
16 71 150 272 403 107 5 0 0 20 24 35 73 231 517 124 0 16 28 18 44 85 394 439 
33 85 150 246 299 193 18 0 1 45 63 42 86 274 404 109 0 31 72 34 51 138 354 344 
77 175 117 144 272 182 46 11 27 142 80 81 63 140 337 154 11 157 89 69 52 95 227 324 
10 98 113 133 264 241 130 35 0 47 63 95 97 142 339 241 0 47 99 73 82 134 268 321 
11 101 117 223 335 160 58 19 0 45 68 40 85 256 374 156 0 47 68 36 52 151 376 294 
13 96 104 201 343 198 68 1 0 29 83 59 28 204 448 173 0 24 95 48 18 72 378 389 
33 160 156 172 258 146 77 22 0 72 101 95 81 169 327 179 1 62 131 58 58 101 248 365 
67 149 107 138 319 151 46 47 16 127 78 52 57 132 378 184 9 130 83 47 40 83 253 379 
46 178 144 217 255 155 28 1 1 78 87 80 118 216 325 119 0 77 96 52 95 161 305 238 
101 335 141 130 135 115 36 31 28 238 151 81 84 131 208 103 24 225 159 74 57 96 177 212 
56 179 150 228 257 111 40 3 2 89 121 72 118 255 270 97 0 88 111 66 85 188 294 192 
112 334 124 114 128 145 41 26 31 258 185 54 80 119 190 107 45 303 146 31 65 96 172 166 
69 195 162 212 203 94 66 23 9 120 117 89 108 240 216 125 7 115 110 80 94 185 239 194 
111 437 92 82 117 96 37 52 54 409 112 60 61 81 132 115 109 371 96 55 56 61 105 171 
92 234 134 149 183 137 73 22 22 160 110 82 141 169 188 152 13 147 106 72 120 159 186 221 
141 420 112 78 109 97 63 4 80 255 198 130 66 104 115 76 39 363 217 30 61 104 110 100 
95 252 187 121 169 157 41 2 15 151 181 132 106 143 193 103 13 197 187 67 74 129 170 187 
207 395 124 96 101 77 24 0 124 351 141 77 67 113 123 28 71 437 108 63 63 84 131 67 
119 367 122 90 128 147 51 0 34 186 264 113 71 115 168 73 24 270 245 46 61 96 131 151 
182 411 112 94 122 87 12 4 108 358 162 60 73 105 103 55 65 426 141 42 54 102 91 103 
90 357 255 103 131 70 17 1 28 198 291 167 72 119 104 45 44 301 253 87 51 89 121 78 
32 81 71 412 329 83 13 3 8 55 41 49 219 265 337 50 0 47 47 44 45 351 312 178 
626 359 7 0 12 20 0 0 562 385 36 9 6 26 0 0 559 402 29 2 20 12 0 0 
607 412 4 1 0 0 0 0 451 461 111 1 0 0 0 0 480 485 58 1 0 0 0 0 
585 397 42 0 0 0 0 0 491 379 134 20 0 0 0 0 528 396 98 2 0 0 0 0 
449 455 59 15 21 21 4 0 316 413 188 39 16 15 27 10 362 430 145 18 11 13 29 16 
545 378 77 13 7 4 0 0 484 185 180 118 38 12 5 2 489 264 166 76 11 13 4 1 
277 380 71 57 128 94 17 0 188 378 116 49 52 94 112 35 176 416 103 38 39 76 120 56 
749 266 8 1 0 0 0 0 722 274 26 2 0 0 0 0 705 298 19 2 0 0 0 0 
565 81 55 124 126 63 10 0 516 86 40 45 75 127 115 20 474 103 59 41 57 102 120 68 
216 551 63 25 74 77 18 0 97 591 120 23 13 44 108 28 101 608 102 19 13 26 95 60 
473 427 86 21 11 6 0 0 363 340 225 53 19 17 7 0 405 406 141 25 20 16 11 0 
218 178 84 170 264 108 2 0 153 132 125 40 64 189 283 38 129 166 117 29 36 117 253 177 
117 520 52 74 134 114 13 0 28 511 119 17 20 63 223 43 22 454 182 11 18 29 142 166 
229 650 126 11 7 1 0 0 92 398 429 84 8 10 3 0 134 489 354 29 6 10 2 0 
207 518 220 35 24 15 4 1 109 201 284 247 110 41 23 9 127 263 339 139 92 35 18 11 
48 167 70 307 313 118 1 0 16 100 108 25 27 248 429 71 10 104 104 23 14 52 383 334 
96 259 102 178 243 135 11 0 26 268 41 36 65 174 322 92 13 251 62 30 45 74 265 284 
128 528 175 32 38 44 67 12 43 340 258 173 40 30 48 92 63 412 289 62 34 24 50 90 
394 352 136 32 23 23 49 15 333 243 189 109 39 23 30 58 336 298 180 74 31 19 33 53 
73 218 103 89 312 218 11 0 31 121 141 75 30 93 441 92 49 150 142 27 21 54 225 356 
14 35 54 235 523 154 9 0 1 17 15 20 57 212 612 90 0 13 17 13 28 79 423 451 
209 405 54 41 120 191 4 0 101 425 87 31 27 39 209 105 77 437 109 18 24 25 74 260 
267 530 184 31 11 1 0 0 171 258 207 248 91 45 4 0 156 366 298 120 58 22 4 0 
258 458 110 127 67 4 0 0 132 357 196 102 49 99 84 5 132 389 198 66 31 55 115 38 
39 87 106 336 369 79 8 0 12 54 54 23 44 260 494 83 12 70 36 14 25 76 410 381 
4 49 238 413 285 35 0 0 0 0 2 19 96 417 450 40 0 0 0 3 35 148 537 301 
57 73 174 356 278 80 6 0 44 47 14 26 130 329 384 50 6 78 13 21 59 177 444 226 
63 58 70 215 157 68 56 337 49 50 23 36 50 185 229 402 14 81 27 29 36 82 281 474 
2 23 48 125 191 104 239 292 0 1 12 31 65 155 220 540 0 1 14 34 56 95 231 593 
37 129 277 276 161 50 42 52 0 27 64 94 156 332 225 126 1 28 73 72 106 160 371 213 
85 115 134 201 321 144 24 0 18 90 70 71 136 220 328 91 6 82 84 51 111 159 284 247 
76 100 190 319 241 92 6 0 10 62 30 49 139 375 306 53 2 40 50 28 53 188 417 246 
50 213 347 259 138 17 0 0 1 6 41 115 310 342 194 15 0 1 16 50 125 303 387 142 
179 158 257 280 129 20 1 0 82 136 63 64 198 344 129 8 34 154 63 38 87 216 320 112 
201 180 118 113 227 140 38 7 149 148 102 44 78 159 273 71 135 166 96 39 41 104 173 270 
78 287 241 207 146 50 14 1 8 152 181 122 151 212 156 42 24 185 133 80 112 157 202 131 
40 137 424 273 86 47 16 1 5 43 133 317 293 110 98 25 2 42 127 252 317 89 103 92 
644 341 7 0 2 30 0 0 524 340 124 4 2 30 0 0 529 378 85 0 3 29 0 0 
584 426 14 0 0 0 0 0 424 381 217 2 0 0 0 0 435 445 142 2 0 0 0 0 
501 480 40 2 1 0 0 0 337 398 259 28 1 1 0 0 391 443 184 5 1 0 0 0 
411 444 87 31 37 14 0 0 241 366 260 63 29 24 38 3 294 416 188 33 28 22 31 12 
369 554 79 13 5 4 0 0 236 349 261 128 35 7 7 1 286 446 200 66 15 9 2 0 
398 536 85 3 2 0 0 0 250 329 361 80 3 1 0 0 323 449 235 13 3 1 0 0 
480 462 62 4 5 4 4 3 343 415 216 25 10 4 5 6 405 459 115 20 11 3 6 5 
371 213 108 76 92 71 82 11 314 178 98 47 59 131 115 82 309 191 88 36 38 81 166 115 
114 621 128 52 63 41 5 0 44 309 432 43 31 90 70 5 47 281 452 42 27 59 90 26 
348 302 215 41 29 61 27 1 322 189 314 60 34 40 50 15 343 364 146 42 30 46 44 9 
166 124 119 171 231 170 39 4 147 82 83 95 116 207 233 61 117 109 92 94 93 149 238 132 
128 658 86 25 44 71 12 0 24 466 319 59 16 26 89 25 23 433 368 44 15 20 73 48 
462 436 125 1 0 0 0 0 317 366 246 84 11 0 0 0 358 407 223 35 1 0 0 0 
479 393 143 9 0 0 0 0 321 302 261 127 12 1 0 0 367 341 247 63 6 0 0 0 
192 292 162 169 166 39 4 0 67 234 168 121 52 152 201 29 80 239 198 70 34 57 217 129 
91 536 91 102 145 49 10 0 13 447 165 42 43 105 166 43 8 371 237 35 36 41 160 136 
430 459 135 0 0 0 0 0 345 319 289 71 0 0 0 0 389 361 247 27 0 0 0 0 
188 605 212 15 2 2 0 0 88 245 305 287 81 14 3 1 133 306 348 176 42 16 3 0 
110 469 189 95 115 40 6 0 35 113 268 298 45 92 140 33 47 201 356 142 9 20 150 99 
106 198 77 230 312 94 7 0 12 181 72 54 63 209 354 79 4 180 71 53 49 108 329 230 
127 641 145 49 42 20 0 0 30 380 185 174 121 72 46 16 30 403 254 124 81 51 45 36 
209 539 230 38 7 1 0 0 91 215 313 283 79 35 8 0 150 287 390 111 51 26 9 0 
189 574 182 38 20 13 8 0 77 222 342 261 65 26 21 10 118 301 410 115 29 25 16 10 
163 259 172 228 164 35 3 0 81 146 164 117 70 192 228 26 66 223 154 67 56 79 250 129 
61 72 117 394 295 80 5 0 7 57 44 41 69 345 414 47 1 45 52 37 37 110 505 237 
205 303 94 169 133 31 48 41 107 333 49 67 79 149 151 89 57 381 67 62 76 68 171 142 
3 180 216 139 125 77 184 100 0 5 178 183 173 162 46 277 1 53 233 145 169 115 24 284 
2 105 232 164 126 151 177 67 0 10 99 226 170 319 66 134 2 44 201 176 303 112 48 138 
101 395 236 118 69 80 25 0 45 203 302 174 148 122 24 6 103 332 226 148 160 35 15 5 
124 253 172 246 163 57 9 0 58 188 158 52 75 271 202 20 91 229 100 32 29 135 308 100 
46 73 203 317 246 132 7 0 10 48 21 65 152 375 285 68 4 49 20 28 76 188 405 254 
163 131 174 272 221 62 1 0 125 84 39 68 113 300 271 24 67 148 20 38 64 108 355 224 
258 535 194 28 6 3 0 0 191 327 326 129 32 18 1 0 233 416 283 57 18 12 5 0 
296 557 165 5 1 0 0 0 239 309 398 72 5 1 0 0 264 445 292 19 4 0 0 0 
182 616 201 23 2 0 0 0 93 404 408 97 20 2 0 0 180 533 259 43 9 0 0 0 
202 474 229 78 23 13 3 2 286 329 195 94 57 40 19 4 291 299 199 98 56 42 21 18 
490 366 130 6 1 31 0 0 437 168 177 200 12 29 1 0 445 204 288 55 5 27 0 0 
531 404 88 1 0 0 0 0 440 300 191 83 10 0 0 0 440 345 202 36 1 0 0 0 
565 408 51 0 0 0 0 0 436 396 181 11 0 0 0 0 462 426 134 2 0 0 0 0 
696 304 24 0 0 0 0 0 636 303 81 4 0 0 0 0 659 311 54 0 0 0 0 0 
653 342 29 0 0 0 0 0 579 344 100 1 0 0 0 0 628 348 48 0 0 0 0 0 
660 327 37 0 0 0 0 0 608 246 144 26 0 0 0 0 635 290 98 1 0 0 0 0 
578 344 74 9 8 5 5 1 473 261 220 40 14 7 5 4 516 310 159 14 10 6 6 3 
278 423 136 69 45 37 36 0 140 270 228 143 56 76 67 44 150 295 210 119 51 59 66 74 
119 105 85 162 261 150 106 36 52 102 69 47 64 190 299 201 36 97 87 41 39 124 255 345 
141 91 109 134 151 117 212 69 110 80 55 75 109 176 156 263 94 110 42 70 107 156 153 292 
48 98 149 174 188 155 201 11 6 60 75 81 100 193 247 262 9 75 69 69 64 123 251 364 
56 376 92 65 140 171 110 14 16 164 274 68 35 98 213 156 18 126 286 91 37 67 185 214 
82 298 172 38 43 106 265 20 34 203 239 80 37 48 118 265 61 272 182 54 29 38 130 258 
73 217 195 37 36 159 305 2 32 107 229 126 36 33 200 261 58 167 230 50 28 38 195 258 
81 187 182 142 118 160 153 1 11 101 179 114 58 133 270 158 21 140 192 54 50 75 266 226 
52 548 131 126 113 48 6 0 2 168 397 108 37 110 165 37 1 99 415 133 48 43 158 127 
232 523 263 6 0 0 0 0 165 255 471 120 13 0 0 0 211 419 347 47 0 0 0 0 
196 475 293 28 1 4 22 5 99 262 409 192 28 5 4 25 144 401 374 65 9 3 20 8 
163 391 284 58 70 42 16 0 57 165 337 248 60 55 71 31 73 256 366 125 48 45 62 49 
98 285 69 125 233 186 28 0 9 242 137 28 58 133 310 107 2 204 171 33 37 75 229 273 
84 600 166 92 53 20 9 0 26 480 211 74 69 103 44 17 61 447 209 68 71 86 57 25 
86 742 91 32 25 29 19 0 90 676 106 40 23 23 29 37 155 644 81 31 23 23 26 41 
57 691 227 32 12 5 0 0 27 495 398 61 20 14 7 2 82 681 190 33 17 12 7 2 
63 313 269 176 120 76 7 0 18 184 230 211 70 130 153 28 46 272 248 97 43 60 188 70 
125 105 131 299 270 87 7 0 17 140 54 42 64 263 376 68 4 133 61 38 45 75 396 272 
44 331 43 42 83 324 152 5 31 337 42 33 144 372 51 14 24 339 53 125 392 62 17 12 
4 13 32 39 74 462 399 1 0 6 16 34 142 791 34 1 2 13 33 149 800 25 2 0 
54 500 279 64 42 60 25 0 12 176 332 304 95 99 6 0 43 336 430 103 105 7 0 0 
220 611 161 19 8 2 2 1 121 345 424 107 18 5 4 0 264 523 202 21 9 5 0 0 
399 308 104 93 71 38 11 0 348 291 99 50 62 82 66 26 417 261 69 40 49 53 80 55 
56 94 371 360 133 10 0 0 21 31 26 56 232 479 173 6 2 34 26 33 60 256 475 138 
383 396 128 74 34 6 3 0 315 357 104 44 72 95 34 3 229 456 85 25 41 68 86 34 
149 619 243 13 0 0 0 0 35 253 497 205 30 4 0 0 66 395 439 107 12 3 2 0 
134 628 217 31 7 5 1 1 32 298 433 189 54 6 9 3 58 453 376 95 25 7 8 2 
295 537 175 16 1 0 0 0 175 359 352 120 17 1 0 0 260 484 223 51 6 0 0 0 
102 776 96 14 10 12 3 11 137 572 232 43 18 10 1 11 209 654 110 16 13 8 3 11 
183 709 100 0 0 27 5 0 64 439 379 110 0 18 14 0 88 555 333 16 0 32 0 0 
365 575 82 2 0 0 0 0 269 457 246 51 1 0 0 0 306 541 161 16 0 0 0 0 
677 305 41 1 0 0 0 0 609 290 118 7 0 0 0 0 622 303 93 6 0 0 0 0 
743 252 29 0 0 0 0 0 665 261 92 6 0 0 0 0 693 261 69 1 0 0 0 0 
818 191 15 0 0 0 0 0 779 175 70 0 0 0 0 0 778 196 50 0 0 0 0 0 
755 246 23 0 0 0 0 0 693 216 97 15 3 0 0 0 710 236 69 9 0 0 0 0 
528 429 64 3 0 0 0 0 378 404 207 28 6 1 0 0 442 434 133 14 1 0 0 0 
696 290 37 1 0 0 0 0 646 283 92 3 0 0 0 0 631 309 83 1 0 0 0 0 
872 83 35 23 1 9 1 0 833 97 28 22 20 14 9 1 799 124 31 10 23 13 21 3 
936 28 10 16 14 15 5 0 925 32 7 10 13 15 14 8 882 73 8 9 13 12 17 10 
188 228 211 154 148 85 10 0 152 12 17 42 199 318 207 77 95 64 15 23 59 174 357 237 
180 43 65 108 277 311 40 0 154 29 20 25 41 137 431 187 119 56 21 18 28 64 273 445 
629 24 16 50 128 120 54 3 630 14 8 9 30 77 162 94 583 55 11 8 26 60 139 142 
212 102 48 46 191 321 104 0 229 51 42 36 31 91 294 250 159 120 42 37 28 58 210 370 
9 96 162 206 231 244 76 0 0 5 36 34 32 236 409 272 0 4 40 27 21 56 317 559 
6 117 113 145 262 272 100 9 0 4 79 83 47 168 348 295 0 7 64 90 38 92 261 472 
19 109 104 65 131 303 267 26 2 31 112 75 53 91 250 410 1 47 120 46 56 74 174 506 
14 49 52 83 187 267 362 10 0 15 44 38 57 142 301 427 0 13 50 37 51 110 283 480 
26 95 52 84 179 311 271 6 0 20 89 53 49 107 353 353 0 13 91 56 46 88 280 450 
47 289 82 106 275 175 42 8 0 97 205 87 48 100 284 203 0 56 224 88 64 67 151 374 
61 452 200 17 29 53 173 39 39 277 333 73 8 36 68 190 67 343 273 42 8 40 66 185 
26 310 175 52 56 83 300 22 17 221 236 52 44 49 88 317 44 310 145 33 43 56 80 313 
41 322 192 45 65 152 190 17 37 118 352 55 40 71 151 200 48 259 233 28 39 80 148 189 
50 201 203 181 161 149 77 2 3 84 205 163 171 138 174 86 4 154 268 142 73 120 182 81 
64 207 154 294 263 41 1 0 6 142 68 73 93 253 345 44 3 102 104 38 90 110 314 263 
117 420 58 38 63 56 262 10 97 366 118 20 61 298 63 1 117 343 136 50 267 109 2 0 
40 307 183 64 30 62 336 2 17 102 145 199 125 391 43 2 24 128 232 174 406 52 7 1 
80 285 263 138 102 89 63 4 20 69 197 307 166 138 97 30 33 133 280 238 160 80 80 20 
126 400 249 97 60 40 36 16 52 162 277 269 123 59 44 38 95 206 317 200 97 43 39 27 
233 410 155 83 75 58 10 0 140 226 295 118 74 81 71 19 164 298 241 95 58 58 76 34 
59 68 191 371 259 71 5 0 27 42 15 59 170 409 288 14 4 54 17 23 88 217 447 174 
246 532 149 56 36 5 0 0 135 346 214 174 66 45 37 7 43 481 247 95 40 47 41 30 
81 667 258 14 4 0 0 0 2 70 491 393 59 7 2 0 15 317 520 137 27 6 2 0 
80 817 125 2 0 0 0 0 1 135 720 165 3 0 0 0 42 612 358 12 0 0 0 0 
191 694 129 9 1 0 0 0 67 358 509 84 5 1 0 0 176 605 222 20 1 0 0 0 
40 298 626 10 11 3 5 31 8 166 745 60 6 3 5 31 42 255 662 20 6 3 5 31 
781 181 30 0 0 12 20 0 770 195 26 1 0 6 26 0 740 231 21 0 0 32 0 0 
847 168 9 0 0 0 0 0 856 154 14 0 0 0 0 0 847 163 14 0 0 0 0 0 
882 115 27 0 0 0 0 0 858 77 73 15 1 0 0 0 865 92 60 7 0 0 0 0 
459 458 103 4 0 0 0 0 358 306 259 98 3 0 0 0 403 383 200 38 0 0 0 0 
654 311 59 0 0 0 0 0 589 258 151 26 0 0 0 0 614 306 101 3 0 0 0 0 
426 348 234 16 0 0 0 0 343 144 227 261 45 4 0 0 384 218 326 85 11 0 0 0 
132 603 266 22 1 0 0 0 21 221 382 334 63 3 0 0 68 373 478 100 5 0 0 0 
494 468 61 1 0 0 0 0 377 418 195 33 1 0 0 0 438 463 120 3 0 0 0 0 
712 259 43 5 5 0 0 0 673 214 110 10 9 4 4 0 684 231 80 8 10 5 3 3 
502 267 104 63 52 36 0 0 374 256 137 74 37 56 57 33 352 285 130 65 33 32 55 72 
340 291 184 83 73 45 7 1 225 188 196 155 109 62 59 30 187 200 183 149 124 73 68 40 
749 105 100 50 14 4 2 0 695 54 46 51 83 68 21 6 642 73 52 42 55 64 78 18 
701 311 12 0 0 0 0 0 738 268 18 0 0 0 0 0 668 336 20 0 0 0 0 0 
918 49 34 2 11 10 0 0 920 35 44 2 2 4 12 5 877 85 35 4 1 2 6 14 
145 237 222 164 184 69 3 0 98 33 35 31 204 315 242 66 62 67 30 10 47 216 365 227 
190 122 92 114 191 266 49 0 147 80 15 38 77 155 287 225 110 114 13 17 44 76 221 429 
787 165 8 6 9 44 5 0 766 179 10 7 5 3 28 26 568 374 9 9 4 4 10 46 
120 459 115 44 132 131 23 0 60 223 275 122 34 61 163 86 30 274 302 78 23 46 111 160 
6 48 63 218 368 265 56 0 0 12 31 14 57 188 433 289 0 13 29 6 33 96 303 544 
8 39 89 220 334 287 47 0 0 7 15 17 55 136 436 358 0 6 14 11 38 66 233 656 
131 86 77 89 210 362 69 0 118 31 50 67 56 117 338 247 94 56 65 51 47 101 226 384 
161 110 48 74 159 283 184 5 145 56 66 53 48 184 261 211 134 71 64 51 77 181 180 266 
17 74 30 64 233 303 296 7 0 35 47 34 36 158 310 404 0 29 54 31 30 137 220 523 
17 96 84 153 220 327 127 0 0 51 54 26 51 143 411 288 0 34 69 22 30 96 301 472 
74 180 207 257 189 71 42 4 0 91 98 48 77 237 336 137 0 58 93 70 38 103 298 364 
88 364 116 39 105 116 158 38 48 250 206 59 34 84 101 242 81 233 200 50 30 93 86 251 
50 319 84 51 103 128 275 14 32 295 102 37 47 99 179 233 56 313 65 33 41 105 172 239 
63 214 83 62 105 228 260 9 26 181 118 49 54 119 271 206 40 205 80 45 57 129 261 207 
29 285 122 39 89 253 203 4 18 149 193 72 47 145 266 134 48 205 136 59 37 144 246 149 
80 246 151 92 158 213 82 2 14 136 189 108 73 205 227 72 13 172 177 85 66 186 212 113 
23 51 188 411 314 33 4 0 2 22 21 40 130 416 367 26 1 18 24 18 57 162 491 253 
198 685 97 26 14 4 0 0 77 549 277 58 17 23 19 4 81 554 290 29 12 21 20 17 
301 632 88 3 0 0 0 0 268 470 237 45 4 0 0 0 398 478 134 13 1 0 0 0 
168 756 90 10 0 0 0 0 39 330 571 76 8 0 0 0 118 707 176 17 6 0 0 0 
201 623 161 31 7 1 0 0 44 241 463 190 57 27 2 0 114 477 286 83 49 14 1 0 
72 223 621 23 17 14 11 43 5 69 200 626 38 23 17 46 15 148 459 297 24 24 13 44 
848 104 36 4 0 2 30 0 852 92 44 4 0 7 25 0 812 131 43 5 1 26 6 0 
995 29 0 0 0 0 0 0 999 25 0 0 0 0 0 0 994 30 0 0 0 0 0 0 
1011 11 2 0 0 0 0 0 1011 9 3 1 0 0 0 0 1011 10 3 0 0 0 0 0 
617 311 85 10 1 0 0 0 574 267 142 35 5 1 0 0 616 276 110 20 2 0 0 0 
798 210 16 0 0 0 0 0 759 210 53 2 0 0 0 0 788 196 39 1 0 0 0 0 
521 410 88 5 0 0 0 0 424 306 245 46 3 0 0 0 465 387 161 11 0 0 0 0 
501 473 46 4 0 0 0 0 404 482 124 14 0 0 0 0 491 459 67 7 0 0 0 0 
942 82 0 0 0 0 0 0 967 56 1 0 0 0 0 0 956 68 0 0 0 0 0 0 
949 74 1 0 0 0 0 0 942 78 4 0 0 0 0 0 945 79 0 0 0 0 0 0 
623 331 65 5 0 0 0 0 550 263 168 36 7 0 0 0 577 303 120 21 3 0 0 0 
279 353 212 98 44 20 12 6 145 290 209 145 109 78 30 18 144 310 192 120 120 88 33 17 
197 588 91 52 26 17 28 25 146 433 235 47 49 49 20 45 116 477 226 36 44 51 32 42 
382 490 93 11 8 12 20 8 380 446 117 24 11 11 12 23 389 483 92 6 9 10 15 20 
705 253 60 6 0 0 0 0 729 203 69 22 1 0 0 0 749 217 52 6 0 0 0 0 
376 205 207 68 65 72 29 2 286 94 154 104 128 101 70 87 270 116 118 69 96 117 115 123 
539 298 83 59 34 9 2 0 443 272 94 82 61 48 23 1 319 364 96 69 73 59 33 11 
323 696 5 0 0 0 0 0 303 641 80 0 0 0 0 0 230 680 114 0 0 0 0 0 
205 680 114 20 5 0 0 0 185 260 495 72 12 0 0 0 215 327 450 30 2 0 0 0 
83 296 178 176 187 84 20 0 64 102 217 89 70 186 207 89 85 123 222 42 37 85 239 191 
156 137 180 205 176 160 10 0 104 52 44 76 132 210 279 127 68 68 51 61 89 118 240 329 
910 84 3 5 8 14 0 0 901 87 2 6 3 3 8 14 816 165 8 4 4 3 6 18 
197 179 109 93 93 146 176 31 185 150 80 85 83 216 121 104 175 185 90 80 160 155 92 87 
83 147 162 222 204 122 72 12 52 48 116 107 177 240 187 97 54 54 130 110 156 206 196 118 
60 100 153 260 325 104 21 1 3 12 58 87 140 251 360 113 2 7 44 73 99 158 343 298 
93 136 269 279 189 52 6 0 2 27 50 90 152 310 318 75 0 7 35 51 91 200 351 289 
143 16 41 179 360 253 32 0 126 16 12 15 36 175 421 223 94 39 11 16 19 75 324 446 
168 130 109 103 201 243 69 1 123 47 76 117 88 124 245 204 99 78 92 94 80 106 166 309 
57 160 128 211 251 170 42 5 11 101 76 81 134 245 262 114 8 104 85 64 106 213 289 155 
50 87 99 206 295 212 75 0 1 94 40 35 95 275 298 186 1 86 46 27 62 215 309 278 
38 98 80 190 261 310 47 0 3 74 58 33 80 206 392 178 3 64 58 32 48 143 346 330 
86 149 222 220 223 94 30 0 24 78 29 46 101 327 306 113 7 89 27 26 51 161 336 327 
108 317 131 103 92 184 81 8 78 222 168 71 106 83 223 73 83 220 155 55 103 97 207 104 
89 252 98 100 83 217 176 9 78 231 76 60 107 76 278 118 114 204 62 49 104 79 200 212 
171 315 210 99 57 124 46 2 66 158 185 203 157 95 133 27 67 188 198 201 117 77 111 65 
273 585 148 17 1 0 0 0 57 354 458 124 29 2 0 0 110 473 354 69 18 0 0 0 
101 250 569 11 9 10 9 65 70 176 649 36 7 9 11 66 89 206 623 13 8 10 10 65 
923 37 22 10 0 2 30 0 926 34 24 8 0 2 30 0 917 43 26 6 0 22 10 0 
1015 9 0 0 0 0 0 0 1020 4 0 0 0 0 0 0 1013 11 0 0 0 0 0 0 
1024 0 0 0 0 0 0 0 1024 0 0 0 0 0 0 0 1024 0 0 0 0 0 0 0 
1022 2 0 0 0 0 0 0 1023 1 0 0 0 0 0 0 1023 1 0 0 0 0 0 0 
1005 15 4 0 0 0 0 0 995 23 6 0 0 0 0 0 996 22 6 0 0 0 0 0 
971 48 5 0 0 0 0 0 981 41 2 0 0 0 0 0 977 44 3 0 0 0 0 0 
922 97 5 0 0 0 0 0 922 95 7 0 0 0 0 0 924 94 6 0 0 0 0 0 
984 39 1 0 0 0 0 0 1001 23 0 0 0 0 0 0 996 27 1 0 0 0 0 0 
1024 0 0 0 0 0 0 0 1024 0 0 0 0 0 0 0 1024 0 0 0 0 0 0 0 
971 51 2 0 0 0 0 0 974 46 4 0 0 0 0 0 970 50 4 0 0 0 0 0 
417 471 89 27 10 6 2 2 375 355 194 62 19 11 5 3 376 419 144 49 19 10 4 3 
57 382 186 81 83 87 98 50 28 110 332 168 83 80 102 121 33 164 329 118 80 83 99 118 
199 705 87 10 9 13 1 0 193 452 314 34 12 11 8 0 203 621 158 15 9 12 6 0 
335 578 22 6 7 16 40 20 332 480 116 9 6 12 22 47 333 534 64 6 8 9 27 43 
241 239 132 101 97 96 84 34 201 120 83 98 133 115 146 128 198 147 67 75 111 125 158 143 
93 504 180 98 78 50 20 1 12 201 338 150 123 90 77 33 5 224 346 131 90 108 89 31 
79 605 286 25 20 6 3 0 23 284 392 234 52 19 13 7 36 382 456 90 30 17 8 5 
387 410 137 28 24 18 14 6 374 330 164 55 32 27 20 22 413 357 125 37 34 21 17 20 
355 126 153 104 92 121 55 18 316 61 56 90 112 114 119 156 310 61 56 75 100 125 98 199 
504 256 169 56 31 5 3 0 378 183 85 126 158 63 28 3 294 222 95 83 116 146 52 16 
443 580 1 0 0 0 0 0 449 524 51 0 0 0 0 0 387 609 28 0 0 0 0 0 
783 197 44 0 0 0 0 0 782 184 55 3 0 0 0 0 801 177 46 0 0 0 0 0 
625 312 83 4 0 0 0 0 655 262 98 9 0 0 0 0 696 267 58 3 0 0 0 0 
262 135 150 202 182 69 23 1 233 66 69 44 101 235 207 69 234 80 47 30 75 159 231 168 
237 213 308 147 84 31 4 0 105 82 84 112 211 290 114 26 75 86 76 75 120 222 280 90 
965 12 9 18 18 2 0 0 953 13 9 4 6 10 25 4 932 29 9 7 2 6 13 26 
617 128 84 65 72 51 6 1 576 125 47 59 60 76 66 15 563 132 52 63 58 77 64 15 
526 248 99 68 49 28 6 0 427 193 149 76 67 60 41 11 439 215 127 71 67 56 38 11 
592 76 68 150 121 17 0 0 573 64 28 19 78 144 108 10 560 75 25 17 45 109 144 49 
45 109 193 294 273 102 8 0 1 15 31 82 178 290 343 84 0 13 12 46 104 233 345 271 
32 106 209 303 267 106 1 0 0 6 39 103 188 310 305 73 0 1 16 68 126 235 376 202 
105 138 235 300 181 64 1 0 31 96 84 100 232 318 141 22 26 101 68 78 166 315 212 58 
239 404 196 105 56 22 2 0 87 180 291 194 102 106 56 8 104 228 237 140 103 94 90 28 
390 527 85 17 1 4 0 0 160 437 330 67 21 5 4 0 223 498 230 48 17 5 3 0 
424 552 47 1 0 0 0 0 289 489 234 12 0 0 0 0 380 543 98 3 0 0 0 0 
49 277 558 19 5 3 10 103 16 169 238 474 13 1 7 106 31 228 423 219 9 1 6 107 
953 7 0 24 8 1 31 0 954 6 0 24 8 0 32 0 953 6 1 24 8 21 11 0 
993 28 3 0 0 0 0 0 1000 20 4 0 0 0 0 0 981 36 6 1 0 0 0 0 
972 51 1 0 0 0 0 0 978 43 3 0 0 0 0 0 976 45 3 0 0 0 0 0 
996 26 2 0 0 0 0 0 990 28 6 0 0 0 0 0 990 29 5 0 0 0 0 0 
713 242 67 2 0 0 0 0 627 234 123 40 0 0 0 0 655 245 111 13 0 0 0 0 
973 48 3 0 0 0 0 0 981 40 3 0 0 0 0 0 973 48 3 0 0 0 0 0 
895 127 2 0 0 0 0 0 904 119 1 0 0 0 0 0 908 115 1 0 0 0 0 0 
794 228 2 0 0 0 0 0 787 236 1 0 0 0 0 0 792 230 2 0 0 0 0 0 
716 308 0 0 0 0 0 0 710 310 4 0 0 0 0 0 708 316 0 0 0 0 0 0 
317 707 0 0 0 0 0 0 307 675 42 0 0 0 0 0 311 709 4 0 0 0 0 0 
2 1022 0 0 0 0 0 0 0 531 493 0 0 0 0 0 0 815 209 0 0 0 0 0 
20 989 15 0 0 0 0 0 0 438 574 12 0 0 0 0 0 673 346 5 0 0 0 0 
8 872 78 12 20 15 14 5 0 376 526 53 12 26 18 13 0 700 226 33 8 19 25 13 
112 207 91 101 107 88 141 177 76 100 136 90 88 133 116 285 72 150 118 73 79 131 130 271 
90 359 212 123 112 88 38 2 17 107 238 222 156 121 102 61 20 184 252 173 132 123 94 46 
52 306 270 173 121 65 36 1 3 35 116 281 243 173 113 60 9 46 209 279 188 157 89 47 
78 595 254 48 26 14 6 3 3 46 245 466 189 45 19 11 9 122 448 298 89 32 17 9 
24 194 157 121 116 148 168 96 0 11 79 209 143 132 167 283 4 31 151 160 116 130 161 271 
73 232 196 118 129 89 101 86 7 45 110 233 154 133 130 212 7 51 166 191 120 128 118 243 
128 507 201 116 48 19 5 0 34 158 203 317 140 119 34 19 43 214 322 178 83 106 60 18 
108 685 211 18 2 0 0 0 5 290 265 330 124 10 0 0 35 377 418 175 19 0 0 0 
451 260 151 49 22 12 39 40 384 128 189 136 62 29 20 76 416 170 196 88 34 29 19 72 
500 216 142 26 26 24 38 52 458 108 149 121 37 28 27 96 489 128 177 60 27 31 20 92 
327 198 104 58 93 162 79 3 266 105 108 100 77 74 149 145 263 126 132 55 72 66 137 173 
506 240 156 58 42 21 1 0 397 194 122 91 118 64 35 3 341 223 113 84 105 97 51 10 
759 264 1 0 0 0 0 0 831 192 1 0 0 0 0 0 783 240 1 0 0 0 0 0 
963 53 8 0 0 0 0 0 946 44 28 6 0 0 0 0 957 38 25 4 0 0 0 0 
664 287 73 0 0 0 0 0 575 170 205 68 6 0 0 0 595 232 166 28 3 0 0 0 
656 290 76 2 0 0 0 0 536 151 214 117 6 0 0 0 548 197 209 67 3 0 0 0 
345 481 158 33 5 2 0 0 103 295 326 151 84 52 12 1 145 336 287 85 49 79 37 6 
283 538 146 44 13 0 0 0 59 286 385 133 63 74 21 3 108 372 274 87 44 55 61 23 
282 596 103 29 13 1 0 0 90 422 370 84 19 21 18 0 132 494 284 55 17 12 16 14 
372 481 144 26 1 0 0 0 128 353 319 135 71 18 0 0 172 406 249 118 62 17 0 0 
405 465 135 17 2 0 0 0 126 249 334 235 69 11 0 0 160 317 309 187 42 9 0 0 
429 436 137 20 2 0 0 0 187 318 330 138 43 7 1 0 261 356 279 96 28 4 0 0 
71 189 85 529 11 9 3 127 28 68 148 200 436 11 6 127 33 111 144 576 15 11 4 130 
946 14 0 0 13 19 32 0 952 8 0 0 15 18 31 0 950 10 0 0 22 33 9 0 
951 67 6 0 0 0 0 0 937 60 25 2 0 0 0 0 933 75 15 1 0 0 0 0 
926 98 0 0 0 0 0 0 923 99 2 0 0 0 0 0 931 91 2 0 0 0 0 0 
646 377 1 0 0 0 0 0 567 457 0 0 0 0 0 0 580 443 1 0 0 0 0 0 
368 637 15 3 1 0 0 0 316 684 18 5 1 0 0 0 326 672 20 5 1 0 0 0 
274 750 0 0 0 0 0 0 227 797 0 0 0 0 0 0 248 776 0 0 0 0 0 0 
40 984 0 0 0 0 0 0 8 1015 1 0 0 0 0 0 27 996 1 0 0 0 0 0 
5 1019 0 0 0 0 0 0 0 1015 9 0 0 0 0 0 1 1023 0 0 0 0 0 0 
4 1018 2 0 0 0 0 0 0 691 333 0 0 0 0 0 1 897 126 0 0 0 0 0 
1 1023 0 0 0 0 0 0 0 599 425 0 0 0 0 0 0 933 91 0 0 0 0 0 
1 1015 8 0 0 0 0 0 0 303 718 3 0 0 0 0 0 557 464 3 0 0 0 0 
29 679 161 40 29 30 31 25 0 170 417 244 72 38 37 46 0 317 419 140 42 32 42 32 
131 574 208 56 28 21 4 2 15 190 394 287 76 36 22 4 56 337 414 114 52 33 15 3 
13 188 237 171 155 131 104 25 0 17 120 228 206 177 147 129 1 40 196 204 192 165 123 103 
13 132 124 108 179 225 177 66 0 15 58 154 132 166 276 223 2 31 121 123 108 174 272 193 
16 150 129 120 144 217 205 43 0 18 93 127 136 153 243 254 0 34 133 110 125 154 263 205 
62 208 200 155 174 132 76 17 14 57 140 192 167 169 168 117 13 79 170 164 163 167 164 104 
35 371 238 132 122 75 49 2 0 4 63 268 297 168 134 90 1 27 161 272 198 133 141 91 
47 308 229 133 138 108 56 5 1 7 60 247 262 179 164 104 1 19 158 206 180 159 170 131 
72 556 305 69 22 0 0 0 0 18 176 454 262 81 27 6 3 88 387 321 150 50 22 3 
74 498 229 71 58 44 41 9 4 48 241 384 144 81 65 57 12 123 391 230 88 72 59 49 
194 530 244 42 10 4 0 0 28 164 326 329 139 28 6 4 46 253 373 258 70 18 5 1 
164 500 192 71 31 25 27 14 22 161 342 254 118 47 32 48 58 240 365 171 77 42 26 45 
163 536 156 45 39 49 34 2 17 160 338 289 69 42 49 60 46 279 376 136 42 31 51 63 
196 602 174 30 13 7 2 0 34 205 373 278 85 33 10 6 72 287 403 143 63 32 21 3 
453 361 152 25 11 8 7 7 332 173 214 178 87 12 8 20 364 218 223 140 42 9 11 17 
344 505 171 4 0 0 0 0 134 234 358 252 46 0 0 0 188 332 352 146 6 0 0 0 
380 524 118 2 0 0 0 0 154 393 353 113 11 0 0 0 247 455 275 45 2 0 0 0 
414 468 136 5 1 0 0 0 250 314 304 132 21 3 0 0 314 384 259 58 7 2 0 0 
360 529 127 8 0 0 0 0 138 332 387 145 20 2 0 0 208 433 312 63 7 1 0 0 
351 526 139 8 0 0 0 0 101 299 385 188 46 5 0 0 148 422 315 113 25 1 0 0 
281 639 103 1 0 0 0 0 71 338 484 126 5 0 0 0 171 531 299 23 0 0 0 0 
398 493 123 9 1 0 0 0 148 345 367 141 19 4 0 0 223 431 287 71 12 0 0 0 
415 461 129 15 4 0 0 0 199 415 294 99 16 1 0 0 290 431 239 57 6 1 0 0 
634 307 68 13 2 0 0 0 548 288 140 39 5 3 1 0 580 301 110 26 5 1 1 0 
171 146 29 517 6 11 11 133 195 123 29 517 6 13 9 132 200 125 23 516 7 11 9 133 
889 60 11 0 0 38 26 0 851 101 8 0 0 34 30 0 807 145 8 0 0 60 4 0 
504 520 0 0 0 0 0 0 337 687 0 0 0 0 0 0 317 707 0 0 0 0 0 0 
266 758 0 0 0 0 0 0 119 905 0 0 0 0 0 0 151 873 0 0 0 0 0 0 
250 774 0 0 0 0 0 0 119 905 0 0 0 0 0 0 180 844 0 0 0 0 0 0 
88 936 0 0 0 0 0 0 0 1024 0 0 0 0 0 0 11 1013 0 0 0 0 0 0 
55 969 0 0 0 0 0 0 4 1009 11 0 0 0 0 0 16 1008 0 0 0 0 0 0 
9 1015 0 0 0 0 0 0 0 901 123 0 0 0 0 0 0 1020 4 0 0 0 0 0 
0 934 89 1 0 0 0 0 0 624 375 25 0 0 0 0 0 929 95 0 0 0 0 0 
0 991 33 0 0 0 0 0 0 136 873 15 0 0 0 0 0 480 544 0 0 0 0 0 
8 675 335 6 0 0 0 0 0 4 548 433 39 0 0 0 0 170 826 28 0 0 0 0 
57 723 185 24 8 18 6 3 2 26 475 353 124 18 16 10 5 81 645 205 47 15 16 10 
151 379 212 67 64 56 62 33 41 108 202 318 125 75 77 78 53 152 251 264 93 69 77 65 
206 438 165 63 46 46 39 21 55 181 336 209 80 67 49 47 77 245 328 161 64 64 48 37 
156 646 174 19 17 9 3 0 7 152 379 359 86 24 13 4 33 262 448 213 34 21 12 1 
348 478 142 26 20 9 1 0 193 226 313 200 40 29 18 5 206 303 315 122 32 24 18 4 
96 248 157 111 131 150 114 17 41 76 115 180 146 137 191 138 45 98 139 166 129 131 190 126 
120 534 240 63 27 27 11 2 8 99 253 384 167 62 27 24 28 188 365 281 72 47 26 17 
61 612 218 82 38 6 7 0 0 25 252 484 155 75 24 9 5 145 487 215 87 52 24 9 
70 421 194 67 64 65 93 50 0 29 174 315 176 79 85 166 3 84 288 221 111 67 83 167 
176 583 163 53 32 15 2 0 37 129 336 315 107 43 42 15 51 256 395 167 66 38 34 17 
203 639 177 4 1 0 0 0 61 197 370 351 41 3 1 0 85 297 499 136 5 2 0 0 
321 556 131 13 3 0 0 0 117 358 330 152 55 8 4 0 175 420 290 99 33 3 4 0 
387 413 185 32 7 0 0 0 133 267 308 214 86 14 2 0 193 318 302 164 41 5 1 0 
313 500 181 27 2 1 0 0 61 252 364 259 80 7 1 0 117 374 366 144 21 2 0 0 
375 506 137 6 0 0 0 0 111 320 357 203 31 2 0 0 174 405 337 103 5 0 0 0 
324 498 191 11 0 0 0 0 53 257 389 260 63 2 0 0 107 336 381 185 14 1 0 0 
375 504 136 8 1 0 0 0 171 287 336 207 20 2 1 0 221 404 317 72 8 2 0 0 
429 466 123 6 0 0 0 0 235 321 338 112 17 1 0 0 322 425 234 38 5 0 0 0 
459 426 126 13 0 0 0 0 287 319 272 114 30 2 0 0 344 342 248 77 12 1 0 0 
466 434 117 6 1 0 0 0 302 236 305 162 18 1 0 0 326 301 294 93 10 0 0 0 
521 400 97 6 0 0 0 0 328 384 235 72 5 0 0 0 428 368 189 38 1 0 0 0 
548 384 87 5 0 0 0 0 387 283 240 108 5 1 0 0 475 307 217 23 2 0 0 0 
398 482 133 11 0 0 0 0 141 345 377 145 15 1 0 0 214 431 325 51 3 0 0 0 
705 254 60 5 0 0 0 0 597 278 130 16 3 0 0 0 641 281 92 7 3 0 0 0 
775 205 36 6 2 0 0 0 738 208 65 9 4 0 0 0 759 201 53 7 4 0 0 0 
132 138 43 537 7 6 1 160 122 117 60 549 9 6 1 160 132 124 52 541 8 6 1 160 
734 194 11 21 0 51 13 0 552 376 14 18 0 40 24 0 421 507 15 17 0 52 12 0 
242 782 0 0 0 0 0 0 67 957 0 0 0 0 0 0 45 979 0 0 0 0 0 0 
276 748 0 0 0 0 0 0 93 931 0 0 0 0 0 0 87 937 0 0 0 0 0 0 
112 902 10 0 0 0 0 0 15 935 61 13 0 0 0 0 33 957 31 3 0 0 0 0 
72 948 4 0 0 0 0 0 0 905 92 27 0 0 0 0 5 952 64 3 0 0 0 0 
93 852 77 2 0 0 0 0 1 521 335 150 17 0 0 0 13 657 284 67 3 0 0 0 
232 698 93 1 0 0 0 0 85 288 443 199 9 0 0 0 132 434 400 57 1 0 0 0 
318 383 271 52 0 0 0 0 259 160 309 296 0 0 0 0 269 322 427 6 0 0 0 0 
75 848 100 1 0 0 0 0 7 190 663 164 0 0 0 0 13 471 526 14 0 0 0 0 
153 692 177 2 0 0 0 0 13 142 441 389 38 1 0 0 38 320 582 73 11 0 0 0 
292 565 164 3 0 0 0 0 64 249 329 306 72 4 0 0 95 334 395 190 10 0 0 0 
530 380 113 1 0 0 0 0 333 327 246 115 3 0 0 0 362 353 255 54 0 0 0 0 
476 452 96 0 0 0 0 0 302 347 309 65 1 0 0 0 342 393 260 29 0 0 0 0 
516 421 84 3 0 0 0 0 358 308 289 65 4 0 0 0 425 333 243 21 2 0 0 0 
472 408 125 15 2 2 0 0 298 321 262 99 34 8 2 0 310 345 253 76 29 9 2 0 
420 407 151 35 10 1 0 0 256 257 232 171 77 25 6 0 272 288 233 149 59 18 5 0 
173 643 199 9 0 0 0 0 14 146 391 396 75 2 0 0 40 263 523 187 11 0 0 0 
175 671 178 0 0 0 0 0 33 173 386 371 60 1 0 0 69 304 503 147 1 0 0 0 
423 509 91 1 0 0 0 0 243 346 335 98 2 0 0 0 293 405 287 39 0 0 0 0 
663 306 54 1 0 0 0 0 565 285 152 19 3 0 0 0 604 300 112 8 0 0 0 0 
417 516 84 7 0 0 0 0 303 381 223 87 27 3 0 0 333 415 220 51 5 0 0 0 
284 469 230 37 4 0 0 0 100 165 254 304 164 35 2 0 135 245 319 248 69 8 0 0 
199 545 246 27 7 0 0 0 18 156 406 339 85 17 3 0 54 290 449 193 32 6 0 0 
371 416 193 42 2 0 0 0 93 289 330 228 76 7 1 0 187 367 298 139 30 3 0 0 
281 480 238 24 1 0 0 0 58 183 296 312 152 22 1 0 89 277 358 245 49 6 0 0 
289 486 229 19 1 0 0 0 61 188 308 345 109 12 1 0 100 271 400 209 43 1 0 0 
361 464 165 26 7 1 0 0 130 314 330 186 44 15 5 0 216 366 295 110 24 11 2 0 
345 481 153 43 2 0 0 0 133 258 324 224 56 29 0 0 183 326 322 136 44 13 0 0 
476 424 113 11 0 0 0 0 311 360 255 82 14 2 0 0 368 391 206 51 8 0 0 0 
503 472 38 11 0 0 0 0 350 479 163 22 9 1 0 0 439 481 74 23 6 1 0 0 
401 513 107 3 0 0 0 0 210 343 288 171 12 0 0 0 318 404 272 30 0 0 0 0 
347 534 138 5 0 0 0 0 161 282 378 184 19 0 0 0 232 413 318 58 3 0 0 0 
490 421 100 11 2 0 0 0 322 372 225 87 16 2 0 0 373 398 194 50 7 2 0 0 
656 296 63 9 0 0 0 0 566 295 128 30 5 0 0 0 605 298 94 24 3 0 0 0 
460 404 136 22 2 0 0 0 275 322 287 116 21 3 0 0 344 367 226 77 9 1 0 0 
120 131 52 527 6 11 9 168 109 123 61 535 10 11 8 167 114 125 58 531 10 11 7 168 
646 281 1 16 16 63 1 0 344 572 12 12 20 30 34 0 274 648 6 14 18 55 9 0 
91 921 12 0 0 0 0 0 3 904 113 4 0 0 0 0 8 962 53 1 0 0 0 0 
258 749 17 0 0 0 0 0 14 743 240 27 0 0 0 0 40 862 122 0 0 0 0 0 
226 762 36 0 0 0 0 0 37 382 505 99 1 0 0 0 114 610 299 1 0 0 0 0 
402 578 41 3 0 0 0 0 204 311 396 102 10 1 0 0 279 482 242 19 2 0 0 0 
614 370 40 0 0 0 0 0 454 360 190 20 0 0 0 0 544 383 95 2 0 0 0 0 
751 237 34 2 0 0 0 0 671 253 89 10 1 0 0 0 694 262 64 4 0 0 0 0 
635 349 36 4 0 0 0 0 512 279 206 23 3 1 0 0 548 347 122 5 2 0 0 0 
396 541 50 17 8 8 4 0 179 426 323 61 15 9 6 5 287 506 187 10 15 7 7 5 
461 495 68 0 0 0 0 0 223 347 319 118 17 0 0 0 284 415 275 49 1 0 0 0 
485 465 71 3 0 0 0 0 278 395 272 73 6 0 0 0 336 436 214 35 3 0 0 0 
844 149 29 2 0 0 0 0 781 170 57 13 3 0 0 0 773 192 47 10 2 0 0 0 
529 404 88 3 0 0 0 0 374 253 273 111 13 0 0 0 416 312 237 58 1 0 0 0 
435 511 76 2 0 0 0 0 260 302 357 96 9 0 0 0 290 374 311 48 1 0 0 0 
617 360 46 1 0 0 0 0 556 250 170 47 1 0 0 0 561 298 147 17 1 0 0 0 
652 307 65 0 0 0 0 0 553 215 192 63 1 0 0 0 593 260 165 6 0 0 0 0 
251 604 168 1 0 0 0 0 57 330 458 175 4 0 0 0 130 504 352 38 0 0 0 0 
266 592 166 0 0 0 0 0 84 375 369 183 13 0 0 0 148 455 357 64 0 0 0 0 
352 493 172 7 0 0 0 0 209 227 308 243 35 2 0 0 246 300 336 127 14 1 0 0 
439 460 122 3 0 0 0 0 303 311 254 136 20 0 0 0 331 377 245 67 4 0 0 0 
449 418 142 10 5 0 0 0 270 267 221 195 54 13 4 0 300 310 265 120 20 8 1 0 
486 401 116 19 2 0 0 0 308 328 245 106 33 4 0 0 362 371 217 56 17 1 0 0 
402 441 159 20 2 0 0 0 163 351 303 164 34 9 0 0 246 380 295 87 12 4 0 0 
513 341 153 16 1 0 0 0 298 282 250 156 33 5 0 0 354 320 236 100 13 1 0 0 
400 418 158 47 1 0 0 0 178 269 245 231 82 17 2 0 263 290 274 150 39 8 0 0 
530 343 125 21 5 0 0 0 299 303 232 127 51 12 0 0 379 351 184 84 23 3 0 0 
407 420 158 37 2 0 0 0 138 293 334 182 68 8 1 0 211 371 280 120 38 4 0 0 
528 352 125 19 0 0 0 0 335 327 217 110 33 2 0 0 364 363 184 87 26 0 0 0 
251 508 247 17 1 0 0 0 23 131 330 381 150 9 0 0 39 176 379 333 91 6 0 0 
394 471 147 12 0 0 0 0 195 205 315 237 68 4 0 0 222 275 325 172 29 1 0 0 
426 446 136 15 1 0 0 0 206 253 323 200 37 5 0 0 274 334 318 87 11 0 0 0 
474 446 97 7 0 0 0 0 281 420 264 50 9 0 0 0 363 462 171 25 3 0 0 0 
462 411 134 17 0 0 0 0 240 385 241 127 29 2 0 0 315 402 201 94 11 1 0 0 
486 394 135 9 0 0 0 0 270 371 252 110 21 0 0 0 341 380 217 76 10 0 0 0 
462 415 134 13 0 0 0 0 289 287 314 118 16 0 0 0 321 352 273 67 11 0 0 0 
155 98 49 394 133 3 17 175 146 88 56 306 233 3 19 173 152 86 56 303 232 3 17 175 
527 396 5 0 19 76 1 0 180 594 151 3 5 69 22 0 286 592 50 0 10 77 9 0 
368 645 11 0 0 0 0 0 128 549 332 15 0 0 0 0 208 697 119 0 0 0 0 0 
270 712 42 0 0 0 0 0 68 384 469 101 2 0 0 0 142 621 253 8 0 0 0 0 
485 520 19 0 0 0 0 0 293 399 289 43 0 0 0 0 396 511 117 0 0 0 0 0 
809 213 2 0 0 0 0 0 757 243 24 0 0 0 0 0 801 221 2 0 0 0 0 0 
927 95 2 0 0 0 0 0 919 96 9 0 0 0 0 0 930 89 5 0 0 0 0 0 
760 243 21 0 0 0 0 0 690 260 70 4 0 0 0 0 714 265 45 0 0 0 0 0 
736 272 16 0 0 0 0 0 637 255 129 3 0 0 0 0 686 302 36 0 0 0 0 0 
633 367 23 1 0 0 0 0 487 364 161 12 0 0 0 0 579 378 63 4 0 0 0 0 
623 349 51 1 0 0 0 0 491 262 205 57 9 0 0 0 547 276 179 21 1 0 0 0 
417 504 101 2 0 0 0 0 186 195 396 229 18 0 0 0 229 322 406 64 3 0 0 0 
377 540 102 5 0 0 0 0 187 249 366 197 23 2 0 0 241 344 342 94 3 0 0 0 
311 593 119 1 0 0 0 0 131 262 400 209 22 0 0 0 171 372 390 90 1 0 0 0 
537 411 76 0 0 0 0 0 369 340 247 67 1 0 0 0 408 371 213 32 0 0 0 0 
599 334 85 5 1 0 0 0 451 287 189 74 22 1 0 0 467 309 176 62 9 1 0 0 
385 466 168 5 0 0 0 0 176 219 287 255 83 4 0 0 220 299 327 154 23 1 0 0 
251 570 197 6 0 0 0 0 72 263 396 270 23 0 0 0 144 394 406 79 1 0 0 0 
359 569 96 0 0 0 0 0 206 419 342 57 0 0 0 0 276 505 235 8 0 0 0 0 
709 292 23 0 0 0 0 0 676 221 116 11 0 0 0 0 692 266 66 0 0 0 0 0 
648 348 27 1 0 0 0 0 541 364 113 6 0 0 0 0 594 368 58 4 0 0 0 0 
592 329 92 10 1 0 0 0 473 297 179 65 5 4 0 1 506 313 171 27 6 0 1 0 
514 410 90 7 3 0 0 0 378 361 197 72 11 5 0 0 426 392 167 30 6 3 0 0 
561 340 105 17 1 0 0 0 408 271 239 83 22 1 0 0 458 316 192 49 9 0 0 0 
553 326 114 26 5 0 0 0 352 318 232 84 33 4 1 0 435 329 182 61 15 2 0 0 
534 348 123 19 0 0 0 0 329 324 227 120 22 2 0 0 389 345 222 62 6 0 0 0 
720 190 95 16 2 1 0 0 621 180 127 75 17 2 2 0 653 181 133 47 6 3 1 0 
749 200 65 9 1 0 0 0 646 188 112 63 14 1 0 0 688 194 100 37 5 0 0 0 
527 342 136 18 1 0 0 0 303 286 254 143 35 3 0 0 353 327 242 87 14 1 0 0 
412 442 158 12 0 0 0 0 157 311 332 188 33 3 0 0 214 352 324 118 16 0 0 0 
333 531 146 13 1 0 0 0 68 334 416 178 28 0 0 0 143 441 347 86 7 0 0 0 
390 493 131 10 0 0 0 0 144 367 365 130 18 0 0 0 223 444 292 63 2 0 0 0 
426 456 129 12 1 0 0 0 195 410 311 98 9 1 0 0 287 455 234 44 3 1 0 0 
301 522 182 18 1 0 0 0 67 267 419 229 37 5 0 0 96 372 400 134 20 2 0 0 
349 522 138 15 0 0 0 0 74 413 373 136 25 3 0 0 150 447 328 82 15 2 0 0 
397 505 112 8 2 0 0 0 282 397 259 77 6 3 0 0 342 422 230 21 6 3 0 0 
45 149 86 8 521 20 3 192 20 76 96 88 525 21 6 192 32 87 116 50 521 21 5 192 
683 232 13 0 0 93 3 0 477 389 62 0 0 91 5 0 533 368 27 0 1 95 0 0 
562 454 8 0 0 0 0 0 329 540 153 2 0 0 0 0 393 583 47 1 0 0 0 0 
450 541 33 0 0 0 0 0 206 509 285 24 0 0 0 0 329 590 101 4 0 0 0 0 
460 548 16 0 0 0 0 0 222 537 254 11 0 0 0 0 337 616 69 2 0 0 0 0 
587 426 11 0 0 0 0 0 442 433 149 0 0 0 0 0 498 473 53 0 0 0 0 0 
847 154 23 0 0 0 0 0 802 130 77 15 0 0 0 0 811 149 61 3 0 0 0 0 
699 289 36 0 0 0 0 0 618 114 208 84 0 0 0 0 640 193 180 11 0 0 0 0 
634 346 44 0 0 0 0 0 428 308 212 75 1 0 0 0 475 338 194 17 0 0 0 0 
382 564 75 3 0 0 0 0 137 367 386 121 12 1 0 0 195 487 301 35 6 0 0 0 
387 574 62 1 0 0 0 0 132 356 411 121 3 1 0 0 196 472 326 28 2 0 0 0 
421 529 72 2 0 0 0 0 182 440 338 61 3 0 0 0 270 494 249 9 2 0 0 0 
413 559 50 2 0 0 0 0 193 347 348 130 5 1 0 0 264 425 298 34 3 0 0 0 
538 429 55 2 0 0 0 0 361 408 207 43 5 0 0 0 411 442 150 19 2 0 0 0 
561 403 60 0 0 0 0 0 420 325 176 87 16 0 0 0 443 349 192 40 0 0 0 0 
438 512 74 0 0 0 0 0 323 362 241 80 18 0 0 0 368 405 208 38 5 0 0 0 
566 373 83 2 0 0 0 0 401 330 212 74 7 0 0 0 457 339 188 37 3 0 0 0 
564 376 84 0 0 0 0 0 405 303 223 91 2 0 0 0 473 323 204 24 0 0 0 0 
455 482 85 2 0 0 0 0 279 360 295 83 7 0 0 0 343 387 249 42 3 0 0 0 
682 306 35 1 0 0 0 0 601 304 104 14 1 0 0 0 622 320 77 5 0 0 0 0 
672 325 25 1 1 0 0 0 584 347 89 3 0 1 0 0 619 344 57 3 0 1 0 0 
783 215 24 1 1 0 0 0 730 238 48 6 2 0 0 0 734 240 43 5 2 0 0 0 
327 501 176 18 2 0 0 0 121 243 329 245 80 6 0 0 192 364 328 125 14 1 0 0 
478 403 133 10 0 0 0 0 222 327 274 156 44 1 0 0 303 367 262 86 6 0 0 0 
425 386 180 30 3 0 0 0 169 310 289 179 66 10 1 0 250 371 265 117 18 3 0 0 
449 398 156 18 3 0 0 0 203 296 310 162 48 5 0 0 285 369 264 89 16 1 0 0 
691 238 76 15 4 0 0 0 563 259 130 56 12 4 0 0 589 267 119 39 8 2 0 0 
959 57 8 0 0 0 0 0 964 45 15 0 0 0 0 0 961 49 14 0 0 0 0 0 
857 121 36 6 4 0 0 0 842 116 43 16 6 1 0 0 845 118 42 13 6 0 0 0 
540 358 116 10 0 0 0 0 387 312 235 84 6 0 0 0 412 331 227 52 2 0 0 0 
458 444 117 5 0 0 0 0 230 365 323 93 13 0 0 0 265 427 270 60 2 0 0 0 
482 437 94 11 0 0 0 0 286 392 251 76 19 0 0 0 380 431 170 38 5 0 0 0 
273 597 140 12 2 0 0 0 66 301 496 137 22 2 0 0 129 516 312 56 10 1 0 0 
333 556 131 4 0 0 0 0 135 381 385 111 12 0 0 0 219 475 272 56 2 0 0 0 
447 451 118 8 0 0 0 0 280 320 324 90 9 1 0 0 342 372 264 41 5 0 0 0 
366 555 100 3 0 0 0 0 207 323 376 101 14 3 0 0 259 414 299 40 10 2 0 0 
28 143 87 22 520 3 16 205 3 46 116 87 301 249 11 211 5 67 127 63 530 11 11 210 
789 107 16 16 0 95 1 0 683 210 19 15 1 96 0 0 690 204 18 15 1 95 1 0 
707 310 7 0 0 0 0 0 475 475 74 0 0 0 0 0 536 443 45 0 0 0 0 0 
578 426 20 0 0 0 0 0 352 507 162 3 0 0 0 0 452 495 76 1 0 0 0 0 
503 501 20 0 0 0 0 0 306 493 221 4 0 0 0 0 377 543 104 0 0 0 0 0 
448 547 29 0 0 0 0 0 175 600 239 10 0 0 0 0 267 616 140 1 0 0 0 0 
517 490 17 0 0 0 0 0 344 467 212 1 0 0 0 0 397 528 99 0 0 0 0 0 
517 488 19 0 0 0 0 0 277 446 273 28 0 0 0 0 348 494 181 1 0 0 0 0 
510 467 47 0 0 0 0 0 275 458 256 35 0 0 0 0 353 490 181 0 0 0 0 0 
279 620 124 1 0 0 0 0 89 280 440 200 15 0 0 0 127 440 399 57 1 0 0 0 
405 546 72 1 0 0 0 0 183 410 373 56 2 0 0 0 255 523 234 12 0 0 0 0 
551 425 46 2 0 0 0 0 372 412 202 38 0 0 0 0 407 467 140 10 0 0 0 0 
795 208 21 0 0 0 0 0 712 251 55 5 1 0 0 0 727 245 46 6 0 0 0 0 
646 328 49 1 0 0 0 0 471 285 201 65 2 0 0 0 513 318 175 18 0 0 0 0 
545 387 88 4 0 0 0 0 369 255 243 139 17 1 0 0 413 323 235 50 3 0 0 0 
573 343 104 4 0 0 0 0 445 268 201 100 10 0 0 0 505 277 196 46 0 0 0 0 
460 459 102 3 0 0 0 0 257 297 326 128 16 0 0 0 317 351 293 61 2 0 0 0 
397 499 123 5 0 0 0 0 153 318 350 193 10 0 0 0 210 362 373 77 2 0 0 0 
507 393 122 2 0 0 0 0 268 307 284 144 20 1 0 0 311 340 267 99 7 0 0 0 
538 380 104 2 0 0 0 0 356 297 199 124 48 0 0 0 407 321 183 105 8 0 0 0 
464 421 133 6 0 0 0 0 281 217 256 196 70 4 0 0 300 291 261 143 29 0 0 0 
585 313 119 7 0 0 0 0 428 170 202 177 47 0 0 0 459 179 236 139 11 0 0 0 
528 345 128 22 1 0 0 0 304 332 224 121 40 3 0 0 388 338 192 91 15 0 0 0 
533 358 116 15 2 0 0 0 319 356 229 103 16 1 0 0 402 364 189 64 5 0 0 0 
466 387 150 20 1 0 0 0 240 267 284 186 44 3 0 0 284 348 279 102 9 2 0 0 
624 320 71 9 0 0 0 0 487 288 171 67 10 1 0 0 538 303 145 31 7 0 0 0 
707 239 68 8 2 0 0 0 566 263 144 45 4 2 0 0 594 282 121 24 2 1 0 0 
702 224 78 16 4 0 0 0 614 214 131 49 11 5 0 0 636 232 105 37 11 3 0 0 
740 201 69 13 1 0 0 0 630 215 120 44 15 0 0 0 667 207 107 36 7 0 0 0 
486 385 138 13 2 0 0 0 304 294 290 114 20 2 0 0 376 348 241 49 10 0 0 0 
376 490 148 10 0 0 0 0 116 303 391 197 16 1 0 0 184 435 324 79 2 0 0 0 
362 559 95 8 0 0 0 0 117 426 355 114 11 1 0 0 201 530 241 46 6 0 0 0 
361 537 113 13 0 0 0 0 154 408 308 129 24 1 0 0 209 480 234 85 15 1 0 0 
379 519 95 12 5 5 8 1 248 327 344 76 9 7 3 10 298 409 261 30 8 6 6 6 
471 443 106 3 0 1 0 0 356 240 320 103 4 0 1 0 396 305 285 37 0 0 1 0 
222 496 169 45 40 37 14 1 53 247 373 165 91 41 29 25 89 352 273 138 80 40 29 23 
24 103 68 35 543 19 21 211 0 12 69 79 60 539 37 228 0 20 77 73 48 538 39 229 
795 100 1 5 26 94 3 0 738 156 2 3 29 93 3 0 712 182 2 3 29 94 2 0 
876 147 1 0 0 0 0 0 829 192 3 0 0 0 0 0 806 215 3 0 0 0 0 0 
938 84 2 0 0 0 0 0 925 96 3 0 0 0 0 0 915 106 3 0 0 0 0 0 
718 280 26 0 0 0 0 0 620 273 128 3 0 0 0 0 641 304 78 1 0 0 0 0 
557 422 45 0 0 0 0 0 399 376 225 24 0 0 0 0 468 407 144 5 0 0 0 0 
776 232 15 1 0 0 0 0 697 237 86 4 0 0 0 0 713 251 57 3 0 0 0 0 
571 385 68 0 0 0 0 0 378 381 220 45 0 0 0 0 434 384 195 11 0 0 0 0 
549 446 29 0 0 0 0 0 340 435 232 17 0 0 0 0 404 484 135 1 0 0 0 0 
439 526 57 2 0 0 0 0 223 402 346 51 2 0 0 0 280 511 224 8 1 0 0 0 
681 314 28 1 0 0 0 0 585 314 109 15 1 0 0 0 612 327 82 3 0 0 0 0 
732 270 22 0 0 0 0 0 640 311 64 9 0 0 0 0 660 311 47 6 0 0 0 0 
733 258 33 0 0 0 0 0 657 255 104 8 0 0 0 0 670 263 83 8 0 0 0 0 
675 315 33 1 0 0 0 0 562 320 133 9 0 0 0 0 590 338 93 3 0 0 0 0 
784 203 36 1 0 0 0 0 664 234 105 19 2 0 0 0 697 229 86 12 0 0 0 0 
931 65 27 1 0 0 0 0 920 68 30 6 0 0 0 0 921 72 26 5 0 0 0 0 
676 284 62 2 0 0 0 0 587 153 190 88 6 0 0 0 607 191 186 40 0 0 0 0 
457 430 135 2 0 0 0 0 238 323 276 169 18 0 0 0 271 370 275 107 1 0 0 0 
596 329 96 3 0 0 0 0 480 253 208 76 7 0 0 0 470 287 217 49 1 0 0 0 
582 351 80 8 2 1 0 0 441 273 230 63 13 3 1 0 467 320 195 28 9 4 1 0 
416 555 52 1 0 0 0 0 221 441 304 52 6 0 0 0 301 520 186 17 0 0 0 0 
321 625 77 1 0 0 0 0 163 255 357 226 23 0 0 0 211 367 357 86 3 0 0 0 
351 473 182 17 1 0 0 0 132 254 294 255 84 5 0 0 189 328 316 163 27 1 0 0 
524 357 110 26 6 1 0 0 362 284 245 92 32 9 0 0 419 342 184 61 14 4 0 0 
642 292 81 8 1 0 0 0 530 271 153 58 11 1 0 0 558 284 133 43 6 0 0 0 
790 187 36 10 0 1 0 0 746 186 69 15 6 2 0 0 769 187 52 10 5 1 0 0 
771 191 45 13 4 0 0 0 694 212 83 21 11 3 0 0 704 214 79 14 10 3 0 0 
874 114 29 6 1 0 0 0 848 113 49 11 2 1 0 0 851 117 42 12 1 1 0 0 
743 190 66 16 6 2 1 0 669 201 89 44 13 6 2 0 679 200 86 39 12 5 2 1 
666 293 58 7 0 0 0 0 525 325 131 40 3 0 0 0 580 316 106 19 3 0 0 0 
303 447 154 59 28 22 11 0 108 283 292 166 96 33 32 14 161 338 274 114 67 31 28 11 
127 356 179 110 101 93 50 8 3 79 258 242 108 121 114 99 9 158 283 171 105 108 112 78 
95 333 189 124 119 107 55 2 0 68 196 259 146 131 112 112 10 111 254 189 141 124 111 84 
66 331 204 136 114 97 71 5 6 60 184 246 163 121 119 125 6 89 231 209 149 114 121 105 
104 308 200 118 127 99 65 3 28 107 157 193 171 130 126 112 33 118 196 171 149 124 113 120 
55 336 259 150 110 88 26 0 0 24 65 249 301 164 140 81 2 27 87 310 233 136 142 87 
4 62 79 59 47 548 22 203 0 0 5 61 81 59 566 252 0 0 20 80 53 55 562 254 
706 187 3 0 14 112 2 0 511 313 71 1 8 120 0 0 462 366 64 4 9 118 1 0 
904 118 2 0 0 0 0 0 854 146 23 1 0 0 0 0 824 173 26 1 0 0 0 0 
947 75 2 0 0 0 0 0 920 86 18 0 0 0 0 0 920 94 10 0 0 0 0 0 
995 29 0 0 0 0 0 0 988 34 2 0 0 0 0 0 986 36 2 0 0 0 0 0 
891 132 1 0 0 0 0 0 864 147 13 0 0 0 0 0 863 150 11 0 0 0 0 0 
803 212 9 0 0 0 0 0 730 243 51 0 0 0 0 0 747 240 37 0 0 0 0 0 
775 227 22 0 0 0 0 0 682 249 87 6 0 0 0 0 694 273 55 2 0 0 0 0 
508 467 48 1 0 0 0 0 291 438 256 39 0 0 0 0 338 457 217 12 0 0 0 0 
571 383 68 2 0 0 0 0 416 295 161 139 12 1 0 0 454 309 208 51 2 0 0 0 
581 394 48 1 0 0 0 0 438 255 209 116 6 0 0 0 476 284 233 31 0 0 0 0 
614 359 48 3 0 0 0 0 455 283 224 55 7 0 0 0 500 322 183 17 2 0 0 0 
657 318 47 2 0 0 0 0 527 307 133 54 3 0 0 0 563 322 116 23 0 0 0 0 
775 201 47 1 0 0 0 0 673 210 92 45 4 0 0 0 685 222 94 23 0 0 0 0 
883 127 14 0 0 0 0 0 862 139 23 0 0 0 0 0 859 143 22 0 0 0 0 0 
927 71 22 4 0 0 0 0 894 72 35 12 9 2 0 0 906 71 30 10 7 0 0 0 
471 437 113 3 0 0 0 0 247 299 306 148 24 0 0 0 315 351 270 87 1 0 0 0 
391 469 152 10 2 0 0 0 175 320 326 177 25 1 0 0 230 396 322 68 8 0 0 0 
540 365 113 6 0 0 0 0 350 316 252 97 9 0 0 0 422 347 209 44 2 0 0 0 
368 590 66 0 0 0 0 0 164 278 333 204 45 0 0 0 206 372 350 92 4 0 0 0 
221 690 112 1 0 0 0 0 47 133 311 426 107 0 0 0 74 218 425 298 9 0 0 0 
230 712 79 3 0 0 0 0 21 267 396 284 52 3 1 0 63 435 369 145 11 1 0 0 
294 563 153 14 0 0 0 0 45 196 437 295 49 2 0 0 79 312 456 162 15 0 0 0 
499 415 92 14 4 0 0 0 295 326 259 119 21 3 1 0 362 364 228 61 5 4 0 0 
710 232 67 12 3 0 0 0 620 241 112 42 6 2 1 0 645 250 92 30 6 1 0 0 
721 214 64 12 11 1 1 0 646 226 83 42 13 8 4 2 664 234 69 33 11 6 6 1 
787 178 48 10 1 0 0 0 721 198 80 22 3 0 0 0 724 207 72 19 2 0 0 0 
714 222 67 17 4 0 0 0 588 235 146 40 15 0 0 0 625 244 115 28 12 0 0 0 
777 166 46 15 7 13 0 0 717 195 59 22 11 8 10 2 712 198 58 26 10 8 11 1 
605 301 63 26 15 9 5 0 488 337 109 38 22 16 8 6 533 316 92 35 21 14 8 5 
593 267 96 42 16 6 4 0 454 251 156 63 57 21 16 6 493 260 126 67 38 25 12 3 
207 422 230 82 48 29 6 0 24 94 264 270 177 114 50 31 30 148 307 205 136 115 65 18 
153 494 213 70 36 30 27 1 0 5 146 466 230 80 48 49 0 23 302 372 168 69 55 35 
128 389 210 135 70 70 22 0 0 19 214 292 210 125 90 74 0 35 254 245 192 131 100 67 
113 578 182 67 45 30 7 2 0 7 163 456 248 75 43 32 0 13 186 399 278 84 38 26 
128 578 239 36 22 14 7 0 0 8 108 486 316 61 24 21 0 0 127 436 244 138 52 27 
6 133 113 26 525 20 9 192 0 0 10 132 105 548 28 201 0 0 15 114 70 570 38 217 
672 207 17 0 0 128 0 0 381 472 43 0 0 128 0 0 396 466 34 0 0 128 0 0 
836 185 3 0 0 0 0 0 757 237 30 0 0 0 0 0 726 271 27 0 0 0 0 0 
735 277 12 0 0 0 0 0 599 357 68 0 0 0 0 0 620 351 53 0 0 0 0 0 
861 162 1 0 0 0 0 0 827 190 6 1 0 0 0 0 815 204 4 1 0 0 0 0 
862 157 5 0 0 0 0 0 812 179 33 0 0 0 0 0 817 192 15 0 0 0 0 0 
676 317 28 3 0 0 0 0 535 247 212 25 5 0 0 0 547 320 146 10 1 0 0 0 
386 556 81 1 0 0 0 0 130 279 434 170 11 0 0 0 170 421 384 49 0 0 0 0 
351 573 96 4 0 0 0 0 82 351 396 180 14 1 0 0 140 453 377 48 6 0 0 0 
501 448 67 8 0 0 0 0 257 340 305 106 14 2 0 0 301 407 263 44 9 0 0 0 
384 460 168 12 0 0 0 0 121 285 336 202 75 5 0 0 184 335 322 148 35 0 0 0 
268 550 188 18 0 0 0 0 52 206 280 295 172 19 0 0 86 286 316 246 89 1 0 0 
319 523 162 20 0 0 0 0 74 270 293 207 124 52 4 0 128 326 327 164 72 7 0 0 
329 483 198 13 1 0 0 0 143 128 181 286 233 50 3 0 161 193 261 294 109 6 0 0 
290 500 207 25 2 0 0 0 167 111 141 242 252 103 8 0 190 156 231 291 132 24 0 0 
597 305 110 12 0 0 0 0 480 199 184 115 37 9 0 0 515 231 194 63 21 0 0 0 
613 286 119 5 1 0 0 0 488 181 164 161 29 1 0 0 519 206 207 89 3 0 0 0 
473 387 152 12 0 0 0 0 300 274 238 190 22 0 0 0 353 313 283 74 1 0 0 0 
452 462 103 7 0 0 0 0 241 364 220 169 30 0 0 0 301 399 240 76 8 0 0 0 
193 771 60 0 0 0 0 0 45 138 360 419 62 0 0 0 57 257 509 201 0 0 0 0 
373 565 86 0 0 0 0 0 175 371 328 139 11 0 0 0 229 406 325 63 1 0 0 0 
309 603 107 4 1 0 0 0 126 275 338 252 32 1 0 0 146 327 422 120 8 1 0 0 
271 492 170 37 15 18 15 6 40 280 396 181 66 20 16 25 104 387 345 105 28 16 18 21 
343 279 135 82 83 59 40 3 210 225 166 102 87 77 77 80 230 246 168 96 67 82 66 69 
493 300 118 45 39 22 7 0 342 278 181 101 46 34 27 15 353 314 172 84 29 37 21 14 
605 228 72 42 43 20 14 0 539 226 85 46 37 38 33 20 543 231 81 51 30 45 27 16 
627 222 71 28 24 28 22 2 482 257 124 51 36 17 25 32 500 261 108 41 39 17 20 38 
725 201 56 20 8 11 3 0 666 208 89 26 12 8 10 5 672 219 74 26 9 9 10 5 
753 179 45 23 11 11 2 0 700 199 49 35 13 15 11 2 661 230 55 36 13 15 14 0 
388 407 169 43 13 4 0 0 115 195 263 269 126 44 8 4 124 234 273 250 87 44 8 4 
321 552 130 18 3 0 0 0 61 166 186 330 229 44 8 0 79 186 209 353 159 32 6 0 
285 547 172 19 1 0 0 0 1 58 276 417 205 62 5 0 0 73 322 310 192 101 26 0 
172 359 235 124 78 46 10 0 1 41 195 273 233 160 86 35 1 31 160 224 225 177 127 79 
90 246 210 176 154 110 38 0 0 19 109 197 236 196 173 94 1 14 71 134 150 215 207 232 
34 182 232 188 160 157 69 2 1 7 38 141 281 216 202 138 0 4 28 56 122 271 243 300 
10 179 329 246 143 88 26 3 0 0 5 94 373 279 185 88 0 0 0 6 90 374 295 259 
5 83 98 53 544 27 19 195 0 3 2 22 149 339 299 210 0 0 3 3 18 158 591 251 
346 585 20 1 0 72 0 0 302 622 27 1 0 72 0 0 268 650 33 1 0 72 0 0 
840 178 6 0 0 0 0 0 863 143 18 0 0 0 0 0 816 191 17 0 0 0 0 0 
892 125 6 1 0 0 0 0 912 100 10 2 0 0 0 0 881 131 10 2 0 0 0 0 
947 75 2 0 0 0 0 0 972 52 0 0 0 0 0 0 954 69 1 0 0 0 0 0 
287 691 46 0 0 0 0 0 250 635 127 12 0 0 0 0 272 662 87 3 0 0 0 0 
171 771 80 2 0 0 0 0 56 192 700 75 1 0 0 0 95 711 198 19 1 0 0 0 
225 734 64 1 0 0 0 0 131 654 184 52 3 0 0 0 159 699 150 16 0 0 0 0 
292 694 38 0 0 0 0 0 208 694 112 10 0 0 0 0 223 714 83 4 0 0 0 0 
220 682 107 15 0 0 0 0 135 156 553 87 78 15 0 0 144 167 565 99 48 1 0 0 
168 697 142 17 0 0 0 0 39 157 598 148 74 7 1 0 62 176 615 140 30 1 0 0 
167 700 135 22 0 0 0 0 34 145 595 163 77 9 1 0 75 150 616 147 35 1 0 0 
70 718 198 37 1 0 0 0 9 50 69 590 177 116 13 0 22 67 151 636 133 15 0 0 
55 746 206 17 0 0 0 0 2 16 43 182 670 106 5 0 10 36 159 676 135 8 0 0 
81 758 160 25 0 0 0 0 7 78 131 646 123 36 3 0 20 130 680 146 43 5 0 0 
300 625 84 15 0 0 0 0 235 601 112 50 24 2 0 0 257 607 111 37 12 0 0 0 
256 658 83 26 1 0 0 0 194 612 122 78 17 1 0 0 225 621 138 30 10 0 0 0 
209 668 134 13 0 0 0 0 103 146 617 132 25 1 0 0 136 653 171 56 8 0 0 0 
111 788 118 7 0 0 0 0 32 110 650 182 50 0 0 0 49 174 703 98 0 0 0 0 
161 781 82 0 0 0 0 0 83 186 616 128 11 0 0 0 103 645 209 67 0 0 0 0 
123 785 112 4 0 0 0 0 53 165 676 122 8 0 0 0 76 653 251 44 0 0 0 0 
223 734 63 3 1 0 0 0 182 618 164 55 2 2 1 0 188 634 162 34 3 1 2 0 
183 164 503 42 29 53 41 9 174 93 79 499 37 32 38 72 182 114 521 36 39 27 47 58 
49 124 125 554 88 52 27 5 4 45 84 99 531 97 92 72 9 61 93 93 532 94 87 55 
106 218 559 44 30 43 21 3 19 139 172 538 49 25 39 43 37 189 139 524 30 30 37 38 
211 644 79 29 23 18 18 2 147 169 565 53 25 19 26 20 162 177 554 39 27 21 20 24 
170 713 99 17 6 13 6 0 52 227 620 84 12 10 9 10 77 264 612 35 8 12 8 8 
259 646 57 20 14 10 17 1 180 639 111 34 15 14 11 20 187 649 102 24 18 15 11 18 
256 637 60 26 21 15 9 0 197 177 542 32 18 21 24 13 175 204 536 29 19 22 24 15 
177 747 90 9 1 0 0 0 50 147 611 133 69 13 1 0 57 142 595 133 76 20 1 0 
100 787 108 19 7 2 1 0 1 57 191 666 81 19 7 2 4 70 188 640 82 26 10 4 
48 254 553 79 54 26 10 0 0 7 116 201 545 76 57 22 1 15 165 139 529 59 67 49 
8 50 97 101 589 131 48 0 0 2 7 44 99 581 173 118 0 0 7 21 44 107 617 228 
0 3 47 125 606 178 65 0 0 0 0 7 60 153 663 141 0 0 0 0 12 67 621 324 
0 5 37 110 616 177 73 6 0 0 0 11 62 166 643 142 0 0 0 3 23 86 625 287 
0 6 35 148 641 138 49 7 0 0 4 16 105 705 159 35 0 0 1 12 51 177 700 83 
0 1 6 12 32 54 790 129 0 0 0 7 15 37 694 271 0 0 0 3 10 31 50 930 
