7 456 447 111 3 0 0 0 0 141 645 192 43 3 0 0 0 0 73 441 390 103 17 0 
9 360 282 357 16 0 0 0 11 358 272 329 54 0 0 0 0 295 170 344 215 0 0 0 
7 141 157 71 11 9 19 609 9 149 152 66 13 9 24 602 0 85 149 126 24 12 13 615 
0 0 0 0 0 0 0 1024 0 0 0 0 0 0 0 1024 0 0 0 0 0 0 0 1024 
0 0 0 0 0 0 0 1024 0 0 0 0 0 0 0 1024 0 0 0 0 0 0 0 1024 
0 0 0 0 0 0 0 1024 0 0 0 0 0 0 0 1024 0 0 0 0 0 0 0 1024 
0 0 0 0 0 0 0 1024 0 0 0 0 0 0 0 1024 0 0 0 0 0 0 0 1024 
0 0 0 0 0 0 0 1024 0 0 0 0 0 0 0 1024 0 0 0 0 0 0 0 1024 
0 26 255 406 328 9 0 0 0 2 49 180 326 432 35 0 0 0 3 37 52 211 564 157 
1 430 333 256 4 0 0 0 0 282 354 359 29 0 0 0 0 42 202 358 318 96 8 0 
15 187 217 367 66 10 14 148 7 191 193 309 151 9 15 149 0 119 163 295 224 56 13 154 
0 0 0 2 2 2 3 1015 0 0 0 2 2 2 3 1015 0 0 0 1 2 2 2 1017 
0 0 0 0 0 0 0 1024 0 0 0 0 0 0 0 1024 0 0 0 0 0 0 0 1024 
0 0 0 0 0 0 0 1024 0 0 0 0 0 0 0 1024 0 0 0 0 0 0 0 1024 
0 0 0 0 0 0 0 1024 0 0 0 0 0 0 0 1024 0 0 0 0 0 0 0 1024 
0 0 0 0 0 0 0 1024 0 0 0 0 0 0 0 1024 0 0 0 0 0 0 0 1024 
23 38 128 294 502 39 0 0 0 33 56 96 214 490 135 0 0 0 8 36 86 141 440 313 
17 123 436 368 80 0 0 0 8 66 150 350 356 93 1 0 0 30 68 106 139 365 297 19 
13 303 225 396 86 1 0 0 4 226 198 388 201 7 0 0 0 86 157 187 427 167 0 0 
6 83 63 87 39 15 17 714 0 85 58 84 47 19 16 715 0 48 66 65 67 42 12 724 
0 0 0 0 0 0 0 1024 0 0 0 0 0 0 0 1024 0 0 0 0 0 0 0 1024 
0 0 0 0 0 0 0 1024 0 0 0 0 0 0 0 1024 0 0 0 0 0 0 0 1024 
0 0 0 0 0 0 0 1024 0 0 0 0 0 0 0 1024 0 0 0 0 0 0 0 1024 
0 0 0 0 0 0 0 1024 0 0 0 0 0 0 0 1024 0 0 0 0 0 0 0 1024 
0 0 34 298 569 123 0 0 0 0 0 22 152 566 284 0 0 0 0 0 15 48 475 486 
6 52 131 562 269 4 0 0 0 11 91 214 295 405 8 0 0 0 2 95 224 169 354 180 
7 147 332 375 151 12 0 0 0 94 131 360 265 142 32 0 0 6 87 106 249 317 200 59 
19 178 184 214 105 15 19 290 0 141 151 204 168 50 17 293 0 37 135 137 214 157 47 297 
0 0 0 0 0 0 0 1024 0 0 0 0 0 0 0 1024 0 0 0 0 0 0 0 1024 
0 0 0 0 0 0 0 1024 0 0 0 0 0 0 0 1024 0 0 0 0 0 0 0 1024 
0 0 0 0 0 0 8 1016 0 0 0 0 0 0 0 1024 0 0 0 0 0 0 0 1024 
0 0 1 30 41 23 29 900 0 0 0 1 31 50 30 912 0 0 0 0 1 27 64 932 
0 4 30 249 674 67 0 0 0 0 4 30 145 638 206 1 0 0 0 3 8 87 491 435 
0 15 145 343 502 19 0 0 0 7 118 119 224 504 52 0 0 1 29 116 110 157 384 227 
10 49 101 280 419 165 0 0 0 21 70 127 236 361 208 1 0 3 19 54 139 166 380 263 
4 103 239 446 215 8 3 6 1 36 128 215 424 185 28 7 0 2 40 101 169 403 244 65 
3 47 229 253 80 41 52 319 0 20 70 155 257 124 47 351 0 1 27 76 131 221 182 386 
0 155 364 200 37 36 60 172 0 21 180 201 272 84 58 208 0 0 63 137 137 270 166 251 
1 125 403 327 34 35 60 39 0 31 130 239 370 129 54 71 0 0 55 107 200 299 259 104 
0 181 475 273 54 8 11 22 0 65 318 342 212 52 13 22 0 4 177 227 315 203 66 32 
0 1 33 272 589 129 0 0 0 0 1 33 180 582 228 0 0 0 0 0 12 90 530 392 
0 28 100 303 561 32 0 0 0 11 82 150 219 486 76 0 0 0 38 81 160 151 383 211 
0 5 102 271 530 116 0 0 0 0 39 145 223 376 241 0 0 0 2 51 138 191 316 326 
5 25 117 324 493 60 0 0 0 7 40 118 283 445 131 0 0 0 5 29 95 245 443 207 
3 169 356 327 146 23 0 0 0 112 240 259 318 85 10 0 0 11 163 230 218 296 95 11 
6 656 316 46 0 0 0 0 0 450 402 119 52 1 0 0 0 115 457 265 113 61 13 0 
1 843 158 22 0 0 0 0 1 640 285 49 49 0 0 0 0 220 507 196 43 45 13 0 
2 717 285 20 0 0 0 0 0 441 510 61 12 0 0 0 0 82 682 195 51 13 1 0 
1 223 407 222 163 8 0 0 0 102 357 243 163 133 26 0 0 7 167 294 220 137 157 42 
0 165 345 324 186 4 0 0 0 115 286 286 227 109 1 0 0 13 192 272 225 195 125 2 
0 11 158 285 521 49 0 0 0 2 89 177 274 384 98 0 0 0 15 114 171 215 368 141 
0 7 109 283 474 148 3 0 0 0 15 124 265 416 204 0 0 0 0 13 107 256 404 244 
1 137 279 332 254 21 0 0 0 127 229 231 270 149 18 0 0 38 167 223 234 218 127 17 
1 590 233 180 20 0 0 0 0 555 208 209 52 0 0 0 0 264 342 224 166 28 0 0 
0 973 49 2 0 0 0 0 0 963 60 1 0 0 0 0 0 690 304 30 0 0 0 0 
13 925 79 7 0 0 0 0 2 893 94 32 3 0 0 0 0 514 407 64 32 7 0 0 
4 264 229 280 237 10 0 0 0 228 202 184 312 98 0 0 0 37 276 143 184 344 40 0 
8 262 243 256 250 5 0 0 4 246 213 147 330 84 0 0 0 76 295 130 152 342 29 0 
4 181 214 260 359 6 0 0 0 148 223 167 384 102 0 0 0 28 214 175 238 359 10 0 
3 157 358 357 147 2 0 0 0 102 295 313 274 39 1 0 0 15 172 277 320 214 23 3 
3 486 315 175 42 3 0 0 8 450 272 222 65 7 0 0 0 264 303 242 167 46 2 0 
2 112 173 435 283 19 0 0 1 94 147 305 390 87 0 0 0 25 115 185 346 346 7 0 
4 261 116 256 333 54 0 0 4 245 96 196 312 170 1 0 0 145 145 112 210 339 73 0 
1 820 137 42 22 2 0 0 1 768 177 38 29 11 0 0 0 435 454 68 35 26 6 0 
7 510 246 95 161 5 0 0 2 441 297 64 171 49 0 0 0 111 391 257 97 148 20 0 
0 210 248 77 453 36 0 0 0 158 229 93 291 253 0 0 0 0 175 167 147 406 129 0 
0 61 273 465 223 2 0 0 0 41 141 376 449 17 0 0 0 0 62 151 437 363 11 0 
0 55 405 472 84 8 0 0 0 10 117 462 361 67 7 0 0 0 16 79 329 460 122 18 
9 417 313 249 35 1 0 0 2 311 356 230 115 10 0 0 0 109 419 206 215 70 5 0 
0 286 292 315 130 1 0 0 0 193 330 271 210 20 0 0 0 9 360 225 270 154 6 0 
0 139 194 490 200 1 0 0 0 94 189 245 474 22 0 0 0 8 174 130 338 360 14 0 
1 521 433 69 0 0 0 0 0 405 393 178 48 0 0 0 0 282 224 332 112 74 0 0 
0 19 540 449 16 0 0 0 0 0 126 694 201 3 0 0 0 0 0 99 656 269 0 0 
0 2 339 475 199 9 0 0 0 1 56 504 419 44 0 0 0 0 1 51 477 480 15 0 
1 241 267 268 245 2 0 0 0 173 250 207 328 66 0 0 0 7 237 204 251 261 64 0 
15 174 427 373 35 0 0 0 2 108 313 403 184 14 0 0 0 40 124 288 356 188 28 0 
13 472 361 173 5 0 0 0 11 388 370 241 14 0 0 0 0 128 446 267 178 5 0 0 
1 401 288 330 4 0 0 0 2 357 261 357 47 0 0 0 0 142 303 206 352 21 0 0 
6 420 297 294 7 0 0 0 1 361 247 334 81 0 0 0 0 218 227 218 330 31 0 0 
3 991 22 8 0 0 0 0 2 993 21 8 0 0 0 0 0 915 90 17 2 0 0 0 
5 103 379 396 141 0 0 0 0 83 129 470 324 18 0 0 0 1 80 124 377 429 13 0 
3 155 599 221 46 0 0 0 0 116 535 255 108 10 0 0 0 2 262 350 307 103 0 0 
1 132 510 293 86 2 0 0 1 109 375 376 159 4 0 0 0 3 228 280 389 124 0 0 
9 564 426 25 0 0 0 0 39 449 494 42 0 0 0 0 0 244 458 293 29 0 0 0 
21 907 94 2 0 0 0 0 218 698 102 6 0 0 0 0 0 832 142 48 2 0 0 0 
34 945 44 1 0 0 0 0 234 732 56 2 0 0 0 0 0 867 140 16 1 0 0 0 
2 1019 3 0 0 0 0 0 52 966 6 0 0 0 0 0 0 988 36 0 0 0 0 0 
26 744 120 104 30 0 0 0 4 694 146 118 56 6 0 0 0 592 224 109 83 16 0 0 
0 77 641 279 27 0 0 0 0 20 334 545 125 0 0 0 0 0 36 167 671 150 0 0 
0 53 475 427 68 1 0 0 0 27 311 539 142 5 0 0 0 0 127 254 563 80 0 0 
0 101 620 288 15 0 0 0 0 94 500 391 39 0 0 0 0 5 305 469 236 9 0 0 
4 771 247 2 0 0 0 0 13 743 265 3 0 0 0 0 0 248 714 62 0 0 0 0 
13 842 145 23 1 0 0 0 88 735 167 32 2 0 0 0 0 563 315 135 10 1 0 0 
11 684 264 65 0 0 0 0 48 605 281 84 6 0 0 0 0 430 317 223 54 0 0 0 
2 1022 0 0 0 0 0 0 6 1018 0 0 0 0 0 0 0 977 47 0 0 0 0 0 
19 716 156 100 31 2 0 0 9 599 237 123 52 4 0 0 0 457 352 125 78 12 0 0 
0 40 547 411 26 0 0 0 0 5 263 654 102 0 0 0 0 0 12 189 722 101 0 0 
1 91 498 395 39 0 0 0 0 51 453 423 96 1 0 0 0 9 274 434 296 11 0 0 
1 412 533 78 0 0 0 0 0 432 498 94 0 0 0 0 0 170 544 301 9 0 0 0 
16 719 287 2 0 0 0 0 61 672 285 6 0 0 0 0 0 474 449 100 1 0 0 0 
2 881 141 0 0 0 0 0 34 830 160 0 0 0 0 0 0 617 334 73 0 0 0 0 
2 962 60 0 0 0 0 0 2 953 69 0 0 0 0 0 0 578 415 31 0 0 0 0 
0 1024 0 0 0 0 0 0 0 1024 0 0 0 0 0 0 0 904 120 0 0 0 0 0 
0 868 108 47 0 1 0 0 0 859 108 50 6 1 0 0 0 598 345 69 11 1 0 0 
11 561 370 70 12 0 0 0 11 525 361 116 11 0 0 0 1 349 411 180 82 1 0 0 
0 362 563 96 3 0 0 0 0 334 556 130 4 0 0 0 0 121 602 257 44 0 0 0 
10 770 198 28 16 2 0 0 25 718 220 32 15 14 0 0 0 458 451 75 22 15 3 0 
51 847 99 21 5 1 0 0 164 708 117 27 7 1 0 0 0 771 155 72 19 7 0 0 
6 992 13 8 5 0 0 0 30 967 13 7 6 1 0 0 0 791 217 4 8 4 0 0 
0 1024 0 0 0 0 0 0 47 977 0 0 0 0 0 0 0 900 124 0 0 0 0 0 
1 1023 0 0 0 0 0 0 89 935 0 0 0 0 0 0 0 1024 0 0 0 0 0 0 
3 1002 15 4 0 0 0 0 31 974 16 3 0 0 0 0 0 992 25 5 2 0 0 0 
14 801 180 27 2 0 0 0 4 764 219 32 5 0 0 0 0 545 416 53 9 1 0 0 
30 432 196 197 136 33 0 0 0 359 220 121 176 128 20 0 0 176 345 132 170 147 53 1 
34 255 208 289 201 34 3 0 2 175 170 169 272 208 26 2 0 118 177 177 234 247 68 3 
97 642 229 50 6 0 0 0 221 441 215 115 27 5 0 0 2 552 274 154 36 6 0 0 
100 867 57 0 0 0 0 0 434 522 68 0 0 0 0 0 2 850 170 2 0 0 0 0 
41 930 53 0 0 0 0 0 196 704 124 0 0 0 0 0 2 809 211 2 0 0 0 0 
11 1012 1 0 0 0 0 0 199 824 1 0 0 0 0 0 0 996 28 0 0 0 0 0 
2 1022 0 0 0 0 0 0 36 988 0 0 0 0 0 0 0 1024 0 0 0 0 0 0 
14 869 122 19 0 0 0 0 5 851 136 29 3 0 0 0 0 161 808 49 6 0 0 0 
7 72 78 775 77 15 0 0 0 47 54 701 121 89 12 0 0 27 59 63 751 105 19 0 
14 63 86 780 71 10 0 0 0 25 59 725 130 77 8 0 0 19 62 72 771 89 11 0 
12 159 772 64 17 0 0 0 0 78 793 91 51 11 0 0 0 43 160 742 66 13 0 0 
24 864 84 36 14 2 0 0 9 166 765 44 28 10 2 0 0 120 803 51 32 14 4 0 
2 975 46 1 0 0 0 0 1 900 121 2 0 0 0 0 0 87 934 3 0 0 0 0 
4 999 21 0 0 0 0 0 7 992 25 0 0 0 0 0 0 889 134 1 0 0 0 0 
1 1020 3 0 0 0 0 0 5 1018 1 0 0 0 0 0 0 1007 17 0 0 0 0 0 
