252 133 55 24 15 16 31 498 240 85 81 56 25 44 420 73 202 61 48 63 71 84 423 72 
63 87 130 25 4 5 17 693 43 37 70 117 42 4 668 43 20 21 28 42 55 135 662 61 
29 101 125 35 12 12 7 703 15 22 76 117 69 20 655 50 10 5 8 34 75 122 722 48 
26 46 134 72 5 5 15 721 19 11 46 83 112 21 696 36 5 13 5 12 60 256 626 47 
14 35 140 85 11 14 1 724 11 1 38 82 121 45 688 38 1 6 4 11 39 279 629 55 
18 29 95 105 19 6 11 741 10 11 20 63 125 42 717 36 3 7 9 11 44 292 580 78 
17 32 103 78 17 5 19 753 9 9 28 48 100 62 739 29 0 7 8 12 36 308 591 62 
11 28 112 68 23 4 10 768 8 4 18 52 116 47 741 38 1 4 4 11 31 262 647 64 
8 17 95 84 8 9 6 797 5 3 5 47 110 49 777 28 0 5 3 6 15 247 689 59 
2 11 80 65 13 7 5 841 1 1 5 24 77 67 795 54 0 0 1 3 13 259 677 71 
0 6 50 18 4 0 15 931 0 1 1 29 40 7 870 76 0 1 2 1 14 348 645 13 
858 130 28 0 2 1 2 3 886 111 19 0 2 1 3 2 800 152 60 4 2 1 3 2 
687 170 63 16 8 7 6 67 698 152 68 21 5 8 14 58 570 166 131 56 17 10 13 61 
169 162 118 51 21 8 16 479 148 127 113 71 57 15 111 382 103 84 83 60 71 78 131 414 
126 184 135 53 17 12 9 488 109 134 118 86 66 10 94 407 50 86 93 68 96 76 206 349 
100 201 145 70 17 12 23 456 66 124 149 132 47 33 90 383 18 44 95 94 128 112 193 340 
88 177 165 97 34 18 26 419 26 79 132 178 106 53 53 397 5 14 48 73 119 164 237 364 
63 146 204 104 40 15 33 419 11 32 89 175 162 77 65 413 3 9 24 32 84 170 250 452 
88 159 174 97 39 24 27 416 31 44 93 139 132 104 69 412 9 17 37 43 73 133 240 472 
236 126 160 100 48 25 27 302 116 115 94 125 129 81 59 305 65 73 96 58 58 133 200 341 
633 120 103 56 43 15 12 42 339 294 111 83 76 44 35 42 176 219 217 109 61 77 67 98 
891 82 20 12 5 3 6 5 590 310 76 17 12 8 3 8 397 210 261 95 24 13 13 11 
1024 0 0 0 0 0 0 0 1024 0 0 0 0 0 0 0 1024 0 0 0 0 0 0 0 
1023 1 0 0 0 0 0 0 1023 1 0 0 0 0 0 0 1023 1 0 0 0 0 0 0 
922 69 33 0 0 0 0 0 933 60 31 0 0 0 0 0 906 61 45 12 0 0 0 0 
904 55 63 2 0 0 0 0 903 52 65 4 0 0 0 0 870 50 34 65 5 0 0 0 
877 80 34 1 6 4 4 18 849 85 53 5 6 5 4 17 805 71 54 58 9 5 4 18 
537 313 153 21 0 0 0 0 480 355 172 17 0 0 0 0 428 127 185 257 27 0 0 0 
440 312 221 48 3 0 0 0 392 284 284 61 3 0 0 0 329 135 162 294 98 6 0 0 
716 136 121 46 5 0 0 0 655 160 144 45 17 3 0 0 598 90 128 133 52 15 6 2 
577 338 91 17 1 0 0 0 502 392 113 16 1 0 0 0 365 127 397 119 15 1 0 0 
604 260 129 29 2 0 0 0 488 371 135 28 2 0 0 0 249 238 392 124 20 1 0 0 
703 304 15 2 0 0 0 0 372 620 30 1 1 0 0 0 22 342 629 30 1 0 0 0 
1019 5 0 0 0 0 0 0 1021 3 0 0 0 0 0 0 1021 3 0 0 0 0 0 0 
908 103 13 0 0 0 0 0 991 31 2 0 0 0 0 0 989 32 3 0 0 0 0 0 
634 131 120 121 18 0 0 0 709 161 139 13 2 0 0 0 694 154 148 24 4 0 0 0 
539 230 100 113 41 1 0 0 667 178 151 25 3 0 0 0 633 192 136 58 5 0 0 0 
557 154 121 120 69 3 0 0 645 161 161 55 1 1 0 0 602 160 162 97 1 2 0 0 
368 236 170 139 92 13 6 0 464 241 212 82 15 10 0 0 298 291 209 190 20 13 3 0 
252 374 191 123 68 8 8 0 278 424 218 82 11 9 2 0 170 261 304 247 29 8 5 0 
308 319 161 154 51 21 10 0 335 358 208 80 22 21 0 0 203 251 326 164 59 18 2 1 
407 333 176 91 9 7 1 0 456 392 148 15 10 3 0 0 218 397 320 71 11 6 1 0 
693 204 62 64 1 0 0 0 704 264 55 1 0 0 0 0 290 549 176 9 0 0 0 0 
751 155 67 50 1 0 0 0 782 215 27 0 0 0 0 0 242 723 58 1 0 0 0 0 
1018 3 1 2 0 0 0 0 1018 3 2 1 0 0 0 0 1018 3 1 2 0 0 0 0 
910 64 29 13 7 1 0 0 949 48 20 7 0 0 0 0 941 54 19 8 2 0 0 0 
350 97 96 86 175 198 17 5 407 123 94 219 155 23 3 0 334 159 104 190 200 31 6 0 
376 92 91 75 169 211 10 0 419 120 106 275 95 9 0 0 296 181 152 260 118 17 0 0 
401 155 60 59 107 229 13 0 458 142 65 236 113 10 0 0 197 308 151 221 128 19 0 0 
396 126 92 64 124 208 14 0 316 277 80 191 147 13 0 0 29 221 376 188 183 25 2 0 
361 141 81 74 105 220 41 1 194 341 112 194 143 39 1 0 28 107 293 337 186 71 2 0 
368 124 91 94 99 226 22 0 216 294 134 180 187 13 0 0 64 110 259 288 232 57 12 2 
537 136 69 49 59 133 40 1 366 324 95 102 118 18 1 0 238 96 229 288 142 27 4 0 
799 156 53 15 1 0 0 0 785 179 55 5 0 0 0 0 657 147 131 84 5 0 0 0 
880 42 33 15 40 13 1 0 910 36 54 21 3 0 0 0 890 55 60 17 2 0 0 0 
497 62 352 113 0 0 0 0 544 472 8 0 0 0 0 0 590 420 14 0 0 0 0 0 
142 87 612 181 2 0 0 0 208 792 23 1 0 0 0 0 376 621 27 0 0 0 0 0 
208 187 560 69 0 0 0 0 358 659 7 0 0 0 0 0 483 499 42 0 0 0 0 0 
194 119 617 90 4 0 0 0 329 665 30 0 0 0 0 0 531 404 89 0 0 0 0 0 
201 351 468 4 0 0 0 0 487 537 0 0 0 0 0 0 406 508 109 1 0 0 0 0 
198 185 590 51 0 0 0 0 447 572 5 0 0 0 0 0 578 316 129 1 0 0 0 0 
160 183 567 114 0 0 0 0 275 743 6 0 0 0 0 0 440 364 209 11 0 0 0 0 
149 129 276 455 15 0 0 0 112 882 30 0 0 0 0 0 456 302 240 26 0 0 0 0 
103 76 234 558 53 0 0 0 51 812 159 2 0 0 0 0 391 395 185 52 1 0 0 0 
81 99 61 557 226 0 0 0 66 566 390 2 0 0 0 0 340 459 181 43 1 0 0 0 
2 40 47 256 614 65 0 0 14 257 730 23 0 0 0 0 170 521 330 3 0 0 0 0 
872 96 56 0 0 0 0 0 955 69 0 0 0 0 0 0 1011 13 0 0 0 0 0 0 
377 578 69 0 0 0 0 0 986 38 0 0 0 0 0 0 1024 0 0 0 0 0 0 0 
385 629 10 0 0 0 0 0 1024 0 0 0 0 0 0 0 1024 0 0 0 0 0 0 0 
602 405 17 0 0 0 0 0 1024 0 0 0 0 0 0 0 1024 0 0 0 0 0 0 0 
566 310 148 0 0 0 0 0 1024 0 0 0 0 0 0 0 1024 0 0 0 0 0 0 0 
481 471 72 0 0 0 0 0 1024 0 0 0 0 0 0 0 1024 0 0 0 0 0 0 0 
383 554 87 0 0 0 0 0 1024 0 0 0 0 0 0 0 1024 0 0 0 0 0 0 0 
235 597 192 0 0 0 0 0 939 85 0 0 0 0 0 0 1024 0 0 0 0 0 0 0 
31 667 316 10 0 0 0 0 805 219 0 0 0 0 0 0 1024 0 0 0 0 0 0 0 
0 536 324 164 0 0 0 0 667 357 0 0 0 0 0 0 1024 0 0 0 0 0 0 0 
2 278 367 306 9 7 14 41 449 478 27 6 8 12 25 19 920 21 18 6 9 27 6 17 
1024 0 0 0 0 0 0 0 1024 0 0 0 0 0 0 0 1024 0 0 0 0 0 0 0 
1024 0 0 0 0 0 0 0 1024 0 0 0 0 0 0 0 1024 0 0 0 0 0 0 0 
1024 0 0 0 0 0 0 0 1024 0 0 0 0 0 0 0 1024 0 0 0 0 0 0 0 
1024 0 0 0 0 0 0 0 1024 0 0 0 0 0 0 0 1024 0 0 0 0 0 0 0 
1024 0 0 0 0 0 0 0 1024 0 0 0 0 0 0 0 1024 0 0 0 0 0 0 0 
1024 0 0 0 0 0 0 0 1024 0 0 0 0 0 0 0 1024 0 0 0 0 0 0 0 
1024 0 0 0 0 0 0 0 1024 0 0 0 0 0 0 0 1024 0 0 0 0 0 0 0 
1024 0 0 0 0 0 0 0 1024 0 0 0 0 0 0 0 1024 0 0 0 0 0 0 0 
945 79 0 0 0 0 0 0 1024 0 0 0 0 0 0 0 1024 0 0 0 0 0 0 0 
0 1024 0 0 0 0 0 0 1024 0 0 0 0 0 0 0 1024 0 0 0 0 0 0 0 
3 977 17 4 7 5 4 7 982 15 3 8 5 4 4 3 994 3 6 6 4 5 4 2 
