26 79 39 29 34 65 751 1 58 87 38 784 16 27 13 1 91 843 17 15 21 19 17 1 
6 105 47 74 108 301 346 37 28 128 40 206 113 253 240 16 91 206 53 56 102 233 260 23 
20 72 36 43 121 335 377 20 25 93 33 203 106 255 295 14 57 220 40 48 89 155 367 48 
9 30 12 26 89 316 532 10 20 24 13 440 101 207 212 7 38 393 36 55 77 118 284 23 
0 0 2 4 26 191 797 4 0 0 4 769 43 107 101 0 0 733 42 23 20 47 154 5 
0 0 0 0 0 19 1003 2 0 0 0 1014 6 3 1 0 0 1007 9 2 4 2 0 0 
0 0 0 0 0 0 1024 0 0 0 0 1024 0 0 0 0 0 1024 0 0 0 0 0 0 
0 0 0 0 0 0 1024 0 0 0 0 1024 0 0 0 0 0 1024 0 0 0 0 0 0 
0 0 0 0 0 0 1024 0 0 0 0 1024 0 0 0 0 0 1024 0 0 0 0 0 0 
0 0 0 0 0 0 1024 0 0 0 0 1024 0 0 0 0 0 1024 0 0 0 0 0 0 
0 0 15 79 219 358 332 21 0 0 16 280 242 321 165 0 2 175 47 86 214 286 212 2 
6 61 52 72 194 288 300 51 14 78 25 256 208 262 156 25 35 205 62 77 175 239 192 39 
0 59 51 44 108 252 384 126 0 102 28 383 143 219 148 1 42 385 74 69 96 205 151 2 
3 111 72 43 74 95 394 232 11 176 30 534 146 68 57 2 86 642 69 36 63 65 57 6 
5 108 56 39 76 194 355 191 7 158 32 301 148 156 200 22 72 406 70 30 69 142 193 42 
8 47 44 29 63 318 410 105 6 94 17 205 138 251 278 35 47 246 71 33 79 168 325 55 
5 22 14 11 48 291 615 18 10 29 9 479 81 206 207 3 24 453 57 30 49 126 253 32 
0 0 0 0 7 117 770 130 0 0 0 788 84 74 76 2 0 786 55 17 26 37 89 14 
0 0 0 0 0 0 501 523 0 0 0 857 167 0 0 0 0 1020 4 0 0 0 0 0 
0 0 0 0 0 0 334 690 0 0 0 838 186 0 0 0 0 1024 0 0 0 0 0 0 
57 186 40 27 35 46 54 579 85 199 30 28 640 26 16 0 160 225 566 11 18 26 17 1 
8 88 24 69 208 311 139 177 22 82 16 74 409 312 109 0 36 88 195 70 178 287 170 0 
22 154 32 81 218 298 123 96 41 160 22 67 316 304 114 0 79 149 113 44 175 304 158 2 
22 160 65 94 170 236 153 124 50 170 27 126 334 200 117 0 116 173 153 100 152 179 148 3 
17 87 83 70 138 160 210 259 31 147 30 91 452 156 104 13 71 340 130 85 117 162 99 20 
0 101 88 35 72 135 228 365 1 186 28 60 460 140 128 21 64 340 221 41 82 148 115 13 
4 78 137 41 35 95 246 388 12 216 37 80 489 94 84 12 80 343 352 48 43 95 55 8 
5 173 128 53 67 189 265 144 34 276 46 60 207 178 204 19 149 221 176 38 58 148 193 41 
3 80 69 33 58 238 331 212 18 140 28 51 356 209 212 10 92 211 185 57 71 174 201 33 
0 24 25 15 36 183 215 526 3 52 9 13 630 199 113 5 21 349 272 42 47 153 123 17 
0 111 32 11 5 11 14 840 2 144 10 13 617 238 0 0 70 89 843 22 0 0 0 0 
0 59 18 56 107 204 109 471 4 69 13 54 462 373 49 0 7 67 442 86 140 219 63 0 
0 233 54 64 115 169 76 313 8 270 29 60 342 286 29 0 88 216 328 58 105 170 59 0 
0 217 101 24 28 46 82 526 3 310 25 28 426 207 25 0 87 245 529 68 27 39 29 0 
11 238 69 26 79 120 124 357 17 303 13 33 374 222 62 0 100 239 352 71 75 117 69 1 
38 233 79 46 107 145 183 193 66 269 37 38 267 204 140 3 174 180 191 84 93 161 132 9 
36 189 68 54 104 215 222 136 84 200 32 46 255 250 150 7 154 143 138 103 130 191 153 12 
85 266 104 66 98 144 150 111 168 290 37 53 239 163 71 3 291 184 139 110 97 133 66 4 
60 224 116 77 109 165 167 106 103 304 42 59 268 179 68 1 245 191 152 97 126 161 50 2 
33 208 127 100 118 153 224 61 65 346 61 74 239 177 60 2 257 192 115 144 150 122 43 1 
1 194 46 4 7 7 22 743 45 190 9 9 17 739 15 0 154 86 133 642 9 0 0 0 
0 1 13 70 205 220 52 463 0 3 16 70 214 669 52 0 0 2 89 419 230 263 21 0 
3 272 38 42 133 214 58 264 28 274 22 45 112 466 77 0 99 218 79 235 72 210 110 1 
8 281 82 11 19 77 67 479 54 290 32 29 39 512 68 0 192 164 147 350 70 66 35 0 
1 269 41 36 61 135 102 379 39 284 14 18 73 515 79 2 156 181 124 239 82 157 85 0 
10 334 84 25 83 160 92 236 75 335 32 27 82 410 62 1 260 162 101 167 96 159 75 4 
21 327 68 49 122 200 116 121 77 330 31 35 121 325 103 2 179 239 65 95 107 226 110 3 
59 474 76 80 59 92 120 64 215 397 30 57 90 171 64 0 411 214 31 103 91 121 52 1 
144 470 61 71 119 135 24 0 287 353 46 62 129 135 12 0 452 189 49 58 133 129 14 0 
643 273 19 17 34 29 9 0 728 191 17 20 37 26 5 0 774 146 17 18 39 26 4 0 
0 246 38 11 20 24 28 657 63 211 16 14 41 40 639 0 149 132 18 181 486 53 4 1 
7 36 46 74 182 220 91 368 12 60 28 60 193 249 414 8 29 49 23 122 434 264 89 14 
33 298 40 61 187 235 31 139 82 262 31 48 178 208 162 53 151 195 30 74 241 205 59 69 
37 379 127 102 102 75 76 126 140 295 145 76 101 120 144 3 203 263 109 121 169 85 58 16 
110 305 61 76 185 105 70 112 244 186 58 69 172 162 125 8 328 95 60 95 216 153 68 9 
305 345 68 112 76 57 28 33 497 195 75 71 76 84 25 1 564 152 51 59 117 58 21 2 
483 407 49 29 34 22 0 0 727 176 41 23 37 20 0 0 768 142 34 21 32 26 1 0 
583 346 17 12 17 39 8 2 835 100 14 6 24 37 7 1 884 51 14 6 22 38 8 1 
785 190 11 7 10 14 7 0 913 64 11 5 12 14 5 0 943 35 10 5 13 13 5 0 
808 202 14 0 0 0 0 0 828 194 2 0 0 0 0 0 837 187 0 0 0 0 0 0 
79 308 209 128 108 102 79 11 205 261 179 127 152 59 27 14 204 204 236 193 67 64 24 32 
83 206 173 145 221 180 15 1 157 223 133 94 200 193 22 2 219 197 98 86 165 211 43 5 
87 295 161 94 257 117 11 2 228 256 74 79 225 148 11 3 278 220 67 62 171 198 21 7 
178 454 191 69 46 54 28 4 388 362 108 33 48 54 29 2 514 252 90 30 43 49 39 7 
335 458 198 17 4 7 3 2 596 376 26 11 3 7 3 2 812 172 20 5 2 6 6 1 
502 353 165 4 0 0 0 0 679 331 13 1 0 0 0 0 924 92 8 0 0 0 0 0 
523 419 82 0 0 0 0 0 685 339 0 0 0 0 0 0 991 33 0 0 0 0 0 0 
503 480 41 0 0 0 0 0 645 379 0 0 0 0 0 0 981 43 0 0 0 0 0 0 
467 417 112 24 4 0 0 0 626 332 59 6 1 0 0 0 859 121 39 4 1 0 0 0 
427 597 0 0 0 0 0 0 738 286 0 0 0 0 0 0 997 27 0 0 0 0 0 0 
6 25 19 25 713 236 0 0 24 14 24 32 925 5 0 0 26 18 24 561 395 0 0 0 
0 13 16 11 581 403 0 0 0 18 14 12 977 3 0 0 3 22 9 12 978 0 0 0 
0 44 35 16 580 349 0 0 0 76 5 21 908 14 0 0 16 61 10 532 405 0 0 0 
0 18 102 13 630 261 0 0 3 107 14 524 374 2 0 0 22 96 8 527 371 0 0 0 
0 7 146 7 708 156 0 0 0 142 18 515 349 0 0 0 42 107 11 530 334 0 0 0 
0 40 120 557 215 92 0 0 0 142 18 568 296 0 0 0 98 62 8 582 274 0 0 0 
0 47 128 535 279 35 0 0 0 145 39 552 288 0 0 0 107 53 32 557 275 0 0 0 
0 64 80 554 324 2 0 0 0 136 10 582 296 0 0 0 107 30 31 583 273 0 0 0 
22 100 62 585 253 2 0 0 40 111 42 644 187 0 0 0 98 71 546 220 89 0 0 0 
0 66 38 610 310 0 0 0 5 79 59 768 113 0 0 0 54 43 64 842 21 0 0 0 
