0 0 0 0 736 288 0 0 0 0 0 0 1024 0 0 0 0 0 0 1024 0 0 0 0 
0 0 0 0 119 905 0 0 0 0 0 0 856 168 0 0 0 0 0 874 150 0 0 0 
0 0 0 0 1 1023 0 0 0 0 0 0 21 1003 0 0 0 0 0 47 977 0 0 0 
0 0 0 0 0 1024 0 0 0 0 0 0 0 1024 0 0 0 0 0 0 1024 0 0 0 
0 0 0 0 0 1024 0 0 0 0 0 0 0 1024 0 0 0 0 0 0 1024 0 0 0 
0 0 0 0 0 1024 0 0 0 0 0 0 0 1024 0 0 0 0 0 0 1024 0 0 0 
0 0 0 0 0 1010 14 0 0 0 0 0 0 1024 0 0 0 0 0 0 1024 0 0 0 
0 0 0 0 0 952 72 0 0 0 0 0 0 1020 4 0 0 0 0 0 991 33 0 0 
0 0 0 0 0 932 92 0 0 0 0 0 0 1024 0 0 0 0 0 0 1010 14 0 0 
0 0 0 0 0 720 304 0 0 0 0 0 0 1005 19 0 0 0 0 0 966 58 0 0 
0 0 0 0 0 176 848 0 0 0 0 0 0 719 305 0 0 0 0 0 353 671 0 0 
0 0 0 0 0 84 940 0 0 0 0 0 0 611 413 0 0 0 0 0 383 641 0 0 
0 0 0 0 0 82 942 0 0 0 0 0 0 539 485 0 0 0 0 0 412 612 0 0 
0 0 0 0 0 36 988 0 0 0 0 0 0 476 548 0 0 0 0 0 278 746 0 0 
0 0 0 0 0 1 1023 0 0 0 0 0 0 329 695 0 0 0 0 0 193 831 0 0 
0 0 0 0 0 25 999 0 0 0 0 0 0 414 610 0 0 0 0 0 204 820 0 0 
0 0 0 0 0 3 1021 0 0 0 0 0 0 532 492 0 0 0 0 0 185 839 0 0 
0 0 0 0 0 6 1018 0 0 0 0 0 0 305 719 0 0 0 0 0 77 947 0 0 
0 0 0 0 0 1 1022 1 0 0 0 0 0 178 846 0 0 0 0 0 70 954 0 0 
0 0 0 0 0 0 1024 0 0 0 0 0 0 37 987 0 0 0 0 0 69 955 0 0 
0 0 0 0 0 0 965 59 0 0 0 0 0 0 1024 0 0 0 0 0 0 1024 0 0 
0 0 0 0 0 0 1024 0 0 0 0 0 0 0 1024 0 0 0 0 0 0 1024 0 0 
0 0 0 0 0 0 594 430 0 0 0 0 0 0 1024 0 0 0 0 0 0 795 229 0 
0 0 0 0 0 0 50 974 0 0 0 0 0 0 1024 0 0 0 0 0 0 112 912 0 
0 0 0 0 0 0 3 1021 0 0 0 0 0 0 956 68 0 0 0 0 0 0 1024 0 
0 0 0 0 0 0 0 1024 0 0 0 0 0 0 719 305 0 0 0 0 0 0 1006 18 
0 0 0 0 0 0 0 1024 0 0 0 0 0 0 310 714 0 0 0 0 0 1 974 49 
0 0 0 0 0 0 0 1024 0 0 0 0 0 0 1 1023 0 0 0 0 0 0 712 312 
0 0 0 0 0 0 0 1024 0 0 0 0 0 0 50 974 0 0 0 0 0 0 306 718 
0 0 0 0 0 0 0 1024 0 0 0 0 0 0 0 1024 0 0 0 0 0 0 17 1007 
0 0 0 0 0 0 0 1024 0 0 0 0 0 0 7 1017 0 0 0 0 0 0 401 623 
0 0 0 0 0 0 0 1024 0 0 0 0 0 0 486 538 0 0 0 0 0 0 1024 0 
0 0 0 0 0 0 0 1024 0 0 0 0 0 0 741 283 0 0 0 0 0 0 1024 0 
0 0 0 0 0 0 0 1024 0 0 0 0 0 0 690 334 0 0 0 0 0 2 1022 0 
0 0 0 0 0 0 0 1024 0 0 0 0 0 0 352 672 0 0 0 0 0 0 1024 0 
0 0 0 0 0 0 0 1024 0 0 0 0 0 0 0 1024 0 0 0 0 0 0 1024 0 
0 0 0 0 0 0 0 1024 0 0 0 0 0 0 2 1022 0 0 0 0 0 0 1024 0 
0 0 0 0 0 0 0 1024 0 0 0 0 0 0 524 500 0 0 0 0 0 0 1024 0 
0 0 0 0 0 0 0 1024 0 0 0 0 0 0 874 150 0 0 0 0 0 0 1024 0 
0 0 0 0 0 0 0 1024 0 0 0 0 0 0 194 830 0 0 0 0 0 0 1024 0 
0 0 0 0 0 0 0 1024 0 0 0 0 0 0 756 268 0 0 0 0 0 8 1016 0 
0 0 0 0 0 0 218 806 0 0 0 0 0 0 1024 0 0 0 0 0 0 322 702 0 
0 0 0 0 0 0 884 140 0 0 0 0 0 0 1024 0 0 0 0 0 0 1024 0 0 
0 0 0 0 0 143 881 0 0 0 0 0 0 334 690 0 0 0 0 0 164 860 0 0 
0 0 0 0 0 850 174 0 0 0 0 0 0 968 56 0 0 0 0 0 891 133 0 0 
0 0 0 0 0 1024 0 0 0 0 0 0 0 1024 0 0 0 0 0 0 1024 0 0 0 
0 0 0 0 0 1024 0 0 0 0 0 0 0 1024 0 0 0 0 0 0 1024 0 0 0 
0 0 0 0 0 1023 1 0 0 0 0 0 0 1024 0 0 0 0 0 0 1018 6 0 0 
0 0 0 0 546 478 0 0 0 0 0 0 993 31 0 0 0 0 0 942 82 0 0 0 
0 0 0 0 433 591 0 0 0 0 0 0 880 144 0 0 0 0 0 745 279 0 0 0 
0 0 0 0 93 931 0 0 0 0 0 0 218 806 0 0 0 0 0 141 883 0 0 0 
0 0 0 0 0 1024 0 0 0 0 0 0 0 1024 0 0 0 0 0 0 1024 0 0 0 
0 0 0 0 1 1023 0 0 0 0 0 0 0 1024 0 0 0 0 0 0 1024 0 0 0 
0 0 0 0 0 1024 0 0 0 0 0 0 0 1024 0 0 0 0 0 0 1024 0 0 0 
0 0 0 0 0 1024 0 0 0 0 0 0 0 1024 0 0 0 0 0 0 1024 0 0 0 
0 0 0 0 0 1024 0 0 0 0 0 0 0 1024 0 0 0 0 0 0 1024 0 0 0 
0 0 0 0 0 1024 0 0 0 0 0 0 0 1024 0 0 0 0 0 0 1024 0 0 0 
0 0 0 0 0 1024 0 0 0 0 0 0 0 1024 0 0 0 0 0 0 1024 0 0 0 
0 0 0 0 0 731 293 0 0 0 0 0 0 1016 8 0 0 0 0 0 904 120 0 0 
0 0 0 0 0 127 897 0 0 0 0 0 0 596 428 0 0 0 0 0 107 917 0 0 
0 0 0 0 0 381 643 0 0 0 0 0 0 838 186 0 0 0 0 0 520 504 0 0 
0 0 0 0 0 495 529 0 0 0 0 0 0 1000 24 0 0 0 0 0 938 86 0 0 
0 0 0 0 0 355 669 0 0 0 0 0 0 956 68 0 0 0 0 0 728 296 0 0 
0 0 0 0 0 237 787 0 0 0 0 0 0 839 185 0 0 0 0 0 487 537 0 0 
0 0 0 0 0 55 969 0 0 0 0 0 0 455 569 0 0 0 0 0 229 795 0 0 
0 0 0 0 0 11 1013 0 0 0 0 0 0 422 602 0 0 0 0 0 76 948 0 0 
0 0 0 0 0 1 1023 0 0 0 0 0 0 378 646 0 0 0 0 0 89 935 0 0 
0 0 0 0 0 0 1024 0 0 0 0 0 0 166 858 0 0 0 0 0 62 962 0 0 
0 0 0 0 0 0 1024 0 0 0 0 0 0 0 1024 0 0 0 0 0 0 1024 0 0 
0 0 0 0 0 0 1024 0 0 0 0 0 0 0 1024 0 0 0 0 0 0 1024 0 0 
0 0 0 0 0 0 739 285 0 0 0 0 0 0 1015 9 0 0 0 0 0 799 225 0 
0 0 0 0 0 0 11 1013 0 0 0 0 0 0 719 305 0 0 0 0 0 0 960 64 
0 0 0 0 0 0 0 1024 0 0 0 0 0 0 110 914 0 0 0 0 0 0 678 346 
0 0 0 0 0 0 0 1024 0 0 0 0 0 0 0 1024 0 0 0 0 0 0 282 742 
0 0 0 0 0 0 0 1024 0 0 0 0 0 0 0 1024 0 0 0 0 0 0 290 734 
0 0 0 0 0 0 0 1024 0 0 0 0 0 0 407 617 0 0 0 0 0 0 971 53 
0 0 0 0 0 0 41 983 0 0 0 0 0 0 970 54 0 0 0 0 0 149 875 0 
0 0 0 0 0 0 103 921 0 0 0 0 0 0 768 256 0 0 0 0 0 264 708 52 
0 0 0 0 0 0 3 1021 0 0 0 0 0 0 754 270 0 0 0 0 0 278 744 2 
0 0 0 0 0 0 4 1020 0 0 0 0 0 0 1014 10 0 0 0 0 0 99 925 0 
0 0 0 0 0 0 0 1024 0 0 0 0 0 0 1024 0 0 0 0 0 0 65 959 0 
0 0 0 0 0 0 1 1023 0 0 0 0 0 0 1024 0 0 0 0 0 0 245 779 0 
0 0 0 0 0 0 78 946 0 0 0 0 0 0 1019 5 0 0 0 0 0 436 588 0 
0 0 0 0 0 0 65 959 0 0 0 0 0 0 673 351 0 0 0 0 0 348 676 0 
0 0 0 0 0 0 12 1012 0 0 0 0 0 0 387 637 0 0 0 0 0 110 914 0 
0 0 0 0 0 0 0 1024 0 0 0 0 0 0 132 892 0 0 0 0 0 0 1024 0 
0 0 0 0 0 0 0 1024 0 0 0 0 0 0 997 27 0 0 0 0 0 0 1024 0 
0 0 0 0 0 0 418 606 0 0 0 0 0 0 1024 0 0 0 0 0 0 564 460 0 
0 0 0 0 0 0 720 304 0 0 0 0 0 0 1024 0 0 0 0 0 0 766 258 0 
0 0 0 0 0 18 896 110 0 0 0 0 0 32 992 0 0 0 0 0 2 933 89 0 
0 0 0 0 0 382 642 0 0 0 0 0 0 502 522 0 0 0 0 0 339 685 0 0 
0 0 0 0 0 740 284 0 0 0 0 0 0 859 165 0 0 0 0 0 715 309 0 0 
0 0 0 0 0 1005 19 0 0 0 0 0 0 1020 4 0 0 0 0 0 781 243 0 0 
0 0 0 0 0 1023 1 0 0 0 0 0 0 1024 0 0 0 0 0 0 958 66 0 0 
0 0 0 0 3 1021 0 0 0 0 0 0 0 1024 0 0 0 0 0 0 1024 0 0 0 
0 0 0 0 149 875 0 0 0 0 0 0 108 916 0 0 0 0 0 4 1017 3 0 0 
0 0 0 0 391 633 0 0 0 0 0 0 885 139 0 0 0 0 0 584 440 0 0 0 
0 0 0 0 123 901 0 0 0 0 0 0 626 398 0 0 0 0 0 256 768 0 0 0 
0 0 0 0 37 987 0 0 0 0 0 0 97 927 0 0 0 0 0 22 1002 0 0 0 
0 0 0 0 0 1024 0 0 0 0 0 0 3 1021 0 0 0 0 0 0 1024 0 0 0 
0 0 0 0 0 1024 0 0 0 0 0 0 0 1024 0 0 0 0 0 0 1024 0 0 0 
0 0 0 0 0 1024 0 0 0 0 0 0 0 1024 0 0 0 0 0 0 1024 0 0 0 
0 0 0 0 0 1024 0 0 0 0 0 0 0 1024 0 0 0 0 0 0 1024 0 0 0 
0 0 0 0 0 1024 0 0 0 0 0 0 0 1024 0 0 0 0 0 0 1024 0 0 0 
0 0 0 0 0 1024 0 0 0 0 0 0 0 1024 0 0 0 0 0 0 1024 0 0 0 
0 0 0 0 0 1024 0 0 0 0 0 0 0 1024 0 0 0 0 0 0 1024 0 0 0 
0 0 0 0 0 1004 20 0 0 0 0 0 0 1024 0 0 0 0 0 0 992 32 0 0 
0 0 0 0 0 788 236 0 0 0 0 0 0 975 49 0 0 0 0 0 234 790 0 0 
0 0 0 0 0 878 146 0 0 0 0 0 0 1003 21 0 0 0 0 0 766 258 0 0 
0 0 0 0 0 678 346 0 0 0 0 0 0 997 27 0 0 0 0 0 813 211 0 0 
0 0 0 0 0 241 783 0 0 0 0 0 0 802 222 0 0 0 0 0 325 699 0 0 
0 0 0 0 0 118 906 0 0 0 0 0 0 408 616 0 0 0 0 0 143 881 0 0 
0 0 0 0 0 0 1024 0 0 0 0 0 0 0 1024 0 0 0 0 0 0 1024 0 0 
0 0 0 0 0 0 1015 9 0 0 0 0 0 76 947 1 0 0 0 0 1 1015 8 0 
0 0 0 0 0 3 1021 0 0 0 0 0 0 109 915 0 0 0 0 0 5 1019 0 0 
0 0 0 0 0 0 1024 0 0 0 0 0 0 21 1003 0 0 0 0 0 0 1024 0 0 
0 0 0 0 0 0 1024 0 0 0 0 0 0 5 1019 0 0 0 0 0 0 1024 0 0 
0 0 0 0 0 0 1024 0 0 0 0 0 0 0 1024 0 0 0 0 0 0 1024 0 0 
0 0 0 0 0 0 613 411 0 0 0 0 0 0 983 41 0 0 0 0 0 613 411 0 
0 0 0 0 0 0 2 1022 0 0 0 0 0 0 13 1011 0 0 0 0 0 0 297 727 
0 0 0 0 0 0 0 1024 0 0 0 0 0 0 3 1021 0 0 0 0 0 0 458 566 
0 0 0 0 0 0 9 1015 0 0 0 0 0 0 484 540 0 0 0 0 0 0 995 29 
0 0 0 0 0 0 90 934 0 0 0 0 0 0 836 188 0 0 0 0 0 5 1019 0 
0 0 0 0 0 0 321 703 0 0 0 0 0 0 1020 4 0 0 0 0 0 271 753 0 
0 0 0 0 0 0 521 503 0 0 0 0 0 0 1024 0 0 0 0 0 0 987 37 0 
0 0 0 0 0 0 357 667 0 0 0 0 0 0 1024 0 0 0 0 0 0 898 126 0 
0 0 0 0 0 0 494 530 0 0 0 0 0 0 1024 0 0 0 0 0 0 1024 0 0 
0 0 0 0 0 0 612 412 0 0 0 0 0 0 1024 0 0 0 0 0 0 1019 5 0 
0 0 0 0 0 0 468 556 0 0 0 0 0 0 1024 0 0 0 0 0 0 980 44 0 
0 0 0 0 0 0 537 487 0 0 0 0 0 0 1024 0 0 0 0 0 0 1022 2 0 
0 0 0 0 0 0 745 279 0 0 0 0 0 0 1024 0 0 0 0 0 0 1024 0 0 
0 0 0 0 0 0 718 306 0 0 0 0 0 0 1024 0 0 0 0 0 0 1024 0 0 
0 0 0 0 0 0 330 694 0 0 0 0 0 0 1006 18 0 0 0 0 0 677 347 0 
0 0 0 0 0 0 0 1024 0 0 0 0 0 0 79 945 0 0 0 0 0 0 1024 0 
0 0 0 0 0 0 0 1024 0 0 0 0 0 0 320 704 0 0 0 0 0 0 1024 0 
0 0 0 0 0 0 345 679 0 0 0 0 0 0 1012 12 0 0 0 0 0 491 533 0 
0 0 0 0 0 0 792 232 0 0 0 0 0 0 1024 0 0 0 0 0 0 897 127 0 
0 0 0 0 0 11 986 27 0 0 0 0 0 43 981 0 0 0 0 0 0 1020 4 0 
0 0 0 0 0 704 320 0 0 0 0 0 0 936 88 0 0 0 0 0 764 260 0 0 
0 0 0 0 0 1024 0 0 0 0 0 0 0 1024 0 0 0 0 0 0 1024 0 0 0 
0 0 0 0 0 1014 10 0 0 0 0 0 0 1014 10 0 0 0 0 0 453 571 0 0 
0 0 0 0 0 1024 0 0 0 0 0 0 0 1024 0 0 0 0 0 0 818 206 0 0 
0 0 0 0 452 572 0 0 0 0 0 0 190 834 0 0 0 0 0 9 1015 0 0 0 
0 0 0 0 1004 20 0 0 0 0 0 0 1013 11 0 0 0 0 0 437 587 0 0 0 
0 0 0 0 642 382 0 0 0 0 0 0 939 85 0 0 0 0 0 792 232 0 0 0 
0 0 0 0 377 647 0 0 0 0 0 0 809 215 0 0 0 0 0 334 690 0 0 0 
0 0 0 0 98 926 0 0 0 0 0 0 351 673 0 0 0 0 0 74 950 0 0 0 
0 0 0 0 0 1024 0 0 0 0 0 0 3 1021 0 0 0 0 0 0 1024 0 0 0 
0 0 0 0 0 1024 0 0 0 0 0 0 0 1024 0 0 0 0 0 0 1017 7 0 0 
0 0 0 0 0 1024 0 0 0 0 0 0 0 1024 0 0 0 0 0 0 1024 0 0 0 
0 0 0 0 0 1024 0 0 0 0 0 0 0 1024 0 0 0 0 0 0 1018 6 0 0 
0 0 0 0 0 1024 0 0 0 0 0 0 0 1024 0 0 0 0 0 0 914 110 0 0 
0 0 0 0 0 1015 9 0 0 0 0 0 0 1024 0 0 0 0 0 0 893 131 0 0 
0 0 0 0 0 1024 0 0 0 0 0 0 0 1024 0 0 0 0 0 0 973 51 0 0 
0 0 0 0 0 1023 1 0 0 0 0 0 0 1024 0 0 0 0 0 0 1024 0 0 0 
0 0 0 0 0 1008 16 0 0 0 0 0 0 1023 1 0 0 0 0 0 987 37 0 0 
0 0 0 0 0 868 156 0 0 0 0 0 0 1021 3 0 0 0 0 0 787 237 0 0 
0 0 0 0 0 918 106 0 0 0 0 0 0 1011 13 0 0 0 0 0 920 104 0 0 
0 0 0 0 0 474 550 0 0 0 0 0 0 916 108 0 0 0 0 0 637 387 0 0 
0 0 0 0 0 6 1018 0 0 0 0 0 0 211 813 0 0 0 0 0 1 1023 0 0 
0 0 0 0 0 0 1015 9 0 0 0 0 0 0 1024 0 0 0 0 0 0 1013 11 0 
0 0 0 0 0 0 991 33 0 0 0 0 0 0 1024 0 0 0 0 0 0 924 100 0 
0 0 0 0 0 0 1021 3 0 0 0 0 0 0 1024 0 0 0 0 0 0 1016 8 0 
0 0 0 0 0 0 1024 0 0 0 0 0 0 1 1023 0 0 0 0 0 0 1024 0 0 
0 0 0 0 0 0 1019 5 0 0 0 0 0 0 1024 0 0 0 0 0 0 1020 4 0 
0 0 0 0 0 0 820 204 0 0 0 0 0 0 1022 2 0 0 0 0 0 835 189 0 
0 0 0 0 0 0 330 694 0 0 0 0 0 0 867 157 0 0 0 0 0 310 714 0 
0 0 0 0 0 0 0 1024 0 0 0 0 0 0 160 864 0 0 0 0 0 0 808 216 
0 0 0 0 0 0 3 1021 0 0 0 0 0 0 652 372 0 0 0 0 0 0 1024 0 
0 0 0 0 0 0 154 870 0 0 0 0 0 0 997 27 0 0 0 0 0 121 903 0 
0 0 0 0 0 0 203 821 0 0 0 0 0 0 1024 0 0 0 0 0 0 290 734 0 
0 0 0 0 0 0 519 505 0 0 0 0 0 0 1024 0 0 0 0 0 0 901 123 0 
0 0 0 0 0 0 993 31 0 0 0 0 0 0 1024 0 0 0 0 0 0 1024 0 0 
0 0 0 0 0 0 1024 0 0 0 0 0 0 13 1011 0 0 0 0 0 1 1023 0 0 
0 0 0 0 0 0 1021 3 0 0 0 0 0 24 1000 0 0 0 0 0 9 1015 0 0 
0 0 0 0 0 0 1023 1 0 0 0 0 0 46 978 0 0 0 0 0 89 935 0 0 
0 0 0 0 0 0 1024 0 0 0 0 0 0 126 898 0 0 0 0 0 120 904 0 0 
0 0 0 0 0 0 1024 0 0 0 0 0 0 6 1018 0 0 0 0 0 17 1007 0 0 
0 0 0 0 0 0 716 308 0 0 0 0 0 0 1024 0 0 0 0 0 1 1023 0 0 
0 0 0 0 0 0 500 524 0 0 0 0 0 0 1024 0 0 0 0 0 0 1024 0 0 
0 0 0 0 0 0 301 723 0 0 0 0 0 1 1023 0 0 0 0 0 0 825 199 0 
0 0 0 0 0 0 35 989 0 0 0 0 0 0 889 135 0 0 0 0 0 450 574 0 
0 0 0 0 0 0 167 857 0 0 0 0 0 0 907 117 0 0 0 0 0 538 486 0 
0 0 0 0 0 0 258 766 0 0 0 0 0 0 1024 0 0 0 0 0 0 666 358 0 
0 0 0 0 0 0 622 402 0 0 0 0 0 5 1019 0 0 0 0 0 0 848 176 0 
0 0 0 0 0 20 972 32 0 0 0 0 0 272 752 0 0 0 0 0 46 950 28 0 
0 0 0 0 0 607 417 0 0 0 0 0 0 962 62 0 0 0 0 0 446 578 0 0 
0 0 0 0 0 924 100 0 0 0 0 0 0 946 78 0 0 0 0 0 247 777 0 0 
0 0 0 0 0 1018 6 0 0 0 0 0 0 972 52 0 0 0 0 0 216 808 0 0 
0 0 0 0 0 1024 0 0 0 0 0 0 0 1024 0 0 0 0 0 0 925 99 0 0 
0 0 0 0 200 824 0 0 0 0 0 0 70 954 0 0 0 0 0 0 1024 0 0 0 
0 0 0 0 842 182 0 0 0 0 0 0 671 353 0 0 0 0 0 42 982 0 0 0 
0 0 0 0 742 282 0 0 0 0 0 0 990 34 0 0 0 0 0 208 816 0 0 0 
0 0 0 0 875 149 0 0 0 0 0 0 1018 6 0 0 0 0 0 349 675 0 0 0 
0 0 0 0 422 602 0 0 0 0 0 0 662 362 0 0 0 0 0 22 1002 0 0 0 
0 0 0 0 56 968 0 0 0 0 0 0 17 1007 0 0 0 0 0 0 1024 0 0 0 
0 0 0 0 1 1023 0 0 0 0 0 0 11 1013 0 0 0 0 0 0 1024 0 0 0 
0 0 0 0 0 1024 0 0 0 0 0 0 0 1024 0 0 0 0 0 0 1024 0 0 0 
0 0 0 0 1 1023 0 0 0 0 0 0 0 1024 0 0 0 0 0 0 1024 0 0 0 
0 0 0 0 0 1024 0 0 0 0 0 0 0 1024 0 0 0 0 0 0 1022 2 0 0 
0 0 0 0 0 1024 0 0 0 0 0 0 0 1024 0 0 0 0 0 0 993 31 0 0 
0 0 0 0 0 1024 0 0 0 0 0 0 0 1024 0 0 0 0 0 0 1005 19 0 0 
0 0 0 0 0 1024 0 0 0 0 0 0 0 1024 0 0 0 0 0 0 975 49 0 0 
0 0 0 0 0 1010 14 0 0 0 0 0 0 1024 0 0 0 0 0 0 845 179 0 0 
0 0 0 0 0 962 62 0 0 0 0 0 0 1023 1 0 0 0 0 0 578 446 0 0 
0 0 0 0 0 998 26 0 0 0 0 0 0 1024 0 0 0 0 0 0 749 275 0 0 
0 0 0 0 0 851 173 0 0 0 0 0 0 1011 13 0 0 0 0 0 534 490 0 0 
0 0 0 0 0 249 775 0 0 0 0 0 0 521 503 0 0 0 0 0 55 969 0 0 
0 0 0 0 0 0 816 208 0 0 0 0 0 0 1024 0 0 0 0 0 0 730 294 0 
0 0 0 0 0 0 527 497 0 0 0 0 0 0 1024 0 0 0 0 0 0 158 866 0 
0 0 0 0 0 0 601 423 0 0 0 0 0 0 1024 0 0 0 0 0 0 338 686 0 
0 0 0 0 0 0 755 269 0 0 0 0 0 0 1015 9 0 0 0 0 0 615 407 2 
0 0 0 0 0 0 838 186 0 0 0 0 0 0 1024 0 0 0 0 0 0 778 246 0 
0 0 0 0 0 0 107 917 0 0 0 0 0 0 1011 13 0 0 0 0 0 4 1020 0 
0 0 0 0 0 0 4 1020 0 0 0 0 0 0 300 724 0 0 0 0 0 0 916 108 
0 0 0 0 0 0 63 961 0 0 0 0 0 0 955 69 0 0 0 0 0 0 1024 0 
0 0 0 0 0 0 111 913 0 0 0 0 0 0 1024 0 0 0 0 0 0 34 990 0 
0 0 0 0 0 0 716 308 0 0 0 0 0 0 1024 0 0 0 0 0 0 693 331 0 
0 0 0 0 0 0 945 79 0 0 0 0 0 0 1024 0 0 0 0 0 0 998 26 0 
0 0 0 0 0 0 948 76 0 0 0 0 0 0 1024 0 0 0 0 0 0 1024 0 0 
0 0 0 0 0 0 1023 1 0 0 0 0 0 0 1024 0 0 0 0 0 0 1024 0 0 
0 0 0 0 0 0 1024 0 0 0 0 0 0 1 1023 0 0 0 0 0 0 1024 0 0 
0 0 0 0 0 0 1024 0 0 0 0 0 0 251 773 0 0 0 0 0 200 824 0 0 
0 0 0 0 0 11 1013 0 0 0 0 0 0 968 56 0 0 0 0 0 900 124 0 0 
0 0 0 0 0 12 1012 0 0 0 0 0 0 875 149 0 0 0 0 0 975 49 0 0 
0 0 0 0 0 0 857 167 0 0 0 0 0 72 952 0 0 0 0 0 72 952 0 0 
0 0 0 0 0 0 390 634 0 0 0 0 0 0 1024 0 0 0 0 0 0 851 173 0 
0 0 0 0 0 0 54 970 0 0 0 0 0 0 1024 0 0 0 0 0 0 453 571 0 
0 0 0 0 0 0 50 974 0 0 0 0 0 0 1024 0 0 0 0 0 0 771 253 0 
0 0 0 0 0 0 563 461 0 0 0 0 0 1 1023 0 0 0 0 0 0 1023 1 0 
0 0 0 0 0 0 866 158 0 0 0 0 0 15 1009 0 0 0 0 0 0 1024 0 0 
0 0 0 0 0 0 972 52 0 0 0 0 0 1 1023 0 0 0 0 0 0 1024 0 0 
0 0 0 0 0 0 1019 5 0 0 0 0 0 104 920 0 0 0 0 0 0 1024 0 0 
0 0 0 0 0 74 950 0 0 0 0 0 0 284 740 0 0 0 0 0 0 1024 0 0 
0 0 0 0 0 794 230 0 0 0 0 0 0 1001 23 0 0 0 0 0 267 757 0 0 
0 0 0 0 0 897 127 0 0 0 0 0 0 820 204 0 0 0 0 0 188 836 0 0 
0 0 0 0 0 1024 0 0 0 0 0 0 0 1013 11 0 0 0 0 0 600 424 0 0 
0 0 0 0 11 1013 0 0 0 0 0 0 5 1019 0 0 0 0 0 0 1024 0 0 0 
0 0 0 0 739 285 0 0 0 0 0 0 570 454 0 0 0 0 0 17 1007 0 0 0 
0 0 0 0 1024 0 0 0 0 0 0 0 1024 0 0 0 0 0 0 537 487 0 0 0 
0 0 0 0 909 113 2 0 0 0 0 0 967 55 2 0 0 0 0 221 799 4 0 0 
0 0 0 0 742 280 2 0 0 0 0 0 901 121 2 0 0 0 0 132 886 6 0 0 
0 0 0 0 538 486 0 0 0 0 0 0 652 372 0 0 0 0 0 37 987 0 0 0 
0 0 0 0 274 750 0 0 0 0 0 0 321 703 0 0 0 0 0 0 1024 0 0 0 
0 0 0 0 68 956 0 0 0 0 0 0 6 1018 0 0 0 0 0 0 1024 0 0 0 
0 0 0 0 1 1023 0 0 0 0 0 0 0 1024 0 0 0 0 0 0 1024 0 0 0 
0 0 0 0 0 1024 0 0 0 0 0 0 0 1024 0 0 0 0 0 0 1024 0 0 0 
0 0 0 0 0 1024 0 0 0 0 0 0 0 1024 0 0 0 0 0 0 1024 0 0 0 
0 0 0 0 0 1024 0 0 0 0 0 0 0 1024 0 0 0 0 0 0 782 242 0 0 
0 0 0 0 0 1024 0 0 0 0 0 0 0 1024 0 0 0 0 0 0 677 347 0 0 
0 0 0 0 0 1024 0 0 0 0 0 0 0 1024 0 0 0 0 0 0 918 106 0 0 
0 0 0 0 0 1022 2 0 0 0 0 0 0 1022 2 0 0 0 0 0 815 209 0 0 
0 0 0 0 0 1018 6 0 0 0 0 0 0 1024 0 0 0 0 0 0 344 680 0 0 
0 0 0 0 0 991 33 0 0 0 0 0 0 1023 1 0 0 0 0 0 398 626 0 0 
0 0 0 0 0 696 328 0 0 0 0 0 0 995 29 0 0 0 0 0 242 782 0 0 
0 0 0 0 0 218 801 5 0 0 0 0 0 698 325 1 0 0 0 0 96 920 8 0 
0 0 0 0 0 54 950 20 0 0 0 0 0 51 973 0 0 0 0 0 0 949 75 0 
0 0 0 0 0 0 561 463 0 0 0 0 0 0 934 90 0 0 0 0 0 300 707 17 
0 0 0 0 0 0 124 900 0 0 0 0 0 0 722 302 0 0 0 0 0 0 929 95 
0 0 0 0 0 0 500 524 0 0 0 0 0 0 1024 0 0 0 0 0 0 144 880 0 
0 0 0 0 0 0 539 485 0 0 0 0 0 0 1024 0 0 0 0 0 0 129 895 0 
0 0 0 0 0 0 202 822 0 0 0 0 0 0 881 143 0 0 0 0 0 0 1015 9 
0 0 0 0 0 0 43 981 0 0 0 0 0 0 897 127 0 0 0 0 0 0 1024 0 
0 0 0 0 0 0 157 867 0 0 0 0 0 0 1024 0 0 0 0 0 0 3 1021 0 
0 0 0 0 0 0 303 721 0 0 0 0 0 0 1024 0 0 0 0 0 0 169 855 0 
0 0 0 0 0 0 935 89 0 0 0 0 0 0 1024 0 0 0 0 0 0 840 184 0 
0 0 0 0 0 0 1024 0 0 0 0 0 0 0 1024 0 0 0 0 0 0 1024 0 0 
0 0 0 0 0 0 1019 5 0 0 0 0 0 21 1003 0 0 0 0 0 0 1024 0 0 
0 0 0 0 0 0 1024 0 0 0 0 0 0 30 994 0 0 0 0 0 0 1024 0 0 
0 0 0 0 0 0 1024 0 0 0 0 0 0 30 994 0 0 0 0 0 0 1024 0 0 
0 0 0 0 0 0 1007 17 0 0 0 0 0 7 1017 0 0 0 0 0 1 1018 5 0 
0 0 0 0 0 3 1010 11 0 0 0 0 0 299 725 0 0 0 0 0 266 758 0 0 
0 0 0 0 0 0 473 551 0 0 0 0 0 154 870 0 0 0 0 0 149 493 382 0 
0 0 0 0 0 0 49 975 0 0 0 0 0 0 1003 21 0 0 0 0 0 223 801 0 
0 0 0 0 0 0 7 1017 0 0 0 0 0 0 1024 0 0 0 0 0 0 157 867 0 
0 0 0 0 0 0 4 1020 0 0 0 0 0 0 1024 0 0 0 0 0 0 119 905 0 
0 0 0 0 0 0 263 761 0 0 0 0 0 0 1024 0 0 0 0 0 0 677 347 0 
0 0 0 0 0 0 922 102 0 0 0 0 0 0 1024 0 0 0 0 0 0 988 36 0 
0 0 0 0 0 0 1024 0 0 0 0 0 0 68 956 0 0 0 0 0 3 1021 0 0 
0 0 0 0 0 0 1024 0 0 0 0 0 0 24 1000 0 0 0 0 0 0 1024 0 0 
0 0 0 0 0 63 961 0 0 0 0 0 0 390 634 0 0 0 0 0 4 1020 0 0 
0 0 0 0 0 335 689 0 0 0 0 0 0 795 229 0 0 0 0 0 38 986 0 0 
0 0 0 0 0 923 101 0 0 0 0 0 0 1014 10 0 0 0 0 0 413 611 0 0 
0 0 0 0 0 1024 0 0 0 0 0 0 0 1020 4 0 0 0 0 0 721 303 0 0 
0 0 0 0 0 1024 0 0 0 0 0 0 0 1024 0 0 0 0 0 0 979 45 0 0 
0 0 0 0 16 1008 0 0 0 0 0 0 1 1023 0 0 0 0 0 0 1024 0 0 0 
0 0 0 0 711 313 0 0 0 0 0 0 461 563 0 0 0 0 0 17 1007 0 0 0 
0 0 0 0 908 116 0 0 0 0 0 0 683 341 0 0 0 0 0 290 734 0 0 0 
0 0 0 0 970 54 0 0 0 0 0 0 1016 8 0 0 0 0 0 142 882 0 0 0 
0 0 0 0 808 216 0 0 0 0 0 0 985 39 0 0 0 0 0 21 1003 0 0 0 
0 0 0 0 662 362 0 0 0 0 0 0 478 546 0 0 0 0 0 1 1023 0 0 0 
0 0 0 0 239 785 0 0 0 0 0 0 21 1003 0 0 0 0 0 0 1024 0 0 0 
0 0 0 0 32 992 0 0 0 0 0 0 0 1024 0 0 0 0 0 0 1024 0 0 0 
0 0 0 0 0 1024 0 0 0 0 0 0 0 1024 0 0 0 0 0 0 1024 0 0 0 
0 0 0 0 0 1024 0 0 0 0 0 0 0 1024 0 0 0 0 0 0 1024 0 0 0 
0 0 0 0 0 1024 0 0 0 0 0 0 0 1024 0 0 0 0 0 0 1024 0 0 0 
0 0 0 0 0 1024 0 0 0 0 0 0 0 1024 0 0 0 0 0 0 636 388 0 0 
0 0 0 0 0 1024 0 0 0 0 0 0 0 1024 0 0 0 0 0 0 359 665 0 0 
0 0 0 0 0 1024 0 0 0 0 0 0 0 1024 0 0 0 0 0 0 275 749 0 0 
0 0 0 0 0 1003 21 0 0 0 0 0 0 1023 1 0 0 0 0 0 385 639 0 0 
0 0 0 0 0 977 47 0 0 0 0 0 0 1022 2 0 0 0 0 0 410 614 0 0 
0 0 0 0 0 709 315 0 0 0 0 0 0 986 38 0 0 0 0 0 22 1002 0 0 
0 0 0 0 0 314 710 0 0 0 0 0 0 737 287 0 0 0 0 0 37 987 0 0 
0 0 0 0 0 65 953 6 0 0 0 0 0 132 892 0 0 0 0 0 0 920 104 0 
0 0 0 0 0 0 1023 1 0 0 0 0 0 0 1024 0 0 0 0 0 0 698 326 0 
0 0 0 0 0 0 745 279 0 0 0 0 0 0 1003 21 0 0 0 0 0 117 907 0 
0 0 0 0 0 0 536 488 0 0 0 0 0 0 929 95 0 0 0 0 0 82 942 0 
0 0 0 0 0 0 610 414 0 0 0 0 0 0 1024 0 0 0 0 0 0 92 932 0 
0 0 0 0 0 0 304 720 0 0 0 0 0 0 1024 0 0 0 0 0 0 0 1024 0 
0 0 0 0 0 0 658 366 0 0 0 0 0 0 1024 0 0 0 0 0 0 90 934 0 
0 0 0 0 0 0 894 130 0 0 0 0 0 0 1024 0 0 0 0 0 0 683 341 0 
0 0 0 0 0 0 1000 24 0 0 0 0 0 0 1024 0 0 0 0 0 0 912 112 0 
0 0 0 0 0 0 1011 13 0 0 0 0 0 0 1024 0 0 0 0 0 0 993 31 0 
0 0 0 0 0 0 1024 0 0 0 0 0 0 2 1022 0 0 0 0 0 0 1024 0 0 
0 0 0 0 0 0 1024 0 0 0 0 0 0 136 888 0 0 0 0 0 0 1024 0 0 
0 0 0 0 0 0 1024 0 0 0 0 0 0 236 788 0 0 0 0 0 1 1023 0 0 
0 0 0 0 0 0 940 84 0 0 0 0 0 22 1002 0 0 0 0 0 0 711 313 0 
0 0 0 0 0 0 819 205 0 0 0 0 0 26 998 0 0 0 0 0 0 657 367 0 
0 0 0 0 0 0 802 222 0 0 0 0 0 1 1023 0 0 0 0 0 0 927 97 0 
0 0 0 0 0 0 1011 13 0 0 0 0 0 0 1024 0 0 0 0 0 0 1022 2 0 
0 0 0 0 0 0 325 699 0 0 0 0 0 0 1024 0 0 0 0 0 0 903 121 0 
0 0 0 0 0 0 112 912 0 0 0 0 0 0 1024 0 0 0 0 0 0 362 662 0 
0 0 0 0 0 0 339 685 0 0 0 0 0 0 1024 0 0 0 0 0 0 673 351 0 
0 0 0 0 0 0 673 351 0 0 0 0 0 4 1020 0 0 0 0 0 1 1015 8 0 
0 0 0 0 0 0 563 461 0 0 0 0 0 1 1023 0 0 0 0 0 0 889 135 0 
0 0 0 0 0 0 289 735 0 0 0 0 0 0 1024 0 0 0 0 0 0 441 583 0 
0 0 0 0 0 0 534 490 0 0 0 0 0 0 1024 0 0 0 0 0 0 509 515 0 
0 0 0 0 0 0 969 55 0 0 0 0 0 33 991 0 0 0 0 0 0 1024 0 0 
0 0 0 0 0 184 840 0 0 0 0 0 0 757 267 0 0 0 0 0 135 889 0 0 
0 0 0 0 0 874 150 0 0 0 0 0 0 1021 3 0 0 0 0 0 576 448 0 0 
0 0 0 0 0 940 84 0 0 0 0 0 0 1012 12 0 0 0 0 0 321 703 0 0 
0 0 0 0 0 910 114 0 0 0 0 0 0 889 135 0 0 0 0 0 73 951 0 0 
0 0 0 0 0 1024 0 0 0 0 0 0 0 1024 0 0 0 0 0 0 741 283 0 0 
0 0 0 0 130 894 0 0 0 0 0 0 30 994 0 0 0 0 0 0 1022 2 0 0 
0 0 0 0 466 558 0 0 0 0 0 0 89 935 0 0 0 0 0 0 1024 0 0 0 
0 0 0 0 171 853 0 0 0 0 0 0 34 990 0 0 0 0 0 0 910 114 0 0 
0 0 0 0 1022 2 0 0 0 0 0 0 1009 15 0 0 0 0 0 170 854 0 0 0 
0 0 0 0 949 75 0 0 0 0 0 0 989 35 0 0 0 0 0 15 1009 0 0 0 
0 0 0 0 994 30 0 0 0 0 0 0 799 225 0 0 0 0 0 0 1024 0 0 0 
0 0 0 0 808 216 0 0 0 0 0 0 81 943 0 0 0 0 0 0 1024 0 0 0 
0 0 0 0 52 972 0 0 0 0 0 0 4 1020 0 0 0 0 0 0 1024 0 0 0 
0 0 0 0 0 1024 0 0 0 0 0 0 0 1024 0 0 0 0 0 0 1024 0 0 0 
0 0 0 0 1 1023 0 0 0 0 0 0 0 1024 0 0 0 0 0 0 1024 0 0 0 
0 0 0 0 0 1024 0 0 0 0 0 0 0 1024 0 0 0 0 0 0 1010 14 0 0 
0 0 0 0 0 1024 0 0 0 0 0 0 0 1024 0 0 0 0 0 0 679 345 0 0 
0 0 0 0 0 1024 0 0 0 0 0 0 0 1024 0 0 0 0 0 0 573 451 0 0 
0 0 0 0 0 1005 19 0 0 0 0 0 0 964 60 0 0 0 0 0 58 966 0 0 
0 0 0 0 0 684 340 0 0 0 0 0 0 597 427 0 0 0 0 0 2 1022 0 0 
0 0 0 0 0 885 139 0 0 0 0 0 0 984 40 0 0 0 0 0 10 1014 0 0 
0 0 0 0 0 863 161 0 0 0 0 0 0 1004 20 0 0 0 0 0 64 960 0 0 
0 0 0 0 0 107 917 0 0 0 0 0 0 516 508 0 0 0 0 0 0 1024 0 0 
0 0 0 0 0 13 1011 0 0 0 0 0 0 153 871 0 0 0 0 0 0 1024 0 0 
0 0 0 0 0 0 1020 4 0 0 0 0 0 1 1023 0 0 0 0 0 0 865 159 0 
0 0 0 0 0 0 993 31 0 0 0 0 0 0 1024 0 0 0 0 0 0 473 551 0 
0 0 0 0 0 0 1024 0 0 0 0 0 0 0 1024 0 0 0 0 0 0 848 176 0 
0 0 0 0 0 0 1023 1 0 0 0 0 0 0 1024 0 0 0 0 0 0 755 269 0 
0 0 0 0 0 0 1020 4 0 0 0 0 0 0 1024 0 0 0 0 0 0 631 393 0 
0 0 0 0 0 0 856 168 0 0 0 0 0 0 1024 0 0 0 0 0 0 402 622 0 
0 0 0 0 0 0 740 284 0 0 0 0 0 0 1024 0 0 0 0 0 0 291 733 0 
0 0 0 0 0 0 983 41 0 0 0 0 0 0 1024 0 0 0 0 0 0 924 100 0 
0 0 0 0 0 0 1004 20 0 0 0 0 0 0 1024 0 0 0 0 0 0 885 139 0 
0 0 0 0 0 0 1017 7 0 0 0 0 0 0 1024 0 0 0 0 0 0 987 37 0 
0 0 0 0 0 0 1020 4 0 0 0 0 0 0 1024 0 0 0 0 0 0 851 173 0 
0 0 0 0 0 0 889 135 0 0 0 0 0 0 1024 0 0 0 0 0 0 310 714 0 
0 0 0 0 0 0 730 294 0 0 0 0 0 0 1024 0 0 0 0 0 0 81 943 0 
0 0 0 0 0 0 890 134 0 0 0 0 0 0 1024 0 0 0 0 0 0 475 549 0 
0 0 0 0 0 0 1024 0 0 0 0 0 0 0 1024 0 0 0 0 0 0 1024 0 0 
0 0 0 0 0 0 1016 8 0 0 0 0 0 0 1024 0 0 0 0 0 0 1024 0 0 
0 0 0 0 0 0 856 168 0 0 0 0 0 0 1024 0 0 0 0 0 0 1011 13 0 
0 0 0 0 0 0 530 494 0 0 0 0 0 0 1024 0 0 0 0 0 0 979 45 0 
0 0 0 0 0 0 1005 19 0 0 0 0 0 40 984 0 0 0 0 0 4 1020 0 0 
0 0 0 0 0 0 1024 0 0 0 0 0 0 63 961 0 0 0 0 0 5 1019 0 0 
0 0 0 0 0 0 1024 0 0 0 0 0 0 24 1000 0 0 0 0 0 0 1024 0 0 
0 0 0 0 0 0 838 186 0 0 0 0 0 10 1014 0 0 0 0 0 4 971 49 0 
0 0 0 0 0 0 987 37 0 0 0 0 0 41 983 0 0 0 0 0 0 1024 0 0 
0 0 0 0 0 47 977 0 0 0 0 0 0 464 560 0 0 0 0 0 69 955 0 0 
0 0 0 0 0 534 490 0 0 0 0 0 0 993 31 0 0 0 0 0 547 477 0 0 
0 0 0 0 0 558 466 0 0 0 0 0 0 947 77 0 0 0 0 0 144 880 0 0 
0 0 0 0 0 815 209 0 0 0 0 0 0 896 128 0 0 0 0 0 3 1021 0 0 
0 0 0 0 0 698 326 0 0 0 0 0 0 699 325 0 0 0 0 0 92 930 2 0 
0 0 0 0 0 1012 12 0 0 0 0 0 0 990 34 0 0 0 0 0 590 434 0 0 
0 0 0 0 22 1002 0 0 0 0 0 0 5 1019 0 0 0 0 0 0 995 29 0 0 
0 0 0 0 333 691 0 0 0 0 0 0 5 1019 0 0 0 0 0 0 1024 0 0 0 
0 0 0 0 814 210 0 0 0 0 0 0 159 865 0 0 0 0 0 0 1024 0 0 0 
0 0 0 0 735 289 0 0 0 0 0 0 564 460 0 0 0 0 0 2 1022 0 0 0 
0 0 0 0 782 242 0 0 0 0 0 0 504 520 0 0 0 0 0 0 1024 0 0 0 
0 0 0 0 865 159 0 0 0 0 0 0 247 777 0 0 0 0 0 0 1024 0 0 0 
0 0 0 0 576 448 0 0 0 0 0 0 74 950 0 0 0 0 0 0 1022 2 0 0 
0 0 0 0 84 940 0 0 0 0 0 0 1 1023 0 0 0 0 0 0 893 131 0 0 
0 0 0 0 0 1024 0 0 0 0 0 0 0 1024 0 0 0 0 0 0 649 375 0 0 
0 0 0 0 0 1024 0 0 0 0 0 0 0 1024 0 0 0 0 0 0 732 292 0 0 
0 0 0 0 0 1024 0 0 0 0 0 0 0 1024 0 0 0 0 0 0 359 665 0 0 
0 0 0 0 0 1024 0 0 0 0 0 0 0 1024 0 0 0 0 0 0 225 799 0 0 
0 0 0 0 0 1001 23 0 0 0 0 0 0 877 147 0 0 0 0 0 8 1016 0 0 
0 0 0 0 0 518 506 0 0 0 0 0 0 478 546 0 0 0 0 0 0 1024 0 0 
0 0 0 0 0 144 880 0 0 0 0 0 0 132 892 0 0 0 0 0 0 1024 0 0 
0 0 0 0 0 159 865 0 0 0 0 0 0 200 824 0 0 0 0 0 0 1024 0 0 
0 0 0 0 0 180 834 10 0 0 0 0 0 364 652 8 0 0 0 0 0 979 42 3 
0 0 0 0 0 18 1006 0 0 0 0 0 0 103 921 0 0 0 0 0 0 1024 0 0 
0 0 0 0 0 1 1023 0 0 0 0 0 0 67 957 0 0 0 0 0 0 1024 0 0 
0 0 0 0 0 0 1024 0 0 0 0 0 0 0 1024 0 0 0 0 0 0 968 56 0 
0 0 0 0 0 0 1024 0 0 0 0 0 0 0 1024 0 0 0 0 0 0 941 83 0 
0 0 0 0 0 0 1024 0 0 0 0 0 0 1 1023 0 0 0 0 0 0 992 32 0 
0 0 0 0 0 0 1024 0 0 0 0 0 0 0 1024 0 0 0 0 0 0 870 154 0 
0 0 0 0 0 0 1024 0 0 0 0 0 0 0 1024 0 0 0 0 0 0 1024 0 0 
0 0 0 0 0 0 921 103 0 0 0 0 0 1 1023 0 0 0 0 0 0 820 204 0 
0 0 0 0 0 0 292 732 0 0 0 0 0 0 842 182 0 0 0 0 0 94 897 33 
0 0 0 0 0 0 205 819 0 0 0 0 0 0 875 149 0 0 0 0 0 18 996 10 
0 0 0 0 0 0 506 518 0 0 0 0 0 0 1024 0 0 0 0 0 0 0 1024 0 
0 0 0 0 0 0 807 217 0 0 0 0 0 0 1024 0 0 0 0 0 0 116 908 0 
0 0 0 0 0 0 989 35 0 0 0 0 0 0 1024 0 0 0 0 0 0 153 871 0 
0 0 0 0 0 0 995 29 0 0 0 0 0 0 1024 0 0 0 0 0 0 476 548 0 
0 0 0 0 0 0 1007 17 0 0 0 0 0 0 1024 0 0 0 0 0 0 514 510 0 
0 0 0 0 0 0 653 371 0 0 0 0 0 0 1024 0 0 0 0 0 0 123 901 0 
0 0 0 0 0 0 781 243 0 0 0 0 0 0 1024 0 0 0 0 0 0 355 669 0 
0 0 0 0 0 0 520 504 0 0 0 0 0 0 1024 0 0 0 0 0 0 537 487 0 
0 0 0 0 0 0 602 422 0 0 0 0 0 0 1024 0 0 0 0 0 0 780 244 0 
0 0 0 0 0 0 828 196 0 0 0 0 0 0 1024 0 0 0 0 0 0 1024 0 0 
0 0 0 0 0 0 729 295 0 0 0 0 0 27 997 0 0 0 0 0 0 929 95 0 
0 0 0 0 0 0 1007 17 0 0 0 0 0 28 996 0 0 0 0 0 3 1021 0 0 
0 0 0 0 0 0 936 88 0 0 0 0 0 15 1009 0 0 0 0 0 0 1024 0 0 
0 0 0 0 0 0 723 301 0 0 0 0 0 2 1022 0 0 0 0 0 4 899 121 0 
0 0 0 0 0 0 798 226 0 0 0 0 0 73 951 0 0 0 0 0 2 751 271 0 
0 0 0 0 0 96 927 1 0 0 0 0 0 348 676 0 0 0 0 0 63 961 0 0 
0 0 0 0 0 186 838 0 0 0 0 0 0 419 605 0 0 0 0 0 214 799 11 0 
0 0 0 0 0 194 830 0 0 0 0 0 0 485 539 0 0 0 0 0 2 1022 0 0 
0 0 0 0 0 884 140 0 0 0 0 0 0 926 98 0 0 0 0 0 45 979 0 0 
0 0 0 0 0 952 72 0 0 0 0 0 0 887 137 0 0 0 0 0 19 1005 0 0 
0 0 0 0 0 986 38 0 0 0 0 0 0 902 122 0 0 0 0 0 118 904 2 0 
0 0 0 0 0 951 73 0 0 0 0 0 0 795 229 0 0 0 0 0 386 634 4 0 
0 0 0 0 49 975 0 0 0 0 0 0 0 1022 2 0 0 0 0 0 804 220 0 0 
0 0 0 0 848 176 0 0 0 0 0 0 237 787 0 0 0 0 0 0 1024 0 0 0 
0 0 0 0 65 959 0 0 0 0 0 0 13 1011 0 0 0 0 0 0 978 46 0 0 
0 0 0 0 46 978 0 0 0 0 0 0 0 1024 0 0 0 0 0 0 783 241 0 0 
0 0 0 0 91 933 0 0 0 0 0 0 1 1023 0 0 0 0 0 0 1024 0 0 0 
0 0 0 0 44 980 0 0 0 0 0 0 0 1024 0 0 0 0 0 0 726 298 0 0 
0 0 0 0 0 993 31 0 0 0 0 0 0 720 302 2 0 0 0 0 1 1011 12 0 
0 0 0 0 0 646 378 0 0 0 0 0 0 227 797 0 0 0 0 0 0 768 256 0 
0 0 0 0 0 974 50 0 0 0 0 0 0 706 318 0 0 0 0 0 25 988 11 0 
0 0 0 0 0 1017 7 0 0 0 0 0 0 739 285 0 0 0 0 0 4 1020 0 0 
0 0 0 0 0 982 42 0 0 0 0 0 0 451 573 0 0 0 0 0 0 1024 0 0 
0 0 0 0 0 881 143 0 0 0 0 0 0 484 540 0 0 0 0 0 0 1024 0 0 
0 0 0 0 0 28 996 0 0 0 0 0 0 8 1016 0 0 0 0 0 0 1019 5 0 
0 0 0 0 0 0 1024 0 0 0 0 0 0 0 1024 0 0 0 0 0 0 586 438 0 
0 0 0 0 0 0 1024 0 0 0 0 0 0 0 1024 0 0 0 0 0 0 440 584 0 
0 0 0 0 0 0 1024 0 0 0 0 0 0 0 1024 0 0 0 0 0 0 671 353 0 
0 0 0 0 0 0 1024 0 0 0 0 0 0 0 1024 0 0 0 0 0 0 996 28 0 
0 0 0 0 0 0 1024 0 0 0 0 0 0 73 951 0 0 0 0 0 0 1024 0 0 
0 0 0 0 0 46 978 0 0 0 0 0 0 138 886 0 0 0 0 0 2 1022 0 0 
0 0 0 0 0 0 1024 0 0 0 0 0 0 5 1019 0 0 0 0 0 0 1022 2 0 
0 0 0 0 0 0 993 31 0 0 0 0 0 0 1024 0 0 0 0 0 0 878 146 0 
0 0 0 0 0 0 796 228 0 0 0 0 0 0 1024 0 0 0 0 0 0 264 760 0 
0 0 0 0 0 0 420 604 0 0 0 0 0 0 968 56 0 0 0 0 0 123 901 0 
0 0 0 0 0 0 277 747 0 0 0 0 0 0 1024 0 0 0 0 0 0 7 1017 0 
0 0 0 0 0 0 245 779 0 0 0 0 0 0 1021 3 0 0 0 0 0 0 1024 0 
0 0 0 0 0 0 81 943 0 0 0 0 0 0 1016 8 0 0 0 0 0 0 1024 0 
0 0 0 0 0 0 546 478 0 0 0 0 0 0 1024 0 0 0 0 0 0 0 1024 0 
0 0 0 0 0 0 655 369 0 0 0 0 0 0 1024 0 0 0 0 0 0 42 982 0 
0 0 0 0 0 0 754 270 0 0 0 0 0 0 1022 2 0 0 0 0 0 126 898 0 
0 0 0 0 0 0 795 229 0 0 0 0 0 0 1017 7 0 0 0 0 0 141 883 0 
0 0 0 0 0 0 687 337 0 0 0 0 0 0 1021 3 0 0 0 0 0 139 885 0 
0 0 0 0 0 0 847 177 0 0 0 0 0 0 1024 0 0 0 0 0 0 112 912 0 
0 0 0 0 0 0 950 74 0 0 0 0 0 0 1024 0 0 0 0 0 0 673 351 0 
0 0 0 0 0 0 832 192 0 0 0 0 0 0 1024 0 0 0 0 0 0 991 33 0 
0 0 0 0 0 0 716 308 0 0 0 0 0 0 1024 0 0 0 0 0 0 996 28 0 
0 0 0 0 0 0 955 69 0 0 0 0 0 0 1024 0 0 0 0 0 0 1024 0 0 
0 0 0 0 0 0 528 496 0 0 0 0 0 0 1024 0 0 0 0 0 0 771 253 0 
0 0 0 0 0 0 575 449 0 0 0 0 0 0 1024 0 0 0 0 0 0 791 233 0 
0 0 0 0 0 0 469 555 0 0 0 0 0 0 1024 0 0 0 0 0 0 559 465 0 
0 0 0 0 0 0 436 588 0 0 0 0 0 0 1013 11 0 0 0 0 0 604 420 0 
0 0 0 0 0 0 546 478 0 0 0 0 0 0 1005 19 0 0 0 0 0 493 531 0 
0 0 0 0 0 0 704 320 0 0 0 0 0 0 1024 0 0 0 0 0 0 667 357 0 
0 0 0 0 0 0 1024 0 0 0 0 0 0 0 1024 0 0 0 0 0 0 1024 0 0 
0 0 0 0 0 21 1003 0 0 0 0 0 0 142 882 0 0 0 0 0 0 1024 0 0 
0 0 0 0 0 483 541 0 0 0 0 0 0 761 263 0 0 0 0 0 79 945 0 0 
0 0 0 0 0 990 34 0 0 0 0 0 0 941 83 0 0 0 0 0 86 938 0 0 
0 0 0 0 0 861 163 0 0 0 0 0 0 612 412 0 0 0 0 0 31 992 1 0 
0 0 0 0 0 817 207 0 0 0 0 0 0 467 557 0 0 0 0 0 54 961 9 0 
0 0 0 0 1 1014 9 0 0 0 0 0 0 836 188 0 0 0 0 0 337 682 5 0 
0 0 0 0 205 819 0 0 0 0 0 0 0 979 45 0 0 0 0 0 457 567 0 0 
0 0 0 0 951 73 0 0 0 0 0 0 865 159 0 0 0 0 0 0 1024 0 0 0 
0 0 0 0 372 652 0 0 0 0 0 0 78 946 0 0 0 0 0 0 932 92 0 0 
0 0 0 0 21 1003 0 0 0 0 0 0 0 1024 0 0 0 0 0 0 667 357 0 0 
0 0 0 0 29 995 0 0 0 0 0 0 0 1024 0 0 0 0 0 0 598 426 0 0 
0 0 0 0 5 982 18 19 0 0 0 0 0 950 52 22 0 0 0 0 22 968 16 18 
0 0 0 0 0 1010 14 0 0 0 0 0 0 800 224 0 0 0 0 0 0 1024 0 0 
0 0 0 0 0 1024 0 0 0 0 0 0 0 1005 19 0 0 0 0 0 6 1018 0 0 
0 0 0 0 0 752 272 0 0 0 0 0 0 503 520 1 0 0 0 0 0 838 186 0 
0 0 0 0 0 710 314 0 0 0 0 0 0 219 805 0 0 0 0 0 0 906 118 0 
0 0 0 0 0 951 73 0 0 0 0 0 0 638 386 0 0 0 0 0 0 1024 0 0 
0 0 0 0 0 399 625 0 0 0 0 0 0 202 822 0 0 0 0 0 0 1017 7 0 
0 0 0 0 0 65 959 0 0 0 0 0 0 13 1011 0 0 0 0 0 0 883 141 0 
0 0 0 0 0 0 1024 0 0 0 0 0 0 0 1024 0 0 0 0 0 0 1024 0 0 
0 0 0 0 0 0 1024 0 0 0 0 0 0 0 1024 0 0 0 0 0 0 1010 14 0 
0 0 0 0 0 0 1024 0 0 0 0 0 0 0 1024 0 0 0 0 0 0 767 257 0 
0 0 0 0 0 1 1012 11 0 0 0 0 0 40 984 0 0 0 0 0 0 593 431 0 
0 0 0 0 0 5 1005 14 0 0 0 0 0 43 981 0 0 0 0 0 0 550 474 0 
0 0 0 0 0 0 935 89 0 0 0 0 0 0 1024 0 0 0 0 0 0 228 796 0 
0 0 0 0 0 0 583 441 0 0 0 0 0 0 1021 3 0 0 0 0 0 25 999 0 
0 0 0 0 0 0 357 667 0 0 0 0 0 0 984 40 0 0 0 0 0 0 1024 0 
0 0 0 0 0 0 370 654 0 0 0 0 0 0 1010 14 0 0 0 0 0 0 1024 0 
0 0 0 0 0 0 426 598 0 0 0 0 0 0 1024 0 0 0 0 0 0 0 1024 0 
0 0 0 0 0 0 240 784 0 0 0 0 0 0 1024 0 0 0 0 0 0 0 1024 0 
0 0 0 0 0 0 477 547 0 0 0 0 0 0 1024 0 0 0 0 0 0 1 1023 0 
0 0 0 0 0 0 348 676 0 0 0 0 0 0 992 32 0 0 0 0 0 0 1024 0 
0 0 0 0 0 0 337 687 0 0 0 0 0 0 998 26 0 0 0 0 0 0 1024 0 
0 0 0 0 0 0 574 450 0 0 0 0 0 0 1024 0 0 0 0 0 0 0 1024 0 
0 0 0 0 0 0 347 677 0 0 0 0 0 0 903 121 0 0 0 0 0 0 1019 5 
0 0 0 0 0 0 574 450 0 0 0 0 0 0 1009 15 0 0 0 0 0 0 1024 0 
0 0 0 0 0 0 860 164 0 0 0 0 0 0 1024 0 0 0 0 0 0 41 983 0 
0 0 0 0 0 0 764 260 0 0 0 0 0 0 1020 4 0 0 0 0 0 256 768 0 
0 0 0 0 0 0 438 586 0 0 0 0 0 0 1017 7 0 0 0 0 0 229 795 0 
0 0 0 0 0 0 312 712 0 0 0 0 0 0 1024 0 0 0 0 0 0 221 803 0 
0 0 0 0 0 0 448 576 0 0 0 0 0 0 962 62 0 0 0 0 0 532 492 0 
0 0 0 0 0 0 46 978 0 0 0 0 0 0 964 60 0 0 0 0 0 26 998 0 
0 0 0 0 0 0 67 957 0 0 0 0 0 0 1022 2 0 0 0 0 0 86 938 0 
0 0 0 0 0 0 37 987 0 0 0 0 0 0 930 94 0 0 0 0 0 2 1022 0 
0 0 0 0 0 0 238 786 0 0 0 0 0 0 931 93 0 0 0 0 0 151 873 0 
0 0 0 0 0 0 618 406 0 0 0 0 0 0 1014 10 0 0 0 0 0 622 402 0 
0 0 0 0 0 0 1024 0 0 0 0 0 0 0 1024 0 0 0 0 0 0 1024 0 0 
0 0 0 0 0 0 980 44 0 0 0 0 0 3 1021 0 0 0 0 0 0 783 241 0 
0 0 0 0 0 145 879 0 0 0 0 0 0 175 849 0 0 0 0 0 0 1001 23 0 
0 0 0 0 0 577 447 0 0 0 0 0 0 598 426 0 0 0 0 0 144 880 0 0 
0 0 0 0 0 897 127 0 0 0 0 0 0 841 183 0 0 0 0 0 479 545 0 0 
0 0 0 0 0 1024 0 0 0 0 0 0 0 1024 0 0 0 0 0 0 926 98 0 0 
0 0 0 0 184 840 0 0 0 0 0 0 33 991 0 0 0 0 0 0 998 26 0 0 
0 0 0 0 882 142 0 0 0 0 0 0 462 562 0 0 0 0 0 0 1024 0 0 0 
0 0 0 0 1022 2 0 0 0 0 0 0 896 128 0 0 0 0 0 0 1024 0 0 0 
0 0 0 0 577 447 0 0 0 0 0 0 232 792 0 0 0 0 0 0 1024 0 0 0 
0 0 0 0 350 674 0 0 0 0 0 0 40 984 0 0 0 0 0 0 1024 0 0 0 
0 0 0 0 193 831 0 0 0 0 0 0 0 1024 0 0 0 0 0 0 973 51 0 0 
0 0 0 0 73 951 0 0 0 0 0 0 0 1018 6 0 0 0 0 0 484 540 0 0 
0 0 0 0 3 1021 0 0 0 0 0 0 0 823 201 0 0 0 0 0 127 869 28 0 
0 0 0 0 0 1016 8 0 0 0 0 0 0 362 662 0 0 0 0 0 0 1018 6 0 
0 0 0 0 0 1011 13 0 0 0 0 0 0 402 622 0 0 0 0 0 0 1024 0 0 
0 0 0 0 0 918 106 0 0 0 0 0 0 585 439 0 0 0 0 0 0 1020 4 0 
0 0 0 0 0 617 407 0 0 0 0 0 0 212 812 0 0 0 0 0 0 1024 0 0 
0 0 0 0 0 774 250 0 0 0 0 0 0 445 579 0 0 0 0 0 0 1024 0 0 
0 0 0 0 0 55 969 0 0 0 0 0 0 33 991 0 0 0 0 0 0 1005 19 0 
0 0 0 0 0 0 1024 0 0 0 0 0 0 0 1024 0 0 0 0 0 0 861 163 0 
0 0 0 0 0 0 1024 0 0 0 0 0 0 0 1024 0 0 0 0 0 0 978 46 0 
0 0 0 0 0 0 1008 16 0 0 0 0 0 0 1024 0 0 0 0 0 0 586 438 0 
0 0 0 0 0 0 1024 0 0 0 0 0 0 0 1024 0 0 0 0 0 0 289 735 0 
0 0 0 0 0 0 1010 14 0 0 0 0 0 0 1024 0 0 0 0 0 0 0 1024 0 
0 0 0 0 0 0 984 40 0 0 0 0 0 0 1024 0 0 0 0 0 0 120 904 0 
0 0 0 0 0 0 920 104 0 0 0 0 0 0 1024 0 0 0 0 0 0 7 1017 0 
0 0 0 0 0 0 413 611 0 0 0 0 0 0 776 248 0 0 0 0 0 0 968 56 
0 0 0 0 0 0 443 581 0 0 0 0 0 0 904 120 0 0 0 0 0 0 1021 3 
0 0 0 0 0 0 510 514 0 0 0 0 0 0 1021 3 0 0 0 0 0 0 1024 0 
0 0 0 0 0 0 102 922 0 0 0 0 0 0 979 45 0 0 0 0 0 0 1024 0 
0 0 0 0 0 0 179 845 0 0 0 0 0 0 833 191 0 0 0 0 0 0 1024 0 
0 0 0 0 0 0 165 859 0 0 0 0 0 0 874 150 0 0 0 0 0 0 954 70 
0 0 0 0 0 0 38 986 0 0 0 0 0 0 451 573 0 0 0 0 0 0 874 150 
0 0 0 0 0 0 45 979 0 0 0 0 0 0 341 683 0 0 0 0 0 0 739 285 
0 0 0 0 0 0 566 458 0 0 0 0 0 0 964 60 0 0 0 0 0 0 994 30 
0 0 0 0 0 0 755 269 0 0 0 0 0 0 1024 0 0 0 0 0 0 0 1024 0 
0 0 0 0 0 0 637 387 0 0 0 0 0 0 953 71 0 0 0 0 0 0 1013 11 
0 0 0 0 0 0 641 383 0 0 0 0 0 0 931 93 0 0 0 0 0 0 1022 2 
0 0 0 0 0 0 186 838 0 0 0 0 0 0 676 348 0 0 0 0 0 0 1010 14 
0 0 0 0 0 0 51 973 0 0 0 0 0 0 735 289 0 0 0 0 0 0 1024 0 
0 0 0 0 0 0 182 842 0 0 0 0 0 0 1012 12 0 0 0 0 0 0 1024 0 
0 0 0 0 0 0 168 856 0 0 0 0 0 0 1016 8 0 0 0 0 0 6 1018 0 
0 0 0 0 0 0 185 839 0 0 0 0 0 0 1017 7 0 0 0 0 0 102 922 0 
0 0 0 0 0 0 133 891 0 0 0 0 0 0 1024 0 0 0 0 0 0 99 925 0 
0 0 0 0 0 0 446 578 0 0 0 0 0 0 1021 3 0 0 0 0 0 460 564 0 
0 0 0 0 0 0 793 231 0 0 0 0 0 0 1024 0 0 0 0 0 0 706 318 0 
0 0 0 0 0 0 742 282 0 0 0 0 0 0 1024 0 0 0 0 0 0 555 469 0 
0 0 0 0 0 0 1004 20 0 0 0 0 0 9 1015 0 0 0 0 0 0 984 40 0 
0 0 0 0 0 6 1014 4 0 0 0 0 0 72 952 0 0 0 0 0 0 1003 21 0 
0 0 0 0 0 293 731 0 0 0 0 0 0 584 440 0 0 0 0 0 0 1024 0 0 
0 0 0 0 0 909 115 0 0 0 0 0 0 969 55 0 0 0 0 0 108 916 0 0 
0 0 0 0 0 1024 0 0 0 0 0 0 0 1024 0 0 0 0 0 0 806 218 0 0 
0 0 0 0 2 1022 0 0 0 0 0 0 1 1023 0 0 0 0 0 0 1012 12 0 0 
0 0 0 0 468 556 0 0 0 0 0 0 78 945 1 0 0 0 0 0 977 47 0 0 
0 0 0 0 962 62 0 0 0 0 0 0 487 537 0 0 0 0 0 0 1024 0 0 0 
0 0 0 0 1023 1 0 0 0 0 0 0 515 509 0 0 0 0 0 1 1023 0 0 0 
0 0 0 0 105 919 0 0 0 0 0 0 0 1014 10 0 0 0 0 0 874 150 0 0 
0 0 0 0 67 957 0 0 0 0 0 0 0 1019 5 0 0 0 0 0 506 518 0 0 
0 0 0 0 138 886 0 0 0 0 0 0 0 1024 0 0 0 0 0 0 978 46 0 0 
0 0 0 0 20 1004 0 0 0 0 0 0 0 1024 0 0 0 0 0 0 620 404 0 0 
0 0 0 0 4 1020 0 0 0 0 0 0 0 970 54 0 0 0 0 0 81 943 0 0 
0 0 0 0 0 1024 0 0 0 0 0 0 0 942 82 0 0 0 0 0 164 860 0 0 
0 0 0 0 0 1024 0 0 0 0 0 0 0 898 126 0 0 0 0 0 132 892 0 0 
0 0 0 0 0 801 223 0 0 0 0 0 0 558 466 0 0 0 0 0 0 946 78 0 
0 0 0 0 0 811 213 0 0 0 0 0 0 561 463 0 0 0 0 0 0 1001 23 0 
0 0 0 0 0 664 360 0 0 0 0 0 0 308 716 0 0 0 0 0 0 994 30 0 
0 0 0 0 0 90 934 0 0 0 0 0 0 54 970 0 0 0 0 0 0 826 198 0 
0 0 0 0 0 5 1019 0 0 0 0 0 0 3 1021 0 0 0 0 0 0 639 385 0 
0 0 0 0 0 0 1018 6 0 0 0 0 0 0 1024 0 0 0 0 0 0 465 559 0 
0 0 0 0 0 0 1008 16 0 0 0 0 0 0 1024 0 0 0 0 0 0 660 364 0 
0 0 0 0 0 0 1017 7 0 0 0 0 0 0 1024 0 0 0 0 0 0 404 620 0 
0 0 0 0 0 0 945 79 0 0 0 0 0 0 1014 10 0 0 0 0 0 0 1024 0 
0 0 0 0 0 0 759 265 0 0 0 0 0 0 953 71 0 0 0 0 0 0 1002 22 
0 0 0 0 0 0 900 124 0 0 0 0 0 0 982 42 0 0 0 0 0 0 1024 0 
0 0 0 0 0 0 692 332 0 0 0 0 0 0 958 66 0 0 0 0 0 8 1016 0 
0 0 0 0 0 0 689 335 0 0 0 0 0 0 1024 0 0 0 0 0 0 2 1022 0 
0 0 0 0 0 0 709 315 0 0 0 0 0 0 1023 1 0 0 0 0 0 14 1010 0 
0 0 0 0 0 0 451 573 0 0 0 0 0 0 959 65 0 0 0 0 0 7 1016 1 
0 0 0 0 0 0 115 909 0 0 0 0 0 0 796 228 0 0 0 0 0 0 941 83 
0 0 0 0 0 0 111 913 0 0 0 0 0 0 673 351 0 0 0 0 0 0 838 186 
0 0 0 0 0 0 52 972 0 0 0 0 0 0 409 615 0 0 0 0 0 0 595 429 
0 0 0 0 0 0 0 1024 0 0 0 0 0 0 11 1013 0 0 0 0 0 0 51 973 
0 0 0 0 0 0 128 896 0 0 0 0 0 0 487 537 0 0 0 0 0 0 841 183 
0 0 0 0 0 0 314 710 0 0 0 0 0 0 667 357 0 0 0 0 0 0 758 266 
0 0 0 0 0 0 332 692 0 0 0 0 0 0 612 412 0 0 0 0 0 0 855 169 
0 0 0 0 0 0 311 713 0 0 0 0 0 0 464 560 0 0 0 0 0 0 742 282 
0 0 0 0 0 0 50 974 0 0 0 0 0 0 321 703 0 0 0 0 0 0 543 481 
0 0 0 0 0 0 127 897 0 0 0 0 0 0 696 328 0 0 0 0 0 0 901 123 
0 0 0 0 0 0 0 1024 0 0 0 0 0 0 557 467 0 0 0 0 0 0 980 44 
0 0 0 0 0 0 10 1014 0 0 0 0 0 0 580 444 0 0 0 0 0 0 1002 22 
0 0 0 0 0 0 38 986 0 0 0 0 0 0 945 79 0 0 0 0 0 0 1024 0 
0 0 0 0 0 0 381 643 0 0 0 0 0 0 1024 0 0 0 0 0 0 271 753 0 
0 0 0 0 0 0 556 468 0 0 0 0 0 0 944 80 0 0 0 0 0 546 478 0 
0 0 0 0 0 0 308 716 0 0 0 0 0 0 840 184 0 0 0 0 0 251 773 0 
0 0 0 0 0 0 343 681 0 0 0 0 0 0 927 97 0 0 0 0 0 149 875 0 
0 0 0 0 0 0 1004 20 0 0 0 0 0 2 1022 0 0 0 0 0 0 1018 6 0 
0 0 0 0 0 5 1013 6 0 0 0 0 0 180 844 0 0 0 0 0 0 1011 13 0 
0 0 0 0 0 373 651 0 0 0 0 0 0 524 500 0 0 0 0 0 172 851 1 0 
0 0 0 0 0 983 41 0 0 0 0 0 0 1013 11 0 0 0 0 0 717 307 0 0 
0 0 0 0 0 1024 0 0 0 0 0 0 0 1024 0 0 0 0 0 0 1024 0 0 0 
0 0 0 0 250 774 0 0 0 0 0 0 164 849 11 0 0 0 0 0 859 165 0 0 
0 0 0 0 761 263 0 0 0 0 0 0 684 335 5 0 0 0 0 6 936 82 0 0 
0 0 0 0 1024 0 0 0 0 0 0 0 912 112 0 0 0 0 0 324 700 0 0 0 
0 0 0 5 1019 0 0 0 0 0 0 0 1024 0 0 0 0 0 0 756 268 0 0 0 
0 0 0 0 112 912 0 0 0 0 0 0 17 1007 0 0 0 0 0 0 790 234 0 0 
0 0 0 0 388 636 0 0 0 0 0 0 80 944 0 0 0 0 0 0 982 42 0 0 
0 0 0 0 132 892 0 0 0 0 0 0 15 1009 0 0 0 0 0 0 718 306 0 0 
0 0 0 0 35 989 0 0 0 0 0 0 0 1024 0 0 0 0 0 0 392 632 0 0 
0 0 0 0 2 1014 8 0 0 0 0 0 0 753 271 0 0 0 0 0 189 762 73 0 
0 0 0 0 0 972 52 0 0 0 0 0 0 684 340 0 0 0 0 0 95 836 93 0 
0 0 0 0 0 525 499 0 0 0 0 0 0 219 805 0 0 0 0 0 0 533 491 0 
0 0 0 0 0 459 565 0 0 0 0 0 0 297 699 28 0 0 0 0 0 550 468 6 
0 0 0 0 0 538 486 0 0 0 0 0 0 406 618 0 0 0 0 0 0 658 366 0 
0 0 0 0 0 785 239 0 0 0 0 0 0 535 489 0 0 0 0 0 0 984 40 0 
0 0 0 0 0 766 258 0 0 0 0 0 0 386 638 0 0 0 0 0 0 978 46 0 
0 0 0 0 0 238 786 0 0 0 0 0 0 149 875 0 0 0 0 0 0 983 41 0 
0 0 0 0 0 315 709 0 0 0 0 0 0 400 624 0 0 0 0 0 0 1006 18 0 
0 0 0 0 0 237 787 0 0 0 0 0 0 445 579 0 0 0 0 0 4 929 91 0 
0 0 0 0 0 89 935 0 0 0 0 0 0 379 645 0 0 0 0 0 17 898 109 0 
0 0 0 0 0 11 986 27 0 0 0 0 0 104 920 0 0 0 0 0 0 611 413 0 
0 0 0 0 0 0 1016 8 0 0 0 0 0 2 1022 0 0 0 0 0 0 683 341 0 
0 0 0 0 0 0 1008 16 0 0 0 0 0 0 1024 0 0 0 0 0 0 471 553 0 
0 0 0 0 0 0 1017 7 0 0 0 0 0 0 1024 0 0 0 0 0 0 345 679 0 
0 0 0 0 0 0 831 193 0 0 0 0 0 0 1024 0 0 0 0 0 0 4 1020 0 
0 0 0 0 0 0 818 206 0 0 0 0 0 0 1024 0 0 0 0 0 0 25 999 0 
0 0 0 0 0 0 877 147 0 0 0 0 0 0 1024 0 0 0 0 0 0 382 642 0 
0 0 0 0 0 0 737 287 0 0 0 0 0 0 957 67 0 0 0 0 0 254 743 27 
0 0 0 0 0 0 393 631 0 0 0 0 0 0 602 422 0 0 0 0 0 13 683 328 
0 0 0 0 0 0 303 721 0 0 0 0 0 0 453 571 0 0 0 0 0 0 546 478 
0 0 0 0 0 0 601 423 0 0 0 0 0 0 855 169 0 0 0 0 0 261 708 55 
0 0 0 0 0 0 635 389 0 0 0 0 0 0 923 101 0 0 0 0 0 218 787 19 
0 0 0 0 0 0 332 692 0 0 0 0 0 0 539 485 0 0 0 0 0 62 556 406 
0 0 0 0 0 0 473 551 0 0 0 0 0 0 576 448 0 0 0 0 0 58 621 345 
0 0 0 0 0 0 952 72 0 0 0 0 0 0 977 47 0 0 0 0 0 314 687 23 
0 0 0 0 0 0 823 201 0 0 0 0 0 0 877 147 0 0 0 0 0 416 569 39 
0 0 0 0 0 0 309 715 0 0 0 0 0 0 543 481 0 0 0 0 0 4 704 316 
0 0 0 0 0 0 21 1003 0 0 0 0 0 0 245 779 0 0 0 0 0 0 590 434 
0 0 0 0 0 0 0 1024 0 0 0 0 0 0 196 828 0 0 0 0 0 0 653 371 
0 0 0 0 0 0 15 1009 0 0 0 0 0 0 605 419 0 0 0 0 0 0 1024 0 
0 0 0 0 0 0 196 828 0 0 0 0 0 0 1024 0 0 0 0 0 0 0 1024 0 
0 0 0 0 0 0 496 528 0 0 0 0 0 0 1023 1 0 0 0 0 0 423 601 0 
0 0 0 0 0 0 464 560 0 0 0 0 0 0 1024 0 0 0 0 0 0 166 858 0 
0 0 0 0 0 0 964 60 0 0 0 0 0 1 1023 0 0 0 0 0 0 978 46 0 
0 0 0 0 28 170 826 0 0 0 0 0 15 480 529 0 0 0 0 1 191 832 0 0 
0 0 0 0 0 490 534 0 0 0 0 0 0 1004 20 0 0 0 0 0 665 359 0 0 
0 0 0 0 0 811 213 0 0 0 0 0 0 996 28 0 0 0 0 0 489 535 0 0 
0 0 0 0 0 1020 4 0 0 0 0 0 0 1024 0 0 0 0 0 0 573 451 0 0 
0 0 0 0 4 1020 0 0 0 0 0 0 0 1024 0 0 0 0 0 0 737 287 0 0 
0 0 0 0 316 708 0 0 0 0 0 0 219 805 0 0 0 0 0 0 954 70 0 0 
0 0 0 0 747 277 0 0 0 0 0 0 605 419 0 0 0 0 0 0 1009 15 0 0 
0 0 0 0 1002 22 0 0 0 0 0 0 784 240 0 0 0 0 0 20 1004 0 0 0 
0 0 0 0 1024 0 0 0 0 0 0 0 897 127 0 0 0 0 0 26 998 0 0 0 
0 0 0 0 554 470 0 0 0 0 0 0 239 783 2 0 0 0 0 0 977 47 0 0 
0 0 0 0 164 860 0 0 0 0 0 0 1 1018 5 0 0 0 0 0 834 190 0 0 
0 0 0 0 80 944 0 0 0 0 0 0 0 995 29 0 0 0 0 0 487 536 1 0 
0 0 0 0 0 1024 0 0 0 0 0 0 0 1024 0 0 0 0 0 0 183 841 0 0 
0 0 0 0 1 1021 2 0 0 0 0 0 0 914 110 0 0 0 0 0 152 865 7 0 
0 0 0 0 0 964 60 0 0 0 0 0 0 516 508 0 0 0 0 0 0 843 181 0 
0 0 0 0 0 457 567 0 0 0 0 0 0 136 813 75 0 0 0 0 0 450 515 59 
0 0 0 0 0 97 927 0 0 0 0 0 0 2 1022 0 0 0 0 0 0 198 826 0 
0 0 0 0 0 44 980 0 0 0 0 0 0 0 1023 1 0 0 0 0 0 277 747 0 
0 0 0 0 0 285 739 0 0 0 0 0 0 150 874 0 0 0 0 0 0 454 570 0 
0 0 0 0 0 169 855 0 0 0 0 0 0 70 954 0 0 0 0 0 0 714 310 0 
0 0 0 0 0 72 910 42 0 0 0 0 0 27 943 54 0 0 0 0 0 483 500 41 
0 0 0 0 0 81 902 41 0 0 0 0 0 91 911 22 0 0 0 0 0 514 503 7 
0 0 0 0 0 196 764 64 0 0 0 0 0 232 732 60 0 0 0 0 4 452 542 26 
0 0 0 0 0 102 875 47 0 0 0 0 0 353 644 27 0 0 0 0 3 523 478 20 
0 0 0 0 0 14 974 36 0 0 0 0 0 203 811 10 0 0 0 0 0 741 278 5 
0 0 0 0 0 0 885 139 0 0 0 0 0 7 901 116 0 0 0 0 0 579 353 92 
0 0 0 0 0 0 446 578 0 0 0 0 0 0 482 542 0 0 0 0 0 105 421 498 
0 0 0 0 0 0 863 161 0 0 0 0 0 0 1000 24 0 0 0 0 0 82 942 0 
0 0 0 0 0 0 1007 17 0 0 0 0 0 0 1024 0 0 0 0 0 0 580 444 0 
0 0 0 0 0 0 888 136 0 0 0 0 0 0 988 36 0 0 0 0 0 525 485 14 
0 0 0 0 0 0 739 285 0 0 0 0 0 0 911 113 0 0 0 0 0 201 749 74 
0 0 0 0 0 0 740 284 0 0 0 0 0 0 955 69 0 0 0 0 0 88 936 0 
0 0 0 0 0 0 807 217 0 0 0 0 0 0 1021 3 0 0 0 0 0 78 946 0 
0 0 0 0 0 0 798 226 0 0 0 0 0 0 1024 0 0 0 0 0 0 73 951 0 
0 0 0 0 0 0 963 61 0 0 0 0 0 0 1024 0 0 0 0 0 0 662 362 0 
0 0 0 0 0 0 1022 2 0 0 0 0 0 0 1024 0 0 0 0 0 0 987 37 0 
0 0 0 0 0 0 1017 7 0 0 0 0 0 0 1024 0 0 0 0 0 0 747 277 0 
0 0 0 0 0 0 960 64 0 0 0 0 0 0 1024 0 0 0 0 0 0 85 939 0 
0 0 0 0 0 0 1009 15 0 0 0 0 0 0 1022 2 0 0 0 0 0 690 334 0 
0 0 0 0 0 0 1004 20 0 0 0 0 0 2 1022 0 0 0 0 0 0 523 501 0 
0 0 0 0 0 0 908 116 0 0 0 0 0 7 992 25 0 0 0 0 0 568 456 0 
0 0 0 0 0 0 966 58 0 0 0 0 0 36 987 1 0 0 0 0 0 816 208 0 
0 0 0 0 0 0 660 364 0 0 0 0 0 29 963 32 0 0 0 0 0 526 498 0 
0 0 0 0 0 0 642 382 0 0 0 0 0 0 1007 17 0 0 0 0 0 627 397 0 
0 0 0 0 0 0 838 186 0 0 0 0 0 105 919 0 0 0 0 0 4 782 238 0 
0 0 0 0 0 0 751 273 0 0 0 0 0 8 1015 1 0 0 0 0 0 617 407 0 
0 0 0 0 0 0 560 464 0 0 0 0 0 22 974 28 0 0 0 0 0 273 751 0 
0 0 0 0 0 0 687 337 0 0 0 0 0 0 1024 0 0 0 0 0 0 414 610 0 
0 0 0 0 0 2 1011 11 0 0 0 0 0 84 940 0 0 0 0 0 2 977 45 0 
0 0 0 0 0 471 553 0 0 0 0 0 0 894 130 0 0 0 0 0 374 650 0 0 
0 0 0 0 0 999 25 0 0 0 0 0 0 1024 0 0 0 0 0 0 936 88 0 0 
0 0 0 0 0 1024 0 0 0 0 0 0 0 1024 0 0 0 0 0 0 1024 0 0 0 
0 0 0 0 11 1013 0 0 0 0 0 0 165 859 0 0 0 0 0 0 1024 0 0 0 
0 0 0 0 247 777 0 0 0 0 0 0 162 862 0 0 0 0 0 0 1020 4 0 0 
0 0 0 0 717 307 0 0 0 0 0 0 187 837 0 0 0 0 0 0 1001 23 0 0 
0 0 0 0 1019 5 0 0 0 0 0 0 658 366 0 0 0 0 0 0 1024 0 0 0 
0 0 0 1 1023 0 0 0 0 0 0 0 1024 0 0 0 0 0 0 51 973 0 0 0 
0 0 0 0 806 218 0 0 0 0 0 0 555 469 0 0 0 0 0 72 934 18 0 0 
0 0 0 0 700 324 0 0 0 0 0 0 453 569 2 0 0 0 0 0 893 131 0 0 
0 0 0 0 516 508 0 0 0 0 0 0 194 769 61 0 0 0 0 0 657 356 11 0 
0 0 0 0 282 742 0 0 0 0 0 0 8 960 56 0 0 0 0 0 622 398 4 0 
0 0 0 0 117 903 4 0 0 0 0 0 5 795 224 0 0 0 0 0 341 565 118 0 
0 0 0 0 0 1023 1 0 0 0 0 0 0 912 112 0 0 0 0 0 201 818 5 0 
0 0 0 0 1 1010 13 0 0 0 0 0 0 823 201 0 0 0 0 0 170 806 48 0 
0 0 0 0 0 994 30 0 0 0 0 0 0 722 302 0 0 0 0 0 461 545 18 0 
0 0 0 0 0 991 33 0 0 0 0 0 0 755 269 0 0 0 0 0 193 829 2 0 
0 0 0 0 0 667 357 0 0 0 0 0 0 433 591 0 0 0 0 0 17 803 204 0 
0 0 0 0 0 741 283 0 0 0 0 0 0 501 523 0 0 0 0 0 71 891 62 0 
0 0 0 0 0 247 775 2 0 0 0 0 0 64 955 5 0 0 0 0 0 650 369 5 
0 0 0 0 0 0 1004 20 0 0 0 0 0 0 954 70 0 0 0 0 0 381 598 45 
0 0 0 0 0 1 988 35 0 0 0 0 0 2 999 23 0 0 0 0 0 507 497 20 
0 0 0 0 0 0 959 65 0 0 0 0 0 0 949 75 0 0 0 0 0 386 582 56 
0 0 0 0 0 0 987 37 0 0 0 0 0 0 968 56 0 0 0 0 0 259 755 10 
0 0 0 0 0 0 921 103 0 0 0 0 0 0 857 167 0 0 0 0 0 28 971 25 
0 0 0 0 0 0 373 651 0 0 0 0 0 0 492 532 0 0 0 0 0 1 650 373 
0 0 0 0 0 0 915 109 0 0 0 0 0 0 1011 13 0 0 0 0 0 0 1024 0 
0 0 0 0 0 0 1001 23 0 0 0 0 0 0 1024 0 0 0 0 0 0 559 465 0 
0 0 0 0 0 0 1024 0 0 0 0 0 0 1 1023 0 0 0 0 0 0 948 76 0 
0 0 0 0 0 0 954 70 0 0 0 0 0 0 1024 0 0 0 0 0 0 544 480 0 
0 0 0 0 0 0 956 68 0 0 0 0 0 0 1021 3 0 0 0 0 0 374 650 0 
0 0 0 0 0 0 1000 24 0 0 0 0 0 0 1024 0 0 0 0 0 0 825 199 0 
0 0 0 0 0 0 1017 7 0 0 0 0 0 0 1024 0 0 0 0 0 0 954 70 0 
0 0 0 0 0 0 878 146 0 0 0 0 0 0 1008 16 0 0 0 0 0 241 776 7 
0 0 0 0 0 0 814 210 0 0 0 0 0 0 917 107 0 0 0 0 0 9 952 63 
0 0 0 0 0 0 938 86 0 0 0 0 0 0 1014 10 0 0 0 0 0 42 982 0 
0 0 0 0 0 0 988 36 0 0 0 0 0 0 1024 0 0 0 0 0 0 90 934 0 
0 0 0 0 0 0 1024 0 0 0 0 0 0 0 1024 0 0 0 0 0 0 555 469 0 
0 0 0 0 0 0 1024 0 0 0 0 0 0 2 1022 0 0 0 0 0 0 996 28 0 
0 0 0 0 0 0 1024 0 0 0 0 0 0 25 999 0 0 0 0 0 0 1024 0 0 
0 0 0 0 0 0 1024 0 0 0 0 0 0 44 980 0 0 0 0 0 0 1022 2 0 
0 0 0 0 0 0 1024 0 0 0 0 0 0 196 828 0 0 0 0 0 1 1023 0 0 
0 0 0 0 0 0 1024 0 0 0 0 0 0 19 1005 0 0 0 0 0 0 1024 0 0 
0 0 0 0 0 0 1024 0 0 0 0 0 0 370 654 0 0 0 0 0 90 934 0 0 
0 0 0 0 0 0 1024 0 0 0 0 0 0 161 863 0 0 0 0 0 0 1024 0 0 
0 0 0 0 0 0 1024 0 0 0 0 0 0 311 713 0 0 0 0 0 16 1008 0 0 
0 0 0 0 0 2 1021 1 0 0 0 0 0 244 780 0 0 0 0 0 2 991 31 0 
0 0 0 0 0 113 911 0 0 0 0 0 0 482 542 0 0 0 0 0 130 844 50 0 
0 0 0 0 0 538 486 0 0 0 0 0 0 792 232 0 0 0 0 0 494 530 0 0 
0 0 0 0 0 953 71 0 0 0 0 0 0 1012 12 0 0 0 0 0 873 151 0 0 
0 0 0 0 0 1024 0 0 0 0 0 0 10 1014 0 0 0 0 0 0 1024 0 0 0 
0 0 0 0 39 985 0 0 0 0 0 0 138 886 0 0 0 0 0 0 1024 0 0 0 
0 0 0 0 715 309 0 0 0 0 0 0 836 188 0 0 0 0 0 7 1017 0 0 0 
0 0 0 0 1020 4 0 0 0 0 0 0 990 34 0 0 0 0 0 20 1004 0 0 0 
0 0 0 0 1024 0 0 0 0 0 0 0 1024 0 0 0 0 0 0 352 672 0 0 0 
0 0 0 40 984 0 0 0 0 0 0 0 1024 0 0 0 0 0 0 707 317 0 0 0 
0 0 0 0 1018 6 0 0 0 0 0 0 940 84 0 0 0 0 0 258 766 0 0 0 
0 0 0 0 1024 0 0 0 0 0 0 0 983 41 0 0 0 0 0 151 873 0 0 0 
0 0 0 0 1011 13 0 0 0 0 0 0 865 159 0 0 0 0 0 1 1020 3 0 0 
0 0 0 0 1015 9 0 0 0 0 0 0 865 159 0 0 0 0 0 0 1024 0 0 0 
0 0 0 0 861 163 0 0 0 0 0 0 385 626 13 0 0 0 0 0 961 63 0 0 
0 0 0 0 299 725 0 0 0 0 0 0 6 1015 3 0 0 0 0 0 968 56 0 0 
0 0 0 0 1 1023 0 0 0 0 0 0 0 989 35 0 0 0 0 0 501 523 0 0 
0 0 0 0 0 1019 5 0 0 0 0 0 0 853 171 0 0 0 0 0 237 779 8 0 
0 0 0 0 0 1023 1 0 0 0 0 0 0 998 26 0 0 0 0 0 140 884 0 0 
0 0 0 0 0 966 58 0 0 0 0 0 0 850 174 0 0 0 0 0 4 1019 1 0 
0 0 0 0 0 986 38 0 0 0 0 0 0 783 241 0 0 0 0 0 35 989 0 0 
0 0 0 0 0 910 114 0 0 0 0 0 0 854 170 0 0 0 0 0 130 894 0 0 
0 0 0 0 0 756 268 0 0 0 0 0 0 808 216 0 0 0 0 0 517 507 0 0 
0 0 0 0 0 652 372 0 0 0 0 0 0 768 256 0 0 0 0 0 384 640 0 0 
0 0 0 0 0 544 480 0 0 0 0 0 0 752 272 0 0 0 0 0 349 671 4 0 
0 0 0 0 0 347 677 0 0 0 0 0 0 634 390 0 0 0 0 0 346 677 1 0 
0 0 0 0 0 62 962 0 0 0 0 0 0 231 793 0 0 0 0 0 17 974 33 0 
0 0 0 0 0 0 1022 2 0 0 0 0 0 16 1008 0 0 0 0 0 0 858 166 0 
0 0 0 0 0 0 1005 19 0 0 0 0 0 0 1021 3 0 0 0 0 0 555 469 0 
0 0 0 0 0 0 924 100 0 0 0 0 0 0 952 72 0 0 0 0 0 35 986 3 
0 0 0 0 0 0 946 78 0 0 0 0 0 0 998 26 0 0 0 0 0 125 898 1 
0 0 0 0 0 0 963 61 0 0 0 0 0 0 990 34 0 0 0 0 0 57 966 1 
0 0 0 0 0 0 686 338 0 0 0 0 0 0 871 153 0 0 0 0 0 14 903 107 
0 0 0 0 0 0 559 465 0 0 0 0 0 0 701 323 0 0 0 0 0 341 363 320 
0 0 0 0 0 0 552 472 0 0 0 0 0 0 532 492 0 0 0 0 0 207 360 457 
0 0 0 0 0 0 497 527 0 0 0 0 0 0 519 505 0 0 0 0 0 0 543 481 
0 0 0 0 0 0 937 87 0 0 0 0 0 0 922 102 0 0 0 0 0 0 1000 24 
0 0 0 0 0 0 984 40 0 0 0 0 0 0 980 44 0 0 0 0 0 0 1020 4 
0 0 0 0 0 0 1019 5 0 0 0 0 0 0 1024 0 0 0 0 0 0 10 1014 0 
0 0 0 0 0 0 1021 3 0 0 0 0 0 0 1024 0 0 0 0 0 0 565 459 0 
0 0 0 0 0 0 1024 0 0 0 0 0 0 0 1024 0 0 0 0 0 0 951 73 0 
0 0 0 0 0 0 1024 0 0 0 0 0 0 6 1018 0 0 0 0 0 0 950 74 0 
0 0 0 0 0 0 1024 0 0 0 0 0 0 35 989 0 0 0 0 0 0 888 136 0 
0 0 0 0 0 2 1022 0 0 0 0 0 0 178 846 0 0 0 0 0 2 1009 13 0 
0 0 0 0 0 0 1024 0 0 0 0 0 0 36 988 0 0 0 0 0 0 963 61 0 
0 0 0 0 0 0 1006 18 0 0 0 0 0 202 822 0 0 0 0 0 1 972 51 0 
0 0 0 0 0 0 856 168 0 0 0 0 0 14 1010 0 0 0 0 0 0 578 446 0 
0 0 0 0 0 0 942 82 0 0 0 0 0 4 1020 0 0 0 0 0 0 719 305 0 
0 0 0 0 0 0 1024 0 0 0 0 0 0 186 838 0 0 0 0 0 11 1010 3 0 
0 0 0 0 0 72 952 0 0 0 0 0 0 745 279 0 0 0 0 0 58 966 0 0 
0 0 0 0 0 617 407 0 0 0 0 0 0 998 26 0 0 0 0 0 441 583 0 0 
0 0 0 0 0 1000 24 0 0 0 0 0 0 1021 3 0 0 0 0 0 835 189 0 0 
0 0 0 0 0 1024 0 0 0 0 0 0 0 1024 0 0 0 0 0 0 821 203 0 0 
0 0 0 0 0 1024 0 0 0 0 0 0 6 1016 2 0 0 0 0 0 876 148 0 0 
0 0 0 0 218 806 0 0 0 0 0 0 169 855 0 0 0 0 0 8 707 309 0 0 
0 0 0 0 852 172 0 0 0 0 0 0 531 493 0 0 0 0 0 25 923 76 0 0 
0 0 0 3 1021 0 0 0 0 0 0 0 944 80 0 0 0 0 0 277 747 0 0 0 
0 0 0 58 966 0 0 0 0 0 0 1 1023 0 0 0 0 0 0 451 573 0 0 0 
0 0 0 0 933 91 0 0 0 0 0 0 443 581 0 0 0 0 0 0 1005 19 0 0 
0 0 0 0 873 151 0 0 0 0 0 0 140 884 0 0 0 0 0 0 943 81 0 0 
0 0 0 0 651 373 0 0 0 0 0 0 52 972 0 0 0 0 0 0 755 269 0 0 
0 0 0 0 902 122 0 0 0 0 0 0 239 785 0 0 0 0 0 0 1020 4 0 0 
0 0 0 0 848 176 0 0 0 0 0 0 348 676 0 0 0 0 0 0 967 57 0 0 
0 0 0 0 468 556 0 0 0 0 0 0 59 965 0 0 0 0 0 0 1023 1 0 0 
0 0 0 0 30 994 0 0 0 0 0 0 0 1019 5 0 0 0 0 0 598 426 0 0 
0 0 0 0 0 1024 0 0 0 0 0 0 0 1023 1 0 0 0 0 0 440 584 0 0 
0 0 0 0 0 1024 0 0 0 0 0 0 0 1024 0 0 0 0 0 0 787 237 0 0 
0 0 0 0 0 1024 0 0 0 0 0 0 0 1024 0 0 0 0 0 0 789 235 0 0 
0 0 0 0 0 821 203 0 0 0 0 0 0 611 413 0 0 0 0 0 173 715 136 0 
0 0 0 0 0 449 575 0 0 0 0 0 0 303 721 0 0 0 0 0 13 798 213 0 
0 0 0 0 0 678 346 0 0 0 0 0 0 616 408 0 0 0 0 0 157 781 86 0 
0 0 0 0 0 571 453 0 0 0 0 0 0 602 422 0 0 0 0 0 433 470 121 0 
0 0 0 0 0 833 191 0 0 0 0 0 0 892 132 0 0 0 0 0 561 463 0 0 
0 0 0 0 0 603 421 0 0 0 0 0 0 922 102 0 0 0 0 0 208 816 0 0 
0 0 0 0 0 243 781 0 0 0 0 0 0 783 241 0 0 0 0 0 11 1013 0 0 
0 0 0 0 0 2 1018 4 0 0 0 0 0 146 878 0 0 0 0 0 0 744 280 0 
0 0 0 0 0 3 972 49 0 0 0 0 0 28 917 79 0 0 0 0 0 410 544 70 
0 0 0 0 0 0 1005 19 0 0 0 0 0 10 1014 0 0 0 0 0 0 569 455 0 
0 0 0 0 0 0 1024 0 0 0 0 0 0 10 1014 0 0 0 0 0 0 836 188 0 
0 0 0 0 0 0 1014 10 0 0 0 0 0 3 1021 0 0 0 0 0 0 665 359 0 
0 0 0 0 0 0 997 27 0 0 0 0 0 0 1024 0 0 0 0 0 0 138 886 0 
0 0 0 0 0 0 778 246 0 0 0 0 0 0 730 294 0 0 0 0 0 0 775 249 
0 0 0 0 0 0 680 344 0 0 0 0 0 0 654 370 0 0 0 0 0 0 663 361 
0 0 0 0 0 0 947 77 0 0 0 0 0 0 901 123 0 0 0 0 0 1 1001 22 
0 0 0 0 0 0 1006 18 0 0 0 0 0 0 1017 7 0 0 0 0 0 154 870 0 
0 0 0 0 0 0 1018 6 0 0 0 0 0 0 1023 1 0 0 0 0 0 47 977 0 
0 0 0 0 0 0 1008 16 0 0 0 0 0 0 1016 8 0 0 0 0 0 91 927 6 
0 0 0 0 0 0 1024 0 0 0 0 0 0 0 1024 0 0 0 0 0 0 553 471 0 
0 0 0 0 0 0 1024 0 0 0 0 0 0 2 1022 0 0 0 0 0 0 990 34 0 
0 0 0 0 0 2 1022 0 0 0 0 0 0 88 936 0 0 0 0 0 0 892 132 0 
0 0 0 0 0 8 1016 0 0 0 0 0 0 189 835 0 0 0 0 0 2 801 221 0 
0 0 0 0 0 0 1024 0 0 0 0 0 0 252 772 0 0 0 0 0 0 1024 0 0 
0 0 0 0 0 1 1023 0 0 0 0 0 0 174 850 0 0 0 0 0 1 1023 0 0 
0 0 0 0 0 3 1021 0 0 0 0 0 0 187 837 0 0 0 0 0 6 1018 0 0 
0 0 0 0 0 0 1017 7 0 0 0 0 0 62 962 0 0 0 0 0 0 1016 8 0 
0 0 0 0 0 0 1016 8 0 0 0 0 0 76 948 0 0 0 0 0 0 946 78 0 
0 0 0 0 0 124 900 0 0 0 0 0 0 560 464 0 0 0 0 0 295 729 0 0 
0 0 0 0 0 342 682 0 0 0 0 0 0 771 253 0 0 0 0 0 356 668 0 0 
0 0 0 0 0 707 317 0 0 0 0 0 0 841 183 0 0 0 0 0 562 462 0 0 
0 0 0 0 0 862 162 0 0 0 0 0 0 705 319 0 0 0 0 0 509 515 0 0 
0 0 0 0 0 1000 24 0 0 0 0 0 0 803 221 0 0 0 0 0 321 703 0 0 
0 0 0 0 0 1024 0 0 0 0 0 0 0 944 80 0 0 0 0 0 150 872 2 0 
0 0 0 0 201 823 0 0 0 0 0 0 8 1016 0 0 0 0 0 0 884 140 0 0 
0 0 0 0 826 198 0 0 0 0 0 0 197 827 0 0 0 0 0 0 1023 1 0 0 
0 0 0 0 1024 0 0 0 0 0 0 0 738 286 0 0 0 0 0 0 1024 0 0 0 
0 0 0 33 991 0 0 0 0 0 0 0 1024 0 0 0 0 0 0 4 1020 0 0 0 
0 0 0 0 1024 0 0 0 0 0 0 0 622 402 0 0 0 0 0 0 971 53 0 0 
0 0 0 0 963 61 0 0 0 0 0 0 421 560 43 0 0 0 0 0 790 181 53 0 
0 0 0 0 807 217 0 0 0 0 0 0 394 425 205 0 0 0 0 0 686 139 199 0 
0 0 0 0 581 443 0 0 0 0 0 0 161 505 358 0 0 0 0 0 534 136 354 0 
0 0 0 0 283 741 0 0 0 0 0 0 3 658 363 0 0 0 0 0 260 423 341 0 
0 0 0 0 249 775 0 0 0 0 0 0 0 1024 0 0 0 0 0 0 301 723 0 0 
0 0 0 0 31 993 0 0 0 0 0 0 0 1000 24 0 0 0 0 0 244 780 0 0 
0 0 0 0 2 1022 0 0 0 0 0 0 0 784 240 0 0 0 0 0 298 677 49 0 
0 0 0 0 0 1024 0 0 0 0 0 0 0 971 53 0 0 0 0 0 228 796 0 0 
0 0 0 0 0 1024 0 0 0 0 0 0 0 1007 17 0 0 0 0 0 424 600 0 0 
0 0 0 0 0 1024 0 0 0 0 0 0 0 893 131 0 0 0 0 0 372 652 0 0 
0 0 0 0 0 892 132 0 0 0 0 0 0 620 404 0 0 0 0 0 68 900 56 0 
0 0 0 0 0 841 183 0 0 0 0 0 0 665 359 0 0 0 0 0 1 910 113 0 
0 0 0 0 0 811 213 0 0 0 0 0 0 619 405 0 0 0 0 0 1 976 47 0 
0 0 0 0 0 533 491 0 0 0 0 0 0 405 619 0 0 0 0 0 1 944 79 0 
0 0 0 0 0 368 656 0 0 0 0 0 0 321 703 0 0 0 0 0 0 965 59 0 
0 0 0 0 0 134 890 0 0 0 0 0 0 156 868 0 0 0 0 0 0 962 62 0 
0 0 0 0 0 47 977 0 0 0 0 0 0 143 881 0 0 0 0 0 0 939 85 0 
0 0 0 0 0 21 1003 0 0 0 0 0 0 160 864 0 0 0 0 0 0 1016 8 0 
0 0 0 0 0 3 1021 0 0 0 0 0 0 230 794 0 0 0 0 0 1 1023 0 0 
0 0 0 0 0 0 1024 0 0 0 0 0 0 92 932 0 0 0 0 0 0 1024 0 0 
0 0 0 0 0 0 1024 0 0 0 0 0 0 80 944 0 0 0 0 0 0 1015 9 0 
0 0 0 0 0 0 1024 0 0 0 0 0 0 1 1023 0 0 0 0 0 0 811 213 0 
0 0 0 0 0 0 1023 1 0 0 0 0 0 0 1024 0 0 0 0 0 0 670 354 0 
0 0 0 0 0 0 1024 0 0 0 0 0 0 0 1024 0 0 0 0 0 0 340 684 0 
0 0 0 0 0 0 1021 3 0 0 0 0 0 0 1024 0 0 0 0 0 0 338 686 0 
0 0 0 0 0 0 1024 0 0 0 0 0 0 0 1024 0 0 0 0 0 0 996 28 0 
0 0 0 0 0 0 1024 0 0 0 0 0 0 27 997 0 0 0 0 0 0 988 36 0 
0 0 0 0 0 6 1018 0 0 0 0 0 0 103 921 0 0 0 0 0 0 1022 2 0 
0 0 0 0 0 130 894 0 0 0 0 0 0 473 551 0 0 0 0 0 0 1024 0 0 
0 0 0 0 0 305 719 0 0 0 0 0 0 741 283 0 0 0 0 0 0 1024 0 0 
0 0 0 0 0 199 825 0 0 0 0 0 0 619 405 0 0 0 0 0 2 1022 0 0 
0 0 0 0 0 99 925 0 0 0 0 0 0 655 369 0 0 0 0 0 10 1014 0 0 
0 0 0 0 0 166 858 0 0 0 0 0 0 840 184 0 0 0 0 0 78 946 0 0 
0 0 0 0 0 125 899 0 0 0 0 0 0 894 130 0 0 0 0 0 302 722 0 0 
0 0 0 0 0 57 967 0 0 0 0 0 0 240 784 0 0 0 0 0 60 764 200 0 
0 0 0 0 0 0 1024 0 0 0 0 0 0 12 1012 0 0 0 0 0 0 826 198 0 
0 0 0 0 0 0 1024 0 0 0 0 0 0 58 966 0 0 0 0 0 0 473 551 0 
0 0 0 0 0 20 1004 0 0 0 0 0 0 132 892 0 0 0 0 0 3 491 530 0 
0 0 0 0 0 24 1000 0 0 0 0 0 0 32 992 0 0 0 0 0 0 880 144 0 
0 0 0 0 0 260 764 0 0 0 0 0 0 377 647 0 0 0 0 0 162 809 53 0 
0 0 0 0 0 803 221 0 0 0 0 0 0 538 486 0 0 0 0 0 371 653 0 0 
0 0 0 0 0 1017 7 0 0 0 0 0 0 756 268 0 0 0 0 0 27 997 0 0 
0 0 0 0 1 1023 0 0 0 0 0 0 0 1019 5 0 0 0 0 0 172 852 0 0 
0 0 0 0 179 819 10 16 0 0 0 0 5 991 12 16 0 0 0 0 333 665 13 13 
0 0 0 0 857 167 0 0 0 0 0 0 81 943 0 0 0 0 0 0 344 680 0 0 
0 0 0 0 1024 0 0 0 0 0 0 0 481 543 0 0 0 0 0 0 890 134 0 0 
0 0 0 175 849 0 0 0 0 0 0 0 1023 1 0 0 0 0 0 120 904 0 0 0 
0 0 0 2 1022 0 0 0 0 0 0 0 456 568 0 0 0 0 0 0 722 302 0 0 
0 0 0 0 935 89 0 0 0 0 0 0 23 919 82 0 0 0 0 0 142 751 131 0 
0 0 0 0 693 331 0 0 0 0 0 0 3 569 452 0 0 0 0 0 80 382 562 0 
0 0 0 0 458 566 0 0 0 0 0 0 4 422 598 0 0 0 0 0 89 300 635 0 
0 0 0 0 392 632 0 0 0 0 0 0 0 430 594 0 0 0 0 0 40 361 623 0 
0 0 0 0 278 746 0 0 0 0 0 0 0 501 523 0 0 0 0 0 36 472 516 0 
0 0 0 0 59 965 0 0 0 0 0 0 0 351 673 0 0 0 0 0 138 239 647 0 
0 0 0 0 26 998 0 0 0 0 0 0 0 686 338 0 0 0 0 0 73 641 310 0 
0 0 0 0 1 1023 0 0 0 0 0 0 0 875 149 0 0 0 0 0 85 863 76 0 
0 0 0 0 0 1021 3 0 0 0 0 0 0 756 268 0 0 0 0 0 40 941 43 0 
0 0 0 0 0 1009 15 0 0 0 0 0 0 604 420 0 0 0 0 0 8 930 86 0 
0 0 0 0 5 1013 6 0 0 0 0 0 0 900 124 0 0 0 0 0 4 1011 9 0 
0 0 0 0 0 884 140 0 0 0 0 0 0 700 324 0 0 0 0 0 0 888 136 0 
0 0 0 0 0 970 54 0 0 0 0 0 0 538 486 0 0 0 0 0 0 1003 21 0 
0 0 0 0 0 921 103 0 0 0 0 0 0 519 505 0 0 0 0 0 0 1012 12 0 
0 0 0 0 0 627 397 0 0 0 0 0 0 214 810 0 0 0 0 0 0 953 71 0 
0 0 0 0 0 248 776 0 0 0 0 0 0 54 970 0 0 0 0 0 0 741 283 0 
0 0 0 0 0 126 898 0 0 0 0 0 0 40 984 0 0 0 0 0 0 402 622 0 
0 0 0 0 0 0 1024 0 0 0 0 0 0 0 1024 0 0 0 0 0 0 142 882 0 
0 0 0 0 0 0 1024 0 0 0 0 0 0 0 1024 0 0 0 0 0 0 373 651 0 
0 0 0 0 0 0 1024 0 0 0 0 0 0 0 1024 0 0 0 0 0 0 391 633 0 
0 0 0 0 0 0 1024 0 0 0 0 0 0 0 1024 0 0 0 0 0 0 343 681 0 
0 0 0 0 0 0 1024 0 0 0 0 0 0 0 1024 0 0 0 0 0 0 128 896 0 
0 0 0 0 0 0 1024 0 0 0 0 0 0 0 1024 0 0 0 0 0 0 72 952 0 
0 0 0 0 0 0 1024 0 0 0 0 0 0 0 1024 0 0 0 0 0 0 360 664 0 
0 0 0 0 0 0 1024 0 0 0 0 0 0 2 1022 0 0 0 0 0 0 503 520 1 
0 0 0 0 0 0 1024 0 0 0 0 0 0 4 1020 0 0 0 0 0 0 497 527 0 
0 0 0 0 0 72 952 0 0 0 0 0 0 74 950 0 0 0 0 0 0 625 399 0 
0 0 0 0 0 142 882 0 0 0 0 0 0 412 612 0 0 0 0 0 0 661 363 0 
0 0 0 0 0 513 511 0 0 0 0 0 0 545 479 0 0 0 0 0 3 828 193 0 
0 0 0 0 0 789 235 0 0 0 0 0 0 781 243 0 0 0 0 0 6 983 35 0 
0 0 0 0 0 894 130 0 0 0 0 0 0 993 31 0 0 0 0 0 59 965 0 0 
0 0 0 0 0 753 271 0 0 0 0 0 0 1014 10 0 0 0 0 0 269 755 0 0 
0 0 0 0 0 686 338 0 0 0 0 0 0 941 83 0 0 0 0 0 399 625 0 0 
0 0 0 0 0 424 595 5 0 0 0 0 0 758 265 1 0 0 0 0 385 636 3 0 
0 0 0 0 0 165 859 0 0 0 0 0 0 279 745 0 0 0 0 0 55 867 102 0 
1 19 12 20 16 60 896 0 0 10 19 13 18 44 920 0 0 22 14 18 21 611 338 0 
124 79 27 23 25 53 693 0 0 167 50 28 24 42 713 0 27 170 33 23 28 319 424 0 
218 76 21 18 28 112 551 0 0 261 39 29 18 92 585 0 92 187 30 23 31 519 142 0 
298 61 21 20 30 264 330 0 0 324 43 26 23 241 367 0 82 266 30 21 99 510 16 0 
465 69 21 25 27 357 60 0 0 504 43 28 21 408 20 0 343 181 28 27 287 158 0 0 
374 39 27 25 28 518 13 0 0 390 33 23 25 452 101 0 236 170 27 20 200 369 2 0 
360 43 30 20 29 542 0 0 8 368 35 26 28 376 183 0 214 176 24 25 28 510 47 0 
393 38 22 26 92 453 0 0 5 402 30 25 26 529 7 0 292 120 28 25 65 494 0 0 
361 32 25 32 437 137 0 0 13 360 31 24 45 551 0 0 207 174 27 26 97 493 0 0 
285 28 27 33 642 9 0 0 5 289 31 21 104 574 0 0 225 74 28 22 237 438 0 0 
285 31 28 67 613 0 0 0 111 186 29 31 600 67 0 0 228 72 30 29 655 10 0 0 
239 33 31 533 188 0 0 0 151 97 32 38 706 0 0 0 206 48 32 365 373 0 0 0 
0 0 0 304 720 0 0 0 0 0 0 0 584 440 0 0 0 0 0 0 628 396 0 0 
0 0 0 82 942 0 0 0 0 0 0 0 508 516 0 0 0 0 0 0 580 444 0 0 
0 0 0 55 969 0 0 0 0 0 0 0 325 699 0 0 0 0 0 0 497 527 0 0 
0 0 0 3 1008 13 0 0 0 0 0 0 21 1000 3 0 0 0 0 0 377 636 11 0 
0 0 0 0 988 36 0 0 0 0 0 0 0 1017 7 0 0 0 0 0 91 897 36 0 
0 0 0 0 743 281 0 0 0 0 0 0 0 745 279 0 0 0 0 0 13 700 311 0 
0 0 0 0 497 527 0 0 0 0 0 0 0 530 494 0 0 0 0 0 3 478 543 0 
0 0 0 0 266 758 0 0 0 0 0 0 0 309 715 0 0 0 0 0 0 303 721 0 
0 0 0 0 127 897 0 0 0 0 0 0 0 280 744 0 0 0 0 0 0 286 738 0 
0 0 0 0 65 955 4 0 0 0 0 0 0 346 678 0 0 0 0 0 0 414 610 0 
0 0 0 0 4 987 33 0 0 0 0 0 0 66 958 0 0 0 0 0 0 122 902 0 
0 0 0 0 0 904 120 0 0 0 0 0 0 9 1015 0 0 0 0 0 0 25 999 0 
0 0 0 0 0 949 75 0 0 0 0 0 0 78 946 0 0 0 0 0 0 315 709 0 
0 0 0 0 0 925 99 0 0 0 0 0 0 123 901 0 0 0 0 0 0 386 638 0 
0 0 0 0 0 883 141 0 0 0 0 0 0 57 967 0 0 0 0 0 0 290 734 0 
0 0 0 0 0 928 96 0 0 0 0 0 0 143 881 0 0 0 0 0 0 537 487 0 
0 0 0 0 0 811 213 0 0 0 0 0 0 61 963 0 0 0 0 0 0 493 531 0 
0 0 0 0 0 148 876 0 0 0 0 0 0 1 1023 0 0 0 0 0 0 146 878 0 
0 0 0 0 0 64 960 0 0 0 0 0 0 0 1024 0 0 0 0 0 0 3 1021 0 
0 0 0 0 0 8 1015 1 0 0 0 0 0 0 1020 4 0 0 0 0 0 27 997 0 
0 0 0 0 0 1 1023 0 0 0 0 0 0 0 1024 0 0 0 0 0 0 64 960 0 
0 0 0 0 0 9 1015 0 0 0 0 0 0 0 1024 0 0 0 0 0 0 11 1013 0 
0 0 0 0 0 1 1023 0 0 0 0 0 0 0 1024 0 0 0 0 0 0 1 1023 0 
0 0 0 0 0 0 1024 0 0 0 0 0 0 0 1024 0 0 0 0 0 0 16 1008 0 
0 0 0 0 0 2 1022 0 0 0 0 0 0 0 1024 0 0 0 0 0 0 205 812 7 
0 0 0 0 0 2 1022 0 0 0 0 0 0 0 1024 0 0 0 0 0 0 102 922 0 
0 0 0 0 0 17 1007 0 0 0 0 0 0 0 1024 0 0 0 0 0 0 96 928 0 
0 0 0 0 0 210 814 0 0 0 0 0 0 0 1024 0 0 0 0 0 0 295 729 0 
58 56 23 25 28 282 552 0 0 79 47 22 23 42 811 0 0 99 33 23 23 308 538 0 
230 65 30 23 25 211 440 0 0 214 86 27 26 40 631 0 7 261 42 25 22 145 522 0 
301 57 25 20 26 366 229 0 0 310 58 23 24 145 464 0 38 302 33 24 24 279 324 0 
389 51 24 26 28 502 4 0 0 412 39 26 27 496 24 0 106 327 27 27 121 413 3 0 
331 85 34 29 36 509 0 0 0 389 48 31 35 521 0 0 123 298 33 27 380 163 0 0 
562 80 34 21 33 293 1 0 0 601 57 31 35 300 0 0 196 448 35 29 212 104 0 0 
688 55 27 23 23 194 14 0 1 716 38 27 26 206 10 0 545 194 30 21 57 177 0 0 
794 93 25 26 25 57 4 0 0 836 68 28 28 39 25 0 610 275 28 26 27 58 0 0 
931 64 16 6 7 0 0 0 2 969 34 8 9 2 0 0 665 330 16 8 5 0 0 0 
1011 13 0 0 0 0 0 0 1 1022 1 0 0 0 0 0 777 247 0 0 0 0 0 0 
1024 0 0 0 0 0 0 0 56 968 0 0 0 0 0 0 959 65 0 0 0 0 0 0 
1024 0 0 0 0 0 0 0 206 818 0 0 0 0 0 0 931 93 0 0 0 0 0 0 
1024 0 0 0 0 0 0 0 198 826 0 0 0 0 0 0 1012 12 0 0 0 0 0 0 
1024 0 0 0 0 0 0 0 273 751 0 0 0 0 0 0 1002 22 0 0 0 0 0 0 
1024 0 0 0 0 0 0 0 408 616 0 0 0 0 0 0 1024 0 0 0 0 0 0 0 
1024 0 0 0 0 0 0 0 698 326 0 0 0 0 0 0 1002 22 0 0 0 0 0 0 
1024 0 0 0 0 0 0 0 687 337 0 0 0 0 0 0 1024 0 0 0 0 0 0 0 
1024 0 0 0 0 0 0 0 889 135 0 0 0 0 0 0 1024 0 0 0 0 0 0 0 
1024 0 0 0 0 0 0 0 1010 14 0 0 0 0 0 0 1024 0 0 0 0 0 0 0 
1024 0 0 0 0 0 0 0 1024 0 0 0 0 0 0 0 1024 0 0 0 0 0 0 0 
353 36 30 557 48 0 0 0 1 354 33 26 606 4 0 0 0 310 73 28 538 75 0 0 
297 32 34 394 267 0 0 0 0 296 34 30 556 108 0 0 0 218 111 28 445 222 0 0 
245 38 37 332 372 0 0 0 9 235 38 34 324 384 0 0 0 234 46 30 392 322 0 0 
468 44 31 118 363 0 0 0 76 378 57 31 81 401 0 0 69 372 61 30 180 312 0 0 
479 40 30 78 397 0 0 0 0 473 38 30 44 439 0 0 0 436 74 28 40 446 0 0 
408 48 35 40 492 1 0 0 0 382 68 34 35 505 0 0 0 242 200 31 75 474 2 0 
304 44 32 44 588 12 0 0 0 245 103 29 30 617 0 0 0 169 166 31 31 609 18 0 
233 60 28 34 618 51 0 0 0 186 101 29 32 676 0 0 0 148 127 26 29 688 6 0 
179 47 32 29 600 137 0 0 0 172 51 26 33 742 0 0 0 154 62 27 31 749 1 0 
85 40 25 32 494 348 0 0 0 87 36 26 31 697 147 0 0 68 51 28 30 720 127 0 
22 28 29 32 313 600 0 0 0 20 28 30 30 558 358 0 0 12 32 28 29 584 339 0 
0 0 5 22 189 808 0 0 0 0 0 4 20 403 597 0 0 0 0 0 20 562 442 0 
0 0 0 0 60 964 0 0 0 0 0 0 0 130 894 0 0 0 0 0 0 385 639 0 
0 0 0 0 31 993 0 0 0 0 0 0 0 59 965 0 0 0 0 0 0 253 771 0 
0 0 0 0 0 1024 0 0 0 0 0 0 0 83 941 0 0 0 0 0 0 402 622 0 
0 0 0 0 2 1022 0 0 0 0 0 0 0 51 973 0 0 0 0 0 0 611 413 0 
0 0 0 0 0 1022 2 0 0 0 0 0 0 30 994 0 0 0 0 0 0 315 709 0 
0 0 0 0 0 904 120 0 0 0 0 0 0 3 1021 0 0 0 0 0 0 4 1020 0 
0 0 0 0 0 663 361 0 0 0 0 0 0 3 1021 0 0 0 0 0 0 24 1000 0 
13 29 20 17 24 251 670 0 0 14 30 20 18 30 912 0 0 24 23 23 17 103 834 0 
64 42 28 17 25 244 604 0 0 70 39 26 24 28 837 0 0 85 26 24 28 77 784 0 
70 48 18 23 21 234 610 0 0 70 50 23 18 31 832 0 2 88 33 21 19 142 719 0 
162 41 22 24 19 144 612 0 0 174 39 16 24 29 742 0 6 181 30 17 20 149 621 0 
228 67 21 22 22 159 505 0 0 244 53 26 18 27 656 0 2 267 37 20 20 285 393 0 
322 69 24 22 24 172 391 0 0 318 79 24 23 33 547 0 13 359 36 18 21 485 92 0 
423 63 24 23 26 155 310 0 0 431 63 26 19 34 451 0 103 358 35 26 22 346 134 0 
627 63 23 25 24 184 78 0 0 630 63 25 25 34 247 0 156 508 37 24 23 158 118 0 
767 54 26 23 25 118 11 0 3 779 47 20 29 42 104 0 364 444 31 20 27 109 29 0 
997 17 5 4 1 0 0 0 0 1005 11 6 2 0 0 0 284 727 8 4 1 0 0 0 
1024 0 0 0 0 0 0 0 0 1024 0 0 0 0 0 0 340 684 0 0 0 0 0 0 
1024 0 0 0 0 0 0 0 0 1022 2 0 0 0 0 0 499 525 0 0 0 0 0 0 
1024 0 0 0 0 0 0 0 0 1024 0 0 0 0 0 0 456 568 0 0 0 0 0 0 
1024 0 0 0 0 0 0 0 0 1024 0 0 0 0 0 0 591 433 0 0 0 0 0 0 
1024 0 0 0 0 0 0 0 16 1008 0 0 0 0 0 0 969 55 0 0 0 0 0 0 
997 27 0 0 0 0 0 0 178 817 29 0 0 0 0 0 958 63 3 0 0 0 0 0 
1010 14 0 0 0 0 0 0 294 723 7 0 0 0 0 0 962 62 0 0 0 0 0 0 
1024 0 0 0 0 0 0 0 383 641 0 0 0 0 0 0 1021 3 0 0 0 0 0 0 
1024 0 0 0 0 0 0 0 435 589 0 0 0 0 0 0 1024 0 0 0 0 0 0 0 
1024 0 0 0 0 0 0 0 551 473 0 0 0 0 0 0 1024 0 0 0 0 0 0 0 
1024 0 0 0 0 0 0 0 691 333 0 0 0 0 0 0 1024 0 0 0 0 0 0 0 
1024 0 0 0 0 0 0 0 627 397 0 0 0 0 0 0 1024 0 0 0 0 0 0 0 
1024 0 0 0 0 0 0 0 910 114 0 0 0 0 0 0 1024 0 0 0 0 0 0 0 
1024 0 0 0 0 0 0 0 1017 7 0 0 0 0 0 0 1024 0 0 0 0 0 0 0 
1024 0 0 0 0 0 0 0 1022 2 0 0 0 0 0 0 1024 0 0 0 0 0 0 0 
1024 0 0 0 0 0 0 0 1024 0 0 0 0 0 0 0 1024 0 0 0 0 0 0 0 
1024 0 0 0 0 0 0 0 1024 0 0 0 0 0 0 0 1024 0 0 0 0 0 0 0 
1024 0 0 0 0 0 0 0 1024 0 0 0 0 0 0 0 1024 0 0 0 0 0 0 0 
1024 0 0 0 0 0 0 0 1024 0 0 0 0 0 0 0 1024 0 0 0 0 0 0 0 
1024 0 0 0 0 0 0 0 132 892 0 0 0 0 0 0 53 836 135 0 0 0 0 0 
1024 0 0 0 0 0 0 0 87 931 6 0 0 0 0 0 24 800 200 0 0 0 0 0 
1024 0 0 0 0 0 0 0 63 959 2 0 0 0 0 0 2 796 226 0 0 0 0 0 
1024 0 0 0 0 0 0 0 33 909 82 0 0 0 0 0 5 527 492 0 0 0 0 0 
1024 0 0 0 0 0 0 0 44 935 45 0 0 0 0 0 18 500 506 0 0 0 0 0 
1024 0 0 0 0 0 0 0 51 795 178 0 0 0 0 0 25 468 531 0 0 0 0 0 
1024 0 0 0 0 0 0 0 5 463 556 0 0 0 0 0 4 128 892 0 0 0 0 0 
1000 24 0 0 0 0 0 0 0 470 554 0 0 0 0 0 0 138 874 12 0 0 0 0 
1000 24 0 0 0 0 0 0 1 444 579 0 0 0 0 0 0 48 976 0 0 0 0 0 
1002 22 0 0 0 0 0 0 0 450 574 0 0 0 0 0 0 154 869 1 0 0 0 0 
976 48 0 0 0 0 0 0 0 516 508 0 0 0 0 0 0 296 727 1 0 0 0 0 
825 172 17 10 0 0 0 0 0 292 702 20 10 0 0 0 0 130 850 33 11 0 0 0 
476 444 35 25 42 2 0 0 0 155 749 49 26 40 5 0 0 85 792 72 27 39 9 0 
599 249 30 31 74 41 0 0 0 146 703 28 34 66 47 0 0 86 754 29 32 70 53 0 
349 417 28 28 100 102 0 0 0 106 656 28 28 155 51 0 0 92 642 56 25 177 32 0 
233 468 30 21 69 203 0 0 0 112 590 30 23 195 74 0 0 97 533 102 22 269 1 0 
229 524 24 27 49 171 0 0 0 162 584 37 22 117 102 0 7 156 527 93 24 183 34 0 
438 468 23 24 39 32 0 0 0 355 547 26 29 34 33 0 72 278 470 111 26 44 23 0 
401 503 25 23 25 47 0 0 0 339 549 41 25 32 38 0 20 328 484 103 24 36 29 0 
559 451 5 4 3 2 0 0 0 482 512 21 4 4 1 0 59 487 311 159 5 2 1 0 
691 332 1 0 0 0 0 0 0 646 365 13 0 0 0 0 96 609 232 87 0 0 0 0 
827 192 5 0 0 0 0 0 0 789 224 11 0 0 0 0 223 613 157 31 0 0 0 0 
929 95 0 0 0 0 0 0 31 887 105 1 0 0 0 0 339 580 86 19 0 0 0 0 
1019 5 0 0 0 0 0 0 26 983 15 0 0 0 0 0 621 398 5 0 0 0 0 0 
1024 0 0 0 0 0 0 0 54 970 0 0 0 0 0 0 872 152 0 0 0 0 0 0 
1023 1 0 0 0 0 0 0 46 978 0 0 0 0 0 0 782 242 0 0 0 0 0 0 
1024 0 0 0 0 0 0 0 115 909 0 0 0 0 0 0 778 246 0 0 0 0 0 0 
1024 0 0 0 0 0 0 0 243 781 0 0 0 0 0 0 819 205 0 0 0 0 0 0 
1024 0 0 0 0 0 0 0 402 622 0 0 0 0 0 0 1013 11 0 0 0 0 0 0 
1024 0 0 0 0 0 0 0 136 888 0 0 0 0 0 0 920 104 0 0 0 0 0 0 
1024 0 0 0 0 0 0 0 195 829 0 0 0 0 0 0 982 42 0 0 0 0 0 0 
1024 0 0 0 0 0 0 0 448 576 0 0 0 0 0 0 977 47 0 0 0 0 0 0 
1024 0 0 0 0 0 0 0 600 424 0 0 0 0 0 0 1024 0 0 0 0 0 0 0 
1024 0 0 0 0 0 0 0 559 465 0 0 0 0 0 0 1024 0 0 0 0 0 0 0 
1019 5 0 0 0 0 0 0 342 676 6 0 0 0 0 0 961 63 0 0 0 0 0 0 
1024 0 0 0 0 0 0 0 590 434 0 0 0 0 0 0 966 58 0 0 0 0 0 0 
1024 0 0 0 0 0 0 0 931 93 0 0 0 0 0 0 1024 0 0 0 0 0 0 0 
1024 0 0 0 0 0 0 0 994 30 0 0 0 0 0 0 1022 2 0 0 0 0 0 0 
1021 3 0 0 0 0 0 0 738 286 0 0 0 0 0 0 990 34 0 0 0 0 0 0 
1024 0 0 0 0 0 0 0 909 115 0 0 0 0 0 0 1018 6 0 0 0 0 0 0 
1024 0 0 0 0 0 0 0 1015 9 0 0 0 0 0 0 1024 0 0 0 0 0 0 0 
1024 0 0 0 0 0 0 0 1024 0 0 0 0 0 0 0 1024 0 0 0 0 0 0 0 
1024 0 0 0 0 0 0 0 1023 1 0 0 0 0 0 0 1024 0 0 0 0 0 0 0 
1024 0 0 0 0 0 0 0 1001 23 0 0 0 0 0 0 1013 11 0 0 0 0 0 0 
1024 0 0 0 0 0 0 0 1021 3 0 0 0 0 0 0 1024 0 0 0 0 0 0 0 
1024 0 0 0 0 0 0 0 1024 0 0 0 0 0 0 0 1024 0 0 0 0 0 0 0 
1024 0 0 0 0 0 0 0 977 47 0 0 0 0 0 0 1001 23 0 0 0 0 0 0 
1024 0 0 0 0 0 0 0 1024 0 0 0 0 0 0 0 1024 0 0 0 0 0 0 0 
1024 0 0 0 0 0 0 0 214 809 1 0 0 0 0 0 136 758 130 0 0 0 0 0 
900 110 14 0 0 0 0 0 305 624 95 0 0 0 0 0 354 619 51 0 0 0 0 0 
1024 0 0 0 0 0 0 0 796 226 2 0 0 0 0 0 742 250 32 0 0 0 0 0 
1024 0 0 0 0 0 0 0 37 983 4 0 0 0 0 0 35 697 292 0 0 0 0 0 
1011 13 0 0 0 0 0 0 535 465 24 0 0 0 0 0 531 350 143 0 0 0 0 0 
1024 0 0 0 0 0 0 0 372 487 165 0 0 0 0 0 357 322 345 0 0 0 0 0 
995 29 0 0 0 0 0 0 317 449 258 0 0 0 0 0 318 311 395 0 0 0 0 0 
977 47 0 0 0 0 0 0 361 291 372 0 0 0 0 0 335 268 421 0 0 0 0 0 
956 68 0 0 0 0 0 0 338 287 399 0 0 0 0 0 263 264 497 0 0 0 0 0 
977 47 0 0 0 0 0 0 94 498 432 0 0 0 0 0 76 412 536 0 0 0 0 0 
1021 3 0 0 0 0 0 0 318 512 194 0 0 0 0 0 292 433 299 0 0 0 0 0 
989 35 0 0 0 0 0 0 155 413 456 0 0 0 0 0 155 312 557 0 0 0 0 0 
706 318 0 0 0 0 0 0 107 314 603 0 0 0 0 0 102 278 596 48 0 0 0 0 
950 74 0 0 0 0 0 0 221 214 589 0 0 0 0 0 184 201 635 4 0 0 0 0 
783 241 0 0 0 0 0 0 236 197 591 0 0 0 0 0 201 158 665 0 0 0 0 0 
475 549 0 0 0 0 0 0 143 211 670 0 0 0 0 0 123 209 608 84 0 0 0 0 
642 382 0 0 0 0 0 0 268 241 514 1 0 0 0 0 232 232 507 53 0 0 0 0 
413 604 7 0 0 0 0 0 74 250 691 9 0 0 0 0 67 219 571 167 0 0 0 0 
377 647 0 0 0 0 0 0 76 237 704 7 0 0 0 0 81 208 491 244 0 0 0 0 
332 692 0 0 0 0 0 0 36 195 792 1 0 0 0 0 41 182 516 285 0 0 0 0 
354 669 1 0 0 0 0 0 50 250 669 55 0 0 0 0 47 224 305 448 0 0 0 0 
298 716 10 0 0 0 0 0 17 232 700 75 0 0 0 0 17 208 384 415 0 0 0 0 
390 611 23 0 0 0 0 0 8 288 612 116 0 0 0 0 5 264 398 357 0 0 0 0 
520 502 2 0 0 0 0 0 10 430 548 36 0 0 0 0 17 391 522 94 0 0 0 0 
859 165 0 0 0 0 0 0 275 517 232 0 0 0 0 0 455 338 225 6 0 0 0 0 
1024 0 0 0 0 0 0 0 579 445 0 0 0 0 0 0 1009 15 0 0 0 0 0 0 
1024 0 0 0 0 0 0 0 541 483 0 0 0 0 0 0 1013 11 0 0 0 0 0 0 
1024 0 0 0 0 0 0 0 535 489 0 0 0 0 0 0 955 69 0 0 0 0 0 0 
1024 0 0 0 0 0 0 0 595 429 0 0 0 0 0 0 937 87 0 0 0 0 0 0 
1024 0 0 0 0 0 0 0 714 310 0 0 0 0 0 0 1002 22 0 0 0 0 0 0 
1024 0 0 0 0 0 0 0 843 181 0 0 0 0 0 0 1024 0 0 0 0 0 0 0 
1024 0 0 0 0 0 0 0 760 264 0 0 0 0 0 0 1014 10 0 0 0 0 0 0 
1024 0 0 0 0 0 0 0 839 185 0 0 0 0 0 0 1013 11 0 0 0 0 0 0 
1024 0 0 0 0 0 0 0 930 94 0 0 0 0 0 0 1024 0 0 0 0 0 0 0 
1024 0 0 0 0 0 0 0 975 49 0 0 0 0 0 0 1024 0 0 0 0 0 0 0 
1024 0 0 0 0 0 0 0 930 94 0 0 0 0 0 0 1024 0 0 0 0 0 0 0 
1024 0 0 0 0 0 0 0 943 81 0 0 0 0 0 0 1024 0 0 0 0 0 0 0 
1013 11 0 0 0 0 0 0 607 417 0 0 0 0 0 0 929 95 0 0 0 0 0 0 
1024 0 0 0 0 0 0 0 975 49 0 0 0 0 0 0 1021 3 0 0 0 0 0 0 
1021 3 0 0 0 0 0 0 827 197 0 0 0 0 0 0 972 52 0 0 0 0 0 0 
1021 3 0 0 0 0 0 0 735 289 0 0 0 0 0 0 931 93 0 0 0 0 0 0 
1024 0 0 0 0 0 0 0 930 94 0 0 0 0 0 0 982 42 0 0 0 0 0 0 
1024 0 0 0 0 0 0 0 817 207 0 0 0 0 0 0 944 80 0 0 0 0 0 0 
1024 0 0 0 0 0 0 0 854 170 0 0 0 0 0 0 941 83 0 0 0 0 0 0 
1024 0 0 0 0 0 0 0 964 60 0 0 0 0 0 0 1016 8 0 0 0 0 0 0 
1024 0 0 0 0 0 0 0 887 137 0 0 0 0 0 0 989 35 0 0 0 0 0 0 
1024 0 0 0 0 0 0 0 967 57 0 0 0 0 0 0 1014 10 0 0 0 0 0 0 
1024 0 0 0 0 0 0 0 1024 0 0 0 0 0 0 0 1024 0 0 0 0 0 0 0 
1024 0 0 0 0 0 0 0 792 232 0 0 0 0 0 0 684 340 0 0 0 0 0 0 
1024 0 0 0 0 0 0 0 869 155 0 0 0 0 0 0 941 83 0 0 0 0 0 0 
1024 0 0 0 0 0 0 0 820 204 0 0 0 0 0 0 932 92 0 0 0 0 0 0 
1022 2 0 0 0 0 0 0 392 630 2 0 0 0 0 0 507 477 40 0 0 0 0 0 
1024 0 0 0 0 0 0 0 619 398 7 0 0 0 0 0 535 478 11 0 0 0 0 0 
1024 0 0 0 0 0 0 0 374 631 19 0 0 0 0 0 160 766 98 0 0 0 0 0 
1024 0 0 0 0 0 0 0 447 565 12 0 0 0 0 0 252 722 50 0 0 0 0 0 
1024 0 0 0 0 0 0 0 322 606 96 0 0 0 0 0 143 704 177 0 0 0 0 0 
1024 0 0 0 0 0 0 0 202 740 82 0 0 0 0 0 142 715 167 0 0 0 0 0 
1012 12 0 0 0 0 0 0 226 669 129 0 0 0 0 0 169 591 264 0 0 0 0 0 
1023 1 0 0 0 0 0 0 148 865 11 0 0 0 0 0 104 901 19 0 0 0 0 0 
1022 2 0 0 0 0 0 0 134 818 72 0 0 0 0 0 133 774 117 0 0 0 0 0 
1019 5 0 0 0 0 0 0 73 781 170 0 0 0 0 0 54 711 259 0 0 0 0 0 
973 51 0 0 0 0 0 0 189 549 286 0 0 0 0 0 88 605 314 17 0 0 0 0 
1014 10 0 0 0 0 0 0 239 601 184 0 0 0 0 0 109 593 322 0 0 0 0 0 
940 84 0 0 0 0 0 0 19 700 305 0 0 0 0 0 13 622 384 5 0 0 0 0 
1007 17 0 0 0 0 0 0 117 677 230 0 0 0 0 0 59 605 360 0 0 0 0 0 
737 287 0 0 0 0 0 0 11 526 487 0 0 0 0 0 3 453 542 26 0 0 0 0 
964 60 0 0 0 0 0 0 46 546 432 0 0 0 0 0 24 410 549 41 0 0 0 0 
855 169 0 0 0 0 0 0 43 457 524 0 0 0 0 0 22 379 617 6 0 0 0 0 
711 313 0 0 0 0 0 0 11 355 658 0 0 0 0 0 5 326 673 20 0 0 0 0 
785 239 0 0 0 0 0 0 34 344 646 0 0 0 0 0 22 265 685 52 0 0 0 0 
814 210 0 0 0 0 0 0 51 432 541 0 0 0 0 0 29 324 651 20 0 0 0 0 
786 238 0 0 0 0 0 0 157 378 489 0 0 0 0 0 132 323 562 7 0 0 0 0 
1014 10 0 0 0 0 0 0 604 348 72 0 0 0 0 0 663 289 72 0 0 0 0 0 
1024 0 0 0 0 0 0 0 1019 5 0 0 0 0 0 0 1024 0 0 0 0 0 0 0 
1024 0 0 0 0 0 0 0 985 39 0 0 0 0 0 0 1024 0 0 0 0 0 0 0 
1024 0 0 0 0 0 0 0 1022 2 0 0 0 0 0 0 1024 0 0 0 0 0 0 0 
1024 0 0 0 0 0 0 0 967 57 0 0 0 0 0 0 1024 0 0 0 0 0 0 0 
1024 0 0 0 0 0 0 0 953 71 0 0 0 0 0 0 1022 2 0 0 0 0 0 0 
1024 0 0 0 0 0 0 0 905 119 0 0 0 0 0 0 1013 11 0 0 0 0 0 0 
1024 0 0 0 0 0 0 0 916 108 0 0 0 0 0 0 1022 2 0 0 0 0 0 0 
1024 0 0 0 0 0 0 0 1005 19 0 0 0 0 0 0 1024 0 0 0 0 0 0 0 
1024 0 0 0 0 0 0 0 1024 0 0 0 0 0 0 0 1024 0 0 0 0 0 0 0 
1024 0 0 0 0 0 0 0 997 27 0 0 0 0 0 0 1019 5 0 0 0 0 0 0 
1024 0 0 0 0 0 0 0 966 58 0 0 0 0 0 0 1019 5 0 0 0 0 0 0 
1024 0 0 0 0 0 0 0 863 161 0 0 0 0 0 0 1013 11 0 0 0 0 0 0 
1024 0 0 0 0 0 0 0 893 131 0 0 0 0 0 0 1008 16 0 0 0 0 0 0 
1024 0 0 0 0 0 0 0 1014 10 0 0 0 0 0 0 1024 0 0 0 0 0 0 0 
1024 0 0 0 0 0 0 0 954 70 0 0 0 0 0 0 1022 2 0 0 0 0 0 0 
1024 0 0 0 0 0 0 0 1001 23 0 0 0 0 0 0 1022 2 0 0 0 0 0 0 
1024 0 0 0 0 0 0 0 966 58 0 0 0 0 0 0 1013 11 0 0 0 0 0 0 
1024 0 0 0 0 0 0 0 885 139 0 0 0 0 0 0 999 25 0 0 0 0 0 0 
1024 0 0 0 0 0 0 0 1023 1 0 0 0 0 0 0 1024 0 0 0 0 0 0 0 
1024 0 0 0 0 0 0 0 1024 0 0 0 0 0 0 0 1024 0 0 0 0 0 0 0 
1024 0 0 0 0 0 0 0 1024 0 0 0 0 0 0 0 1024 0 0 0 0 0 0 0 
1024 0 0 0 0 0 0 0 1024 0 0 0 0 0 0 0 1024 0 0 0 0 0 0 0 
1024 0 0 0 0 0 0 0 1024 0 0 0 0 0 0 0 1024 0 0 0 0 0 0 0 
1024 0 0 0 0 0 0 0 1021 3 0 0 0 0 0 0 1023 1 0 0 0 0 0 0 
1024 0 0 0 0 0 0 0 1023 1 0 0 0 0 0 0 1024 0 0 0 0 0 0 0 
1024 0 0 0 0 0 0 0 1005 19 0 0 0 0 0 0 1019 5 0 0 0 0 0 0 
1024 0 0 0 0 0 0 0 953 71 0 0 0 0 0 0 974 50 0 0 0 0 0 0 
1024 0 0 0 0 0 0 0 329 694 1 0 0 0 0 0 306 610 108 0 0 0 0 0 
1024 0 0 0 0 0 0 0 369 655 0 0 0 0 0 0 304 678 42 0 0 0 0 0 
1023 1 0 0 0 0 0 0 148 732 144 0 0 0 0 0 153 671 200 0 0 0 0 0 
898 126 0 0 0 0 0 0 53 516 455 0 0 0 0 0 37 254 727 6 0 0 0 0 
1024 0 0 0 0 0 0 0 16 799 209 0 0 0 0 0 6 340 678 0 0 0 0 0 
1024 0 0 0 0 0 0 0 40 927 57 0 0 0 0 0 23 705 296 0 0 0 0 0 
1009 15 0 0 0 0 0 0 319 527 178 0 0 0 0 0 311 322 391 0 0 0 0 0 
970 54 0 0 0 0 0 0 78 462 484 0 0 0 0 0 75 181 768 0 0 0 0 0 
977 47 0 0 0 0 0 0 0 457 567 0 0 0 0 0 0 66 958 0 0 0 0 0 
929 95 0 0 0 0 0 0 84 246 694 0 0 0 0 0 83 93 847 1 0 0 0 0 
998 26 0 0 0 0 0 0 598 141 285 0 0 0 0 0 581 78 362 3 0 0 0 0 
1007 17 0 0 0 0 0 0 44 425 555 0 0 0 0 0 38 109 876 1 0 0 0 0 
988 36 0 0 0 0 0 0 109 425 490 0 0 0 0 0 107 135 781 1 0 0 0 0 
949 75 0 0 0 0 0 0 671 164 189 0 0 0 0 0 675 117 211 21 0 0 0 0 
944 80 0 0 0 0 0 0 40 340 644 0 0 0 0 0 36 64 899 25 0 0 0 0 
1001 23 0 0 0 0 0 0 371 472 181 0 0 0 0 0 354 458 195 17 0 0 0 0 
730 294 0 0 0 0 0 0 134 359 531 0 0 0 0 0 141 312 560 11 0 0 0 0 
880 144 0 0 0 0 0 0 138 445 441 0 0 0 0 0 128 394 444 58 0 0 0 0 
942 82 0 0 0 0 0 0 42 582 400 0 0 0 0 0 30 574 414 6 0 0 0 0 
966 58 0 0 0 0 0 0 13 657 354 0 0 0 0 0 12 624 388 0 0 0 0 0 
1020 4 0 0 0 0 0 0 604 407 13 0 0 0 0 0 722 288 14 0 0 0 0 0 
1024 0 0 0 0 0 0 0 1007 17 0 0 0 0 0 0 1021 3 0 0 0 0 0 0 
1024 0 0 0 0 0 0 0 1024 0 0 0 0 0 0 0 1024 0 0 0 0 0 0 0 
1024 0 0 0 0 0 0 0 1024 0 0 0 0 0 0 0 1024 0 0 0 0 0 0 0 
1024 0 0 0 0 0 0 0 1015 9 0 0 0 0 0 0 1024 0 0 0 0 0 0 0 
1024 0 0 0 0 0 0 0 995 29 0 0 0 0 0 0 1023 1 0 0 0 0 0 0 
1024 0 0 0 0 0 0 0 1003 21 0 0 0 0 0 0 1024 0 0 0 0 0 0 0 
1024 0 0 0 0 0 0 0 940 84 0 0 0 0 0 0 969 55 0 0 0 0 0 0 
1024 0 0 0 0 0 0 0 973 51 0 0 0 0 0 0 1016 8 0 0 0 0 0 0 
1024 0 0 0 0 0 0 0 819 205 0 0 0 0 0 0 1015 9 0 0 0 0 0 0 
1024 0 0 0 0 0 0 0 1002 22 0 0 0 0 0 0 1024 0 0 0 0 0 0 0 
1024 0 0 0 0 0 0 0 1005 19 0 0 0 0 0 0 1024 0 0 0 0 0 0 0 
1024 0 0 0 0 0 0 0 1024 0 0 0 0 0 0 0 1024 0 0 0 0 0 0 0 
1024 0 0 0 0 0 0 0 1024 0 0 0 0 0 0 0 1024 0 0 0 0 0 0 0 
1024 0 0 0 0 0 0 0 1024 0 0 0 0 0 0 0 1024 0 0 0 0 0 0 0 
1024 0 0 0 0 0 0 0 1024 0 0 0 0 0 0 0 1024 0 0 0 0 0 0 0 
1024 0 0 0 0 0 0 0 1024 0 0 0 0 0 0 0 1024 0 0 0 0 0 0 0 
1024 0 0 0 0 0 0 0 1024 0 0 0 0 0 0 0 1024 0 0 0 0 0 0 0 
1024 0 0 0 0 0 0 0 1024 0 0 0 0 0 0 0 1024 0 0 0 0 0 0 0 
1024 0 0 0 0 0 0 0 1024 0 0 0 0 0 0 0 1024 0 0 0 0 0 0 0 
1024 0 0 0 0 0 0 0 1024 0 0 0 0 0 0 0 1024 0 0 0 0 0 0 0 
1024 0 0 0 0 0 0 0 1024 0 0 0 0 0 0 0 1024 0 0 0 0 0 0 0 
1024 0 0 0 0 0 0 0 1024 0 0 0 0 0 0 0 1024 0 0 0 0 0 0 0 
1024 0 0 0 0 0 0 0 1024 0 0 0 0 0 0 0 1024 0 0 0 0 0 0 0 
1024 0 0 0 0 0 0 0 1024 0 0 0 0 0 0 0 1024 0 0 0 0 0 0 0 
1024 0 0 0 0 0 0 0 1024 0 0 0 0 0 0 0 1024 0 0 0 0 0 0 0 
1024 0 0 0 0 0 0 0 1024 0 0 0 0 0 0 0 1024 0 0 0 0 0 0 0 
1024 0 0 0 0 0 0 0 1013 11 0 0 0 0 0 0 1023 1 0 0 0 0 0 0 
1024 0 0 0 0 0 0 0 802 222 0 0 0 0 0 0 871 148 5 0 0 0 0 0 
1024 0 0 0 0 0 0 0 778 246 0 0 0 0 0 0 839 185 0 0 0 0 0 0 
1024 0 0 0 0 0 0 0 322 562 140 0 0 0 0 0 361 464 199 0 0 0 0 0 
1021 3 0 0 0 0 0 0 7 624 393 0 0 0 0 0 4 332 688 0 0 0 0 0 
1024 0 0 0 0 0 0 0 0 790 234 0 0 0 0 0 0 222 802 0 0 0 0 0 
1023 1 0 0 0 0 0 0 277 694 53 0 0 0 0 0 348 569 107 0 0 0 0 0 
1024 0 0 0 0 0 0 0 878 146 0 0 0 0 0 0 823 201 0 0 0 0 0 0 
1024 0 0 0 0 0 0 0 668 178 178 0 0 0 0 0 624 200 200 0 0 0 0 0 
986 38 0 0 0 0 0 0 0 261 763 0 0 0 0 0 0 53 971 0 0 0 0 0 
1020 4 0 0 0 0 0 0 634 218 172 0 0 0 0 0 644 81 299 0 0 0 0 0 
1024 0 0 0 0 0 0 0 461 563 0 0 0 0 0 0 485 539 0 0 0 0 0 0 
1016 8 0 0 0 0 0 0 333 253 438 0 0 0 0 0 280 183 561 0 0 0 0 0 
1016 8 0 0 0 0 0 0 512 195 317 0 0 0 0 0 563 94 361 6 0 0 0 0 
1024 0 0 0 0 0 0 0 265 757 2 0 0 0 0 0 349 675 0 0 0 0 0 0 
1012 12 0 0 0 0 0 0 216 396 412 0 0 0 0 0 173 343 508 0 0 0 0 0 
828 196 0 0 0 0 0 0 258 525 241 0 0 0 0 0 277 537 210 0 0 0 0 0 
832 192 0 0 0 0 0 0 195 449 380 0 0 0 0 0 213 415 396 0 0 0 0 0 
808 216 0 0 0 0 0 0 58 518 448 0 0 0 0 0 63 534 427 0 0 0 0 0 
507 517 0 0 0 0 0 0 0 244 780 0 0 0 0 0 0 196 828 0 0 0 0 0 
969 55 0 0 0 0 0 0 16 762 246 0 0 0 0 0 38 614 372 0 0 0 0 0 
1011 13 0 0 0 0 0 0 701 301 22 0 0 0 0 0 759 256 9 0 0 0 0 0 
1024 0 0 0 0 0 0 0 1023 1 0 0 0 0 0 0 1024 0 0 0 0 0 0 0 
1024 0 0 0 0 0 0 0 1024 0 0 0 0 0 0 0 1024 0 0 0 0 0 0 0 
1024 0 0 0 0 0 0 0 1021 3 0 0 0 0 0 0 1024 0 0 0 0 0 0 0 
1024 0 0 0 0 0 0 0 1024 0 0 0 0 0 0 0 1024 0 0 0 0 0 0 0 
1024 0 0 0 0 0 0 0 1024 0 0 0 0 0 0 0 1024 0 0 0 0 0 0 0 
1024 0 0 0 0 0 0 0 1017 7 0 0 0 0 0 0 1024 0 0 0 0 0 0 0 
1024 0 0 0 0 0 0 0 1013 11 0 0 0 0 0 0 1024 0 0 0 0 0 0 0 
1024 0 0 0 0 0 0 0 981 43 0 0 0 0 0 0 1023 1 0 0 0 0 0 0 
1024 0 0 0 0 0 0 0 973 51 0 0 0 0 0 0 1024 0 0 0 0 0 0 0 
1024 0 0 0 0 0 0 0 1024 0 0 0 0 0 0 0 1024 0 0 0 0 0 0 0 
1024 0 0 0 0 0 0 0 966 58 0 0 0 0 0 0 1024 0 0 0 0 0 0 0 
1024 0 0 0 0 0 0 0 1024 0 0 0 0 0 0 0 1024 0 0 0 0 0 0 0 
1024 0 0 0 0 0 0 0 1024 0 0 0 0 0 0 0 1024 0 0 0 0 0 0 0 
1024 0 0 0 0 0 0 0 1020 4 0 0 0 0 0 0 1024 0 0 0 0 0 0 0 
1024 0 0 0 0 0 0 0 1023 1 0 0 0 0 0 0 1024 0 0 0 0 0 0 0 
1024 0 0 0 0 0 0 0 1024 0 0 0 0 0 0 0 1024 0 0 0 0 0 0 0 
1024 0 0 0 0 0 0 0 1024 0 0 0 0 0 0 0 1024 0 0 0 0 0 0 0 
1024 0 0 0 0 0 0 0 1024 0 0 0 0 0 0 0 1024 0 0 0 0 0 0 0 
1024 0 0 0 0 0 0 0 1024 0 0 0 0 0 0 0 1024 0 0 0 0 0 0 0 
1024 0 0 0 0 0 0 0 1024 0 0 0 0 0 0 0 1024 0 0 0 0 0 0 0 
1024 0 0 0 0 0 0 0 1024 0 0 0 0 0 0 0 1024 0 0 0 0 0 0 0 
1024 0 0 0 0 0 0 0 1024 0 0 0 0 0 0 0 1024 0 0 0 0 0 0 0 
1024 0 0 0 0 0 0 0 1024 0 0 0 0 0 0 0 1024 0 0 0 0 0 0 0 
1024 0 0 0 0 0 0 0 1024 0 0 0 0 0 0 0 1024 0 0 0 0 0 0 0 
1024 0 0 0 0 0 0 0 1024 0 0 0 0 0 0 0 1024 0 0 0 0 0 0 0 
1024 0 0 0 0 0 0 0 1024 0 0 0 0 0 0 0 1024 0 0 0 0 0 0 0 
1024 0 0 0 0 0 0 0 1024 0 0 0 0 0 0 0 1024 0 0 0 0 0 0 0 
1024 0 0 0 0 0 0 0 1024 0 0 0 0 0 0 0 1024 0 0 0 0 0 0 0 
1024 0 0 0 0 0 0 0 1015 9 0 0 0 0 0 0 1024 0 0 0 0 0 0 0 
1024 0 0 0 0 0 0 0 942 79 3 0 0 0 0 0 956 59 9 0 0 0 0 0 
1023 1 0 0 0 0 0 0 276 636 112 0 0 0 0 0 290 473 261 0 0 0 0 0 
937 71 16 0 0 0 0 0 55 767 187 15 0 0 0 0 55 316 643 10 0 0 0 0 
929 92 3 0 0 0 0 0 533 380 111 0 0 0 0 0 707 228 89 0 0 0 0 0 
1024 0 0 0 0 0 0 0 737 287 0 0 0 0 0 0 722 302 0 0 0 0 0 0 
1024 0 0 0 0 0 0 0 295 729 0 0 0 0 0 0 217 807 0 0 0 0 0 0 
1012 12 0 0 0 0 0 0 66 556 402 0 0 0 0 0 51 360 613 0 0 0 0 0 
1019 5 0 0 0 0 0 0 961 41 22 0 0 0 0 0 966 38 20 0 0 0 0 0 
999 25 0 0 0 0 0 0 350 541 133 0 0 0 0 0 373 624 27 0 0 0 0 0 
1020 4 0 0 0 0 0 0 202 588 234 0 0 0 0 0 155 481 388 0 0 0 0 0 
1023 1 0 0 0 0 0 0 785 95 144 0 0 0 0 0 824 52 148 0 0 0 0 0 
990 34 0 0 0 0 0 0 398 441 185 0 0 0 0 0 403 462 159 0 0 0 0 0 
1021 3 0 0 0 0 0 0 114 685 225 0 0 0 0 0 137 517 370 0 0 0 0 0 
555 469 0 0 0 0 0 0 184 277 563 0 0 0 0 0 207 286 531 0 0 0 0 0 
768 256 0 0 0 0 0 0 45 483 496 0 0 0 0 0 63 376 585 0 0 0 0 0 
667 357 0 0 0 0 0 0 2 436 586 0 0 0 0 0 3 306 714 1 0 0 0 0 
770 254 0 0 0 0 0 0 0 424 600 0 0 0 0 0 0 157 867 0 0 0 0 0 
984 40 0 0 0 0 0 0 296 592 136 0 0 0 0 0 327 401 296 0 0 0 0 0 
1024 0 0 0 0 0 0 0 910 114 0 0 0 0 0 0 985 39 0 0 0 0 0 0 
1020 4 0 0 0 0 0 0 909 113 2 0 0 0 0 0 964 60 0 0 0 0 0 0 
1024 0 0 0 0 0 0 0 1013 11 0 0 0 0 0 0 1001 23 0 0 0 0 0 0 
1024 0 0 0 0 0 0 0 939 85 0 0 0 0 0 0 968 56 0 0 0 0 0 0 
1024 0 0 0 0 0 0 0 968 56 0 0 0 0 0 0 982 42 0 0 0 0 0 0 
1024 0 0 0 0 0 0 0 1022 2 0 0 0 0 0 0 1024 0 0 0 0 0 0 0 
1024 0 0 0 0 0 0 0 972 52 0 0 0 0 0 0 1022 2 0 0 0 0 0 0 
1024 0 0 0 0 0 0 0 970 54 0 0 0 0 0 0 1023 1 0 0 0 0 0 0 
1024 0 0 0 0 0 0 0 1023 1 0 0 0 0 0 0 1024 0 0 0 0 0 0 0 
1024 0 0 0 0 0 0 0 1023 1 0 0 0 0 0 0 1024 0 0 0 0 0 0 0 
1024 0 0 0 0 0 0 0 1024 0 0 0 0 0 0 0 1024 0 0 0 0 0 0 0 
1024 0 0 0 0 0 0 0 1024 0 0 0 0 0 0 0 1024 0 0 0 0 0 0 0 
1024 0 0 0 0 0 0 0 1024 0 0 0 0 0 0 0 1024 0 0 0 0 0 0 0 
1024 0 0 0 0 0 0 0 1024 0 0 0 0 0 0 0 1024 0 0 0 0 0 0 0 
1024 0 0 0 0 0 0 0 1024 0 0 0 0 0 0 0 1024 0 0 0 0 0 0 0 
1024 0 0 0 0 0 0 0 1024 0 0 0 0 0 0 0 1024 0 0 0 0 0 0 0 
1024 0 0 0 0 0 0 0 1024 0 0 0 0 0 0 0 1024 0 0 0 0 0 0 0 
1024 0 0 0 0 0 0 0 1022 2 0 0 0 0 0 0 1024 0 0 0 0 0 0 0 
1024 0 0 0 0 0 0 0 1024 0 0 0 0 0 0 0 1024 0 0 0 0 0 0 0 
1024 0 0 0 0 0 0 0 1024 0 0 0 0 0 0 0 1024 0 0 0 0 0 0 0 
1024 0 0 0 0 0 0 0 1024 0 0 0 0 0 0 0 1024 0 0 0 0 0 0 0 
1024 0 0 0 0 0 0 0 1024 0 0 0 0 0 0 0 1024 0 0 0 0 0 0 0 
1024 0 0 0 0 0 0 0 1024 0 0 0 0 0 0 0 1024 0 0 0 0 0 0 0 
1024 0 0 0 0 0 0 0 1024 0 0 0 0 0 0 0 1024 0 0 0 0 0 0 0 
1024 0 0 0 0 0 0 0 1024 0 0 0 0 0 0 0 1024 0 0 0 0 0 0 0 
1024 0 0 0 0 0 0 0 1024 0 0 0 0 0 0 0 1024 0 0 0 0 0 0 0 
1024 0 0 0 0 0 0 0 1024 0 0 0 0 0 0 0 1024 0 0 0 0 0 0 0 
1024 0 0 0 0 0 0 0 1024 0 0 0 0 0 0 0 1024 0 0 0 0 0 0 0 
1024 0 0 0 0 0 0 0 1024 0 0 0 0 0 0 0 1024 0 0 0 0 0 0 0 
1024 0 0 0 0 0 0 0 1024 0 0 0 0 0 0 0 1024 0 0 0 0 0 0 0 
1024 0 0 0 0 0 0 0 1024 0 0 0 0 0 0 0 1024 0 0 0 0 0 0 0 
1024 0 0 0 0 0 0 0 1019 5 0 0 0 0 0 0 1024 0 0 0 0 0 0 0 
1012 12 0 0 0 0 0 0 245 735 44 0 0 0 0 0 279 651 94 0 0 0 0 0 
1022 2 0 0 0 0 0 0 161 852 11 0 0 0 0 0 363 656 5 0 0 0 0 0 
1024 0 0 0 0 0 0 0 479 523 22 0 0 0 0 0 501 492 31 0 0 0 0 0 
1024 0 0 0 0 0 0 0 76 938 10 0 0 0 0 0 12 956 56 0 0 0 0 0 
1024 0 0 0 0 0 0 0 228 662 134 0 0 0 0 0 225 578 221 0 0 0 0 0 
1023 1 0 0 0 0 0 0 829 195 0 0 0 0 0 0 851 173 0 0 0 0 0 0 
970 54 0 0 0 0 0 0 217 581 226 0 0 0 0 0 236 706 82 0 0 0 0 0 
1024 0 0 0 0 0 0 0 321 621 82 0 0 0 0 0 365 533 126 0 0 0 0 0 
990 32 2 0 0 0 0 0 510 466 42 6 0 0 0 0 599 378 43 4 0 0 0 0 
937 65 22 0 0 0 0 0 134 693 171 26 0 0 0 0 152 591 260 21 0 0 0 0 
955 69 0 0 0 0 0 0 9 741 274 0 0 0 0 0 10 567 447 0 0 0 0 0 
744 278 2 0 0 0 0 0 52 668 304 0 0 0 0 0 46 493 485 0 0 0 0 0 
731 293 0 0 0 0 0 0 4 397 623 0 0 0 0 0 8 277 738 1 0 0 0 0 
869 155 0 0 0 0 0 0 41 357 626 0 0 0 0 0 34 177 797 16 0 0 0 0 
912 112 0 0 0 0 0 0 277 282 465 0 0 0 0 0 218 180 596 30 0 0 0 0 
1024 0 0 0 0 0 0 0 718 300 6 0 0 0 0 0 572 425 27 0 0 0 0 0 
1018 6 0 0 0 0 0 0 472 552 0 0 0 0 0 0 616 408 0 0 0 0 0 0 
1024 0 0 0 0 0 0 0 516 508 0 0 0 0 0 0 569 455 0 0 0 0 0 0 
1024 0 0 0 0 0 0 0 686 338 0 0 0 0 0 0 748 276 0 0 0 0 0 0 
1024 0 0 0 0 0 0 0 929 95 0 0 0 0 0 0 1012 12 0 0 0 0 0 0 
1024 0 0 0 0 0 0 0 748 276 0 0 0 0 0 0 870 154 0 0 0 0 0 0 
1024 0 0 0 0 0 0 0 847 177 0 0 0 0 0 0 942 82 0 0 0 0 0 0 
1024 0 0 0 0 0 0 0 940 84 0 0 0 0 0 0 1012 12 0 0 0 0 0 0 
1024 0 0 0 0 0 0 0 1012 12 0 0 0 0 0 0 1023 1 0 0 0 0 0 0 
1024 0 0 0 0 0 0 0 997 27 0 0 0 0 0 0 1021 3 0 0 0 0 0 0 
1024 0 0 0 0 0 0 0 999 25 0 0 0 0 0 0 1024 0 0 0 0 0 0 0 
1024 0 0 0 0 0 0 0 993 31 0 0 0 0 0 0 1024 0 0 0 0 0 0 0 
1024 0 0 0 0 0 0 0 962 62 0 0 0 0 0 0 1023 1 0 0 0 0 0 0 
1024 0 0 0 0 0 0 0 1024 0 0 0 0 0 0 0 1024 0 0 0 0 0 0 0 
1024 0 0 0 0 0 0 0 1024 0 0 0 0 0 0 0 1024 0 0 0 0 0 0 0 
1024 0 0 0 0 0 0 0 918 106 0 0 0 0 0 0 1012 12 0 0 0 0 0 0 
1024 0 0 0 0 0 0 0 1014 10 0 0 0 0 0 0 1024 0 0 0 0 0 0 0 
1024 0 0 0 0 0 0 0 1024 0 0 0 0 0 0 0 1024 0 0 0 0 0 0 0 
1024 0 0 0 0 0 0 0 1024 0 0 0 0 0 0 0 1024 0 0 0 0 0 0 0 
1024 0 0 0 0 0 0 0 1024 0 0 0 0 0 0 0 1024 0 0 0 0 0 0 0 
1024 0 0 0 0 0 0 0 1024 0 0 0 0 0 0 0 1024 0 0 0 0 0 0 0 
1024 0 0 0 0 0 0 0 1024 0 0 0 0 0 0 0 1024 0 0 0 0 0 0 0 
1024 0 0 0 0 0 0 0 1024 0 0 0 0 0 0 0 1024 0 0 0 0 0 0 0 
1024 0 0 0 0 0 0 0 1024 0 0 0 0 0 0 0 1024 0 0 0 0 0 0 0 
1024 0 0 0 0 0 0 0 1024 0 0 0 0 0 0 0 1024 0 0 0 0 0 0 0 
1024 0 0 0 0 0 0 0 1024 0 0 0 0 0 0 0 1024 0 0 0 0 0 0 0 
1024 0 0 0 0 0 0 0 1024 0 0 0 0 0 0 0 1024 0 0 0 0 0 0 0 
1024 0 0 0 0 0 0 0 1024 0 0 0 0 0 0 0 1024 0 0 0 0 0 0 0 
1024 0 0 0 0 0 0 0 1024 0 0 0 0 0 0 0 1024 0 0 0 0 0 0 0 
1024 0 0 0 0 0 0 0 1024 0 0 0 0 0 0 0 1024 0 0 0 0 0 0 0 
1024 0 0 0 0 0 0 0 1024 0 0 0 0 0 0 0 1024 0 0 0 0 0 0 0 
1024 0 0 0 0 0 0 0 1024 0 0 0 0 0 0 0 1024 0 0 0 0 0 0 0 
1024 0 0 0 0 0 0 0 1020 4 0 0 0 0 0 0 1022 2 0 0 0 0 0 0 
717 131 161 15 0 0 0 0 433 281 164 142 4 0 0 0 520 192 152 158 2 0 0 0 
606 262 153 3 0 0 0 0 108 434 347 135 0 0 0 0 157 349 359 159 0 0 0 0 
676 209 105 34 0 0 0 0 34 615 242 107 26 0 0 0 46 591 238 113 36 0 0 0 
1024 0 0 0 0 0 0 0 22 991 11 0 0 0 0 0 32 992 0 0 0 0 0 0 
1020 4 0 0 0 0 0 0 182 836 6 0 0 0 0 0 219 730 75 0 0 0 0 0 
1017 7 0 0 0 0 0 0 350 659 15 0 0 0 0 0 436 579 9 0 0 0 0 0 
990 34 0 0 0 0 0 0 55 805 164 0 0 0 0 0 85 777 162 0 0 0 0 0 
1024 0 0 0 0 0 0 0 680 336 8 0 0 0 0 0 704 296 24 0 0 0 0 0 
1024 0 0 0 0 0 0 0 853 171 0 0 0 0 0 0 943 81 0 0 0 0 0 0 
1017 7 0 0 0 0 0 0 429 577 18 0 0 0 0 0 602 412 10 0 0 0 0 0 
948 76 0 0 0 0 0 0 89 692 243 0 0 0 0 0 121 502 401 0 0 0 0 0 
898 126 0 0 0 0 0 0 132 481 411 0 0 0 0 0 180 362 482 0 0 0 0 0 
970 54 0 0 0 0 0 0 257 403 364 0 0 0 0 0 237 183 604 0 0 0 0 0 
1015 9 0 0 0 0 0 0 498 390 136 0 0 0 0 0 444 238 342 0 0 0 0 0 
1022 2 0 0 0 0 0 0 538 448 38 0 0 0 0 0 164 774 86 0 0 0 0 0 
981 43 0 0 0 0 0 0 198 727 99 0 0 0 0 0 223 714 87 0 0 0 0 0 
811 213 0 0 0 0 0 0 220 564 240 0 0 0 0 0 260 537 226 1 0 0 0 0 
956 68 0 0 0 0 0 0 612 336 76 0 0 0 0 0 758 196 70 0 0 0 0 0 
1024 0 0 0 0 0 0 0 748 276 0 0 0 0 0 0 992 32 0 0 0 0 0 0 
1024 0 0 0 0 0 0 0 963 61 0 0 0 0 0 0 1022 2 0 0 0 0 0 0 
1024 0 0 0 0 0 0 0 972 52 0 0 0 0 0 0 993 31 0 0 0 0 0 0 
1024 0 0 0 0 0 0 0 998 26 0 0 0 0 0 0 1024 0 0 0 0 0 0 0 
1024 0 0 0 0 0 0 0 939 85 0 0 0 0 0 0 1005 19 0 0 0 0 0 0 
1024 0 0 0 0 0 0 0 959 65 0 0 0 0 0 0 1010 14 0 0 0 0 0 0 
1024 0 0 0 0 0 0 0 1009 15 0 0 0 0 0 0 1024 0 0 0 0 0 0 0 
1024 0 0 0 0 0 0 0 1019 5 0 0 0 0 0 0 1024 0 0 0 0 0 0 0 
1024 0 0 0 0 0 0 0 998 26 0 0 0 0 0 0 1024 0 0 0 0 0 0 0 
1024 0 0 0 0 0 0 0 1003 21 0 0 0 0 0 0 1024 0 0 0 0 0 0 0 
1024 0 0 0 0 0 0 0 1015 9 0 0 0 0 0 0 1023 1 0 0 0 0 0 0 
1024 0 0 0 0 0 0 0 931 93 0 0 0 0 0 0 1018 6 0 0 0 0 0 0 
1024 0 0 0 0 0 0 0 888 136 0 0 0 0 0 0 958 66 0 0 0 0 0 0 
1024 0 0 0 0 0 0 0 668 356 0 0 0 0 0 0 904 120 0 0 0 0 0 0 
1024 0 0 0 0 0 0 0 790 234 0 0 0 0 0 0 928 96 0 0 0 0 0 0 
1024 0 0 0 0 0 0 0 1024 0 0 0 0 0 0 0 1024 0 0 0 0 0 0 0 
1024 0 0 0 0 0 0 0 1024 0 0 0 0 0 0 0 1024 0 0 0 0 0 0 0 
1024 0 0 0 0 0 0 0 1024 0 0 0 0 0 0 0 1024 0 0 0 0 0 0 0 
1024 0 0 0 0 0 0 0 1024 0 0 0 0 0 0 0 1024 0 0 0 0 0 0 0 
1024 0 0 0 0 0 0 0 1022 2 0 0 0 0 0 0 1024 0 0 0 0 0 0 0 
1024 0 0 0 0 0 0 0 1024 0 0 0 0 0 0 0 1024 0 0 0 0 0 0 0 
1024 0 0 0 0 0 0 0 1024 0 0 0 0 0 0 0 1024 0 0 0 0 0 0 0 
1024 0 0 0 0 0 0 0 1024 0 0 0 0 0 0 0 1024 0 0 0 0 0 0 0 
1024 0 0 0 0 0 0 0 1024 0 0 0 0 0 0 0 1024 0 0 0 0 0 0 0 
1024 0 0 0 0 0 0 0 1024 0 0 0 0 0 0 0 1024 0 0 0 0 0 0 0 
1024 0 0 0 0 0 0 0 1024 0 0 0 0 0 0 0 1024 0 0 0 0 0 0 0 
1024 0 0 0 0 0 0 0 1024 0 0 0 0 0 0 0 1024 0 0 0 0 0 0 0 
1023 1 0 0 0 0 0 0 1022 2 0 0 0 0 0 0 1023 1 0 0 0 0 0 0 
1022 2 0 0 0 0 0 0 1022 2 0 0 0 0 0 0 1022 2 0 0 0 0 0 0 
1024 0 0 0 0 0 0 0 1024 0 0 0 0 0 0 0 1024 0 0 0 0 0 0 0 
973 51 0 0 0 0 0 0 826 141 57 0 0 0 0 0 885 86 53 0 0 0 0 0 
987 26 11 0 0 0 0 0 757 221 31 15 0 0 0 0 858 128 27 11 0 0 0 0 
1022 2 0 0 0 0 0 0 613 401 10 0 0 0 0 0 748 274 2 0 0 0 0 0 
1015 8 1 0 0 0 0 0 257 750 16 1 0 0 0 0 317 691 15 1 0 0 0 0 
1024 0 0 0 0 0 0 0 484 538 2 0 0 0 0 0 533 456 35 0 0 0 0 0 
1024 0 0 0 0 0 0 0 969 55 0 0 0 0 0 0 1000 24 0 0 0 0 0 0 
1024 0 0 0 0 0 0 0 992 32 0 0 0 0 0 0 1003 21 0 0 0 0 0 0 
1024 0 0 0 0 0 0 0 970 54 0 0 0 0 0 0 1010 14 0 0 0 0 0 0 
1024 0 0 0 0 0 0 0 907 117 0 0 0 0 0 0 996 28 0 0 0 0 0 0 
1018 6 0 0 0 0 0 0 676 346 2 0 0 0 0 0 848 175 1 0 0 0 0 0 
1024 0 0 0 0 0 0 0 614 409 1 0 0 0 0 0 849 175 0 0 0 0 0 0 
1024 0 0 0 0 0 0 0 573 451 0 0 0 0 0 0 758 266 0 0 0 0 0 0 
1024 0 0 0 0 0 0 0 199 823 2 0 0 0 0 0 380 637 7 0 0 0 0 0 
1024 0 0 0 0 0 0 0 486 538 0 0 0 0 0 0 508 516 0 0 0 0 0 0 
1024 0 0 0 0 0 0 0 239 785 0 0 0 0 0 0 401 623 0 0 0 0 0 0 
1024 0 0 0 0 0 0 0 48 974 2 0 0 0 0 0 301 723 0 0 0 0 0 0 
885 87 52 0 0 0 0 0 174 695 105 50 0 0 0 0 383 506 87 48 0 0 0 0 
1024 0 0 0 0 0 0 0 680 344 0 0 0 0 0 0 889 135 0 0 0 0 0 0 
1024 0 0 0 0 0 0 0 808 216 0 0 0 0 0 0 914 110 0 0 0 0 0 0 
1024 0 0 0 0 0 0 0 991 33 0 0 0 0 0 0 1010 14 0 0 0 0 0 0 
964 60 0 0 0 0 0 0 616 331 76 1 0 0 0 0 702 273 49 0 0 0 0 0 
1024 0 0 0 0 0 0 0 761 263 0 0 0 0 0 0 840 184 0 0 0 0 0 0 
1024 0 0 0 0 0 0 0 1015 9 0 0 0 0 0 0 1024 0 0 0 0 0 0 0 
1024 0 0 0 0 0 0 0 1024 0 0 0 0 0 0 0 1024 0 0 0 0 0 0 0 
1024 0 0 0 0 0 0 0 1017 7 0 0 0 0 0 0 1020 4 0 0 0 0 0 0 
1024 0 0 0 0 0 0 0 1016 8 0 0 0 0 0 0 1016 8 0 0 0 0 0 0 
1024 0 0 0 0 0 0 0 973 51 0 0 0 0 0 0 1001 23 0 0 0 0 0 0 
1024 0 0 0 0 0 0 0 777 247 0 0 0 0 0 0 867 157 0 0 0 0 0 0 
1024 0 0 0 0 0 0 0 707 317 0 0 0 0 0 0 901 123 0 0 0 0 0 0 
1024 0 0 0 0 0 0 0 432 592 0 0 0 0 0 0 769 255 0 0 0 0 0 0 
1024 0 0 0 0 0 0 0 634 390 0 0 0 0 0 0 876 148 0 0 0 0 0 0 
1024 0 0 0 0 0 0 0 925 99 0 0 0 0 0 0 995 29 0 0 0 0 0 0 
1024 0 0 0 0 0 0 0 778 246 0 0 0 0 0 0 974 50 0 0 0 0 0 0 
1024 0 0 0 0 0 0 0 976 48 0 0 0 0 0 0 1022 2 0 0 0 0 0 0 
1024 0 0 0 0 0 0 0 796 228 0 0 0 0 0 0 926 98 0 0 0 0 0 0 
1024 0 0 0 0 0 0 0 861 163 0 0 0 0 0 0 1005 19 0 0 0 0 0 0 
1024 0 0 0 0 0 0 0 1024 0 0 0 0 0 0 0 1024 0 0 0 0 0 0 0 
1024 0 0 0 0 0 0 0 1024 0 0 0 0 0 0 0 1024 0 0 0 0 0 0 0 
1024 0 0 0 0 0 0 0 1024 0 0 0 0 0 0 0 1024 0 0 0 0 0 0 0 
1024 0 0 0 0 0 0 0 1024 0 0 0 0 0 0 0 1024 0 0 0 0 0 0 0 
1024 0 0 0 0 0 0 0 1024 0 0 0 0 0 0 0 1024 0 0 0 0 0 0 0 
1024 0 0 0 0 0 0 0 1024 0 0 0 0 0 0 0 1024 0 0 0 0 0 0 0 
1024 0 0 0 0 0 0 0 1024 0 0 0 0 0 0 0 1024 0 0 0 0 0 0 0 
1024 0 0 0 0 0 0 0 1024 0 0 0 0 0 0 0 1024 0 0 0 0 0 0 0 
1024 0 0 0 0 0 0 0 1024 0 0 0 0 0 0 0 1024 0 0 0 0 0 0 0 
1024 0 0 0 0 0 0 0 1024 0 0 0 0 0 0 0 1024 0 0 0 0 0 0 0 
1024 0 0 0 0 0 0 0 1024 0 0 0 0 0 0 0 1024 0 0 0 0 0 0 0 
1024 0 0 0 0 0 0 0 1023 1 0 0 0 0 0 0 1024 0 0 0 0 0 0 0 
1024 0 0 0 0 0 0 0 1024 0 0 0 0 0 0 0 1024 0 0 0 0 0 0 0 
1024 0 0 0 0 0 0 0 1009 15 0 0 0 0 0 0 1024 0 0 0 0 0 0 0 
1021 3 0 0 0 0 0 0 784 237 3 0 0 0 0 0 977 46 1 0 0 0 0 0 
1024 0 0 0 0 0 0 0 847 177 0 0 0 0 0 0 980 44 0 0 0 0 0 0 
1024 0 0 0 0 0 0 0 965 59 0 0 0 0 0 0 1017 7 0 0 0 0 0 0 
1024 0 0 0 0 0 0 0 1024 0 0 0 0 0 0 0 1024 0 0 0 0 0 0 0 
1024 0 0 0 0 0 0 0 997 27 0 0 0 0 0 0 1013 11 0 0 0 0 0 0 
1024 0 0 0 0 0 0 0 994 30 0 0 0 0 0 0 1009 15 0 0 0 0 0 0 
1024 0 0 0 0 0 0 0 1013 11 0 0 0 0 0 0 1024 0 0 0 0 0 0 0 
1024 0 0 0 0 0 0 0 867 157 0 0 0 0 0 0 965 59 0 0 0 0 0 0 
1024 0 0 0 0 0 0 0 453 570 1 0 0 0 0 0 656 368 0 0 0 0 0 0 
1024 0 0 0 0 0 0 0 683 341 0 0 0 0 0 0 783 241 0 0 0 0 0 0 
1024 0 0 0 0 0 0 0 320 704 0 0 0 0 0 0 506 518 0 0 0 0 0 0 
1024 0 0 0 0 0 0 0 18 1005 1 0 0 0 0 0 177 847 0 0 0 0 0 0 
1024 0 0 0 0 0 0 0 26 993 5 0 0 0 0 0 716 308 0 0 0 0 0 0 
1024 0 0 0 0 0 0 0 361 663 0 0 0 0 0 0 704 320 0 0 0 0 0 0 
1024 0 0 0 0 0 0 0 301 723 0 0 0 0 0 0 654 370 0 0 0 0 0 0 
1024 0 0 0 0 0 0 0 384 640 0 0 0 0 0 0 815 209 0 0 0 0 0 0 
1022 2 0 0 0 0 0 0 369 653 2 0 0 0 0 0 721 303 0 0 0 0 0 0 
1024 0 0 0 0 0 0 0 261 763 0 0 0 0 0 0 752 272 0 0 0 0 0 0 
1015 4 3 0 1 1 0 0 420 595 3 4 0 1 1 0 744 271 4 3 0 1 1 0 
1024 0 0 0 0 0 0 0 220 804 0 0 0 0 0 0 606 418 0 0 0 0 0 0 
1024 0 0 0 0 0 0 0 651 373 0 0 0 0 0 0 851 173 0 0 0 0 0 0 
1023 1 0 0 0 0 0 0 516 504 4 0 0 0 0 0 731 293 0 0 0 0 0 0 
1018 6 0 0 0 0 0 0 733 282 9 0 0 0 0 0 836 185 3 0 0 0 0 0 
1017 7 0 0 0 0 0 0 604 412 8 0 0 0 0 0 704 320 0 0 0 0 0 0 
832 124 64 4 0 0 0 0 413 441 125 45 0 0 0 0 570 318 106 30 0 0 0 0 
1019 5 0 0 0 0 0 0 600 418 6 0 0 0 0 0 768 256 0 0 0 0 0 0 
1024 0 0 0 0 0 0 0 608 416 0 0 0 0 0 0 894 130 0 0 0 0 0 0 
1024 0 0 0 0 0 0 0 586 438 0 0 0 0 0 0 922 102 0 0 0 0 0 0 
1024 0 0 0 0 0 0 0 860 164 0 0 0 0 0 0 1007 17 0 0 0 0 0 0 
1024 0 0 0 0 0 0 0 808 216 0 0 0 0 0 0 971 53 0 0 0 0 0 0 
1024 0 0 0 0 0 0 0 873 151 0 0 0 0 0 0 1001 23 0 0 0 0 0 0 
1024 0 0 0 0 0 0 0 963 61 0 0 0 0 0 0 1010 14 0 0 0 0 0 0 
1024 0 0 0 0 0 0 0 1008 16 0 0 0 0 0 0 1024 0 0 0 0 0 0 0 
1024 0 0 0 0 0 0 0 976 48 0 0 0 0 0 0 1017 7 0 0 0 0 0 0 
1024 0 0 0 0 0 0 0 1018 6 0 0 0 0 0 0 1024 0 0 0 0 0 0 0 
1024 0 0 0 0 0 0 0 1024 0 0 0 0 0 0 0 1024 0 0 0 0 0 0 0 
1024 0 0 0 0 0 0 0 1024 0 0 0 0 0 0 0 1024 0 0 0 0 0 0 0 
1024 0 0 0 0 0 0 0 1024 0 0 0 0 0 0 0 1024 0 0 0 0 0 0 0 
