0 0 0 0 77 936 11 0 0 0 0 0 284 740 0 0 0 0 0 4 608 411 1 0 
0 0 0 0 0 964 60 0 0 0 0 0 8 1016 0 0 0 0 0 0 156 863 5 0 
0 0 0 0 0 881 143 0 0 0 0 0 7 1017 0 0 0 0 0 0 95 929 0 0 
0 0 0 0 0 573 451 0 0 0 0 0 2 968 54 0 0 0 0 0 25 999 0 0 
0 0 0 0 42 654 328 0 0 0 0 0 163 819 42 0 0 0 0 54 332 633 5 0 
0 0 0 0 25 925 74 0 0 0 0 0 383 641 0 0 0 0 0 17 667 340 0 0 
0 0 0 0 79 944 1 0 0 0 0 4 514 506 0 0 0 0 0 90 755 179 0 0 
0 0 0 0 23 994 7 0 0 0 0 0 297 727 0 0 0 0 0 6 753 265 0 0 
0 0 0 0 92 870 62 0 0 0 0 0 443 567 14 0 0 0 0 62 663 279 20 0 
0 0 0 0 72 860 92 0 0 0 0 0 224 782 18 0 0 0 0 20 379 597 28 0 
0 0 0 0 40 912 65 7 0 0 0 0 401 601 21 1 0 0 0 20 672 289 40 3 
0 0 0 0 98 925 1 0 0 0 0 0 750 274 0 0 0 0 0 37 978 9 0 0 
0 0 0 0 80 812 51 81 0 0 0 0 734 174 56 60 0 0 0 37 842 37 50 58 
0 0 0 0 65 660 232 67 0 0 0 1 499 325 151 48 0 0 0 41 665 165 108 45 
0 0 0 0 343 457 94 130 0 0 0 12 710 109 104 89 0 0 0 487 293 73 114 57 
0 0 0 0 46 705 198 75 0 0 0 1 252 634 69 68 0 0 0 27 397 480 59 61 
0 0 0 0 137 630 186 71 0 0 0 3 393 484 136 8 0 0 0 51 520 350 102 1 
0 0 0 2 181 455 252 134 0 0 0 17 431 230 296 50 0 0 0 161 417 146 275 25 
0 0 0 0 146 445 263 170 0 0 0 3 313 375 273 60 0 0 0 90 342 324 226 42 
0 0 0 6 98 674 148 98 0 0 0 16 303 537 101 67 0 0 0 72 516 296 80 60 
0 0 0 0 18 762 167 77 0 0 0 0 81 802 101 40 0 0 0 0 237 672 86 29 
0 0 0 0 38 620 151 215 0 0 0 3 126 603 134 158 0 0 0 13 299 500 69 143 
0 0 0 0 18 597 321 88 0 0 0 0 146 640 180 58 0 0 0 2 302 552 122 46 
0 0 0 0 3 467 450 104 0 0 0 0 33 685 240 66 0 0 0 0 77 692 209 46 
0 0 0 0 1 604 230 189 0 0 0 0 16 723 126 159 0 0 0 0 99 678 115 132 
0 0 0 0 0 843 167 14 0 0 0 0 65 896 56 7 0 0 0 0 204 769 47 4 
0 0 0 0 5 856 135 28 0 0 0 0 128 772 107 17 0 0 0 0 411 513 87 13 
0 0 0 2 42 797 64 119 0 0 0 2 279 575 65 103 0 0 0 2 555 316 78 73 
0 0 4 3 14 471 351 181 0 0 6 1 39 617 352 9 0 0 6 1 61 711 244 1 
0 0 0 0 199 825 0 0 0 0 0 0 719 305 0 0 0 0 0 46 737 241 0 0 
0 0 0 0 135 887 2 0 0 0 0 0 516 508 0 0 0 0 0 42 755 227 0 0 
0 0 0 0 18 969 37 0 0 0 0 0 133 891 0 0 0 0 0 0 458 566 0 0 
0 0 0 0 166 816 42 0 0 0 0 0 342 678 4 0 0 0 0 34 612 375 3 0 
0 0 0 0 42 945 37 0 0 0 0 0 340 680 4 0 0 0 0 11 533 478 2 0 
0 0 0 0 105 636 254 29 0 0 0 0 445 402 175 2 0 0 0 81 503 305 135 0 
0 0 0 0 145 634 235 10 0 0 0 6 449 450 119 0 0 0 0 123 487 348 65 1 
0 0 0 0 103 499 288 134 0 0 0 2 342 364 213 103 0 0 0 74 318 215 225 192 
0 0 0 0 54 804 165 1 0 0 0 2 147 747 128 0 0 0 0 35 193 662 133 1 
0 0 0 0 102 594 254 74 0 0 0 2 171 625 155 71 0 0 0 59 200 544 151 70 
0 0 0 0 43 377 376 228 0 0 0 0 103 477 249 195 0 0 0 0 139 450 244 191 
0 0 0 3 83 660 234 44 0 0 0 8 249 441 302 24 0 0 0 35 312 454 205 18 
0 0 0 0 117 637 184 86 0 0 0 6 133 561 204 120 0 0 0 29 204 540 143 108 
0 0 0 2 36 303 291 392 0 0 0 2 60 389 227 346 0 0 0 9 80 376 231 328 
0 0 0 1 134 485 326 78 0 0 0 10 211 544 197 62 0 0 2 96 225 468 175 58 
0 0 0 0 179 428 252 165 0 0 0 44 205 468 195 112 0 0 16 90 243 401 180 94 
0 0 0 0 207 499 195 123 0 0 0 9 380 393 144 98 0 0 0 128 347 349 119 81 
0 0 0 1 185 626 190 22 0 0 0 7 314 534 155 14 0 0 0 59 455 383 118 9 
0 0 0 2 86 416 231 289 0 0 0 13 189 383 202 237 0 0 0 79 261 310 153 221 
0 0 0 0 147 568 274 35 0 0 0 6 289 525 184 20 0 0 0 41 374 420 168 21 
0 0 0 1 146 546 237 94 0 0 0 12 275 506 177 54 0 0 0 77 350 400 162 35 
0 0 0 0 15 583 400 26 0 0 0 0 64 672 280 8 0 0 0 0 121 669 229 5 
0 0 0 0 6 541 441 36 0 0 0 0 51 600 358 15 0 0 0 0 133 601 282 8 
0 0 0 0 2 961 61 0 0 0 0 0 212 801 11 0 0 0 0 0 475 542 7 0 
0 0 0 0 0 1023 1 0 0 0 0 0 217 807 0 0 0 0 0 0 423 601 0 0 
0 0 0 0 17 1005 2 0 0 0 0 0 424 600 0 0 0 0 0 1 751 272 0 0 
0 0 11 1 83 928 1 0 0 0 11 1 674 338 0 0 0 0 11 2 955 56 0 0 
0 0 147 53 245 571 8 0 0 0 176 35 532 280 1 0 0 0 177 84 693 70 0 0 
0 0 27 402 527 68 0 0 0 0 33 650 309 32 0 0 0 0 32 711 270 11 0 0 
0 0 0 0 228 395 284 117 0 0 0 5 531 202 224 62 0 0 0 154 410 210 187 63 
0 0 0 0 65 288 411 260 0 0 0 0 195 303 336 190 0 0 0 33 192 329 296 174 
0 0 0 0 182 721 115 6 0 0 0 0 378 548 97 1 0 0 0 10 415 516 82 1 
0 0 0 0 196 589 214 25 0 0 0 11 270 508 222 13 0 0 0 115 346 380 174 9 
0 0 0 0 190 714 110 10 0 0 0 0 264 688 63 9 0 0 0 11 482 470 50 11 
0 0 0 0 64 697 243 20 0 0 0 0 147 773 94 10 0 0 0 0 244 660 114 6 
0 0 0 1 191 743 88 1 0 0 0 28 334 621 40 1 0 0 0 71 404 496 52 1 
0 0 0 2 143 870 9 0 0 0 0 1 252 768 3 0 0 0 0 3 372 647 2 0 
0 0 0 0 214 799 11 0 0 0 0 0 478 538 8 0 0 0 0 0 610 412 2 0 
0 0 0 0 282 712 29 1 0 0 0 2 637 375 10 0 0 0 0 55 678 286 5 0 
0 0 0 0 330 694 0 0 0 0 0 2 889 133 0 0 0 0 0 13 976 35 0 0 
0 0 0 0 282 728 14 0 0 0 0 4 678 338 4 0 0 0 0 10 769 244 1 0 
0 0 0 0 337 680 7 0 0 0 0 1 537 485 1 0 0 0 0 33 631 360 0 0 
0 0 0 0 253 723 48 0 0 0 0 0 546 409 68 1 0 0 0 36 644 305 39 0 
0 0 0 0 192 699 114 19 0 0 0 3 453 303 241 24 0 0 0 39 527 246 188 24 
0 0 0 3 132 457 251 181 0 0 0 3 190 444 238 149 0 0 0 17 240 421 208 138 
0 0 0 5 222 402 214 181 0 0 0 7 288 412 161 156 0 0 0 22 327 369 161 145 
0 0 0 7 305 547 127 38 0 0 0 4 370 528 103 19 0 0 0 22 515 322 135 30 
0 0 0 0 116 837 71 0 0 0 0 0 187 805 32 0 0 0 0 5 406 594 19 0 
0 0 0 0 23 945 56 0 0 0 0 0 132 883 9 0 0 0 0 0 330 682 12 0 
0 0 0 0 346 638 40 0 0 0 0 62 356 589 17 0 0 0 14 195 287 519 9 0 
0 0 0 0 43 944 37 0 0 0 0 3 153 863 5 0 0 0 0 19 347 656 2 0 
0 0 0 0 87 927 10 0 0 0 0 1 293 726 4 0 0 0 0 3 673 346 2 0 
0 0 0 0 17 813 166 28 0 0 0 0 225 718 66 15 0 0 0 0 368 585 61 10 
0 0 0 4 31 572 271 146 0 0 0 1 94 649 197 83 0 0 0 20 218 548 186 52 
0 0 18 2 85 727 173 19 0 0 18 3 189 675 127 12 0 0 18 70 235 546 144 11 
0 0 126 22 55 404 267 150 0 0 139 13 137 434 204 97 0 0 138 18 177 389 216 86 
0 0 103 17 168 395 256 85 0 0 114 13 252 342 250 53 0 0 117 86 295 220 254 52 
0 0 0 0 586 419 12 7 0 0 0 3 981 23 11 6 0 0 0 433 570 4 13 4 
0 0 0 65 347 255 284 73 0 0 0 122 317 287 256 42 0 0 14 247 240 251 234 38 
0 0 0 8 551 276 141 48 0 0 0 94 525 241 130 34 0 0 1 274 395 216 105 33 
0 0 0 1 338 654 31 0 0 0 0 0 553 452 19 0 0 0 0 12 651 348 13 0 
0 0 0 2 179 753 77 13 0 0 0 5 260 686 66 7 0 0 0 35 243 678 62 6 
0 0 0 3 563 456 2 0 0 0 0 19 660 343 2 0 0 0 0 129 514 369 12 0 
0 0 0 1 386 636 1 0 0 0 0 1 716 307 0 0 0 0 0 7 711 305 1 0 
0 0 0 11 619 376 18 0 0 0 0 6 544 453 21 0 0 0 0 10 354 633 27 0 
0 0 0 42 763 219 0 0 0 0 0 23 667 334 0 0 0 0 0 5 398 618 3 0 
0 0 0 70 622 325 7 0 0 0 0 110 580 326 8 0 0 0 27 219 439 308 31 0 
0 0 0 47 431 458 77 11 0 0 0 180 475 328 41 0 0 0 53 285 396 229 60 1 
0 0 0 10 300 424 162 128 0 0 0 16 422 350 210 26 0 0 1 70 370 293 257 33 
0 0 0 55 306 642 21 0 0 0 0 94 318 601 11 0 0 0 37 137 285 549 16 0 
0 0 0 9 276 708 31 0 0 0 0 13 242 747 22 0 0 0 2 43 302 658 19 0 
0 0 0 38 428 485 73 0 0 0 0 14 297 549 163 1 0 0 0 16 316 563 129 0 
0 0 26 187 558 184 40 29 0 0 0 83 565 287 61 28 0 0 4 84 474 346 82 34 
0 4 51 96 756 111 5 1 0 0 13 72 649 279 11 0 0 0 23 77 629 285 10 0 
0 0 0 92 785 139 8 0 0 0 0 43 730 241 10 0 0 0 0 55 746 215 8 0 
0 0 4 148 703 165 4 0 0 0 0 64 729 228 3 0 0 0 1 91 746 183 3 0 
0 0 0 9 575 434 6 0 0 0 0 7 596 419 2 0 0 0 0 36 625 362 1 0 
0 0 0 0 137 805 78 4 0 0 0 2 258 725 36 3 0 0 0 3 281 701 36 3 
0 0 0 3 250 522 133 116 0 0 0 104 226 503 84 107 0 0 32 165 170 475 76 106 
0 0 0 0 381 633 10 0 0 0 0 30 490 502 2 0 0 0 0 119 495 405 5 0 
0 0 0 0 99 916 9 0 0 0 0 0 268 754 2 0 0 0 0 18 570 434 2 0 
0 0 0 2 142 788 91 1 0 0 0 13 274 682 55 0 0 0 0 62 358 561 43 0 
0 0 0 1 91 901 30 1 0 0 1 5 275 733 10 0 0 0 1 38 460 515 10 0 
0 0 97 26 95 672 113 21 0 0 108 25 175 622 84 10 0 0 109 37 285 510 76 7 
0 0 33 8 59 750 127 47 0 0 34 7 94 710 137 42 0 0 34 7 190 615 131 47 
0 0 0 0 66 819 127 12 0 0 0 2 198 677 135 12 0 0 0 26 412 458 116 12 
0 0 0 0 209 815 0 0 0 0 0 5 933 86 0 0 0 0 0 238 749 37 0 0 
0 0 0 40 651 332 1 0 0 0 0 109 463 451 1 0 0 0 9 227 207 576 5 0 
0 0 0 30 809 185 0 0 0 0 0 70 686 266 2 0 0 0 0 167 598 256 3 0 
0 0 0 0 694 329 1 0 0 0 0 0 576 447 1 0 0 0 0 0 365 658 1 0 
0 0 0 30 779 215 0 0 0 0 0 12 672 338 2 0 0 0 0 6 588 425 5 0 
0 0 5 109 843 67 0 0 0 0 0 55 715 254 0 0 0 0 6 89 474 454 1 0 
0 0 1 200 692 131 0 0 0 0 0 44 719 259 2 0 0 0 2 48 555 393 26 0 
0 1 14 405 588 16 0 0 0 0 3 178 766 77 0 0 0 0 7 169 683 165 0 0 
0 0 0 236 786 2 0 0 0 0 0 74 908 42 0 0 0 0 0 11 677 336 0 0 
0 0 11 108 809 94 2 0 0 0 1 35 633 350 5 0 0 0 5 17 281 704 17 0 
0 0 0 11 450 543 20 0 0 0 0 6 285 708 25 0 0 0 0 5 153 802 63 1 
0 0 0 0 411 601 12 0 0 0 0 1 237 747 39 0 0 0 0 1 227 731 65 0 
0 0 62 422 402 138 0 0 0 0 20 355 395 249 5 0 0 0 85 381 332 220 6 0 
0 1 11 144 696 172 0 0 0 0 2 91 670 260 1 0 0 1 9 152 670 192 0 0 
0 0 5 171 809 39 0 0 0 0 1 93 838 92 0 0 0 0 4 107 829 84 0 0 
0 0 57 440 438 89 0 0 0 0 14 280 567 163 0 0 0 0 20 310 511 183 0 0 
0 14 179 251 524 56 0 0 0 0 38 218 550 216 2 0 0 1 109 192 453 264 5 0 
0 0 3 221 777 23 0 0 0 0 1 131 830 62 0 0 0 0 1 146 823 54 0 0 
0 0 18 389 600 17 0 0 0 0 7 188 761 67 1 0 0 0 8 211 747 58 0 0 
0 0 18 278 699 29 0 0 0 0 3 120 838 63 0 0 0 0 6 157 808 53 0 0 
0 0 0 24 793 207 0 0 0 0 0 5 733 286 0 0 0 0 0 6 625 392 1 0 
0 0 0 121 748 155 0 0 0 0 0 19 779 226 0 0 0 0 0 22 716 286 0 0 
0 0 0 51 773 200 0 0 0 0 0 19 687 318 0 0 0 0 0 22 661 341 0 0 
0 0 0 7 739 278 0 0 0 0 0 26 690 308 0 0 0 0 1 116 713 194 0 0 
0 0 0 40 781 202 1 0 0 0 0 278 628 118 0 0 0 0 45 585 383 11 0 0 
0 0 171 57 339 457 0 0 0 0 185 76 485 278 0 0 0 0 199 145 549 131 0 0 
0 0 94 10 208 709 3 0 0 0 99 12 469 444 0 0 0 0 100 26 516 381 1 0 
0 0 0 0 329 695 0 0 0 0 0 0 685 339 0 0 0 0 0 69 775 180 0 0 
0 0 0 0 148 876 0 0 0 0 0 1 525 498 0 0 0 0 0 33 733 258 0 0 
0 0 0 0 6 1018 0 0 0 0 0 0 420 604 0 0 0 0 0 0 698 326 0 0 
0 0 0 197 811 16 0 0 0 0 0 87 895 42 0 0 0 0 0 106 862 56 0 0 
0 0 0 150 848 26 0 0 0 0 0 58 880 85 1 0 0 0 0 79 871 73 1 0 
0 0 0 224 752 48 0 0 0 0 0 81 817 125 1 0 0 0 0 103 815 105 1 0 
0 0 2 417 603 2 0 0 0 0 1 231 779 13 0 0 0 0 2 298 712 12 0 0 
0 0 3 528 493 0 0 0 0 0 2 346 675 1 0 0 0 0 2 455 566 1 0 0 
0 0 99 770 155 0 0 0 0 0 35 616 372 1 0 0 0 0 136 632 256 0 0 0 
0 2 142 712 168 0 0 0 0 0 64 608 348 4 0 0 0 3 169 587 263 2 0 0 
0 1 78 576 359 10 0 0 0 0 20 346 641 16 1 0 0 1 44 313 618 47 1 0 
0 0 12 308 539 164 1 0 0 0 0 151 574 297 2 0 0 0 0 112 514 389 9 0 
0 0 0 5 352 665 2 0 0 0 0 1 126 879 18 0 0 0 0 1 26 877 120 0 
0 0 0 1 234 782 7 0 0 0 0 1 83 918 22 0 0 0 0 0 15 810 198 1 
0 0 9 126 421 463 5 0 0 0 0 99 315 598 12 0 0 0 9 100 231 605 79 0 
0 0 24 267 594 138 1 0 0 0 15 158 612 234 5 0 0 0 24 208 548 236 8 0 
0 1 20 419 579 5 0 0 0 0 6 294 700 24 0 0 0 0 18 348 640 18 0 0 
0 0 17 400 603 4 0 0 0 0 8 135 850 31 0 0 0 0 11 130 804 79 0 0 
0 0 12 129 591 292 0 0 0 0 2 56 450 503 13 0 0 0 7 62 331 560 64 0 
0 0 0 15 604 405 0 0 0 0 0 2 320 691 11 0 0 0 0 5 226 706 87 0 
0 0 11 159 775 79 0 0 0 0 1 64 664 293 2 0 0 0 2 77 609 335 1 0 
0 1 33 272 698 20 0 0 0 0 6 118 808 90 2 0 0 1 12 158 739 113 1 0 
0 0 9 417 592 6 0 0 0 0 3 188 811 22 0 0 0 0 3 216 787 18 0 0 
0 0 3 343 644 34 0 0 0 0 1 181 750 92 0 0 0 0 1 204 734 85 0 0 
0 0 5 276 678 39 7 19 0 0 4 164 752 78 9 17 0 0 8 194 725 71 11 15 
0 11 57 258 606 52 10 30 0 12 55 126 706 83 9 33 0 22 55 129 678 100 10 30 
0 10 183 164 569 69 13 16 0 10 218 129 572 65 13 17 0 23 242 108 550 71 14 16 
1 20 167 200 230 345 14 47 2 28 284 86 366 196 22 40 6 59 289 73 389 151 17 40 
3 23 96 302 102 442 16 40 4 34 271 116 293 253 16 37 10 71 315 30 355 192 18 33 
7 21 122 406 36 366 26 40 8 33 370 134 124 304 12 39 15 90 410 40 168 251 12 38 
5 29 116 490 122 203 14 45 7 44 438 157 290 32 12 44 20 89 485 76 284 17 18 35 
0 3 14 128 509 362 0 8 0 3 68 353 445 147 0 8 1 12 71 424 396 112 0 8 
0 0 1 322 696 2 3 0 0 0 0 122 896 2 2 2 0 0 0 151 867 2 2 2 
0 0 8 589 427 0 0 0 0 0 1 363 658 2 0 0 0 0 9 457 556 2 0 0 
0 0 9 743 266 5 1 0 0 0 6 524 485 8 1 0 0 0 13 694 309 7 1 0 
0 0 58 797 155 11 2 1 0 0 19 702 281 14 7 1 0 0 41 816 150 10 6 1 
0 2 114 720 133 33 17 5 0 0 61 714 180 39 21 9 0 0 107 696 153 39 19 10 
0 17 308 445 127 85 36 6 0 3 167 508 163 112 55 16 0 17 325 361 145 105 56 15 
0 3 156 419 256 138 40 12 0 0 63 359 289 191 90 32 0 3 122 320 252 193 99 35 
0 0 19 130 489 318 60 8 0 0 3 57 333 495 109 27 0 0 4 63 263 520 136 38 
0 0 12 105 429 408 61 9 0 0 0 32 246 576 139 31 0 0 0 21 180 596 185 42 
0 2 26 100 448 386 57 5 0 0 6 53 264 585 94 22 0 0 5 39 158 647 143 32 
0 0 4 69 478 424 45 4 0 0 2 25 326 563 91 17 0 0 1 17 225 627 129 25 
0 0 8 131 552 302 26 5 0 0 5 67 484 413 45 10 0 0 4 51 360 522 73 14 
0 0 17 303 598 104 2 0 0 0 12 277 594 137 4 0 0 0 19 277 516 205 7 0 
0 0 25 477 485 13 15 9 0 0 15 440 533 16 15 5 0 0 55 453 482 20 14 0 
0 0 10 398 580 11 10 15 0 0 20 313 656 10 12 13 0 0 43 339 610 9 11 12 
0 0 23 125 699 144 19 14 0 0 27 271 330 356 23 17 0 2 88 212 222 450 37 13 
0 0 25 64 720 180 17 18 0 1 27 352 196 410 21 17 0 5 173 203 92 502 33 16 
0 8 26 159 659 135 20 17 0 7 31 470 196 274 25 21 1 11 424 73 102 359 34 20 
0 5 34 369 502 76 17 21 0 5 48 579 238 115 17 22 0 13 559 61 174 173 23 21 
0 8 46 542 373 14 16 25 0 7 75 727 158 15 14 28 0 11 693 122 143 16 12 27 
0 8 57 635 263 13 24 24 0 4 102 790 69 12 23 24 0 16 836 51 62 14 23 22 
0 11 83 784 126 5 5 10 0 9 163 825 7 4 5 11 1 24 942 31 6 5 5 10 
0 3 194 806 21 0 0 0 0 6 452 566 0 0 0 0 1 10 996 17 0 0 0 0 
0 0 119 893 12 0 0 0 0 0 424 600 0 0 0 0 0 1 1002 21 0 0 0 0 
0 0 4 1018 2 0 0 0 0 0 465 559 0 0 0 0 0 5 1018 1 0 0 0 0 
0 0 1 1023 0 0 0 0 0 0 554 470 0 0 0 0 0 2 1022 0 0 0 0 0 
0 0 2 1022 0 0 0 0 0 0 628 396 0 0 0 0 0 2 1022 0 0 0 0 0 
0 0 19 978 27 0 0 0 0 0 748 276 0 0 0 0 0 24 983 17 0 0 0 0 
0 0 0 1024 0 0 0 0 0 0 975 49 0 0 0 0 0 0 1024 0 0 0 0 0 
0 3 65 521 334 75 23 3 0 0 29 329 527 90 40 9 0 0 18 309 526 110 49 12 
0 0 15 647 315 29 15 3 0 0 3 491 459 43 20 8 0 0 5 526 422 41 20 10 
0 1 88 537 258 96 39 5 0 0 23 414 386 127 59 15 0 0 20 417 382 127 56 22 
0 6 182 433 205 140 51 7 0 0 37 401 306 156 93 31 0 0 50 406 294 155 95 24 
0 11 160 445 224 118 52 14 0 2 98 394 277 154 74 25 0 2 87 382 279 166 80 28 
0 16 157 341 298 154 50 8 0 3 64 284 335 211 98 29 0 1 47 247 352 219 118 40 
0 28 190 282 281 174 63 6 0 2 72 240 293 257 119 41 0 0 52 217 298 263 143 51 
0 14 76 263 377 223 61 10 0 0 31 160 342 330 128 33 0 0 23 129 305 369 153 45 
0 20 166 299 347 153 35 4 0 2 60 212 372 256 103 19 0 2 44 207 345 288 115 23 
0 6 66 251 371 236 80 14 0 1 20 135 323 337 162 46 0 0 13 109 296 363 174 69 
2 16 131 287 320 186 68 14 0 4 47 178 336 274 143 42 0 3 35 156 324 285 162 59 
1 15 147 284 349 159 47 22 0 8 96 276 346 200 77 21 0 6 95 237 329 235 97 25 
4 21 238 381 275 73 16 16 1 22 217 497 207 43 20 17 2 32 304 470 144 40 15 17 
0 0 14 240 499 262 9 0 0 0 103 365 511 44 1 0 0 11 256 595 147 15 0 0 
0 6 62 174 601 172 9 0 0 18 105 414 437 47 3 0 3 41 176 658 129 17 0 0 
0 27 101 113 662 101 20 0 2 56 115 481 321 42 7 0 10 90 141 657 99 26 1 0 
7 38 35 80 727 99 31 7 26 31 47 559 279 63 17 2 34 32 121 694 92 38 12 1 
8 24 22 54 767 107 35 7 15 24 27 641 229 54 32 2 20 27 158 661 102 37 18 1 
1 3 24 124 749 93 17 13 2 8 43 726 173 47 16 9 4 19 288 586 81 28 14 4 
0 0 11 88 848 72 5 0 0 4 25 776 188 27 4 0 0 7 264 656 86 11 0 0 
0 0 23 165 798 34 4 0 0 0 56 793 163 10 2 0 0 9 348 608 53 5 1 0 
0 0 168 419 417 20 0 0 0 0 256 666 96 6 0 0 0 0 570 420 31 3 0 0 
0 0 72 490 407 54 1 0 0 0 148 667 203 6 0 0 0 0 574 401 48 1 0 0 
0 0 1 568 394 61 0 0 0 0 128 712 182 2 0 0 0 1 626 349 48 0 0 0 
0 0 0 649 347 28 0 0 0 0 167 687 169 1 0 0 0 2 670 321 31 0 0 0 
0 0 3 712 280 29 0 0 0 0 242 642 140 0 0 0 0 3 728 265 28 0 0 0 
0 0 7 746 265 6 0 0 0 0 320 621 83 0 0 0 0 3 760 251 10 0 0 0 
0 0 1 804 214 5 0 0 0 0 411 518 95 0 0 0 0 4 805 213 2 0 0 0 
0 0 0 1003 17 4 0 0 0 0 363 647 14 0 0 0 0 0 1003 18 3 0 0 0 
1 47 205 363 228 131 41 8 0 1 91 320 320 177 91 24 0 1 68 276 339 195 113 32 
0 3 104 449 303 117 39 9 0 0 17 303 425 184 74 21 0 0 16 287 422 192 86 21 
0 12 226 436 210 101 34 5 0 0 67 393 317 172 62 13 0 0 62 394 312 177 62 17 
2 39 256 401 203 83 37 3 0 7 108 382 313 131 61 22 0 9 120 384 300 130 61 20 
1 26 164 351 274 145 57 6 0 5 66 281 350 208 90 24 0 3 60 252 353 221 106 29 
0 12 117 289 356 183 62 5 0 0 62 207 368 263 103 21 0 0 42 179 336 312 124 31 
2 50 262 350 231 101 25 3 0 9 131 332 318 171 53 10 0 7 112 323 318 182 67 15 
4 30 153 307 359 129 39 3 0 8 73 219 402 227 82 13 0 9 67 208 391 244 89 16 
1 30 175 336 273 144 54 11 0 2 67 241 359 198 119 38 0 2 56 225 351 218 127 45 
2 34 133 314 287 178 64 12 1 7 61 199 335 243 130 48 0 5 47 172 336 264 139 61 
0 19 89 275 385 179 69 8 0 7 39 168 383 272 118 37 0 5 31 145 359 291 143 50 
3 21 203 263 372 121 35 6 0 10 141 214 381 207 50 21 0 10 133 210 355 236 57 23 
17 120 404 181 140 101 48 13 19 109 357 172 152 93 88 34 22 98 355 170 143 104 93 39 
58 140 133 234 294 104 38 23 75 135 154 283 231 94 35 17 85 147 194 276 204 68 35 15 
57 88 106 295 341 81 27 29 61 102 178 419 168 52 25 19 80 118 270 374 100 44 27 11 
13 74 224 393 244 41 27 8 28 133 294 441 69 38 16 5 55 210 426 244 43 33 11 2 
2 71 163 412 323 42 9 2 16 121 251 493 117 21 5 0 41 149 414 346 59 13 2 0 
8 139 228 315 135 94 47 58 30 203 257 248 129 74 50 33 61 249 307 174 108 57 56 12 
17 189 250 125 104 90 122 127 64 231 213 104 115 90 131 76 119 258 174 110 92 107 146 18 
14 67 149 251 105 62 131 245 28 105 221 183 61 89 230 107 55 131 275 101 55 117 276 14 
12 109 364 138 102 89 98 112 38 134 366 105 104 90 137 50 65 136 374 99 87 95 163 5 
20 68 237 192 134 92 133 148 34 77 295 176 97 83 208 54 44 95 325 145 93 101 201 20 
13 96 149 151 165 127 170 153 28 131 157 155 155 115 257 26 54 154 165 148 136 124 230 13 
19 138 117 116 137 149 186 162 43 161 105 112 162 144 250 47 98 141 106 140 152 137 243 7 
50 153 119 147 175 184 129 67 90 158 120 162 208 135 130 21 128 152 151 166 185 131 97 14 
43 83 116 205 212 168 170 27 55 105 161 197 228 137 123 18 79 126 191 234 165 152 66 11 
39 103 125 242 255 146 84 30 57 135 188 246 214 116 45 23 93 151 239 242 162 86 39 12 
39 101 138 277 263 123 54 29 54 125 233 261 209 70 48 24 78 146 283 265 139 57 39 17 
4 15 18 845 121 11 7 3 5 15 40 923 28 4 6 3 10 15 95 875 18 4 4 3 
1 30 201 434 232 88 33 5 0 10 74 409 328 130 57 16 0 4 55 363 371 143 68 20 
0 52 253 414 205 66 31 3 0 5 96 399 326 135 48 15 0 6 112 411 311 125 45 14 
6 44 292 364 202 80 35 1 0 9 136 406 272 133 55 13 0 9 120 397 278 146 59 15 
1 27 185 325 346 103 35 2 0 4 85 240 411 206 64 14 0 4 72 221 411 220 75 21 
0 31 156 306 342 138 48 3 0 1 64 238 384 231 85 21 0 1 51 215 365 267 97 28 
5 77 215 358 247 102 19 1 0 9 115 290 360 186 56 8 0 12 123 272 352 189 64 12 
19 138 247 382 185 37 13 3 0 54 195 298 362 86 22 7 2 49 199 304 347 92 22 9 
4 49 277 403 176 74 34 7 0 10 106 391 326 118 55 18 1 10 102 394 313 129 51 24 
12 80 307 358 193 56 18 0 2 23 134 380 305 135 36 9 1 24 147 371 298 139 35 9 
7 78 300 369 160 83 21 6 0 16 115 378 318 129 48 20 0 20 120 380 301 125 57 21 
4 48 258 283 242 130 53 6 0 12 116 295 264 200 110 27 0 12 100 293 260 209 115 35 
1 48 186 332 238 142 64 13 0 4 88 285 286 191 124 46 0 3 64 256 307 208 129 57 
0 68 295 304 213 100 39 5 0 13 160 341 256 154 79 21 0 5 139 318 281 165 83 33 
27 112 234 259 215 122 47 8 29 81 186 235 248 155 67 23 31 73 174 212 269 153 81 31 
114 227 178 215 144 101 35 10 133 198 189 214 142 101 39 8 102 218 208 217 129 102 41 7 
201 207 78 209 153 74 66 36 155 255 121 226 115 73 58 21 119 278 152 232 103 82 44 14 
137 143 138 191 172 94 94 55 148 163 152 221 123 106 82 29 159 184 211 157 123 100 69 21 
96 113 191 296 157 89 59 23 107 159 269 243 90 86 59 11 139 184 336 143 96 70 47 9 
56 225 253 261 102 58 58 11 110 257 327 149 66 54 54 7 162 268 325 104 68 48 43 6 
12 28 325 416 101 39 45 58 20 45 511 264 52 49 55 28 27 87 614 130 48 44 67 7 
47 244 328 95 42 49 105 114 98 289 288 55 41 58 162 33 187 270 242 43 41 96 144 1 
14 71 157 280 134 83 159 126 38 86 241 257 69 82 235 16 55 129 317 147 69 95 211 1 
5 60 145 209 94 70 236 205 11 92 218 150 72 74 382 25 32 147 231 83 77 94 360 0 
10 139 147 48 24 39 232 385 23 219 81 35 27 42 541 56 65 207 67 28 28 71 558 0 
64 207 166 92 70 68 208 149 113 234 146 57 72 72 306 24 195 220 89 68 67 88 296 1 
9 35 41 174 119 65 339 242 18 38 78 200 61 57 563 9 24 43 192 93 66 89 517 0 
9 36 67 171 139 79 342 181 16 46 134 173 71 124 455 5 23 69 220 78 81 250 303 0 
12 44 86 54 37 91 467 233 17 63 91 43 34 191 581 4 25 100 73 25 53 338 410 0 
0 0 0 0 32 264 710 18 0 0 0 1 90 409 524 0 0 0 0 1 149 788 86 0 
4 39 287 428 161 72 29 4 0 14 112 490 230 113 56 9 0 9 95 478 250 119 60 13 
0 16 218 458 193 101 33 5 0 3 110 432 290 113 60 16 0 3 87 412 302 132 67 21 
6 52 202 322 233 151 53 5 1 18 100 277 288 195 118 27 1 12 82 253 302 204 133 37 
1 73 242 316 277 84 27 4 0 11 137 296 368 146 53 13 0 6 137 275 370 161 57 18 
0 22 155 399 278 119 45 6 0 4 60 287 410 175 69 19 0 3 55 246 438 185 71 26 
6 86 287 469 130 39 6 1 0 13 130 454 325 78 22 2 0 19 144 455 308 73 21 4 
3 66 262 533 127 23 8 2 0 14 114 493 327 56 13 7 0 13 128 526 287 52 11 7 
10 98 243 474 148 32 18 1 0 28 166 421 307 66 30 6 1 34 176 418 302 60 25 8 
21 108 289 392 158 42 13 1 2 33 158 390 320 87 28 6 2 44 175 404 292 74 30 3 
21 108 282 433 135 35 9 1 5 26 183 424 290 75 15 6 7 37 194 440 263 66 11 6 
10 123 359 287 165 68 11 1 0 35 196 389 243 109 43 9 0 46 225 371 238 96 40 8 
4 116 394 274 137 63 27 9 0 22 229 406 202 95 51 19 0 28 232 391 203 99 52 19 
5 75 367 295 146 93 36 7 1 15 209 380 209 123 67 20 1 14 181 372 224 133 74 25 
9 90 203 281 240 123 66 12 1 41 152 261 273 173 94 29 0 33 120 248 282 197 105 39 
11 123 300 353 167 52 16 2 8 109 213 361 223 80 24 6 7 83 166 356 263 107 32 10 
86 199 274 235 146 62 22 0 62 174 253 282 157 73 23 0 60 137 232 312 184 75 24 0 
314 267 126 99 62 53 48 55 238 322 165 92 71 49 50 37 160 355 228 89 68 47 53 24 
246 159 71 139 109 92 72 136 180 232 86 150 110 87 86 93 85 263 159 157 116 85 110 49 
337 76 261 73 61 103 74 39 315 104 284 48 79 103 69 22 220 205 277 53 100 97 61 11 
90 83 237 146 124 175 126 43 98 112 256 130 110 183 114 21 113 140 227 136 122 195 77 14 
135 237 176 113 121 162 53 27 196 263 132 106 135 127 59 6 267 253 87 111 145 115 43 3 
39 56 143 426 129 85 95 51 48 80 342 268 75 81 114 16 60 146 437 125 70 80 100 6 
19 76 281 308 102 54 116 68 32 128 445 115 74 61 166 3 54 259 357 85 59 99 111 0 
36 252 176 66 41 39 261 153 63 337 91 55 36 54 383 5 133 305 77 43 36 131 299 0 
142 231 157 111 61 52 183 87 207 202 165 80 50 63 257 0 286 190 129 61 54 109 195 0 
25 37 66 217 111 76 411 81 31 38 127 207 75 96 448 2 46 50 243 103 59 237 286 0 
11 51 76 253 101 53 335 144 22 53 172 200 66 61 448 2 34 76 285 78 59 191 301 0 
12 33 175 89 52 96 338 229 17 55 206 50 38 116 537 5 22 79 205 29 50 212 427 0 
0 0 30 11 6 542 421 14 0 0 39 2 63 547 372 1 0 0 39 3 345 366 271 0 
1 14 208 542 156 85 15 3 0 2 79 527 267 109 35 5 0 2 67 480 302 121 47 5 
14 81 204 398 206 90 28 3 0 17 119 346 327 148 55 12 0 19 123 328 332 153 56 13 
8 41 237 402 202 104 23 7 1 14 92 360 326 161 55 15 1 11 84 356 333 162 60 17 
8 67 281 402 172 72 22 0 1 21 116 419 291 129 35 12 1 18 118 410 298 121 46 12 
1 21 227 438 201 93 38 5 0 3 64 403 346 126 60 22 0 4 57 392 351 131 64 25 
2 73 396 334 141 48 26 4 0 6 148 489 231 92 43 15 0 7 179 471 221 86 43 17 
0 14 276 396 201 99 34 4 0 0 94 416 286 148 60 20 0 0 101 404 280 151 65 23 
9 106 267 344 187 78 30 3 3 16 163 332 301 136 51 22 3 20 176 320 293 137 52 23 
12 145 391 339 105 25 7 0 0 28 222 446 251 62 13 2 0 37 255 444 222 52 12 2 
29 93 307 477 104 12 2 0 2 50 160 534 241 31 5 1 5 50 192 529 219 24 4 1 
18 165 329 355 118 32 7 0 5 51 253 416 222 54 21 2 4 61 278 415 198 49 17 2 
5 146 478 258 92 35 10 0 0 34 307 433 152 72 23 3 1 45 340 413 133 71 18 3 
1 125 457 307 85 29 15 5 0 30 303 468 137 51 23 12 0 34 300 466 138 51 22 13 
16 179 284 309 161 56 11 8 5 120 244 320 222 87 16 10 5 122 249 317 217 87 17 10 
24 237 279 261 144 56 18 5 20 239 219 262 179 73 23 9 18 220 209 260 186 91 28 12 
22 164 452 253 83 41 9 0 13 120 446 261 110 56 16 2 9 104 407 290 131 52 28 3 
94 236 307 239 96 39 9 4 61 228 263 275 110 67 18 2 57 212 250 246 168 66 22 3 
77 152 374 251 69 43 35 23 66 123 392 250 95 41 40 17 51 85 369 298 129 46 36 10 
254 454 75 68 24 41 32 76 128 380 297 54 29 35 33 68 20 300 406 137 36 30 54 41 
425 41 104 147 27 52 48 180 425 55 102 146 27 57 84 128 214 274 105 140 32 56 159 44 
498 57 33 34 24 104 148 126 382 178 34 32 46 128 167 57 200 368 38 28 59 157 159 15 
41 102 233 204 147 130 135 32 63 124 224 206 147 140 110 10 72 132 215 212 163 166 59 5 
116 89 133 113 180 199 145 49 132 131 116 126 193 170 136 20 146 156 99 141 188 168 111 15 
116 209 159 129 125 122 131 33 158 250 123 122 105 129 118 19 215 240 101 136 100 125 100 7 
129 226 203 141 91 108 104 22 224 184 221 81 94 123 93 4 288 199 168 71 101 135 58 4 
29 57 108 445 72 136 167 10 35 60 221 346 73 179 110 0 48 76 442 119 86 221 32 0 
30 49 204 338 51 91 202 59 32 59 383 171 47 114 218 0 50 74 461 79 51 204 105 0 
5 24 303 162 76 121 298 35 4 41 396 65 72 170 276 0 9 79 377 63 90 248 158 0 
0 0 1 9 5 11 969 29 0 2 7 6 12 234 763 0 0 8 3 7 10 890 106 0 
1 36 275 447 177 69 19 0 0 5 115 449 299 115 34 7 0 4 87 427 318 138 39 11 
1 45 175 396 252 115 37 3 0 12 77 339 340 171 67 18 0 8 75 309 338 199 72 23 
17 100 276 352 184 69 24 2 3 34 153 380 271 123 49 11 0 29 137 366 295 131 52 14 
2 70 294 373 195 72 17 1 0 9 173 391 283 119 41 8 0 6 170 373 283 135 46 11 
22 170 391 288 105 37 9 2 1 43 265 391 219 75 26 4 3 50 292 374 206 69 27 3 
10 106 450 288 110 46 10 4 1 19 235 453 203 74 30 9 1 21 259 442 197 68 27 9 
5 80 414 295 144 62 18 6 2 8 146 451 244 104 50 19 2 12 188 437 222 98 44 21 
16 113 321 294 162 87 25 6 0 22 149 354 269 138 72 20 0 30 150 340 273 139 69 23 
44 173 337 305 97 46 21 1 8 60 219 394 213 78 38 14 9 63 244 389 198 73 34 14 
12 132 352 359 109 49 10 1 2 48 231 439 212 62 27 3 2 55 256 434 190 60 24 3 
9 74 279 400 174 60 24 4 1 26 139 446 262 101 37 12 1 29 154 424 271 94 36 15 
14 126 390 213 163 72 40 6 3 39 220 377 177 126 55 27 3 40 239 364 172 125 55 26 
5 70 304 340 159 91 44 11 0 23 166 358 241 128 66 42 0 14 142 352 267 133 69 47 
4 67 245 293 208 129 63 15 0 16 134 294 257 190 86 47 0 14 125 265 273 196 101 50 
32 156 263 247 185 97 32 12 17 86 215 264 222 132 62 26 15 78 192 270 222 145 70 32 
39 137 333 323 126 38 20 8 37 109 235 381 168 56 23 15 31 95 189 394 197 79 21 18 
2 126 665 150 56 20 5 0 2 121 622 172 78 22 6 1 3 82 571 244 83 29 11 1 
34 89 363 314 146 70 8 0 31 77 293 330 172 98 23 0 30 79 211 319 247 100 37 1 
29 74 280 521 66 23 12 19 9 65 244 355 306 17 11 17 3 46 172 289 456 30 10 18 
478 207 78 86 52 43 31 49 260 398 105 85 53 40 40 43 164 445 145 94 55 46 58 17 
384 344 50 19 18 43 40 126 125 519 139 18 35 36 54 98 126 359 281 44 39 36 93 46 
11 20 234 195 54 52 138 320 15 50 240 168 56 69 285 141 16 66 225 168 67 84 376 22 
887 17 19 12 5 10 43 31 887 30 15 4 7 15 60 6 769 152 12 5 7 25 52 2 
380 90 31 43 106 153 183 38 404 76 28 69 120 184 128 15 396 87 31 81 151 200 72 6 
156 62 140 160 218 209 67 12 167 74 127 163 234 228 30 1 182 71 135 162 220 231 22 1 
91 109 234 204 170 123 84 9 113 99 263 189 149 120 82 9 125 93 279 161 152 131 72 11 
126 91 318 217 91 114 52 15 127 123 383 129 93 106 53 10 141 178 357 107 85 101 50 5 
57 77 232 159 100 222 158 19 70 124 258 73 120 260 112 7 85 208 190 62 136 275 65 3 
0 6 73 500 312 120 5 8 0 39 483 312 174 6 10 0 1 93 570 340 8 10 2 0 
0 25 184 455 244 88 21 7 0 4 62 315 408 172 49 14 0 3 59 313 402 176 56 15 
6 43 213 397 218 117 26 4 0 18 77 341 346 167 64 11 0 17 67 310 358 178 82 12 
27 100 209 321 231 98 36 2 3 46 144 277 303 166 69 16 3 39 131 250 313 187 75 26 
31 228 305 260 126 52 19 3 8 78 296 296 204 101 33 8 5 72 277 311 205 107 37 10 
32 323 398 194 63 11 3 0 4 86 392 347 155 30 9 1 5 101 413 322 145 28 9 1 
24 130 374 318 121 38 17 2 3 57 223 422 206 74 30 9 5 60 253 406 196 69 27 8 
36 129 455 289 77 28 10 0 6 58 236 457 192 53 17 5 9 74 295 413 164 48 17 4 
40 193 397 237 104 41 8 4 10 68 296 365 178 81 19 7 13 69 330 352 163 71 20 6 
16 129 390 253 133 75 26 2 2 36 258 361 195 103 51 18 3 42 268 347 193 100 54 17 
16 141 343 285 138 78 18 5 3 48 234 388 197 105 39 10 3 58 255 367 194 101 38 8 
31 97 270 344 159 86 31 6 10 60 162 340 258 118 59 17 10 65 175 335 258 106 56 19 
36 164 305 290 144 63 19 3 3 83 227 306 240 119 37 9 8 96 243 312 214 107 36 8 
42 185 326 253 135 57 18 8 3 71 286 317 188 104 39 16 7 94 301 298 179 95 37 13 
18 118 314 268 171 95 31 9 5 47 217 331 211 137 58 18 3 47 218 308 220 152 56 20 
41 156 262 298 172 63 27 5 22 99 218 296 223 108 45 13 20 87 205 281 241 126 45 19 
20 180 473 269 79 2 1 0 15 159 403 311 124 10 2 0 14 160 366 324 139 19 2 0 
13 225 420 293 61 12 0 0 14 215 328 367 73 27 0 0 17 194 276 382 114 39 2 0 
0 93 400 455 57 19 0 0 1 90 256 568 76 33 0 0 0 67 173 600 137 45 2 0 
3 6 274 504 166 67 4 0 0 6 71 496 328 102 21 0 0 6 18 336 469 165 29 1 
86 285 378 178 47 43 5 2 70 233 349 261 53 46 12 0 78 214 312 272 83 43 22 0 
57 119 377 350 46 20 18 37 19 92 151 533 156 20 20 33 17 65 106 415 339 34 34 14 
255 8 176 186 67 67 65 200 254 36 158 185 74 71 131 115 191 110 142 215 70 58 220 18 
1013 9 2 0 0 0 0 0 549 473 0 2 0 0 0 0 160 860 2 2 0 0 0 0 
760 16 6 7 9 52 84 90 499 273 9 6 24 53 132 28 432 339 10 8 46 53 134 2 
56 63 241 121 88 91 307 57 95 40 229 118 87 158 295 2 103 38 208 132 97 230 216 0 
4 74 253 162 166 303 62 0 35 57 248 156 247 271 10 0 42 83 210 170 318 195 6 0 
21 150 117 173 244 295 24 0 58 158 102 195 312 199 0 0 100 130 120 207 339 128 0 0 
160 77 97 243 287 151 7 2 174 86 123 308 241 80 10 2 181 90 131 337 214 61 8 2 
42 41 539 153 66 178 5 0 56 54 515 153 61 182 3 0 68 183 405 122 117 126 3 0 
7 55 225 355 255 104 18 5 0 12 107 269 322 223 78 13 0 10 97 275 317 224 85 16 
10 94 304 381 166 51 17 1 0 26 148 371 319 114 37 9 0 22 135 357 334 125 40 11 
26 126 337 316 144 50 25 0 5 49 212 375 234 99 35 15 4 48 200 377 232 113 33 17 
61 256 291 240 125 40 11 0 10 91 300 294 207 92 25 5 11 98 306 290 200 89 25 5 
34 268 322 213 122 45 18 2 13 60 322 324 169 92 34 10 13 71 335 294 166 100 33 12 
24 85 267 340 193 88 23 4 4 35 147 330 277 157 54 20 4 32 132 302 295 173 64 22 
15 86 241 359 199 93 24 7 2 21 113 346 310 147 65 20 2 18 98 320 328 159 77 22 
15 170 356 266 133 57 20 7 1 47 281 370 198 79 33 15 2 53 286 344 205 81 38 15 
4 61 401 382 115 44 15 2 2 28 250 487 169 54 30 4 2 28 277 457 173 52 30 5 
8 105 369 359 118 47 15 3 0 40 234 440 215 62 23 10 0 52 269 413 203 60 18 9 
33 112 265 401 145 47 19 2 10 71 178 388 263 76 31 7 13 70 190 382 257 74 31 7 
34 145 297 314 140 61 26 7 6 75 211 334 242 94 48 14 9 86 211 342 229 95 39 13 
12 92 425 335 94 46 19 1 1 24 167 514 206 70 34 8 2 35 238 484 164 63 32 6 
9 155 389 266 128 59 14 4 4 41 309 357 186 91 31 5 4 72 341 321 158 93 29 6 
6 96 418 264 184 43 9 4 0 63 376 254 234 78 13 6 0 56 357 258 237 90 17 9 
12 211 459 220 102 20 0 0 10 156 412 264 135 45 2 0 11 156 386 271 147 49 4 0 
17 319 302 305 60 21 0 0 17 284 248 333 99 43 0 0 14 274 213 313 152 50 8 0 
5 159 433 377 45 5 0 0 12 130 318 474 79 11 0 0 10 118 168 561 133 32 2 0 
0 10 368 511 129 6 0 0 0 5 176 506 302 35 0 0 0 0 59 391 428 144 2 0 
3 50 507 376 63 25 0 0 1 36 252 622 75 32 6 0 2 34 146 523 271 32 16 0 
0 0 104 795 117 7 1 0 0 0 8 700 279 34 3 0 0 0 0 226 721 74 2 1 
253 184 115 173 149 73 36 41 184 221 131 161 126 126 55 20 153 227 161 163 112 129 76 3 
217 474 174 157 2 0 0 0 0 479 336 194 15 0 0 0 0 218 553 211 42 0 0 0 
445 403 128 39 1 2 6 0 261 495 174 84 2 1 4 3 241 363 316 90 6 2 6 0 
21 48 317 162 77 87 202 110 28 34 333 151 99 91 268 20 35 33 328 151 112 117 228 20 
0 86 213 132 43 225 318 7 15 66 199 153 52 413 126 0 32 69 200 136 77 471 39 0 
362 23 57 48 40 226 267 1 368 41 65 31 42 353 124 0 342 79 60 34 79 422 8 0 
1017 1 1 1 1 3 0 0 1017 1 1 1 1 3 0 0 922 96 1 1 1 3 0 0 
1024 0 0 0 0 0 0 0 1024 0 0 0 0 0 0 0 1016 8 0 0 0 0 0 0 
15 115 225 313 242 88 20 6 3 48 145 261 324 177 55 11 2 55 154 255 315 178 55 10 
28 127 250 334 201 64 19 1 7 44 176 301 307 137 37 15 6 49 173 300 311 133 38 14 
39 114 284 351 160 58 16 2 8 57 160 372 275 99 46 7 11 63 174 375 265 88 40 8 
46 172 321 269 144 59 11 2 8 65 232 338 214 126 34 7 12 88 239 337 205 108 30 5 
34 256 364 208 103 42 15 2 3 66 356 306 168 84 31 10 5 79 373 293 161 73 29 11 
63 109 291 297 165 69 27 3 23 60 158 324 261 125 55 18 18 63 168 326 252 120 60 17 
29 126 301 290 183 63 28 4 0 38 186 315 274 146 46 19 1 41 174 332 270 142 42 22 
8 80 256 360 218 80 20 2 0 22 183 324 319 120 43 13 0 24 164 328 325 124 45 14 
15 69 204 372 245 81 28 10 5 35 136 360 291 137 42 18 3 37 119 342 306 152 46 19 
50 157 216 397 143 42 18 1 11 100 193 349 271 67 26 7 14 110 203 341 262 63 26 5 
32 78 174 437 232 48 20 3 17 51 110 362 353 92 31 8 19 47 99 352 370 98 31 8 
62 65 234 411 195 42 15 0 28 62 120 393 305 85 29 2 25 66 117 397 298 89 29 3 
32 83 244 404 177 62 21 1 11 46 128 364 307 113 43 12 14 49 128 378 293 110 39 13 
3 71 504 265 118 47 14 2 0 21 458 287 162 65 27 4 0 30 458 285 155 64 29 3 
0 102 358 310 217 37 0 0 0 66 321 232 312 93 0 0 0 61 314 234 314 98 3 0 
3 207 311 337 152 14 0 0 1 108 315 307 255 35 3 0 1 136 270 272 289 52 4 0 
27 282 223 318 160 13 1 0 15 249 188 250 255 64 3 0 28 227 148 231 307 79 4 0 
16 169 325 435 67 11 1 0 22 145 224 482 125 24 2 0 17 140 156 487 183 34 7 0 
0 22 338 578 86 0 0 0 0 4 131 534 336 19 0 0 0 1 64 312 510 136 1 0 
9 144 399 419 51 2 0 0 21 114 201 551 134 3 0 0 15 117 90 489 288 25 0 0 
0 0 211 697 116 0 0 0 0 0 29 706 278 11 0 0 0 0 0 389 573 62 0 0 
97 241 283 222 144 37 0 0 49 175 272 267 200 58 3 0 47 165 191 304 200 106 11 0 
79 78 539 327 1 0 0 0 16 88 278 621 21 0 0 0 1 55 188 646 134 0 0 0 
35 97 722 169 1 0 0 0 5 64 480 469 6 0 0 0 0 39 361 533 90 1 0 0 
17 30 337 199 80 94 226 41 1 28 123 418 138 58 249 9 2 16 93 482 121 80 195 35 
31 48 198 159 43 79 426 40 35 72 123 209 41 113 431 0 40 92 109 204 56 359 164 0 
934 7 2 5 4 5 53 14 770 173 2 5 2 11 61 0 300 643 5 2 3 30 41 0 
1024 0 0 0 0 0 0 0 653 371 0 0 0 0 0 0 376 648 0 0 0 0 0 0 
1024 0 0 0 0 0 0 0 1009 15 0 0 0 0 0 0 578 446 0 0 0 0 0 0 
2 46 243 371 220 112 28 2 0 3 73 304 330 200 94 20 0 3 71 286 343 201 99 21 
36 124 256 310 193 83 18 4 12 50 174 283 257 168 65 15 13 55 180 290 251 162 60 13 
63 127 227 319 210 72 6 0 19 69 143 248 296 188 58 3 26 75 156 260 305 162 38 2 
68 106 163 285 316 76 10 0 12 60 120 158 263 332 70 9 19 87 121 180 332 239 40 6 
33 254 243 235 162 75 17 5 2 41 269 251 232 152 57 20 3 47 290 241 238 134 52 19 
77 127 294 274 151 82 15 4 25 76 171 311 232 134 63 12 22 81 186 306 222 130 66 11 
46 243 280 204 163 63 24 1 16 75 271 274 222 110 42 14 16 85 285 254 220 109 44 11 
15 93 224 329 222 102 32 7 3 39 136 304 298 163 64 17 2 45 139 300 302 157 61 18 
28 134 232 292 207 95 28 8 4 68 166 262 291 147 71 15 5 73 167 270 281 143 71 14 
41 99 232 347 184 90 27 4 13 42 141 306 300 138 65 19 16 43 150 315 288 137 58 17 
55 51 200 397 212 82 22 5 39 35 107 339 328 119 50 7 39 32 86 314 345 146 50 12 
33 69 197 360 245 81 33 6 22 43 120 297 319 153 53 17 21 38 111 275 333 170 57 19 
22 45 348 318 201 79 10 1 7 22 292 207 256 175 59 6 7 29 297 232 251 168 36 4 
4 98 358 320 177 62 5 0 1 18 228 233 292 165 74 13 1 30 259 267 264 153 47 3 
2 134 241 356 256 35 0 0 0 62 237 252 366 106 1 0 0 53 238 240 367 123 3 0 
8 157 309 379 153 18 0 0 2 62 246 363 297 52 2 0 2 72 231 328 325 64 2 0 
27 301 209 247 202 36 2 0 20 245 215 195 262 79 8 0 20 238 204 194 243 113 12 0 
13 166 331 332 165 15 2 0 9 144 237 362 228 41 3 0 9 136 159 360 282 72 6 0 
2 17 387 436 177 5 0 0 1 1 93 473 395 61 0 0 0 2 30 229 502 256 5 0 
36 249 485 219 31 4 0 0 48 173 387 336 70 9 1 0 53 146 259 426 121 18 1 0 
0 8 554 428 33 1 0 0 0 2 188 753 73 8 0 0 0 0 14 619 365 26 0 0 
0 116 568 244 80 16 0 0 0 89 533 294 87 21 0 0 0 69 454 352 114 33 2 0 
0 5 603 392 24 0 0 0 0 1 384 568 71 0 0 0 0 0 257 584 175 8 0 0 
4 14 525 474 7 0 0 0 0 10 54 859 101 0 0 0 0 5 16 612 388 3 0 0 
17 37 439 305 81 51 77 17 18 41 193 506 94 100 66 6 27 48 119 455 214 105 51 5 
349 48 109 175 80 47 168 48 255 144 96 172 82 85 189 1 198 229 75 166 93 157 106 0 
776 248 0 0 0 0 0 0 74 927 23 0 0 0 0 0 0 622 402 0 0 0 0 0 
884 140 0 0 0 0 0 0 232 783 9 0 0 0 0 0 227 484 313 0 0 0 0 0 
1024 0 0 0 0 0 0 0 1024 0 0 0 0 0 0 0 1024 0 0 0 0 0 0 0 
2 66 256 348 250 85 16 1 0 8 86 294 340 218 66 12 0 9 84 286 341 220 72 12 
18 47 227 307 293 118 14 0 2 17 44 217 282 300 140 22 3 19 64 234 294 292 104 14 
7 107 229 313 232 106 28 2 1 15 145 247 284 216 90 26 1 13 137 256 309 204 85 19 
12 79 188 380 255 88 11 11 1 8 92 202 340 279 89 13 1 16 115 218 374 232 57 11 
101 306 279 182 124 26 6 0 10 122 300 246 181 132 28 5 21 150 310 239 181 100 19 4 
50 137 352 313 128 33 10 1 6 52 192 376 264 99 29 6 10 62 218 382 249 75 23 5 
12 189 268 250 174 89 36 6 3 27 263 310 209 138 57 17 3 39 277 273 226 132 60 14 
94 189 219 243 181 75 22 1 24 136 188 255 231 133 48 9 29 145 174 267 224 132 44 9 
42 119 239 312 190 94 27 1 19 64 147 298 281 137 70 8 21 63 167 292 271 132 67 11 
100 177 218 308 145 62 12 2 35 141 179 277 245 103 36 8 41 145 163 281 252 93 41 8 
44 141 262 340 164 49 23 1 17 84 182 359 242 96 34 10 17 89 177 354 250 94 34 9 
11 73 420 295 136 62 21 6 6 40 365 296 193 80 33 11 6 36 345 292 209 87 34 15 
3 46 338 356 197 63 20 1 1 5 206 279 317 155 48 13 1 8 217 291 302 149 43 13 
4 58 202 409 244 90 16 1 0 4 82 210 344 265 97 22 0 8 90 247 362 226 78 13 
6 138 289 379 179 32 0 1 1 40 219 333 340 80 10 1 1 41 205 305 359 100 12 1 
27 230 348 235 164 20 0 0 0 67 348 307 221 79 2 0 4 99 348 254 215 98 6 0 
14 239 190 298 230 53 0 0 4 208 153 231 296 122 10 0 6 200 139 213 302 152 12 0 
28 156 343 339 129 28 1 0 18 154 237 347 211 56 1 0 18 144 178 340 258 71 15 0 
1 19 261 590 149 4 0 0 0 10 80 432 442 59 1 0 0 9 32 270 523 187 3 0 
57 198 403 297 57 10 2 0 79 158 296 341 127 20 3 0 76 143 234 305 231 32 3 0 
0 9 535 408 69 3 0 0 0 1 284 576 146 17 0 0 0 0 138 595 238 52 1 0 
27 143 634 202 13 4 1 0 27 120 583 265 22 5 2 0 26 105 508 336 41 6 2 0 
0 19 661 337 5 2 0 0 0 3 266 713 38 4 0 0 0 0 45 764 208 5 2 0 
0 5 481 532 6 0 0 0 0 0 112 811 101 0 0 0 0 0 14 735 275 0 0 0 
0 5 194 339 462 23 1 0 0 0 30 376 367 249 2 0 0 0 13 328 341 340 2 0 
215 280 216 149 96 37 31 0 121 289 189 223 117 76 9 0 117 205 255 224 137 84 2 0 
132 694 183 15 0 0 0 0 14 408 543 55 4 0 0 0 0 164 745 106 9 0 0 0 
369 582 73 0 0 0 0 0 157 548 318 1 0 0 0 0 120 379 418 107 0 0 0 0 
1004 20 0 0 0 0 0 0 980 44 0 0 0 0 0 0 975 48 1 0 0 0 0 0 
17 103 306 344 184 58 8 4 1 27 140 350 331 130 36 9 1 22 112 325 340 165 49 10 
11 56 204 327 265 139 20 2 1 18 79 261 305 239 107 14 1 14 67 260 296 253 117 16 
8 52 221 358 262 102 20 1 1 14 98 305 344 191 63 8 1 10 76 270 354 223 77 13 
50 246 292 267 127 28 11 3 0 69 247 358 235 85 23 7 0 81 253 339 226 93 27 5 
33 257 458 177 69 26 2 2 2 40 276 454 160 66 23 3 6 60 330 431 117 62 15 3 
8 224 330 256 141 51 12 2 0 23 294 358 208 105 31 5 1 29 355 319 209 84 24 3 
34 361 310 197 80 31 11 0 6 60 337 369 160 64 21 7 6 72 412 311 139 58 22 4 
47 249 263 262 138 57 8 0 11 95 296 273 238 82 25 4 14 120 284 276 224 79 25 2 
49 169 236 302 178 61 25 4 9 94 216 313 241 106 37 8 14 98 199 314 243 110 36 10 
11 86 287 336 204 70 27 3 2 33 151 363 298 124 42 11 4 30 145 350 292 143 47 13 
0 29 539 345 84 18 6 3 0 9 416 417 137 35 7 3 0 7 385 431 150 39 9 3 
38 109 326 318 144 58 22 9 17 55 268 350 197 81 40 16 18 54 256 325 223 88 44 16 
85 137 256 263 178 77 22 6 31 80 170 251 245 168 55 24 39 90 167 263 248 146 51 20 
31 122 263 318 202 71 15 2 8 33 124 265 312 186 75 21 9 41 151 273 319 153 65 13 
5 122 311 389 141 43 12 1 0 27 201 356 302 96 34 8 0 29 201 323 330 105 28 8 
54 245 367 213 123 22 0 0 3 90 358 325 175 70 3 0 10 142 338 276 178 79 1 0 
13 218 131 231 356 68 7 0 6 182 131 132 377 174 22 0 16 165 131 108 345 226 31 2 
13 167 225 391 216 11 1 0 6 145 155 317 316 83 2 0 8 134 125 266 324 160 6 1 
0 47 260 517 189 11 0 0 0 26 120 407 384 87 0 0 0 18 76 274 454 187 15 0 
59 130 377 296 145 17 0 0 63 104 305 294 210 48 0 0 56 99 274 304 220 71 0 0 
0 2 541 413 66 2 0 0 0 1 398 462 148 15 0 0 0 0 296 451 244 33 0 0 
62 197 472 254 31 8 0 0 68 140 374 375 57 9 1 0 68 123 333 412 74 13 1 0 
0 10 696 296 22 0 0 0 0 1 263 694 66 0 0 0 0 0 40 839 133 12 0 0 
0 4 545 436 39 0 0 0 0 0 144 779 100 1 0 0 0 0 11 769 232 12 0 0 
5 25 466 450 78 0 0 0 0 17 182 659 155 11 0 0 0 12 72 634 261 45 0 0 
265 338 251 138 32 0 0 0 60 359 382 175 45 3 0 0 35 311 291 248 111 28 0 0 
98 366 553 7 0 0 0 0 3 150 638 232 1 0 0 0 0 54 400 563 7 0 0 0 
114 332 573 5 0 0 0 0 10 142 742 130 0 0 0 0 5 63 267 686 3 0 0 0 
335 629 60 0 0 0 0 0 213 355 437 19 0 0 0 0 152 240 562 70 0 0 0 0 
15 63 233 354 229 107 21 2 6 23 99 295 328 193 72 8 2 20 68 244 354 225 97 14 
23 70 259 332 222 98 19 1 4 30 135 343 278 176 54 4 2 25 102 306 299 208 72 10 
26 84 247 324 197 108 36 2 2 48 125 319 277 164 72 17 0 39 105 293 294 181 89 23 
28 123 287 318 177 70 20 1 5 36 157 308 298 163 49 8 4 32 139 312 311 164 52 10 
21 146 342 296 144 54 15 6 7 41 205 382 230 118 33 8 6 34 186 369 248 129 41 11 
76 434 249 145 82 31 7 0 13 91 470 232 140 61 13 4 12 107 448 235 142 59 15 6 
38 229 346 236 119 43 13 0 7 68 302 323 192 99 26 7 8 75 287 312 196 105 34 7 
42 149 365 286 122 41 17 2 8 66 218 371 239 81 29 12 9 72 235 371 220 78 26 13 
26 116 381 316 130 44 9 2 7 58 213 389 242 83 25 7 8 61 223 399 227 75 25 6 
1 41 431 367 126 40 12 6 0 12 234 430 242 70 22 14 0 13 243 442 222 68 22 14 
13 97 382 368 107 39 17 1 5 47 296 398 183 60 30 5 2 48 273 402 197 64 30 8 
10 78 348 363 161 51 13 0 2 22 193 418 260 91 31 7 2 19 186 411 272 92 35 7 
7 69 292 383 200 54 17 2 1 14 167 329 325 144 38 6 1 17 153 338 328 136 44 7 
19 100 377 363 120 35 9 1 2 20 136 378 329 115 34 10 4 32 162 429 274 90 24 9 
9 85 311 375 161 69 13 1 3 16 134 363 323 125 50 10 3 19 137 359 324 131 43 8 
103 229 298 248 128 13 5 0 14 115 320 291 225 48 8 3 29 156 284 247 234 64 9 1 
9 192 131 255 369 63 5 0 3 160 121 143 409 166 22 0 5 154 119 123 376 224 23 0 
14 131 160 480 219 20 0 0 3 108 101 323 404 81 4 0 4 105 87 255 398 170 5 0 
8 73 412 384 137 10 0 0 2 37 255 361 323 45 1 0 1 25 180 336 329 145 8 0 
46 125 409 311 127 5 1 0 28 116 343 329 194 13 1 0 26 112 306 332 217 30 1 0 
0 8 304 617 93 2 0 0 0 0 77 688 240 19 0 0 0 0 24 479 459 61 1 0 
90 213 419 263 34 5 0 0 106 154 351 338 65 10 0 0 121 127 324 335 103 14 0 0 
0 36 694 286 8 0 0 0 0 7 384 556 77 0 0 0 0 2 130 723 167 2 0 0 
0 5 589 406 24 0 0 0 0 0 204 716 102 2 0 0 0 0 24 741 247 12 0 0 
0 5 480 497 41 1 0 0 0 2 234 697 87 4 0 0 0 2 57 760 191 14 0 0 
2 346 364 264 48 0 0 0 1 174 497 287 61 4 0 0 0 80 457 349 127 11 0 0 
4 74 833 113 0 0 0 0 2 14 381 626 1 0 0 0 0 7 106 797 114 0 0 0 
11 73 877 63 0 0 0 0 3 44 515 462 0 0 0 0 0 24 134 852 14 0 0 0 
2 11 1009 2 0 0 0 0 0 3 963 58 0 0 0 0 0 2 100 920 2 0 0 0 
14 87 276 362 191 66 25 3 1 17 112 329 332 172 51 10 2 12 102 291 360 181 57 19 
4 55 238 369 230 93 31 4 1 12 107 314 332 173 69 16 0 7 77 264 353 214 83 26 
23 90 195 292 236 146 40 2 8 41 133 258 267 203 99 15 3 29 110 218 284 226 128 26 
37 115 248 276 190 118 36 4 10 60 159 297 257 150 77 14 8 48 142 277 261 169 95 24 
29 184 283 259 179 65 23 2 9 60 236 300 232 132 44 11 7 40 222 304 233 159 45 14 
30 175 312 255 166 67 16 3 4 54 244 320 218 128 47 9 4 34 213 329 233 145 53 13 
7 130 375 286 154 55 15 2 1 22 201 374 253 120 40 13 2 18 202 364 269 120 36 13 
47 106 309 303 162 81 14 2 13 46 141 332 282 139 58 13 13 49 148 337 266 144 54 13 
21 113 391 279 144 60 13 3 2 47 327 263 229 113 34 9 3 47 326 261 225 120 32 10 
36 120 349 301 143 55 15 5 9 60 242 340 234 90 39 10 9 60 242 340 227 92 45 9 
45 127 321 332 142 39 16 2 12 60 252 361 215 91 24 9 10 46 208 367 241 111 30 11 
79 185 333 245 112 52 11 7 29 122 273 324 153 90 25 8 35 122 267 330 152 84 26 8 
18 149 344 346 136 28 2 1 5 69 189 396 266 78 19 2 3 73 201 400 258 72 16 1 
10 98 362 367 160 24 3 0 0 24 164 383 299 110 40 4 0 27 169 399 300 99 29 1 
34 186 391 296 84 24 9 0 9 55 259 403 205 62 25 6 9 61 257 391 218 61 21 6 
87 212 270 305 112 30 8 0 13 120 254 270 270 74 19 4 24 135 248 226 267 100 21 3 
3 157 120 227 458 59 0 0 1 125 123 105 438 226 6 0 2 124 116 93 404 263 22 0 
8 91 218 376 258 68 5 0 0 71 156 284 363 131 19 0 0 67 132 217 368 214 26 0 
0 25 263 487 234 15 0 0 0 7 158 273 466 117 3 0 0 4 118 188 415 287 12 0 
74 211 257 360 116 6 0 0 40 212 152 389 196 35 0 0 37 208 111 398 214 56 0 0 
0 3 318 643 60 0 0 0 0 0 71 742 208 3 0 0 0 0 11 503 473 37 0 0 
111 199 346 297 66 5 0 0 112 157 231 405 107 12 0 0 129 127 207 384 153 24 0 0 
0 15 520 486 3 0 0 0 0 0 154 747 123 0 0 0 0 0 27 591 402 4 0 0 
0 3 454 550 17 0 0 0 0 0 128 799 95 2 0 0 0 0 14 669 332 9 0 0 
0 25 392 583 18 6 0 0 0 10 206 739 63 6 0 0 0 0 119 511 381 12 1 0 
23 348 479 149 23 2 0 0 22 195 534 245 26 2 0 0 14 146 404 407 48 5 0 0 
3 76 875 70 0 0 0 0 2 20 560 442 0 0 0 0 2 7 92 865 58 0 0 0 
0 16 915 93 0 0 0 0 0 1 310 713 0 0 0 0 0 0 10 905 109 0 0 0 
0 0 1012 12 0 0 0 0 0 0 27 997 0 0 0 0 0 0 0 1014 10 0 0 0 
19 122 243 308 207 92 31 2 1 25 146 300 297 181 56 18 2 23 123 271 303 199 76 27 
16 84 270 304 206 103 34 7 1 34 150 323 274 156 66 20 0 18 99 293 292 200 88 34 
7 57 197 279 288 143 50 3 1 25 126 265 289 213 88 17 0 12 88 220 289 251 130 34 
0 43 181 300 267 156 71 6 0 12 89 261 323 215 98 26 0 6 46 203 329 252 138 50 
10 103 261 279 219 108 40 4 0 44 190 283 280 143 70 14 0 16 143 270 265 209 93 28 
19 86 251 303 210 115 38 2 7 39 142 311 276 164 73 12 5 22 105 286 290 184 104 28 
47 128 281 290 175 81 18 4 11 67 196 306 258 132 45 9 7 56 164 295 276 151 61 14 
16 97 350 257 189 87 27 1 7 45 287 243 255 125 54 8 6 29 262 254 254 138 69 12 
40 176 380 239 121 57 11 0 14 87 351 281 170 86 32 3 13 73 327 293 185 90 39 4 
64 211 319 226 121 66 17 0 24 125 303 277 163 92 34 6 18 129 292 290 158 94 37 6 
40 169 344 278 130 47 14 2 15 84 296 342 176 77 31 3 12 76 268 340 201 86 36 5 
32 82 328 398 150 26 7 1 9 62 168 425 281 64 11 4 6 55 143 396 317 88 16 3 
29 118 444 311 88 26 6 2 5 44 198 480 225 52 16 4 6 45 209 474 218 51 16 5 
3 51 439 443 71 14 3 0 0 13 113 549 308 35 3 3 1 14 116 527 322 37 4 3 
3 101 368 425 113 11 3 0 0 18 183 440 321 52 9 1 1 11 176 453 325 50 6 2 
133 314 209 222 141 4 1 0 10 159 363 195 238 55 3 1 57 241 275 124 200 124 2 1 
3 119 215 258 412 17 0 0 0 86 207 140 476 114 1 0 0 92 199 116 426 188 3 0 
9 101 274 363 230 45 2 0 3 73 207 248 365 122 6 0 3 63 192 185 366 205 10 0 
1 40 142 540 274 27 0 0 0 23 56 284 549 106 6 0 0 17 43 177 448 324 15 0 
77 236 293 317 95 6 0 0 54 189 197 363 196 25 0 0 50 171 164 359 217 61 2 0 
0 11 519 472 22 0 0 0 0 0 151 720 151 2 0 0 0 0 29 562 407 26 0 0 
139 207 212 385 80 1 0 0 116 199 145 389 169 6 0 0 114 177 153 344 225 11 0 0 
0 122 609 286 7 0 0 0 0 47 402 481 94 0 0 0 0 12 284 512 213 3 0 0 
0 6 477 535 6 0 0 0 0 0 81 842 101 0 0 0 0 0 15 629 377 3 0 0 
0 43 620 361 0 0 0 0 0 10 251 710 53 0 0 0 0 7 136 590 291 0 0 0 
88 325 538 70 3 0 0 0 56 225 508 227 7 1 0 0 52 186 433 332 20 1 0 0 
1 54 839 130 0 0 0 0 1 10 603 410 0 0 0 0 0 7 165 790 62 0 0 0 
0 9 781 234 0 0 0 0 0 0 310 706 8 0 0 0 0 0 18 778 228 0 0 0 
0 0 853 171 0 0 0 0 0 0 32 989 3 0 0 0 0 0 3 968 53 0 0 0 
14 130 278 307 182 82 25 6 0 26 174 325 280 146 55 18 0 11 144 287 314 168 74 26 
8 69 195 330 258 116 39 9 1 30 135 267 304 198 68 21 0 14 91 225 312 246 100 36 
1 19 149 297 301 182 66 9 0 7 89 245 323 230 108 22 0 2 40 190 311 276 157 48 
13 53 136 276 264 190 86 6 1 40 98 230 283 243 110 19 1 20 69 177 283 257 156 61 
12 95 271 315 211 95 25 0 0 48 167 329 254 168 52 6 0 21 110 285 309 196 87 16 
10 76 226 315 248 121 24 4 1 27 151 272 316 177 73 7 0 12 94 243 320 230 107 18 
9 89 422 255 155 73 21 0 3 33 372 247 204 124 36 5 0 24 350 246 216 133 42 13 
10 60 289 307 237 95 24 2 4 18 228 283 277 155 49 10 2 14 174 253 313 180 72 16 
34 136 279 323 176 63 13 0 17 77 219 335 233 113 29 1 8 65 175 319 272 140 42 3 
26 102 319 308 179 70 20 0 15 57 209 357 236 115 31 4 11 44 173 348 262 131 46 9 
5 62 374 428 125 21 7 2 3 24 219 501 209 54 11 3 2 17 151 497 267 74 11 5 
6 83 379 401 127 24 4 0 1 19 160 506 261 61 14 2 1 20 114 482 309 78 17 3 
33 108 360 365 116 26 13 3 8 47 176 428 262 75 19 9 9 45 174 425 260 83 21 7 
6 129 368 364 119 33 5 0 0 10 160 409 298 122 20 5 0 15 157 411 308 109 20 4 
7 136 400 319 123 36 3 0 0 20 194 411 235 120 39 5 0 20 193 414 255 107 32 3 
158 297 270 209 82 8 0 0 15 174 399 233 166 35 2 0 77 251 308 159 190 37 2 0 
0 91 297 289 330 13 4 0 0 50 292 146 447 84 5 0 0 50 285 120 418 146 5 0 
6 109 107 417 318 66 1 0 2 79 80 247 463 147 6 0 2 79 69 150 482 232 10 0 
8 57 224 469 248 18 0 0 1 46 83 382 397 114 1 0 1 43 50 306 364 251 9 0 
63 223 212 328 171 26 1 0 10 190 187 312 244 76 5 0 13 185 163 279 274 99 11 0 
1 30 339 549 102 3 0 0 0 6 97 525 377 19 0 0 0 3 35 317 580 86 3 0 
105 176 240 457 46 0 0 0 47 185 136 448 204 4 0 0 41 181 133 423 240 6 0 0 
3 177 728 116 0 0 0 0 0 44 525 425 30 0 0 0 0 10 318 573 121 2 0 0 
4 74 826 113 5 2 0 0 1 18 562 419 21 3 0 0 0 7 136 732 141 6 2 0 
2 37 749 219 16 1 0 0 0 7 217 736 60 4 0 0 0 3 141 625 240 14 1 0 
93 403 484 44 0 0 0 0 42 244 476 259 3 0 0 0 44 221 424 327 8 0 0 0 
3 95 786 140 0 0 0 0 0 6 459 549 10 0 0 0 0 2 134 782 106 0 0 0 
0 20 759 244 1 0 0 0 0 1 251 733 39 0 0 0 0 0 39 725 259 1 0 0 
0 34 946 44 0 0 0 0 0 1 323 694 6 0 0 0 0 0 33 947 44 0 0 0 
6 78 235 292 232 113 49 19 0 30 135 308 280 167 66 38 0 9 102 263 296 216 82 56 
8 95 258 257 219 125 46 16 0 29 184 298 230 189 62 32 0 15 129 282 250 212 89 47 
15 109 240 287 221 98 45 9 2 60 178 299 245 156 64 20 1 36 129 276 274 182 93 33 
14 84 222 303 201 136 45 19 2 37 165 288 257 167 78 30 1 17 115 243 293 187 117 51 
5 73 260 337 235 87 25 2 0 30 189 317 293 146 44 5 0 10 114 292 333 182 82 11 
3 33 380 264 186 115 38 5 2 8 342 240 226 143 50 13 0 6 290 210 259 147 84 28 
10 112 306 284 195 97 18 2 1 40 263 278 249 144 40 9 0 19 225 257 271 170 70 12 
15 49 164 301 330 132 31 2 4 37 95 250 366 202 61 9 2 22 70 203 339 259 108 21 
14 66 204 332 254 111 41 2 3 32 147 277 297 186 70 12 2 19 99 248 318 219 101 18 
13 63 257 374 216 78 22 1 5 26 170 358 284 131 44 6 2 17 121 300 345 169 56 14 
0 29 330 450 168 41 5 1 0 7 144 507 273 77 14 2 0 2 77 421 379 114 26 5 
2 72 365 446 129 10 0 0 0 20 187 497 277 43 0 0 0 9 136 468 350 58 3 0 
18 149 373 337 103 31 11 2 7 53 222 438 216 59 21 8 5 40 189 418 263 73 28 8 
4 88 481 315 75 35 19 7 0 16 213 524 187 48 25 11 0 9 144 523 242 58 29 19 
9 88 530 298 76 23 0 0 0 11 272 490 190 55 6 0 0 6 240 481 226 58 13 0 
31 133 498 279 82 1 0 0 3 47 452 286 211 25 0 0 8 73 440 236 198 69 0 0 
0 108 108 428 376 4 0 0 0 34 127 174 608 81 0 0 0 43 120 119 571 170 1 0 
1 103 204 394 280 40 2 0 0 69 109 292 436 113 5 0 0 68 91 219 434 206 6 0 
8 80 101 533 287 15 0 0 1 58 59 251 530 125 0 0 0 57 50 144 448 317 8 0 
25 212 277 279 205 26 0 0 1 141 237 256 326 59 4 0 0 134 196 253 311 123 7 0 
0 16 307 653 48 0 0 0 0 0 101 564 353 6 0 0 0 0 31 340 607 46 0 0 
89 260 288 365 22 0 0 0 17 256 193 459 98 1 0 0 20 239 176 427 161 1 0 0 
8 325 601 90 0 0 0 0 2 95 545 368 14 0 0 0 0 29 385 487 123 0 0 0 
1 89 807 127 0 0 0 0 0 13 329 672 10 0 0 0 0 3 117 793 111 0 0 0 
0 35 715 270 4 0 0 0 0 1 133 836 54 0 0 0 0 0 101 682 240 1 0 0 
147 352 462 63 0 0 0 0 60 278 406 268 12 0 0 0 75 232 379 319 19 0 0 0 
0 215 758 51 0 0 0 0 0 7 684 323 10 0 0 0 0 0 290 692 42 0 0 0 
0 24 810 176 14 0 0 0 0 2 269 713 40 0 0 0 0 0 20 858 133 13 0 0 
0 0 870 154 0 0 0 0 0 0 7 1013 4 0 0 0 0 0 0 415 609 0 0 0 
17 118 261 268 199 104 50 7 9 55 181 296 259 137 73 14 4 36 150 282 266 168 87 31 
19 110 262 260 213 113 43 4 2 50 195 274 244 173 71 15 1 33 149 272 267 194 77 31 
14 120 261 255 210 112 42 10 1 51 215 268 254 150 58 27 0 22 160 278 237 206 81 40 
15 91 220 260 234 133 54 17 2 59 171 270 254 163 78 27 0 33 113 261 266 194 115 42 
8 43 426 237 170 94 40 6 3 25 380 257 180 121 46 12 1 12 309 250 208 152 64 28 
2 46 270 252 267 133 49 5 0 21 234 236 277 172 74 10 0 11 163 218 271 222 110 29 
16 111 247 286 218 96 44 6 3 36 188 272 286 158 67 14 3 17 124 265 296 193 92 34 
6 52 183 323 286 134 38 2 0 19 118 280 325 197 77 8 0 10 71 234 317 263 106 23 
24 70 219 324 224 121 38 4 9 38 147 279 292 180 72 7 4 30 100 245 307 215 96 27 
22 60 248 385 237 60 11 1 10 34 155 355 310 133 26 1 8 17 100 299 359 190 44 7 
22 78 317 395 165 38 9 0 10 37 205 416 256 84 16 0 7 32 148 375 334 105 23 0 
4 53 284 437 191 48 7 0 2 18 163 456 294 71 19 1 0 13 107 414 344 121 24 1 
6 124 451 303 107 26 4 3 1 33 299 446 183 53 6 3 1 15 213 472 233 73 12 5 
8 104 623 245 40 4 0 0 1 21 428 468 90 16 0 0 0 13 324 519 138 29 1 0 
2 110 695 209 8 0 0 0 1 12 487 453 67 4 0 0 1 10 428 482 99 4 0 0 
3 73 334 477 134 3 0 0 0 12 211 441 329 31 0 0 0 11 167 379 400 67 0 0 
0 84 105 522 311 2 0 0 0 16 114 206 657 31 0 0 0 25 99 136 641 123 0 0 
0 124 265 414 195 26 0 0 0 62 135 353 414 60 0 0 0 64 100 226 497 137 0 0 
1 87 205 578 150 3 0 0 0 32 95 331 511 55 0 0 0 37 75 209 506 194 3 0 
23 165 222 342 254 18 0 0 2 122 160 288 359 93 0 0 2 121 124 234 366 176 1 0 
0 7 195 733 89 0 0 0 0 0 26 507 482 9 0 0 0 0 7 132 766 119 0 0 
54 212 333 399 26 0 0 0 2 178 204 530 110 0 0 0 2 174 179 490 156 23 0 0 
0 32 730 260 2 0 0 0 0 1 297 645 81 0 0 0 0 0 98 641 282 3 0 0 
0 10 786 224 4 0 0 0 0 0 234 743 46 1 0 0 0 0 22 766 232 4 0 0 
0 24 758 236 6 0 0 0 0 1 192 773 58 0 0 0 0 0 121 765 136 2 0 0 
133 384 458 49 0 0 0 0 21 266 453 274 10 0 0 0 29 247 396 333 19 0 0 0 
0 187 790 47 0 0 0 0 0 0 588 435 1 0 0 0 0 0 357 636 31 0 0 0 
0 7 711 305 1 0 0 0 0 0 183 803 38 0 0 0 0 0 19 712 293 0 0 0 
0 0 816 208 0 0 0 0 0 0 13 1001 10 0 0 0 0 0 0 870 154 0 0 0 
39 165 253 308 174 69 15 1 14 81 220 280 271 120 32 6 8 57 195 261 297 151 44 11 
21 114 246 278 201 106 45 13 4 58 198 293 229 145 69 28 3 33 165 281 251 183 69 39 
14 87 283 268 182 116 53 21 5 39 208 278 236 133 83 42 2 20 148 278 265 151 104 56 
16 65 393 239 171 97 33 10 3 47 352 250 197 117 41 17 0 30 292 251 211 149 64 27 
6 49 287 283 199 136 51 13 2 32 254 274 212 161 67 22 0 15 208 207 276 160 112 46 
9 79 201 274 235 154 65 7 2 38 148 280 259 190 87 20 0 11 98 230 284 214 139 48 
8 81 222 284 208 139 68 14 2 33 149 308 241 170 93 28 0 13 101 253 283 192 129 53 
24 92 229 304 220 116 36 3 8 42 160 304 286 153 59 12 5 25 112 267 310 183 95 27 
6 89 278 342 208 79 19 3 3 25 181 343 285 136 44 7 1 13 123 313 320 183 58 13 
9 69 293 392 198 53 10 0 3 24 149 408 290 129 20 1 3 18 88 372 341 167 30 5 
9 51 241 413 256 48 6 0 4 27 129 368 369 111 13 3 4 13 77 301 408 189 29 3 
4 60 237 413 238 65 7 0 1 29 139 349 370 110 25 1 0 11 91 297 409 172 41 3 
19 130 464 250 124 33 4 0 6 57 391 331 173 60 6 0 3 40 346 344 197 83 9 2 
30 204 657 116 16 1 0 0 10 77 633 254 47 3 0 0 10 82 596 281 51 4 0 0 
84 311 377 214 33 5 0 0 8 110 359 429 101 17 0 0 8 99 350 408 138 21 0 0 
2 49 343 507 110 11 2 0 0 13 212 503 269 24 2 1 0 6 151 445 365 54 1 2 
0 55 94 586 286 3 0 0 0 14 87 201 692 30 0 0 0 17 79 144 695 89 0 0 
1 100 239 487 193 4 0 0 0 33 120 344 491 36 0 0 0 38 104 165 602 115 0 0 
0 102 178 580 158 6 0 0 0 21 129 369 468 37 0 0 0 32 111 241 551 86 3 0 
22 191 302 272 229 8 0 0 0 135 198 311 320 60 0 0 0 134 160 296 330 102 2 0 
0 19 388 584 33 0 0 0 0 1 94 668 258 3 0 0 0 0 32 438 530 24 0 0 
59 207 338 390 30 0 0 0 1 194 165 564 96 4 0 0 5 189 127 521 176 6 0 0 
1 82 709 229 3 0 0 0 0 4 251 706 63 0 0 0 0 2 99 635 284 4 0 0 
0 17 692 304 11 0 0 0 0 0 183 770 71 0 0 0 0 0 26 723 269 6 0 0 
1 17 577 414 15 0 0 0 0 8 75 809 129 3 0 0 0 2 56 661 301 4 0 0 
134 230 558 94 7 1 0 0 23 205 298 468 27 3 0 0 39 184 263 510 25 3 0 0 
0 41 892 90 1 0 0 0 0 0 396 617 11 0 0 0 0 0 114 822 87 1 0 0 
0 4 848 171 1 0 0 0 0 0 222 762 40 0 0 0 0 0 15 859 150 0 0 0 
0 0 972 52 0 0 0 0 0 0 13 1002 9 0 0 0 0 0 0 934 90 0 0 0 
21 128 218 344 207 80 23 3 5 59 163 286 319 133 43 16 3 32 142 239 342 177 70 19 
14 87 245 299 194 102 65 18 3 46 186 287 250 130 80 42 0 31 142 255 285 152 98 61 
5 79 410 243 169 75 31 12 0 27 383 252 191 104 44 23 0 11 336 258 204 129 58 28 
28 107 318 250 180 89 43 9 11 74 292 251 215 105 56 20 2 42 235 254 231 157 71 32 
5 60 178 265 251 164 69 32 1 37 139 249 273 194 84 47 0 12 99 208 282 213 133 77 
9 56 175 241 227 179 94 43 2 33 142 250 220 203 122 52 0 17 89 217 232 208 164 97 
12 99 251 306 202 112 29 13 5 53 191 297 251 161 47 19 1 28 132 268 293 187 82 33 
24 118 266 313 184 90 23 6 4 68 171 324 252 138 56 11 3 39 142 291 290 165 73 21 
54 137 303 300 168 48 11 3 23 83 213 344 238 94 23 6 13 67 175 336 261 126 36 10 
50 127 287 328 165 51 13 3 19 63 203 339 275 89 28 8 12 51 170 331 291 125 32 12 
2 52 214 438 268 44 6 0 0 21 132 378 369 110 12 2 0 9 85 284 421 197 25 3 
4 29 294 398 230 61 7 1 1 7 200 349 333 115 18 1 0 8 160 292 363 168 29 4 
19 78 502 258 126 36 5 0 11 42 466 277 155 64 9 0 7 33 431 277 185 76 13 2 
68 290 315 241 95 14 1 0 24 161 352 295 148 42 2 0 22 135 334 292 176 61 4 0 
34 329 405 183 54 15 4 0 1 109 441 348 93 26 5 1 1 95 378 398 110 34 7 1 
5 55 283 452 195 32 2 0 3 17 140 426 361 72 5 0 2 10 95 378 399 131 9 0 
0 45 153 677 146 3 0 0 0 1 89 367 552 15 0 0 0 0 81 226 685 32 0 0 
0 99 231 602 92 0 0 0 0 24 107 399 492 2 0 0 0 29 84 181 656 74 0 0 
0 49 232 601 139 3 0 0 0 5 136 302 552 28 1 0 0 9 129 179 579 126 2 0 
26 214 300 274 205 5 0 0 0 132 203 324 313 52 0 0 0 141 136 317 341 89 0 0 
0 27 515 466 16 0 0 0 0 0 119 634 269 2 0 0 0 0 37 367 579 41 0 0 
63 211 197 466 84 3 0 0 1 167 157 457 222 20 0 0 3 172 145 370 305 29 0 0 
0 54 693 270 7 0 0 0 0 1 223 767 33 0 0 0 0 0 104 796 123 1 0 0 
0 2 707 312 3 0 0 0 0 0 140 873 11 0 0 0 0 0 19 870 134 1 0 0 
0 10 776 238 0 0 0 0 0 0 111 881 32 0 0 0 0 0 59 874 91 0 0 0 
212 216 375 218 3 0 0 0 48 255 214 469 36 2 0 0 53 253 197 461 58 2 0 0 
0 342 679 3 0 0 0 0 0 2 649 373 0 0 0 0 0 1 449 563 11 0 0 0 
0 10 965 49 0 0 0 0 0 0 128 896 0 0 0 0 0 0 10 806 208 0 0 0 
0 0 687 337 0 0 0 0 0 0 6 1016 2 0 0 0 0 0 0 243 781 0 0 0 
27 146 348 275 135 61 20 12 5 56 252 353 204 99 35 20 2 39 207 331 245 123 53 24 
24 79 375 312 177 44 13 0 10 48 270 314 262 83 32 5 4 27 209 311 292 137 37 7 
29 130 367 245 147 66 27 13 13 51 294 311 189 95 49 22 6 37 251 307 220 117 56 30 
33 182 281 237 159 68 47 17 12 96 270 283 170 113 51 29 3 47 225 293 217 134 58 47 
17 94 210 305 199 122 53 24 4 58 159 311 231 158 64 39 0 29 128 248 278 192 92 57 
28 112 236 222 206 134 61 25 6 56 201 260 206 171 85 39 3 29 145 242 227 196 123 59 
23 127 299 266 190 69 33 17 9 48 237 310 228 117 48 27 3 30 170 302 263 156 60 40 
36 131 213 246 192 112 65 29 16 56 205 251 221 149 80 46 8 40 159 237 240 171 98 71 
32 115 320 354 140 45 12 6 13 59 223 395 232 68 24 10 7 41 154 377 292 107 32 14 
31 101 288 366 169 58 9 2 12 50 177 383 276 96 25 5 7 40 128 362 326 118 34 9 
7 22 299 407 240 47 2 0 2 12 219 333 354 100 4 0 0 12 176 290 370 163 13 0 
2 41 491 344 134 8 4 0 0 7 331 406 229 46 5 0 0 3 260 364 302 85 7 3 
34 141 309 340 163 35 2 0 15 95 222 367 247 72 6 0 8 71 173 338 299 117 17 1 
123 322 310 183 68 18 0 0 76 171 357 275 118 25 2 0 65 131 357 289 142 34 6 0 
30 301 267 339 73 12 2 0 0 84 343 396 169 29 2 1 0 51 324 383 220 41 4 1 
17 189 468 294 47 7 2 0 5 53 433 390 130 10 2 1 3 35 364 427 178 13 3 1 
1 120 235 562 106 0 0 0 0 29 221 374 395 5 0 0 0 17 198 283 515 11 0 0 
0 108 375 523 18 0 0 0 0 31 140 599 254 0 0 0 0 36 110 407 454 17 0 0 
0 48 243 673 60 0 0 0 0 4 111 456 446 7 0 0 0 2 109 295 583 35 0 0 
6 152 333 421 112 0 0 0 0 92 171 421 332 8 0 0 0 103 91 395 422 13 0 0 
0 13 482 525 4 0 0 0 0 0 55 740 229 0 0 0 0 0 11 373 610 30 0 0 
33 207 213 436 135 0 0 0 2 156 145 387 318 16 0 0 3 140 143 320 407 11 0 0 
0 104 713 203 4 0 0 0 0 5 328 662 29 0 0 0 0 0 181 687 156 0 0 0 
0 72 757 195 0 0 0 0 0 3 326 658 37 0 0 0 0 0 108 754 162 0 0 0 
0 93 791 140 0 0 0 0 0 1 274 731 18 0 0 0 0 0 174 767 83 0 0 0 
175 332 327 189 1 0 0 0 5 289 278 430 22 0 0 0 16 269 295 413 31 0 0 0 
0 314 706 4 0 0 0 0 0 5 672 347 0 0 0 0 0 0 477 543 4 0 0 0 
0 30 876 118 0 0 0 0 0 0 320 696 8 0 0 0 0 0 46 847 131 0 0 0 
0 32 926 66 0 0 0 0 0 0 94 922 8 0 0 0 0 0 32 293 699 0 0 0 
88 174 259 244 148 78 26 7 9 99 264 236 230 113 55 18 8 86 238 235 234 133 68 22 
51 156 345 229 131 70 34 8 15 87 300 265 187 101 48 21 11 56 261 285 211 110 64 26 
95 236 269 222 114 61 23 4 20 130 289 264 172 93 43 13 11 91 264 270 206 104 51 27 
35 132 257 238 177 92 63 30 11 68 223 262 202 131 74 53 2 45 158 273 219 157 95 75 
27 127 258 261 206 84 42 19 4 74 199 285 221 148 55 38 0 42 155 272 249 186 66 54 
49 204 270 246 147 71 29 8 10 90 270 278 197 113 48 18 6 51 233 277 241 128 65 23 
44 132 279 280 124 91 45 29 14 87 228 307 193 92 63 40 8 53 181 302 246 104 70 60 
38 216 302 257 115 46 26 24 9 80 319 305 176 75 26 34 4 57 261 317 217 96 29 43 
33 186 353 296 94 38 19 5 8 93 292 366 168 57 28 12 3 58 239 380 226 70 29 19 
21 178 450 286 72 17 0 0 3 73 383 380 151 31 3 0 3 48 325 384 208 49 7 0 
2 81 575 276 74 15 1 0 1 25 431 395 141 28 3 0 0 12 349 425 191 42 4 1 
2 89 453 369 92 17 2 0 0 12 261 511 196 40 4 0 0 6 134 504 308 62 9 1 
35 218 359 258 114 35 3 2 12 117 298 343 182 61 9 2 6 85 276 333 218 88 14 4 
229 381 279 105 23 7 0 0 67 354 376 174 39 14 0 0 43 312 391 201 58 18 1 0 
55 424 321 128 68 21 6 1 5 141 521 233 85 28 8 3 5 122 509 251 88 37 9 3 
19 271 515 176 33 7 3 0 8 156 510 289 45 12 3 1 2 85 471 378 70 14 3 1 
0 72 347 523 82 0 0 0 0 3 171 563 285 2 0 0 0 1 143 422 443 15 0 0 
0 96 311 603 14 0 0 0 0 34 102 651 236 1 0 0 0 38 88 429 451 18 0 0 
0 92 365 552 15 0 0 0 0 14 163 503 341 3 0 0 0 16 150 355 485 18 0 0 
3 148 327 494 52 0 0 0 0 77 144 538 259 6 0 0 0 74 113 472 350 15 0 0 
0 63 581 380 0 0 0 0 0 0 127 782 115 0 0 0 0 0 65 439 520 0 0 0 
16 190 309 457 52 0 0 0 0 114 147 546 215 2 0 0 0 115 139 473 293 4 0 0 
0 133 728 162 1 0 0 0 0 1 424 568 31 0 0 0 0 1 223 675 125 0 0 0 
0 53 841 130 0 0 0 0 0 0 327 686 11 0 0 0 0 0 127 766 131 0 0 0 
0 122 728 174 0 0 0 0 0 0 342 663 19 0 0 0 0 0 209 715 100 0 0 0 
132 321 515 56 0 0 0 0 1 253 335 431 4 0 0 0 4 241 305 467 7 0 0 0 
19 186 804 15 0 0 0 0 8 24 604 388 0 0 0 0 7 22 357 631 7 0 0 0 
8 17 917 82 0 0 0 0 0 13 148 859 4 0 0 0 0 13 30 885 96 0 0 0 
0 0 1001 23 0 0 0 0 0 0 33 987 4 0 0 0 0 0 0 1001 23 0 0 0 
51 238 268 233 117 61 38 18 5 89 284 281 187 90 55 33 2 65 280 284 194 100 59 40 
58 259 299 234 108 48 15 3 5 95 303 319 193 62 37 10 4 72 283 325 213 73 42 12 
81 252 291 212 101 70 15 2 13 135 300 261 174 87 44 10 8 103 267 282 201 97 51 15 
51 212 292 234 127 55 43 10 13 77 287 287 190 84 50 36 4 53 218 306 227 113 55 48 
80 227 290 207 125 54 20 21 16 123 264 276 187 96 37 25 4 85 237 293 201 119 47 38 
37 147 352 274 129 53 25 7 16 78 247 375 185 74 35 14 5 53 177 380 241 106 39 23 
28 180 334 262 110 58 32 20 7 88 318 329 137 81 36 28 3 44 240 354 205 92 44 42 
43 202 253 212 154 80 57 23 9 132 242 239 186 110 65 41 5 65 237 243 206 132 77 59 
15 134 431 297 107 27 11 2 2 51 338 381 182 45 17 8 1 25 255 404 238 68 20 13 
7 117 498 287 89 15 10 1 1 44 386 393 153 30 16 1 0 20 305 446 186 46 16 5 
10 176 516 295 26 1 0 0 1 58 369 476 114 6 0 0 0 29 232 539 210 14 0 0 
14 247 506 216 39 2 0 0 0 52 451 399 111 11 0 0 0 24 312 489 172 25 2 0 
126 305 341 182 58 11 1 0 78 179 346 285 109 22 5 0 62 141 320 313 145 35 7 1 
634 210 111 54 12 3 0 0 498 328 114 64 16 4 0 0 478 328 117 68 27 6 0 0 
241 353 114 153 146 17 0 0 32 318 307 110 197 60 0 0 11 252 369 100 203 87 2 0 
35 188 389 320 81 11 0 0 1 93 278 332 268 46 6 0 0 47 208 306 317 134 12 0 
27 320 314 298 59 5 1 0 0 101 303 441 146 29 3 1 0 64 320 371 237 28 3 1 
0 99 624 300 1 0 0 0 0 5 143 831 45 0 0 0 0 7 116 691 210 0 0 0 
0 89 369 564 2 0 0 0 0 7 129 614 274 0 0 0 0 7 125 433 459 0 0 0 
5 225 346 413 35 0 0 0 0 94 246 476 208 0 0 0 0 108 172 491 248 5 0 0 
0 65 679 280 0 0 0 0 0 1 166 778 79 0 0 0 0 0 84 552 387 1 0 0 
4 148 389 477 6 0 0 0 0 66 173 677 108 0 0 0 0 68 151 624 181 0 0 0 
0 144 815 64 1 0 0 0 0 0 335 683 6 0 0 0 0 0 184 781 59 0 0 0 
0 117 832 75 0 0 0 0 0 0 307 715 2 0 0 0 0 0 125 820 79 0 0 0 
0 62 878 83 1 0 0 0 0 1 273 737 13 0 0 0 0 0 110 871 43 0 0 0 
113 331 557 23 0 0 0 0 0 218 387 411 8 0 0 0 0 204 339 474 7 0 0 0 
1 445 578 0 0 0 0 0 0 6 692 326 0 0 0 0 0 4 410 608 2 0 0 0 
2 76 942 4 0 0 0 0 0 10 280 734 0 0 0 0 0 9 73 896 46 0 0 0 
0 0 1021 3 0 0 0 0 0 0 25 999 0 0 0 0 0 0 0 1015 9 0 0 0 
182 349 235 139 75 28 9 7 12 142 356 244 154 81 21 14 16 169 361 226 149 70 19 14 
125 273 292 194 94 34 7 5 14 144 315 272 180 73 18 8 10 131 304 281 184 84 22 8 
140 319 261 130 70 47 28 29 20 175 350 227 101 61 44 46 13 133 347 254 116 62 47 52 
78 314 303 191 73 35 21 9 12 108 328 316 146 59 30 25 6 75 303 321 180 79 30 30 
133 263 304 182 86 42 13 1 40 155 315 280 139 64 25 6 19 118 280 313 171 79 34 10 
65 311 383 193 58 11 3 0 13 118 392 351 111 31 6 2 6 79 326 397 164 41 9 2 
78 270 340 173 91 41 21 10 19 159 373 252 123 54 31 13 6 92 310 321 165 71 36 23 
39 243 322 183 99 77 34 27 5 108 363 255 123 79 52 39 2 57 306 305 150 88 66 50 
3 90 603 279 43 6 0 0 0 32 488 388 107 9 0 0 0 15 399 423 164 21 2 0 
48 243 399 259 57 10 4 4 4 119 353 377 140 19 6 6 2 51 290 420 205 41 9 6 
11 202 520 242 47 2 0 0 2 49 417 447 99 8 2 0 1 27 329 493 156 16 2 0 
20 206 551 214 31 2 0 0 4 63 420 441 85 11 0 0 2 42 303 518 143 15 1 0 
31 238 508 210 34 3 0 0 19 116 447 354 79 8 1 0 9 70 334 464 126 20 1 0 
596 246 134 48 0 0 0 0 578 246 139 59 2 0 0 0 548 233 167 70 6 0 0 0 
375 264 78 189 108 7 3 0 75 415 186 150 170 25 3 0 51 356 256 117 195 46 3 0 
170 358 211 110 95 65 14 1 0 124 428 229 136 82 23 2 0 117 390 246 141 100 27 3 
61 328 410 124 80 20 1 0 0 115 494 261 128 23 3 0 0 104 375 382 137 24 2 0 
2 96 713 213 0 0 0 0 0 41 203 763 17 0 0 0 0 27 141 652 204 0 0 0 
0 92 634 296 2 0 0 0 0 1 127 757 139 0 0 0 0 1 126 624 272 1 0 0 
1 192 462 361 8 0 0 0 0 83 237 640 61 3 0 0 0 67 157 605 190 5 0 0 
0 131 772 121 0 0 0 0 0 0 212 784 28 0 0 0 0 0 107 583 334 0 0 0 
14 164 511 334 1 0 0 0 0 100 175 718 31 0 0 0 0 95 134 634 161 0 0 0 
0 79 927 18 0 0 0 0 0 0 309 715 0 0 0 0 0 0 114 893 17 0 0 0 
0 98 919 7 0 0 0 0 0 0 326 698 0 0 0 0 0 0 80 933 11 0 0 0 
0 203 768 52 1 0 0 0 0 1 409 607 7 0 0 0 0 0 274 728 22 0 0 0 
86 398 522 18 0 0 0 0 0 305 303 416 0 0 0 0 0 294 338 391 1 0 0 0 
0 421 600 3 0 0 0 0 0 11 808 205 0 0 0 0 0 5 598 421 0 0 0 0 
0 40 968 16 0 0 0 0 0 0 312 712 0 0 0 0 0 0 74 941 9 0 0 0 
0 0 1016 8 0 0 0 0 0 0 45 978 1 0 0 0 0 0 0 1015 9 0 0 0 
231 307 227 131 72 43 12 1 22 225 307 216 137 73 33 11 33 245 317 201 120 67 34 7 
262 333 231 105 51 22 20 0 25 122 295 293 190 56 20 23 23 162 316 294 141 48 18 22 
112 385 265 136 73 34 13 6 18 188 383 234 104 54 30 13 8 142 385 259 118 63 34 15 
94 432 275 139 58 21 5 0 10 171 417 246 119 47 11 3 2 125 382 300 135 58 18 4 
100 428 296 141 40 10 7 2 23 179 445 248 94 24 8 3 9 125 418 290 132 33 11 6 
119 280 317 199 81 19 5 4 23 140 339 310 136 56 13 7 14 113 297 347 161 66 18 8 
49 276 407 184 76 17 11 4 7 143 437 263 111 42 12 9 3 76 416 304 137 63 13 12 
56 329 448 109 37 18 24 3 8 106 556 217 74 26 15 22 8 64 512 276 94 31 9 30 
47 290 426 184 45 21 6 5 9 113 409 356 87 21 22 7 5 76 366 394 121 30 23 9 
175 426 297 91 30 5 0 0 11 296 451 201 50 12 3 0 6 184 507 233 69 21 4 0 
36 260 460 241 25 2 0 0 2 85 369 457 101 10 0 0 0 56 327 461 163 16 1 0 
120 430 378 78 15 3 0 0 6 205 510 251 44 8 0 0 10 176 502 273 53 10 0 0 
6 134 492 345 43 3 1 0 0 25 343 544 100 9 3 0 0 14 225 624 143 14 4 0 
69 154 191 268 290 39 12 1 68 132 185 396 206 25 11 1 64 118 187 429 190 26 9 1 
392 297 129 94 74 25 8 5 74 465 242 131 76 22 9 5 100 452 235 137 68 19 8 5 
20 328 366 168 110 32 0 0 1 113 432 285 115 75 3 0 0 79 409 318 133 80 5 0 
29 312 415 193 72 3 0 0 2 68 498 316 129 11 0 0 0 52 370 457 135 10 0 0 
0 151 795 78 0 0 0 0 0 44 305 673 2 0 0 0 0 37 160 700 127 0 0 0 
0 72 834 118 0 0 0 0 0 1 133 880 10 0 0 0 0 1 120 797 106 0 0 0 
1 193 663 167 0 0 0 0 0 102 180 739 3 0 0 0 0 70 139 786 29 0 0 0 
0 18 811 195 0 0 0 0 0 0 76 917 31 0 0 0 0 0 11 559 454 0 0 0 
22 172 650 180 0 0 0 0 0 99 194 727 4 0 0 0 0 95 151 675 103 0 0 0 
2 403 617 2 0 0 0 0 0 8 694 321 1 0 0 0 0 5 508 508 3 0 0 0 
0 440 573 11 0 0 0 0 0 0 766 258 0 0 0 0 0 0 551 471 2 0 0 0 
0 393 604 27 0 0 0 0 0 4 562 457 1 0 0 0 0 0 444 563 17 0 0 0 
73 389 506 52 4 0 0 0 0 284 363 365 10 2 0 0 0 269 359 380 13 3 0 0 
0 507 510 5 0 1 1 0 0 19 789 212 2 0 1 1 0 1 652 362 7 0 0 2 
0 65 912 47 0 0 0 0 0 0 405 614 5 0 0 0 0 0 162 834 28 0 0 0 
0 3 1021 0 0 0 0 0 0 0 21 1003 0 0 0 0 0 0 1 1023 0 0 0 0 
230 352 235 123 57 20 6 1 27 133 272 319 170 69 23 11 50 186 339 249 127 54 12 7 
414 295 162 81 38 21 8 5 40 199 307 251 126 56 23 22 149 265 292 164 87 29 23 15 
175 266 239 137 90 67 35 15 21 187 265 220 138 87 66 40 12 146 277 244 136 94 63 52 
141 452 241 118 46 13 6 7 16 238 423 206 90 31 10 10 8 144 459 232 108 48 13 12 
61 234 321 258 98 35 17 0 24 101 283 341 182 65 23 5 14 66 237 338 238 89 33 9 
84 250 467 151 53 10 9 0 11 129 498 238 107 28 12 1 4 103 466 279 122 33 12 5 
33 355 534 75 23 4 0 0 5 157 638 170 43 10 1 0 2 82 651 214 60 13 2 0 
111 348 391 147 22 5 0 0 13 121 405 370 101 12 2 0 15 92 367 411 121 16 2 0 
112 458 279 123 37 10 5 0 10 163 509 225 82 26 6 3 4 103 472 294 106 31 9 5 
151 401 349 104 16 2 1 0 17 200 427 309 61 8 2 0 4 187 420 319 79 14 0 1 
329 377 237 71 7 1 2 0 46 315 405 204 43 8 2 1 80 320 370 203 45 3 2 1 
264 467 257 29 5 2 0 0 30 274 474 217 22 5 2 0 71 315 447 172 15 3 1 0 
40 227 387 337 29 3 1 0 1 52 376 507 80 7 1 0 1 72 343 504 95 8 1 0 
3 6 101 372 296 121 79 46 5 6 100 473 235 109 59 37 5 9 132 466 222 105 51 34 
293 208 113 116 71 76 73 74 57 398 142 146 86 74 60 61 102 328 175 107 127 75 56 54 
48 80 423 473 0 0 0 0 18 50 152 750 54 0 0 0 4 54 91 291 584 0 0 0 
83 269 632 38 2 0 0 0 23 76 401 498 20 6 0 0 16 64 229 579 130 6 0 0 
42 456 469 46 10 1 0 0 0 147 604 245 22 6 0 0 0 97 512 385 22 8 0 0 
0 132 884 8 0 0 0 0 0 23 222 779 0 0 0 0 0 11 172 841 0 0 0 0 
4 280 672 68 0 0 0 0 0 129 256 639 0 0 0 0 0 104 195 720 5 0 0 0 
0 30 954 40 0 0 0 0 0 0 209 815 0 0 0 0 0 0 10 805 209 0 0 0 
22 164 625 213 0 0 0 0 0 93 214 713 4 0 0 0 0 87 135 743 59 0 0 0 
0 326 694 4 0 0 0 0 0 0 819 205 0 0 0 0 0 0 550 473 1 0 0 0 
1 325 694 3 1 0 0 0 0 4 579 439 2 0 0 0 0 1 340 671 11 1 0 0 
4 371 615 34 0 0 0 0 0 3 468 543 10 0 0 0 0 0 332 669 23 0 0 0 
19 290 607 103 5 0 0 0 0 122 324 538 37 3 0 0 0 96 253 608 64 3 0 0 
0 189 683 148 4 0 0 0 0 0 394 511 115 4 0 0 0 0 178 627 210 9 0 0 
0 131 797 94 2 0 0 0 0 0 186 748 90 0 0 0 0 0 32 776 209 7 0 0 
0 18 996 10 0 0 0 0 0 0 19 993 12 0 0 0 0 0 3 987 34 0 0 0 
247 295 287 143 46 4 2 0 9 148 281 313 201 62 6 4 58 241 281 265 136 37 5 1 
380 353 181 78 18 9 3 2 13 167 376 288 121 42 11 6 79 306 362 180 70 18 4 5 
145 223 184 161 102 79 79 51 15 129 225 177 169 111 99 99 12 128 225 172 168 114 89 116 
175 355 293 112 51 21 10 7 29 222 383 226 93 37 19 15 15 156 351 278 124 58 21 21 
49 183 439 209 93 24 14 13 17 117 413 240 156 44 19 18 9 73 380 271 183 67 21 20 
71 220 530 135 48 13 7 0 25 150 525 220 68 27 9 0 21 108 500 269 85 31 9 1 
182 548 213 55 21 3 2 0 5 345 473 138 50 10 3 0 3 182 562 196 60 17 4 0 
89 286 440 182 18 6 1 2 9 131 329 414 125 10 4 2 8 107 284 442 163 14 3 3 
218 448 234 96 26 2 0 0 24 241 471 199 72 16 1 0 12 166 465 270 89 20 2 0 
142 480 336 58 5 0 2 1 6 212 523 244 33 3 0 3 2 184 495 290 41 9 0 3 
323 497 169 28 7 0 0 0 50 340 449 155 22 8 0 0 66 369 438 123 21 7 0 0 
299 454 233 35 3 0 0 0 35 252 486 213 35 3 0 0 51 314 430 195 33 1 0 0 
68 279 328 206 122 21 0 0 1 71 399 386 153 14 0 0 1 75 364 423 151 10 0 0 
13 63 147 217 220 116 100 148 9 39 137 287 211 118 84 139 9 32 126 300 226 118 89 124 
158 254 132 74 20 29 64 293 20 325 129 142 23 41 68 276 32 293 130 113 67 51 72 266 
187 202 376 257 2 0 0 0 8 218 220 538 37 2 1 0 21 201 161 408 228 5 0 0 
328 466 225 5 0 0 0 0 3 518 470 28 5 0 0 0 5 432 537 44 6 0 0 0 
157 665 196 6 0 0 0 0 3 633 340 48 0 0 0 0 2 513 457 51 1 0 0 0 
0 176 780 68 0 0 0 0 0 15 595 408 6 0 0 0 0 5 391 619 9 0 0 0 
5 273 715 31 0 0 0 0 0 88 438 497 1 0 0 0 0 66 311 645 2 0 0 0 
0 51 971 2 0 0 0 0 0 0 159 865 0 0 0 0 0 0 27 908 89 0 0 0 
1 212 633 178 0 0 0 0 0 100 229 691 4 0 0 0 0 105 169 712 38 0 0 0 
0 443 548 32 1 0 0 0 0 1 726 269 27 1 0 0 0 0 512 468 43 1 0 0 
1 235 749 36 3 0 0 0 0 0 360 618 43 3 0 0 0 0 154 794 66 10 0 0 
14 482 385 112 29 2 0 0 0 7 523 347 124 21 2 0 0 1 345 494 152 29 3 0 
17 195 512 251 47 2 0 0 0 25 219 533 218 29 0 0 0 14 151 504 308 45 2 0 
1 192 566 250 15 0 0 0 0 2 209 485 310 18 0 0 0 0 111 455 417 41 0 0 
0 142 616 241 25 0 0 0 0 0 34 599 374 17 0 0 0 0 16 437 530 40 1 0 
0 9 977 37 1 0 0 0 0 0 1 980 41 2 0 0 0 0 0 224 794 6 0 0 
269 304 243 125 54 24 5 0 16 129 282 265 187 98 37 10 49 226 284 209 153 67 27 9 
387 337 186 55 30 15 5 9 9 94 377 345 113 48 18 20 52 302 390 161 67 26 15 11 
205 255 216 125 77 34 51 61 55 180 260 227 105 67 43 87 60 169 253 211 123 71 41 96 
143 414 326 92 22 6 9 12 27 304 461 144 46 16 7 19 8 189 512 203 63 22 6 21 
79 258 533 91 31 23 9 0 20 174 566 161 59 28 12 4 14 121 562 199 70 35 18 5 
104 290 470 125 30 5 0 0 25 165 442 314 63 13 2 0 11 127 364 411 87 21 3 0 
263 420 249 80 12 0 0 0 51 379 372 170 46 6 0 0 24 290 416 219 66 9 0 0 
186 349 346 130 11 2 0 0 52 204 392 300 74 1 1 0 27 168 345 354 120 8 2 0 
66 483 340 112 16 6 1 0 10 82 572 293 53 12 2 0 5 73 476 389 64 14 3 0 
251 458 236 64 12 2 1 0 7 167 526 239 70 11 3 1 14 253 469 215 59 11 2 1 
274 435 262 38 9 3 3 0 11 163 439 326 65 13 4 3 44 256 444 234 33 9 1 3 
188 532 259 41 4 0 0 0 7 185 559 237 33 3 0 0 10 212 524 237 38 3 0 0 
78 482 371 80 13 0 0 0 11 142 486 306 62 17 0 0 11 99 453 362 85 14 0 0 
52 268 403 280 17 4 0 0 10 132 364 453 58 7 0 0 3 60 296 477 173 11 4 0 
41 163 375 340 87 15 3 0 6 72 233 337 292 67 15 2 1 49 203 297 334 113 23 4 
18 83 231 273 157 238 24 0 0 10 56 136 322 422 78 0 0 15 69 153 303 291 184 9 
52 111 192 197 172 135 163 2 3 88 113 143 161 259 221 36 8 78 96 156 153 231 168 134 
75 371 337 84 57 68 32 0 5 95 487 181 63 102 90 1 9 107 453 199 62 92 85 17 
176 542 285 21 0 0 0 0 6 191 546 273 8 0 0 0 51 235 479 253 6 0 0 0 
49 572 322 81 0 0 0 0 0 158 587 278 1 0 0 0 9 175 505 333 2 0 0 0 
0 241 783 0 0 0 0 0 0 4 600 420 0 0 0 0 0 0 250 764 10 0 0 0 
23 226 691 84 0 0 0 0 0 97 305 614 8 0 0 0 0 69 220 698 36 1 0 0 
2 421 451 124 24 2 0 0 0 0 529 343 129 23 0 0 0 0 294 523 161 43 3 0 
5 244 610 148 16 1 0 0 0 0 245 607 151 20 1 0 0 0 75 682 236 30 1 0 
16 372 515 113 8 0 0 0 0 3 339 516 152 14 0 0 0 1 179 587 237 18 2 0 
5 124 570 281 41 3 0 0 0 6 97 570 315 34 2 0 0 0 49 443 468 60 4 0 
0 98 693 223 10 0 0 0 0 0 100 697 221 6 0 0 0 0 23 540 435 26 0 0 
0 44 531 419 28 2 0 0 0 1 89 619 306 9 0 0 0 0 27 408 553 33 3 0 
0 9 828 183 4 0 0 0 0 0 14 885 122 3 0 0 0 0 6 314 700 4 0 0 
376 356 219 61 10 2 0 0 4 128 347 324 166 47 7 1 65 305 368 192 78 14 2 0 
302 336 211 72 46 35 21 1 11 185 380 249 101 40 40 18 41 270 351 192 75 41 34 20 
102 258 375 124 84 49 27 5 21 108 385 258 105 75 48 24 21 98 374 256 114 79 51 31 
101 275 493 131 20 4 0 0 13 204 534 180 81 11 1 0 13 173 510 197 113 17 1 0 
113 495 271 105 35 4 1 0 22 260 449 192 75 25 0 1 4 167 430 239 130 50 3 1 
334 412 223 44 11 0 0 0 77 401 406 113 24 3 0 0 52 363 400 168 34 7 0 0 
397 518 100 6 3 0 0 0 143 557 285 35 4 0 0 0 57 525 376 61 5 0 0 0 
263 430 200 83 25 15 1 7 27 344 386 173 54 22 11 7 16 218 431 221 90 25 15 8 
150 478 288 87 16 4 1 0 3 135 531 266 72 15 2 0 6 140 468 318 74 14 3 1 
480 345 137 41 16 5 0 0 39 436 348 137 45 14 5 0 114 454 263 131 40 17 5 0 
479 425 100 18 2 0 0 0 99 393 417 97 18 0 0 0 165 438 337 70 14 0 0 0 
93 509 371 45 5 0 1 0 0 100 546 336 39 2 0 1 0 87 477 403 51 5 0 1 
25 205 391 288 98 16 1 0 3 34 243 332 235 140 33 4 2 20 198 365 273 136 26 4 
3 27 110 191 256 346 91 0 0 15 45 174 225 354 205 6 0 8 25 161 153 288 371 18 
2 36 126 252 276 304 28 0 0 3 45 237 302 364 69 4 0 3 50 178 282 283 217 11 
4 101 445 72 92 306 4 0 0 6 96 449 110 331 32 0 0 12 159 411 46 203 193 0 
7 174 412 267 117 47 0 0 0 0 57 667 218 82 0 0 0 7 201 508 202 95 11 0 
56 315 395 256 2 0 0 0 0 5 136 667 203 13 0 0 5 62 369 541 47 0 0 0 
68 349 428 164 15 0 0 0 1 40 222 407 304 47 3 0 30 123 428 384 56 3 0 0 
31 459 449 77 8 0 0 0 0 105 521 311 65 19 3 0 12 108 560 324 18 2 0 0 
3 650 350 19 2 0 0 0 0 157 759 92 15 1 0 0 0 17 813 175 18 1 0 0 
26 341 478 146 30 3 0 0 0 66 412 374 146 24 2 0 0 24 370 417 171 39 3 0 
12 192 462 268 78 12 0 0 0 9 161 390 370 85 9 0 0 3 99 337 432 135 17 1 
1 144 586 248 39 6 0 0 0 0 51 568 347 54 4 0 0 0 16 437 481 81 9 0 
3 168 602 232 19 0 0 0 0 1 109 595 298 20 1 0 0 1 50 515 412 45 1 0 
0 60 520 387 57 0 0 0 0 1 55 554 386 28 0 0 0 0 11 410 514 89 0 0 
0 53 624 337 9 1 0 0 0 0 49 633 335 6 1 0 0 0 6 438 549 29 2 0 
0 125 721 176 2 0 0 0 0 2 100 683 238 1 0 0 0 0 40 558 419 7 0 0 
0 4 890 129 1 0 0 0 0 0 7 946 70 1 0 0 0 0 0 113 908 3 0 0 
457 364 142 44 10 5 2 0 3 190 431 273 94 22 6 5 58 392 389 129 40 10 3 3 
138 325 360 133 40 17 7 4 7 112 414 297 115 46 25 8 7 128 430 276 116 38 17 12 
85 304 453 115 52 13 2 0 5 146 548 192 85 35 11 2 5 124 547 205 89 37 12 5 
191 356 349 89 28 10 1 0 50 248 397 251 51 23 3 1 55 242 359 274 68 23 2 1 
74 460 327 98 43 19 3 0 10 185 482 221 73 33 18 2 4 98 415 334 106 36 22 9 
192 391 342 80 14 5 0 0 30 207 412 300 63 8 4 0 50 215 365 314 68 7 4 1 
279 505 163 63 14 0 0 0 31 534 311 102 41 5 0 0 13 470 366 122 45 8 0 0 
487 382 107 43 5 0 0 0 128 427 328 102 35 4 0 0 79 400 356 135 44 10 0 0 
81 431 409 95 8 0 0 0 4 139 491 329 59 1 1 0 4 118 430 386 80 5 1 0 
516 356 115 30 6 1 0 0 139 438 320 93 27 6 1 0 216 395 281 93 31 7 1 0 
408 384 158 43 11 4 11 5 60 339 394 162 41 9 5 14 123 419 309 113 31 10 3 16 
94 416 397 88 25 4 0 0 1 125 513 309 60 16 0 0 10 99 399 404 84 25 3 0 
13 88 406 409 106 2 0 0 0 20 113 444 348 98 1 0 0 10 70 315 443 175 11 0 
9 60 214 356 329 56 0 0 1 14 60 263 542 133 11 0 0 10 48 180 510 238 35 3 
5 78 188 403 287 60 3 0 1 17 120 410 357 110 9 0 0 7 76 263 437 213 28 0 
15 84 364 193 137 106 75 50 1 32 168 379 162 115 93 74 0 23 143 390 142 123 97 106 
37 153 318 134 35 41 180 126 0 10 75 277 246 63 192 161 2 24 130 310 160 48 124 226 
34 169 240 215 176 101 76 13 3 17 66 171 332 277 125 33 2 19 87 251 261 212 136 56 
18 150 342 301 155 48 10 0 0 2 33 187 292 362 135 13 0 4 57 253 292 312 89 17 
121 450 368 75 10 0 0 0 3 61 511 294 62 70 20 3 13 111 501 271 85 35 8 0 
79 238 474 219 13 1 0 0 13 80 313 490 114 13 1 0 14 88 262 518 122 19 1 0 
27 233 467 248 43 3 3 0 0 11 142 459 333 73 4 2 0 5 100 420 393 93 10 3 
13 150 542 266 48 4 1 0 0 5 47 433 456 78 5 0 0 5 25 328 536 118 11 1 
1 49 427 461 83 3 0 0 0 0 25 365 542 90 2 0 0 0 7 205 635 167 10 0 
1 107 495 364 52 5 0 0 0 1 50 461 454 51 7 0 0 1 25 344 532 113 9 0 
0 142 639 232 11 0 0 0 0 0 41 508 450 25 0 0 0 0 9 355 609 51 0 0 
0 124 744 150 6 0 0 0 0 0 26 616 375 7 0 0 0 0 6 365 627 26 0 0 
4 132 711 173 4 0 0 0 0 4 57 656 302 5 0 0 0 4 24 449 527 20 0 0 
1 23 998 2 0 0 0 0 0 0 12 994 18 0 0 0 0 0 2 983 39 0 0 0 
280 678 57 5 2 2 0 0 1 86 806 110 13 7 0 1 44 765 183 23 6 2 1 0 
54 209 693 46 13 8 0 1 1 36 225 687 42 21 5 7 3 54 783 122 44 8 7 3 
71 206 620 57 39 26 5 0 2 104 199 605 49 36 21 8 0 78 216 610 51 40 20 9 
111 678 166 53 15 1 0 0 26 142 676 144 34 2 0 0 36 125 668 142 49 4 0 0 
111 738 117 43 13 2 0 0 14 156 722 92 32 8 0 0 14 146 717 96 39 9 3 0 
98 166 681 50 17 11 1 0 20 114 692 139 33 15 10 1 20 106 678 147 44 14 9 6 
148 756 87 24 7 2 0 0 26 274 657 48 14 5 0 0 16 238 680 69 16 5 0 0 
149 782 65 19 6 3 0 0 8 186 748 58 17 6 1 0 7 116 781 81 29 7 3 0 
68 782 137 32 4 1 0 0 5 143 769 89 15 2 1 0 14 123 753 109 21 3 1 0 
233 757 31 1 2 0 0 0 87 707 208 19 2 1 0 0 95 699 191 37 1 1 0 0 
822 163 37 1 1 0 0 0 37 787 150 43 6 1 0 0 119 774 106 23 1 1 0 0 
109 735 140 34 4 2 0 0 13 115 751 121 18 5 1 0 15 105 725 146 28 4 1 0 
4 61 166 710 72 11 0 0 1 11 69 143 694 92 14 0 0 4 53 127 699 115 26 0 
1 14 68 701 196 42 2 0 0 2 15 58 685 206 54 4 0 0 8 40 124 741 97 14 
1 16 82 711 173 40 1 0 0 0 6 51 139 715 106 7 0 0 6 34 126 712 134 12 
2 15 111 736 143 16 1 0 0 1 10 44 131 758 76 4 0 2 10 48 152 746 65 1 
0 12 91 119 588 124 88 2 0 0 3 62 155 636 151 17 0 0 7 65 133 614 159 46 
0 1 10 20 115 833 37 8 0 0 7 21 100 850 36 10 0 0 3 22 39 816 128 16 
3 50 114 750 93 14 0 0 0 0 44 772 186 21 1 0 0 1 48 163 770 32 10 0 
27 80 777 121 19 0 0 0 3 22 31 856 112 0 0 0 4 32 39 805 141 3 0 0 
16 119 795 79 14 1 0 0 0 17 66 790 131 17 2 1 0 12 63 752 171 22 3 1 
5 79 774 146 19 1 0 0 0 1 30 176 769 47 1 0 0 0 15 139 802 66 2 0 
1 43 824 142 14 0 0 0 0 0 5 200 779 40 0 0 0 0 3 119 836 65 1 0 
0 29 810 174 11 0 0 0 0 0 11 207 783 23 0 0 0 0 5 130 830 59 0 0 
1 25 762 209 26 1 0 0 0 1 5 131 842 43 2 0 0 0 4 74 855 87 4 0 
0 37 816 163 8 0 0 0 0 0 6 167 825 24 2 0 0 0 1 104 862 55 2 0 
0 73 851 99 1 0 0 0 0 0 14 792 214 4 0 0 0 0 0 174 832 18 0 0 
0 148 851 25 0 0 0 0 0 0 11 874 139 0 0 0 0 0 5 769 248 2 0 0 
1 84 939 0 0 0 0 0 0 0 6 1008 10 0 0 0 0 0 5 998 21 0 0 0 
