0 1 37 151 344 451 31 9 0 6 44 152 425 366 23 8 0 12 60 149 375 393 28 7 
2 13 24 98 218 393 150 126 0 12 49 96 263 346 183 75 1 14 48 96 238 311 258 58 
4 52 22 74 116 512 223 21 3 48 43 87 113 461 254 15 3 48 56 92 104 329 376 16 
0 5 7 37 52 358 520 45 0 4 23 52 88 222 600 35 0 4 36 65 80 139 639 61 
0 1 4 25 85 550 239 120 0 2 9 47 72 325 478 91 0 4 22 50 61 181 604 102 
1 2 4 43 88 461 363 62 1 3 29 66 103 343 439 40 1 5 41 98 87 202 552 38 
0 0 15 42 104 531 254 78 0 8 32 62 90 398 381 53 0 14 37 70 81 207 563 52 
0 4 14 17 59 497 279 154 1 14 16 24 77 389 369 134 3 12 22 39 78 195 542 133 
2 11 24 67 102 424 234 160 7 14 46 76 102 339 310 130 8 24 61 84 96 213 409 129 
0 6 30 44 123 485 266 70 2 15 44 81 118 255 460 49 4 23 60 109 97 101 554 76 
3 9 20 27 86 484 254 141 6 15 21 57 91 124 579 131 5 16 25 84 83 71 588 152 
0 7 13 42 74 550 210 128 5 8 30 60 67 439 316 99 5 14 50 74 98 249 449 85 
0 4 59 87 137 531 84 122 0 17 96 88 83 566 100 74 1 21 115 99 77 425 231 55 
0 1 11 63 124 603 126 96 1 6 49 89 141 540 140 58 2 19 83 138 125 198 409 50 
1 11 38 49 103 535 159 128 8 34 53 72 84 466 246 61 15 37 62 83 115 243 424 45 
0 0 15 52 74 522 151 210 0 7 52 60 74 568 141 122 3 24 70 63 133 342 286 103 
6 13 61 92 136 461 74 181 11 36 72 89 143 431 95 147 14 42 84 130 88 238 280 148 
0 8 48 79 76 432 128 253 0 28 70 59 78 461 102 226 2 33 66 61 78 387 176 221 
2 11 22 67 132 288 137 365 4 20 57 52 67 351 199 274 8 25 51 65 70 368 202 235 
4 14 43 78 150 396 148 191 11 36 70 124 146 408 125 104 14 63 119 149 179 318 125 57 
0 12 46 71 105 239 247 304 6 40 63 63 131 306 218 197 36 55 74 119 188 262 245 45 
4 7 24 54 150 474 162 149 6 10 32 94 141 481 169 91 8 15 38 80 150 502 179 52 
2 22 11 31 160 510 136 152 3 22 21 35 107 568 122 146 2 25 21 29 86 592 112 157 
0 7 36 46 222 380 160 173 1 15 49 51 276 370 119 143 0 19 74 100 191 398 128 114 
0 7 19 36 198 194 275 295 2 10 31 40 232 340 215 154 3 12 42 115 415 214 130 93 
37 78 96 111 154 123 242 183 87 79 119 121 145 187 165 121 69 96 159 184 200 103 124 89 
24 178 104 518 87 37 37 39 160 101 455 177 41 29 28 33 144 206 502 53 33 18 23 45 
17 149 50 737 49 19 3 0 160 15 765 60 18 6 0 0 162 164 651 35 12 0 0 0 
0 3 19 41 164 655 122 20 0 3 17 58 241 584 109 12 0 5 18 50 196 609 129 17 
0 0 22 78 165 484 219 56 0 0 22 84 192 466 236 24 0 0 21 76 167 455 279 26 
4 154 562 249 52 3 0 0 4 263 533 196 28 0 0 0 48 229 503 211 33 0 0 0 
5 119 452 304 133 6 5 0 4 105 523 282 100 4 6 0 4 65 482 313 148 6 6 0 
0 70 438 253 145 44 68 6 0 60 438 259 146 34 75 12 0 50 341 356 150 34 76 17 
10 138 354 205 80 105 130 2 7 138 348 212 74 61 173 11 7 103 284 296 81 49 189 15 
3 85 384 134 70 131 215 2 1 47 403 153 70 65 273 12 1 37 267 280 79 53 295 12 
16 138 354 83 18 205 204 6 7 108 349 125 19 30 376 10 4 74 197 306 24 17 390 12 
8 42 405 22 15 195 306 31 4 28 400 45 14 99 398 36 4 17 251 204 14 65 431 38 
4 91 284 10 8 321 306 0 0 65 311 9 11 111 505 12 0 43 310 32 10 24 592 13 
32 102 140 11 26 526 183 4 11 107 153 8 27 301 400 17 6 99 153 20 24 76 624 22 
5 120 42 21 30 497 307 2 0 46 118 20 30 300 504 6 0 26 134 11 36 91 705 21 
0 47 10 24 50 674 219 0 0 34 23 23 45 542 357 0 0 19 37 11 45 232 663 17 
0 2 6 29 57 812 114 4 0 2 6 27 53 713 217 6 0 2 6 17 49 366 576 8 
0 0 0 23 25 867 107 2 0 0 0 17 31 729 244 3 0 0 0 4 28 211 770 11 
0 0 0 31 21 846 124 2 0 0 0 27 20 682 288 7 0 0 0 25 19 271 698 11 
0 0 9 46 61 834 74 0 0 0 8 31 51 787 146 1 0 0 2 16 33 407 551 15 
0 0 0 23 39 907 55 0 0 0 0 19 37 887 81 0 0 0 0 9 37 586 388 4 
0 0 5 34 49 882 54 0 0 0 3 31 21 823 145 1 0 0 1 21 22 484 488 8 
0 0 15 23 50 878 58 0 0 0 11 26 16 839 130 2 0 0 3 26 22 589 375 9 
0 0 18 42 38 565 207 154 0 0 18 42 34 417 391 122 0 0 21 40 23 271 577 92 
0 8 31 21 137 585 64 178 2 6 32 23 72 645 94 150 3 11 24 29 38 689 167 63 
0 0 7 8 298 711 0 0 0 0 5 9 210 800 0 0 0 0 1 9 86 928 0 0 
0 0 0 0 246 778 0 0 0 0 0 0 253 771 0 0 0 0 0 0 141 883 0 0 
0 0 0 0 412 612 0 0 0 0 0 0 406 618 0 0 0 0 0 0 257 767 0 0 
0 0 0 0 997 24 3 0 0 0 0 0 940 81 3 0 0 0 0 0 899 122 3 0 
0 1 1 9 805 90 96 22 0 1 1 4 826 67 96 29 0 0 2 2 778 116 84 42 
14 49 18 21 502 336 44 40 61 3 18 19 682 156 46 39 45 19 18 18 269 565 45 45 
18 130 170 381 102 150 69 4 0 36 145 402 215 144 68 14 13 69 154 293 262 148 72 13 
0 17 94 94 170 386 247 16 0 5 80 106 202 386 232 13 0 6 90 97 189 355 269 18 
3 29 120 142 188 252 267 23 2 38 120 148 195 246 245 30 21 29 111 135 203 225 262 38 
9 10 95 280 216 203 169 42 12 14 141 277 220 172 165 23 11 12 115 291 220 175 167 33 
0 2 198 344 248 113 82 37 0 4 281 316 225 89 86 23 0 3 261 341 231 89 80 19 
0 34 360 229 286 94 20 1 0 46 378 235 272 77 16 0 0 15 362 248 292 96 11 0 
2 270 415 133 115 88 1 0 3 236 449 138 107 88 3 0 1 109 535 158 112 104 5 0 
2 202 251 167 200 196 6 0 0 170 290 149 226 183 6 0 0 73 366 126 232 216 11 0 
12 224 156 290 157 162 22 1 9 168 218 291 156 162 20 0 1 91 259 307 173 170 22 1 
7 170 277 282 128 156 4 0 4 180 265 296 129 146 4 0 4 128 201 391 135 161 4 0 
5 165 431 251 106 66 0 0 4 165 410 283 95 67 0 0 2 126 342 370 108 76 0 0 
11 59 658 148 77 70 1 0 2 40 622 214 68 78 0 0 1 30 318 517 73 84 1 0 
2 140 617 115 79 55 8 8 1 45 664 164 76 58 9 7 1 6 434 427 65 75 10 6 
4 164 607 175 22 26 25 1 2 95 636 210 26 20 32 3 3 46 548 331 42 21 31 2 
1 179 640 27 13 117 44 3 0 89 709 48 13 95 66 4 0 37 530 280 12 64 98 3 
184 249 284 12 8 234 53 0 159 202 349 16 8 189 100 1 125 150 385 68 8 132 155 1 
4 332 257 12 60 346 13 0 0 140 448 13 39 337 47 0 0 37 468 95 22 253 149 0 
1 130 292 11 14 543 31 2 0 74 345 13 10 472 108 2 0 54 296 82 10 354 226 2 
9 105 143 12 9 742 4 0 0 67 187 13 11 724 22 0 0 32 158 76 10 596 152 0 
9 87 24 9 13 882 0 0 2 66 48 11 9 872 16 0 0 44 70 13 9 820 68 0 
0 5 4 25 33 557 336 64 0 0 12 20 31 473 426 62 0 1 11 18 34 427 474 59 
0 0 4 12 141 732 101 34 0 0 5 12 121 724 134 28 0 0 4 11 92 612 284 21 
0 0 0 18 53 925 28 0 0 0 0 21 42 926 35 0 0 0 0 15 37 852 120 0 
0 0 1 39 134 827 22 1 0 0 1 37 158 796 31 1 0 0 0 35 101 846 41 1 
0 0 2 15 308 695 4 0 0 0 2 15 270 733 4 0 0 0 2 14 147 856 5 0 
0 0 0 0 677 347 0 0 0 0 0 0 774 250 0 0 0 0 0 0 530 494 0 0 
0 0 0 0 796 228 0 0 0 0 0 0 785 239 0 0 0 0 0 0 801 223 0 0 
0 0 0 0 817 207 0 0 0 0 0 0 803 221 0 0 0 0 0 0 814 210 0 0 
18 168 509 296 13 6 8 6 11 41 399 470 81 8 9 5 18 126 413 399 47 6 9 6 
52 266 200 223 166 76 41 0 13 89 290 357 156 78 41 0 58 204 234 239 166 78 44 1 
85 157 107 117 143 117 243 55 104 50 158 157 155 105 237 58 113 103 118 123 151 112 226 78 
13 11 29 58 109 222 477 105 13 9 24 66 101 204 504 103 4 13 23 58 93 192 480 161 
0 0 24 27 65 177 551 180 0 0 23 36 81 194 577 113 0 0 17 33 110 251 528 85 
0 3 10 72 233 357 306 43 0 3 19 114 281 370 223 14 0 5 23 139 333 329 189 6 
0 29 86 94 170 138 366 141 0 31 103 105 186 130 423 46 0 15 94 118 199 167 405 26 
3 109 231 121 192 175 123 70 5 79 281 124 211 169 119 36 4 43 303 143 209 168 127 27 
0 216 237 124 152 147 100 48 2 236 234 124 168 126 109 25 2 126 330 125 183 129 109 20 
34 161 370 177 180 89 13 0 46 179 403 139 174 72 11 0 40 107 445 150 188 83 11 0 
1 264 217 115 232 181 14 0 0 254 234 121 253 158 4 0 0 161 327 134 275 122 5 0 
158 298 73 194 106 142 38 15 164 298 86 171 127 138 30 10 143 316 101 152 139 140 25 8 
149 369 183 48 68 180 22 5 143 413 150 45 66 190 14 3 137 387 180 44 73 187 13 3 
204 91 66 303 229 129 2 0 104 191 48 321 238 119 3 0 30 266 31 303 296 98 0 0 
198 27 148 268 152 215 16 0 190 38 126 284 169 208 9 0 180 43 89 299 200 207 6 0 
49 226 239 350 59 101 0 0 22 244 232 359 69 98 0 0 6 178 243 362 130 103 2 0 
7 32 396 297 43 230 19 0 2 27 375 328 49 232 11 0 2 22 167 509 87 232 5 0 
0 4 313 583 89 13 22 0 0 2 243 663 86 24 6 0 0 1 102 692 198 30 1 0 
0 20 254 571 173 6 0 0 0 0 189 656 178 1 0 0 0 0 56 682 281 5 0 0 
0 30 254 405 323 12 0 0 0 7 228 479 304 6 0 0 0 3 86 540 378 17 0 0 
0 56 180 260 392 100 27 9 0 23 192 297 400 83 21 8 0 16 114 327 429 115 17 6 
6 11 53 154 389 338 59 14 6 12 56 154 382 356 46 12 5 9 51 139 381 380 49 10 
0 0 33 94 282 612 3 0 0 0 31 93 287 609 4 0 0 0 29 86 254 650 5 0 
0 0 2 1 6 1012 3 0 0 0 2 1 4 1013 4 0 0 0 2 3 2 1012 5 0 
0 0 3 34 153 823 10 1 0 0 1 33 165 811 13 1 0 0 0 31 98 874 20 1 
0 0 9 50 315 634 16 0 0 0 8 49 369 582 16 0 0 0 7 48 247 701 21 0 
0 0 6 11 720 286 1 0 0 0 6 11 728 278 1 0 0 0 6 11 766 240 1 0 
0 0 0 0 661 363 0 0 0 0 0 0 668 356 0 0 0 0 0 0 734 290 0 0 
212 507 199 81 16 3 2 4 44 240 494 187 48 5 2 4 199 456 223 106 29 5 1 5 
238 583 180 11 12 0 0 0 39 302 543 125 10 5 0 0 176 531 279 23 13 2 0 0 
176 455 206 123 47 15 2 0 103 419 293 135 54 14 6 0 203 397 218 107 63 28 8 0 
42 149 146 53 26 147 326 135 82 144 112 53 24 153 344 112 55 152 126 44 28 153 330 136 
134 254 162 37 61 132 174 70 131 244 177 35 81 134 152 70 108 220 221 39 83 125 143 85 
4 6 23 72 190 279 356 94 4 5 29 94 226 294 319 53 4 7 25 90 243 295 313 47 
5 11 23 37 78 57 584 229 4 12 26 39 77 73 679 114 4 12 20 44 82 87 684 91 
0 0 6 31 61 150 572 204 0 0 9 29 90 151 629 116 0 0 8 31 84 194 632 75 
0 0 4 41 90 157 561 171 0 0 6 44 110 175 624 65 0 0 8 43 111 258 577 27 
0 0 14 92 312 350 230 26 0 0 20 128 346 326 188 16 0 0 17 124 390 334 157 2 
0 29 179 197 279 169 164 7 1 42 201 214 269 161 135 1 0 35 201 214 275 186 113 0 
43 78 175 121 211 183 185 28 48 116 164 137 202 183 164 10 45 88 191 129 225 198 140 8 
182 321 242 62 103 56 42 16 194 323 244 76 86 55 38 8 187 252 308 79 97 58 35 8 
90 89 125 193 334 171 22 0 89 93 150 180 355 148 9 0 67 116 149 168 343 177 4 0 
213 14 13 84 272 394 34 0 220 9 19 112 325 322 17 0 218 10 19 114 359 296 8 0 
8 164 148 178 270 251 5 0 5 173 176 141 338 187 4 0 2 136 212 122 373 175 4 0 
12 317 288 130 85 93 82 17 11 341 284 117 96 117 48 10 19 299 303 136 105 122 37 3 
146 200 18 75 167 108 252 58 47 294 23 83 174 129 250 24 24 277 68 51 213 272 116 3 
28 23 3 42 444 292 179 13 25 26 3 37 478 281 163 11 10 42 4 25 460 410 67 6 
0 0 0 1 424 376 223 0 0 0 0 2 457 310 255 0 0 0 0 0 395 419 210 0 
0 0 0 9 379 535 79 22 0 0 0 8 365 548 83 20 0 0 0 5 287 640 78 14 
0 0 0 15 219 691 99 0 0 0 0 15 225 694 90 0 0 0 0 16 210 704 94 0 
0 0 0 22 329 660 13 0 0 0 0 15 300 699 10 0 0 0 0 12 245 749 18 0 
0 0 11 121 481 408 3 0 0 0 10 116 447 448 3 0 0 0 11 100 382 528 3 0 
0 0 2 36 157 829 0 0 0 0 1 46 150 827 0 0 0 0 2 45 89 888 0 0 
0 0 0 0 158 866 0 0 0 0 0 0 197 827 0 0 0 0 0 0 280 744 0 0 
0 0 18 31 453 512 10 0 0 0 20 29 466 499 10 0 0 0 16 33 449 513 13 0 
0 0 17 22 782 199 4 0 0 0 18 20 781 200 5 0 0 0 11 26 773 205 9 0 
8 130 341 233 229 69 13 1 0 53 259 343 206 132 25 6 10 73 236 328 260 84 26 7 
18 75 134 382 243 88 46 38 7 64 112 358 268 116 60 39 1 48 87 334 295 149 58 52 
28 110 278 413 115 45 31 4 11 96 155 493 167 58 40 4 9 65 107 507 203 74 41 18 
30 84 255 306 135 111 79 24 28 63 176 349 159 127 87 35 28 46 120 357 197 125 94 57 
116 138 525 190 12 6 19 18 124 123 519 200 16 9 18 15 112 85 464 287 32 7 15 22 
9 68 291 94 40 183 242 97 6 75 298 84 50 216 216 79 9 56 273 124 48 198 234 82 
30 290 241 14 21 31 246 151 25 281 254 16 22 56 261 109 14 149 393 15 26 68 218 141 
0 4 21 66 138 146 373 276 0 4 20 73 140 158 404 225 0 3 14 60 152 162 425 208 
5 8 45 65 82 128 398 293 5 9 47 70 85 148 461 199 5 9 47 67 87 166 501 142 
0 5 14 21 127 439 376 42 0 6 20 29 247 420 278 24 0 7 19 38 285 415 238 22 
0 0 12 103 310 494 104 1 0 0 26 176 441 345 36 0 0 1 39 198 488 289 9 0 
0 0 15 51 170 310 406 72 0 1 19 60 243 317 357 27 0 1 19 63 263 374 292 12 
0 1 25 96 170 160 434 138 0 6 32 121 160 188 465 52 0 6 37 126 165 261 406 23 
0 2 24 145 309 242 228 74 0 3 34 183 306 222 234 42 0 3 40 158 322 257 215 29 
0 0 1 31 207 464 206 115 0 0 1 47 263 429 224 60 0 0 2 42 312 420 226 22 
0 40 234 224 195 273 55 3 0 41 288 181 202 269 40 3 0 30 280 200 204 271 36 3 
2 54 489 230 73 113 55 8 1 73 520 190 68 124 44 4 1 65 435 278 58 135 44 8 
48 287 259 225 79 105 21 0 21 270 310 240 52 112 19 0 2 164 381 286 52 120 19 0 
183 126 22 50 142 404 87 10 182 121 28 52 126 436 72 7 133 159 38 45 106 458 80 5 
369 371 57 41 13 123 49 1 127 596 69 41 14 103 71 3 46 571 163 37 28 92 83 4 
122 32 7 22 98 528 207 8 121 32 12 18 118 488 229 6 115 38 13 18 111 499 225 5 
0 17 35 69 278 452 165 8 0 19 36 96 268 418 182 5 1 27 34 111 279 408 161 3 
0 0 14 27 158 705 120 0 0 0 16 26 190 698 94 0 0 0 16 27 227 703 51 0 
0 0 0 13 266 724 21 0 0 0 0 11 238 752 23 0 0 0 0 10 211 772 31 0 
0 0 3 121 449 440 11 0 0 0 10 134 448 417 15 0 0 0 7 127 436 444 10 0 
0 0 10 99 605 309 1 0 0 0 10 106 349 558 1 0 0 0 8 107 336 572 1 0 
0 0 0 0 393 631 0 0 0 0 0 0 286 738 0 0 0 0 0 0 247 777 0 0 
0 0 0 0 860 164 0 0 0 0 0 0 778 246 0 0 0 0 0 0 303 721 0 0 
0 0 0 25 374 602 13 10 0 0 0 32 273 688 21 10 0 0 0 79 479 444 12 10 
0 0 1 26 598 371 22 6 0 0 0 29 437 522 28 8 0 0 1 77 608 312 20 6 
0 1 7 223 564 157 47 25 0 0 7 102 598 228 57 32 0 0 6 93 663 181 54 27 
24 24 16 316 365 75 104 100 29 19 11 173 484 93 56 159 29 18 11 99 552 93 41 181 
10 5 123 227 88 101 374 96 10 7 44 279 84 107 188 305 10 3 28 262 109 90 94 428 
0 6 42 228 326 246 166 10 0 3 44 210 296 240 191 40 0 0 14 176 217 282 225 110 
39 70 334 292 98 47 85 59 36 71 326 260 120 59 87 65 30 50 267 296 134 75 60 112 
1 61 211 36 18 124 323 250 1 45 209 51 16 96 297 309 1 33 126 149 11 72 275 357 
127 530 269 6 5 3 68 16 109 465 348 8 7 6 65 16 77 352 475 26 7 4 58 25 
10 60 11 31 154 410 309 39 9 62 10 41 283 312 274 33 2 52 27 52 333 266 250 42 
1 7 44 101 272 299 240 60 2 9 48 113 342 272 203 35 1 9 42 119 383 256 191 23 
0 2 26 30 69 110 580 207 0 2 28 31 92 138 639 94 0 2 25 33 99 211 590 64 
0 0 0 0 3 50 731 240 0 0 0 0 3 74 816 131 0 0 0 0 6 132 818 68 
0 0 0 0 16 150 755 103 0 0 0 2 41 238 721 22 0 0 0 1 55 411 552 5 
0 6 13 64 118 150 445 228 0 7 16 87 123 201 506 84 0 9 15 84 138 297 449 32 
6 20 92 182 178 172 273 101 6 25 100 195 192 181 272 53 6 19 107 198 211 218 243 22 
0 4 32 139 202 223 269 155 0 6 40 183 194 235 301 65 0 4 36 187 204 270 295 28 
0 21 165 325 202 178 105 28 0 31 193 315 200 185 86 14 0 17 139 352 230 201 75 10 
43 43 117 142 165 429 80 5 43 58 104 109 189 422 94 5 43 43 110 68 223 391 138 8 
20 212 386 350 55 1 0 0 32 259 353 309 68 3 0 0 10 207 347 298 148 14 0 0 
367 39 10 36 166 259 135 12 380 30 10 45 198 266 94 1 370 33 17 38 220 281 65 0 
0 0 0 35 233 498 242 16 0 0 2 55 275 548 139 5 0 0 1 66 309 560 86 2 
57 73 13 9 96 444 321 11 56 74 10 19 120 493 249 3 57 55 26 24 153 607 102 0 
0 0 0 2 146 776 100 0 0 0 0 6 189 774 55 0 0 0 0 6 260 717 41 0 
0 0 0 2 139 790 93 0 0 0 0 4 167 784 69 0 0 0 0 4 269 719 32 0 
0 0 6 134 418 463 3 0 0 0 11 148 433 430 2 0 0 0 14 152 438 419 1 0 
0 0 11 160 679 174 0 0 0 0 23 194 587 220 0 0 0 0 22 181 568 253 0 0 
0 0 0 0 456 568 0 0 0 0 0 0 467 557 0 0 0 0 0 0 511 513 0 0 
4 11 60 160 251 268 112 158 4 9 32 157 340 218 91 173 4 9 31 170 401 140 87 182 
14 20 60 99 287 279 103 162 11 19 50 123 325 211 101 184 12 20 53 165 352 129 87 206 
4 18 36 135 320 319 86 106 2 16 30 147 430 187 79 133 1 13 37 183 478 97 74 141 
9 36 95 228 278 182 118 78 7 24 80 239 260 169 133 112 6 26 72 275 223 151 123 148 
7 21 150 335 271 102 68 70 5 11 81 396 272 99 64 96 4 7 72 443 242 76 66 114 
18 69 224 542 70 20 30 51 5 57 140 628 89 22 22 61 1 44 103 627 141 20 21 67 
33 73 373 47 59 51 269 119 27 61 310 122 54 51 194 205 22 47 251 191 59 44 138 272 
0 0 98 279 387 117 121 22 0 0 67 260 316 227 120 34 0 0 26 238 217 343 133 67 
8 78 620 287 31 0 0 0 8 95 555 317 49 0 0 0 7 17 476 402 119 3 0 0 
9 189 258 25 44 275 186 38 13 204 237 28 109 247 153 33 1 89 347 38 139 225 140 45 
0 0 0 29 151 445 325 74 0 0 0 39 230 447 271 37 0 0 0 33 241 458 261 31 
123 147 22 25 47 129 366 165 76 190 26 26 59 164 390 93 49 196 47 27 68 200 365 72 
112 51 42 83 91 112 319 214 100 64 46 87 96 132 332 167 81 82 40 89 116 170 335 111 
0 5 32 99 103 71 455 259 0 4 36 102 103 106 508 165 0 3 32 94 117 190 493 95 
0 0 4 7 11 42 705 255 0 0 7 4 12 87 770 144 0 0 7 4 14 179 718 102 
0 0 0 31 190 128 457 218 0 0 1 34 189 155 576 69 0 0 1 30 195 210 562 26 
0 0 1 24 86 97 566 250 0 0 1 36 91 121 716 59 0 0 1 46 100 269 603 5 
0 0 6 63 140 173 364 278 0 0 15 76 169 167 436 161 0 1 25 90 181 229 428 70 
0 1 14 77 168 286 262 216 0 0 15 64 181 292 322 150 0 0 14 50 144 316 395 105 
1 18 217 285 198 127 73 105 1 18 218 274 211 126 79 97 0 10 178 284 199 168 71 114 
187 29 22 39 156 353 211 27 191 29 20 45 171 402 158 8 188 28 25 41 205 407 127 3 
0 0 0 7 126 598 285 8 0 0 0 12 174 605 231 2 0 0 0 18 200 652 152 2 
84 112 177 178 85 265 123 0 84 114 197 165 97 278 89 0 83 97 186 184 115 292 67 0 
0 0 0 0 81 547 396 0 0 0 0 4 121 666 233 0 0 0 0 9 180 788 47 0 
0 0 0 1 185 730 108 0 0 0 0 7 261 703 53 0 0 0 0 18 366 621 19 0 
0 0 0 4 215 702 103 0 0 0 0 9 247 718 50 0 0 0 0 14 308 672 30 0 
0 0 1 40 565 412 6 0 0 0 3 47 553 416 5 0 0 0 4 54 556 404 6 0 
0 2 35 208 724 55 0 0 0 2 34 204 724 60 0 0 0 2 36 195 716 75 0 0 
5 17 29 96 210 378 134 155 0 17 25 90 293 346 111 142 1 14 24 115 475 175 94 126 
6 17 31 96 382 329 82 81 3 20 33 87 428 303 68 82 3 24 35 108 539 173 65 77 
2 17 26 130 386 272 87 104 1 14 25 101 514 163 69 137 2 13 24 130 509 120 80 146 
6 13 34 119 239 127 147 339 4 12 32 111 233 119 133 380 4 12 30 132 179 133 110 424 
28 16 39 41 54 79 168 599 25 18 28 48 45 75 113 672 18 20 25 45 38 70 104 704 
6 22 24 46 47 71 207 601 2 16 25 35 45 64 133 704 0 11 26 29 50 56 103 749 
17 25 91 104 80 74 373 260 12 20 48 116 77 85 178 488 8 16 25 100 103 88 95 589 
33 62 232 209 161 187 118 22 18 47 79 320 158 151 196 55 7 30 69 259 179 154 200 126 
69 112 469 140 140 87 7 0 35 82 477 161 155 91 23 0 19 73 385 219 176 87 61 4 
134 337 59 127 218 113 33 3 109 260 154 123 206 127 40 5 105 229 167 104 183 173 46 17 
0 19 290 43 119 208 280 65 0 9 281 72 119 199 301 43 0 1 245 101 124 184 322 47 
42 701 280 1 0 0 0 0 24 648 351 1 0 0 0 0 10 386 625 3 0 0 0 0 
383 593 1 4 4 1 18 20 289 686 2 4 4 3 21 15 176 778 23 4 4 3 24 12 
82 76 8 18 56 91 468 225 111 46 9 23 61 116 501 157 100 57 8 21 68 153 480 137 
0 2 29 126 183 173 324 187 0 2 30 144 191 197 321 139 0 3 26 144 212 239 293 107 
11 28 46 110 122 187 254 266 7 25 55 115 134 182 288 218 7 20 46 104 144 197 342 164 
0 0 0 0 0 6 385 633 0 0 0 0 0 14 646 364 0 0 0 0 0 25 780 219 
0 0 0 0 8 56 829 131 0 0 0 0 12 120 840 52 0 0 0 1 16 217 774 16 
0 0 5 40 192 226 531 30 0 0 7 64 192 347 401 13 0 0 11 101 181 501 221 9 
0 5 7 35 137 193 443 204 0 6 9 44 155 202 464 144 0 3 15 63 169 226 443 105 
0 0 2 26 198 407 285 106 0 1 2 45 234 414 249 79 0 1 3 48 250 466 197 59 
0 0 0 9 168 620 226 1 0 0 0 13 191 639 181 0 0 0 0 19 224 658 123 0 
4 27 105 498 202 117 71 0 5 37 133 517 163 114 55 0 6 43 128 491 213 104 39 0 
225 241 48 19 43 242 195 11 230 244 40 20 50 290 145 5 229 238 48 22 86 310 89 2 
0 0 0 3 102 705 212 2 0 0 0 6 164 761 93 0 0 0 0 13 222 758 31 0 
0 0 0 3 225 770 26 0 0 0 0 11 322 684 7 0 0 0 0 17 417 586 4 0 
0 0 0 4 393 626 1 0 0 0 0 12 478 534 0 0 0 0 0 15 541 468 0 0 
0 0 0 7 766 251 0 0 0 0 0 12 772 240 0 0 0 0 0 11 794 219 0 0 
8 45 45 92 292 495 33 14 2 41 39 81 517 308 24 12 1 33 40 113 704 100 19 14 
11 31 51 96 255 376 91 113 2 28 50 93 432 227 78 114 1 26 52 127 467 175 66 110 
8 22 40 111 197 352 134 160 5 15 37 104 262 309 106 186 5 10 38 108 373 190 99 201 
8 12 20 55 274 422 80 153 5 8 21 52 387 306 67 178 5 8 20 73 581 87 61 189 
5 20 69 173 606 129 12 10 1 12 46 158 645 132 18 12 0 9 32 222 676 50 19 16 
7 14 54 645 286 16 2 0 3 9 25 460 492 26 8 1 0 6 16 525 435 30 11 1 
0 0 177 813 34 0 0 0 0 0 15 812 197 0 0 0 0 0 5 766 253 0 0 0 
0 0 143 735 61 5 18 62 0 0 17 534 386 6 8 73 0 0 8 426 502 6 8 74 
0 22 648 25 8 29 198 94 0 0 432 260 8 23 85 216 0 0 362 329 9 12 42 270 
0 55 129 32 116 217 310 165 0 15 151 38 113 187 261 259 0 16 139 37 103 180 232 317 
0 0 8 241 537 191 47 0 0 0 7 187 512 248 64 6 0 0 6 99 397 388 116 18 
0 52 531 355 79 7 0 0 0 46 533 349 78 18 0 0 0 14 434 420 118 35 3 0 
23 709 220 71 1 0 0 0 24 712 207 78 3 0 0 0 16 644 219 124 21 0 0 0 
123 439 143 13 9 22 142 133 137 421 144 16 9 33 146 118 69 455 163 30 10 31 151 115 
0 0 0 0 0 42 566 416 0 0 0 0 0 65 697 262 0 0 0 0 0 73 704 247 
0 0 1 36 80 263 345 299 0 0 2 40 74 284 445 179 0 0 0 34 73 300 475 142 
0 0 9 82 122 129 324 358 0 0 13 104 124 162 389 232 0 0 16 115 131 179 417 166 
0 0 2 11 13 19 482 497 0 0 3 12 11 34 589 375 0 0 2 13 12 44 624 329 
0 0 0 0 0 45 924 55 0 0 0 0 1 95 900 28 0 0 0 0 1 208 800 15 
0 0 0 10 56 101 697 160 0 0 0 10 58 187 733 36 0 0 0 27 54 407 533 3 
0 1 17 54 213 300 413 26 0 2 19 79 222 394 299 9 0 2 24 100 245 448 200 5 
0 2 4 51 150 342 465 10 0 1 7 73 153 543 246 1 0 1 15 76 196 636 99 1 
0 11 62 261 285 321 82 2 0 15 71 285 296 309 45 3 0 16 71 247 388 266 35 1 
24 194 455 207 29 70 45 0 39 259 397 185 32 73 39 0 36 255 389 192 41 74 37 0 
7 25 18 21 186 611 150 6 11 28 15 31 264 603 72 0 21 25 15 52 405 491 15 0 
0 0 0 15 175 702 132 0 0 0 0 28 218 717 61 0 0 0 0 47 292 666 19 0 
0 0 0 30 323 652 19 0 0 0 0 45 417 561 1 0 0 0 0 74 532 418 0 0 
0 0 0 11 178 818 17 0 0 0 0 13 212 790 9 0 0 0 0 20 322 679 3 0 
0 0 0 4 108 786 52 74 0 0 0 11 376 547 16 74 0 0 1 45 814 79 11 74 
3 8 15 26 219 660 67 26 3 11 16 44 459 440 34 17 7 10 18 112 728 113 20 16 
2 5 18 49 356 458 62 74 1 6 23 70 542 265 51 66 5 4 31 164 623 93 45 59 
6 3 6 15 399 463 98 34 6 3 5 33 585 286 79 27 7 2 9 116 691 138 45 16 
1 1 10 36 648 296 21 11 0 4 9 50 674 259 16 12 0 4 8 140 788 61 11 12 
0 1 11 189 643 50 32 98 0 0 11 104 699 76 30 104 0 1 14 226 618 30 28 107 
0 2 80 565 192 43 59 83 0 0 38 414 374 40 55 103 0 0 30 478 317 31 49 119 
0 47 157 303 77 107 141 192 0 5 120 317 101 87 124 270 0 0 60 293 170 67 122 312 
1 54 220 187 108 84 214 156 0 9 166 260 71 103 122 293 0 1 89 275 92 102 109 356 
0 47 165 184 113 113 177 225 0 11 127 225 86 128 101 346 0 2 77 246 89 119 114 377 
4 101 174 159 73 139 287 87 0 48 151 219 58 103 256 189 0 21 145 187 84 83 154 350 
29 133 318 87 150 199 106 2 10 94 327 99 132 157 198 7 4 67 300 114 122 142 184 91 
183 418 123 166 126 8 0 0 174 282 257 147 149 15 0 0 159 278 247 131 171 36 2 0 
596 242 143 34 3 1 2 3 382 442 126 64 4 1 2 3 399 401 112 97 8 1 3 3 
99 13 6 6 6 69 479 346 60 50 7 6 6 74 510 311 76 35 7 5 7 70 469 355 
0 0 1 2 30 200 304 487 0 0 1 2 27 196 448 350 0 0 1 0 19 168 580 256 
324 25 10 8 10 17 463 167 298 47 13 8 10 32 527 89 184 157 15 9 11 75 497 76 
192 21 27 64 116 149 307 148 189 25 33 75 125 184 312 81 170 46 39 80 133 250 244 62 
0 5 33 65 52 54 457 358 0 7 34 72 48 70 497 296 0 8 36 71 51 104 512 242 
0 0 0 0 0 12 482 530 0 0 0 0 0 21 699 304 0 0 0 0 0 102 782 140 
0 0 0 14 204 270 465 71 0 0 0 11 214 340 446 13 0 0 0 14 188 512 307 3 
0 5 26 77 153 240 445 78 0 5 42 95 185 305 365 27 0 4 36 129 208 423 219 5 
0 1 15 76 90 354 471 17 0 2 22 71 103 558 266 2 0 3 20 71 154 638 137 1 
15 58 256 645 37 9 4 0 16 91 464 420 21 10 2 0 15 83 470 417 25 10 4 0 
4 25 81 64 217 537 96 0 12 34 86 71 294 501 26 0 16 52 77 72 369 430 8 0 
211 26 8 9 14 620 136 0 202 35 9 9 20 678 71 0 187 50 8 10 61 673 34 1 
0 0 0 16 207 750 51 0 0 0 0 45 319 652 8 0 0 0 0 69 483 472 0 0 
0 0 1 32 364 617 10 0 0 0 1 42 768 211 2 0 0 0 2 78 816 126 2 0 
0 2 8 24 224 596 51 119 0 2 12 38 509 320 27 116 0 3 13 86 656 129 27 110 
1 1 9 13 72 401 252 275 1 1 8 14 160 420 124 296 1 1 7 22 341 251 87 314 
0 5 14 19 151 581 209 45 0 5 15 30 305 571 56 42 0 5 16 61 566 313 25 38 
6 10 11 35 285 523 81 73 3 10 15 58 437 370 57 74 4 9 17 95 589 184 52 74 
0 7 19 82 199 109 116 492 0 4 12 84 223 75 104 522 0 2 13 88 218 71 97 535 
23 27 83 266 269 103 125 128 18 19 70 227 280 119 105 186 9 21 49 191 281 152 96 225 
4 14 101 492 215 59 57 82 3 6 48 485 256 70 48 108 1 4 27 399 348 73 50 122 
1 21 85 621 224 43 22 7 1 11 47 578 288 57 27 15 0 2 32 404 471 56 34 25 
12 26 482 421 40 19 8 16 6 16 224 669 58 19 10 22 4 9 90 765 99 16 18 23 
0 28 457 538 1 0 0 0 0 4 285 716 19 0 0 0 0 0 171 780 73 0 0 0 
0 0 260 764 0 0 0 0 0 0 14 993 17 0 0 0 0 0 9 939 76 0 0 0 
0 26 961 37 0 0 0 0 0 0 636 386 2 0 0 0 0 0 663 361 0 0 0 0 
0 686 338 0 0 0 0 0 0 30 951 43 0 0 0 0 0 51 947 26 0 0 0 0 
114 836 58 3 2 7 4 0 0 561 441 8 3 1 10 0 0 567 437 6 3 1 10 0 
68 33 5 6 4 48 631 229 24 77 4 7 3 23 612 274 27 74 4 7 3 19 559 331 
71 249 59 17 26 124 350 128 32 283 58 21 24 91 387 128 8 260 101 21 22 65 361 186 
856 168 0 0 0 0 0 0 809 215 0 0 0 0 0 0 609 401 14 0 0 0 0 0 
1013 5 1 2 2 0 1 0 1014 5 1 1 2 0 1 0 1013 5 1 2 2 0 1 0 
247 18 23 70 106 233 243 84 254 16 25 78 140 256 220 35 255 15 27 92 176 260 181 18 
0 1 7 41 80 122 448 325 0 1 11 52 84 174 464 238 0 1 13 58 93 250 430 179 
0 0 0 8 38 241 576 161 0 0 0 12 66 295 575 76 0 0 0 17 118 369 479 41 
0 13 22 168 82 145 515 79 0 16 23 191 69 204 500 21 0 14 22 196 91 358 334 9 
1 11 28 134 132 301 413 4 2 17 33 150 136 451 235 0 2 19 39 159 183 509 113 0 
0 36 216 526 114 121 11 0 0 83 244 483 96 118 0 0 1 82 255 461 117 108 0 0 
62 51 84 105 250 364 107 1 52 64 94 130 307 340 37 0 32 79 112 154 368 261 18 0 
661 331 14 3 3 2 8 2 699 300 8 3 2 7 5 0 723 269 17 1 3 8 3 0 
37 23 7 31 194 637 95 0 49 14 6 54 290 567 44 0 58 9 10 84 436 424 3 0 
0 0 0 34 655 334 1 0 0 0 0 46 710 267 1 0 0 0 0 59 822 143 0 0 
0 8 19 46 147 356 139 309 0 2 17 44 236 262 129 334 0 1 17 46 342 135 131 352 
6 11 17 81 176 284 153 296 6 9 18 81 227 220 114 349 6 9 14 94 294 139 111 357 
6 9 20 67 216 338 180 188 5 8 17 94 304 322 76 198 5 7 16 111 365 268 54 198 
0 0 4 15 188 630 79 108 0 0 5 19 381 463 48 108 0 1 4 34 655 181 45 104 
0 2 6 21 314 610 50 21 0 2 5 33 596 330 38 20 0 2 9 57 765 144 30 17 
1 4 9 127 490 349 28 16 0 4 12 173 609 193 19 14 0 4 15 266 629 83 14 13 
0 2 28 125 585 94 63 127 0 2 26 173 576 61 51 135 0 3 28 283 473 56 42 139 
21 44 93 418 209 52 46 141 14 44 97 392 230 47 44 156 9 54 128 403 189 43 39 159 
0 1 14 604 240 104 41 20 0 4 8 529 337 90 39 17 1 4 10 545 339 79 32 14 
0 2 63 789 129 37 4 0 0 0 9 730 243 37 5 0 0 0 9 766 218 30 1 0 
0 0 93 928 3 0 0 0 0 0 0 960 64 0 0 0 0 0 0 976 48 0 0 0 
0 0 719 256 17 15 13 4 0 0 48 901 43 14 14 4 0 0 59 905 31 13 13 3 
2 189 721 83 8 3 8 10 0 7 729 258 9 3 8 10 0 0 716 281 7 8 4 8 
12 338 164 42 93 140 122 113 2 53 425 63 99 121 129 132 3 15 436 79 91 124 121 155 
0 0 0 20 118 217 547 122 0 0 0 10 93 218 509 194 0 0 0 0 54 244 510 216 
0 0 129 309 408 156 9 13 0 1 121 245 383 250 10 14 0 0 86 215 220 474 12 17 
11 524 456 33 0 0 0 0 15 483 458 68 0 0 0 0 7 363 522 132 0 0 0 0 
643 381 0 0 0 0 0 0 573 451 0 0 0 0 0 0 418 584 22 0 0 0 0 0 
793 20 10 9 12 30 98 52 802 13 10 9 16 44 105 25 777 38 12 9 16 63 97 12 
0 0 0 11 91 315 521 86 0 0 1 30 117 401 445 30 0 0 1 46 161 493 305 18 
0 0 14 66 116 235 423 170 0 0 18 83 122 319 417 65 0 1 24 103 153 422 289 32 
0 1 8 150 115 146 487 117 0 2 11 182 87 221 492 29 0 1 14 176 106 356 366 5 
0 0 9 23 16 492 475 9 0 0 19 14 39 726 224 2 0 1 24 12 95 820 72 0 
0 0 0 3 31 483 497 10 0 0 0 4 125 755 139 1 0 0 2 12 300 684 26 0 
0 13 178 273 149 328 83 0 0 16 242 233 201 288 44 0 0 17 209 272 248 255 23 0 
115 564 327 18 0 0 0 0 172 649 198 5 0 0 0 0 192 642 176 14 0 0 0 0 
86 88 72 26 176 521 55 0 111 122 18 36 264 454 19 0 135 109 17 46 443 273 1 0 
0 0 0 11 327 667 19 0 0 0 0 32 715 274 3 0 0 0 0 37 793 194 0 0 
0 0 1 1 93 821 108 0 0 0 1 10 472 540 1 0 0 1 1 47 878 97 0 0 
0 0 0 4 121 622 275 2 0 0 0 6 328 668 22 0 0 0 0 42 749 231 2 0 
0 0 2 15 334 662 11 0 0 0 2 31 644 347 0 0 0 0 6 117 864 37 0 0 
0 0 0 10 436 551 23 4 0 0 0 37 728 239 16 4 0 0 0 156 817 41 8 2 
5 4 9 48 429 451 39 39 2 7 12 87 579 272 28 37 2 7 18 206 641 94 19 37 
2 9 23 123 449 137 64 217 1 9 20 129 490 90 56 229 1 6 21 179 444 81 53 239 
19 29 47 185 409 74 64 197 14 23 47 225 380 70 54 211 12 26 42 282 324 65 58 215 
23 43 75 317 206 62 119 179 19 34 79 316 212 58 61 245 18 29 81 306 218 56 46 270 
13 34 159 421 195 51 35 116 9 30 130 426 208 55 35 131 7 27 109 409 241 55 42 134 
8 26 176 527 184 58 30 15 7 23 132 560 199 52 25 26 7 16 141 520 245 43 23 29 
1 9 132 552 136 60 61 73 1 6 120 554 150 61 47 85 1 5 126 571 136 61 33 91 
2 47 494 304 71 37 33 36 0 21 360 442 80 46 34 41 1 15 216 584 89 45 35 39 
3 537 361 49 23 9 16 26 0 24 797 114 31 12 9 37 0 6 629 293 31 18 8 39 
7 467 381 61 13 38 32 25 1 50 675 179 21 18 42 38 0 13 463 412 30 14 47 45 
14 51 279 158 156 137 152 77 2 28 176 238 144 166 131 139 0 15 77 296 118 193 134 191 
45 138 530 135 155 16 5 0 27 46 527 165 219 28 11 1 7 40 89 574 114 175 18 7 
367 554 97 6 0 0 0 0 183 541 287 13 0 0 0 0 112 397 450 65 0 0 0 0 
996 28 0 0 0 0 0 0 798 225 1 0 0 0 0 0 640 377 7 0 0 0 0 0 
1015 6 2 0 0 1 0 0 1016 5 2 0 0 1 0 0 1015 6 2 0 0 1 0 0 
148 8 5 6 19 178 572 88 151 5 5 6 28 224 566 39 152 6 3 7 44 309 490 13 
0 0 0 67 219 420 278 40 0 0 5 90 317 379 220 13 0 0 12 132 377 373 125 5 
2 50 70 205 225 269 198 5 6 56 91 224 218 310 119 0 11 53 109 243 239 322 47 0 
0 0 0 0 7 472 524 21 0 0 0 2 33 679 308 2 0 0 0 2 80 803 138 1 
0 0 52 34 24 458 413 43 0 0 62 28 64 701 143 26 0 0 46 41 247 618 55 17 
0 12 307 257 164 223 61 0 0 28 346 223 221 194 12 0 0 22 335 261 249 151 6 0 
10 324 629 61 0 0 0 0 48 443 508 25 0 0 0 0 55 456 499 14 0 0 0 0 
19 253 82 32 221 359 57 1 72 256 32 44 267 335 18 0 139 202 22 72 352 237 0 0 
0 0 0 27 335 647 15 0 0 0 0 56 727 240 1 0 0 0 1 83 802 138 0 0 
0 0 0 0 21 919 75 9 0 0 0 0 190 822 3 9 0 0 0 11 916 85 5 7 
0 0 0 7 56 867 76 18 0 0 0 12 193 784 16 19 0 0 0 22 870 99 13 20 
0 0 0 6 218 779 15 6 0 0 0 12 552 448 6 6 0 0 0 50 937 28 3 6 
0 0 5 9 83 897 7 23 0 0 3 14 229 747 9 22 0 0 3 34 939 18 8 22 
0 0 10 24 255 554 73 108 0 0 9 37 430 413 28 107 0 1 8 90 659 139 24 103 
5 20 43 170 337 149 101 199 4 16 44 179 350 118 100 213 4 15 44 210 331 101 82 237 
2 24 43 212 343 90 79 231 2 17 47 239 321 72 72 254 2 12 48 265 287 75 68 267 
0 4 99 516 233 50 45 77 0 2 58 538 241 56 42 87 0 1 40 496 288 68 35 96 
0 11 123 448 174 56 30 182 0 3 106 481 160 53 35 186 0 5 93 470 172 57 33 194 
2 16 102 436 183 52 36 197 1 10 100 494 134 45 30 210 0 8 111 509 108 44 28 216 
7 29 361 319 91 63 78 76 4 19 292 383 90 64 70 102 3 13 193 470 100 52 71 122 
12 74 309 171 88 91 143 136 5 39 246 247 93 88 114 192 3 30 176 294 94 95 113 219 
24 120 182 106 81 74 179 258 11 70 170 157 75 72 135 334 11 37 137 198 74 76 115 376 
40 341 350 140 44 37 40 32 13 101 523 215 39 43 39 51 5 33 441 344 53 43 39 66 
9 48 294 446 45 45 92 45 6 16 130 606 64 40 79 83 1 15 68 559 161 42 51 127 
14 356 360 110 21 54 84 25 6 70 557 199 20 26 81 65 2 27 459 323 27 26 62 98 
79 894 34 7 3 2 1 4 21 511 474 6 3 4 0 5 15 319 656 20 5 4 0 5 
632 392 0 0 0 0 0 0 225 792 7 0 0 0 0 0 258 749 17 0 0 0 0 0 
995 12 4 7 4 2 0 0 758 249 6 5 4 2 0 0 705 302 4 7 4 2 0 0 
436 12 7 5 14 122 380 48 438 12 7 6 25 174 352 10 437 14 6 8 46 262 246 5 
0 0 0 1 38 292 652 41 0 0 0 2 69 418 520 15 0 0 0 4 119 596 300 5 
0 2 43 162 207 248 352 10 0 5 72 203 179 332 229 4 0 5 82 215 198 426 98 0 
0 0 0 0 16 228 709 71 0 0 0 1 25 430 564 4 0 0 0 1 79 688 255 1 
0 0 0 4 151 609 258 2 0 0 0 20 299 643 62 0 0 0 2 37 455 519 11 0 
5 23 210 419 98 205 62 2 6 27 282 341 123 225 19 1 4 26 258 377 130 212 16 1 
53 404 470 97 0 0 0 0 93 490 407 34 0 0 0 0 92 485 396 51 0 0 0 0 
29 259 162 124 153 260 37 0 58 268 152 117 173 253 3 0 90 266 144 152 246 124 2 0 
0 0 0 20 142 840 22 0 0 0 2 39 670 305 8 0 0 0 4 54 773 192 1 0 
0 2 5 18 148 564 43 244 0 3 5 28 243 494 5 246 1 3 5 66 667 31 7 244 
0 0 0 0 204 778 39 3 0 0 0 11 422 588 1 2 0 0 0 145 838 38 1 2 
0 0 0 8 149 728 35 104 0 0 0 14 514 371 19 106 0 0 0 83 754 62 16 109 
0 0 0 0 70 559 194 201 0 0 0 8 208 534 64 210 0 0 0 25 584 145 54 216 
2 8 38 67 163 485 128 133 2 8 39 50 289 388 107 141 1 7 41 46 452 211 118 148 
7 16 32 86 238 137 107 401 2 12 30 99 251 108 104 418 1 10 34 90 251 101 110 427 
2 7 34 93 104 103 220 461 2 3 34 85 105 94 187 514 2 2 33 82 101 93 143 568 
1 12 59 109 119 99 201 424 1 8 43 125 102 89 162 494 1 4 31 112 110 85 151 530 
28 80 344 91 65 63 98 255 21 22 293 173 79 57 96 283 14 20 123 305 100 68 70 324 
38 121 572 97 32 26 39 99 29 43 530 192 53 29 30 118 28 27 221 487 65 33 33 130 
10 36 665 150 10 9 33 111 2 18 263 574 9 11 19 128 2 10 125 717 10 13 14 133 
0 2 350 659 4 2 1 6 0 1 84 919 11 1 2 6 0 1 29 972 12 2 2 6 
0 0 265 684 72 3 0 0 0 0 98 736 180 10 0 0 0 0 19 717 274 14 0 0 
0 3 308 690 17 3 2 1 0 0 84 894 37 6 2 1 0 0 32 920 60 8 2 2 
0 0 3 1020 1 0 0 0 0 0 0 998 26 0 0 0 0 0 0 990 34 0 0 0 
4 187 402 417 4 6 4 0 0 5 409 574 24 6 5 1 0 9 383 589 32 6 4 1 
0 975 49 0 0 0 0 0 0 32 992 0 0 0 0 0 0 0 1024 0 0 0 0 0 
3 1021 0 0 0 0 0 0 0 493 531 0 0 0 0 0 0 417 607 0 0 0 0 0 
516 481 15 6 6 0 0 0 96 894 16 9 8 1 0 0 138 839 28 8 8 3 0 0 
617 87 12 14 51 100 123 20 341 357 18 17 68 108 107 8 370 335 13 23 80 122 80 1 
0 0 0 9 67 352 551 45 0 0 0 10 83 430 477 24 0 0 0 13 115 581 306 9 
0 0 12 110 281 317 258 46 0 0 27 171 278 332 212 4 0 0 31 188 304 380 119 2 
0 0 0 49 129 214 593 39 0 0 1 60 144 351 459 9 0 0 0 62 186 570 206 0 
0 0 0 16 155 471 381 1 0 0 0 33 243 667 81 0 0 0 2 77 364 573 8 0 
0 16 15 14 134 733 98 14 2 18 19 19 323 599 36 8 2 16 20 35 508 411 25 7 
4 6 12 49 502 433 18 0 6 5 27 119 639 228 0 0 8 7 17 194 739 59 0 0 
0 1 84 192 405 317 25 0 0 4 95 295 368 259 3 0 0 11 105 384 325 198 1 0 
0 0 0 15 598 406 5 0 0 0 0 38 791 195 0 0 0 0 0 81 838 105 0 0 
0 0 0 0 13 931 80 0 0 0 0 0 172 852 0 0 0 0 0 6 1000 18 0 0 
0 3 8 9 55 430 112 407 0 2 9 14 140 383 66 410 0 2 8 24 416 96 59 419 
0 13 72 74 95 138 137 495 0 6 34 96 103 136 129 520 0 7 33 94 101 113 125 551 
4 13 29 38 76 140 219 505 2 9 28 32 58 136 189 570 2 8 24 32 53 118 167 620 
10 19 65 112 147 139 163 369 8 14 49 104 137 139 155 418 5 14 31 87 144 134 144 465 
7 15 41 81 129 228 174 349 6 8 39 75 150 214 146 386 5 6 35 69 157 207 137 408 
1 12 25 62 144 344 168 268 0 11 22 68 188 337 125 273 0 8 18 65 238 294 115 286 
16 19 39 83 132 415 94 226 13 13 39 98 219 324 71 247 10 13 28 118 382 154 53 266 
8 41 654 244 54 9 2 12 7 11 265 636 84 5 3 13 5 6 62 855 75 5 3 13 
0 10 1012 1 1 0 0 0 0 2 518 502 2 0 0 0 0 0 70 952 1 1 0 0 
0 0 957 67 0 0 0 0 0 0 5 1018 1 0 0 0 0 0 0 1023 1 0 0 0 
0 1 609 374 40 0 0 0 0 0 66 852 95 11 0 0 0 0 42 867 102 13 0 0 
0 3 165 813 33 10 0 0 0 0 20 861 124 19 0 0 0 0 15 818 169 22 0 0 
0 7 183 707 85 30 9 3 0 0 68 718 176 43 14 5 0 0 55 677 220 49 18 5 
0 1 474 465 26 22 21 15 0 0 102 823 34 23 25 17 0 0 61 842 52 26 24 19 
1 28 290 605 27 22 21 30 0 10 102 793 37 26 16 40 0 6 81 797 58 24 16 42 
0 274 638 35 17 17 25 18 0 30 838 70 20 16 22 28 0 22 813 96 21 17 21 34 
2 659 244 45 20 27 17 10 0 28 832 73 30 21 26 14 0 22 800 92 39 26 25 20 
38 784 99 40 14 18 23 8 4 405 495 46 18 18 28 10 6 380 513 46 21 14 26 18 
239 484 106 71 46 49 29 0 46 619 123 100 65 49 22 0 80 611 116 90 70 44 13 0 
0 0 4 15 202 658 145 0 0 0 4 18 263 642 97 0 0 0 4 29 357 603 31 0 
0 0 49 217 262 336 157 3 0 1 98 239 255 344 87 0 0 1 112 247 288 345 31 0 
0 0 0 2 10 292 714 6 0 0 0 5 30 720 267 2 0 0 1 8 107 858 50 0 
0 0 0 0 10 573 439 2 0 0 0 0 83 819 122 0 0 0 0 3 216 796 9 0 
0 0 0 0 66 696 260 2 0 0 0 3 257 716 48 0 0 0 0 11 522 487 4 0 
0 0 0 10 47 677 288 2 0 0 0 20 230 705 69 0 0 0 3 35 597 387 2 0 
0 10 90 213 337 339 35 0 0 10 103 280 362 255 14 0 0 15 108 385 339 174 3 0 
0 0 0 29 833 162 0 0 0 0 0 74 903 47 0 0 0 0 5 164 836 19 0 0 
0 0 3 2 79 769 55 116 0 0 3 8 427 435 39 112 0 0 3 45 748 87 35 106 
8 27 38 49 128 526 88 160 6 18 44 58 302 376 59 161 6 14 44 71 532 140 56 161 
3 24 38 60 105 175 133 486 0 22 34 53 129 152 119 515 0 14 37 51 134 130 113 545 
18 28 41 57 84 121 206 469 15 25 33 56 79 106 180 530 13 20 33 49 80 100 146 583 
4 22 36 51 106 358 172 275 3 23 33 48 168 340 114 295 2 17 31 55 221 266 106 326 
7 22 37 73 113 509 81 182 5 19 33 81 259 365 74 188 3 17 29 83 457 170 69 196 
8 11 16 29 60 800 43 57 5 9 19 31 318 540 14 88 3 10 18 28 820 40 12 93 
0 4 7 19 79 833 26 56 0 4 7 18 392 521 22 60 0 5 7 20 857 56 17 62 
0 0 100 278 416 200 5 25 0 0 51 338 532 73 3 27 0 0 33 398 543 20 0 30 
0 0 657 321 46 0 0 0 0 0 97 869 58 0 0 0 0 0 42 927 55 0 0 0 
0 6 953 65 0 0 0 0 0 0 95 925 4 0 0 0 0 0 42 971 11 0 0 0 
0 0 924 97 3 0 0 0 0 0 6 1003 12 3 0 0 0 0 2 1005 14 3 0 0 
0 0 865 159 0 0 0 0 0 0 0 1014 10 0 0 0 0 0 0 1011 13 0 0 0 
0 0 271 753 0 0 0 0 0 0 0 1020 4 0 0 0 0 0 0 1020 4 0 0 0 
0 0 246 778 0 0 0 0 0 0 17 1003 4 0 0 0 0 0 22 998 4 0 0 0 
2 15 627 312 37 21 10 0 2 7 263 663 46 28 13 2 1 6 181 726 63 24 19 4 
10 251 515 162 65 13 8 0 2 26 661 218 84 22 6 5 1 14 613 229 106 42 11 8 
0 350 648 18 8 0 0 0 0 0 984 22 18 0 0 0 0 1 956 49 18 0 0 0 
36 663 154 47 39 47 30 8 5 97 707 73 33 48 43 18 2 112 689 70 41 43 45 22 
237 335 150 124 95 69 13 1 47 357 266 132 104 86 29 3 48 362 232 128 120 82 47 5 
2 8 10 21 215 658 106 4 2 9 9 26 303 606 67 2 0 9 11 29 431 491 51 2 
4 13 80 137 364 413 13 0 5 18 86 145 448 319 3 0 6 16 93 162 504 242 1 0 
338 68 83 103 96 214 122 0 335 66 101 105 101 281 35 0 323 60 96 127 135 267 16 0 
26 4 3 3 36 435 509 8 27 3 3 5 83 782 118 3 27 3 3 12 152 796 29 2 
0 0 0 3 126 643 252 0 0 0 0 16 297 688 23 0 0 0 0 52 528 444 0 0 
0 0 0 0 78 752 193 1 0 0 0 4 274 716 30 0 0 0 0 14 679 329 2 0 
0 1 38 153 340 477 15 0 1 3 57 170 493 299 1 0 1 4 64 235 557 163 0 0 
0 0 1 30 599 393 1 0 0 0 4 68 848 104 0 0 0 0 7 105 883 29 0 0 
0 3 7 62 111 168 190 483 0 0 7 31 139 140 159 548 0 0 8 24 151 122 141 578 
25 14 25 66 123 185 118 468 22 13 24 66 173 130 95 501 19 15 21 67 206 93 85 518 
14 59 147 168 124 101 116 295 10 36 107 174 165 106 98 328 8 25 100 169 170 100 97 355 
13 45 64 120 140 258 161 223 9 35 53 116 242 157 136 276 8 25 51 107 277 120 118 318 
4 5 15 41 179 542 59 179 3 4 14 48 478 240 57 180 4 4 10 48 587 133 55 183 
7 20 16 26 110 759 28 58 6 16 25 21 692 177 27 60 6 11 27 26 779 78 30 67 
0 0 0 0 13 1011 0 0 0 0 0 0 565 459 0 0 0 0 0 1 1023 0 0 0 
0 0 0 1 47 976 0 0 0 0 0 4 416 604 0 0 0 0 0 24 1000 0 0 0 
0 0 0 2 331 691 0 0 0 0 0 1 705 318 0 0 0 0 0 47 965 12 0 0 
0 0 82 346 510 86 0 0 0 0 12 393 585 34 0 0 0 0 8 549 463 4 0 0 
0 4 642 373 5 0 0 0 0 0 259 715 50 0 0 0 0 0 155 835 34 0 0 0 
0 0 959 65 0 0 0 0 0 0 34 989 1 0 0 0 0 0 16 1008 0 0 0 0 
0 0 1016 8 0 0 0 0 0 0 0 1024 0 0 0 0 0 0 0 1024 0 0 0 0 
0 0 883 141 0 0 0 0 0 0 0 1024 0 0 0 0 0 0 1 1023 0 0 0 0 
0 0 556 468 0 0 0 0 0 0 0 1016 8 0 0 0 0 0 0 1016 8 0 0 0 
4 16 571 316 23 15 37 42 1 6 124 769 25 14 20 65 0 2 86 791 39 19 17 70 
9 83 424 159 151 61 66 71 3 38 339 252 159 88 57 88 1 21 307 251 144 131 68 101 
31 174 343 219 137 79 33 8 21 58 394 204 192 97 49 9 11 54 363 194 197 114 72 19 
43 435 153 153 135 75 20 10 5 171 411 148 137 106 29 17 2 120 405 143 141 132 55 26 
45 251 200 227 123 115 54 9 21 196 251 233 146 120 52 5 17 181 211 237 196 136 41 5 
1 11 46 78 276 457 141 14 1 9 51 100 357 411 90 5 3 11 50 118 440 353 46 3 
61 167 261 189 254 92 0 0 55 170 266 235 243 55 0 0 47 150 281 280 219 46 1 0 
801 208 14 1 0 0 0 0 779 223 21 1 0 0 0 0 729 246 48 1 0 0 0 0 
313 7 17 55 65 254 302 11 316 7 29 54 91 410 117 0 319 8 32 38 213 397 17 0 
0 0 0 139 278 563 44 0 0 0 0 198 345 481 0 0 0 0 3 269 573 179 0 0 
6 15 94 24 121 713 48 3 5 19 94 26 345 505 28 2 2 11 77 50 609 250 24 1 
18 57 76 98 369 399 7 0 10 68 99 120 528 199 0 0 8 69 101 173 557 114 2 0 
0 0 0 56 809 159 0 0 0 0 2 123 856 43 0 0 0 0 4 148 858 14 0 0 
0 0 0 5 12 21 91 895 0 0 0 3 9 23 72 917 0 0 0 3 8 22 54 937 
3 12 16 61 107 184 150 491 1 11 21 57 117 148 137 532 1 11 24 53 133 134 132 536 
18 18 33 47 189 327 143 249 16 19 36 57 377 90 143 286 12 21 36 105 329 67 131 323 
0 0 1 14 132 867 7 3 0 0 2 23 782 210 6 1 0 0 3 51 950 15 4 1 
0 0 0 0 0 1024 0 0 0 0 0 0 263 761 0 0 0 0 0 0 1024 0 0 0 
0 0 1 8 44 971 0 0 0 0 3 19 451 551 0 0 0 0 6 25 990 3 0 0 
0 0 0 0 0 1024 0 0 0 0 0 0 742 282 0 0 0 0 0 0 1024 0 0 0 
0 0 0 0 6 1018 0 0 0 0 0 0 760 264 0 0 0 0 0 5 1019 0 0 0 
0 0 0 0 18 1006 0 0 0 0 0 0 877 147 0 0 0 0 0 3 1021 0 0 0 
0 0 0 32 441 551 0 0 0 0 0 46 786 192 0 0 0 0 1 145 877 1 0 0 
0 0 62 535 417 10 0 0 0 0 2 392 605 25 0 0 0 0 7 638 379 0 0 0 
0 0 478 522 24 0 0 0 0 0 2 932 89 1 0 0 0 0 2 975 47 0 0 0 
0 0 872 152 0 0 0 0 0 0 0 1017 7 0 0 0 0 0 0 1018 6 0 0 0 
0 0 1002 22 0 0 0 0 0 0 0 1024 0 0 0 0 0 0 0 1024 0 0 0 0 
0 0 975 49 0 0 0 0 0 0 0 1024 0 0 0 0 0 0 0 1024 0 0 0 0 
0 16 822 126 27 23 10 0 0 1 63 879 31 31 13 6 0 0 56 880 33 25 21 9 
32 233 501 123 66 45 18 6 16 62 474 303 67 59 30 13 9 49 416 334 85 69 43 19 
165 177 195 196 162 83 38 8 94 179 167 208 197 113 47 19 56 121 182 180 201 165 89 30 
165 152 203 204 138 98 55 9 129 131 193 199 168 105 78 21 62 102 153 190 209 139 97 72 
70 113 244 316 210 63 8 0 56 119 208 315 231 79 16 0 40 52 189 328 243 132 39 1 
22 75 176 348 316 78 9 0 23 53 178 369 321 73 7 0 21 41 138 378 334 102 10 0 
84 203 307 240 162 26 2 0 81 191 307 275 138 29 3 0 52 162 292 341 140 30 7 0 
392 352 81 104 49 45 1 0 368 368 88 98 53 47 2 0 322 391 99 104 52 53 3 0 
412 65 43 75 188 148 84 9 422 62 46 92 180 162 59 1 409 75 52 111 205 129 43 0 
0 0 2 239 339 409 35 0 0 0 7 303 336 377 1 0 0 0 17 312 535 160 0 0 
0 16 202 30 180 531 65 0 0 27 194 40 298 463 2 0 0 18 197 80 547 182 0 0 
2 119 148 135 434 174 5 7 2 159 116 235 420 83 6 3 0 142 159 294 383 39 7 0 
0 0 6 74 846 97 1 0 0 1 13 127 854 29 0 0 0 1 13 154 838 17 1 0 
0 0 0 0 0 0 45 979 0 0 0 0 0 0 21 1003 0 0 0 0 0 0 5 1019 
0 0 2 7 24 6 917 68 0 0 1 12 22 4 912 73 0 0 3 11 21 4 906 79 
0 1 3 8 925 87 0 0 0 0 4 9 1002 9 0 0 0 0 1 14 1006 3 0 0 
0 0 0 0 0 1024 0 0 0 0 0 0 986 38 0 0 0 0 0 0 1024 0 0 0 
0 0 0 0 0 1024 0 0 0 0 0 0 29 995 0 0 0 0 0 0 1024 0 0 0 
0 0 0 0 0 1024 0 0 0 0 0 0 977 47 0 0 0 0 0 0 1024 0 0 0 
0 0 0 0 0 1024 0 0 0 0 0 0 1006 18 0 0 0 0 0 0 1024 0 0 0 
0 0 0 0 0 1024 0 0 0 0 0 0 987 37 0 0 0 0 0 0 1024 0 0 0 
0 0 0 0 0 1024 0 0 0 0 0 0 1003 21 0 0 0 0 0 0 1024 0 0 0 
0 0 0 1 950 73 0 0 0 0 0 3 997 24 0 0 0 0 0 9 1013 2 0 0 
0 0 1 32 991 0 0 0 0 0 0 21 1002 1 0 0 0 0 2 42 980 0 0 0 
0 0 36 984 4 0 0 0 0 0 2 985 37 0 0 0 0 0 4 996 24 0 0 0 
0 0 986 38 0 0 0 0 0 0 1 1022 1 0 0 0 0 0 2 1022 0 0 0 0 
0 0 1024 0 0 0 0 0 0 0 0 1024 0 0 0 0 0 0 0 1024 0 0 0 0 
0 0 1011 13 0 0 0 0 0 0 0 1024 0 0 0 0 0 0 0 1024 0 0 0 0 
0 9 993 10 1 6 3 2 0 0 31 976 6 0 8 3 0 0 12 992 8 1 8 3 
0 41 980 3 0 0 0 0 0 4 978 41 1 0 0 0 0 1 950 70 3 0 0 0 
30 40 901 14 11 8 12 8 7 42 22 910 13 10 9 11 7 22 34 915 10 13 7 16 
16 20 922 39 27 0 0 0 10 20 925 43 26 0 0 0 1 13 33 930 47 0 0 0 
16 32 925 27 19 1 2 2 14 31 925 23 21 6 1 3 8 25 26 924 27 9 2 3 
8 22 30 923 27 13 1 0 4 15 30 925 33 15 2 0 0 11 24 927 38 19 4 1 
13 28 943 29 9 2 0 0 11 22 940 36 12 3 0 0 4 19 936 40 21 4 0 0 
21 7 15 931 36 10 4 0 12 14 14 932 34 14 4 0 6 11 20 925 40 13 9 0 
7 10 14 929 33 18 13 0 7 14 12 927 34 30 0 0 8 13 15 928 43 17 0 0 
0 0 0 0 37 979 8 0 0 0 0 1 979 44 0 0 0 0 0 11 986 27 0 0 
0 0 0 0 11 1008 5 0 0 0 0 0 19 1005 0 0 0 0 0 4 975 45 0 0 
0 0 3 15 47 903 26 30 0 0 6 27 36 907 33 15 0 0 7 29 932 26 29 1 
0 0 1 9 999 15 0 0 0 0 4 13 1003 4 0 0 0 0 3 18 999 4 0 0 
