0 0 0 0 0 0 0 1024 0 0 0 0 0 0 0 1024 0 0 0 0 704 320 0 0 
0 0 0 0 0 0 0 1024 0 0 0 0 0 0 0 1024 0 0 0 0 411 613 0 0 
0 0 0 0 0 0 0 1024 0 0 0 0 0 0 0 1024 0 0 0 0 144 880 0 0 
0 0 0 0 0 0 0 1024 0 0 0 0 0 0 0 1024 0 0 0 0 320 704 0 0 
0 0 0 0 0 0 0 1024 0 0 0 0 0 0 0 1024 0 0 0 0 401 623 0 0 
0 0 0 0 0 0 0 1024 0 0 0 0 0 0 0 1024 0 0 0 0 316 708 0 0 
0 0 0 0 0 0 0 1024 0 0 0 0 0 0 0 1024 0 0 0 0 263 761 0 0 
0 0 0 0 0 0 0 1024 0 0 0 0 0 0 0 1024 0 0 0 0 263 761 0 0 
0 0 0 0 0 0 0 1024 0 0 0 0 0 0 0 1024 0 0 0 0 15 1009 0 0 
167 79 41 47 109 151 102 328 76 88 75 47 54 142 173 369 0 19 87 104 99 371 182 162 
7 39 49 74 137 146 112 460 0 2 19 52 96 165 166 524 0 0 3 20 78 506 237 180 
378 160 34 27 28 29 46 322 148 151 195 71 28 41 33 357 0 58 215 263 61 314 99 14 
142 39 22 13 15 21 59 713 12 28 81 79 19 15 27 763 0 8 33 73 102 714 94 0 
0 0 0 5 6 15 30 968 0 0 0 0 4 7 11 1002 0 0 0 0 4 936 82 2 
0 0 0 0 0 0 0 1024 0 0 0 0 0 0 0 1024 0 0 0 0 0 941 83 0 
0 0 0 0 0 0 2 1022 0 0 0 0 0 0 0 1024 0 0 0 0 0 737 287 0 
0 0 0 0 0 0 2 1022 0 0 0 0 0 0 0 1024 0 0 0 0 0 583 441 0 
0 0 0 0 0 0 14 1010 0 0 0 0 0 0 0 1024 0 0 0 0 0 812 212 0 
668 183 78 34 27 24 10 0 378 254 155 120 50 36 28 3 0 146 352 222 153 75 47 29 
199 125 186 223 194 79 18 0 38 52 141 143 238 295 109 8 0 6 47 126 168 219 317 141 
295 173 146 165 121 91 32 1 57 93 141 161 195 232 130 15 0 18 79 162 167 191 252 155 
201 203 233 165 125 77 20 0 11 55 165 237 270 167 106 13 0 8 35 142 246 279 191 123 
171 199 171 158 150 141 32 2 4 58 152 209 183 218 169 31 0 2 35 168 220 222 213 164 
74 139 185 164 142 123 65 132 0 2 64 179 248 190 152 189 0 0 2 78 195 322 291 136 
10 26 63 60 129 184 87 465 0 2 11 44 77 142 207 541 0 0 10 32 66 143 599 174 
2 16 30 29 28 13 93 813 0 0 1 22 43 33 18 907 0 0 0 10 41 66 900 7 
0 0 0 0 0 0 2 1022 0 0 0 0 0 0 0 1024 0 0 0 0 0 0 1024 0 
423 116 109 170 125 65 15 1 214 190 116 84 153 163 90 14 2 60 233 194 93 149 176 117 
610 51 78 183 96 6 0 0 610 13 27 52 141 175 6 0 200 339 81 26 55 129 183 11 
456 68 43 166 249 42 0 0 434 39 45 37 125 281 63 0 26 234 188 55 35 110 281 95 
504 61 74 175 183 27 0 0 470 50 41 61 123 213 66 0 0 257 235 49 61 133 230 59 
360 124 138 220 160 22 0 0 343 52 58 114 193 231 33 0 2 270 107 62 110 218 226 29 
395 140 131 198 144 16 0 0 326 82 89 96 162 241 28 0 1 203 179 92 106 155 258 30 
333 146 139 172 154 78 2 0 213 100 95 114 145 231 123 3 36 154 113 101 112 143 249 116 
261 212 165 132 121 100 33 0 68 129 146 168 174 163 148 28 0 16 121 157 199 180 194 157 
77 96 108 221 160 184 146 32 0 11 59 113 131 310 255 145 0 0 11 64 125 272 393 159 
12 17 21 72 306 557 39 0 0 2 14 19 64 299 601 25 0 0 0 15 19 56 264 670 
79 51 82 144 338 325 5 0 17 42 33 56 154 338 378 6 0 2 19 50 51 149 252 501 
5 1 24 61 282 650 1 0 0 5 1 24 58 291 645 0 0 0 5 1 22 57 186 753 
1 3 16 91 254 634 25 0 0 1 2 16 89 202 695 19 0 0 1 2 15 87 152 767 
48 14 37 101 384 431 9 0 25 7 24 33 101 367 461 6 3 20 7 25 31 128 281 529 
69 7 23 73 467 385 0 0 56 11 8 21 95 448 385 0 1 44 21 11 17 133 308 489 
35 13 12 16 585 358 5 0 15 13 14 15 16 516 435 0 0 7 15 15 17 24 454 492 
16 11 6 16 529 442 4 0 11 5 12 10 22 588 375 1 4 8 7 10 9 26 571 389 
0 1 0 2 294 706 21 0 0 0 1 1 1 580 436 5 0 0 0 1 1 2 620 400 
0 0 0 15 158 847 4 0 0 0 0 0 17 226 780 1 0 0 0 0 0 16 148 860 
0 2 12 33 119 844 14 0 0 0 0 12 16 196 795 5 0 0 0 0 12 14 132 866 
0 0 7 40 103 863 11 0 0 0 0 2 22 99 889 12 0 0 0 0 1 23 78 922 
0 0 0 3 68 935 18 0 0 0 0 0 3 81 924 16 0 0 0 0 0 3 44 977 
0 0 0 0 152 868 4 0 0 0 0 0 1 161 862 0 0 0 0 0 0 0 99 925 
0 0 0 5 323 696 0 0 0 0 0 0 3 282 739 0 0 0 0 0 0 3 231 790 
0 0 0 2 544 478 0 0 0 0 0 0 1 407 616 0 0 0 0 0 0 1 308 715 
0 0 0 1 705 318 0 0 0 0 0 0 0 505 519 0 0 0 0 0 0 0 512 512 
0 0 0 4 862 158 0 0 0 0 0 0 0 789 235 0 0 0 0 0 0 2 808 214 
0 2 1 9 764 248 0 0 0 0 0 1 7 87 928 1 0 0 0 0 0 7 34 983 
0 0 2 21 136 864 1 0 0 0 0 0 15 67 937 5 0 0 0 0 0 15 35 974 
0 0 3 4 46 971 0 0 0 0 0 2 5 10 1005 2 0 0 0 0 0 6 6 1012 
0 0 3 7 60 953 1 0 0 0 0 3 6 22 991 2 0 0 0 0 3 6 14 1001 
0 0 0 0 82 941 1 0 0 0 0 0 1 80 941 2 0 0 0 0 0 0 46 978 
0 0 0 0 122 902 0 0 0 0 0 0 0 101 923 0 0 0 0 0 0 0 93 931 
0 0 0 1 809 214 0 0 0 0 0 0 0 161 863 0 0 0 0 0 0 0 135 889 
0 0 0 9 824 191 0 0 0 0 0 0 4 769 251 0 0 0 0 0 0 8 144 872 
0 0 0 0 821 203 0 0 0 0 0 0 0 159 865 0 0 0 0 0 0 1 752 271 
