0 0 0 0 25 24 113 862 0 0 0 8 24 32 960 0 0 0 0 4 28 32 960 0 
0 0 0 0 0 32 87 905 0 0 0 0 32 32 960 0 0 0 0 0 32 33 959 0 
0 0 0 0 0 32 137 855 0 0 0 0 32 43 949 0 0 0 0 0 32 70 922 0 
0 0 0 0 0 30 170 824 0 0 0 0 15 60 949 0 0 0 0 0 20 75 929 0 
0 0 0 0 0 9 126 889 0 0 0 0 2 62 960 0 0 0 0 0 8 85 931 0 
0 0 0 0 0 0 124 900 0 0 0 0 0 69 955 0 0 0 0 0 0 96 928 0 
0 0 0 0 0 0 147 877 0 0 0 0 0 62 962 0 0 0 0 0 0 71 953 0 
0 0 0 0 0 0 129 895 0 0 0 0 0 41 983 0 0 0 0 0 0 54 970 0 
0 0 0 0 0 0 66 958 0 0 0 0 0 26 998 0 0 0 0 0 0 44 980 0 
0 0 0 0 0 0 45 979 0 0 0 0 0 8 1016 0 0 0 0 0 0 14 1010 0 
0 0 0 0 0 0 3 1021 0 0 0 0 0 0 1024 0 0 0 0 0 0 1 1023 0 
0 0 0 0 0 0 8 1016 0 0 0 0 0 0 1021 3 0 0 0 0 0 0 1024 0 
0 0 0 0 0 0 24 1000 0 0 0 0 0 0 1024 0 0 0 0 0 0 0 1024 0 
0 0 0 0 0 0 11 1013 0 0 0 0 0 0 1024 0 0 0 0 0 0 0 1024 0 
0 0 0 0 0 0 5 1019 0 0 0 0 0 1 1023 0 0 0 0 0 0 8 1016 0 
0 0 0 0 0 0 7 1017 0 0 0 0 0 0 1024 0 0 0 0 0 0 0 1024 0 
0 0 0 0 0 0 5 1019 0 0 0 0 0 1 1023 0 0 0 0 0 0 24 1000 0 
0 0 0 0 0 0 4 1020 0 0 0 0 0 1 1016 7 0 0 0 0 0 196 828 0 
0 0 0 0 0 0 3 1021 0 0 0 0 0 0 1024 0 0 0 0 0 0 262 762 0 
0 0 0 0 0 0 13 1011 0 0 0 0 0 0 1024 0 0 0 0 0 0 346 678 0 
0 0 0 0 0 0 1 1023 0 0 0 0 0 0 1024 0 0 0 0 0 0 516 508 0 
0 0 0 0 0 0 6 1018 0 0 0 0 0 4 1020 0 0 0 0 0 0 558 466 0 
0 0 0 0 0 0 18 1006 0 0 0 0 0 4 1020 0 0 0 0 0 0 461 563 0 
0 0 0 0 0 0 2 1022 0 0 0 0 0 0 1024 0 0 0 0 0 0 289 735 0 
0 0 0 0 0 0 18 1006 0 0 0 0 0 0 1024 0 0 0 0 0 0 309 715 0 
0 0 0 0 0 0 26 998 0 0 0 0 0 7 1017 0 0 0 0 0 0 460 564 0 
0 0 0 0 0 0 14 1010 0 0 0 0 0 9 1015 0 0 0 0 0 0 468 556 0 
0 0 0 0 0 0 7 1017 0 0 0 0 0 4 1020 0 0 0 0 0 0 413 611 0 
0 0 0 0 0 0 0 1024 0 0 0 0 0 3 1021 0 0 0 0 0 0 453 571 0 
0 0 0 0 0 0 3 1021 0 0 0 0 0 4 1020 0 0 0 0 0 0 381 643 0 
0 0 0 0 0 0 0 1024 0 0 0 0 0 0 1024 0 0 0 0 0 0 450 574 0 
0 0 0 0 0 0 8 1016 0 0 0 0 0 6 1018 0 0 0 0 0 0 598 426 0 
0 0 0 0 0 0 140 884 0 0 0 0 0 0 1024 0 0 0 0 0 0 0 1024 0 
0 0 0 0 0 0 10 1014 0 0 0 0 0 0 1024 0 0 0 0 0 0 0 1021 3 
0 0 0 0 0 0 49 975 0 0 0 0 0 0 1024 0 0 0 0 0 0 0 1024 0 
0 0 0 0 0 0 53 971 0 0 0 0 0 0 1023 1 0 0 0 0 0 0 1022 2 
0 0 0 0 0 0 33 991 0 0 0 0 0 0 1024 0 0 0 0 0 0 0 1024 0 
0 0 0 0 0 0 35 989 0 0 0 0 0 0 1024 0 0 0 0 0 0 0 1024 0 
0 0 0 0 0 0 15 1009 0 0 0 0 0 0 1024 0 0 0 0 0 0 1 1023 0 
0 0 0 0 0 0 34 990 0 0 0 0 0 0 1024 0 0 0 0 0 0 0 1024 0 
0 0 0 0 0 0 0 1024 0 0 0 0 0 0 1018 6 0 0 0 0 0 0 1018 6 
0 0 0 0 0 0 14 1010 0 0 0 0 0 0 1024 0 0 0 0 0 0 0 1022 2 
0 0 0 0 0 0 27 997 0 0 0 0 0 0 1024 0 0 0 0 0 0 0 1024 0 
0 0 0 0 0 0 6 1018 0 0 0 0 0 0 1024 0 0 0 0 0 0 0 1024 0 
0 0 0 0 0 0 7 1017 0 0 0 0 0 0 1024 0 0 0 0 0 0 0 1024 0 
0 0 0 0 0 0 6 1018 0 0 0 0 0 0 1024 0 0 0 0 0 0 0 1024 0 
0 0 0 0 0 0 4 1020 0 0 0 0 0 0 1024 0 0 0 0 0 0 0 1024 0 
0 0 0 0 0 0 15 1009 0 0 0 0 0 0 1024 0 0 0 0 0 0 3 1021 0 
0 0 0 0 0 0 43 981 0 0 0 0 0 4 1020 0 0 0 0 0 0 24 1000 0 
0 0 0 0 0 0 41 983 0 0 0 0 0 0 1024 0 0 0 0 0 0 5 1019 0 
0 0 0 0 0 0 11 1013 0 0 0 0 0 0 1024 0 0 0 0 0 0 0 1024 0 
0 0 0 0 0 0 6 1018 0 0 0 0 0 0 1024 0 0 0 0 0 0 0 1024 0 
0 0 0 0 0 0 5 1019 0 0 0 0 0 0 1024 0 0 0 0 0 0 7 1017 0 
0 0 0 0 0 0 34 990 0 0 0 0 0 0 1024 0 0 0 0 0 0 16 1008 0 
0 0 0 0 0 0 56 968 0 0 0 0 0 0 1024 0 0 0 0 0 0 1 1023 0 
0 0 0 0 0 0 110 914 0 0 0 0 0 0 1024 0 0 0 0 0 0 0 1024 0 
0 0 0 0 0 0 217 807 0 0 0 0 0 0 1024 0 0 0 0 0 0 0 1024 0 
0 0 0 0 0 0 234 790 0 0 0 0 0 0 1024 0 0 0 0 0 0 0 1024 0 
0 0 0 0 0 0 153 871 0 0 0 0 0 0 1024 0 0 0 0 0 0 0 1024 0 
0 0 0 0 0 0 23 1001 0 0 0 0 0 0 1024 0 0 0 0 0 0 0 1024 0 
0 0 1 19 6 7 85 906 0 0 14 9 6 11 984 0 0 0 14 9 7 13 981 0 
0 0 2 115 63 19 47 778 0 0 69 96 22 26 811 0 0 4 99 73 17 23 808 0 
0 0 0 149 83 17 72 703 0 0 88 137 15 24 760 0 0 5 130 94 16 25 754 0 
0 0 0 152 117 22 174 559 0 0 75 172 33 30 714 0 0 0 108 149 29 47 691 0 
0 0 0 0 0 0 35 989 0 0 0 0 0 0 1024 0 0 0 0 0 0 0 1024 0 
0 0 0 0 0 0 3 1021 0 0 0 0 0 0 1024 0 0 0 0 0 0 0 1024 0 
0 0 0 0 0 0 64 960 0 0 0 0 0 0 1024 0 0 0 0 0 0 0 1024 0 
0 0 0 0 0 0 302 722 0 0 0 0 0 0 1024 0 0 0 0 0 0 0 1024 0 
0 0 0 0 0 0 480 544 0 0 0 0 0 0 1024 0 0 0 0 0 0 0 1024 0 
0 0 0 0 0 0 42 982 0 0 0 0 0 0 1024 0 0 0 0 0 0 0 1024 0 
0 0 0 0 0 0 34 990 0 0 0 0 0 0 1024 0 0 0 0 0 0 0 1024 0 
0 0 0 0 0 0 89 935 0 0 0 0 0 0 1024 0 0 0 0 0 0 0 1024 0 
0 0 0 0 0 0 35 989 0 0 0 0 0 0 1024 0 0 0 0 0 0 0 1024 0 
0 0 0 0 0 0 202 822 0 0 0 0 0 0 1024 0 0 0 0 0 0 0 1024 0 
0 0 0 0 0 0 152 872 0 0 0 0 0 0 1024 0 0 0 0 0 0 0 1024 0 
0 0 0 0 0 0 129 895 0 0 0 0 0 0 1022 2 0 0 0 0 0 0 1022 2 
0 0 0 0 0 0 180 844 0 0 0 0 0 0 1024 0 0 0 0 0 0 0 1024 0 
0 0 0 0 0 0 34 990 0 0 0 0 0 0 1024 0 0 0 0 0 0 0 1024 0 
0 0 0 0 0 0 170 854 0 0 0 0 0 0 1023 1 0 0 0 0 0 1 1023 0 
0 0 0 0 0 0 113 911 0 0 0 0 0 0 1024 0 0 0 0 0 0 0 1024 0 
0 0 0 0 0 0 216 808 0 0 0 0 0 0 1024 0 0 0 0 0 0 0 1024 0 
0 0 0 0 0 0 310 714 0 0 0 0 0 0 1024 0 0 0 0 0 0 0 1024 0 
0 0 0 0 0 0 349 675 0 0 0 0 0 0 1024 0 0 0 0 0 0 0 1024 0 
0 0 0 0 0 0 565 459 0 0 0 0 0 0 1024 0 0 0 0 0 0 0 1024 0 
0 0 0 58 49 27 384 506 0 0 18 69 27 31 879 0 0 0 40 58 20 31 875 0 
0 0 0 121 95 23 445 340 0 0 55 129 43 21 776 0 0 1 83 118 25 22 775 0 
0 0 8 50 39 23 532 372 0 0 23 50 31 26 894 0 0 1 24 54 26 31 888 0 
0 0 9 273 84 20 582 56 0 1 132 209 29 26 627 0 0 9 197 146 20 27 625 0 
0 0 37 320 46 21 556 44 0 5 169 209 25 23 593 0 0 22 242 122 23 24 591 0 
0 0 38 452 47 22 396 69 0 1 255 271 18 27 452 0 0 14 384 130 17 29 450 0 
0 0 26 381 89 34 431 63 0 0 83 366 57 32 486 0 0 2 206 259 43 29 485 0 
0 0 41 438 149 21 230 145 0 6 191 391 51 24 361 0 0 16 311 292 23 21 361 0 
0 0 112 754 121 8 21 8 0 89 632 251 19 10 23 0 0 219 595 166 12 9 23 0 
0 0 127 817 80 0 0 0 0 132 646 245 1 0 0 0 0 226 685 112 1 0 0 0 
0 0 172 816 36 0 0 0 0 15 654 346 9 0 0 0 0 83 787 152 2 0 0 0 
0 0 299 689 36 0 0 0 0 69 696 256 3 0 0 0 0 93 768 163 0 0 0 0 
0 0 0 0 0 0 132 892 0 0 0 0 0 0 1024 0 0 0 0 0 0 0 1024 0 
0 0 0 0 0 0 48 976 0 0 0 0 0 0 1024 0 0 0 0 0 0 0 1024 0 
0 0 0 0 0 0 114 910 0 0 0 0 0 0 1024 0 0 0 0 0 0 0 1024 0 
0 0 0 0 0 0 235 789 0 0 0 0 0 0 1024 0 0 0 0 0 0 0 1024 0 
0 0 0 0 0 0 429 595 0 0 0 0 0 0 1024 0 0 0 0 0 0 0 1024 0 
0 0 0 0 0 0 206 818 0 0 0 0 0 0 1024 0 0 0 0 0 0 0 1024 0 
0 0 0 0 0 0 92 932 0 0 0 0 0 0 1024 0 0 0 0 0 0 0 1024 0 
0 0 0 0 0 0 317 707 0 0 0 0 0 0 1024 0 0 0 0 0 0 0 1024 0 
0 0 0 0 0 0 171 853 0 0 0 0 0 0 1024 0 0 0 0 0 0 0 1024 0 
0 0 0 0 6 6 366 646 0 0 0 1 9 5 1009 0 0 0 0 2 9 8 1005 0 
0 0 0 22 95 25 363 519 0 0 1 82 42 25 874 0 0 0 3 101 25 21 874 0 
0 0 0 44 150 23 580 227 0 0 1 163 40 21 799 0 0 0 8 170 28 24 794 0 
0 0 0 71 117 26 487 323 0 0 7 159 33 19 806 0 0 0 28 150 21 18 807 0 
0 0 0 20 42 9 617 336 0 0 1 42 20 15 946 0 0 0 3 47 13 18 943 0 
0 0 0 0 0 0 527 497 0 0 0 0 0 0 1024 0 0 0 0 0 0 0 1024 0 
0 0 0 9 16 5 460 534 0 0 4 16 8 6 990 0 0 0 7 15 7 5 990 0 
0 0 0 22 32 16 779 175 0 0 10 39 16 22 937 0 0 0 21 29 15 26 933 0 
0 0 3 280 185 72 297 187 0 0 91 322 99 44 468 0 0 0 196 243 84 40 461 0 
0 0 11 592 167 25 158 71 0 12 416 285 67 28 216 0 0 50 502 177 54 28 213 0 
0 0 33 604 160 20 183 24 0 34 426 318 33 33 180 0 0 104 499 185 26 35 175 0 
0 0 71 815 135 2 1 0 0 6 561 428 28 1 0 0 0 38 743 231 11 1 0 0 
0 0 100 824 98 2 0 0 0 19 594 388 23 0 0 0 0 77 713 230 4 0 0 0 
0 0 140 823 61 0 0 0 0 27 543 436 18 0 0 0 0 112 658 245 9 0 0 0 
0 0 258 711 55 0 0 0 0 69 663 274 18 0 0 0 0 206 665 145 8 0 0 0 
0 1 401 604 18 0 0 0 0 130 589 281 24 0 0 0 0 200 635 174 15 0 0 0 
0 1 476 518 29 0 0 0 0 155 552 300 17 0 0 0 0 206 588 223 7 0 0 0 
0 0 389 606 29 0 0 0 0 60 491 451 22 0 0 0 0 97 564 356 7 0 0 0 
0 1 523 479 21 0 0 0 0 138 560 314 12 0 0 0 0 197 652 175 0 0 0 0 
0 1 582 416 25 0 0 0 0 389 390 224 21 0 0 0 0 410 449 149 16 0 0 0 
0 2 792 227 3 0 0 0 0 685 269 70 0 0 0 0 0 681 302 41 0 0 0 0 
0 0 696 326 2 0 0 0 0 457 429 138 0 0 0 0 0 424 519 81 0 0 0 0 
0 0 621 394 8 1 0 0 0 288 546 187 3 0 0 0 0 224 668 127 5 0 0 0 
0 0 2 136 117 191 358 220 0 1 109 119 147 238 384 26 0 0 96 106 169 233 366 54 
0 0 0 14 85 215 366 344 0 0 0 27 154 170 481 192 0 0 0 13 119 166 447 279 
0 0 1 24 41 153 427 378 0 0 15 29 100 209 634 37 0 0 8 30 72 216 644 54 
0 0 0 0 30 157 394 443 0 0 0 17 86 282 639 0 0 0 0 15 77 291 641 0 
0 0 0 0 34 125 572 293 0 0 0 15 72 202 735 0 0 0 0 17 54 217 736 0 
0 0 0 28 61 61 442 432 0 0 11 54 56 96 807 0 0 0 14 53 56 94 807 0 
0 0 0 115 249 25 185 450 0 0 22 308 47 25 622 0 0 0 70 277 34 24 619 0 
0 0 0 295 293 32 141 263 0 0 84 427 92 29 392 0 0 0 218 345 48 32 381 0 
0 0 2 406 391 38 104 83 0 0 116 609 94 28 177 0 0 0 271 505 46 28 174 0 
0 0 3 541 404 21 28 27 0 0 107 729 123 16 49 0 0 0 270 639 54 12 49 0 
0 0 7 640 377 0 0 0 0 0 197 758 69 0 0 0 0 0 330 678 16 0 0 0 
0 0 2 720 300 2 0 0 0 0 223 718 83 0 0 0 0 0 404 594 26 0 0 0 
0 0 20 833 171 0 0 0 0 0 214 792 18 0 0 0 0 0 501 521 2 0 0 0 
0 0 20 704 168 26 96 10 0 0 306 551 43 24 100 0 0 2 492 389 25 23 93 0 
0 0 22 533 287 41 127 14 0 1 186 545 123 40 129 0 0 2 315 470 76 38 123 0 
0 0 33 536 263 33 147 12 0 0 166 485 185 38 150 0 0 0 271 424 144 37 148 0 
0 0 83 628 231 29 50 3 0 2 324 449 179 27 43 0 0 14 390 423 129 24 44 0 
0 0 128 702 194 0 0 0 0 3 421 457 143 0 0 0 0 34 522 372 96 0 0 0 
0 0 204 684 135 1 0 0 0 16 357 557 94 0 0 0 0 23 443 500 58 0 0 0 
0 0 277 656 90 1 0 0 0 77 534 363 50 0 0 0 0 111 594 287 32 0 0 0 
0 0 350 612 60 2 0 0 0 142 431 418 33 0 0 0 0 148 517 340 19 0 0 0 
0 0 367 563 83 10 1 0 0 100 462 399 57 6 0 0 0 119 533 328 39 5 0 0 
0 1 382 534 105 2 0 0 0 81 522 400 19 2 0 0 0 88 620 295 19 2 0 0 
0 5 534 299 114 53 17 2 0 376 334 214 58 33 9 0 0 333 370 215 42 49 13 2 
0 19 601 305 94 5 0 0 0 366 396 213 45 4 0 0 0 336 428 198 50 9 3 0 
0 10 571 324 111 8 0 0 0 342 435 220 26 1 0 0 0 323 445 200 54 2 0 0 
0 3 516 335 152 18 0 0 0 312 450 210 50 2 0 0 0 297 453 213 56 5 0 0 
0 18 768 229 9 0 0 0 0 608 339 76 1 0 0 0 0 559 401 64 0 0 0 0 
0 31 722 264 7 0 0 0 0 415 471 136 2 0 0 0 0 310 575 136 3 0 0 0 
0 31 786 207 0 0 0 0 0 287 643 94 0 0 0 0 0 177 729 117 1 0 0 0 
0 40 803 178 3 0 0 0 0 217 504 299 4 0 0 0 0 138 518 360 8 0 0 0 
0 7 649 254 63 48 3 0 0 331 460 157 56 20 0 0 0 251 503 176 60 30 4 0 
0 0 33 213 655 76 46 1 0 0 86 196 674 60 8 0 0 0 56 194 694 52 28 0 
0 0 13 109 764 112 25 1 0 0 68 135 735 77 8 1 0 0 21 106 757 96 38 6 
0 0 17 127 591 150 128 11 0 0 74 152 604 127 65 2 0 0 43 134 619 132 87 9 
0 0 37 141 505 220 121 0 0 1 123 159 549 184 8 0 0 0 90 141 562 214 17 0 
0 0 15 121 509 254 125 0 0 0 74 132 596 220 2 0 0 0 59 127 588 247 3 0 
0 0 13 391 564 48 8 0 0 0 206 407 398 13 0 0 0 0 220 395 396 13 0 0 
0 0 7 556 446 15 0 0 0 0 330 408 286 0 0 0 0 0 350 362 312 0 0 0 
0 0 7 647 352 18 0 0 0 0 319 438 267 0 0 0 0 0 343 401 280 0 0 0 
0 0 21 669 309 25 0 0 0 0 371 478 175 0 0 0 0 0 335 498 191 0 0 0 
0 0 25 772 209 18 0 0 0 0 543 338 143 0 0 0 0 1 520 358 142 3 0 0 
0 0 34 710 214 36 21 9 0 1 476 383 124 21 17 2 0 0 471 379 125 24 13 12 
0 0 53 729 129 46 49 18 0 2 426 426 70 45 48 7 0 4 401 414 85 39 53 28 
0 0 51 893 80 0 0 0 0 0 456 557 11 0 0 0 0 2 449 572 1 0 0 0 
0 0 85 911 28 0 0 0 0 0 527 496 1 0 0 0 0 8 672 344 0 0 0 0 
0 0 111 881 32 0 0 0 0 1 457 554 12 0 0 0 0 13 575 436 0 0 0 0 
0 27 256 537 80 94 30 0 0 130 315 387 44 53 92 3 0 12 441 341 54 43 62 71 
0 0 157 565 90 181 31 0 0 15 371 340 55 46 153 44 0 35 372 299 58 37 59 164 
0 7 234 613 97 57 15 1 0 72 417 379 68 37 48 3 0 52 416 375 68 32 42 39 
0 3 374 501 107 17 20 2 0 81 495 361 59 22 6 0 0 99 507 340 43 23 12 0 
0 2 596 397 26 3 0 0 0 350 515 150 9 0 0 0 0 378 479 152 14 1 0 0 
0 7 420 541 53 3 0 0 0 107 487 369 60 1 0 0 0 106 526 343 46 3 0 0 
0 2 377 573 71 1 0 0 0 131 481 328 84 0 0 0 0 131 482 343 68 0 0 0 
0 11 291 545 142 32 3 0 0 150 433 344 73 24 0 0 0 102 464 350 75 24 9 0 
0 10 370 449 141 34 19 1 0 194 363 347 77 32 11 0 0 111 397 322 135 33 24 2 
0 18 449 400 127 29 1 0 0 206 482 247 72 17 0 0 0 118 457 309 105 34 1 0 
0 30 432 366 143 38 14 1 0 240 396 242 102 32 12 0 0 111 425 269 117 68 28 6 
0 111 587 254 65 6 1 0 0 322 500 175 18 8 1 0 0 224 570 187 32 9 2 0 
0 165 636 213 10 0 0 0 0 189 447 340 48 0 0 0 0 138 462 369 54 1 0 0 
0 330 595 97 2 0 0 0 3 546 342 110 23 0 0 0 0 418 446 128 32 0 0 0 
0 353 667 4 0 0 0 0 1 813 210 0 0 0 0 0 0 616 402 6 0 0 0 0 
0 321 691 12 0 0 0 0 0 589 427 8 0 0 0 0 0 396 613 15 0 0 0 0 
0 159 795 70 0 0 0 0 0 264 636 123 1 0 0 0 0 135 739 146 4 0 0 0 
0 14 394 383 226 7 0 0 0 33 151 489 327 24 0 0 0 3 155 471 335 58 2 0 
0 18 388 384 231 3 0 0 0 11 135 545 332 1 0 0 0 4 124 540 350 6 0 0 
0 14 144 284 546 36 0 0 0 50 101 341 471 55 6 0 0 4 105 273 553 56 33 0 
0 13 260 318 406 26 1 0 0 39 155 403 387 30 10 0 0 4 161 357 445 38 19 0 
0 18 207 251 530 18 0 0 0 69 172 325 449 9 0 0 0 18 186 304 497 19 0 0 
0 16 310 265 427 6 0 0 0 35 253 329 407 0 0 0 0 9 232 342 441 0 0 0 
0 26 146 155 678 19 0 0 0 110 139 215 560 0 0 0 0 20 170 181 645 8 0 0 
0 5 85 197 694 43 0 0 0 42 122 197 655 8 0 0 0 0 102 179 692 51 0 0 
0 2 117 196 634 74 1 0 0 47 154 220 548 35 20 0 0 5 133 179 623 44 35 5 
0 11 146 186 642 39 0 0 0 78 164 224 558 0 0 0 0 9 163 188 661 3 0 0 
0 14 106 136 734 34 0 0 0 58 125 184 657 0 0 0 0 2 129 140 744 9 0 0 
0 12 91 204 667 50 0 0 0 28 155 251 574 16 0 0 0 8 127 200 671 18 0 0 
0 14 118 273 582 37 0 0 0 39 206 274 498 7 0 0 0 3 136 269 589 25 2 0 
0 10 132 266 601 15 0 0 0 67 238 191 528 0 0 0 0 6 232 190 594 2 0 0 
0 9 168 243 562 42 0 0 0 53 265 214 491 1 0 0 0 13 204 210 588 9 0 0 
0 5 109 270 592 39 9 0 0 37 174 270 504 29 10 0 0 0 106 238 558 91 13 18 
0 2 94 241 563 121 3 0 0 14 177 238 452 39 99 5 0 0 95 180 520 96 41 92 
0 0 105 248 519 141 11 0 0 10 205 221 426 46 103 13 0 2 64 226 503 73 62 94 
0 2 127 414 404 45 32 0 0 19 349 318 282 39 17 0 0 0 214 358 384 33 29 6 
0 0 145 451 391 28 8 1 0 25 411 309 266 11 2 0 0 0 226 422 350 19 7 0 
0 3 263 402 317 31 8 0 0 105 446 265 187 18 3 0 0 31 411 295 261 20 6 0 
0 7 345 350 296 18 8 0 1 190 431 273 115 11 3 0 0 48 510 211 236 11 8 0 
0 1 577 265 167 13 1 0 1 377 406 158 70 11 1 0 0 136 561 169 143 12 3 0 
0 14 386 392 164 29 32 7 0 165 520 193 79 32 35 0 0 21 529 246 154 23 36 15 
0 31 498 378 112 4 1 0 0 223 552 156 79 14 0 0 0 64 581 229 121 17 11 1 
0 22 461 437 75 12 17 0 2 212 619 135 29 10 17 0 0 97 655 193 49 8 13 9 
0 376 533 107 8 0 0 0 41 600 365 16 2 0 0 0 0 501 495 25 3 0 0 0 
0 453 433 138 0 0 0 0 34 663 320 7 0 0 0 0 0 557 447 20 0 0 0 0 
0 565 346 98 11 4 0 0 63 783 151 15 8 4 0 0 0 728 255 25 11 3 2 0 
0 427 472 119 6 0 0 0 16 666 177 138 27 0 0 0 0 498 344 139 43 0 0 0 
0 363 583 78 0 0 0 0 1 577 332 109 5 0 0 0 0 413 475 128 8 0 0 0 
0 335 668 21 0 0 0 0 0 738 273 13 0 0 0 0 0 526 454 44 0 0 0 0 
0 54 730 231 9 0 0 0 0 0 317 577 126 4 0 0 0 0 316 594 110 4 0 0 
0 48 833 143 0 0 0 0 0 7 385 590 42 0 0 0 0 0 394 599 31 0 0 0 
0 57 806 149 12 0 0 0 0 11 522 429 61 1 0 0 0 1 513 449 58 3 0 0 
0 77 598 329 20 0 0 0 0 23 365 545 88 3 0 0 0 1 338 575 107 3 0 0 
0 90 669 248 17 0 0 0 0 25 470 466 62 1 0 0 0 9 456 486 73 0 0 0 
0 117 658 239 10 0 0 0 0 108 523 355 38 0 0 0 0 45 551 380 48 0 0 0 
0 159 742 91 27 5 0 0 0 730 119 133 42 0 0 0 0 184 639 146 52 3 0 0 
0 88 348 31 497 60 0 0 0 423 25 73 503 0 0 0 0 68 366 59 516 15 0 0 
0 0 1 83 677 263 0 0 0 0 21 101 383 498 21 0 0 0 1 81 351 211 378 2 
0 9 305 325 332 53 0 0 0 79 324 259 360 2 0 0 0 44 341 250 383 6 0 0 
0 106 792 81 37 8 0 0 0 834 91 64 35 0 0 0 0 219 695 66 38 6 0 0 
0 118 466 55 333 52 0 0 0 569 25 89 340 1 0 0 0 94 489 70 353 18 0 0 
0 2 6 143 659 214 0 0 0 2 14 155 528 264 61 0 0 1 8 109 415 229 260 2 
0 99 380 192 281 72 0 0 0 325 196 208 293 2 0 0 0 204 292 188 322 18 0 0 
0 259 527 60 165 13 0 0 5 764 44 75 136 0 0 0 0 542 248 64 153 17 0 0 
0 64 90 166 629 73 2 0 0 129 49 226 413 193 14 0 0 57 88 151 412 213 103 0 
0 280 247 163 300 34 0 0 34 421 137 206 225 1 0 0 0 312 223 161 300 28 0 0 
0 500 124 122 264 14 0 0 108 462 82 176 196 0 0 0 0 485 127 114 272 26 0 0 
0 98 120 196 483 127 0 0 19 130 109 227 349 188 2 0 0 76 115 179 387 123 144 0 
0 594 91 123 190 26 0 0 429 201 84 119 177 14 0 0 0 579 88 95 216 44 2 0 
0 95 115 227 460 127 0 0 38 110 117 314 296 146 3 0 0 84 115 249 386 93 97 0 
0 483 123 161 244 13 0 0 410 123 132 221 138 0 0 0 0 483 127 158 238 18 0 0 
0 188 122 284 399 31 0 0 146 65 167 365 183 98 0 0 0 166 121 269 332 90 46 0 
0 262 146 247 343 26 0 0 220 78 189 335 129 73 0 0 0 247 141 240 291 86 19 0 
0 317 150 242 298 17 0 0 262 102 215 291 154 0 0 0 0 309 149 242 308 16 0 0 
0 235 126 308 319 36 0 0 192 82 181 368 144 57 0 0 0 220 138 273 305 55 33 0 
0 197 111 349 325 42 0 0 119 95 193 392 168 55 2 0 0 183 89 339 329 56 28 0 
0 180 176 342 299 27 0 0 96 141 274 365 104 43 1 0 0 185 172 373 240 37 17 0 
0 150 216 417 210 31 0 0 58 163 306 404 66 27 0 0 0 148 228 435 166 41 6 0 
0 76 287 451 168 42 0 0 31 140 383 378 49 43 0 0 0 97 318 430 120 51 8 0 
0 149 374 418 63 17 3 0 44 158 539 238 28 15 2 0 0 144 410 382 58 21 9 0 
0 158 510 212 136 8 0 0 0 462 250 148 131 33 0 0 0 227 397 161 127 107 5 0 
0 160 726 136 2 0 0 0 0 167 474 354 29 0 0 0 0 30 589 378 27 0 0 0 
0 119 755 138 12 0 0 0 0 55 521 401 46 1 0 0 0 13 565 407 38 1 0 0 
0 76 840 107 1 0 0 0 0 4 362 617 40 1 0 0 0 1 361 628 33 1 0 0 
0 132 737 140 15 0 0 0 0 119 445 391 67 2 0 0 0 23 467 446 78 10 0 0 
0 154 685 179 6 0 0 0 0 97 606 300 21 0 0 0 0 16 600 380 28 0 0 0 
0 121 654 238 11 0 0 0 0 32 498 416 76 2 0 0 0 14 478 463 67 2 0 0 
0 148 628 239 9 0 0 0 0 85 488 395 55 1 0 0 0 22 475 454 72 1 0 0 
0 210 602 198 14 0 0 0 0 274 409 284 56 1 0 0 0 57 549 337 77 4 0 0 
0 31 102 257 414 199 20 1 0 35 78 119 288 387 116 1 0 2 66 115 244 260 303 34 
0 4 171 725 73 28 23 0 0 106 92 106 661 35 22 2 0 6 180 261 513 35 25 4 
0 52 593 355 24 0 0 0 0 599 36 35 345 9 0 0 0 73 563 102 275 11 0 0 
0 101 923 0 0 0 0 0 0 1015 9 0 0 0 0 0 0 116 908 0 0 0 0 0 
0 111 220 178 260 248 7 0 0 273 63 53 213 303 119 0 0 35 267 55 190 168 278 31 
0 15 374 584 51 0 0 0 0 322 66 20 609 7 0 0 0 33 355 27 607 2 0 0 
0 195 829 0 0 0 0 0 0 1015 9 0 0 0 0 0 0 215 809 0 0 0 0 0 
0 181 370 100 253 113 7 0 1 511 39 51 138 252 32 0 0 143 380 47 97 182 160 15 
0 184 397 381 61 1 0 0 2 513 59 54 377 19 0 0 0 265 300 59 368 32 0 0 
0 386 638 0 0 0 0 0 10 1013 1 0 0 0 0 0 0 585 439 0 0 0 0 0 
0 107 240 354 185 131 7 0 4 276 51 98 362 190 43 0 0 127 176 84 319 153 161 4 
0 803 221 0 0 0 0 0 175 848 1 0 0 0 0 0 0 907 117 0 0 0 0 0 
0 344 172 210 203 91 4 0 119 327 51 105 206 204 12 0 0 362 113 78 209 141 117 4 
0 819 205 0 0 0 0 0 247 776 1 0 0 0 0 0 0 924 100 0 0 0 0 0 
4 550 116 107 126 121 0 0 191 428 52 69 87 183 14 0 0 521 121 63 99 86 134 0 
2 677 105 48 95 97 0 0 354 400 25 52 35 155 3 0 0 697 64 40 42 70 111 0 
0 947 69 4 2 2 0 0 435 577 5 5 0 2 0 0 0 971 45 4 2 2 0 0 
0 690 122 47 85 80 0 0 170 606 33 49 39 110 17 0 0 659 134 33 45 57 96 0 
2 590 247 45 68 72 0 0 105 692 45 37 36 106 3 0 0 660 168 31 35 59 71 0 
0 649 202 41 62 70 0 0 220 602 34 34 41 88 5 0 0 685 156 27 39 70 47 0 
0 627 249 29 64 53 2 0 181 648 46 26 46 68 9 0 0 690 159 39 37 56 43 0 
2 428 351 81 85 74 3 0 17 571 179 88 74 91 4 0 0 390 301 135 69 83 46 0 
0 382 490 92 30 30 0 0 19 491 276 172 35 29 2 0 0 305 404 220 53 21 21 0 
0 401 499 121 3 0 0 0 7 386 402 202 27 0 0 0 0 236 457 283 46 2 0 0 
0 276 604 141 3 0 0 0 0 401 358 232 33 0 0 0 0 70 635 278 41 0 0 0 
0 220 666 129 9 0 0 0 0 272 489 229 33 1 0 0 0 41 678 265 39 1 0 0 
0 150 780 91 3 0 0 0 0 93 552 347 31 1 0 0 0 11 596 385 31 1 0 0 
0 122 844 56 2 0 0 0 0 20 419 551 30 4 0 0 0 9 404 579 28 4 0 0 
0 155 712 152 5 0 0 0 0 92 413 433 85 1 0 0 0 23 454 458 87 2 0 0 
0 218 651 153 2 0 0 0 0 202 545 257 20 0 0 0 0 68 602 327 27 0 0 0 
1 147 681 189 6 0 0 0 0 47 508 420 49 0 0 0 0 11 477 484 51 1 0 0 
0 158 664 197 5 0 0 0 0 68 503 386 66 1 0 0 0 13 443 484 82 2 0 0 
0 28 172 240 343 241 0 0 0 16 84 203 175 510 36 0 0 0 73 193 158 200 400 0 
0 20 316 685 3 0 0 0 0 10 104 420 490 0 0 0 0 0 122 764 138 0 0 0 
0 101 556 365 2 0 0 0 0 444 66 289 225 0 0 0 0 97 413 402 112 0 0 0 
0 152 872 0 0 0 0 0 0 1024 0 0 0 0 0 0 0 173 851 0 0 0 0 0 
0 130 191 144 213 346 0 0 0 286 14 36 154 387 147 0 0 32 255 54 131 98 454 0 
0 29 37 922 36 0 0 0 0 30 18 30 926 20 0 0 0 20 28 81 878 17 0 0 
0 117 907 0 0 0 0 0 0 1024 0 0 0 0 0 0 0 171 853 0 0 0 0 0 
0 134 437 22 214 217 0 0 0 555 13 18 36 379 23 0 0 127 430 15 29 89 334 0 
0 377 360 259 28 0 0 0 1 581 131 100 210 1 0 0 0 276 400 118 219 11 0 0 
0 308 716 0 0 0 0 0 3 1021 0 0 0 0 0 0 0 703 321 0 0 0 0 0 
0 136 227 304 238 119 0 0 0 208 74 91 325 325 1 0 0 59 179 113 319 106 248 0 
0 700 324 0 0 0 0 0 40 984 0 0 0 0 0 0 0 955 69 0 0 0 0 0 
0 372 206 150 216 80 0 0 90 426 51 54 143 260 0 0 0 403 146 38 142 165 130 0 
0 883 141 0 0 0 0 0 55 969 0 0 0 0 0 0 0 986 38 0 0 0 0 0 
0 584 156 29 150 105 0 0 106 598 37 27 39 213 4 0 0 574 135 45 24 87 159 0 
0 712 91 16 177 28 0 0 90 697 14 7 37 179 0 0 0 684 104 13 20 114 89 0 
0 840 167 13 4 0 0 0 40 959 9 16 0 0 0 0 0 874 130 14 6 0 0 0 
0 542 274 34 106 68 0 0 13 779 25 22 38 147 0 0 0 518 290 22 22 74 98 0 
0 537 307 31 114 35 0 0 4 804 36 27 31 122 0 0 0 585 240 32 25 102 40 0 
0 435 421 25 84 59 0 0 20 757 83 15 39 110 0 0 0 492 346 35 22 109 20 0 
3 586 312 37 71 15 0 0 122 703 75 28 32 64 0 0 0 580 296 37 38 67 6 0 
0 773 222 19 6 4 0 0 191 726 81 18 5 3 0 0 0 666 313 31 6 7 1 0 
2 578 406 38 0 0 0 0 49 521 356 97 1 0 0 0 0 317 529 167 11 0 0 0 
1 512 482 29 0 0 0 0 54 477 381 108 4 0 0 0 0 321 529 168 6 0 0 0 
0 284 593 144 3 0 0 0 0 379 415 194 36 0 0 0 0 59 644 269 52 0 0 0 
0 174 700 149 1 0 0 0 0 126 561 285 50 2 0 0 0 19 600 352 53 0 0 0 
0 142 815 66 1 0 0 0 0 44 554 401 25 0 0 0 0 9 549 437 29 0 0 0 
0 168 781 75 0 0 0 0 0 43 388 567 26 0 0 0 0 5 410 582 27 0 0 0 
0 251 675 92 6 0 0 0 0 247 398 346 31 2 0 0 0 82 500 406 34 2 0 0 
0 222 633 165 4 0 0 0 0 170 540 293 21 0 0 0 0 46 567 365 46 0 0 0 
0 215 656 148 5 0 0 0 0 115 556 319 34 0 0 0 0 24 562 380 58 0 0 0 
0 204 636 175 9 0 0 0 0 97 514 369 43 1 0 0 0 18 487 441 76 2 0 0 
0 80 212 161 468 103 0 0 0 81 136 153 150 498 6 0 0 3 162 145 140 208 366 0 
0 255 609 157 3 0 0 0 0 170 481 349 24 0 0 0 0 28 472 454 69 1 0 0 
0 257 667 97 3 0 0 0 0 537 201 249 37 0 0 0 0 107 574 272 69 2 0 0 
0 49 975 0 0 0 0 0 0 1024 0 0 0 0 0 0 0 71 953 0 0 0 0 0 
0 132 223 71 391 207 0 0 0 302 32 43 72 553 22 0 0 11 313 30 69 149 452 0 
0 140 213 362 287 22 0 0 0 132 115 145 338 294 0 0 0 47 162 140 346 312 17 0 
0 123 901 0 0 0 0 0 0 1024 0 0 0 0 0 0 0 207 817 0 0 0 0 0 
0 184 417 16 365 42 0 0 0 576 22 10 38 378 0 0 0 145 437 18 8 181 235 0 
1 445 216 301 57 4 0 0 6 508 120 96 270 24 0 0 0 304 294 102 272 51 1 0 
0 751 273 0 0 0 0 0 4 1020 0 0 0 0 0 0 0 843 181 0 0 0 0 0 
0 277 218 152 294 83 0 0 31 285 118 151 122 314 3 0 0 188 194 156 123 195 168 0 
0 701 323 0 0 0 0 0 45 979 0 0 0 0 0 0 0 933 91 0 0 0 0 0 
0 511 169 35 233 76 0 0 189 431 58 36 41 253 16 0 0 487 163 48 32 148 145 1 
0 917 107 0 0 0 0 0 82 942 0 0 0 0 0 0 0 942 82 0 0 0 0 0 
0 617 126 23 149 109 0 0 84 631 29 19 32 215 14 0 0 574 146 30 19 86 169 0 
0 720 112 7 171 14 0 0 33 777 21 3 25 165 0 0 0 719 91 22 2 131 59 0 
0 800 174 12 17 21 0 0 31 932 14 9 17 21 0 0 0 796 175 13 15 21 4 0 
0 533 294 11 164 22 0 0 28 666 116 25 61 128 0 0 0 426 348 50 31 125 44 0 
1 447 420 46 105 5 0 0 4 542 307 50 45 76 0 0 0 221 594 56 46 93 14 0 
0 859 126 25 7 7 0 0 615 289 78 25 10 7 0 0 0 818 154 24 16 11 1 0 
11 798 189 26 0 0 0 0 428 378 166 50 2 0 0 0 0 623 288 99 14 0 0 0 
2 696 299 27 0 0 0 0 149 591 232 52 0 0 0 0 0 448 435 128 13 0 0 0 
4 844 170 6 0 0 0 0 488 394 128 14 0 0 0 0 0 727 253 44 0 0 0 0 
1 691 291 32 8 1 0 0 197 554 211 50 8 4 0 0 0 574 364 67 13 5 1 0 
0 343 661 20 0 0 0 0 1 797 217 9 0 0 0 0 0 163 827 34 0 0 0 0 
0 300 665 51 8 0 0 0 0 577 362 71 12 2 0 0 0 102 805 102 13 2 0 0 
0 173 697 145 9 0 0 0 0 88 426 438 72 0 0 0 0 24 493 449 58 0 0 0 
0 159 769 95 1 0 0 0 0 17 407 543 57 0 0 0 0 2 416 559 47 0 0 0 
0 181 761 82 0 0 0 0 0 32 352 600 40 0 0 0 0 9 341 625 49 0 0 0 
0 282 624 110 8 0 0 0 0 267 343 352 61 1 0 0 0 84 466 397 75 2 0 0 
0 300 629 92 3 0 0 0 0 276 548 187 12 1 0 0 0 54 659 290 20 1 0 0 
0 300 589 126 9 0 0 0 0 254 525 217 28 0 0 0 0 55 622 299 45 3 0 0 
0 186 522 254 61 1 0 0 0 137 349 342 166 30 0 0 0 16 357 392 200 58 1 0 
0 337 562 118 7 0 0 0 0 380 427 185 31 1 0 0 0 67 637 252 67 1 0 0 
0 382 615 27 0 0 0 0 0 801 178 40 5 0 0 0 0 186 743 89 6 0 0 0 
0 37 987 0 0 0 0 0 0 1023 1 0 0 0 0 0 0 50 974 0 0 0 0 0 
0 166 243 53 382 180 0 0 0 348 36 53 50 531 6 0 0 30 331 55 48 151 409 0 
0 239 362 406 17 0 0 0 2 304 81 234 400 3 0 0 0 80 281 214 428 21 0 0 
0 156 868 0 0 0 0 0 0 1023 1 0 0 0 0 0 0 287 737 0 0 0 0 0 
0 237 382 17 260 128 0 0 0 607 15 10 22 369 1 0 0 84 524 15 14 64 323 0 
0 322 350 263 67 22 0 0 4 400 130 169 259 62 0 0 0 193 294 185 268 67 17 0 
0 514 508 2 0 0 0 0 0 1020 4 0 0 0 0 0 0 727 295 2 0 0 0 0 
0 268 146 225 335 50 0 0 28 304 54 96 233 309 0 0 0 187 170 69 223 239 136 0 
0 667 357 0 0 0 0 0 15 1009 0 0 0 0 0 0 0 746 278 0 0 0 0 0 
0 421 201 62 263 77 0 0 60 530 32 39 76 286 1 0 0 425 180 32 57 172 158 0 
0 805 219 0 0 0 0 0 10 1014 0 0 0 0 0 0 0 863 161 0 0 0 0 0 
0 538 191 24 125 146 0 0 11 691 29 23 28 242 0 0 0 533 188 17 25 79 182 0 
0 687 170 8 92 67 0 0 15 824 9 16 12 148 0 0 0 664 178 11 11 78 82 0 
0 809 133 8 17 57 0 0 1 925 17 7 17 57 0 0 0 810 127 9 17 46 15 0 
1 628 196 29 112 58 0 0 100 646 75 31 47 125 0 0 0 521 274 34 34 122 39 0 
0 991 33 0 0 0 0 0 794 220 10 0 0 0 0 0 0 965 56 3 0 0 0 0 
0 999 18 5 2 0 0 0 982 28 11 3 0 0 0 0 0 995 19 7 3 0 0 0 
0 984 37 3 0 0 0 0 872 139 13 0 0 0 0 0 0 963 54 7 0 0 0 0 
0 1005 17 2 0 0 0 0 915 102 6 1 0 0 0 0 0 1000 20 4 0 0 0 0 
0 906 98 20 0 0 0 0 622 321 63 18 0 0 0 0 0 862 128 30 4 0 0 0 
0 544 367 98 15 0 0 0 20 569 269 101 60 5 0 0 0 287 493 146 85 13 0 0 
0 520 499 5 0 0 0 0 3 980 37 4 0 0 0 0 0 401 609 12 2 0 0 0 
0 404 509 97 14 0 0 0 2 699 167 112 41 3 0 0 0 210 622 141 47 4 0 0 
0 317 554 135 18 0 0 0 0 355 398 200 71 0 0 0 0 122 576 246 80 0 0 0 
0 234 621 153 16 0 0 0 0 127 523 303 70 1 0 0 0 48 571 343 62 0 0 0 
0 137 793 89 5 0 0 0 0 1 238 700 83 2 0 0 0 1 273 681 68 1 0 0 
0 380 571 72 1 0 0 0 0 475 264 251 32 2 0 0 0 181 520 282 41 0 0 0 
0 434 527 63 0 0 0 0 0 543 412 68 1 0 0 0 0 153 723 144 4 0 0 0 
0 389 582 49 4 0 0 0 0 536 400 76 12 0 0 0 0 130 712 159 22 1 0 0 
0 252 533 192 42 5 0 0 0 256 403 275 73 17 0 0 0 54 479 336 123 30 2 0 
0 269 607 143 5 0 0 0 0 159 533 299 32 1 0 0 0 37 518 402 66 1 0 0 
0 542 480 2 0 0 0 0 0 1002 22 0 0 0 0 0 0 301 720 3 0 0 0 0 
0 20 1004 0 0 0 0 0 0 984 40 0 0 0 0 0 0 94 930 0 0 0 0 0 
0 126 291 32 304 271 0 0 0 376 40 27 39 511 31 0 0 30 369 26 33 177 389 0 
0 544 431 45 4 0 0 0 2 825 139 31 27 0 0 0 0 234 698 60 29 3 0 0 
0 133 889 2 0 0 0 0 0 1003 17 4 0 0 0 0 0 174 844 6 0 0 0 0 
0 174 565 86 175 24 0 0 0 498 157 141 58 167 3 0 0 87 492 157 86 102 100 0 
1 315 513 136 51 8 0 0 0 221 432 269 66 36 0 0 0 36 461 357 113 46 11 0 
0 413 474 123 14 0 0 0 2 387 322 253 58 2 0 0 0 128 420 326 134 16 0 0 
3 321 432 213 51 4 0 0 6 225 302 308 162 21 0 0 0 91 307 308 253 59 6 0 
1 623 331 61 8 0 0 0 14 717 132 131 29 1 0 0 0 527 284 146 62 5 0 0 
1 461 197 39 265 61 0 0 23 552 76 35 49 289 0 0 0 405 221 47 29 213 109 0 
0 719 287 18 0 0 0 0 1 747 201 75 0 0 0 0 0 613 288 119 4 0 0 0 
0 620 101 29 102 172 0 0 3 691 26 26 23 255 0 0 0 564 145 22 22 79 192 0 
0 805 106 27 66 20 0 0 51 847 14 24 9 78 1 0 0 807 94 15 22 36 50 0 
1 870 67 19 23 44 0 0 424 498 18 17 17 50 0 0 0 831 100 22 9 55 7 0 
1 816 113 21 59 14 0 0 488 405 38 15 22 56 0 0 0 736 168 32 20 51 17 0 
5 958 29 17 10 5 0 0 824 161 12 15 7 5 0 0 0 952 36 13 14 7 2 0 
0 1018 6 0 0 0 0 0 1013 11 0 0 0 0 0 0 0 1017 7 0 0 0 0 0 
0 992 32 0 0 0 0 0 910 114 0 0 0 0 0 0 0 994 30 0 0 0 0 0 
0 967 53 4 0 0 0 0 856 147 16 5 0 0 0 0 0 937 72 15 0 0 0 0 
0 999 25 0 0 0 0 0 346 674 4 0 0 0 0 0 0 976 48 0 0 0 0 0 
0 856 157 11 0 0 0 0 117 816 82 9 0 0 0 0 0 684 312 28 0 0 0 0 
0 536 467 18 2 1 0 0 6 930 79 7 2 0 0 0 0 467 525 28 3 1 0 0 
0 423 539 59 3 0 0 0 0 751 213 56 4 0 0 0 0 204 710 100 10 0 0 0 
0 334 551 133 6 0 0 0 0 348 407 242 25 2 0 0 0 113 603 277 29 2 0 0 
0 292 658 73 1 0 0 0 0 342 468 196 18 0 0 0 0 97 684 223 20 0 0 0 
0 207 713 97 7 0 0 0 0 62 445 469 44 4 0 0 0 11 492 479 38 4 0 0 
0 294 623 107 0 0 0 0 0 262 300 412 50 0 0 0 0 115 418 436 55 0 0 0 
0 417 536 69 2 0 0 0 0 439 416 158 11 0 0 0 0 162 600 240 22 0 0 0 
0 312 577 123 12 0 0 0 0 257 529 211 27 0 0 0 0 77 587 312 47 1 0 0 
0 280 576 150 15 3 0 0 0 182 481 306 51 4 0 0 0 43 487 401 86 6 1 0 
0 241 625 150 8 0 0 0 0 118 548 321 37 0 0 0 0 23 487 445 68 1 0 0 
1 303 598 120 2 0 0 0 0 311 429 257 27 0 0 0 0 61 574 342 46 1 0 0 
0 37 987 0 0 0 0 0 0 980 44 0 0 0 0 0 0 73 951 0 0 0 0 0 
0 159 257 25 390 193 0 0 0 399 17 16 48 512 32 0 0 69 334 20 24 279 298 0 
0 636 357 30 1 0 0 0 3 852 140 29 0 0 0 0 0 379 591 50 4 0 0 0 
0 492 502 27 3 0 0 0 2 795 192 30 5 0 0 0 0 288 640 83 12 1 0 0 
0 541 431 51 1 0 0 0 20 530 294 162 18 0 0 0 0 235 492 252 44 1 0 0 
1 507 445 68 3 0 0 0 14 490 363 143 13 1 0 0 0 168 520 263 70 3 0 0 
6 469 449 96 4 0 0 0 10 412 372 204 26 0 0 0 0 126 492 328 75 3 0 0 
3 457 418 121 25 0 0 0 9 371 323 249 64 8 0 0 0 122 443 315 117 27 0 0 
2 443 469 103 7 0 0 0 0 336 427 226 33 2 0 0 0 93 488 358 81 4 0 0 
5 382 291 124 162 60 0 0 40 306 198 200 87 193 0 0 0 192 261 197 146 146 82 0 
0 812 209 3 0 0 0 0 327 448 223 26 0 0 0 0 0 612 334 78 0 0 0 0 
13 582 288 47 64 30 0 0 158 346 236 154 46 83 1 0 0 370 299 207 57 53 38 0 
4 896 82 8 20 14 0 0 508 408 49 23 9 27 0 0 0 828 116 39 7 17 17 0 
2 946 38 22 14 2 0 0 810 158 23 20 10 3 0 0 0 936 45 19 18 6 0 0 
27 889 66 21 14 6 1 0 722 218 44 18 13 6 3 0 0 840 121 28 16 12 6 1 
40 702 190 67 23 2 0 0 440 257 87 78 110 49 3 0 0 623 115 90 92 85 19 0 
22 816 86 57 34 9 0 0 630 199 69 41 27 41 17 0 0 707 147 63 30 39 37 1 
23 730 72 112 71 14 2 0 597 158 48 35 45 120 21 0 0 677 98 40 34 82 87 6 
0 936 87 1 0 0 0 0 543 453 28 0 0 0 0 0 0 890 131 3 0 0 0 0 
0 977 45 2 0 0 0 0 230 777 15 2 0 0 0 0 0 931 88 5 0 0 0 0 
0 768 237 18 1 0 0 0 138 714 127 44 1 0 0 0 0 641 317 64 2 0 0 0 
0 521 482 20 1 0 0 0 6 924 87 7 0 0 0 0 0 465 526 30 3 0 0 0 
0 469 425 125 5 0 0 0 4 662 166 139 52 1 0 0 0 286 509 165 63 1 0 0 
0 315 503 191 15 0 0 0 2 350 320 254 95 3 0 0 0 151 489 284 96 4 0 0 
0 332 536 144 12 0 0 0 0 297 448 206 69 4 0 0 0 96 614 234 77 3 0 0 
0 252 617 146 9 0 0 0 0 93 517 346 68 0 0 0 0 18 547 384 75 0 0 0 
1 287 637 96 3 0 0 0 0 126 483 361 52 2 0 0 0 20 570 385 47 2 0 0 
0 341 618 65 0 0 0 0 0 336 412 251 25 0 0 0 0 85 602 304 33 0 0 0 
1 332 568 118 5 0 0 0 0 235 537 233 19 0 0 0 0 58 591 335 40 0 0 0 
0 299 515 167 36 7 0 0 0 241 477 241 56 9 0 0 0 61 486 355 95 25 2 0 
0 408 508 95 10 3 0 0 2 411 380 210 19 2 0 0 0 134 537 311 35 6 1 0 
0 374 577 71 2 0 0 0 0 687 229 99 9 0 0 0 0 171 665 164 24 0 0 0 
0 117 842 64 1 0 0 0 0 716 196 101 11 0 0 0 0 29 825 115 55 0 0 0 
0 165 277 29 357 196 0 0 0 378 53 31 27 517 18 0 0 19 377 51 23 197 356 1 
3 767 173 47 21 13 0 0 6 872 51 54 29 12 0 0 0 565 342 53 40 21 3 0 
0 673 300 51 0 0 0 0 28 756 168 72 0 0 0 0 0 355 518 132 19 0 0 0 
0 528 394 94 7 1 0 0 23 512 295 160 29 4 1 0 0 231 452 248 78 13 1 1 
0 663 318 36 5 2 0 0 48 748 168 53 5 2 0 0 0 396 489 112 23 2 2 0 
1 735 251 37 0 0 0 0 111 708 159 44 2 0 0 0 0 477 438 98 11 0 0 0 
4 491 401 114 14 0 0 0 11 436 360 185 32 0 0 0 0 184 515 256 64 5 0 0 
0 447 454 116 7 0 0 0 2 420 354 216 32 0 0 0 0 224 464 269 65 2 0 0 
0 787 195 25 17 0 0 0 264 638 56 41 18 7 0 0 0 821 112 51 22 18 0 0 
0 1024 0 0 0 0 0 0 1023 1 0 0 0 0 0 0 0 1024 0 0 0 0 0 0 
7 996 14 7 0 0 0 0 944 66 6 3 5 0 0 0 0 980 30 6 3 5 0 0 
30 735 71 135 37 16 0 0 681 62 36 38 75 115 17 0 0 704 50 33 51 119 61 6 
72 438 316 160 38 0 0 0 234 114 146 220 228 77 5 0 0 273 126 181 266 162 16 0 
53 511 254 143 52 11 0 0 241 114 176 213 141 110 29 0 0 276 124 231 182 112 95 4 
54 261 284 246 150 29 0 0 30 120 148 217 180 230 99 0 0 64 130 174 226 190 219 21 
4 126 249 318 256 71 0 0 0 11 80 184 229 309 211 0 0 1 18 136 197 276 331 65 
31 359 248 249 116 21 0 0 136 153 117 166 210 201 41 0 0 220 113 134 185 250 120 2 
12 614 196 168 31 3 0 0 201 410 78 75 125 121 14 0 0 474 173 61 116 154 46 0 
1 933 67 15 7 1 0 0 129 822 45 13 8 7 0 0 0 816 163 25 11 6 3 0 
0 687 333 4 0 0 0 0 41 739 234 10 0 0 0 0 0 438 536 49 1 0 0 0 
0 528 463 32 1 0 0 0 1 878 126 16 3 0 0 0 0 321 641 51 11 0 0 0 
0 497 473 50 4 0 0 0 0 812 134 67 11 0 0 0 0 207 712 86 18 1 0 0 
0 471 481 64 8 0 0 0 0 682 235 91 16 0 0 0 0 233 646 120 21 4 0 0 
0 487 421 103 13 0 0 0 0 661 198 114 51 0 0 0 0 270 571 131 51 1 0 0 
0 275 593 147 9 0 0 0 0 214 457 271 81 1 0 0 0 56 584 315 67 2 0 0 
1 267 614 139 3 0 0 0 0 101 483 376 64 0 0 0 0 26 510 424 64 0 0 0 
0 379 530 109 6 0 0 0 4 471 324 183 42 0 0 0 0 144 581 250 47 2 0 0 
0 426 521 77 0 0 0 0 4 476 371 167 6 0 0 0 0 174 579 254 17 0 0 0 
1 317 431 193 59 23 0 0 0 290 403 238 58 33 2 0 0 54 470 313 124 45 18 0 
0 417 481 112 12 2 0 0 1 424 376 195 26 2 0 0 0 127 552 281 57 5 2 0 
0 317 638 69 0 0 0 0 3 584 304 127 6 0 0 0 0 106 665 227 26 0 0 0 
0 256 660 107 1 0 0 0 0 289 533 198 4 0 0 0 0 11 546 413 54 0 0 0 
0 471 412 96 36 9 0 0 5 525 254 162 45 33 0 0 0 157 522 200 100 37 8 0 
1 464 463 91 5 0 0 0 1 482 384 144 11 2 0 0 0 92 617 254 58 3 0 0 
1 482 460 80 1 0 0 0 2 407 410 189 16 0 0 0 0 77 565 319 63 0 0 0 
1 405 557 61 0 0 0 0 0 183 536 291 14 0 0 0 0 32 462 450 77 3 0 0 
1 437 508 78 0 0 0 0 0 281 446 291 6 0 0 0 0 72 447 424 81 0 0 0 
2 567 408 47 0 0 0 0 18 527 351 121 7 0 0 0 0 205 525 252 41 1 0 0 
1 673 324 25 1 0 0 0 39 718 233 33 1 0 0 0 0 339 584 94 6 1 0 0 
1 402 515 104 2 0 0 0 6 290 432 272 24 0 0 0 0 120 471 374 58 1 0 0 
2 776 202 43 1 0 0 0 460 302 119 138 5 0 0 0 0 688 144 174 18 0 0 0 
0 1024 0 0 0 0 0 0 1023 1 0 0 0 0 0 0 0 1024 0 0 0 0 0 0 
34 730 181 48 19 12 0 0 556 123 120 125 66 19 15 0 0 576 129 139 111 42 23 4 
40 352 424 187 21 0 0 0 2 69 293 339 212 107 2 0 0 10 151 351 283 198 31 0 
50 536 315 102 21 0 0 0 43 247 330 219 141 43 1 0 0 102 342 293 190 85 11 1 
22 397 471 116 15 3 0 0 0 34 258 385 294 48 5 0 0 2 149 311 407 143 12 0 
8 320 443 183 64 6 0 0 0 20 209 347 283 134 31 0 0 0 116 300 343 206 56 3 
15 254 514 205 35 1 0 0 0 8 111 377 372 149 7 0 0 4 23 205 455 278 58 1 
18 409 291 167 131 8 0 0 213 121 70 139 243 159 79 0 0 283 60 122 205 184 151 19 
15 186 400 245 127 51 0 0 6 75 84 205 322 207 117 8 0 33 85 102 304 293 165 42 
29 266 302 270 127 29 1 0 2 93 220 204 237 221 47 0 0 23 172 237 216 236 133 7 
3 280 272 355 100 14 0 0 7 262 93 102 170 346 44 0 0 94 222 82 125 306 190 5 
0 559 453 10 2 0 0 0 1 986 31 4 2 0 0 0 0 341 665 12 5 1 0 0 
0 497 492 35 0 0 0 0 2 876 110 35 1 0 0 0 0 259 707 54 4 0 0 0 
0 423 438 140 23 0 0 0 1 507 275 172 66 3 0 0 0 171 541 229 81 2 0 0 
0 359 514 138 13 0 0 0 0 428 339 204 49 4 0 0 0 125 596 244 54 5 0 0 
0 235 590 190 9 0 0 0 0 137 427 328 125 7 0 0 0 35 505 383 95 6 0 0 
0 206 635 166 17 0 0 0 0 39 420 450 108 7 0 0 0 14 442 469 94 5 0 0 
2 399 533 86 4 0 0 0 5 449 306 234 30 0 0 0 0 205 475 306 37 1 0 0 
0 350 581 90 3 0 0 0 0 300 470 230 24 0 0 0 0 92 544 352 34 2 0 0 
1 368 494 119 35 7 0 0 5 352 413 195 41 18 0 0 0 118 530 279 65 24 8 0 
0 321 594 91 15 3 0 0 1 233 537 225 24 4 0 0 0 31 526 401 56 7 3 0 
0 197 726 101 0 0 0 0 0 99 539 373 13 0 0 0 0 4 261 648 111 0 0 0 
0 279 625 117 3 0 0 0 0 240 480 276 28 0 0 0 0 25 420 463 114 2 0 0 
2 455 448 106 13 0 0 0 5 428 360 187 43 1 0 0 0 133 510 282 89 10 0 0 
0 693 280 49 2 0 0 0 43 749 184 46 2 0 0 0 0 407 479 123 15 0 0 0 
6 585 369 60 4 0 0 0 18 628 267 107 4 0 0 0 0 224 577 184 39 0 0 0 
1 743 259 21 0 0 0 0 51 779 154 37 3 0 0 0 0 453 464 97 10 0 0 0 
1 551 434 38 0 0 0 0 23 468 353 169 11 0 0 0 0 198 512 279 35 0 0 0 
7 364 575 76 2 0 0 0 0 176 395 403 50 0 0 0 0 46 372 469 136 1 0 0 
4 518 459 43 0 0 0 0 13 457 359 183 12 0 0 0 0 149 538 297 37 3 0 0 
4 423 485 106 6 0 0 0 2 235 504 222 41 20 0 0 0 75 531 327 57 28 6 0 
1 713 250 60 0 0 0 0 525 121 194 172 12 0 0 0 0 600 169 219 36 0 0 0 
17 813 97 69 22 6 0 0 753 53 40 58 67 48 5 0 0 765 50 37 68 70 32 2 
21 419 262 201 107 14 0 0 172 88 190 165 170 187 52 0 0 186 163 172 158 184 148 13 
37 387 366 186 46 2 0 0 5 161 257 244 235 106 16 0 0 44 245 225 268 183 58 1 
57 586 272 83 25 1 0 0 13 318 422 167 81 22 1 0 0 64 503 293 109 49 6 0 
35 496 306 139 40 8 0 0 8 143 368 286 134 74 11 0 0 37 302 325 220 115 24 1 
22 447 388 151 16 0 0 0 2 114 298 303 229 74 4 0 0 5 245 302 323 134 15 0 
27 410 428 151 8 0 0 0 0 106 318 352 203 43 2 0 0 3 206 337 328 137 13 0 
14 325 507 166 12 0 0 0 0 21 181 445 327 46 4 0 0 0 83 320 444 163 11 3 
13 212 355 282 146 16 0 0 1 60 106 293 279 252 33 0 0 10 85 206 288 285 149 1 
1 157 426 280 143 17 0 0 0 4 103 334 306 219 58 0 0 0 17 251 352 267 132 5 
10 332 391 257 33 1 0 0 0 128 289 224 243 133 7 0 0 10 234 271 237 240 31 1 
0 504 499 21 0 0 0 0 6 823 169 23 3 0 0 0 0 350 589 79 6 0 0 0 
0 487 511 26 0 0 0 0 2 810 178 34 0 0 0 0 0 324 622 77 1 0 0 0 
0 432 523 67 2 0 0 0 0 580 358 81 5 0 0 0 0 132 730 148 14 0 0 0 
0 369 561 86 7 1 0 0 0 429 425 139 30 1 0 0 0 89 716 190 28 1 0 0 
0 194 596 225 9 0 0 0 0 134 368 372 146 4 0 0 0 31 457 411 122 3 0 0 
0 242 613 155 14 0 0 0 0 233 319 365 101 6 0 0 0 77 446 388 104 9 0 0 
0 418 508 92 6 0 0 0 7 450 325 211 29 2 0 0 0 231 455 286 49 3 0 0 
2 518 409 73 17 5 0 0 16 664 234 78 23 9 0 0 0 288 542 136 41 13 4 0 
1 440 489 87 7 0 0 0 3 480 398 125 18 0 0 0 0 172 586 226 39 1 0 0 
1 323 572 121 7 0 0 0 0 224 551 208 40 1 0 0 0 39 537 353 87 8 0 0 
1 211 666 137 8 1 0 0 0 58 551 363 49 3 0 0 0 1 314 568 126 14 1 0 
0 258 653 109 4 0 0 0 0 170 576 252 26 0 0 0 0 6 416 522 75 5 0 0 
0 473 471 77 3 0 0 0 2 502 367 144 9 0 0 0 0 139 559 273 53 0 0 0 
0 758 230 35 1 0 0 0 70 789 88 64 13 0 0 0 0 556 353 81 30 4 0 0 
0 924 99 1 0 0 0 0 318 685 21 0 0 0 0 0 0 838 178 8 0 0 0 0 
0 997 26 1 0 0 0 0 729 293 2 0 0 0 0 0 0 981 42 1 0 0 0 0 
0 842 161 21 0 0 0 0 408 498 103 15 0 0 0 0 0 693 274 55 2 0 0 0 
1 401 503 118 1 0 0 0 2 146 467 361 48 0 0 0 0 35 412 464 112 1 0 0 
3 286 579 129 15 12 0 0 0 58 424 450 68 13 11 0 0 10 266 528 188 13 17 2 
10 326 435 199 46 7 1 0 0 115 316 305 175 99 14 0 0 35 245 358 210 142 33 1 
13 407 435 116 46 7 0 0 123 112 312 303 106 56 12 0 0 149 244 335 188 77 31 0 
50 430 334 173 34 3 0 0 76 247 241 224 149 77 10 0 0 109 267 261 204 133 49 1 
14 459 344 117 66 24 0 0 0 133 377 280 109 79 46 0 0 7 304 370 167 101 60 15 
27 402 406 160 25 4 0 0 0 97 286 336 226 73 6 0 0 4 220 334 274 167 25 0 
43 678 208 79 16 0 0 0 10 522 291 118 68 15 0 0 0 134 559 204 83 44 0 0 
31 479 328 143 39 4 0 0 0 184 346 266 162 61 5 0 0 26 367 281 226 100 22 2 
43 331 443 175 32 0 0 0 1 88 222 345 290 71 7 0 0 19 157 311 365 152 20 0 
29 555 359 77 4 0 0 0 5 227 355 329 99 8 1 0 0 28 367 392 196 39 2 0 
15 489 427 85 8 0 0 0 0 154 378 295 178 19 0 0 0 6 328 351 256 82 1 0 
12 417 486 93 16 0 0 0 0 84 409 375 130 23 3 0 0 2 253 445 273 46 5 0 
5 345 400 198 70 6 0 0 4 125 235 286 249 111 14 0 0 60 177 268 302 176 41 0 
1 455 404 127 29 8 0 0 8 266 301 271 132 38 8 0 0 80 309 306 226 81 22 0 
0 532 489 3 0 0 0 0 7 992 22 3 0 0 0 0 0 487 528 9 0 0 0 0 
0 510 499 15 0 0 0 0 16 897 106 5 0 0 0 0 0 354 627 43 0 0 0 0 
0 522 486 16 0 0 0 0 0 666 294 64 0 0 0 0 0 257 649 117 1 0 0 0 
0 514 451 53 6 0 0 0 0 701 242 66 12 3 0 0 0 224 678 102 17 3 0 0 
0 354 583 80 7 0 0 0 0 402 373 214 33 2 0 0 0 109 642 245 26 2 0 0 
0 135 598 274 16 1 0 0 0 29 238 530 224 3 0 0 0 3 278 553 187 3 0 0 
1 238 630 154 1 0 0 0 1 115 385 411 109 3 0 0 0 38 409 482 91 4 0 0 
0 433 555 32 3 1 0 0 0 473 450 97 3 1 0 0 0 119 719 176 8 2 0 0 
0 522 450 49 3 0 0 0 2 618 332 66 6 0 0 0 0 213 651 146 14 0 0 0 
0 429 511 80 4 0 0 0 0 412 477 121 14 0 0 0 0 113 607 265 35 4 0 0 
0 339 594 90 1 0 0 0 0 239 594 176 15 0 0 0 0 23 623 324 54 0 0 0 
0 246 655 115 7 1 0 0 0 159 541 289 33 2 0 0 0 13 405 509 89 8 0 0 
0 283 667 69 5 0 0 0 0 204 594 211 13 2 0 0 0 18 511 446 45 4 0 0 
2 335 598 87 2 0 0 0 1 239 491 269 24 0 0 0 0 58 498 399 67 2 0 0 
1 433 520 69 1 0 0 0 62 265 376 311 10 0 0 0 0 162 342 467 52 1 0 0 
0 896 117 10 1 0 0 0 379 599 42 4 0 0 0 0 0 790 216 16 2 0 0 0 
2 697 290 35 0 0 0 0 129 625 230 40 0 0 0 0 0 444 450 120 10 0 0 0 
2 436 520 65 1 0 0 0 1 322 539 141 21 0 0 0 0 72 626 276 50 0 0 0 
1 444 517 57 4 1 0 0 0 290 474 224 31 4 1 0 0 68 506 357 85 7 1 0 
4 489 450 69 12 0 0 0 0 181 561 219 52 11 0 0 0 28 502 383 88 23 0 0 
8 463 426 95 29 3 0 0 3 107 492 277 98 42 5 0 0 15 321 411 191 63 23 0 
35 469 322 143 49 6 0 0 31 279 299 191 136 76 12 0 0 85 364 268 159 107 40 1 
12 691 271 36 14 0 0 0 6 525 365 97 25 6 0 0 0 212 569 192 36 15 0 0 
39 494 316 142 31 2 0 0 0 290 265 246 171 46 6 0 0 87 313 267 219 105 31 2 
66 553 306 81 18 0 0 0 6 374 361 202 64 16 1 0 0 55 487 302 123 50 7 0 
96 648 235 37 8 0 0 0 76 485 294 132 32 5 0 0 0 186 506 234 86 11 1 0 
41 522 361 89 11 0 0 0 13 248 331 253 151 27 1 0 0 67 315 338 236 64 4 0 
44 656 233 60 28 3 0 0 35 548 276 86 47 25 7 0 0 185 535 189 61 31 22 1 
28 550 352 81 13 0 0 0 7 296 396 250 65 10 0 0 0 40 427 344 179 31 3 0 
31 456 411 107 19 0 0 0 1 243 363 281 102 32 2 0 0 32 356 342 229 52 13 0 
12 392 422 123 47 28 0 0 2 177 349 280 134 47 35 0 0 26 308 325 223 85 47 10 
5 250 541 186 34 8 0 0 0 24 246 411 287 49 7 0 0 0 75 396 393 137 21 2 
0 587 400 37 0 0 0 0 19 861 102 36 6 0 0 0 0 427 492 75 30 0 0 0 
0 580 442 2 0 0 0 0 4 986 34 0 0 0 0 0 0 512 504 8 0 0 0 0 
0 692 323 8 1 0 0 0 24 914 77 8 1 0 0 0 0 607 396 17 4 0 0 0 
0 538 404 73 9 0 0 0 1 679 239 92 12 1 0 0 0 309 567 120 27 1 0 0 
0 430 454 118 22 0 0 0 0 520 267 148 82 7 0 0 0 130 619 182 80 13 0 0 
0 163 670 182 9 0 0 0 0 23 336 517 143 5 0 0 0 2 354 543 121 4 0 0 
1 188 665 130 40 0 0 0 0 50 286 497 128 50 13 0 0 9 300 508 140 49 18 0 
0 310 621 82 11 0 0 0 0 103 506 365 35 15 0 0 0 20 495 441 51 17 0 0 
0 577 411 36 0 0 0 0 1 676 228 112 7 0 0 0 0 316 522 172 14 0 0 0 
1 659 316 45 3 0 0 0 21 759 181 61 2 0 0 0 0 423 451 130 20 0 0 0 
0 424 529 66 4 1 0 0 1 436 349 200 37 1 0 0 0 116 568 263 72 4 1 0 
2 226 657 136 3 0 0 0 0 78 335 406 190 15 0 0 0 19 308 464 216 17 0 0 
0 247 669 106 2 0 0 0 0 41 537 412 34 0 0 0 0 2 320 611 90 1 0 0 
0 387 583 53 1 0 0 0 1 292 434 280 17 0 0 0 0 123 491 378 31 1 0 0 
0 446 549 27 2 0 0 0 0 318 601 95 10 0 0 0 0 66 683 257 17 1 0 0 
5 733 266 20 0 0 0 0 173 657 175 19 0 0 0 0 0 484 462 72 6 0 0 0 
3 640 343 38 0 0 0 0 64 590 300 70 0 0 0 0 0 286 531 185 22 0 0 0 
0 791 221 12 0 0 0 0 25 869 112 18 0 0 0 0 0 483 484 55 2 0 0 0 
7 525 449 31 11 1 0 0 0 348 510 135 22 7 2 0 0 95 547 325 41 12 4 0 
12 461 446 96 8 1 0 0 0 122 431 325 115 29 2 0 0 13 348 397 196 67 3 0 
21 500 403 91 9 0 0 0 0 288 400 217 92 27 0 0 0 45 437 350 134 52 6 0 
44 544 238 149 43 6 0 0 12 424 250 157 96 73 12 0 0 157 420 198 114 92 43 0 
12 816 179 15 2 0 0 0 37 759 182 35 9 2 0 0 0 379 551 78 9 7 0 0 
35 637 240 94 17 1 0 0 32 491 267 116 75 35 8 0 0 179 510 154 90 70 18 3 
27 745 219 33 0 0 0 0 3 578 329 93 18 3 0 0 0 175 573 224 45 7 0 0 
72 672 236 43 1 0 0 0 62 548 284 107 21 2 0 0 0 255 504 205 52 8 0 0 
84 641 245 46 8 0 0 0 105 461 298 114 38 7 1 0 0 234 461 228 77 20 4 0 
39 684 247 50 4 0 0 0 120 463 276 144 21 0 0 0 0 290 441 211 76 6 0 0 
70 540 298 99 12 5 0 0 81 378 270 168 90 32 5 0 0 190 393 221 131 73 16 0 
35 616 301 57 15 0 0 0 35 435 324 156 64 10 0 0 0 157 477 246 112 30 2 0 
12 503 438 65 6 0 0 0 8 242 384 296 86 8 0 0 0 32 370 382 214 25 1 0 
4 334 527 145 14 0 0 0 0 47 373 376 196 32 0 0 0 0 202 417 324 78 3 0 
0 571 424 18 11 0 0 0 7 955 36 14 11 1 0 0 0 498 480 22 16 8 0 0 
0 549 390 28 49 8 0 0 10 847 74 22 21 42 8 0 0 485 418 38 25 40 18 0 
0 569 356 50 43 6 0 0 6 802 83 56 38 39 0 0 0 439 435 62 43 44 1 0 
0 361 455 180 24 4 0 0 0 373 284 251 101 14 1 0 0 196 424 271 115 18 0 0 
0 325 510 154 27 8 0 0 1 315 290 292 109 14 3 0 0 97 474 335 99 16 3 0 
0 139 668 192 25 0 0 0 0 7 203 495 275 44 0 0 0 3 190 489 293 49 0 0 
0 140 514 309 61 0 0 0 0 15 165 375 290 168 11 0 0 5 134 392 299 184 10 0 
0 189 549 216 64 6 0 0 0 9 317 368 219 88 23 0 0 2 242 442 214 100 24 0 
1 197 600 220 6 0 0 0 0 31 234 440 258 61 0 0 0 10 188 452 306 68 0 0 
3 400 531 69 21 0 0 0 15 336 390 202 57 14 10 0 0 189 480 259 73 12 11 0 
0 342 545 129 8 0 0 0 0 198 399 280 132 15 0 0 0 60 442 350 158 14 0 0 
0 215 544 188 75 2 0 0 0 4 234 435 221 117 13 0 0 0 192 458 237 119 18 0 
0 267 620 118 17 2 0 0 0 130 383 384 98 28 1 0 0 16 393 463 120 29 3 0 
0 494 470 57 3 0 0 0 1 476 444 91 11 1 0 0 0 149 644 196 34 1 0 0 
0 580 423 21 0 0 0 0 1 617 370 36 0 0 0 0 0 220 702 98 4 0 0 0 
0 404 564 52 4 0 0 0 8 230 578 166 36 6 0 0 0 58 510 396 50 9 1 0 
3 547 421 49 4 0 0 0 16 460 336 196 11 5 0 0 0 160 511 287 61 4 1 0 
2 783 226 10 3 0 0 0 108 736 160 14 3 3 0 0 0 404 539 74 3 4 0 0 
12 780 192 26 13 1 0 0 115 651 171 58 21 8 0 0 0 400 477 98 32 14 3 0 
16 716 260 28 4 0 0 0 17 592 310 85 16 4 0 0 0 221 577 188 32 4 2 0 
47 685 211 60 18 3 0 0 25 638 184 88 67 20 2 0 0 285 472 137 84 39 7 0 
11 876 106 24 7 0 0 0 53 776 133 38 13 11 0 0 0 447 476 63 23 14 1 0 
17 777 186 30 11 3 0 0 1 692 259 43 15 11 3 0 0 290 579 108 29 12 6 0 
50 731 208 29 5 1 0 0 5 601 283 89 38 8 0 0 0 222 564 162 54 20 2 0 
47 661 257 50 9 0 0 0 15 431 363 163 45 7 0 0 0 120 557 227 92 25 3 0 
64 547 236 93 67 17 0 0 67 378 230 135 106 62 45 1 0 182 394 171 106 92 70 9 
35 653 174 46 49 67 0 0 98 504 177 94 26 45 80 0 0 264 440 123 58 28 53 58 
56 521 363 83 1 0 0 0 52 273 346 266 81 6 0 0 0 113 344 351 190 26 0 0 
38 523 322 108 33 0 0 0 6 356 313 202 94 53 0 0 0 89 425 264 147 80 19 0 
31 580 331 75 6 1 0 0 26 454 302 187 46 9 0 0 0 126 464 270 127 35 2 0 
11 445 473 93 2 0 0 0 4 163 372 355 126 4 0 0 0 26 259 459 254 26 0 0 
4 295 539 173 11 2 0 0 0 33 246 410 279 56 0 0 0 1 121 346 412 135 9 0 
0 379 453 176 16 0 0 0 1 470 230 166 139 18 0 0 0 237 409 193 156 28 1 0 
0 286 465 163 98 12 0 0 0 319 228 212 144 101 20 0 0 68 429 254 144 99 30 0 
0 200 523 248 51 2 0 0 0 106 351 241 225 101 0 0 0 14 395 265 244 104 2 0 
0 248 487 264 25 0 0 0 0 163 310 257 234 60 0 0 0 50 380 280 241 72 1 0 
0 178 546 260 39 1 0 0 0 19 324 390 223 68 0 0 0 10 291 419 233 71 0 0 
0 187 628 208 1 0 0 0 0 13 319 415 219 58 0 0 0 4 275 445 246 54 0 0 
0 174 568 275 7 0 0 0 0 8 182 392 360 81 1 0 0 6 140 405 395 76 2 0 
2 302 528 171 21 0 0 0 0 69 446 299 163 46 1 0 0 11 377 373 193 68 2 0 
1 231 591 190 11 0 0 0 0 20 360 417 188 39 0 0 0 2 296 475 202 47 2 0 
0 210 570 175 68 1 0 0 0 34 352 342 164 119 13 0 0 0 347 374 160 124 19 0 
0 272 585 150 17 0 0 0 0 60 317 398 209 40 0 0 0 0 332 406 240 46 0 0 
0 216 696 100 12 0 0 0 0 1 287 484 221 29 2 0 0 0 224 548 224 26 2 0 
1 238 648 135 2 0 0 0 0 44 357 311 257 55 0 0 0 10 308 362 258 86 0 0 
0 505 485 34 0 0 0 0 4 399 530 74 13 4 0 0 0 174 638 191 16 5 0 0 
0 786 204 34 0 0 0 0 119 725 128 17 23 12 0 0 0 675 259 50 22 18 0 0 
3 643 320 58 0 0 0 0 128 527 157 86 115 11 0 0 0 437 325 106 135 21 0 0 
2 743 253 26 0 0 0 0 351 363 217 74 19 0 0 0 0 530 334 120 39 1 0 0 
3 827 179 15 0 0 0 0 495 294 205 20 10 0 0 0 0 672 282 55 14 1 0 0 
2 732 277 13 0 0 0 0 221 411 345 44 3 0 0 0 0 342 526 138 17 1 0 0 
10 882 110 13 9 0 0 0 58 857 86 11 8 4 0 0 0 560 423 20 13 8 0 0 
30 814 155 25 0 0 0 0 79 680 159 86 17 3 0 0 0 501 360 103 52 8 0 0 
18 791 205 10 0 0 0 0 47 652 196 98 31 0 0 0 0 394 436 137 57 0 0 0 
59 620 275 60 9 1 0 0 12 454 307 175 70 6 0 0 0 156 465 237 138 26 2 0 
39 784 166 28 5 2 0 0 49 610 234 85 39 7 0 0 0 316 458 169 64 15 2 0 
62 760 176 23 3 0 0 0 50 649 229 77 17 2 0 0 0 344 473 155 42 10 0 0 
60 539 317 102 6 0 0 0 39 331 247 206 169 32 0 0 0 135 330 240 206 109 4 0 
65 395 353 116 57 38 0 0 11 215 241 248 180 63 66 0 0 48 259 254 253 114 69 27 
38 581 318 74 13 0 0 0 63 291 297 232 119 22 0 0 0 170 330 281 180 61 2 0 
47 467 369 126 15 0 0 0 4 276 349 270 107 18 0 0 0 51 359 315 239 59 1 0 
18 553 350 87 16 0 0 0 8 345 435 177 53 6 0 0 0 63 482 313 131 34 1 0 
19 396 474 125 10 0 0 0 2 148 321 326 198 29 0 0 0 9 282 322 305 106 0 0 
3 349 547 118 7 0 0 0 0 117 269 404 219 15 0 0 0 14 217 346 369 76 2 0 
0 231 556 219 18 0 0 0 0 109 415 273 192 35 0 0 0 0 433 337 217 37 0 0 
0 300 491 186 47 0 0 0 0 243 317 250 146 67 1 0 0 13 498 288 155 67 3 0 
0 306 555 142 21 0 0 0 0 215 383 284 105 35 2 0 0 30 470 351 130 41 2 0 
1 209 451 301 62 0 0 0 0 31 296 293 267 124 13 0 0 6 285 296 297 130 10 0 
0 196 593 202 29 4 0 0 0 28 323 367 262 40 4 0 0 0 310 429 244 37 4 0 
0 247 612 165 0 0 0 0 0 61 369 297 276 21 0 0 0 6 344 312 305 57 0 0 
0 250 631 135 8 0 0 0 0 42 413 379 173 17 0 0 0 8 365 431 199 21 0 0 
0 260 597 147 20 0 0 0 0 47 332 419 182 44 0 0 0 6 345 447 186 40 0 0 
2 226 533 258 5 0 0 0 0 53 299 336 266 70 0 0 0 2 307 348 288 79 0 0 
0 343 534 125 22 0 0 0 0 123 428 311 111 48 3 0 0 12 456 351 139 60 6 0 
1 295 564 155 9 0 0 0 0 69 344 379 181 51 0 0 0 7 355 425 200 37 0 0 
1 213 555 247 8 0 0 0 0 2 196 419 279 128 0 0 0 0 143 440 328 113 0 0 
0 230 595 196 3 0 0 0 0 29 333 337 266 59 0 0 0 4 287 374 299 60 0 0 
0 323 616 70 15 0 0 0 0 88 587 242 79 24 4 0 0 9 532 357 92 28 6 0 
6 387 488 129 14 0 0 0 0 233 330 291 154 15 1 0 0 65 419 337 166 36 1 0 
7 464 430 113 10 0 0 0 13 341 245 249 160 16 0 0 0 181 324 296 197 26 0 0 
4 810 149 54 7 0 0 0 76 767 82 42 46 11 0 0 0 374 516 66 49 19 0 0 
0 838 183 3 0 0 0 0 26 850 146 2 0 0 0 0 0 420 577 27 0 0 0 0 
3 758 239 23 1 0 0 0 99 641 233 43 8 0 0 0 0 385 547 67 23 2 0 0 
14 785 206 19 0 0 0 0 214 467 169 130 44 0 0 0 0 559 241 160 62 2 0 0 
13 809 161 41 0 0 0 0 111 630 119 97 66 1 0 0 0 595 235 107 83 4 0 0 
23 771 225 5 0 0 0 0 15 577 292 113 27 0 0 0 0 328 493 163 37 3 0 0 
29 846 133 15 1 0 0 0 183 602 173 59 7 0 0 0 0 517 381 100 25 1 0 0 
81 703 202 30 8 0 0 0 120 599 206 70 22 7 0 0 0 413 414 133 51 12 1 0 
81 646 212 65 20 0 0 0 160 424 242 125 46 24 3 0 0 300 393 186 98 36 11 0 
100 655 203 57 9 0 0 0 273 386 176 134 47 8 0 0 0 372 332 172 107 36 5 0 
58 421 313 144 64 24 0 0 7 261 300 198 139 78 41 0 0 87 298 264 195 92 73 15 
50 605 296 64 9 0 0 0 93 358 325 179 59 10 0 0 0 237 356 278 118 34 1 0 
53 504 312 135 20 0 0 0 58 346 266 224 118 12 0 0 0 154 356 258 178 76 2 0 
38 599 307 70 10 0 0 0 56 440 345 148 31 4 0 0 0 178 492 246 91 14 3 0 
29 584 350 57 4 0 0 0 12 441 414 130 26 1 0 0 0 69 554 308 83 10 0 0 
7 526 390 96 5 0 0 0 5 328 384 200 92 15 0 0 0 64 466 302 158 33 1 0 
0 248 599 150 27 0 0 0 0 305 262 242 172 43 0 0 0 40 472 280 191 39 2 0 
0 315 593 106 10 0 0 0 0 444 269 197 95 19 0 0 0 101 539 246 114 23 1 0 
0 245 614 160 5 0 0 0 0 190 279 385 163 7 0 0 0 8 427 397 185 7 0 0 
0 205 696 122 1 0 0 0 0 18 363 405 236 2 0 0 0 1 287 418 311 7 0 0 
3 294 587 128 12 0 0 0 0 78 488 324 117 17 0 0 0 11 455 397 139 22 0 0 
0 423 523 78 0 0 0 0 0 430 339 184 60 11 0 0 0 95 581 251 87 10 0 0 
0 405 475 126 18 0 0 0 1 356 372 178 101 16 0 0 0 72 563 241 108 40 0 0 
0 350 592 73 9 0 0 0 0 189 527 200 93 15 0 0 0 33 613 261 101 16 0 0 
0 370 516 126 11 1 0 0 0 301 360 206 117 40 0 0 0 44 546 261 125 47 1 0 
0 489 445 80 10 0 0 0 0 543 299 108 49 25 0 0 0 96 713 117 64 34 0 0 
1 374 572 74 3 0 0 0 0 230 508 195 69 22 0 0 0 10 640 266 88 20 0 0 
2 188 482 205 120 27 0 0 0 8 259 308 233 167 49 0 0 4 194 326 264 163 72 1 
1 333 645 44 1 0 0 0 0 46 585 334 44 15 0 0 0 3 516 413 82 10 0 0 
1 249 591 157 26 0 0 0 0 39 347 405 183 46 4 0 0 5 275 449 235 56 4 0 
1 253 495 230 45 0 0 0 0 32 289 330 280 78 15 0 0 3 219 337 322 118 25 0 
5 321 303 260 129 6 0 0 7 255 102 195 241 206 18 0 0 109 207 145 260 258 43 2 
4 478 287 190 65 0 0 0 0 393 176 153 146 147 9 0 0 139 379 165 151 170 20 0 
8 763 172 58 23 0 0 0 36 695 114 84 64 27 4 0 0 488 317 104 72 27 16 0 
0 816 202 5 1 0 0 0 22 775 184 42 1 0 0 0 0 485 437 97 5 0 0 0 
16 742 248 18 0 0 0 0 43 544 307 85 45 0 0 0 0 370 471 115 64 4 0 0 
23 603 357 41 0 0 0 0 26 402 252 192 131 21 0 0 0 278 321 220 168 37 0 0 
21 585 381 36 1 0 0 0 13 335 307 257 108 4 0 0 0 208 350 288 167 11 0 0 
11 829 152 30 2 0 0 0 103 626 207 69 19 0 0 0 0 467 385 115 47 10 0 0 
79 672 205 59 9 0 0 0 78 437 317 120 57 15 0 0 0 255 465 199 77 25 3 0 
76 551 314 79 4 0 0 0 27 384 282 194 112 24 1 0 0 131 399 258 176 57 3 0 
81 719 196 24 4 0 0 0 156 542 231 77 18 0 0 0 0 408 383 183 45 5 0 0 
76 701 190 57 0 0 0 0 357 334 168 112 50 3 0 0 0 507 290 151 68 8 0 0 
68 561 294 83 15 3 0 0 150 345 234 181 104 8 2 0 0 290 307 212 166 46 3 0 
52 362 341 223 46 0 0 0 34 192 287 253 217 41 0 0 0 108 261 289 230 130 6 0 
37 567 285 107 27 1 0 0 183 361 210 163 88 17 2 0 0 333 301 186 155 41 8 0 
19 451 317 159 75 3 0 0 21 352 303 194 92 58 4 0 0 79 401 278 168 94 4 0 
6 363 393 210 52 0 0 0 4 231 334 239 180 34 2 0 0 64 367 295 233 63 2 0 
