0 0 2 1 3 10 17 991 0 2 3 8 57 954 0 0 651 373 0 0 0 0 0 0 
0 0 0 0 0 0 8 1016 0 0 0 0 237 787 0 0 631 393 0 0 0 0 0 0 
0 0 0 0 0 0 11 1013 0 0 0 3 225 796 0 0 551 473 0 0 0 0 0 0 
0 0 0 0 0 0 1 1023 0 0 0 0 186 838 0 0 469 555 0 0 0 0 0 0 
0 0 0 0 0 0 3 1021 0 0 0 0 32 992 0 0 358 666 0 0 0 0 0 0 
0 0 0 0 0 0 2 1022 0 0 0 0 22 1002 0 0 162 862 0 0 0 0 0 0 
0 0 0 0 0 0 2 1022 0 0 0 0 10 1014 0 0 35 989 0 0 0 0 0 0 
5 12 17 7 7 8 13 955 3 6 25 12 10 967 1 0 68 934 22 0 0 0 0 0 
110 190 217 55 17 23 39 373 72 102 252 147 63 387 1 0 237 576 177 34 0 0 0 0 
271 318 321 86 23 5 0 0 187 194 334 231 69 9 0 0 323 392 246 55 8 0 0 0 
124 266 350 128 74 25 22 35 83 173 304 268 94 88 11 3 313 417 174 74 33 11 2 0 
0 20 73 25 12 26 38 830 1 20 69 62 30 842 0 0 595 424 5 0 0 0 0 0 
7 5 3 20 42 53 270 624 11 6 36 59 376 536 0 0 812 211 1 0 0 0 0 0 
0 0 0 0 0 0 0 1024 0 0 0 0 0 1024 0 0 12 1012 0 0 0 0 0 0 
0 0 0 0 0 0 5 1019 0 0 0 0 5 1019 0 0 5 1019 0 0 0 0 0 0 
0 0 0 0 0 0 0 1024 0 0 0 0 0 1024 0 0 5 1019 0 0 0 0 0 0 
0 0 0 0 0 0 0 1024 0 0 0 0 0 1024 0 0 0 1024 0 0 0 0 0 0 
0 0 0 0 0 0 0 1024 0 0 0 0 0 1024 0 0 0 1024 0 0 0 0 0 0 
0 0 0 0 0 0 0 1024 0 0 0 0 0 1024 0 0 0 1023 1 0 0 0 0 0 
249 183 81 26 20 17 35 413 174 196 88 81 43 437 5 0 332 526 96 29 33 8 0 0 
227 278 335 97 22 11 13 41 131 161 204 295 168 64 1 0 197 234 234 156 131 70 2 0 
159 297 376 179 13 0 0 0 71 127 279 357 174 16 0 0 148 248 344 226 49 9 0 0 
137 286 367 174 17 18 16 9 61 124 284 340 163 20 16 16 151 300 365 150 24 15 17 2 
117 320 322 186 74 2 1 2 38 189 361 232 154 45 3 2 262 360 250 132 15 2 2 1 
21 118 167 107 31 15 21 544 7 80 175 153 46 517 46 0 180 753 85 2 3 1 0 0 
0 0 0 0 4 8 36 976 0 0 0 11 27 984 2 0 53 971 0 0 0 0 0 0 
0 0 0 0 0 0 0 1024 0 0 0 0 0 977 47 0 0 1012 12 0 0 0 0 0 
0 0 0 0 0 0 0 1024 0 0 0 0 0 1023 1 0 0 1022 2 0 0 0 0 0 
0 0 0 0 0 0 0 1024 0 0 0 0 0 1024 0 0 0 1022 2 0 0 0 0 0 
0 0 0 0 0 0 0 1024 0 0 0 0 0 1020 4 0 0 1007 17 0 0 0 0 0 
34 44 10 8 10 12 20 886 21 59 13 9 11 861 50 0 73 803 144 4 0 0 0 0 
177 231 141 60 23 24 34 334 63 182 187 135 70 366 21 0 149 451 258 100 38 24 4 0 
156 296 396 140 21 13 2 0 53 128 247 385 179 18 13 1 77 167 355 280 97 37 11 0 
87 255 420 240 21 1 0 0 17 74 226 413 258 35 1 0 52 170 378 335 85 4 0 0 
256 273 298 171 22 4 0 0 181 112 258 293 156 20 4 0 246 243 322 176 33 3 1 0 
547 129 134 67 31 23 32 61 523 77 120 129 56 36 77 6 592 167 180 61 13 5 6 0 
113 214 384 194 94 23 2 0 58 120 280 323 170 60 13 0 192 345 306 140 38 3 0 0 
207 269 111 23 18 11 18 367 196 283 114 29 17 119 266 0 524 428 70 2 0 0 0 0 
0 0 0 16 11 7 22 968 0 0 21 11 11 928 53 0 33 953 38 0 0 0 0 0 
0 0 0 0 0 0 0 1024 0 0 0 0 0 316 708 0 0 260 760 4 0 0 0 0 
0 0 0 0 0 0 0 1024 0 0 0 0 0 706 318 0 0 174 847 3 0 0 0 0 
0 0 0 0 0 1 3 1020 0 0 0 0 0 900 124 0 0 225 798 1 0 0 0 0 
41 115 97 26 17 20 53 655 11 51 128 89 29 609 105 2 32 265 665 47 10 2 2 1 
146 346 354 70 17 11 11 69 56 113 305 345 103 63 39 0 90 190 351 271 103 15 4 0 
99 313 367 198 40 6 1 0 25 79 272 352 238 48 8 2 48 153 334 332 131 20 5 1 
283 223 259 189 61 7 2 0 202 100 217 237 185 72 9 2 245 137 269 213 108 49 2 1 
678 131 126 32 14 13 17 13 626 102 108 94 50 15 27 2 675 108 130 94 17 0 0 0 
258 295 261 172 35 1 2 0 150 182 263 236 162 29 2 0 261 277 268 172 43 3 0 0 
313 77 54 66 136 84 41 253 301 76 43 58 95 176 272 3 371 68 304 166 99 16 0 0 
61 83 261 318 276 25 0 0 39 58 142 268 307 208 2 0 97 211 250 235 211 20 0 0 
186 205 328 112 39 21 21 112 167 189 310 168 53 44 93 0 438 406 156 20 4 0 0 0 
0 0 2 30 0 19 13 960 0 0 32 0 26 674 292 0 32 865 127 0 0 0 0 0 
0 0 0 0 0 0 0 1024 0 0 0 0 0 3 1021 0 0 0 763 261 0 0 0 0 
10 20 30 9 7 6 21 921 3 15 30 21 10 52 893 0 13 35 523 449 4 0 0 0 
63 180 176 76 41 25 44 419 8 77 174 185 68 74 436 2 34 134 598 195 42 18 2 1 
152 265 321 144 56 42 37 7 86 84 238 314 162 61 40 39 99 137 278 256 122 59 43 30 
263 238 308 148 40 18 9 0 180 95 220 311 154 39 17 8 215 146 278 240 96 33 11 5 
435 206 209 125 42 7 0 0 325 155 169 194 126 49 6 0 391 158 203 160 86 26 0 0 
474 273 158 64 26 14 14 1 335 239 197 149 59 27 17 1 453 225 191 101 33 18 3 0 
412 357 130 87 33 5 0 0 219 377 216 101 81 26 4 0 424 331 132 95 36 6 0 0 
85 269 349 211 97 12 1 0 16 131 233 348 209 77 9 1 102 223 321 231 129 16 2 0 
136 303 260 160 44 51 32 38 49 205 277 251 109 69 53 11 238 305 282 152 36 8 3 0 
58 387 435 113 30 1 0 0 18 174 468 278 70 16 0 0 240 442 288 47 7 0 0 0 
44 316 446 38 19 9 17 135 28 237 542 49 14 28 126 0 473 405 136 8 1 1 0 0 
0 0 0 9 15 8 32 960 0 0 7 15 18 675 309 0 14 637 347 26 0 0 0 0 
11 14 29 50 49 42 75 754 9 8 27 41 63 86 790 0 22 35 676 269 21 1 0 0 
116 177 313 180 36 22 16 164 58 92 197 300 154 40 183 0 91 165 286 399 68 12 3 0 
278 256 330 131 22 6 1 0 161 171 252 300 111 24 4 1 232 214 306 199 55 16 2 0 
271 244 304 136 57 5 7 0 178 152 218 262 137 63 9 5 214 203 241 210 79 41 32 4 
188 273 242 173 111 37 0 0 61 216 216 200 184 118 29 0 123 245 204 215 129 92 16 0 
187 333 321 146 37 0 0 0 49 216 306 290 130 32 1 0 149 286 274 230 70 15 0 0 
109 318 243 273 80 1 0 0 39 151 267 205 267 94 1 0 107 259 206 180 199 73 0 0 
172 453 269 99 24 2 5 0 55 256 386 197 103 22 5 0 218 417 176 150 55 8 0 0 
163 263 341 207 49 1 0 0 52 161 251 304 197 56 3 0 144 234 315 215 105 11 0 0 
96 325 379 84 34 19 32 55 37 183 355 281 70 22 68 8 188 413 302 105 16 0 0 0 
87 329 472 121 15 0 0 0 57 160 360 344 93 10 0 0 223 398 316 81 6 0 0 0 
70 254 375 123 61 29 29 83 53 179 418 180 76 46 71 1 377 419 194 31 1 0 2 0 
0 0 0 1 9 17 56 941 0 0 3 7 18 54 927 15 13 19 896 38 29 16 13 0 
43 158 368 259 109 30 27 30 7 82 243 375 199 73 45 0 70 253 378 266 56 1 0 0 
204 387 318 101 12 2 0 0 46 258 343 277 92 7 1 0 139 316 369 156 42 1 1 0 
228 461 269 61 5 0 0 0 27 317 360 237 74 9 0 0 133 380 289 152 54 15 1 0 
193 369 356 101 5 0 0 0 36 180 298 357 142 11 0 0 62 202 281 267 169 37 6 0 
109 292 348 183 89 3 0 0 44 104 239 325 212 98 2 0 74 135 250 252 201 100 12 0 
179 237 292 147 124 45 0 0 129 104 222 258 149 138 24 0 167 177 193 204 134 124 25 0 
60 288 364 214 94 4 0 0 12 98 281 305 234 90 4 0 53 240 266 244 172 47 2 0 
140 335 344 147 49 9 0 0 45 195 351 247 138 41 7 0 169 349 269 162 53 22 0 0 
130 215 285 258 111 25 0 0 56 155 199 244 244 103 23 0 149 217 229 231 153 41 4 0 
66 146 270 242 64 45 34 157 44 80 177 321 146 77 177 2 106 228 352 296 41 1 0 0 
103 203 315 262 118 23 0 0 49 134 235 294 225 78 9 0 189 243 302 210 74 6 0 0 
101 165 413 229 91 22 3 0 83 171 417 243 86 24 0 0 400 430 137 51 6 0 0 0 
0 5 7 39 92 458 313 110 0 13 56 111 598 156 52 38 164 281 482 23 9 10 44 11 
212 349 332 87 35 9 0 0 123 189 349 280 78 5 0 0 233 318 311 157 5 0 0 0 
229 367 302 98 28 0 0 0 50 333 298 260 70 13 0 0 224 345 281 139 35 0 0 0 
456 379 135 53 1 0 0 0 209 452 184 120 57 2 0 0 458 308 106 115 37 0 0 0 
117 393 377 129 8 0 0 0 21 182 300 346 165 10 0 0 41 290 244 244 180 25 0 0 
93 236 344 286 64 1 0 0 40 95 212 261 343 73 0 0 60 145 247 265 184 97 26 0 
156 241 346 203 61 17 0 0 85 96 211 246 209 155 22 0 145 140 210 145 151 96 62 75 
81 289 415 158 79 2 0 0 3 111 242 282 229 150 7 0 53 189 215 176 121 147 85 38 
81 270 451 186 35 1 0 0 17 84 265 377 151 128 2 0 70 192 333 200 90 39 33 67 
65 288 418 214 39 0 0 0 19 94 304 351 209 47 0 0 71 285 287 259 110 10 2 0 
43 231 396 209 50 27 41 27 1 64 278 328 179 113 61 0 49 290 291 215 73 51 40 15 
135 208 308 206 129 38 0 0 3 195 218 293 191 114 10 0 96 323 287 187 113 18 0 0 
140 348 372 148 12 2 1 1 13 338 446 213 13 1 0 0 357 623 44 0 0 0 0 0 
53 101 48 45 226 368 114 69 8 135 92 164 473 54 43 55 198 154 572 4 9 8 42 37 
23 166 749 85 1 0 0 0 7 7 66 737 205 2 0 0 7 15 72 649 227 52 2 0 
33 238 698 52 3 0 0 0 0 19 55 771 164 14 1 0 0 13 60 184 656 92 19 0 
106 712 194 12 0 0 0 0 4 55 117 668 172 8 0 0 10 62 78 570 156 135 13 0 
53 772 187 12 0 0 0 0 0 18 102 730 163 11 0 0 0 36 91 663 119 85 30 0 
42 794 178 10 0 0 0 0 0 3 102 723 180 16 0 0 0 1 39 147 654 159 24 0 
42 877 97 8 0 0 0 0 0 0 55 832 117 20 0 0 0 0 8 129 753 95 30 9 
19 236 716 53 0 0 0 0 0 1 16 180 742 83 2 0 0 0 6 31 112 669 154 52 
27 216 742 39 0 0 0 0 0 5 19 157 745 98 0 0 0 1 12 31 121 677 131 51 
133 736 99 54 2 0 0 0 0 38 226 615 93 49 3 0 0 80 181 591 50 55 48 19 
206 796 22 0 0 0 0 0 5 152 753 108 6 0 0 0 54 206 679 78 7 0 0 0 
188 803 32 1 0 0 0 0 8 178 738 97 3 0 0 0 42 756 173 52 1 0 0 0 
256 757 11 0 0 0 0 0 28 837 140 18 1 0 0 0 178 796 45 5 0 0 0 0 
101 112 757 6 12 2 11 23 25 152 791 6 10 5 11 24 109 106 753 7 10 4 10 25 
