0 0 0 0 0 1024 0 0 0 0 0 1024 0 0 0 0 1024 0 0 0 0 0 0 0 
0 0 0 0 0 1024 0 0 0 0 0 1024 0 0 0 0 1024 0 0 0 0 0 0 0 
0 0 0 0 0 1024 0 0 0 0 0 1024 0 0 0 0 1024 0 0 0 0 0 0 0 
0 0 0 0 0 945 79 0 0 0 0 850 174 0 0 0 782 196 46 0 0 0 0 0 
0 0 0 0 0 803 221 0 0 0 0 845 179 0 0 0 857 155 12 0 0 0 0 0 
0 0 0 0 0 593 431 0 0 0 0 644 380 0 0 0 685 171 168 0 0 0 0 0 
0 0 0 0 0 428 596 0 0 0 0 476 548 0 0 0 527 322 175 0 0 0 0 0 
0 0 0 0 0 390 634 0 0 0 0 281 743 0 0 0 258 542 224 0 0 0 0 0 
0 0 0 0 0 427 597 0 0 0 0 458 566 0 0 0 503 262 259 0 0 0 0 0 
0 0 0 0 0 556 468 0 0 0 0 595 429 0 0 0 617 330 77 0 0 0 0 0 
0 0 0 0 0 821 203 0 0 0 0 854 170 0 0 0 894 130 0 0 0 0 0 0 
0 0 0 0 0 791 233 0 0 0 0 893 131 0 0 0 895 48 58 23 0 0 0 0 
0 0 0 0 0 624 400 0 0 0 0 746 201 77 0 0 759 49 64 110 42 0 0 0 
0 0 0 0 0 415 609 0 0 0 0 521 398 105 0 0 529 60 108 273 54 0 0 0 
0 0 3 5 12 79 925 0 0 0 2 61 699 262 0 0 53 46 433 252 238 2 0 0 
0 0 8 8 40 38 930 0 0 0 4 12 950 54 4 0 0 57 369 534 32 23 8 1 
0 0 2 21 57 51 893 0 0 0 1 18 897 79 29 0 0 0 473 443 28 23 51 6 
0 0 0 10 84 68 862 0 0 0 0 4 756 227 34 3 0 24 354 473 48 44 66 15 
0 0 2 9 96 86 831 0 0 0 0 5 677 284 56 2 0 0 247 591 42 45 90 9 
0 0 4 36 90 73 821 0 0 0 0 18 832 113 54 7 0 0 447 397 36 52 72 20 
0 1 5 60 120 58 780 0 0 0 2 19 869 109 25 0 0 104 566 164 49 85 54 2 
0 0 16 67 126 58 757 0 0 0 4 66 828 106 20 0 145 292 342 47 57 102 39 0 
46 58 48 112 198 241 318 3 55 55 30 116 512 204 48 4 110 41 124 373 200 96 70 10 
60 90 36 110 245 130 343 10 89 61 22 79 364 349 57 3 129 25 30 337 251 167 73 12 
38 57 33 114 254 173 347 8 63 32 23 69 362 400 73 2 77 27 23 295 343 133 110 16 
65 41 45 76 197 151 437 12 75 30 44 47 395 345 84 4 86 38 36 395 205 159 82 23 
19 41 34 85 228 175 437 5 27 30 26 55 541 293 48 4 41 21 28 467 198 205 55 9 
27 24 20 97 182 179 477 18 32 23 17 54 422 415 60 1 39 23 22 449 240 166 80 5 
17 21 11 76 166 154 570 9 20 20 12 49 479 396 48 0 30 16 83 532 152 152 57 2 
11 14 25 131 258 190 387 8 14 13 12 71 534 365 15 0 20 11 198 336 240 194 25 0 
17 12 43 141 258 101 435 17 20 10 18 93 532 343 8 0 23 11 66 527 237 150 10 0 
26 21 38 184 318 87 335 15 29 17 24 104 560 284 6 0 33 20 152 355 267 191 6 0 
18 10 47 227 342 88 282 10 21 7 22 121 649 198 6 0 23 44 237 281 305 129 5 0 
133 176 52 124 177 189 171 2 179 134 46 102 389 152 22 0 262 111 129 207 190 104 21 0 
119 263 50 91 144 166 189 2 170 210 53 59 331 170 26 5 259 138 53 261 188 97 23 5 
66 144 39 132 229 173 238 3 82 135 34 82 412 252 26 1 129 92 85 273 222 190 32 1 
50 103 41 82 150 162 428 8 68 100 39 60 497 231 28 1 135 132 132 299 183 111 32 0 
33 81 53 96 250 183 324 4 55 79 34 65 569 195 26 1 150 163 114 174 212 171 40 0 
41 65 41 91 168 157 440 21 48 73 38 77 533 207 48 0 250 238 106 125 103 140 58 4 
17 14 13 60 160 161 540 59 22 8 17 41 639 271 26 0 239 246 100 145 122 138 34 0 
13 8 31 113 319 212 262 66 14 11 20 66 478 401 34 0 159 149 81 88 217 270 58 2 
16 15 32 75 265 132 423 66 19 12 16 54 382 510 31 0 142 88 96 221 185 258 34 0 
22 26 33 102 324 104 356 57 31 15 20 67 534 353 4 0 194 136 132 132 184 233 13 0 
19 13 36 223 386 86 238 23 19 9 22 101 626 239 8 0 94 173 81 170 256 235 15 0 
331 413 117 82 67 11 3 0 430 331 106 76 50 28 3 0 557 235 100 70 33 26 3 0 
195 297 133 90 136 79 44 50 237 247 127 92 121 101 55 44 315 221 100 83 122 94 54 35 
121 321 96 179 208 82 9 8 133 305 88 97 217 147 28 9 205 274 83 69 192 161 32 8 
83 464 144 118 129 62 13 11 108 454 119 75 116 106 34 12 215 386 84 66 90 117 55 11 
121 191 121 181 268 102 24 16 125 173 107 110 197 234 44 34 162 139 107 93 154 243 91 35 
211 242 137 129 195 92 16 2 216 217 120 93 145 169 53 11 259 190 101 84 109 184 73 24 
82 303 62 98 177 129 122 51 104 281 49 54 158 329 45 4 182 247 125 105 114 171 52 28 
0 2 10 104 461 186 166 95 0 0 4 52 290 609 56 13 0 33 110 110 217 434 101 19 
30 66 61 216 367 139 142 3 30 59 58 149 263 413 46 6 36 60 67 246 198 305 99 13 
20 38 67 181 474 133 100 11 23 32 38 115 312 362 96 46 33 29 74 151 240 334 75 88 
32 64 71 410 353 45 42 7 34 41 39 143 516 226 19 6 51 55 53 134 400 261 59 11 
161 145 510 122 73 8 3 2 176 183 480 103 67 11 2 2 214 531 151 97 18 11 0 2 
167 220 459 105 41 13 13 6 199 228 452 82 39 8 10 6 220 397 270 75 36 6 10 10 
287 256 332 77 39 15 7 11 355 232 306 66 30 18 7 10 345 370 172 50 35 20 18 14 
171 319 323 159 27 16 9 0 208 269 299 153 60 19 12 4 282 381 260 48 29 7 12 5 
50 120 298 367 62 44 39 44 46 103 272 317 129 68 42 47 78 171 498 88 56 52 36 45 
44 112 367 368 97 31 4 1 44 100 149 391 256 64 17 3 90 145 607 74 34 53 18 3 
66 187 259 361 102 23 12 14 15 93 136 356 254 102 50 18 52 114 404 215 86 75 57 21 
36 104 212 369 205 64 26 8 11 53 96 333 306 145 68 12 21 58 153 349 178 158 85 22 
8 42 94 447 331 86 12 4 11 34 66 201 419 224 65 4 11 35 93 409 188 199 83 6 
23 72 212 428 266 21 0 2 15 40 101 365 414 79 7 3 29 113 262 285 196 95 41 3 
79 139 169 493 101 37 5 1 38 75 139 491 138 108 30 5 52 101 363 239 127 99 39 4 
0 192 668 159 4 1 0 0 6 181 620 195 22 0 0 0 123 582 288 30 1 0 0 0 
34 226 629 127 6 2 0 0 25 52 393 468 82 2 1 1 315 463 211 30 3 1 1 0 
150 245 422 113 51 29 9 5 86 133 215 346 157 46 29 12 353 348 171 54 50 28 13 7 
116 289 543 41 21 8 5 1 68 87 81 298 449 24 12 5 295 550 104 40 17 9 7 2 
7 156 860 1 0 0 0 0 3 4 4 286 726 1 0 0 53 647 324 0 0 0 0 0 
8 158 852 6 0 0 0 0 0 3 14 134 850 16 6 1 90 587 321 14 5 5 2 0 
215 337 420 44 7 1 0 0 7 21 113 179 454 148 79 23 50 321 188 138 101 106 85 35 
157 357 375 113 20 2 0 0 5 27 74 220 441 120 96 41 184 271 119 112 98 106 102 32 
135 210 433 238 8 0 0 0 1 11 36 151 608 120 45 52 206 224 232 142 76 55 47 42 
113 306 467 137 0 1 0 0 13 67 153 220 415 88 42 26 167 281 319 121 38 38 35 25 
78 412 519 15 0 0 0 0 21 114 227 229 415 9 2 7 354 287 266 85 19 6 4 3 
0 65 951 8 0 0 0 0 0 0 36 975 13 0 0 0 982 32 7 3 0 0 0 0 
7 60 942 3 7 2 3 0 1 6 23 973 9 4 4 4 81 920 8 2 4 4 2 3 
62 908 24 8 3 10 6 3 49 41 887 16 9 7 8 7 77 890 22 11 5 8 7 4 
5 54 965 0 0 0 0 0 4 3 6 921 90 0 0 0 34 987 3 0 0 0 0 0 
0 41 983 0 0 0 0 0 0 0 0 62 962 0 0 0 22 995 7 0 0 0 0 0 
0 38 986 0 0 0 0 0 0 0 0 39 985 0 0 0 53 970 1 0 0 0 0 0 
1 41 981 1 0 0 0 0 0 1 5 39 973 6 0 0 49 947 26 2 0 0 0 0 
20 932 69 2 1 0 0 0 1 13 47 952 9 1 1 0 12 948 57 4 1 1 1 0 
54 921 33 14 1 1 0 0 4 17 36 915 21 13 9 9 21 50 899 22 6 10 11 5 
65 912 35 12 0 0 0 0 1 6 18 34 907 22 23 13 6 21 22 29 890 21 21 14 
48 926 39 10 1 0 0 0 1 0 6 24 31 905 27 30 12 19 11 19 888 24 26 25 
