0 0 0 0 0 1024 0 0 0 0 10 1014 0 0 0 0 0 862 162 0 0 0 0 0 
0 0 0 0 0 1024 0 0 0 0 4 1020 0 0 0 0 0 1024 0 0 0 0 0 0 
0 0 0 0 0 1024 0 0 0 0 0 1024 0 0 0 0 0 1024 0 0 0 0 0 0 
0 0 0 0 0 1024 0 0 0 0 0 1024 0 0 0 0 0 1023 1 0 0 0 0 0 
0 0 0 0 0 1024 0 0 0 0 0 1024 0 0 0 0 0 1020 4 0 0 0 0 0 
0 0 0 0 0 1024 0 0 0 0 0 1024 0 0 0 0 0 568 456 0 0 0 0 0 
0 0 0 0 0 1024 0 0 0 0 0 1024 0 0 0 0 0 222 802 0 0 0 0 0 
0 0 0 0 0 983 41 0 0 0 0 951 60 13 0 0 0 49 869 70 36 0 0 0 
0 0 0 0 0 296 526 202 0 0 0 232 148 240 404 0 0 17 170 94 130 263 350 0 
0 0 0 0 0 151 727 146 0 0 0 59 158 437 370 0 0 0 44 102 179 465 234 0 
0 0 0 0 0 718 306 0 0 0 0 432 444 148 0 0 0 0 363 369 266 26 0 0 
0 0 0 0 0 6 638 380 0 0 0 0 38 296 649 41 0 0 0 0 111 451 462 0 
0 0 0 0 0 0 169 855 0 0 0 0 0 0 924 100 0 0 0 0 0 48 976 0 
0 0 0 0 0 0 801 223 0 0 0 0 0 11 1013 0 0 0 0 0 0 395 629 0 
0 0 0 0 0 0 634 390 0 0 0 0 0 0 1024 0 0 0 0 0 0 45 979 0 
0 0 0 0 0 0 0 1024 0 0 0 0 0 0 644 380 0 0 0 0 0 0 901 123 
0 0 0 0 0 0 0 1024 0 0 0 0 0 0 0 1024 0 0 0 0 0 0 0 1024 
0 0 0 0 0 0 0 1024 0 0 0 0 0 0 0 1024 0 0 0 0 0 0 0 1024 
0 0 0 0 0 0 0 1024 0 0 0 0 0 0 5 1019 0 0 0 0 0 0 70 954 
0 0 0 0 0 0 160 864 0 0 0 0 0 0 1011 13 0 0 0 0 0 61 963 0 
0 0 0 0 0 0 0 1024 0 0 0 0 0 0 1024 0 0 0 0 0 0 0 1024 0 
0 0 0 0 0 0 24 1000 0 0 0 0 0 0 1024 0 0 0 0 0 0 0 1024 0 
0 0 0 0 0 0 891 133 0 0 0 0 0 0 1024 0 0 0 0 0 0 0 1024 0 
0 0 0 0 0 0 1024 0 0 0 0 0 0 0 1024 0 0 0 0 0 0 0 1024 0 
0 0 0 0 0 0 1024 0 0 0 0 0 0 0 1024 0 0 0 0 0 0 0 1024 0 
0 0 0 0 0 0 549 475 0 0 0 0 0 0 1024 0 0 0 0 0 0 0 1024 0 
0 0 0 0 0 0 110 914 0 0 0 0 0 0 1024 0 0 0 0 0 0 0 1024 0 
0 0 0 0 0 0 228 796 0 0 0 0 0 0 1024 0 0 0 0 0 0 0 1024 0 
0 0 0 0 0 0 190 834 0 0 0 0 0 0 1024 0 0 0 0 0 0 0 1024 0 
0 0 0 0 0 0 0 1024 0 0 0 0 0 0 1019 5 0 0 0 0 0 0 1024 0 
0 0 0 0 0 0 0 1024 0 0 0 0 0 0 891 133 0 0 0 0 0 0 1024 0 
0 0 0 0 0 0 0 1024 0 0 0 0 0 0 884 140 0 0 0 0 0 0 1024 0 
0 0 0 0 0 0 0 1024 0 0 0 0 0 0 359 665 0 0 0 0 0 0 1024 0 
0 0 0 0 0 0 2 1022 0 0 0 0 0 13 683 328 0 0 0 0 0 111 913 0 
0 0 0 0 0 0 656 368 0 0 0 0 171 609 244 0 0 0 0 43 480 490 11 0 
0 0 0 0 0 0 1024 0 0 0 0 0 846 178 0 0 0 0 0 711 288 25 0 0 
0 0 0 0 0 0 1000 24 0 0 0 0 709 315 0 0 0 0 0 604 346 74 0 0 
0 0 0 0 0 0 1024 0 0 0 0 0 1024 0 0 0 0 0 0 1024 0 0 0 0 
0 0 0 0 0 0 1008 16 0 0 0 0 930 94 0 0 0 0 0 926 64 34 0 0 
0 0 0 0 0 0 964 60 0 0 0 0 853 170 1 0 0 0 217 587 183 37 0 0 
0 0 0 0 0 1024 0 0 0 0 0 1024 0 0 0 0 0 1012 12 0 0 0 0 0 
0 0 0 0 0 1024 0 0 0 0 0 1024 0 0 0 0 0 1024 0 0 0 0 0 0 
0 0 0 0 0 1024 0 0 0 0 0 1024 0 0 0 0 0 1024 0 0 0 0 0 0 
0 0 0 0 0 1024 0 0 0 0 0 1024 0 0 0 0 0 1024 0 0 0 0 0 0 
0 0 0 0 0 1024 0 0 0 0 0 1024 0 0 0 0 0 970 54 0 0 0 0 0 
0 0 0 0 0 1024 0 0 0 0 0 1024 0 0 0 0 0 420 604 0 0 0 0 0 
0 0 0 0 0 1009 15 0 0 0 0 1015 9 0 0 0 0 70 942 12 0 0 0 0 
0 0 0 0 0 456 495 73 0 0 0 337 230 313 144 0 0 0 272 180 163 327 82 0 
0 0 0 0 0 0 408 616 0 0 0 0 0 71 953 0 0 0 0 0 0 142 882 0 
0 0 0 0 0 0 973 51 0 0 0 0 0 335 689 0 0 0 0 0 0 823 201 0 
0 0 0 0 0 161 863 0 0 0 0 1 262 688 73 0 0 0 0 129 324 571 0 0 
0 0 0 0 0 83 680 261 0 0 0 0 161 484 330 49 0 0 0 0 414 346 264 0 
0 0 0 0 0 0 190 834 0 0 0 0 0 0 963 61 0 0 0 0 0 106 918 0 
0 0 0 0 0 0 380 644 0 0 0 0 0 0 1024 0 0 0 0 0 0 0 1024 0 
0 0 0 0 0 0 149 875 0 0 0 0 0 0 1024 0 0 0 0 0 0 0 1024 0 
0 0 0 0 0 0 0 1024 0 0 0 0 0 0 472 552 0 0 0 0 0 0 850 174 
0 0 0 0 0 0 0 1024 0 0 0 0 0 0 0 1024 0 0 0 0 0 0 0 1024 
0 0 0 0 0 0 0 1024 0 0 0 0 0 0 0 1024 0 0 0 0 0 0 0 1024 
0 0 0 0 0 0 0 1024 0 0 0 0 0 0 0 1024 0 0 0 0 0 0 18 1006 
0 0 0 0 0 0 11 1013 0 0 0 0 0 0 676 348 0 0 0 0 0 0 1001 23 
0 0 0 0 0 0 120 904 0 0 0 0 0 0 1024 0 0 0 0 0 0 11 1013 0 
0 0 0 0 0 0 77 947 0 0 0 0 0 0 1024 0 0 0 0 0 0 0 1024 0 
0 0 0 0 0 0 882 142 0 0 0 0 0 0 1024 0 0 0 0 0 0 0 1024 0 
0 0 0 0 0 0 1024 0 0 0 0 0 0 0 1024 0 0 0 0 0 0 0 1024 0 
0 0 0 0 0 0 926 98 0 0 0 0 0 0 1024 0 0 0 0 0 0 0 1024 0 
0 0 0 0 0 0 374 650 0 0 0 0 0 0 1024 0 0 0 0 0 0 0 1024 0 
0 0 0 0 0 0 70 954 0 0 0 0 0 0 1024 0 0 0 0 0 0 0 1024 0 
0 0 0 0 0 0 0 1024 0 0 0 0 0 0 1018 6 0 0 0 0 0 0 1024 0 
0 0 0 0 0 0 0 1024 0 0 0 0 0 0 685 339 0 0 0 0 0 0 1024 0 
0 0 0 0 0 0 0 1024 0 0 0 0 0 0 253 771 0 0 0 0 0 0 988 36 
0 0 0 0 0 0 0 1024 0 0 0 0 0 0 118 906 0 0 0 0 0 0 612 412 
0 0 0 0 0 0 0 1024 0 0 0 0 0 0 598 426 0 0 0 0 0 0 939 85 
0 0 0 0 0 0 0 1024 0 0 0 0 0 0 398 626 0 0 0 0 0 0 512 512 
0 0 0 0 0 0 1 1023 0 0 0 0 0 1 374 649 0 0 0 0 0 12 479 533 
0 0 0 0 0 0 37 987 0 0 0 0 12 68 165 779 0 0 0 1 33 67 214 709 
0 0 0 0 0 0 200 824 0 0 0 0 84 198 193 549 0 0 0 47 139 110 366 362 
0 0 0 0 0 0 787 237 0 0 0 0 563 346 113 2 0 0 0 433 346 153 92 0 
0 0 0 0 0 0 1024 0 0 0 0 0 1024 0 0 0 0 0 0 1024 0 0 0 0 
0 0 0 0 0 0 870 154 0 0 0 0 651 313 60 0 0 0 0 623 252 149 0 0 
0 0 0 0 0 0 500 524 0 0 0 0 211 537 276 0 0 0 0 129 393 469 33 0 
0 0 0 0 0 1024 0 0 0 0 0 1024 0 0 0 0 0 902 122 0 0 0 0 0 
0 0 0 0 0 1024 0 0 0 0 0 1024 0 0 0 0 0 1024 0 0 0 0 0 0 
0 0 0 0 0 1024 0 0 0 0 0 1024 0 0 0 0 0 985 39 0 0 0 0 0 
0 0 0 0 0 1024 0 0 0 0 0 1024 0 0 0 0 0 972 52 0 0 0 0 0 
0 0 0 0 0 1024 0 0 0 0 0 1024 0 0 0 0 0 720 304 0 0 0 0 0 
0 0 0 0 0 1024 0 0 0 0 0 1024 0 0 0 0 0 342 682 0 0 0 0 0 
0 0 0 0 0 964 60 0 0 0 0 904 115 5 0 0 0 40 852 104 28 0 0 0 
0 0 0 0 0 247 630 147 0 0 0 161 181 296 386 0 0 0 127 116 247 295 239 0 
0 0 0 0 0 0 594 430 0 0 0 0 0 0 1024 0 0 0 0 0 0 232 792 0 
0 0 0 0 0 0 886 138 0 0 0 0 0 0 1024 0 0 0 0 0 0 214 810 0 
0 0 0 0 0 0 992 32 0 0 0 0 0 175 849 0 0 0 0 0 1 628 395 0 
0 0 0 0 0 0 1024 0 0 0 0 0 0 648 376 0 0 0 0 0 13 1011 0 0 
0 0 0 0 0 0 1024 0 0 0 0 0 0 82 942 0 0 0 0 0 0 1019 5 0 
0 0 0 0 0 0 989 35 0 0 0 0 0 0 1024 0 0 0 0 0 0 426 598 0 
0 0 0 0 0 0 315 709 0 0 0 0 0 0 1024 0 0 0 0 0 0 0 1024 0 
0 0 0 0 0 0 0 1024 0 0 0 0 0 0 640 384 0 0 0 0 0 0 974 50 
0 0 0 0 0 0 0 1024 0 0 0 0 0 0 0 1024 0 0 0 0 0 0 64 960 
0 0 0 0 0 0 0 1024 0 0 0 0 0 0 0 1024 0 0 0 0 0 0 0 1024 
0 0 0 0 0 0 0 1024 0 0 0 0 0 0 31 993 0 0 0 0 0 0 294 730 
0 0 0 0 0 0 0 1024 0 0 0 0 0 0 943 81 0 0 0 0 0 0 1024 0 
0 0 0 0 0 0 0 1024 0 0 0 0 0 0 1024 0 0 0 0 0 0 0 1024 0 
0 0 0 0 0 0 24 1000 0 0 0 0 0 0 1024 0 0 0 0 0 0 0 1024 0 
0 0 0 0 0 0 437 587 0 0 0 0 0 0 1024 0 0 0 0 0 0 0 1024 0 
0 0 0 0 0 0 920 104 0 0 0 0 0 0 1024 0 0 0 0 0 0 0 1024 0 
0 0 0 0 0 0 64 960 0 0 0 0 0 0 1024 0 0 0 0 0 0 0 1024 0 
0 0 0 0 0 0 64 960 0 0 0 0 0 0 1024 0 0 0 0 0 0 0 1024 0 
0 0 0 0 0 0 0 1024 0 0 0 0 0 0 716 308 0 0 0 0 0 0 1024 0 
0 0 0 0 0 0 0 1024 0 0 0 0 0 0 130 894 0 0 0 0 0 0 801 223 
0 0 0 0 0 0 0 1024 0 0 0 0 0 0 0 1024 0 0 0 0 0 0 725 299 
0 0 0 0 0 0 0 1024 0 0 0 0 0 0 0 1024 0 0 0 0 0 0 121 903 
0 0 0 0 0 0 0 1024 0 0 0 0 0 0 56 968 0 0 0 0 0 0 262 762 
0 0 0 0 0 0 0 1024 0 0 0 0 0 0 292 732 0 0 0 0 0 0 901 123 
0 0 0 0 0 0 0 1024 0 0 0 0 0 0 248 776 0 0 0 0 0 9 495 520 
0 0 0 0 0 0 0 1024 0 0 0 0 0 0 0 1024 0 0 0 0 0 0 7 1017 
0 0 0 0 0 0 0 1024 0 0 0 0 0 0 0 1024 0 0 0 0 0 0 0 1024 
0 0 0 0 0 0 0 1024 0 0 0 0 0 0 0 1024 0 0 0 0 0 0 16 1008 
0 0 0 0 0 0 70 954 0 0 0 0 51 81 143 749 0 0 0 32 41 81 207 663 
0 0 0 0 0 0 576 448 0 0 0 0 560 125 122 217 0 0 0 498 100 100 132 194 
0 0 0 0 0 0 871 153 0 0 0 0 730 280 14 0 0 0 0 717 240 66 1 0 
0 0 0 0 0 0 716 308 0 0 0 0 699 112 195 18 0 0 0 659 111 78 176 0 
0 0 0 0 0 1024 0 0 0 0 0 1024 0 0 0 0 0 1015 9 0 0 0 0 0 
0 0 0 0 0 1024 0 0 0 0 0 1024 0 0 0 0 0 1023 1 0 0 0 0 0 
0 0 0 0 0 1024 0 0 0 0 0 1024 0 0 0 0 0 921 103 0 0 0 0 0 
0 0 0 0 0 1024 0 0 0 0 0 1024 0 0 0 0 0 856 168 0 0 0 0 0 
0 0 0 0 0 1024 0 0 0 0 0 1024 0 0 0 0 0 618 406 0 0 0 0 0 
0 0 0 0 0 1024 0 0 0 0 0 1024 0 0 0 0 0 237 787 0 0 0 0 0 
0 0 0 0 0 909 115 0 0 0 0 790 213 21 0 0 0 52 741 158 73 0 0 0 
0 0 0 0 0 105 919 0 0 0 0 4 250 721 49 0 0 0 14 115 445 450 0 0 
0 0 0 0 0 0 984 40 0 0 0 0 0 119 905 0 0 0 0 0 0 833 191 0 
0 0 0 0 0 0 1002 22 0 0 0 0 0 0 1024 0 0 0 0 0 0 935 89 0 
0 0 0 0 0 0 1024 0 0 0 0 0 0 0 1024 0 0 0 0 0 0 1024 0 0 
0 0 0 0 0 0 1024 0 0 0 0 0 0 0 1024 0 0 0 0 0 0 1024 0 0 
0 0 0 0 0 0 1024 0 0 0 0 0 0 0 1024 0 0 0 0 0 0 914 110 0 
0 0 0 0 0 0 1024 0 0 0 0 0 0 0 1024 0 0 0 0 0 0 203 821 0 
0 0 0 0 0 0 258 766 0 0 0 0 0 0 1023 1 0 0 0 0 0 0 1024 0 
0 0 0 0 0 0 0 1024 0 0 0 0 0 0 735 289 0 0 0 0 0 0 1024 0 
0 0 0 0 0 0 0 1024 0 0 0 0 0 0 30 994 0 0 0 0 0 0 837 187 
0 0 0 0 0 0 0 1024 0 0 0 0 0 0 0 1024 0 0 0 0 0 0 319 705 
0 0 0 0 0 0 0 1024 0 0 0 0 0 0 301 723 0 0 0 0 0 0 799 225 
0 0 0 0 0 0 0 1024 0 0 0 0 0 0 1024 0 0 0 0 0 0 0 1024 0 
0 0 0 0 0 0 6 1018 0 0 0 0 0 0 1024 0 0 0 0 0 0 0 1024 0 
0 0 0 0 0 0 710 314 0 0 0 0 0 0 1024 0 0 0 0 0 0 0 1024 0 
0 0 0 0 0 0 494 530 0 0 0 0 0 0 1024 0 0 0 0 0 0 0 1024 0 
0 0 0 0 0 0 110 914 0 0 0 0 0 0 1024 0 0 0 0 0 0 0 1024 0 
0 0 0 0 0 0 0 1024 0 0 0 0 0 0 1018 6 0 0 0 0 0 0 1024 0 
0 0 0 0 0 0 0 1024 0 0 0 0 0 0 488 536 0 0 0 0 0 0 1002 22 
0 0 0 0 0 0 0 1024 0 0 0 0 0 0 0 1024 0 0 0 0 0 0 390 634 
0 0 0 0 0 0 0 1024 0 0 0 0 0 0 0 1024 0 0 0 0 0 0 5 1019 
0 0 0 0 0 0 0 1024 0 0 0 0 0 0 0 1024 0 0 0 0 0 0 0 1024 
0 0 0 0 0 0 0 1024 0 0 0 0 0 0 0 1024 0 0 0 0 0 0 0 1024 
0 0 0 0 0 0 0 1024 0 0 0 0 0 0 3 1021 0 0 0 0 0 0 65 959 
0 0 0 0 0 0 60 964 0 0 0 0 0 97 674 253 0 0 0 0 6 216 640 162 
0 0 0 0 0 0 142 882 0 0 0 0 0 173 816 35 0 0 0 0 26 635 363 0 
0 0 0 0 0 0 6 1018 0 0 0 0 0 0 547 477 0 0 0 0 0 50 875 99 
0 0 0 0 0 0 0 1024 0 0 0 0 0 0 28 996 0 0 0 0 0 0 249 775 
0 0 0 0 0 0 24 1000 0 0 0 0 0 53 417 554 0 0 0 0 20 78 639 287 
0 0 0 0 0 0 61 963 0 0 0 0 0 163 479 382 0 0 0 0 46 310 528 140 
0 0 0 0 0 0 23 1001 0 0 0 0 1 74 547 402 0 0 0 0 19 258 558 189 
0 0 0 0 0 0 161 863 0 0 0 0 75 275 659 15 0 0 0 60 104 529 331 0 
0 0 0 0 0 0 233 791 0 0 0 0 2 465 532 25 0 0 0 0 324 342 358 0 
0 0 0 0 0 1024 0 0 0 0 0 1024 0 0 0 0 0 946 78 0 0 0 0 0 
0 0 0 0 0 1024 0 0 0 0 0 1024 0 0 0 0 0 1020 4 0 0 0 0 0 
0 0 0 0 0 1024 0 0 0 0 0 1024 0 0 0 0 0 1001 23 0 0 0 0 0 
0 0 0 0 0 1024 0 0 0 0 0 1024 0 0 0 0 0 829 195 0 0 0 0 0 
0 0 0 0 0 1024 0 0 0 0 0 1024 0 0 0 0 0 678 346 0 0 0 0 0 
0 0 0 0 0 1024 0 0 0 0 0 1024 0 0 0 0 0 379 645 0 0 0 0 0 
0 0 0 0 0 972 52 0 0 0 0 965 59 0 0 0 0 142 835 47 0 0 0 0 
0 0 0 0 0 263 761 0 0 0 0 145 437 442 0 0 0 0 138 201 654 31 0 0 
0 0 0 0 0 0 1024 0 0 0 0 0 0 837 187 0 0 0 0 0 133 891 0 0 
0 0 0 0 0 0 1024 0 0 0 0 0 0 136 888 0 0 0 0 0 0 1024 0 0 
0 0 0 0 0 0 1024 0 0 0 0 0 0 198 826 0 0 0 0 0 0 1024 0 0 
0 0 0 0 0 0 1024 0 0 0 0 0 0 0 1024 0 0 0 0 0 0 1010 14 0 
0 0 0 0 0 0 1024 0 0 0 0 0 0 0 1024 0 0 0 0 0 0 320 704 0 
0 0 0 0 0 0 885 139 0 0 0 0 0 0 1024 0 0 0 0 0 0 4 1020 0 
0 0 0 0 0 0 243 781 0 0 0 0 0 0 1024 0 0 0 0 0 0 0 1024 0 
0 0 0 0 0 0 0 1024 0 0 0 0 0 0 655 369 0 0 0 0 0 0 1007 17 
0 0 0 0 0 0 0 1024 0 0 0 0 0 0 146 878 0 0 0 0 0 0 949 75 
0 0 0 0 0 0 0 1024 0 0 0 0 0 0 751 273 0 0 0 0 0 0 1024 0 
0 0 0 0 0 0 64 960 0 0 0 0 0 0 955 69 0 0 0 0 0 0 1024 0 
0 0 0 0 0 0 418 606 0 0 0 0 0 0 1024 0 0 0 0 0 0 0 1024 0 
0 0 0 0 0 0 905 119 0 0 0 0 0 0 1024 0 0 0 0 0 0 7 1017 0 
0 0 0 0 0 0 1024 0 0 0 0 0 0 0 1024 0 0 0 0 0 0 6 1018 0 
0 0 0 0 0 0 816 208 0 0 0 0 0 0 1024 0 0 0 0 0 0 0 1024 0 
0 0 0 0 0 0 24 1000 0 0 0 0 0 0 1024 0 0 0 0 0 0 0 1024 0 
0 0 0 0 0 0 0 1024 0 0 0 0 0 0 546 478 0 0 0 0 0 0 1024 0 
0 0 0 0 0 0 0 1024 0 0 0 0 0 0 0 1024 0 0 0 0 0 0 303 721 
0 0 0 0 0 0 0 1024 0 0 0 0 0 0 0 1024 0 0 0 0 0 0 0 1024 
0 0 0 0 0 0 0 1024 0 0 0 0 0 0 0 1024 0 0 0 0 0 0 0 1024 
0 0 0 0 0 0 0 1024 0 0 0 0 0 0 0 1024 0 0 0 0 0 0 0 1024 
0 0 0 0 0 0 0 1024 0 0 0 0 0 0 0 1024 0 0 0 0 0 0 0 1024 
0 0 0 0 0 0 0 1024 0 0 0 0 0 0 0 1024 0 0 0 0 0 0 0 1024 
0 0 0 0 0 0 47 977 0 0 0 0 0 72 242 710 0 0 0 0 33 75 404 512 
0 0 0 0 0 0 113 911 0 0 0 0 0 170 629 225 0 0 0 0 27 416 571 10 
0 0 0 0 0 0 0 1024 0 0 0 0 0 0 230 794 0 0 0 0 0 67 385 572 
0 0 0 0 0 0 0 1024 0 0 0 0 0 0 188 836 0 0 0 0 0 29 216 779 
0 0 0 0 0 0 405 619 0 0 0 0 48 475 213 288 0 0 0 37 370 172 193 252 
0 0 0 0 0 0 553 471 0 0 0 0 176 557 64 227 0 0 0 121 533 107 55 208 
0 0 0 0 0 0 571 453 0 0 0 0 288 541 148 47 0 0 0 267 416 277 38 26 
0 0 0 0 0 1 338 685 0 0 0 0 121 359 45 499 0 0 0 68 367 74 45 470 
0 0 0 0 0 0 205 819 0 0 0 0 48 238 81 657 0 0 0 37 205 89 59 634 
0 0 0 0 0 1024 0 0 0 0 0 1024 0 0 0 0 0 720 304 0 0 0 0 0 
0 0 0 0 0 1024 0 0 0 0 0 1024 0 0 0 0 0 946 78 0 0 0 0 0 
0 0 0 0 0 1024 0 0 0 0 0 1024 0 0 0 0 0 934 90 0 0 0 0 0 
0 0 0 0 0 1024 0 0 0 0 0 1024 0 0 0 0 0 567 457 0 0 0 0 0 
0 0 0 0 0 1006 18 0 0 0 0 1023 1 0 0 0 0 181 843 0 0 0 0 0 
0 0 0 0 0 996 28 0 0 0 0 1024 0 0 0 0 0 77 947 0 0 0 0 0 
0 0 0 0 0 914 110 0 0 0 0 867 157 0 0 0 0 2 903 119 0 0 0 0 
0 0 0 0 0 469 555 0 0 0 0 21 926 77 0 0 0 0 15 881 128 0 0 0 
0 0 0 0 0 144 880 0 0 0 0 0 464 560 0 0 0 0 0 254 559 211 0 0 
0 0 0 0 0 23 1001 0 0 0 0 0 263 761 0 0 0 0 0 42 565 417 0 0 
0 0 0 0 0 0 1024 0 0 0 0 0 0 995 29 0 0 0 0 0 0 1024 0 0 
0 0 0 0 0 0 1024 0 0 0 0 0 0 148 876 0 0 0 0 0 0 976 48 0 
0 0 0 0 0 0 1024 0 0 0 0 0 0 0 1024 0 0 0 0 0 0 250 774 0 
0 0 0 0 0 0 269 755 0 0 0 0 0 0 1024 0 0 0 0 0 0 0 1024 0 
0 0 0 0 0 0 0 1024 0 0 0 0 0 0 1024 0 0 0 0 0 0 0 1024 0 
0 0 0 0 0 0 0 1024 0 0 0 0 0 0 1024 0 0 0 0 0 0 0 1024 0 
0 0 0 0 0 0 0 1024 0 0 0 0 0 0 798 226 0 0 0 0 0 0 1024 0 
0 0 0 0 0 0 250 774 0 0 0 0 0 0 1018 6 0 0 0 0 0 0 1024 0 
0 0 0 0 0 0 941 83 0 0 0 0 0 0 1024 0 0 0 0 0 0 24 1000 0 
0 0 0 0 0 0 1024 0 0 0 0 0 0 0 1024 0 0 0 0 0 0 297 727 0 
0 0 0 0 0 0 1024 0 0 0 0 0 0 0 1024 0 0 0 0 0 0 885 139 0 
0 0 0 0 0 0 1024 0 0 0 0 0 0 0 1024 0 0 0 0 0 0 540 484 0 
0 0 0 0 0 0 952 72 0 0 0 0 0 0 1024 0 0 0 0 0 0 0 1024 0 
0 0 0 0 0 0 56 968 0 0 0 0 0 0 989 35 0 0 0 0 0 0 1024 0 
0 0 0 0 0 0 0 1024 0 0 0 0 0 0 196 828 0 0 0 0 0 0 605 419 
0 0 0 0 0 0 0 1024 0 0 0 0 0 0 0 1024 0 0 0 0 0 0 0 1024 
0 0 0 0 0 0 0 1024 0 0 0 0 0 0 0 1024 0 0 0 0 0 0 0 1024 
0 0 0 0 0 0 0 1024 0 0 0 0 0 0 0 1024 0 0 0 0 0 0 0 1024 
0 0 0 0 0 0 0 1024 0 0 0 0 0 0 0 1024 0 0 0 0 0 0 0 1024 
0 0 0 0 0 0 0 1024 0 0 0 0 0 0 0 1024 0 0 0 0 0 0 0 1024 
0 0 0 0 0 0 0 1024 0 0 0 0 0 0 0 1024 0 0 0 0 0 0 0 1024 
0 0 0 0 0 0 0 1024 0 0 0 0 0 0 247 777 0 0 0 0 0 0 375 649 
0 0 0 0 0 0 0 1024 0 0 0 0 0 0 71 953 0 0 0 0 0 0 177 847 
0 0 0 0 0 0 0 1024 0 0 0 0 0 0 0 1024 0 0 0 0 0 0 31 993 
0 0 0 0 0 0 0 1024 0 0 0 0 0 0 0 1024 0 0 0 0 0 0 0 1024 
0 0 0 0 0 0 0 1024 0 0 0 0 0 0 0 1024 0 0 0 0 0 0 0 1024 
0 0 0 0 0 0 0 1024 0 0 0 0 0 0 0 1024 0 0 0 0 0 0 0 1024 
0 0 0 0 0 0 37 987 0 0 0 0 7 56 26 935 0 0 0 0 41 30 29 924 
0 0 0 0 0 0 0 1024 0 0 0 0 0 0 0 1024 0 0 0 0 0 0 0 1024 
0 0 0 0 0 0 0 1024 0 0 0 0 0 0 0 1024 0 0 0 0 0 0 0 1024 
337 447 41 15 21 144 19 0 311 484 52 177 0 0 0 0 301 575 148 0 0 0 0 0 
276 330 26 15 18 317 42 0 273 349 27 371 4 0 0 0 267 600 155 2 0 0 0 0 
164 239 16 10 23 569 3 0 177 241 12 594 0 0 0 0 202 599 222 1 0 0 0 0 
152 125 18 13 29 655 32 0 176 116 21 687 15 7 2 0 198 169 628 8 12 6 3 0 
21 48 10 11 4 428 480 22 22 47 14 438 72 309 108 14 26 67 411 52 86 339 42 1 
0 0 0 0 0 489 533 2 0 0 0 491 119 315 99 0 0 0 496 81 128 315 4 0 
0 0 0 0 0 884 140 0 0 0 0 978 44 2 0 0 0 0 1012 11 1 0 0 0 
0 0 0 0 0 729 295 0 0 0 0 331 693 0 0 0 0 0 362 657 5 0 0 0 
0 0 0 0 0 576 448 0 0 0 0 17 1007 0 0 0 0 0 54 930 40 0 0 0 
0 0 0 0 0 315 709 0 0 0 0 29 656 339 0 0 0 0 78 357 510 79 0 0 
0 0 0 0 0 0 1024 0 0 0 0 0 16 1008 0 0 0 0 0 0 512 512 0 0 
0 0 0 0 0 0 1024 0 0 0 0 0 11 1006 7 0 0 0 0 0 343 681 0 0 
0 0 0 0 0 4 1015 5 0 0 0 0 45 479 500 0 0 0 0 12 201 747 64 0 
0 0 0 0 0 0 670 354 0 0 0 0 0 38 986 0 0 0 0 0 0 294 730 0 
0 0 0 0 0 0 554 470 0 0 0 0 0 117 907 0 0 0 0 0 0 462 562 0 
0 0 0 0 0 0 164 860 0 0 0 0 0 0 1024 0 0 0 0 0 0 103 921 0 
0 0 0 0 0 0 42 982 0 0 0 0 0 0 1024 0 0 0 0 0 0 2 1022 0 
0 0 0 0 0 0 875 149 0 0 0 0 0 0 1024 0 0 0 0 0 0 257 767 0 
0 0 0 0 0 0 1023 1 0 0 0 0 0 0 1024 0 0 0 0 0 0 935 89 0 
0 0 0 0 0 0 1024 0 0 0 0 0 0 0 1024 0 0 0 0 0 0 1024 0 0 
0 0 0 0 0 0 1024 0 0 0 0 0 0 0 1024 0 0 0 0 0 0 1024 0 0 
0 0 0 0 0 0 1024 0 0 0 0 0 0 0 1024 0 0 0 0 0 0 720 304 0 
0 0 0 0 0 0 1018 6 0 0 0 0 0 0 1024 0 0 0 0 0 0 0 1024 0 
0 0 0 0 0 0 77 947 0 0 0 0 0 0 832 192 0 0 0 0 0 0 1024 0 
0 0 0 0 0 0 0 1024 0 0 0 0 0 0 0 1024 0 0 0 0 0 0 151 873 
0 0 0 0 0 0 0 1024 0 0 0 0 0 0 0 1024 0 0 0 0 0 0 0 1024 
0 0 0 0 0 0 0 1024 0 0 0 0 0 0 0 1024 0 0 0 0 0 0 0 1024 
0 0 0 0 0 0 0 1024 0 0 0 0 0 0 0 1024 0 0 0 0 0 0 0 1024 
0 0 0 0 0 0 0 1024 0 0 0 0 0 0 0 1024 0 0 0 0 0 0 0 1024 
0 0 0 0 0 0 0 1024 0 0 0 0 0 0 0 1024 0 0 0 0 0 0 0 1024 
0 0 0 0 0 0 0 1024 0 0 0 0 0 0 0 1024 0 0 0 0 0 0 0 1024 
0 0 0 0 0 0 0 1024 0 0 0 0 0 0 0 1024 0 0 0 0 0 0 0 1024 
0 0 0 0 0 0 0 1024 0 0 0 0 0 0 0 1024 0 0 0 0 0 0 0 1024 
0 0 0 0 0 0 0 1024 0 0 0 0 0 0 0 1024 0 0 0 0 0 0 0 1024 
0 0 0 0 0 0 0 1024 0 0 0 0 0 0 0 1024 0 0 0 0 0 0 0 1024 
0 0 0 0 0 0 0 1024 0 0 0 0 0 0 0 1024 0 0 0 0 0 0 0 1024 
0 0 0 0 0 0 0 1024 0 0 0 0 0 0 0 1024 0 0 0 0 0 0 0 1024 
0 0 0 0 0 0 0 1024 0 0 0 0 0 0 0 1024 0 0 0 0 0 0 0 1024 
0 0 0 0 0 0 0 1024 0 0 0 0 0 0 0 1024 0 0 0 0 0 0 0 1024 
0 0 0 0 0 0 0 1024 0 0 0 0 0 0 0 1024 0 0 0 0 0 0 0 1024 
202 784 38 0 0 0 0 0 208 788 28 0 0 0 0 0 188 790 46 0 0 0 0 0 
166 802 56 0 0 0 0 0 149 797 78 0 0 0 0 0 138 761 125 0 0 0 0 0 
198 791 35 0 0 0 0 0 122 828 74 0 0 0 0 0 92 819 113 0 0 0 0 0 
189 746 89 0 0 0 0 0 129 768 127 0 0 0 0 0 64 758 199 3 0 0 0 0 
238 735 46 2 0 0 1 2 167 754 97 3 0 0 1 2 126 759 134 2 0 1 0 2 
204 658 49 15 3 15 64 16 159 691 60 15 6 45 37 11 146 644 121 18 16 48 30 1 
154 529 22 5 18 179 117 0 140 544 29 233 62 16 0 0 123 547 284 45 21 4 0 0 
178 312 29 18 11 337 139 0 156 344 35 412 77 0 0 0 129 369 475 51 0 0 0 0 
105 205 21 14 12 372 295 0 109 212 26 460 217 0 0 0 118 206 656 44 0 0 0 0 
53 67 24 14 13 435 418 0 61 79 17 400 456 11 0 0 87 66 508 315 48 0 0 0 
0 0 1 1 3 223 796 0 0 1 2 40 782 199 0 0 0 3 94 469 458 0 0 0 
0 0 0 0 0 38 986 0 0 0 0 0 810 214 0 0 0 0 26 573 425 0 0 0 
0 0 0 0 0 24 1000 0 0 0 0 0 927 97 0 0 0 0 2 824 197 1 0 0 
0 0 0 0 0 0 1024 0 0 0 0 0 460 520 44 0 0 0 0 278 456 290 0 0 
0 0 0 0 0 0 1024 0 0 0 0 0 240 666 118 0 0 0 0 174 358 492 0 0 
0 0 0 0 0 0 972 52 0 0 0 0 0 451 573 0 0 0 0 0 89 860 75 0 
0 0 0 0 0 0 997 27 0 0 0 0 0 480 544 0 0 0 0 0 104 822 98 0 
0 0 0 0 0 0 1024 0 0 0 0 0 0 0 1024 0 0 0 0 0 0 1022 2 0 
0 0 0 0 0 0 1016 8 0 0 0 0 0 11 1013 0 0 0 0 0 0 850 174 0 
0 0 0 0 0 0 1024 0 0 0 0 0 0 0 1024 0 0 0 0 0 0 836 188 0 
0 0 0 0 0 0 1024 0 0 0 0 0 0 2 1022 0 0 0 0 0 0 1024 0 0 
0 0 0 0 0 0 1024 0 0 0 0 0 0 0 1024 0 0 0 0 0 0 836 188 0 
0 0 0 0 0 0 1024 0 0 0 0 0 0 0 1024 0 0 0 0 0 0 4 1020 0 
0 0 0 0 0 0 40 984 0 0 0 0 0 0 1005 19 0 0 0 0 0 0 1024 0 
0 0 0 0 0 0 0 1024 0 0 0 0 0 0 291 733 0 0 0 0 0 0 826 198 
0 0 0 0 0 0 0 1024 0 0 0 0 0 0 0 1024 0 0 0 0 0 0 136 888 
0 0 0 0 0 0 0 1024 0 0 0 0 0 0 0 1024 0 0 0 0 0 0 0 1024 
0 0 0 0 0 0 0 1024 0 0 0 0 0 0 0 1024 0 0 0 0 0 0 0 1024 
0 0 0 0 0 0 0 1024 0 0 0 0 0 0 0 1024 0 0 0 0 0 0 0 1024 
0 0 0 0 0 0 0 1024 0 0 0 0 0 0 0 1024 0 0 0 0 0 0 0 1024 
0 0 0 0 0 0 0 1024 0 0 0 0 0 0 0 1024 0 0 0 0 0 0 0 1024 
0 0 0 0 0 0 0 1024 0 0 0 0 0 0 0 1024 0 0 0 0 0 0 0 1024 
0 0 0 0 0 0 0 1024 0 0 0 0 0 0 0 1024 0 0 0 0 0 0 0 1024 
0 0 0 0 0 0 0 1024 0 0 0 0 0 0 0 1024 0 0 0 0 0 0 0 1024 
0 0 0 0 0 0 0 1024 0 0 0 0 0 0 0 1024 0 0 0 0 0 0 0 1024 
0 0 0 0 0 0 0 1024 0 0 0 0 0 0 0 1024 0 0 0 0 0 0 0 1024 
0 0 0 0 0 0 0 1024 0 0 0 0 0 0 0 1024 0 0 0 0 0 0 0 1024 
0 0 0 0 0 0 0 1024 0 0 0 0 0 0 0 1024 0 0 0 0 0 0 0 1024 
0 0 0 0 0 0 0 1024 0 0 0 0 0 0 0 1024 0 0 0 0 0 0 0 1024 
0 0 0 0 0 0 0 1024 0 0 0 0 0 0 0 1024 0 0 0 0 0 0 0 1024 
499 443 36 4 4 5 23 10 591 365 29 2 5 26 6 0 567 395 20 6 8 24 4 0 
492 371 33 6 5 25 84 8 549 327 25 6 40 72 5 0 554 329 19 17 67 36 2 0 
470 470 84 0 0 0 0 0 473 466 85 0 0 0 0 0 465 471 88 0 0 0 0 0 
237 695 92 0 0 0 0 0 244 691 89 0 0 0 0 0 253 685 86 0 0 0 0 0 
189 665 170 0 0 0 0 0 210 675 139 0 0 0 0 0 202 674 148 0 0 0 0 0 
237 641 146 0 0 0 0 0 226 652 146 0 0 0 0 0 231 622 171 0 0 0 0 0 
195 677 152 0 0 0 0 0 198 673 153 0 0 0 0 0 184 661 179 0 0 0 0 0 
203 702 118 1 0 0 0 0 177 708 138 1 0 0 0 0 154 683 184 3 0 0 0 0 
199 770 55 0 0 0 0 0 154 792 78 0 0 0 0 0 107 772 145 0 0 0 0 0 
145 758 119 2 0 0 0 0 113 762 147 2 0 0 0 0 60 716 244 3 1 0 0 0 
136 745 61 10 8 42 22 0 112 755 82 10 60 5 0 0 91 761 104 62 6 0 0 0 
125 603 61 10 13 90 122 0 101 627 71 34 187 4 0 0 112 594 191 113 14 0 0 0 
134 389 60 11 14 81 335 0 141 375 75 24 404 5 0 0 136 363 135 380 10 0 0 0 
148 234 54 8 10 59 511 0 141 252 50 42 539 0 0 0 163 236 250 375 0 0 0 0 
76 96 27 16 13 60 736 0 72 114 25 17 644 152 0 0 74 122 31 433 364 0 0 0 
6 15 33 6 8 32 924 0 3 25 30 9 711 246 0 0 3 38 24 604 355 0 0 0 
0 0 0 0 0 0 1024 0 0 0 0 0 88 841 95 0 0 0 0 38 446 540 0 0 
0 0 0 0 0 0 1024 0 0 0 0 0 0 557 467 0 0 0 0 0 0 1024 0 0 
0 0 0 0 0 0 1024 0 0 0 0 0 0 929 95 0 0 0 0 0 0 1024 0 0 
0 0 0 0 0 0 1024 0 0 0 0 0 0 546 478 0 0 0 0 0 0 1024 0 0 
0 0 0 0 0 0 1024 0 0 0 0 0 0 638 386 0 0 0 0 0 0 1024 0 0 
0 0 0 0 0 0 1024 0 0 0 0 0 0 0 1024 0 0 0 0 0 0 1023 1 0 
0 0 0 0 0 0 1024 0 0 0 0 0 0 0 1024 0 0 0 0 0 0 517 507 0 
0 0 0 0 0 0 843 181 0 0 0 0 0 0 1024 0 0 0 0 0 0 193 831 0 
0 0 0 0 0 0 598 426 0 0 0 0 0 0 1024 0 0 0 0 0 0 14 1010 0 
0 0 0 0 0 0 307 717 0 0 0 0 0 0 766 258 0 0 0 0 0 0 1010 14 
0 0 0 0 0 0 135 889 0 0 0 0 0 0 487 537 0 0 0 0 0 0 802 222 
0 0 0 0 0 0 5 1019 0 0 0 0 0 0 197 827 0 0 0 0 0 0 467 557 
0 0 0 0 0 0 0 1024 0 0 0 0 0 0 16 1008 0 0 0 0 0 0 183 841 
0 0 0 0 0 0 0 1024 0 0 0 0 0 0 0 1024 0 0 0 0 0 0 14 1010 
0 0 0 0 0 0 0 1024 0 0 0 0 0 0 0 1024 0 0 0 0 0 0 22 1002 
0 0 0 0 0 0 0 1024 0 0 0 0 0 0 0 1024 0 0 0 0 0 0 0 1024 
0 0 0 0 0 0 0 1024 0 0 0 0 0 0 0 1024 0 0 0 0 0 0 7 1017 
0 0 0 0 0 0 0 1024 0 0 0 0 0 0 0 1024 0 0 0 0 0 0 67 957 
0 0 0 0 0 0 0 1024 0 0 0 0 0 0 0 1024 0 0 0 0 0 0 37 987 
0 0 0 0 0 0 0 1024 0 0 0 0 0 0 0 1024 0 0 0 0 0 0 5 1019 
131 157 37 8 4 8 7 672 163 145 20 7 4 8 11 666 130 167 30 7 3 9 10 668 
281 103 6 5 8 4 11 606 278 105 7 4 8 5 10 607 288 97 6 6 6 5 14 602 
289 142 12 5 8 3 8 557 303 128 10 7 6 4 8 558 278 154 12 4 9 2 8 557 
379 128 9 6 6 8 4 484 406 100 7 7 7 7 6 484 387 119 7 7 8 7 5 484 
3 25 8 3 2 16 952 15 34 5 2 3 27 639 314 0 21 17 1 5 62 831 87 0 
0 0 0 0 0 51 890 83 0 0 0 0 165 433 426 0 0 0 0 116 197 477 234 0 
174 58 10 7 11 217 546 1 214 28 7 12 484 279 0 0 222 26 24 370 258 124 0 0 
350 590 43 2 5 17 14 3 382 561 42 4 24 10 1 0 369 576 46 21 11 1 0 0 
305 633 86 0 0 0 0 0 292 634 98 0 0 0 0 0 284 656 84 0 0 0 0 0 
378 358 50 6 7 7 196 22 455 302 37 5 33 175 17 0 421 336 36 12 141 61 17 0 
440 156 37 4 4 10 321 52 474 129 34 2 11 249 111 14 474 130 33 3 66 272 37 9 
493 412 19 3 1 8 49 39 522 384 19 2 5 24 57 11 524 381 21 3 8 56 26 5 
290 657 77 0 0 0 0 0 310 653 61 0 0 0 0 0 310 644 70 0 0 0 0 0 
257 558 209 0 0 0 0 0 261 557 206 0 0 0 0 0 262 554 208 0 0 0 0 0 
230 590 203 1 0 0 0 0 203 631 189 1 0 0 0 0 223 603 197 1 0 0 0 0 
198 633 189 4 0 0 0 0 170 643 210 1 0 0 0 0 178 626 219 1 0 0 0 0 
106 680 238 0 0 0 0 0 106 669 249 0 0 0 0 0 105 644 275 0 0 0 0 0 
149 657 218 0 0 0 0 0 137 619 268 0 0 0 0 0 117 579 328 0 0 0 0 0 
108 724 191 1 0 0 0 0 64 722 237 1 0 0 0 0 53 673 297 1 0 0 0 0 
98 744 147 9 6 16 4 0 76 683 234 9 21 1 0 0 64 587 346 21 6 0 0 0 
78 624 129 7 9 35 137 5 56 638 140 10 65 100 14 1 44 601 198 48 69 59 5 0 
41 501 105 7 5 17 334 14 34 482 132 8 6 262 99 1 30 468 151 7 9 320 38 1 
77 338 36 4 11 11 528 19 65 348 38 5 11 159 385 13 67 338 46 7 10 512 41 3 
66 159 22 14 6 7 731 19 55 166 28 12 7 100 651 5 60 161 30 11 6 707 47 2 
14 15 5 7 8 9 941 25 15 16 5 6 8 214 744 16 22 9 8 6 7 901 68 3 
0 0 0 0 0 0 1024 0 0 0 0 0 0 0 1024 0 0 0 0 0 0 709 315 0 
0 0 0 0 0 0 1024 0 0 0 0 0 0 99 925 0 0 0 0 0 0 1018 6 0 
0 0 0 0 0 0 1024 0 0 0 0 0 0 906 118 0 0 0 0 0 0 1024 0 0 
0 0 0 0 0 0 1024 0 0 0 0 0 0 588 436 0 0 0 0 0 0 938 86 0 
0 0 0 0 0 0 1024 0 0 0 0 0 0 167 857 0 0 0 0 0 0 680 344 0 
0 0 0 0 0 0 1024 0 0 0 0 0 0 0 1024 0 0 0 0 0 0 431 593 0 
0 0 0 0 0 0 922 102 0 0 0 0 0 0 1024 0 0 0 0 0 0 50 974 0 
0 0 0 0 0 0 621 403 0 0 0 0 0 0 968 56 0 0 0 0 0 0 1024 0 
0 0 0 0 0 0 312 712 0 0 0 0 0 0 824 200 0 0 0 0 0 0 1010 14 
0 0 0 0 0 0 137 887 0 0 0 0 0 0 754 270 0 0 0 0 0 0 1010 14 
0 0 0 0 0 0 32 992 0 0 0 0 0 0 560 464 0 0 0 0 0 0 876 148 
0 0 0 0 0 0 0 1024 0 0 0 0 0 0 664 360 0 0 0 0 0 0 923 101 
0 0 0 0 0 0 0 1024 0 0 0 0 0 0 715 309 0 0 0 0 0 0 1024 0 
0 0 0 0 0 0 0 1024 0 0 0 0 0 0 563 461 0 0 0 0 0 0 1000 24 
293 89 16 7 2 8 37 572 331 59 14 2 5 14 182 417 276 105 19 6 1 9 470 138 
966 52 0 1 1 1 0 3 978 40 1 1 1 0 1 2 904 114 0 1 1 1 0 3 
1018 6 0 0 0 0 0 0 982 42 0 0 0 0 0 0 776 248 0 0 0 0 0 0 
1024 0 0 0 0 0 0 0 1008 16 0 0 0 0 0 0 712 312 0 0 0 0 0 0 
1024 0 0 0 0 0 0 0 981 43 0 0 0 0 0 0 652 372 0 0 0 0 0 0 
0 0 0 0 0 0 1020 4 0 0 0 0 0 305 719 0 0 0 0 0 0 762 262 0 
0 0 0 0 0 0 745 279 0 0 0 0 0 5 1019 0 0 0 0 0 0 159 865 0 
0 0 0 0 0 0 836 188 0 0 0 0 0 124 900 0 0 0 0 0 0 448 576 0 
157 497 35 6 5 11 234 79 218 445 27 5 6 70 234 19 248 423 25 9 42 162 115 0 
126 542 100 12 11 56 177 0 189 549 47 34 205 0 0 0 171 567 99 171 16 0 0 0 
0 2 3 1 0 54 963 1 3 3 0 216 771 31 0 0 2 4 562 347 107 2 0 0 
0 0 0 0 0 13 1011 0 0 0 0 11 330 505 178 0 0 0 88 186 250 500 0 0 
56 29 5 4 5 5 853 67 64 22 5 6 5 296 607 19 83 7 4 5 33 810 76 6 
315 522 88 2 3 5 58 31 355 495 76 2 6 27 54 9 358 489 81 5 10 71 10 0 
189 631 94 4 4 2 69 31 227 598 91 4 3 22 71 8 184 629 101 4 5 43 44 14 
294 155 8 2 7 23 519 16 379 77 6 6 112 301 143 0 346 109 8 44 195 317 5 0 
373 130 4 11 5 5 341 155 442 65 6 8 6 115 373 9 431 76 10 5 21 372 106 3 
354 429 195 6 3 3 8 26 380 421 181 2 4 7 20 9 351 448 184 4 3 10 20 4 
145 511 365 3 0 0 0 0 154 520 350 0 0 0 0 0 150 509 364 1 0 0 0 0 
197 564 258 5 0 0 0 0 204 573 242 5 0 0 0 0 198 586 235 5 0 0 0 0 
402 433 188 1 0 0 0 0 420 443 161 0 0 0 0 0 421 445 158 0 0 0 0 0 
180 519 325 0 0 0 0 0 182 532 309 1 0 0 0 0 179 518 326 1 0 0 0 0 
115 675 234 0 0 0 0 0 113 686 225 0 0 0 0 0 113 649 261 1 0 0 0 0 
61 719 243 1 0 0 0 0 63 692 268 1 0 0 0 0 64 638 319 3 0 0 0 0 
110 747 164 3 0 0 0 0 80 683 256 5 0 0 0 0 72 570 372 10 0 0 0 0 
95 745 174 5 1 2 1 1 67 728 217 7 1 2 1 1 64 616 323 16 1 2 2 0 
147 629 108 9 6 6 91 28 86 640 158 10 5 11 92 22 71 531 277 16 6 51 67 5 
92 563 35 5 5 5 302 17 57 576 57 5 5 19 294 11 57 531 101 6 6 252 69 2 
64 383 32 10 6 7 501 21 61 380 38 10 6 335 177 17 55 352 74 9 9 472 50 3 
43 190 27 9 13 14 708 20 34 196 31 10 12 614 109 18 47 176 39 12 11 694 41 4 
15 31 10 6 6 15 923 18 14 30 12 6 6 567 373 16 16 32 10 4 7 899 53 3 
0 0 0 0 0 0 1016 8 0 0 0 0 0 208 813 3 0 0 0 0 0 1003 21 0 
0 0 0 0 0 0 1024 0 0 0 0 0 0 0 1024 0 0 0 0 0 0 832 192 0 
0 0 0 0 0 0 1024 0 0 0 0 0 0 0 1024 0 0 0 0 0 0 515 509 0 
0 0 0 0 0 0 1024 0 0 0 0 0 0 0 1024 0 0 0 0 0 0 291 733 0 
0 0 0 0 0 0 895 129 0 0 0 0 0 0 1024 0 0 0 0 0 0 0 1024 0 
0 0 0 0 0 0 76 948 0 0 0 0 0 0 1024 0 0 0 0 0 0 0 1024 0 
0 0 0 0 0 0 0 1024 0 0 0 0 0 0 1024 0 0 0 0 0 0 0 1024 0 
0 0 0 0 0 0 0 1024 0 0 0 0 0 0 1024 0 0 0 0 0 0 0 1024 0 
301 60 8 7 5 10 53 580 333 30 8 7 6 12 571 57 287 74 8 7 6 11 574 57 
976 36 2 0 4 0 0 6 992 22 0 3 1 0 3 3 949 63 2 0 4 0 0 6 
971 53 0 0 0 0 0 0 832 192 0 0 0 0 0 0 283 741 0 0 0 0 0 0 
1022 2 0 0 0 0 0 0 31 993 0 0 0 0 0 0 0 1024 0 0 0 0 0 0 
1024 0 0 0 0 0 0 0 110 914 0 0 0 0 0 0 0 1024 0 0 0 0 0 0 
1021 3 0 0 0 0 0 0 213 811 0 0 0 0 0 0 0 1024 0 0 0 0 0 0 
0 0 0 0 0 0 1024 0 0 0 0 0 0 131 893 0 0 0 0 0 0 994 30 0 
0 0 0 0 0 0 1015 9 0 0 0 0 0 69 955 0 0 0 0 0 0 590 434 0 
0 0 0 0 0 0 821 203 0 0 0 0 0 0 1024 0 0 0 0 0 0 202 822 0 
116 506 48 7 5 11 112 219 122 510 39 5 6 11 290 41 178 469 31 8 8 58 271 1 
48 379 98 8 8 23 452 8 98 395 39 112 223 142 15 0 80 379 298 85 71 99 12 0 
0 0 0 0 0 44 980 0 0 0 0 150 426 447 1 0 0 0 292 202 264 266 0 0 
0 0 0 0 0 12 1012 0 0 0 0 1 77 790 156 0 0 0 3 44 117 860 0 0 
0 0 0 0 0 0 1024 0 0 0 0 0 0 846 178 0 0 0 0 0 151 873 0 0 
195 526 21 4 8 14 224 32 244 484 15 7 11 120 132 11 274 457 18 12 59 193 11 0 
109 364 72 5 5 10 353 106 127 366 55 4 6 18 428 20 87 349 108 6 5 115 324 30 
0 0 0 0 0 0 725 299 0 0 0 0 0 0 1024 0 0 0 0 0 0 334 690 0 
0 0 0 0 0 0 231 793 0 0 0 0 0 0 1024 0 0 0 0 0 0 72 952 0 
46 252 15 10 12 4 12 673 90 215 11 12 7 4 598 87 123 188 12 10 5 13 647 26 
124 647 252 1 0 0 0 0 144 628 251 1 0 0 0 0 149 619 255 1 0 0 0 0 
56 177 139 14 9 5 69 555 80 167 132 9 11 4 280 341 70 156 150 11 11 33 529 64 
78 97 5 4 2 3 108 727 133 45 6 1 3 2 404 430 110 68 6 1 4 8 760 67 
394 253 25 6 11 9 22 304 421 231 21 11 9 7 231 93 412 239 24 11 10 9 283 36 
173 545 302 4 0 0 0 0 185 576 262 1 0 0 0 0 187 565 271 1 0 0 0 0 
181 505 295 4 3 1 14 21 194 495 294 2 3 1 23 12 190 500 293 3 2 7 19 10 
348 398 157 10 3 7 48 53 388 381 140 6 6 4 70 29 394 386 129 6 6 14 64 25 
357 512 155 0 0 0 0 0 349 518 157 0 0 0 0 0 364 519 141 0 0 0 0 0 
193 687 143 1 0 0 0 0 197 660 164 3 0 0 0 0 211 633 173 7 0 0 0 0 
158 648 218 0 0 0 0 0 156 607 259 2 0 0 0 0 160 553 309 2 0 0 0 0 
101 667 254 2 0 0 0 0 104 658 260 2 0 0 0 0 111 590 321 2 0 0 0 0 
37 745 240 2 0 0 0 0 45 701 276 2 0 0 0 0 44 613 365 2 0 0 0 0 
67 804 146 3 1 3 0 0 42 759 215 4 1 3 0 0 29 708 280 3 1 3 0 0 
103 579 245 21 5 7 48 16 68 537 314 29 5 10 47 14 54 423 431 40 5 32 34 5 
51 356 278 21 7 6 280 25 24 268 368 48 4 8 282 22 16 230 400 63 4 179 125 7 
50 276 153 26 6 4 473 36 20 278 178 28 7 5 480 28 19 246 202 40 4 86 417 10 
19 191 78 14 6 4 527 185 12 182 89 19 6 7 670 39 14 156 110 24 5 26 663 26 
10 66 17 5 7 8 130 781 6 69 18 5 8 7 761 150 11 72 11 4 9 9 865 43 
0 0 0 0 0 0 0 1024 0 0 0 0 0 0 977 47 0 0 0 0 0 0 1018 6 
0 0 0 0 0 0 16 1008 0 0 0 0 0 0 1020 4 0 0 0 0 0 0 1024 0 
246 60 5 5 11 5 408 284 273 34 7 8 8 11 657 26 235 69 7 8 7 32 625 41 
969 35 4 1 0 3 4 8 989 19 1 0 0 5 6 4 910 95 4 0 0 3 6 6 
1023 1 0 0 0 0 0 0 1008 16 0 0 0 0 0 0 455 569 0 0 0 0 0 0 
1024 0 0 0 0 0 0 0 1012 12 0 0 0 0 0 0 387 637 0 0 0 0 0 0 
985 39 0 0 0 0 0 0 91 933 0 0 0 0 0 0 41 983 0 0 0 0 0 0 
1020 4 0 0 0 0 0 0 0 1024 0 0 0 0 0 0 0 1024 0 0 0 0 0 0 
1024 0 0 0 0 0 0 0 28 996 0 0 0 0 0 0 0 1024 0 0 0 0 0 0 
357 361 12 8 5 14 255 12 390 329 11 9 5 224 54 2 388 332 12 7 5 245 33 2 
301 263 10 6 5 7 416 16 315 250 9 8 4 177 253 8 306 259 9 8 5 385 47 5 
303 123 8 7 7 9 542 25 304 123 6 7 8 24 533 19 276 151 6 8 9 460 100 14 
305 562 22 6 5 4 88 32 288 579 22 7 4 6 92 26 312 564 20 5 3 68 52 0 
123 344 76 7 11 14 366 83 126 376 45 6 12 47 391 21 110 328 105 7 8 173 255 38 
32 39 5 5 7 5 841 90 28 43 5 5 7 397 504 35 23 48 5 5 30 519 361 33 
0 0 0 0 0 0 1014 10 0 0 0 0 0 330 688 6 0 0 0 0 0 643 375 6 
0 0 0 0 0 0 1024 0 0 0 0 0 0 229 795 0 0 0 0 0 0 958 66 0 
157 583 30 10 8 4 175 57 201 542 32 9 6 68 152 14 242 510 31 7 16 197 21 0 
102 320 43 12 5 5 486 51 119 324 25 10 6 25 511 4 104 287 71 13 6 361 164 18 
0 0 0 0 0 0 862 162 0 0 0 0 0 0 1024 0 0 0 0 0 0 94 930 0 
0 0 0 0 0 0 473 551 0 0 0 0 0 0 1024 0 0 0 0 0 0 0 1024 0 
26 82 7 9 11 4 30 855 40 73 4 10 9 3 809 76 79 37 8 10 5 19 848 18 
222 665 135 2 0 0 0 0 261 654 107 2 0 0 0 0 260 630 132 2 0 0 0 0 
18 103 38 7 5 6 26 821 18 102 39 8 3 8 612 234 11 86 62 6 5 7 791 56 
0 0 0 0 0 0 2 1022 0 0 0 0 0 0 663 361 0 0 0 0 0 0 1021 3 
3 17 4 2 3 1 95 899 8 16 1 3 2 1 788 205 12 12 2 2 2 3 972 19 
210 494 215 13 8 5 17 62 283 431 208 13 6 4 45 34 302 413 211 13 4 15 45 21 
85 237 122 12 5 11 485 67 94 222 131 10 5 11 519 32 95 221 131 9 6 113 420 29 
0 1 2 2 1 0 983 35 1 0 3 2 0 8 1003 7 1 2 2 1 0 19 995 4 
293 278 21 11 7 4 331 79 348 231 16 10 8 14 378 19 330 250 15 10 8 67 336 8 
157 548 313 6 0 0 0 0 196 528 293 7 0 0 0 0 212 521 285 6 0 0 0 0 
157 214 129 8 13 9 472 22 176 210 120 6 10 371 121 10 176 209 120 8 11 449 43 8 
412 193 35 7 9 5 327 36 484 129 33 5 7 44 304 18 476 144 26 5 7 242 108 16 
270 535 218 1 0 0 0 0 283 556 185 0 0 0 0 0 281 556 187 0 0 0 0 0 
138 487 369 7 6 0 1 16 138 478 380 6 5 0 5 12 139 476 381 6 5 0 7 10 
379 464 114 9 2 5 9 42 389 447 122 8 3 5 20 30 381 458 119 8 3 5 26 24 
175 577 271 1 0 0 0 0 167 561 295 1 0 0 0 0 167 534 322 1 0 0 0 0 
147 529 313 35 0 0 0 0 138 497 345 44 0 0 0 0 119 472 387 46 0 0 0 0 
109 641 267 7 0 0 0 0 95 582 330 17 0 0 0 0 75 492 426 31 0 0 0 0 
88 586 328 21 1 0 0 0 78 520 375 50 1 0 0 0 65 452 429 76 2 0 0 0 
90 636 160 32 5 5 18 78 47 632 194 45 5 5 56 40 30 583 241 64 5 9 66 26 
240 453 32 13 8 7 54 217 227 458 38 16 7 7 180 91 227 444 52 17 7 13 225 39 
950 38 2 5 2 2 13 12 976 14 4 1 4 1 17 7 889 99 2 5 2 3 15 9 
1024 0 0 0 0 0 0 0 1019 5 0 0 0 0 0 0 336 688 0 0 0 0 0 0 
1024 0 0 0 0 0 0 0 1011 13 0 0 0 0 0 0 551 473 0 0 0 0 0 0 
1008 16 0 0 0 0 0 0 971 53 0 0 0 0 0 0 689 335 0 0 0 0 0 0 
1024 0 0 0 0 0 0 0 506 518 0 0 0 0 0 0 215 809 0 0 0 0 0 0 
1024 0 0 0 0 0 0 0 67 957 0 0 0 0 0 0 0 1024 0 0 0 0 0 0 
1024 0 0 0 0 0 0 0 82 942 0 0 0 0 0 0 0 1024 0 0 0 0 0 0 
305 709 10 0 0 0 0 0 306 708 10 0 0 0 0 0 303 712 9 0 0 0 0 0 
235 772 17 0 0 0 0 0 237 771 16 0 0 0 0 0 233 776 15 0 0 0 0 0 
165 858 1 0 0 0 0 0 158 866 0 0 0 0 0 0 137 887 0 0 0 0 0 0 
378 645 1 0 0 0 0 0 398 625 1 0 0 0 0 0 335 688 1 0 0 0 0 0 
307 689 28 0 0 0 0 0 311 690 23 0 0 0 0 0 292 691 41 0 0 0 0 0 
357 659 7 0 0 1 0 0 367 647 9 0 0 1 0 0 340 674 9 0 0 1 0 0 
51 174 16 5 12 12 705 49 76 157 9 8 13 19 728 14 43 171 25 6 14 74 664 27 
0 0 0 0 0 0 1008 16 0 0 0 0 0 0 1024 0 0 0 0 0 0 0 1024 0 
228 579 37 8 4 6 90 72 234 582 31 5 7 6 124 35 283 544 27 6 4 76 84 0 
40 289 29 5 6 11 606 38 54 281 24 4 12 21 612 16 31 262 65 4 6 78 552 26 
0 0 0 0 0 0 960 64 0 0 0 0 0 0 1024 0 0 0 0 0 0 17 1007 0 
0 0 0 0 0 0 564 460 0 0 0 0 0 0 1024 0 0 0 0 0 0 0 1024 0 
11 132 9 7 3 8 202 652 28 123 5 5 2 13 816 32 74 79 8 2 11 77 772 1 
204 628 192 0 0 0 0 0 260 600 164 0 0 0 0 0 264 609 151 0 0 0 0 0 
16 51 57 5 6 10 44 835 17 62 46 4 9 11 835 40 9 37 76 7 8 12 839 36 
0 0 0 0 0 0 24 1000 0 0 0 0 0 0 1024 0 0 0 0 0 0 0 1024 0 
0 0 0 0 0 2 628 394 0 0 0 0 0 5 1014 5 0 0 0 0 2 166 855 1 
214 616 101 15 5 3 23 47 322 523 93 9 5 6 46 20 337 508 100 4 4 22 41 8 
66 169 229 10 8 10 501 31 76 179 210 12 6 9 513 19 75 185 205 12 6 62 471 8 
0 0 0 0 0 0 1024 0 0 0 0 0 0 0 1024 0 0 0 0 0 0 404 620 0 
35 130 6 8 7 9 791 38 68 100 3 9 10 24 791 19 68 100 3 10 9 513 314 7 
254 644 125 1 0 0 0 0 350 568 105 1 0 0 0 0 374 554 95 1 0 0 0 0 
21 79 73 11 9 14 806 11 22 93 60 10 9 196 630 4 25 96 57 9 7 751 77 2 
0 0 0 0 0 0 1021 3 0 0 0 0 0 0 1023 1 0 0 0 0 0 769 254 1 
257 469 32 6 9 8 205 38 334 400 27 6 11 17 211 18 351 385 26 6 10 86 143 17 
100 292 226 15 5 11 177 198 94 291 233 15 5 10 329 47 122 282 220 10 8 16 339 27 
23 27 8 0 2 3 27 934 36 18 4 2 2 4 850 108 30 22 6 2 1 4 926 33 
323 376 93 7 4 6 16 199 415 292 87 7 6 5 150 62 336 371 85 7 6 5 170 44 
41 442 408 7 3 4 17 102 48 425 420 5 4 3 71 48 50 456 389 4 5 8 98 14 
242 241 48 7 4 6 7 469 279 209 46 4 7 7 211 261 255 230 47 7 4 9 358 114 
348 486 172 3 0 2 3 10 402 449 158 0 0 5 2 8 364 482 161 2 0 2 4 9 
127 561 300 2 3 3 14 14 131 556 301 2 4 4 19 7 139 560 289 4 4 13 11 4 
494 383 106 4 4 2 11 20 523 369 93 4 4 1 20 10 498 386 101 3 3 6 17 10 
925 82 17 0 0 0 0 0 927 72 25 0 0 0 0 0 599 405 20 0 0 0 0 0 
1023 1 0 0 0 0 0 0 1015 9 0 0 0 0 0 0 604 420 0 0 0 0 0 0 
1016 8 0 0 0 0 0 0 1007 17 0 0 0 0 0 0 692 332 0 0 0 0 0 0 
1024 0 0 0 0 0 0 0 1024 0 0 0 0 0 0 0 949 75 0 0 0 0 0 0 
1024 0 0 0 0 0 0 0 975 49 0 0 0 0 0 0 440 584 0 0 0 0 0 0 
1024 0 0 0 0 0 0 0 849 175 0 0 0 0 0 0 0 1024 0 0 0 0 0 0 
1024 0 0 0 0 0 0 0 693 331 0 0 0 0 0 0 0 1024 0 0 0 0 0 0 
451 572 1 0 0 0 0 0 457 566 1 0 0 0 0 0 451 572 1 0 0 0 0 0 
446 574 4 0 0 0 0 0 461 559 4 0 0 0 0 0 453 567 4 0 0 0 0 0 
508 512 4 0 0 0 0 0 508 512 4 0 0 0 0 0 507 513 4 0 0 0 0 0 
491 531 2 0 0 0 0 0 488 534 2 0 0 0 0 0 476 546 2 0 0 0 0 0 
503 512 9 0 0 0 0 0 509 506 9 0 0 0 0 0 474 531 19 0 0 0 0 0 
494 528 2 0 0 0 0 0 485 535 4 0 0 0 0 0 472 546 6 0 0 0 0 0 
355 216 13 10 7 11 390 22 374 201 14 8 8 192 226 1 346 226 14 8 8 373 45 4 
314 47 9 5 8 7 600 34 293 69 9 5 7 16 603 22 262 99 9 5 8 120 498 23 
279 634 9 7 5 8 30 52 298 618 6 8 7 9 54 24 349 568 15 4 9 45 33 1 
83 311 32 13 6 16 540 23 93 321 18 8 6 267 310 1 70 303 53 13 10 405 160 10 
4 4 2 5 3 2 938 66 4 4 3 4 3 78 920 8 4 4 3 4 3 436 567 3 
0 0 0 0 0 0 912 112 0 0 0 0 0 92 932 0 0 0 0 0 0 297 727 0 
16 117 26 10 1 5 793 56 34 121 12 3 3 188 659 4 88 76 6 1 31 509 313 0 
187 683 147 7 0 0 0 0 225 672 121 6 0 0 0 0 245 664 109 6 0 0 0 0 
9 48 75 14 3 12 702 161 10 63 65 8 8 293 575 2 9 56 73 8 10 579 288 1 
0 0 0 0 0 0 766 258 0 0 0 0 0 8 1016 0 0 0 0 0 0 303 721 0 
0 0 0 0 0 0 1006 18 0 0 0 0 0 0 1024 0 0 0 0 0 0 752 272 0 
182 614 69 4 2 10 106 37 222 586 60 1 3 37 102 13 293 511 65 2 7 108 37 1 
61 223 165 11 9 12 524 19 56 205 191 9 9 71 479 4 58 200 194 9 10 498 52 3 
0 0 0 0 0 0 1024 0 0 0 0 0 0 98 926 0 0 0 0 0 0 993 31 0 
5 94 9 7 6 12 865 26 30 73 8 4 8 307 593 1 32 74 5 6 7 859 40 1 
81 777 166 0 0 0 0 0 125 756 143 0 0 0 0 0 153 737 134 0 0 0 0 0 
18 154 104 9 6 26 704 3 16 158 103 8 7 245 487 0 17 177 85 8 7 691 39 0 
0 0 0 0 0 0 1024 0 0 0 0 0 0 162 862 0 0 0 0 0 0 672 352 0 
71 575 17 7 2 5 308 39 159 492 14 6 2 13 320 18 185 466 14 6 2 128 206 17 
70 380 273 14 4 4 41 238 85 397 244 11 4 5 182 96 92 416 223 7 5 8 241 32 
0 0 0 0 0 0 0 1024 0 0 0 0 0 0 109 915 0 0 0 0 0 0 443 581 
123 320 12 9 8 7 13 532 220 230 6 11 5 11 98 443 185 261 9 10 7 11 216 325 
110 520 195 10 4 7 19 159 124 509 189 12 5 7 39 139 156 509 165 7 4 12 126 45 
0 0 0 0 0 0 152 872 0 0 0 0 0 0 413 611 0 0 0 0 0 0 784 240 
266 326 19 9 8 7 158 231 361 236 19 9 6 8 311 74 286 311 14 9 10 8 322 64 
93 304 233 6 4 8 325 51 104 322 204 6 5 8 345 30 125 349 159 7 3 46 329 6 
102 71 7 8 9 3 689 135 151 26 9 7 7 11 788 25 117 58 7 7 9 31 764 31 
896 92 5 3 2 2 9 15 850 139 6 3 0 8 14 4 517 470 8 3 0 2 15 9 
1013 11 0 0 0 0 0 0 1006 18 0 0 0 0 0 0 964 60 0 0 0 0 0 0 
1024 0 0 0 0 0 0 0 1024 0 0 0 0 0 0 0 818 206 0 0 0 0 0 0 
1023 1 0 0 0 0 0 0 1013 11 0 0 0 0 0 0 796 228 0 0 0 0 0 0 
1024 0 0 0 0 0 0 0 1020 4 0 0 0 0 0 0 644 380 0 0 0 0 0 0 
1024 0 0 0 0 0 0 0 1022 2 0 0 0 0 0 0 0 1024 0 0 0 0 0 0 
1024 0 0 0 0 0 0 0 1024 0 0 0 0 0 0 0 0 1024 0 0 0 0 0 0 
465 48 8 6 8 9 479 1 514 11 4 26 465 4 0 0 520 8 451 43 2 0 0 0 
683 67 6 10 6 8 224 20 709 44 7 13 122 92 32 5 710 49 51 66 68 72 8 0 
520 504 0 0 0 0 0 0 531 493 0 0 0 0 0 0 510 514 0 0 0 0 0 0 
422 591 11 0 0 0 0 0 422 591 11 0 0 0 0 0 422 591 11 0 0 0 0 0 
356 661 7 0 0 0 0 0 357 661 6 0 0 0 0 0 367 654 3 0 0 0 0 0 
569 455 0 0 0 0 0 0 551 473 0 0 0 0 0 0 543 481 0 0 0 0 0 0 
558 466 0 0 0 0 0 0 560 464 0 0 0 0 0 0 556 468 0 0 0 0 0 0 
305 706 13 0 0 0 0 0 302 705 17 0 0 0 0 0 312 702 10 0 0 0 0 0 
504 518 2 0 0 0 0 0 491 532 1 0 0 0 0 0 484 539 1 0 0 0 0 0 
534 462 28 0 0 0 0 0 506 486 32 0 0 0 0 0 492 498 34 0 0 0 0 0 
344 545 117 5 2 3 5 3 345 581 81 4 2 4 5 2 348 586 73 4 2 4 5 2 
265 522 111 4 5 12 90 15 289 490 120 3 7 73 37 5 280 435 184 4 17 76 26 2 
290 444 115 8 5 10 150 2 327 445 82 7 9 149 5 0 358 430 70 4 127 34 1 0 
331 672 21 0 0 0 0 0 346 658 20 0 0 0 0 0 349 654 21 0 0 0 0 0 
20 156 76 22 11 27 706 6 26 194 50 15 260 477 2 0 34 187 57 243 364 138 1 0 
0 2 15 12 10 14 914 57 1 4 20 11 98 697 193 0 2 5 20 136 445 415 1 0 
0 0 0 0 0 1 985 38 0 0 0 0 0 258 766 0 0 0 0 0 11 1008 5 0 
165 646 46 10 6 8 100 43 234 588 35 12 8 27 104 16 286 544 32 10 9 103 38 2 
73 290 149 9 3 11 477 12 81 298 136 6 4 69 426 4 86 289 141 5 5 443 54 1 
0 0 0 0 0 0 1024 0 0 0 0 0 0 0 1024 0 0 0 0 0 0 755 269 0 
5 32 3 4 12 16 921 31 17 23 1 9 13 172 775 14 24 16 2 10 12 827 128 5 
122 768 134 0 0 0 0 0 185 745 94 0 0 0 0 0 209 729 86 0 0 0 0 0 
31 206 148 14 10 21 576 18 38 211 143 9 10 376 232 5 45 216 131 10 11 582 28 1 
0 0 0 0 0 0 951 73 0 0 0 0 0 485 539 0 0 0 0 0 0 1007 17 0 
65 492 13 6 4 9 371 64 151 414 8 5 7 31 389 19 156 407 10 5 8 334 91 13 
58 629 170 8 7 8 83 61 91 621 148 7 6 9 110 32 111 622 128 7 8 24 109 15 
0 0 0 0 0 0 678 346 0 0 0 0 0 0 992 32 0 0 0 0 0 0 1024 0 
81 279 12 7 6 5 404 230 177 189 9 6 6 13 599 25 182 180 11 6 7 56 551 31 
239 631 132 4 2 6 4 6 295 579 128 4 3 5 5 5 310 599 96 1 6 4 6 2 
0 10 10 3 4 9 979 9 0 13 8 3 3 297 695 5 8 10 5 3 2 550 446 0 
119 369 14 6 5 9 469 33 229 267 9 6 6 188 315 4 218 273 12 6 5 287 213 10 
146 545 105 13 7 12 176 20 232 475 91 10 9 38 157 12 282 452 71 9 12 122 75 1 
0 0 0 0 0 0 1024 0 0 0 0 0 0 0 1024 0 0 0 0 0 0 704 320 0 
567 266 10 6 15 8 93 59 629 212 5 11 12 20 117 18 483 350 10 7 14 40 87 33 
1024 0 0 0 0 0 0 0 1023 1 0 0 0 0 0 0 984 40 0 0 0 0 0 0 
1024 0 0 0 0 0 0 0 1021 3 0 0 0 0 0 0 729 295 0 0 0 0 0 0 
1024 0 0 0 0 0 0 0 1020 4 0 0 0 0 0 0 674 350 0 0 0 0 0 0 
1024 0 0 0 0 0 0 0 1024 0 0 0 0 0 0 0 897 127 0 0 0 0 0 0 
1024 0 0 0 0 0 0 0 1024 0 0 0 0 0 0 0 583 441 0 0 0 0 0 0 
1024 0 0 0 0 0 0 0 1024 0 0 0 0 0 0 0 173 851 0 0 0 0 0 0 
0 0 0 0 0 4 1020 0 0 0 0 0 657 367 0 0 0 0 151 299 521 53 0 0 
0 0 1 0 0 1 1016 6 0 1 0 0 126 876 21 0 1 0 5 85 178 755 0 0 
479 252 9 3 7 12 243 19 498 234 8 3 10 173 89 9 533 208 3 11 30 233 6 0 
244 774 6 0 0 0 0 0 253 766 5 0 0 0 0 0 251 768 5 0 0 0 0 0 
210 340 26 2 8 8 387 43 249 318 10 6 7 203 214 17 231 323 23 5 6 356 59 21 
80 27 12 5 6 3 853 38 101 10 11 4 6 435 438 19 102 9 12 5 4 843 41 8 
146 40 6 3 9 10 751 59 171 17 6 2 12 222 558 36 177 16 3 9 11 679 120 9 
646 213 7 5 7 5 110 31 665 197 6 6 5 74 61 10 691 178 5 5 11 120 14 0 
405 610 9 0 0 0 0 0 356 657 11 0 0 0 0 0 354 663 7 0 0 0 0 0 
344 578 23 1 3 6 56 13 337 586 23 1 4 51 19 3 313 608 25 1 4 55 15 3 
407 168 33 4 4 5 372 31 434 143 34 3 4 340 56 10 440 138 33 3 6 366 36 2 
659 130 15 8 6 3 170 33 686 107 15 8 5 124 63 16 678 113 23 4 5 173 28 0 
420 493 111 0 0 0 0 0 419 479 126 0 0 0 0 0 422 509 93 0 0 0 0 0 
338 661 25 0 0 0 0 0 334 675 15 0 0 0 0 0 328 681 15 0 0 0 0 0 
238 680 103 2 0 0 1 0 276 665 81 1 0 0 1 0 271 672 79 1 0 0 1 0 
518 386 108 1 2 0 0 9 541 347 124 2 1 0 8 1 544 345 124 1 1 0 9 0 
425 374 129 8 6 12 63 7 438 363 129 7 5 38 43 1 432 359 137 10 10 49 27 0 
275 681 35 4 1 1 20 7 289 673 30 4 1 5 20 2 307 660 27 2 1 16 11 0 
257 564 71 3 6 7 109 7 250 570 71 4 6 64 57 2 244 568 79 4 6 93 28 2 
120 338 116 5 6 30 409 0 111 330 132 6 7 186 251 1 110 332 130 7 7 392 45 1 
122 301 72 10 8 6 472 33 125 295 75 11 7 57 443 11 126 303 65 12 8 420 85 5 
283 703 33 1 2 2 0 0 379 617 23 2 2 1 0 0 390 606 23 2 3 0 0 0 
171 421 109 4 7 13 201 98 187 405 109 4 8 24 271 16 177 427 98 5 9 208 89 11 
19 52 23 5 5 9 420 491 21 53 21 7 8 265 643 6 19 52 23 8 52 728 138 4 
84 352 15 10 12 6 257 288 209 242 6 14 67 233 244 9 209 241 11 100 156 198 101 8 
150 674 152 7 5 4 17 15 246 610 121 7 4 5 22 9 255 633 93 5 4 14 17 3 
7 21 1 7 4 5 966 13 7 22 0 8 4 543 438 2 7 22 1 7 6 926 55 0 
65 174 5 6 10 66 691 7 140 103 5 7 7 664 98 0 128 113 6 5 10 722 39 1 
410 583 31 0 0 0 0 0 517 482 25 0 0 0 0 0 555 445 24 0 0 0 0 0 
10 50 41 9 11 559 343 1 11 50 40 9 12 866 35 1 18 58 33 7 20 880 8 0 
74 259 7 13 7 310 345 9 142 193 10 10 11 620 38 0 120 213 9 12 10 619 36 5 
334 578 37 5 11 9 39 11 429 489 31 5 11 11 41 7 435 495 23 9 7 41 13 1 
3 8 6 2 4 4 993 4 4 8 5 2 4 61 937 3 9 5 5 3 4 918 80 0 
515 193 8 12 8 2 247 39 582 131 10 10 5 35 241 10 527 181 10 12 6 129 134 25 
1024 0 0 0 0 0 0 0 1013 11 0 0 0 0 0 0 625 399 0 0 0 0 0 0 
1024 0 0 0 0 0 0 0 1022 2 0 0 0 0 0 0 858 166 0 0 0 0 0 0 
1024 0 0 0 0 0 0 0 1023 1 0 0 0 0 0 0 906 118 0 0 0 0 0 0 
909 115 0 0 0 0 0 0 1017 7 0 0 0 0 0 0 907 117 0 0 0 0 0 0 
1024 0 0 0 0 0 0 0 1024 0 0 0 0 0 0 0 976 48 0 0 0 0 0 0 
1024 0 0 0 0 0 0 0 1024 0 0 0 0 0 0 0 763 261 0 0 0 0 0 0 
0 0 0 0 0 0 1024 0 0 0 0 0 292 732 0 0 0 0 0 80 919 25 0 0 
0 0 0 0 0 2 1022 0 0 0 0 0 84 940 0 0 0 0 0 0 602 422 0 0 
296 330 11 5 4 23 350 5 325 302 11 4 5 325 52 0 365 273 5 6 75 299 1 0 
559 465 0 0 0 0 0 0 559 465 0 0 0 0 0 0 562 462 0 0 0 0 0 0 
71 166 22 9 8 5 708 35 122 125 16 10 5 206 537 3 69 156 33 11 6 380 347 22 
0 0 0 0 0 0 1024 0 0 0 0 0 0 556 468 0 0 0 0 0 0 917 107 0 
0 0 0 0 0 1 1023 0 0 0 0 0 0 961 63 0 0 0 0 0 0 1024 0 0 
272 121 7 7 7 28 573 9 333 61 7 8 7 494 113 1 380 20 9 7 47 559 2 0 
458 566 0 0 0 0 0 0 469 555 0 0 0 0 0 0 468 556 0 0 0 0 0 0 
164 343 18 11 8 194 282 4 171 339 17 11 13 430 42 1 149 357 18 12 16 429 40 3 
0 0 0 0 0 287 737 0 0 0 0 0 0 1024 0 0 0 0 0 0 0 1024 0 0 
2 3 0 1 2 113 898 5 3 2 0 3 1 993 21 1 5 0 2 2 1 1010 4 0 
566 148 12 9 4 20 240 25 640 76 11 10 2 222 57 6 637 88 10 4 19 255 11 0 
259 740 25 0 0 0 0 0 265 737 22 0 0 0 0 0 267 738 19 0 0 0 0 0 
67 359 48 6 10 12 476 46 66 362 46 9 9 170 338 24 64 364 46 8 11 429 84 18 
15 8 5 6 3 9 909 69 23 3 5 4 6 514 443 26 23 6 4 4 7 875 94 11 
489 62 6 15 7 60 350 35 522 31 11 10 8 357 76 9 525 33 13 7 15 411 19 1 
542 420 62 0 0 0 0 0 558 420 46 0 0 0 0 0 558 424 42 0 0 0 0 0 
243 664 62 4 7 31 13 0 237 676 57 3 8 35 8 0 241 678 51 4 16 29 5 0 
292 107 29 4 6 521 61 4 311 92 28 2 8 552 31 0 317 95 20 3 204 377 8 0 
781 59 5 3 10 80 78 8 803 40 4 8 4 144 20 1 812 32 4 10 61 103 2 0 
499 492 30 3 0 0 0 0 512 480 31 1 0 0 0 0 508 483 33 0 0 0 0 0 
282 674 61 3 0 2 1 1 295 663 59 3 0 2 1 1 302 661 54 3 1 2 0 1 
494 416 40 3 6 9 33 23 532 384 35 5 4 24 34 6 539 386 27 8 9 38 16 1 
524 464 31 2 1 1 1 0 548 457 15 1 2 0 1 0 539 467 15 1 1 0 1 0 
359 638 27 0 0 0 0 0 392 608 24 0 0 0 0 0 395 603 26 0 0 0 0 0 
222 539 40 10 6 7 179 21 241 525 37 8 8 109 90 6 244 527 30 11 8 169 31 4 
252 340 114 12 10 22 258 16 265 336 107 14 9 244 45 4 253 342 111 16 9 249 40 4 
395 615 14 0 0 0 0 0 443 571 10 0 0 0 0 0 429 579 16 0 0 0 0 0 
268 398 44 6 13 113 178 4 241 424 44 7 14 251 40 3 244 417 49 8 22 258 25 1 
45 371 61 8 8 54 435 42 101 313 65 9 10 291 215 20 67 334 77 7 9 407 98 25 
451 556 17 0 0 0 0 0 559 454 11 0 0 0 0 0 546 467 11 0 0 0 0 0 
473 87 23 8 11 11 121 290 497 71 15 10 8 16 304 103 447 125 11 8 15 28 329 61 
958 14 3 4 0 6 17 22 963 11 4 1 3 3 24 15 939 32 4 4 0 7 22 16 
1024 0 0 0 0 0 0 0 1024 0 0 0 0 0 0 0 969 55 0 0 0 0 0 0 
984 40 0 0 0 0 0 0 1019 5 0 0 0 0 0 0 926 98 0 0 0 0 0 0 
1024 0 0 0 0 0 0 0 1024 0 0 0 0 0 0 0 997 27 0 0 0 0 0 0 
1019 5 0 0 0 0 0 0 1023 1 0 0 0 0 0 0 958 66 0 0 0 0 0 0 
1024 0 0 0 0 0 0 0 1024 0 0 0 0 0 0 0 1022 2 0 0 0 0 0 0 
1024 0 0 0 0 0 0 0 1024 0 0 0 0 0 0 0 1024 0 0 0 0 0 0 0 
0 0 0 0 0 0 1024 0 0 0 0 0 1012 12 0 0 0 0 8 959 57 0 0 0 
0 0 0 0 0 0 1024 0 0 0 0 0 710 314 0 0 0 0 1 442 573 8 0 0 
149 525 11 8 5 48 278 0 167 509 11 6 30 281 20 0 225 461 8 13 248 69 0 0 
407 615 2 0 0 0 0 0 447 577 0 0 0 0 0 0 444 578 2 0 0 0 0 0 
8 56 14 10 10 162 759 5 39 34 13 5 16 854 63 0 1 61 17 10 56 857 22 0 
0 0 0 0 0 0 1024 0 0 0 0 0 0 737 287 0 0 0 0 0 0 1024 0 0 
0 0 0 0 0 336 688 0 0 0 0 0 0 1024 0 0 0 0 0 0 0 1024 0 0 
310 152 8 9 10 459 75 1 369 97 6 8 9 504 30 1 411 60 7 11 100 434 1 0 
237 782 5 0 0 0 0 0 240 779 5 0 0 0 0 0 231 788 5 0 0 0 0 0 
119 371 27 10 8 374 115 0 113 381 25 9 14 469 13 0 89 376 46 16 122 355 20 0 
0 0 0 0 0 964 60 0 0 0 0 0 0 1024 0 0 0 0 0 0 102 922 0 0 
0 0 0 0 0 624 400 0 0 0 0 0 0 1024 0 0 0 0 0 0 0 1024 0 0 
405 98 8 5 5 32 454 17 424 79 8 6 6 438 60 3 459 49 7 7 9 479 14 0 
363 648 13 0 0 0 0 0 381 631 12 0 0 0 0 0 376 624 24 0 0 0 0 0 
83 371 43 12 10 196 308 1 94 367 37 11 12 464 39 0 83 341 73 12 14 468 33 0 
0 0 0 0 0 919 105 0 0 0 0 0 0 1024 0 0 0 0 0 0 0 1024 0 0 
52 30 6 5 7 818 103 3 64 19 7 6 9 887 32 0 62 24 4 8 59 854 13 0 
639 354 23 3 3 2 0 0 719 274 24 2 3 2 0 0 721 272 25 3 2 1 0 0 
209 615 78 12 6 59 36 9 221 617 66 11 10 72 24 3 228 596 80 12 20 64 22 2 
6 35 64 49 36 381 390 63 10 53 60 46 56 701 97 1 40 56 60 34 241 558 35 0 
71 53 27 26 14 308 458 67 101 28 36 19 53 712 74 1 115 21 36 23 279 532 18 0 
790 206 25 1 2 0 0 0 849 152 22 1 0 0 0 0 833 168 23 0 0 0 0 0 
300 528 35 4 8 7 91 51 309 523 31 7 7 23 104 20 297 536 30 8 7 73 57 16 
10 22 7 2 4 6 518 455 16 17 6 3 6 161 678 137 22 15 3 4 4 379 558 39 
586 105 8 10 4 4 27 280 653 43 10 3 5 7 135 168 648 48 10 4 4 26 250 34 
453 522 49 0 0 0 0 0 463 507 54 0 0 0 0 0 462 478 84 0 0 0 0 0 
119 359 102 8 12 6 378 40 130 372 80 12 6 85 324 15 143 367 77 9 9 380 37 2 
598 69 3 11 6 20 292 25 654 15 8 8 6 225 104 4 650 20 8 9 14 293 29 1 
607 412 5 0 0 0 0 0 607 412 5 0 0 0 0 0 607 412 5 0 0 0 0 0 
209 628 53 4 2 6 95 27 215 640 36 3 4 11 104 11 219 657 18 0 8 90 29 3 
711 109 8 5 4 6 91 90 740 80 10 3 6 8 146 31 708 113 8 5 2 31 127 30 
884 140 0 0 0 0 0 0 895 129 0 0 0 0 0 0 892 132 0 0 0 0 0 0 
908 115 1 0 0 0 0 0 933 91 0 0 0 0 0 0 933 91 0 0 0 0 0 0 
1022 2 0 0 0 0 0 0 1022 2 0 0 0 0 0 0 1022 2 0 0 0 0 0 0 
1022 2 0 0 0 0 0 0 1024 0 0 0 0 0 0 0 962 62 0 0 0 0 0 0 
1023 1 0 0 0 0 0 0 1024 0 0 0 0 0 0 0 892 132 0 0 0 0 0 0 
1024 0 0 0 0 0 0 0 1024 0 0 0 0 0 0 0 902 122 0 0 0 0 0 0 
1024 0 0 0 0 0 0 0 1024 0 0 0 0 0 0 0 1013 11 0 0 0 0 0 0 
1024 0 0 0 0 0 0 0 1024 0 0 0 0 0 0 0 978 46 0 0 0 0 0 0 
1024 0 0 0 0 0 0 0 1024 0 0 0 0 0 0 0 1024 0 0 0 0 0 0 0 
0 0 0 0 0 0 1024 0 0 0 0 0 1024 0 0 0 0 0 33 991 0 0 0 0 
0 0 0 0 0 0 1024 0 0 0 0 0 1024 0 0 0 0 0 111 913 0 0 0 0 
286 542 17 6 3 32 137 1 342 499 6 6 115 56 0 0 388 461 43 121 11 0 0 0 
316 696 11 1 0 0 0 0 334 689 1 0 0 0 0 0 339 683 2 0 0 0 0 0 
0 13 41 13 10 12 927 8 16 46 10 11 176 765 0 0 5 56 8 223 544 185 3 0 
0 0 0 0 0 0 1024 0 0 0 0 0 0 894 130 0 0 0 0 0 75 949 0 0 
0 0 0 0 0 92 932 0 0 0 0 0 0 954 70 0 0 0 0 0 0 1024 0 0 
227 284 8 13 5 196 284 7 289 228 3 14 4 329 155 2 369 152 12 5 64 416 6 0 
246 778 0 0 0 0 0 0 256 768 0 0 0 0 0 0 257 767 0 0 0 0 0 0 
57 331 40 7 9 8 562 10 68 330 31 8 8 273 303 3 54 313 58 8 7 414 156 14 
0 0 0 0 0 13 772 239 0 0 0 0 0 324 661 39 0 0 0 0 0 552 472 0 
0 0 0 0 0 27 706 291 0 0 0 0 0 278 727 19 0 0 0 0 0 461 563 0 
315 227 15 5 6 9 403 44 403 148 8 7 4 124 318 12 475 84 6 4 5 243 207 0 
263 703 58 0 0 0 0 0 304 671 49 0 0 0 0 0 302 674 48 0 0 0 0 0 
60 395 47 9 5 16 465 27 75 376 52 9 4 271 225 12 68 355 78 9 5 341 157 11 
0 0 0 1 6 259 734 24 0 0 0 2 6 694 317 5 0 0 0 4 5 874 140 1 
52 68 10 10 24 173 643 44 79 43 11 11 34 656 177 13 92 34 11 15 89 722 57 4 
575 443 6 0 0 0 0 0 692 326 6 0 0 0 0 0 688 330 6 0 0 0 0 0 
87 760 143 8 4 3 7 12 91 754 146 7 6 1 7 12 90 751 148 9 6 1 7 12 
22 88 62 66 47 40 135 564 34 90 67 56 42 50 320 365 76 83 48 58 46 71 445 197 
72 144 43 40 30 55 135 505 104 117 53 32 36 99 185 398 145 95 45 37 55 137 395 115 
618 400 5 1 0 0 0 0 760 260 4 0 0 0 0 0 759 261 4 0 0 0 0 0 
124 851 49 0 0 0 0 0 135 845 44 0 0 0 0 0 135 852 37 0 0 0 0 0 
2 16 13 6 5 11 743 228 2 18 12 5 6 54 897 30 6 20 8 5 6 446 523 10 
228 141 8 6 8 10 427 196 257 115 6 11 7 106 451 71 225 145 7 10 7 230 372 28 
632 387 5 0 0 0 0 0 772 249 3 0 0 0 0 0 760 257 7 0 0 0 0 0 
130 459 31 8 12 51 319 14 148 444 28 10 13 318 59 4 170 431 24 12 60 298 28 1 
36 28 9 4 7 340 591 9 55 11 9 4 23 891 30 1 43 25 6 4 266 661 19 0 
962 57 2 1 2 0 0 0 978 43 1 0 2 0 0 0 965 55 1 1 2 0 0 0 
333 490 31 8 7 22 127 6 369 460 25 9 6 99 52 4 400 439 22 5 16 124 17 1 
167 63 24 13 6 13 668 70 206 32 23 7 13 180 522 41 177 63 17 11 13 512 204 27 
821 117 79 3 1 0 1 2 851 149 17 3 1 1 0 2 861 153 3 3 1 0 1 2 
574 278 172 0 0 0 0 0 665 328 31 0 0 0 0 0 697 308 19 0 0 0 0 0 
1024 0 0 0 0 0 0 0 1024 0 0 0 0 0 0 0 1024 0 0 0 0 0 0 0 
1024 0 0 0 0 0 0 0 1024 0 0 0 0 0 0 0 983 41 0 0 0 0 0 0 
1024 0 0 0 0 0 0 0 1024 0 0 0 0 0 0 0 1009 15 0 0 0 0 0 0 
968 20 16 14 3 3 0 0 977 16 15 11 4 1 0 0 952 44 14 9 4 1 0 0 
1024 0 0 0 0 0 0 0 1024 0 0 0 0 0 0 0 881 143 0 0 0 0 0 0 
1024 0 0 0 0 0 0 0 1024 0 0 0 0 0 0 0 1024 0 0 0 0 0 0 0 
1024 0 0 0 0 0 0 0 1024 0 0 0 0 0 0 0 1024 0 0 0 0 0 0 0 
0 0 0 0 0 0 1024 0 0 0 0 0 1024 0 0 0 0 0 0 1024 0 0 0 0 
0 0 0 0 0 0 984 40 0 0 0 0 990 34 0 0 0 0 12 881 131 0 0 0 
350 587 11 6 7 20 43 0 376 566 9 5 15 52 1 0 405 549 5 40 25 0 0 0 
338 551 74 5 11 10 21 14 378 586 8 9 9 24 9 1 320 632 18 8 12 25 8 1 
0 0 0 0 2 2 856 164 0 0 0 4 33 663 324 0 0 0 2 26 357 536 103 0 
0 0 0 0 0 0 924 100 0 0 0 0 0 434 590 0 0 0 0 0 13 912 99 0 
0 0 0 0 0 0 988 36 0 0 0 0 0 196 828 0 0 0 0 0 0 959 65 0 
189 361 6 6 10 8 386 58 241 308 13 2 9 18 414 19 299 260 7 8 11 383 56 0 
201 810 13 0 0 0 0 0 212 800 12 0 0 0 0 0 205 807 12 0 0 0 0 0 
26 320 37 5 6 16 598 16 40 326 18 5 8 277 350 0 27 294 62 5 7 377 246 6 
0 0 0 0 0 0 769 255 0 0 0 0 0 222 801 1 0 0 0 0 0 414 610 0 
0 2 4 5 8 6 655 344 0 3 3 6 8 19 978 7 1 4 4 8 5 101 898 3 
275 265 16 18 33 48 297 72 344 199 19 15 40 51 324 32 430 125 16 21 42 121 261 8 
330 672 22 0 0 0 0 0 349 658 17 0 0 0 0 0 349 658 17 0 0 0 0 0 
92 324 33 7 39 48 379 102 104 320 26 7 50 51 407 59 99 307 41 13 49 75 399 41 
0 0 4 14 61 86 715 144 0 0 4 33 59 107 757 64 0 1 5 50 66 129 751 22 
25 82 8 27 46 47 654 135 55 53 9 37 47 51 720 52 75 35 17 45 46 77 711 18 
524 500 0 0 0 0 0 0 660 364 0 0 0 0 0 0 652 372 0 0 0 0 0 0 
141 797 83 2 0 1 0 0 148 797 76 2 0 1 0 0 138 784 99 2 0 1 0 0 
0 13 54 67 49 58 261 522 0 20 60 61 61 45 520 257 3 29 64 58 56 57 594 163 
9 107 38 39 38 50 82 661 22 107 28 41 37 57 117 615 29 106 35 33 47 52 369 353 
510 514 0 0 0 0 0 0 660 364 0 0 0 0 0 0 670 354 0 0 0 0 0 0 
158 829 37 0 0 0 0 0 174 822 28 0 0 0 0 0 141 840 43 0 0 0 0 0 
3 52 35 10 9 5 825 85 3 50 39 7 10 310 567 38 3 51 38 11 6 657 229 29 
160 218 8 10 6 180 435 7 247 135 8 9 12 581 32 0 235 148 8 9 46 555 23 0 
548 475 1 0 0 0 0 0 672 352 0 0 0 0 0 0 695 329 0 0 0 0 0 0 
105 629 41 5 11 211 22 0 107 633 36 6 48 187 7 0 117 630 30 7 181 58 1 0 
23 33 6 13 14 911 24 0 48 11 9 13 513 427 3 0 47 11 10 13 906 34 3 0 
936 88 0 0 0 0 0 0 1009 15 0 0 0 0 0 0 1006 18 0 0 0 0 0 0 
363 644 3 4 2 3 4 1 412 594 4 4 2 3 5 0 446 563 3 3 1 4 4 0 
53 58 15 11 20 501 342 24 91 27 11 12 139 509 224 11 63 57 10 13 298 433 136 14 
972 51 1 0 0 0 0 0 1004 20 0 0 0 0 0 0 994 30 0 0 0 0 0 0 
638 319 67 0 0 0 0 0 793 218 13 0 0 0 0 0 822 201 1 0 0 0 0 0 
936 49 39 0 0 0 0 0 954 65 5 0 0 0 0 0 954 63 7 0 0 0 0 0 
1024 0 0 0 0 0 0 0 1024 0 0 0 0 0 0 0 993 31 0 0 0 0 0 0 
1024 0 0 0 0 0 0 0 1024 0 0 0 0 0 0 0 709 315 0 0 0 0 0 0 
913 111 0 0 0 0 0 0 979 45 0 0 0 0 0 0 900 124 0 0 0 0 0 0 
1022 2 0 0 0 0 0 0 1022 2 0 0 0 0 0 0 1019 5 0 0 0 0 0 0 
1024 0 0 0 0 0 0 0 1024 0 0 0 0 0 0 0 1024 0 0 0 0 0 0 0 
1024 0 0 0 0 0 0 0 1024 0 0 0 0 0 0 0 1024 0 0 0 0 0 0 0 
0 0 0 0 0 0 777 247 0 0 0 0 978 40 6 0 0 0 0 1007 15 2 0 0 
91 52 8 6 9 14 599 245 118 30 8 9 676 169 14 0 140 19 46 734 63 22 0 0 
638 381 5 0 0 0 0 0 730 293 1 0 0 0 0 0 715 308 1 0 0 0 0 0 
463 437 17 9 5 3 8 82 512 400 13 3 5 5 51 35 479 418 20 10 4 7 47 39 
2 13 6 2 1 3 124 873 6 11 6 0 4 3 583 411 3 9 9 2 3 37 904 57 
0 0 0 0 0 0 201 823 0 0 0 0 0 0 796 228 0 0 0 0 0 50 960 14 
0 0 0 0 0 0 35 989 0 0 0 0 0 0 329 695 0 0 0 0 0 4 661 359 
328 265 9 3 5 8 115 291 398 196 9 2 5 12 304 98 476 126 5 5 11 111 282 8 
242 781 1 0 0 0 0 0 306 718 0 0 0 0 0 0 291 732 1 0 0 0 0 0 
36 262 17 6 5 7 594 97 48 254 16 5 4 343 327 27 39 217 57 7 5 460 206 33 
0 0 0 0 0 22 1002 0 0 0 0 0 0 1024 0 0 0 0 0 0 0 1024 0 0 
0 0 0 0 0 70 954 0 0 0 0 0 0 851 173 0 0 0 0 0 0 956 68 0 
293 297 9 3 8 18 374 22 394 200 6 4 7 184 217 12 450 149 3 8 13 333 68 0 
309 704 11 0 0 0 0 0 338 678 8 0 0 0 0 0 339 674 11 0 0 0 0 0 
87 365 12 6 10 3 521 20 91 363 10 6 12 25 503 14 94 353 15 8 9 308 220 17 
0 0 0 0 0 0 1024 0 0 0 0 0 0 271 753 0 0 0 0 0 0 661 363 0 
25 57 11 6 5 24 868 28 46 38 10 5 9 361 537 18 76 14 7 2 11 539 373 2 
582 442 0 0 0 0 0 0 710 314 0 0 0 0 0 0 716 308 0 0 0 0 0 0 
186 812 26 0 0 0 0 0 207 793 24 0 0 0 0 0 195 798 31 0 0 0 0 0 
7 48 55 42 35 30 714 93 6 51 55 43 37 35 746 51 7 65 54 46 33 156 627 36 
3 37 40 67 60 63 636 118 11 34 44 68 62 62 682 61 21 36 52 61 68 161 581 44 
514 510 0 0 0 0 0 0 610 414 0 0 0 0 0 0 668 356 0 0 0 0 0 0 
275 740 9 0 0 0 0 0 276 738 10 0 0 0 0 0 256 752 16 0 0 0 0 0 
13 100 28 6 7 43 413 414 10 101 30 6 8 135 676 58 12 98 31 7 7 213 621 35 
153 138 8 5 9 327 377 7 232 61 8 7 13 515 186 2 226 67 8 7 204 462 48 2 
710 313 1 0 0 0 0 0 820 204 0 0 0 0 0 0 816 208 0 0 0 0 0 0 
164 679 11 9 12 97 43 9 159 686 9 11 29 97 26 7 171 679 9 10 86 58 10 1 
0 2 2 1 9 653 357 0 1 3 1 0 388 488 143 0 1 3 1 1 580 438 0 0 
758 195 10 5 3 21 26 6 866 91 10 2 8 29 18 0 859 98 10 2 9 29 15 2 
700 324 0 0 0 0 0 0 708 316 0 0 0 0 0 0 687 336 1 0 0 0 0 0 
911 27 8 6 28 42 2 0 915 23 10 4 46 26 0 0 899 40 8 9 48 19 1 0 
996 28 0 0 0 0 0 0 999 25 0 0 0 0 0 0 998 26 0 0 0 0 0 0 
832 184 8 0 0 0 0 0 896 124 4 0 0 0 0 0 901 120 3 0 0 0 0 0 
947 75 2 0 0 0 0 0 969 55 0 0 0 0 0 0 972 52 0 0 0 0 0 0 
1024 0 0 0 0 0 0 0 1024 0 0 0 0 0 0 0 1024 0 0 0 0 0 0 0 
1024 0 0 0 0 0 0 0 1024 0 0 0 0 0 0 0 978 46 0 0 0 0 0 0 
1024 0 0 0 0 0 0 0 1024 0 0 0 0 0 0 0 1024 0 0 0 0 0 0 0 
1024 0 0 0 0 0 0 0 1024 0 0 0 0 0 0 0 1024 0 0 0 0 0 0 0 
1024 0 0 0 0 0 0 0 1024 0 0 0 0 0 0 0 1024 0 0 0 0 0 0 0 
1024 0 0 0 0 0 0 0 1024 0 0 0 0 0 0 0 1024 0 0 0 0 0 0 0 
0 0 0 0 0 0 736 288 0 0 0 0 4 164 748 108 0 0 0 13 50 466 481 14 
93 205 7 7 9 10 549 144 133 165 7 10 7 46 632 24 183 124 10 8 19 369 311 0 
302 722 0 0 0 0 0 0 320 704 0 0 0 0 0 0 284 740 0 0 0 0 0 0 
122 712 24 4 8 61 82 11 166 690 5 6 15 111 25 6 117 720 22 4 41 86 26 8 
0 0 0 0 0 246 768 10 0 0 0 0 0 764 260 0 0 0 0 0 104 823 97 0 
0 0 0 0 0 1 999 24 0 0 0 0 0 699 325 0 0 0 0 0 0 882 142 0 
0 0 0 0 0 0 523 501 0 0 0 0 0 68 605 351 0 0 0 0 0 176 614 234 
466 301 6 5 10 10 79 147 503 264 6 6 12 11 126 96 567 202 9 11 7 74 136 18 
470 551 3 0 0 0 0 0 520 502 2 0 0 0 0 0 527 495 2 0 0 0 0 0 
148 312 22 8 4 211 207 112 179 290 17 5 43 252 198 40 139 306 32 14 188 174 150 21 
0 0 0 0 0 584 440 0 0 0 0 0 184 814 26 0 0 0 0 0 469 555 0 0 
0 0 0 0 0 953 71 0 0 0 0 0 132 892 0 0 0 0 0 0 760 264 0 0 
622 106 6 6 10 200 70 4 676 55 5 11 37 220 20 0 697 36 6 13 134 135 3 0 
445 579 0 0 0 0 0 0 473 551 0 0 0 0 0 0 477 547 0 0 0 0 0 0 
241 310 6 6 9 9 372 71 248 303 6 6 11 24 408 18 215 331 11 6 8 268 166 19 
0 0 0 0 0 0 974 50 0 0 0 0 0 158 866 0 0 0 0 0 0 586 438 0 
16 30 8 6 10 15 649 290 30 18 8 6 9 114 673 166 40 13 5 9 10 426 478 43 
730 294 0 0 0 0 0 0 809 215 0 0 0 0 0 0 834 190 0 0 0 0 0 0 
435 589 0 0 0 0 0 0 457 567 0 0 0 0 0 0 444 580 0 0 0 0 0 0 
38 139 54 44 27 38 378 306 40 143 57 39 31 35 578 101 40 150 64 34 25 42 605 64 
1 22 40 65 58 60 700 78 1 24 42 71 54 79 701 52 8 35 52 60 59 257 525 28 
717 252 7 9 6 5 7 21 789 181 6 10 5 7 10 16 803 169 6 7 7 6 11 15 
502 507 15 0 0 0 0 0 526 485 13 0 0 0 0 0 548 464 12 0 0 0 0 0 
158 135 14 6 8 9 262 432 168 125 14 6 8 11 645 47 161 131 14 8 7 20 654 29 
128 100 6 6 6 9 491 278 171 61 6 5 6 12 693 70 161 71 4 6 7 73 675 27 
808 212 4 0 0 0 0 0 872 148 4 0 0 0 0 0 893 127 4 0 0 0 0 0 
423 530 27 4 4 3 20 13 415 537 29 3 4 3 23 10 419 541 23 2 3 9 24 3 
94 50 13 8 13 40 774 32 104 42 13 9 12 175 659 10 96 52 9 12 10 657 172 16 
903 51 5 5 3 4 30 23 920 34 6 7 2 11 33 11 888 64 7 7 3 17 26 12 
1010 12 2 0 0 0 0 0 1012 10 2 0 0 0 0 0 1010 12 2 0 0 0 0 0 
1021 3 0 0 0 0 0 0 1024 0 0 0 0 0 0 0 1022 2 0 0 0 0 0 0 
1003 21 0 0 0 0 0 0 1010 14 0 0 0 0 0 0 1006 18 0 0 0 0 0 0 
746 247 31 0 0 0 0 0 871 153 0 0 0 0 0 0 896 128 0 0 0 0 0 0 
703 204 117 0 0 0 0 0 739 284 1 0 0 0 0 0 761 261 2 0 0 0 0 0 
1024 0 0 0 0 0 0 0 1024 0 0 0 0 0 0 0 1024 0 0 0 0 0 0 0 
1024 0 0 0 0 0 0 0 1024 0 0 0 0 0 0 0 1024 0 0 0 0 0 0 0 
1024 0 0 0 0 0 0 0 1024 0 0 0 0 0 0 0 1024 0 0 0 0 0 0 0 
1024 0 0 0 0 0 0 0 1024 0 0 0 0 0 0 0 1024 0 0 0 0 0 0 0 
1024 0 0 0 0 0 0 0 1024 0 0 0 0 0 0 0 1024 0 0 0 0 0 0 0 
1024 0 0 0 0 0 0 0 1024 0 0 0 0 0 0 0 1024 0 0 0 0 0 0 0 
0 0 0 0 0 181 843 0 0 0 0 0 0 747 277 0 0 0 0 0 153 844 27 0 
111 260 9 6 9 464 165 0 134 237 9 6 58 549 31 0 192 188 6 18 463 157 0 0 
389 635 0 0 0 0 0 0 393 631 0 0 0 0 0 0 412 612 0 0 0 0 0 0 
196 558 59 8 7 108 88 0 206 597 15 7 24 172 3 0 190 581 44 7 70 116 16 0 
0 0 0 0 0 287 737 0 0 0 0 0 0 1024 0 0 0 0 0 0 88 936 0 0 
0 0 0 0 0 243 781 0 0 0 0 0 0 1024 0 0 0 0 0 0 4 1020 0 0 
0 0 0 0 0 100 924 0 0 0 0 0 0 858 166 0 0 0 0 0 0 1006 18 0 
416 385 4 6 6 18 180 9 481 321 5 7 3 89 113 5 527 278 7 5 17 174 16 0 
369 653 2 0 0 0 0 0 396 627 1 0 0 0 0 0 398 625 1 0 0 0 0 0 
49 359 16 9 11 182 378 20 76 339 12 8 38 278 262 11 51 350 24 6 185 240 152 16 
0 0 0 0 0 752 269 3 0 0 0 0 494 375 155 0 0 0 0 0 742 245 37 0 
0 0 0 0 0 801 223 0 0 0 0 0 424 569 31 0 0 0 0 0 772 252 0 0 
589 174 2 8 7 123 112 9 695 68 2 9 43 179 27 1 726 39 7 8 129 109 6 0 
165 856 3 0 0 0 0 0 165 856 3 0 0 0 0 0 153 868 3 0 0 0 0 0 
96 480 14 7 4 5 390 28 108 468 17 7 2 38 373 11 101 473 16 8 4 211 197 14 
1 9 9 5 11 23 916 50 1 9 9 8 8 36 947 6 2 10 10 7 14 320 658 3 
23 123 10 9 3 8 463 385 62 87 11 6 3 24 789 42 87 65 10 4 7 139 699 13 
787 237 0 0 0 0 0 0 907 117 0 0 0 0 0 0 904 120 0 0 0 0 0 0 
252 771 1 0 0 0 0 0 325 699 0 0 0 0 0 0 343 681 0 0 0 0 0 0 
43 268 24 43 29 27 207 383 36 271 33 42 29 31 344 238 32 250 67 36 26 31 466 116 
13 44 49 58 93 69 363 335 29 33 46 70 89 76 447 234 37 33 57 75 81 116 516 109 
750 272 1 1 0 0 0 0 868 154 2 0 0 0 0 0 867 155 2 0 0 0 0 0 
583 441 0 0 0 0 0 0 578 446 0 0 0 0 0 0 516 508 0 0 0 0 0 0 
227 241 16 7 4 62 454 13 228 241 16 6 4 345 179 5 205 261 19 6 5 480 45 3 
207 86 12 8 3 285 399 24 254 44 12 5 9 515 182 3 226 72 9 8 11 637 54 7 
1022 2 0 0 0 0 0 0 1024 0 0 0 0 0 0 0 1024 0 0 0 0 0 0 0 
764 260 0 0 0 0 0 0 785 239 0 0 0 0 0 0 730 294 0 0 0 0 0 0 
105 72 5 8 4 64 757 9 103 75 4 8 4 338 485 7 112 67 5 9 5 592 234 0 
789 79 10 10 5 20 64 47 853 19 7 9 10 27 67 32 782 86 10 9 6 42 57 32 
813 153 58 0 0 0 0 0 826 148 50 0 0 0 0 0 808 147 69 0 0 0 0 0 
964 60 0 0 0 0 0 0 987 37 0 0 0 0 0 0 989 35 0 0 0 0 0 0 
1024 0 0 0 0 0 0 0 1024 0 0 0 0 0 0 0 1024 0 0 0 0 0 0 0 
689 194 141 0 0 0 0 0 818 204 2 0 0 0 0 0 839 185 0 0 0 0 0 0 
769 183 72 0 0 0 0 0 810 212 2 0 0 0 0 0 822 201 1 0 0 0 0 0 
1024 0 0 0 0 0 0 0 1024 0 0 0 0 0 0 0 1024 0 0 0 0 0 0 0 
1024 0 0 0 0 0 0 0 1024 0 0 0 0 0 0 0 1024 0 0 0 0 0 0 0 
1024 0 0 0 0 0 0 0 1024 0 0 0 0 0 0 0 1024 0 0 0 0 0 0 0 
1024 0 0 0 0 0 0 0 1024 0 0 0 0 0 0 0 1024 0 0 0 0 0 0 0 
1024 0 0 0 0 0 0 0 1024 0 0 0 0 0 0 0 1024 0 0 0 0 0 0 0 
1024 0 0 0 0 0 0 0 1024 0 0 0 0 0 0 0 1024 0 0 0 0 0 0 0 
0 0 0 0 0 414 610 0 0 0 0 0 0 903 121 0 0 0 0 0 136 888 0 0 
159 321 8 9 14 483 30 0 185 293 10 9 135 384 8 0 200 288 9 22 459 46 0 0 
366 656 2 0 0 0 0 0 360 662 2 0 0 0 0 0 326 695 3 0 0 0 0 0 
306 319 26 6 22 323 22 0 365 285 5 9 210 150 0 0 338 292 24 10 292 63 5 0 
0 0 0 0 8 941 75 0 0 0 0 0 447 577 0 0 0 0 0 4 767 253 0 0 
0 0 0 0 0 879 145 0 0 0 0 0 370 654 0 0 0 0 0 0 596 428 0 0 
0 0 0 0 0 873 151 0 0 0 0 0 401 623 0 0 0 0 0 0 610 414 0 0 
481 366 4 13 14 100 44 2 528 319 5 13 37 99 22 1 576 275 12 16 92 51 2 0 
222 762 40 0 0 0 0 0 276 713 35 0 0 0 0 0 274 726 24 0 0 0 0 0 
37 330 20 6 6 230 391 4 61 313 14 8 3 428 193 4 45 313 27 7 8 481 133 10 
0 0 0 0 0 78 946 0 0 0 0 0 0 411 613 0 0 0 0 0 0 704 320 0 
0 0 0 0 0 554 470 0 0 0 0 0 0 881 143 0 0 0 0 0 12 980 32 0 
664 133 12 11 3 85 112 4 738 62 13 8 5 161 37 0 750 57 12 4 50 147 4 0 
307 710 7 0 0 0 0 0 318 699 7 0 0 0 0 0 302 715 7 0 0 0 0 0 
203 388 10 14 42 103 252 12 224 369 10 18 50 170 178 5 212 381 10 22 51 229 113 6 
51 91 67 48 98 201 445 23 63 88 61 62 99 330 309 12 104 77 55 58 138 470 122 0 
79 123 85 22 41 304 366 4 112 100 83 22 58 480 168 1 149 101 50 23 188 482 29 2 
871 152 1 0 0 0 0 0 940 84 0 0 0 0 0 0 941 83 0 0 0 0 0 0 
511 506 7 0 0 0 0 0 540 477 7 0 0 0 0 0 531 491 2 0 0 0 0 0 
275 645 91 3 2 4 0 4 232 627 152 3 2 4 1 3 201 622 187 3 3 3 2 3 
89 306 51 10 12 17 436 103 73 304 67 14 14 32 465 55 179 237 33 12 15 176 340 32 
788 225 3 4 2 1 1 0 898 116 4 2 2 2 0 0 864 150 5 2 2 1 0 0 
786 238 0 0 0 0 0 0 846 178 0 0 0 0 0 0 846 178 0 0 0 0 0 0 
190 320 8 11 4 119 357 15 194 316 11 8 11 260 216 8 188 324 10 8 26 367 97 4 
94 110 11 13 24 133 611 28 137 71 10 17 32 298 446 13 121 85 11 17 40 479 259 12 
838 186 0 0 0 0 0 0 915 109 0 0 0 0 0 0 889 135 0 0 0 0 0 0 
579 445 0 0 0 0 0 0 631 393 0 0 0 0 0 0 618 406 0 0 0 0 0 0 
335 339 45 7 12 145 140 1 336 333 52 5 19 255 22 2 354 273 92 6 32 249 17 1 
582 355 13 6 8 36 21 3 622 312 16 8 13 45 8 0 611 310 29 7 13 44 10 0 
204 820 0 0 0 0 0 0 372 652 0 0 0 0 0 0 358 666 0 0 0 0 0 0 
685 339 0 0 0 0 0 0 734 290 0 0 0 0 0 0 719 305 0 0 0 0 0 0 
893 131 0 0 0 0 0 0 932 92 0 0 0 0 0 0 954 70 0 0 0 0 0 0 
231 793 0 0 0 0 0 0 555 469 0 0 0 0 0 0 522 502 0 0 0 0 0 0 
926 98 0 0 0 0 0 0 970 54 0 0 0 0 0 0 966 58 0 0 0 0 0 0 
992 32 0 0 0 0 0 0 1007 17 0 0 0 0 0 0 1020 4 0 0 0 0 0 0 
1024 0 0 0 0 0 0 0 1024 0 0 0 0 0 0 0 1024 0 0 0 0 0 0 0 
1024 0 0 0 0 0 0 0 1024 0 0 0 0 0 0 0 1024 0 0 0 0 0 0 0 
1024 0 0 0 0 0 0 0 1024 0 0 0 0 0 0 0 1024 0 0 0 0 0 0 0 
1024 0 0 0 0 0 0 0 1024 0 0 0 0 0 0 0 1024 0 0 0 0 0 0 0 
1024 0 0 0 0 0 0 0 1024 0 0 0 0 0 0 0 1024 0 0 0 0 0 0 0 
0 0 0 0 0 414 610 0 0 0 0 0 3 917 104 0 0 0 0 0 197 827 0 0 
557 116 6 8 8 152 177 0 597 73 7 8 10 190 135 4 621 56 8 7 81 224 27 0 
899 125 0 0 0 0 0 0 915 109 0 0 0 0 0 0 926 98 0 0 0 0 0 0 
361 245 18 10 57 121 181 31 471 150 11 7 127 62 185 11 426 186 14 49 121 75 130 23 
0 0 0 0 354 267 403 0 0 0 0 0 500 219 305 0 0 0 0 323 273 368 60 0 
0 0 0 0 499 415 110 0 0 0 0 0 684 331 9 0 0 0 0 402 432 190 0 0 
1 1 2 1 360 659 0 0 1 1 2 2 961 57 0 0 2 1 2 184 835 0 0 0 
806 159 6 6 18 29 0 0 869 97 5 6 21 26 0 0 884 85 8 18 29 0 0 0 
887 137 0 0 0 0 0 0 929 95 0 0 0 0 0 0 909 115 0 0 0 0 0 0 
201 194 7 11 17 565 29 0 213 184 8 10 39 557 13 0 170 222 11 10 299 291 21 0 
0 0 0 0 0 910 114 0 0 0 0 0 0 976 48 0 0 0 0 0 462 549 13 0 
0 1 7 6 8 988 14 0 0 1 9 5 25 983 1 0 0 7 6 5 580 426 0 0 
798 71 13 10 6 106 20 0 846 26 11 11 22 100 8 0 856 21 10 8 98 28 3 0 
887 137 0 0 0 0 0 0 880 144 0 0 0 0 0 0 872 152 0 0 0 0 0 0 
490 141 20 28 20 270 52 3 505 131 22 22 36 286 20 2 455 182 26 21 122 200 17 1 
14 54 81 64 110 566 131 4 22 52 90 62 135 597 64 2 43 59 89 73 309 425 25 1 
86 49 13 10 13 672 170 11 109 30 10 11 23 790 46 5 122 16 11 14 263 569 29 0 
992 32 0 0 0 0 0 0 1009 15 0 0 0 0 0 0 1009 15 0 0 0 0 0 0 
928 96 0 0 0 0 0 0 941 83 0 0 0 0 0 0 940 84 0 0 0 0 0 0 
361 612 35 0 1 4 7 4 302 578 128 0 1 5 6 4 270 417 321 0 0 4 7 5 
131 309 75 20 14 164 261 50 98 334 84 21 27 244 203 13 232 231 58 15 73 233 170 12 
888 96 7 1 9 13 6 4 921 66 4 2 10 12 7 2 881 106 5 1 15 10 5 1 
868 156 0 0 0 0 0 0 918 106 0 0 0 0 0 0 837 187 0 0 0 0 0 0 
804 150 18 9 10 33 0 0 805 153 15 9 14 28 0 0 733 211 24 10 15 31 0 0 
856 84 24 33 23 4 0 0 863 79 25 32 24 1 0 0 728 206 19 33 34 4 0 0 
971 53 0 0 0 0 0 0 952 72 0 0 0 0 0 0 841 183 0 0 0 0 0 0 
748 276 0 0 0 0 0 0 794 230 0 0 0 0 0 0 774 250 0 0 0 0 0 0 
539 459 26 0 0 0 0 0 589 419 16 0 0 0 0 0 563 430 30 1 0 0 0 0 
734 280 10 0 0 0 0 0 789 225 10 0 0 0 0 0 764 250 10 0 0 0 0 0 
993 31 0 0 0 0 0 0 997 27 0 0 0 0 0 0 995 29 0 0 0 0 0 0 
1024 0 0 0 0 0 0 0 1024 0 0 0 0 0 0 0 1024 0 0 0 0 0 0 0 
1013 11 0 0 0 0 0 0 1020 4 0 0 0 0 0 0 1018 6 0 0 0 0 0 0 
934 90 0 0 0 0 0 0 983 41 0 0 0 0 0 0 1005 19 0 0 0 0 0 0 
663 360 1 0 0 0 0 0 766 258 0 0 0 0 0 0 845 179 0 0 0 0 0 0 
487 421 116 0 0 0 0 0 612 412 0 0 0 0 0 0 709 315 0 0 0 0 0 0 
904 86 34 0 0 0 0 0 964 60 0 0 0 0 0 0 963 61 0 0 0 0 0 0 
1024 0 0 0 0 0 0 0 1024 0 0 0 0 0 0 0 1024 0 0 0 0 0 0 0 
1024 0 0 0 0 0 0 0 1024 0 0 0 0 0 0 0 1024 0 0 0 0 0 0 0 
995 29 0 0 0 0 0 0 995 29 0 0 0 0 0 0 956 68 0 0 0 0 0 0 
972 52 0 0 0 0 0 0 974 50 0 0 0 0 0 0 935 89 0 0 0 0 0 0 
0 0 0 0 240 619 165 0 0 0 0 0 669 355 0 0 0 0 0 190 547 287 0 0 
641 147 11 4 59 142 20 0 704 82 13 4 120 85 16 0 718 80 3 49 139 35 0 0 
778 246 0 0 0 0 0 0 857 167 0 0 0 0 0 0 858 166 0 0 0 0 0 0 
246 213 17 14 19 405 109 1 335 137 14 7 190 266 75 0 265 199 15 14 239 257 34 1 
0 0 0 0 2 866 156 0 0 0 0 0 273 662 89 0 0 0 0 2 555 460 7 0 
0 0 0 0 204 802 18 0 0 0 0 0 646 373 5 0 0 0 0 212 745 67 0 0 
22 8 8 7 554 425 0 0 26 7 6 87 885 13 0 0 28 10 5 559 422 0 0 0 
688 332 3 1 0 0 0 0 743 277 3 1 0 0 0 0 735 288 1 0 0 0 0 0 
698 322 4 0 0 0 0 0 751 269 4 0 0 0 0 0 722 300 2 0 0 0 0 0 
162 219 7 10 285 313 27 1 234 151 8 7 437 182 5 0 193 189 8 174 353 102 5 0 
0 0 0 0 366 517 141 0 0 0 0 0 704 281 39 0 0 0 0 125 708 191 0 0 
0 0 0 0 38 956 30 0 0 0 0 0 429 595 0 0 0 0 0 0 927 97 0 0 
804 82 7 2 3 114 12 0 831 57 6 1 32 93 4 0 863 30 2 5 111 12 1 0 
592 432 0 0 0 0 0 0 663 361 0 0 0 0 0 0 663 361 0 0 0 0 0 0 
520 241 33 22 14 122 65 7 524 135 137 22 15 138 49 4 469 183 99 67 22 133 46 5 
261 458 35 24 21 137 84 4 82 384 280 27 25 161 61 4 83 297 325 72 38 163 38 8 
417 492 32 20 15 32 16 0 277 527 131 27 15 29 18 0 169 368 391 30 15 27 22 2 
998 26 0 0 0 0 0 0 1012 12 0 0 0 0 0 0 1012 12 0 0 0 0 0 0 
860 164 0 0 0 0 0 0 879 145 0 0 0 0 0 0 879 145 0 0 0 0 0 0 
442 411 169 2 0 0 0 0 465 412 145 2 0 0 0 0 436 435 151 2 0 0 0 0 
136 691 182 10 3 2 0 0 160 701 147 11 3 2 0 0 338 510 157 12 3 4 0 0 
945 71 8 0 0 0 0 0 952 65 7 0 0 0 0 0 946 70 7 1 0 0 0 0 
1024 0 0 0 0 0 0 0 1024 0 0 0 0 0 0 0 1023 1 0 0 0 0 0 0 
1024 0 0 0 0 0 0 0 1024 0 0 0 0 0 0 0 1024 0 0 0 0 0 0 0 
1024 0 0 0 0 0 0 0 1024 0 0 0 0 0 0 0 1024 0 0 0 0 0 0 0 
1024 0 0 0 0 0 0 0 1024 0 0 0 0 0 0 0 1024 0 0 0 0 0 0 0 
950 74 0 0 0 0 0 0 980 44 0 0 0 0 0 0 979 45 0 0 0 0 0 0 
449 568 7 0 0 0 0 0 519 502 3 0 0 0 0 0 397 580 47 0 0 0 0 0 
770 251 3 0 0 0 0 0 789 233 2 0 0 0 0 0 693 313 18 0 0 0 0 0 
1024 0 0 0 0 0 0 0 1024 0 0 0 0 0 0 0 1024 0 0 0 0 0 0 0 
1022 2 0 0 0 0 0 0 1024 0 0 0 0 0 0 0 1024 0 0 0 0 0 0 0 
1016 5 1 1 0 1 0 0 1016 3 3 1 0 1 0 0 1013 6 3 0 1 0 1 0 
556 409 59 0 0 0 0 0 711 313 0 0 0 0 0 0 756 268 0 0 0 0 0 0 
434 390 199 1 0 0 0 0 553 468 1 1 1 0 0 0 621 399 1 2 1 0 0 0 
915 59 46 2 0 0 2 0 928 88 3 2 1 0 1 1 921 91 6 1 2 1 0 2 
676 165 183 0 0 0 0 0 794 230 0 0 0 0 0 0 806 218 0 0 0 0 0 0 
995 29 0 0 0 0 0 0 998 26 0 0 0 0 0 0 998 26 0 0 0 0 0 0 
939 78 7 0 0 0 0 0 953 68 3 0 0 0 0 0 874 147 3 0 0 0 0 0 
1017 7 0 0 0 0 0 0 1021 3 0 0 0 0 0 0 992 32 0 0 0 0 0 0 
1012 12 0 0 0 0 0 0 997 27 0 0 0 0 0 0 779 245 0 0 0 0 0 0 
0 0 0 0 0 873 151 0 0 0 0 0 0 993 31 0 0 0 0 0 113 911 0 0 
828 68 8 6 7 91 16 0 850 44 9 6 7 78 30 0 855 46 7 8 65 43 0 0 
887 137 0 0 0 0 0 0 886 138 0 0 0 0 0 0 886 138 0 0 0 0 0 0 
228 156 16 11 9 581 23 0 361 37 10 10 240 366 0 0 262 131 12 10 543 62 4 0 
0 0 0 0 2 1022 0 0 0 0 0 0 349 675 0 0 0 0 0 0 945 79 0 0 
6 4 0 4 45 965 0 0 7 3 1 3 823 187 0 0 8 2 2 73 939 0 0 0 
269 100 24 22 312 297 0 0 273 102 24 36 583 6 0 0 212 166 22 380 243 1 0 0 
790 234 0 0 0 0 0 0 820 204 0 0 0 0 0 0 775 249 0 0 0 0 0 0 
681 343 0 0 0 0 0 0 701 323 0 0 0 0 0 0 704 320 0 0 0 0 0 0 
128 212 11 9 363 287 13 1 161 185 10 245 179 239 5 0 147 195 19 316 116 220 11 0 
0 0 0 0 680 312 32 0 0 0 0 503 281 240 0 0 0 0 1 635 163 225 0 0 
0 0 0 0 679 344 1 0 0 0 0 430 515 79 0 0 0 0 66 583 327 48 0 0 
865 48 12 9 47 42 1 0 895 24 10 30 57 8 0 0 909 17 17 56 24 1 0 0 
739 285 0 0 0 0 0 0 783 241 0 0 0 0 0 0 783 241 0 0 0 0 0 0 
457 567 0 0 0 0 0 0 326 432 266 0 0 0 0 0 289 340 362 33 0 0 0 0 
714 302 8 0 0 0 0 0 126 665 233 0 0 0 0 0 104 476 437 7 0 0 0 0 
299 600 119 6 0 0 0 0 214 524 283 3 0 0 0 0 175 378 436 35 0 0 0 0 
1005 19 0 0 0 0 0 0 1013 11 0 0 0 0 0 0 1014 10 0 0 0 0 0 0 
716 304 4 0 0 0 0 0 760 253 11 0 0 0 0 0 685 308 31 0 0 0 0 0 
550 406 50 9 7 2 0 0 598 382 31 8 5 0 0 0 528 439 43 10 4 0 0 0 
336 576 99 9 4 0 0 0 376 566 72 7 3 0 0 0 467 473 73 10 1 0 0 0 
668 318 38 0 0 0 0 0 725 276 23 0 0 0 0 0 586 388 50 0 0 0 0 0 
1024 0 0 0 0 0 0 0 1024 0 0 0 0 0 0 0 1014 10 0 0 0 0 0 0 
1024 0 0 0 0 0 0 0 1024 0 0 0 0 0 0 0 1024 0 0 0 0 0 0 0 
1024 0 0 0 0 0 0 0 1024 0 0 0 0 0 0 0 1024 0 0 0 0 0 0 0 
1024 0 0 0 0 0 0 0 1024 0 0 0 0 0 0 0 1024 0 0 0 0 0 0 0 
1024 0 0 0 0 0 0 0 1024 0 0 0 0 0 0 0 1024 0 0 0 0 0 0 0 
704 310 10 0 0 0 0 0 751 267 6 0 0 0 0 0 729 285 10 0 0 0 0 0 
540 468 16 0 0 0 0 0 546 467 11 0 0 0 0 0 543 464 17 0 0 0 0 0 
1024 0 0 0 0 0 0 0 1024 0 0 0 0 0 0 0 1024 0 0 0 0 0 0 0 
1006 18 0 0 0 0 0 0 1015 9 0 0 0 0 0 0 1015 9 0 0 0 0 0 0 
1024 0 0 0 0 0 0 0 1024 0 0 0 0 0 0 0 1024 0 0 0 0 0 0 0 
849 153 22 0 0 0 0 0 946 78 0 0 0 0 0 0 957 67 0 0 0 0 0 0 
924 70 30 0 0 0 0 0 963 61 0 0 0 0 0 0 968 56 0 0 0 0 0 0 
1024 0 0 0 0 0 0 0 1024 0 0 0 0 0 0 0 1024 0 0 0 0 0 0 0 
973 49 2 0 0 0 0 0 981 42 1 0 0 0 0 0 978 45 1 0 0 0 0 0 
1024 0 0 0 0 0 0 0 1024 0 0 0 0 0 0 0 1024 0 0 0 0 0 0 0 
1024 0 0 0 0 0 0 0 1024 0 0 0 0 0 0 0 971 53 0 0 0 0 0 0 
1018 6 0 0 0 0 0 0 1019 5 0 0 0 0 0 0 901 123 0 0 0 0 0 0 
1024 0 0 0 0 0 0 0 1024 0 0 0 0 0 0 0 1024 0 0 0 0 0 0 0 
72 12 6 11 317 606 0 0 76 10 4 75 593 266 0 0 77 13 14 535 205 180 0 0 
830 172 3 7 4 5 3 0 836 166 2 6 6 2 6 0 831 172 7 5 3 6 0 0 
768 256 0 0 0 0 0 0 808 216 0 0 0 0 0 0 807 217 0 0 0 0 0 0 
138 233 40 20 194 392 7 0 209 194 23 38 497 63 0 0 144 228 45 161 412 33 1 0 
15 43 36 8 328 594 0 0 22 58 20 27 887 10 0 0 8 37 52 385 532 10 0 0 
401 90 19 24 251 239 0 0 460 37 20 85 414 8 0 0 291 203 26 202 302 0 0 0 
997 27 0 0 0 0 0 0 1008 16 0 0 0 0 0 0 594 430 0 0 0 0 0 0 
946 78 0 0 0 0 0 0 919 105 0 0 0 0 0 0 832 192 0 0 0 0 0 0 
603 421 0 0 0 0 0 0 568 454 2 0 0 0 0 0 368 647 9 0 0 0 0 0 
442 419 32 24 79 28 0 0 338 534 26 41 80 5 0 0 117 745 37 61 57 7 0 0 
152 219 71 83 430 69 0 0 131 271 117 118 387 0 0 0 60 317 165 376 103 3 0 0 
84 241 73 67 540 19 0 0 142 190 117 202 373 0 0 0 170 162 141 493 58 0 0 0 
892 65 9 12 41 5 0 0 916 43 10 27 27 1 0 0 919 35 21 47 2 0 0 0 
780 242 2 0 0 0 0 0 804 218 2 0 0 0 0 0 802 220 2 0 0 0 0 0 
702 249 67 6 0 0 0 0 617 323 77 7 0 0 0 0 553 380 84 7 0 0 0 0 
83 606 292 27 6 3 7 0 76 611 299 24 4 5 5 0 744 221 41 8 1 8 1 0 
414 457 151 2 0 0 0 0 427 441 151 5 0 0 0 0 807 198 19 0 0 0 0 0 
1021 3 0 0 0 0 0 0 1021 3 0 0 0 0 0 0 1019 5 0 0 0 0 0 0 
906 118 0 0 0 0 0 0 903 121 0 0 0 0 0 0 531 482 11 0 0 0 0 0 
952 72 0 0 0 0 0 0 966 58 0 0 0 0 0 0 733 291 0 0 0 0 0 0 
691 304 29 0 0 0 0 0 692 302 30 0 0 0 0 0 813 206 5 0 0 0 0 0 
878 137 9 0 0 0 0 0 927 88 9 0 0 0 0 0 877 144 3 0 0 0 0 0 
1024 0 0 0 0 0 0 0 1024 0 0 0 0 0 0 0 1004 20 0 0 0 0 0 0 
1024 0 0 0 0 0 0 0 1024 0 0 0 0 0 0 0 1024 0 0 0 0 0 0 0 
974 50 0 0 0 0 0 0 986 38 0 0 0 0 0 0 818 201 5 0 0 0 0 0 
1024 0 0 0 0 0 0 0 1024 0 0 0 0 0 0 0 999 25 0 0 0 0 0 0 
1024 0 0 0 0 0 0 0 1024 0 0 0 0 0 0 0 1024 0 0 0 0 0 0 0 
983 41 0 0 0 0 0 0 991 33 0 0 0 0 0 0 988 36 0 0 0 0 0 0 
695 228 88 2 8 3 0 0 718 279 15 3 7 2 0 0 721 277 14 5 6 1 0 0 
1019 5 0 0 0 0 0 0 1020 4 0 0 0 0 0 0 1019 5 0 0 0 0 0 0 
1013 11 0 0 0 0 0 0 1019 5 0 0 0 0 0 0 1019 5 0 0 0 0 0 0 
1024 0 0 0 0 0 0 0 1024 0 0 0 0 0 0 0 1024 0 0 0 0 0 0 0 
922 79 23 0 0 0 0 0 987 37 0 0 0 0 0 0 985 39 0 0 0 0 0 0 
1012 11 1 0 0 0 0 0 1013 10 1 0 0 0 0 0 1015 9 0 0 0 0 0 0 
977 35 11 1 0 0 0 0 998 16 10 0 0 0 0 0 997 20 7 0 0 0 0 0 
1024 0 0 0 0 0 0 0 1024 0 0 0 0 0 0 0 1024 0 0 0 0 0 0 0 
937 80 7 0 0 0 0 0 970 53 1 0 0 0 0 0 968 55 1 0 0 0 0 0 
901 79 42 2 0 0 0 0 934 73 16 1 0 0 0 0 934 74 15 1 0 0 0 0 
1024 0 0 0 0 0 0 0 1024 0 0 0 0 0 0 0 1022 2 0 0 0 0 0 0 
1024 0 0 0 0 0 0 0 1024 0 0 0 0 0 0 0 1024 0 0 0 0 0 0 0 
199 92 79 52 433 169 0 0 227 92 57 327 307 14 0 0 231 85 133 397 178 0 0 0 
875 149 0 0 0 0 0 0 945 79 0 0 0 0 0 0 977 47 0 0 0 0 0 0 
959 65 0 0 0 0 0 0 965 59 0 0 0 0 0 0 964 60 0 0 0 0 0 0 
328 562 126 7 1 0 0 0 320 559 133 11 1 0 0 0 266 435 264 55 4 0 0 0 
390 449 172 13 0 0 0 0 376 446 179 23 0 0 0 0 316 344 299 65 0 0 0 0 
964 57 3 0 0 0 0 0 927 92 5 0 0 0 0 0 831 185 8 0 0 0 0 0 
988 33 3 0 0 0 0 0 915 63 40 6 0 0 0 0 774 243 7 0 0 0 0 0 
938 71 10 5 0 0 0 0 935 74 10 5 0 0 0 0 936 75 8 5 0 0 0 0 
1007 17 0 0 0 0 0 0 1010 14 0 0 0 0 0 0 877 147 0 0 0 0 0 0 
1016 8 0 0 0 0 0 0 923 101 0 0 0 0 0 0 489 535 0 0 0 0 0 0 
896 128 0 0 0 0 0 0 692 332 0 0 0 0 0 0 253 768 3 0 0 0 0 0 
695 299 30 0 0 0 0 0 512 420 92 0 0 0 0 0 270 559 181 14 0 0 0 0 
750 204 65 5 0 0 0 0 709 192 114 9 0 0 0 0 552 288 140 44 0 0 0 0 
536 300 170 18 0 0 0 0 564 298 151 11 0 0 0 0 523 311 183 7 0 0 0 0 
603 322 85 14 0 0 0 0 647 301 63 13 0 0 0 0 701 265 42 16 0 0 0 0 
544 353 94 33 0 0 0 0 631 291 74 28 0 0 0 0 729 214 66 15 0 0 0 0 
878 139 7 0 0 0 0 0 904 115 5 0 0 0 0 0 977 46 1 0 0 0 0 0 
1022 2 0 0 0 0 0 0 1022 2 0 0 0 0 0 0 949 75 0 0 0 0 0 0 
1019 5 0 0 0 0 0 0 1022 2 0 0 0 0 0 0 363 651 10 0 0 0 0 0 
873 151 0 0 0 0 0 0 918 106 0 0 0 0 0 0 605 362 57 0 0 0 0 0 
247 500 211 54 12 0 0 0 269 542 157 46 10 0 0 0 291 514 169 46 4 0 0 0 
835 115 59 15 0 0 0 0 872 78 63 11 0 0 0 0 771 181 66 6 0 0 0 0 
941 83 0 0 0 0 0 0 982 42 0 0 0 0 0 0 825 199 0 0 0 0 0 0 
1024 0 0 0 0 0 0 0 1024 0 0 0 0 0 0 0 1023 1 0 0 0 0 0 0 
1024 0 0 0 0 0 0 0 1024 0 0 0 0 0 0 0 905 119 0 0 0 0 0 0 
1024 0 0 0 0 0 0 0 1024 0 0 0 0 0 0 0 645 379 0 0 0 0 0 0 
1024 0 0 0 0 0 0 0 1024 0 0 0 0 0 0 0 1024 0 0 0 0 0 0 0 
932 65 21 6 0 0 0 0 976 25 19 4 0 0 0 0 979 35 10 0 0 0 0 0 
983 31 8 2 0 0 0 0 996 20 7 1 0 0 0 0 998 19 6 1 0 0 0 0 
1024 0 0 0 0 0 0 0 1024 0 0 0 0 0 0 0 1024 0 0 0 0 0 0 0 
965 59 0 0 0 0 0 0 979 45 0 0 0 0 0 0 977 47 0 0 0 0 0 0 
1005 19 0 0 0 0 0 0 1017 7 0 0 0 0 0 0 1019 5 0 0 0 0 0 0 
960 60 4 0 0 0 0 0 1017 7 0 0 0 0 0 0 1007 17 0 0 0 0 0 0 
1024 0 0 0 0 0 0 0 1024 0 0 0 0 0 0 0 1024 0 0 0 0 0 0 0 
1024 0 0 0 0 0 0 0 1024 0 0 0 0 0 0 0 1024 0 0 0 0 0 0 0 
1024 0 0 0 0 0 0 0 1024 0 0 0 0 0 0 0 1024 0 0 0 0 0 0 0 
1024 0 0 0 0 0 0 0 1024 0 0 0 0 0 0 0 1024 0 0 0 0 0 0 0 
537 216 191 80 0 0 0 0 614 307 96 7 0 0 0 0 616 323 85 0 0 0 0 0 
987 27 8 1 1 0 0 0 1001 16 5 2 0 0 0 0 1000 17 5 2 0 0 0 0 
1024 0 0 0 0 0 0 0 1024 0 0 0 0 0 0 0 1024 0 0 0 0 0 0 0 
