305 436 25 29 56 53 120 0 35 704 32 26 197 30 0 0 34 704 60 151 42 33 0 0 
7 65 145 257 377 116 57 0 0 79 130 217 470 125 3 0 0 91 138 283 375 134 3 0 
0 11 74 70 66 68 735 0 0 19 71 59 861 14 0 0 0 40 69 834 66 15 0 0 
0 0 0 0 0 0 1024 0 0 0 0 0 1024 0 0 0 0 0 0 1024 0 0 0 0 
0 0 0 0 0 0 1024 0 0 0 0 0 1024 0 0 0 0 0 0 1024 0 0 0 0 
0 0 0 0 0 0 1024 0 0 0 0 0 1024 0 0 0 0 0 0 1024 0 0 0 0 
0 0 0 0 0 0 1024 0 0 0 0 0 1024 0 0 0 0 0 0 1024 0 0 0 0 
0 0 0 0 0 0 1024 0 0 0 0 0 1024 0 0 0 0 0 0 1024 0 0 0 0 
0 0 0 0 0 0 1024 0 0 0 0 0 1024 0 0 0 0 0 0 1024 0 0 0 0 
0 0 0 0 0 0 1024 0 0 0 0 0 1024 0 0 0 0 0 0 1024 0 0 0 0 
1 269 263 117 56 51 264 3 0 263 278 106 372 5 0 0 7 348 213 395 58 3 0 0 
78 187 140 242 298 78 1 0 14 213 119 224 315 136 3 0 12 213 118 209 336 133 3 0 
42 159 76 198 351 171 25 2 0 184 89 128 370 230 23 0 0 171 107 148 349 223 26 0 
0 15 75 88 131 89 625 1 0 14 84 76 647 199 4 0 0 34 79 698 123 83 7 0 
0 0 0 0 0 0 1024 0 0 0 0 0 528 496 0 0 0 0 0 1024 0 0 0 0 
0 0 0 0 0 0 1024 0 0 0 0 0 297 727 0 0 0 0 0 1024 0 0 0 0 
0 0 0 0 0 0 1024 0 0 0 0 0 256 768 0 0 0 0 0 1024 0 0 0 0 
0 0 0 0 0 0 1024 0 0 0 0 0 352 672 0 0 0 0 0 1024 0 0 0 0 
0 0 0 0 0 0 1024 0 0 0 0 0 512 512 0 0 0 0 0 1024 0 0 0 0 
0 0 0 0 0 0 1024 0 0 0 0 0 876 148 0 0 0 0 0 1024 0 0 0 0 
48 155 285 248 186 73 28 1 9 121 292 253 265 78 6 0 53 171 260 236 225 71 7 1 
158 96 47 184 361 168 10 0 83 164 35 133 314 274 21 0 52 190 38 127 318 278 21 0 
0 269 231 113 239 137 35 0 0 227 264 92 231 200 10 0 2 287 224 100 254 147 10 0 
61 87 120 205 455 93 3 0 15 108 123 149 426 193 10 0 9 112 116 142 413 216 16 0 
23 61 68 73 118 119 548 14 1 73 81 72 114 659 24 0 1 93 69 449 269 114 29 0 
0 0 0 0 0 0 1024 0 0 0 0 0 0 1024 0 0 0 0 0 464 560 0 0 0 
0 0 0 0 0 0 1024 0 0 0 0 0 0 1024 0 0 0 0 0 463 561 0 0 0 
0 0 0 0 0 0 1024 0 0 0 0 0 0 1024 0 0 0 0 0 384 640 0 0 0 
0 0 0 0 0 0 1024 0 0 0 0 0 0 1024 0 0 0 0 0 384 640 0 0 0 
0 0 0 0 0 0 1015 9 0 0 0 0 0 1009 15 0 0 0 0 407 599 18 0 0 
455 211 75 63 124 86 10 0 205 400 104 69 106 122 18 0 241 398 87 57 107 120 13 1 
7 111 127 191 350 224 14 0 0 86 117 159 303 326 33 0 1 90 108 159 315 326 25 0 
0 23 192 235 335 203 36 0 0 10 167 170 352 295 30 0 0 15 167 166 389 257 30 0 
45 78 66 331 451 53 0 0 29 76 56 185 541 132 5 0 18 85 56 136 539 182 8 0 
12 209 133 196 309 146 19 0 2 181 139 146 303 222 31 0 2 181 132 144 297 234 34 0 
0 37 49 89 160 152 518 19 0 28 58 71 142 625 99 1 0 20 71 84 536 296 17 0 
0 0 0 1 1 3 1009 10 0 0 0 1 1 632 390 0 0 0 0 1 574 363 86 0 
0 44 34 10 4 18 902 12 0 30 50 9 12 905 18 0 0 78 9 9 881 47 0 0 
0 77 41 19 11 6 849 21 0 63 57 21 8 690 185 0 2 113 21 11 595 244 38 0 
0 1 4 16 17 8 969 9 0 1 6 22 12 827 156 0 0 4 8 24 400 542 46 0 
317 646 34 7 8 11 1 0 107 834 54 9 7 12 1 0 204 765 28 7 10 10 0 0 
6 124 54 88 393 326 33 0 1 117 57 50 266 446 85 2 2 130 43 51 262 450 85 1 
181 168 15 71 381 203 5 0 41 303 12 35 265 344 24 0 27 317 12 33 260 347 28 0 
53 187 57 115 402 210 0 0 6 212 62 66 314 353 11 0 1 215 62 53 268 403 22 0 
68 51 96 275 412 122 0 0 42 61 67 166 409 274 5 0 25 74 57 135 390 328 15 0 
0 47 106 256 424 179 12 0 0 27 85 158 394 333 27 0 0 22 75 150 375 366 36 0 
0 23 151 153 250 289 156 2 0 16 131 132 239 274 230 2 4 19 118 133 235 292 223 0 
34 169 141 166 203 199 108 4 34 147 158 151 208 184 136 6 42 170 134 157 201 186 131 3 
39 190 177 188 262 142 25 1 31 170 178 192 239 181 32 1 39 200 149 186 240 181 28 1 
3 33 29 314 533 104 8 0 0 35 38 482 389 71 9 0 5 45 223 548 125 68 10 0 
5 530 281 116 74 18 0 0 11 593 190 107 98 25 0 0 51 656 92 105 96 24 0 0 
1 60 152 248 381 155 25 2 0 42 126 214 366 234 36 6 0 43 132 212 366 232 34 5 
22 279 115 109 242 209 48 0 7 273 126 74 213 262 68 1 24 303 86 74 216 257 64 0 
73 250 159 164 238 139 1 0 2 144 157 195 227 278 21 0 15 177 167 172 204 263 26 0 
92 154 90 189 339 157 3 0 57 172 69 156 253 299 18 0 55 178 64 152 240 312 23 0 
3 135 101 227 284 263 11 0 2 107 90 168 271 339 46 1 1 87 100 158 268 343 65 2 
2 112 102 228 233 320 27 0 0 82 108 158 240 375 60 1 0 70 119 141 248 366 77 3 
174 193 120 163 147 205 20 2 67 213 157 147 172 214 53 1 123 189 132 118 176 233 49 4 
78 112 157 275 237 112 45 8 72 110 168 248 213 164 39 10 72 115 195 186 235 178 31 12 
20 28 147 705 58 55 11 0 18 28 109 738 64 56 11 0 23 32 108 731 69 52 9 0 
57 253 284 241 151 38 0 0 13 233 286 232 184 74 2 0 51 288 204 230 179 71 1 0 
0 34 132 283 445 128 2 0 0 12 111 232 444 220 5 0 0 12 111 229 445 222 5 0 
34 96 86 205 430 172 1 0 10 74 79 145 404 296 16 0 20 88 64 139 381 315 17 0 
821 191 12 0 0 0 0 0 275 423 262 57 6 1 0 0 489 407 118 8 2 0 0 0 
175 119 117 204 236 173 0 0 9 79 155 232 270 275 4 0 46 130 124 198 239 276 11 0 
7 61 148 315 279 207 7 0 0 49 101 268 266 327 10 3 2 48 101 223 274 346 28 2 
147 134 122 174 168 136 87 56 141 137 104 173 146 138 120 65 132 140 101 148 162 133 143 65 
622 252 80 42 16 9 3 0 191 365 318 107 26 9 8 0 295 417 198 80 16 11 7 0 
397 157 140 123 102 43 62 0 90 242 318 181 83 54 56 0 181 310 257 143 40 57 36 0 
6 29 122 338 411 44 74 0 15 28 124 451 291 59 56 0 16 40 119 491 242 81 35 0 
