0 4 164 219 186 139 103 209 0 1 76 250 249 155 106 187 0 2 174 254 211 122 91 170 
0 0 0 0 18 33 111 862 0 0 0 0 17 46 126 835 0 0 0 5 18 57 118 826 
0 0 0 0 0 0 11 1013 0 0 0 0 0 0 22 1002 0 0 0 0 0 0 20 1004 
0 0 0 5 45 138 227 609 0 0 1 13 77 173 260 500 0 0 2 13 84 180 254 491 
0 50 206 253 186 152 123 54 0 6 231 298 204 158 91 36 0 33 277 255 188 154 84 33 
4 133 235 237 190 116 60 49 0 19 269 277 189 145 89 36 0 72 279 258 189 126 66 34 
3 174 369 223 143 58 37 17 0 27 227 358 219 133 47 13 0 54 339 310 178 103 28 12 
2 265 368 203 83 28 45 30 0 0 85 392 257 185 73 32 0 11 316 322 204 97 44 30 
11 73 177 225 182 124 112 120 0 42 91 198 228 243 123 99 4 47 122 218 249 170 109 105 
296 228 178 130 72 71 30 19 63 396 191 160 92 72 26 24 187 304 189 148 79 70 25 22 
271 638 115 0 0 0 0 0 176 643 182 23 0 0 0 0 229 632 162 1 0 0 0 0 
0 19 273 440 196 83 12 1 0 0 33 358 423 163 40 7 0 0 141 474 290 98 19 2 
0 0 0 0 5 19 74 926 0 0 0 0 4 29 87 904 0 0 0 0 5 33 101 885 
0 0 0 0 0 0 0 1024 0 0 0 0 0 0 0 1024 0 0 0 0 0 0 0 1024 
0 0 0 1 10 38 87 888 0 0 0 2 21 49 98 854 0 0 0 2 21 50 100 851 
1 37 130 150 172 190 133 211 0 0 36 150 226 203 202 207 0 3 79 186 198 202 165 191 
4 213 315 171 151 93 53 24 0 2 174 319 236 176 86 31 0 35 286 281 200 134 65 23 
38 112 179 251 203 122 76 43 0 111 102 154 285 214 106 52 0 121 115 209 289 156 88 46 
94 206 222 237 134 87 35 9 6 244 155 211 230 136 31 11 11 255 188 231 202 100 28 9 
84 169 253 318 166 25 8 1 85 189 265 327 132 20 5 1 75 178 231 337 165 31 6 1 
744 221 57 2 0 0 0 0 593 305 49 68 9 0 0 0 698 222 86 18 0 0 0 0 
796 201 27 0 0 0 0 0 272 642 101 9 0 0 0 0 583 384 55 2 0 0 0 0 
0 83 308 190 162 123 84 74 0 1 100 331 238 185 107 62 0 20 257 262 204 142 96 43 
0 0 0 5 4 11 68 936 0 0 0 1 5 12 73 933 0 0 0 2 5 15 77 925 
0 0 0 3 28 124 169 700 0 0 0 0 23 82 175 744 0 0 0 5 34 119 173 693 
0 0 1 35 108 173 197 510 0 0 0 7 60 171 256 530 0 0 1 16 94 192 225 496 
0 99 79 193 291 187 111 64 0 21 122 127 214 295 172 73 0 44 108 164 278 242 131 57 
15 251 293 261 157 45 2 0 0 83 150 370 267 135 18 1 1 117 273 339 217 70 7 0 
73 304 296 270 76 4 1 0 1 249 176 257 253 80 7 1 14 311 226 268 180 24 1 0 
179 336 313 166 30 0 0 0 80 284 270 279 103 8 0 0 144 293 292 237 57 1 0 0 
33 124 371 362 120 14 0 0 48 164 420 314 71 7 0 0 36 135 343 400 101 9 0 0 
607 254 138 23 2 0 0 0 523 252 193 46 9 1 0 0 554 252 171 43 4 0 0 0 
703 289 32 0 0 0 0 0 301 623 69 27 4 0 0 0 590 373 49 11 1 0 0 0 
82 499 352 80 8 3 0 0 0 117 438 353 79 32 5 0 8 272 495 186 50 12 1 0 
3 34 116 161 168 120 123 299 0 1 17 96 163 254 179 314 0 6 45 133 218 193 151 278 
0 53 68 134 264 251 138 116 0 10 100 81 230 300 183 120 0 32 86 135 276 270 127 98 
2 116 144 257 241 170 64 30 0 57 158 267 291 155 66 30 0 76 158 263 261 175 60 31 
5 115 244 189 275 162 32 2 4 64 228 313 276 121 18 0 2 74 248 227 286 152 31 4 
22 309 397 217 69 10 0 0 4 122 357 334 159 47 1 0 11 222 394 275 99 23 0 0 
300 563 152 9 0 0 0 0 134 526 311 51 2 0 0 0 236 547 219 22 0 0 0 0 
467 280 178 75 22 2 0 0 334 322 239 111 17 1 0 0 427 288 213 77 18 1 0 0 
20 159 374 372 82 17 0 0 48 187 447 286 51 5 0 0 41 172 426 319 56 10 0 0 
550 291 152 31 0 0 0 0 549 282 169 21 3 0 0 0 531 269 195 29 0 0 0 0 
907 107 10 0 0 0 0 0 845 113 65 1 0 0 0 0 884 111 29 0 0 0 0 0 
237 579 184 23 1 0 0 0 3 326 429 215 49 2 0 0 41 478 373 115 16 1 0 0 
7 176 396 305 121 18 1 0 0 15 100 217 369 289 34 0 0 37 176 268 393 142 8 0 
4 63 201 258 218 201 77 2 0 38 93 299 276 271 47 0 0 53 135 305 245 233 53 0 
0 34 210 274 309 172 25 0 1 8 104 396 412 101 2 0 1 10 155 351 363 136 8 0 
2 48 198 356 303 106 11 0 6 73 248 368 275 51 3 0 3 51 211 347 311 93 8 0 
197 363 343 107 14 0 0 0 77 315 334 243 48 7 0 0 150 329 362 158 25 0 0 0 
754 219 46 5 0 0 0 0 655 276 81 11 1 0 0 0 734 225 59 6 0 0 0 0 
414 316 188 94 10 2 0 0 304 309 269 123 17 2 0 0 367 307 235 104 9 2 0 0 
8 180 436 330 66 4 0 0 15 216 491 267 33 2 0 0 13 197 481 282 49 2 0 0 
441 356 191 35 1 0 0 0 396 329 267 32 0 0 0 0 404 342 256 21 1 0 0 0 
958 51 11 4 0 0 0 0 820 173 18 11 2 0 0 0 879 121 15 8 1 0 0 0 
209 357 305 131 21 1 0 0 12 327 268 281 117 18 1 0 69 362 290 230 71 2 0 0 
20 190 324 249 135 72 33 1 0 24 166 295 351 161 27 0 0 63 224 330 279 101 27 0 
86 104 148 146 201 265 71 3 44 101 89 171 252 326 41 0 61 107 116 172 216 314 38 0 
7 20 118 235 366 233 44 1 1 18 131 344 374 147 9 0 1 19 118 308 371 187 20 0 
9 94 301 378 188 40 13 1 15 121 329 346 167 36 9 1 7 99 289 367 206 44 10 2 
498 173 175 150 25 3 0 0 426 200 118 189 81 9 1 0 474 158 117 187 81 7 0 0 
717 117 130 43 10 7 0 0 668 122 76 94 53 11 0 0 692 118 86 100 20 8 0 0 
395 229 243 120 32 5 0 0 354 192 241 189 40 8 0 0 378 188 262 157 31 8 0 0 
29 222 413 307 47 6 0 0 24 210 428 317 43 2 0 0 23 219 428 308 42 4 0 0 
274 439 262 47 2 0 0 0 137 339 392 153 3 0 0 0 174 406 376 67 1 0 0 0 
229 709 82 4 0 0 0 0 56 664 220 74 10 0 0 0 101 757 149 17 0 0 0 0 
21 436 485 79 3 0 0 0 0 25 309 570 114 6 0 0 0 102 580 311 31 0 0 0 
0 168 646 189 21 0 0 0 0 0 40 376 556 50 2 0 0 8 214 623 169 10 0 0 
3 229 522 219 43 8 0 0 0 4 94 351 504 65 6 0 0 23 273 479 223 21 5 0 
3 109 401 304 145 55 7 0 0 1 28 228 489 254 24 0 0 9 105 395 390 115 10 0 
0 39 433 401 124 27 0 0 0 2 18 226 589 172 17 0 0 3 69 462 408 74 8 0 
2 62 429 397 119 15 0 0 0 1 20 184 598 204 17 0 0 6 58 418 461 76 5 0 
0 61 535 362 62 4 0 0 0 0 10 300 590 115 9 0 0 0 87 554 344 39 0 0 
10 194 595 204 21 0 0 0 0 39 132 469 359 25 0 0 0 45 317 554 106 2 0 0 
16 270 548 171 16 3 0 0 0 40 223 514 233 13 1 0 1 96 383 471 67 6 0 0 
62 484 431 41 6 0 0 0 3 74 367 508 69 3 0 0 21 197 578 210 17 1 0 0 
106 844 73 1 0 0 0 0 2 201 760 61 0 0 0 0 34 756 223 11 0 0 0 0 
56 319 421 64 29 24 33 78 0 69 306 444 50 33 34 88 3 179 342 323 33 26 36 82 
42 303 440 60 31 24 39 85 0 33 230 509 85 23 37 107 2 105 346 368 49 21 38 95 
40 352 499 58 14 8 18 35 0 43 264 551 93 14 13 46 1 134 397 394 32 12 13 41 
13 296 619 79 17 0 0 0 0 6 148 595 253 22 0 0 0 38 325 558 97 6 0 0 
5 89 316 467 147 0 0 0 0 1 41 270 660 51 1 0 0 6 86 468 410 54 0 0 
17 396 589 22 0 0 0 0 0 6 133 706 174 5 0 0 0 40 601 358 25 0 0 0 
50 538 403 31 2 0 0 0 0 41 264 608 106 5 0 0 2 127 604 273 18 0 0 0 
12 350 609 51 2 0 0 0 0 6 177 660 175 6 0 0 0 51 593 347 33 0 0 0 
39 629 339 16 1 0 0 0 0 28 293 651 52 0 0 0 2 122 718 174 8 0 0 0 
49 679 278 15 3 0 0 0 1 55 535 397 35 1 0 0 8 155 721 132 8 0 0 0 
67 878 79 0 0 0 0 0 9 108 837 70 0 0 0 0 41 406 571 6 0 0 0 0 
