0 0 0 0 0 0 282 742 0 0 0 0 0 741 283 0 0 0 0 0 361 662 1 0 
0 0 0 0 0 0 147 877 0 0 0 0 0 310 714 0 0 0 0 0 183 841 0 0 
0 0 0 0 0 0 104 920 0 0 0 0 0 147 877 0 0 0 0 0 85 939 0 0 
0 0 0 0 0 0 132 892 0 0 0 0 0 207 817 0 0 0 0 0 91 929 4 0 
0 0 0 0 0 0 67 957 0 0 0 0 0 379 645 0 0 0 0 0 223 751 50 0 
0 0 0 0 0 0 135 889 0 0 0 0 0 728 296 0 0 0 0 0 643 381 0 0 
0 0 0 0 0 0 480 544 0 0 0 0 0 1024 0 0 0 0 0 0 1024 0 0 0 
0 0 0 0 0 0 480 544 0 0 0 0 0 1024 0 0 0 0 0 0 1024 0 0 0 
0 0 0 0 0 0 672 352 0 0 0 0 0 1024 0 0 0 0 0 0 1024 0 0 0 
0 0 0 0 0 0 742 282 0 0 0 0 4 1005 14 1 0 0 0 4 1007 13 0 0 
0 0 0 0 0 0 676 348 0 0 0 0 0 1015 9 0 0 0 0 9 1010 5 0 0 
0 0 0 0 0 0 878 146 0 0 0 0 0 1024 0 0 0 0 0 0 1024 0 0 0 
0 0 0 0 0 0 689 335 0 0 0 0 0 996 28 0 0 0 0 11 897 116 0 0 
0 0 0 0 0 0 314 710 0 0 0 0 0 634 390 0 0 0 0 0 486 448 90 0 
0 0 0 0 0 0 142 882 0 0 0 0 0 163 861 0 0 0 0 0 4 778 242 0 
0 0 0 0 0 0 49 975 0 0 0 0 0 141 883 0 0 0 0 0 15 743 266 0 
0 0 0 0 0 0 225 799 0 0 0 0 0 48 973 3 0 0 0 0 3 927 94 0 
0 0 0 0 0 0 82 942 0 0 0 0 0 38 986 0 0 0 0 0 0 517 507 0 
0 0 0 0 0 0 56 968 0 0 0 0 0 184 825 15 0 0 0 0 202 761 61 0 
0 0 0 0 0 0 4 1020 0 0 0 0 0 99 925 0 0 0 0 0 91 933 0 0 
0 0 0 0 0 0 1 1023 0 0 0 0 0 239 785 0 0 0 0 0 230 794 0 0 
0 0 0 0 0 0 8 1016 0 0 0 0 0 186 838 0 0 0 0 0 304 720 0 0 
0 0 0 0 0 0 4 1020 0 0 0 0 0 419 605 0 0 0 0 0 757 267 0 0 
0 0 0 0 0 0 0 1024 0 0 0 0 0 616 408 0 0 0 0 0 772 252 0 0 
0 0 0 0 0 0 0 1024 0 0 0 0 0 682 342 0 0 0 0 0 746 278 0 0 
0 0 0 0 0 0 0 1024 0 0 0 0 0 896 128 0 0 0 0 0 968 56 0 0 
0 0 0 0 0 0 0 1024 0 0 0 0 0 976 48 0 0 0 0 0 1008 16 0 0 
0 0 0 0 0 0 0 1024 0 0 0 0 0 976 48 0 0 0 0 0 1024 0 0 0 
0 0 0 0 0 0 0 1024 0 0 0 0 0 1024 0 0 0 0 0 0 1024 0 0 0 
0 0 0 0 0 0 16 1008 0 0 0 0 0 1024 0 0 0 0 0 0 1024 0 0 0 
0 0 0 0 0 0 40 984 0 0 0 0 0 1024 0 0 0 0 0 0 1024 0 0 0 
0 0 0 0 0 0 104 920 0 0 0 0 0 1024 0 0 0 0 0 0 1024 0 0 0 
0 0 0 0 0 0 38 986 0 0 0 0 0 321 703 0 0 0 0 0 2 996 26 0 
0 0 0 0 0 0 143 881 0 0 0 0 0 253 615 156 0 0 0 0 200 431 393 0 
0 0 0 0 0 0 202 822 0 0 0 0 0 585 424 15 0 0 0 0 467 372 185 0 
0 0 0 0 0 0 924 100 0 0 0 0 0 1024 0 0 0 0 0 0 222 802 0 0 
0 0 0 0 0 0 0 1024 0 0 0 0 0 0 85 939 0 0 0 0 0 9 930 85 
0 0 0 0 0 0 0 1024 0 0 0 0 0 0 220 804 0 0 0 0 1 118 868 37 
0 0 0 0 0 0 0 1024 0 0 0 0 0 0 410 614 0 0 0 0 0 184 840 0 
0 0 0 0 0 0 0 1024 0 0 0 0 0 0 569 455 0 0 0 0 0 232 786 6 
0 0 0 0 0 0 0 1024 0 0 0 0 0 0 834 190 0 0 0 0 32 475 517 0 
0 0 0 0 0 0 0 1024 0 0 0 0 0 0 983 41 0 0 0 0 159 459 406 0 
0 5 49 70 19 16 24 841 0 0 55 73 22 21 818 35 0 7 71 59 21 717 149 0 
0 29 204 173 29 25 38 526 0 10 144 250 30 86 503 1 0 11 170 234 170 432 7 0 
0 45 305 93 28 23 32 498 0 21 291 129 33 86 464 0 0 51 324 85 230 332 2 0 
0 33 213 178 40 23 27 510 0 36 193 189 53 95 458 0 0 60 188 177 249 350 0 0 
0 36 300 195 26 17 31 419 0 15 342 190 24 116 337 0 0 92 313 154 202 260 3 0 
0 9 109 91 16 18 30 751 0 9 123 80 26 263 523 0 1 25 147 49 414 388 0 0 
0 3 99 132 33 20 42 695 0 11 82 129 59 390 353 0 0 14 114 121 474 301 0 0 
0 0 112 341 88 28 52 403 0 1 71 417 67 307 161 0 0 7 104 358 453 101 1 0 
0 0 17 96 16 18 33 844 0 0 26 99 16 546 337 0 0 1 54 79 519 371 0 0 
0 0 0 0 0 0 0 1024 0 0 0 0 0 665 359 0 0 0 0 0 666 358 0 0 
0 0 0 0 0 0 0 1024 0 0 0 0 0 828 196 0 0 0 0 0 832 192 0 0 
0 0 0 0 0 0 0 1024 0 0 0 0 0 1021 3 0 0 0 0 0 1024 0 0 0 
3 19 24 75 11 13 44 835 9 15 52 48 13 16 641 230 12 14 66 37 16 484 363 32 
0 0 0 0 0 16 15 993 0 0 0 0 0 18 748 258 0 0 0 0 16 599 409 0 
0 2 78 61 26 20 24 813 0 1 58 87 30 17 511 320 0 2 90 71 23 395 439 4 
0 0 139 280 57 20 25 503 0 0 113 312 55 21 151 372 0 2 131 306 56 96 429 4 
0 52 441 248 49 14 24 196 0 30 399 293 62 25 74 141 0 100 383 254 50 37 196 4 
0 7 270 529 52 18 25 123 0 2 119 644 96 25 82 56 0 4 117 638 110 29 125 1 
7 172 624 219 2 0 0 0 0 123 555 325 21 0 0 0 0 190 534 271 29 0 0 0 
1 247 631 80 40 25 0 0 0 149 645 156 38 36 0 0 0 232 604 119 40 29 0 0 
0 256 570 163 35 0 0 0 0 77 599 273 75 0 0 0 5 143 629 189 58 0 0 0 
1 126 518 350 20 8 1 0 0 63 297 472 169 17 5 1 0 93 260 350 262 39 14 6 
0 20 185 806 13 0 0 0 0 7 86 638 293 0 0 0 0 4 68 247 702 3 0 0 
0 18 275 709 22 0 0 0 0 5 182 728 109 0 0 0 0 2 154 478 390 0 0 0 
0 275 653 96 0 0 0 0 0 167 615 241 1 0 0 0 0 192 596 235 1 0 0 0 
0 122 370 522 10 0 0 0 0 85 187 670 82 0 0 0 0 98 187 631 108 0 0 0 
0 0 518 474 14 4 7 7 0 0 75 900 34 10 5 0 0 0 107 872 34 11 0 0 
0 0 390 350 47 44 57 136 0 0 43 675 91 51 164 0 0 0 72 681 151 120 0 0 
0 4 283 250 137 114 55 181 0 0 31 458 289 88 158 0 0 0 34 524 272 194 0 0 
0 9 66 21 362 276 142 148 0 0 8 88 502 284 142 0 0 0 10 118 716 180 0 0 
502 462 45 6 9 0 0 0 415 533 60 8 8 0 0 0 471 482 56 9 6 0 0 0 
518 336 121 27 7 8 6 1 281 471 182 68 8 7 7 0 346 407 187 64 6 8 6 0 
277 445 235 67 0 0 0 0 153 451 290 112 18 0 0 0 182 436 269 110 27 0 0 0 
302 346 239 93 32 11 1 0 198 300 288 142 69 21 6 0 205 264 244 180 60 39 26 6 
61 237 139 122 248 208 9 0 20 193 179 104 137 262 127 2 15 107 221 107 70 150 243 111 
38 56 121 278 257 239 35 0 15 38 92 210 184 262 205 18 4 20 85 159 189 79 287 201 
23 63 181 169 262 262 63 1 9 28 148 197 72 312 229 29 1 38 123 196 56 50 280 280 
26 78 213 94 170 328 112 3 6 39 147 174 81 271 280 26 3 41 141 167 65 82 328 197 
20 11 137 229 233 329 65 0 11 17 27 255 123 277 293 21 4 20 19 167 185 89 276 264 
32 24 89 185 236 376 82 0 13 27 22 135 178 280 337 32 2 24 17 75 147 131 330 298 
20 15 48 273 247 346 75 0 13 15 19 148 237 242 332 18 11 9 19 59 281 106 309 230 
37 37 54 218 421 254 3 0 7 40 44 133 247 426 127 0 1 41 48 87 154 192 406 95 
10 40 67 157 376 293 57 24 0 23 49 124 149 387 253 39 0 6 39 109 105 165 370 230 
5 39 75 137 182 447 119 20 3 10 53 127 122 192 461 56 0 4 47 117 83 107 305 361 
7 14 86 183 331 370 29 4 1 5 39 95 219 354 295 16 0 4 21 77 139 153 390 240 
84 76 104 206 304 244 6 0 0 43 107 135 222 399 114 4 8 80 61 88 167 173 324 123 
250 421 120 128 54 38 13 0 8 199 452 173 115 45 28 4 39 378 283 84 121 68 38 13 
36 929 59 0 0 0 0 0 5 28 865 126 0 0 0 0 12 40 956 16 0 0 0 0 
573 438 13 0 0 0 0 0 433 562 29 0 0 0 0 0 466 534 24 0 0 0 0 0 
850 169 5 0 0 0 0 0 702 315 7 0 0 0 0 0 736 282 6 0 0 0 0 0 
536 478 10 0 0 0 0 0 240 756 28 0 0 0 0 0 319 656 49 0 0 0 0 0 
975 49 0 0 0 0 0 0 915 109 0 0 0 0 0 0 971 53 0 0 0 0 0 0 
663 271 69 16 5 0 0 0 602 302 93 9 18 0 0 0 616 205 166 12 9 16 0 0 
352 297 174 44 73 83 1 0 261 259 232 89 56 65 61 1 242 198 220 120 59 51 81 53 
108 397 196 51 68 197 7 0 38 381 207 77 69 61 190 1 58 364 165 86 36 73 36 206 
235 315 192 39 134 109 0 0 68 409 183 104 52 151 57 0 98 318 143 116 91 34 120 104 
181 322 104 47 89 274 7 0 122 352 73 76 34 105 261 1 98 327 77 62 73 21 99 267 
243 387 160 30 107 95 2 0 108 455 138 101 28 80 113 1 104 408 118 101 74 26 54 139 
221 408 76 56 81 180 2 0 97 478 95 54 49 111 139 1 132 405 79 65 53 41 105 144 
167 375 98 91 197 96 0 0 78 368 136 85 86 165 106 0 88 270 147 101 50 73 194 101 
102 447 273 53 35 106 8 0 7 185 271 305 97 57 95 7 4 172 277 292 109 27 51 92 
136 466 241 46 74 61 0 0 1 82 299 418 84 66 73 1 6 93 365 327 78 39 69 47 
352 495 101 27 30 19 0 0 4 187 596 156 28 29 23 1 9 421 402 108 20 19 19 26 
483 459 74 6 2 0 0 0 96 422 411 91 2 2 0 0 163 505 315 38 1 2 0 0 
249 214 256 181 84 23 16 1 61 243 239 264 120 71 17 9 132 225 129 221 158 98 44 17 
105 289 565 23 25 13 3 1 10 261 169 526 22 22 11 3 19 278 129 533 21 20 15 9 
563 458 3 0 0 0 0 0 456 559 9 0 0 0 0 0 476 541 7 0 0 0 0 0 
586 427 11 0 0 0 0 0 382 618 24 0 0 0 0 0 449 557 18 0 0 0 0 0 
557 467 0 0 0 0 0 0 424 600 0 0 0 0 0 0 439 585 0 0 0 0 0 0 
937 66 21 0 0 0 0 0 912 81 30 1 0 0 0 0 928 67 29 0 0 0 0 0 
961 55 8 0 0 0 0 0 958 58 8 0 0 0 0 0 961 55 8 0 0 0 0 0 
358 527 137 2 0 0 0 0 287 517 217 3 0 0 0 0 301 521 199 3 0 0 0 0 
347 301 208 35 64 60 9 0 287 267 287 32 38 61 52 0 283 256 269 51 21 54 46 44 
266 269 97 62 207 90 32 1 156 300 132 54 69 202 96 15 93 275 184 66 39 96 177 94 
176 169 81 77 259 231 31 0 158 135 91 56 75 271 222 16 95 157 86 63 52 67 254 250 
315 182 87 65 205 144 26 0 204 237 82 79 53 188 165 16 186 185 106 75 61 60 179 172 
124 247 234 163 149 104 3 0 56 168 134 197 211 152 105 1 48 127 121 255 131 114 138 90 
47 516 365 65 21 10 0 0 0 30 195 574 187 27 11 0 1 27 305 489 146 32 17 7 
254 548 211 8 3 0 0 0 5 185 494 298 39 3 0 0 18 253 424 275 51 3 0 0 
482 432 105 5 0 0 0 0 93 484 314 127 6 0 0 0 155 476 258 127 8 0 0 0 
348 509 154 12 1 0 0 0 57 300 452 193 21 1 0 0 99 341 433 124 26 1 0 0 
310 515 186 13 0 0 0 0 15 311 512 176 10 0 0 0 29 381 463 141 10 0 0 0 
186 409 333 60 21 14 1 0 28 297 397 226 46 23 7 0 21 265 343 284 64 23 21 3 
119 435 407 56 5 2 0 0 0 2 700 274 40 6 2 0 0 4 431 507 48 26 7 1 
1024 0 0 0 0 0 0 0 1024 0 0 0 0 0 0 0 1024 0 0 0 0 0 0 0 
1019 5 0 0 0 0 0 0 1019 5 0 0 0 0 0 0 1021 3 0 0 0 0 0 0 
1024 0 0 0 0 0 0 0 1024 0 0 0 0 0 0 0 1024 0 0 0 0 0 0 0 
1024 0 0 0 0 0 0 0 1024 0 0 0 0 0 0 0 1024 0 0 0 0 0 0 0 
1019 5 0 0 0 0 0 0 1008 16 0 0 0 0 0 0 1024 0 0 0 0 0 0 0 
564 448 12 0 0 0 0 0 541 449 34 0 0 0 0 0 543 450 31 0 0 0 0 0 
401 534 89 0 0 0 0 0 380 486 158 0 0 0 0 0 385 501 138 0 0 0 0 0 
396 515 113 0 0 0 0 0 326 510 187 1 0 0 0 0 344 441 238 1 0 0 0 0 
255 293 290 67 67 52 0 0 227 113 326 202 37 87 32 0 205 131 305 213 31 24 80 35 
271 402 247 41 25 38 0 0 143 121 294 312 95 38 21 0 117 159 298 296 64 32 21 37 
323 539 121 24 13 4 0 0 38 274 496 168 31 14 3 0 68 407 398 108 21 16 6 0 
451 508 60 5 0 0 0 0 52 379 487 104 2 0 0 0 129 514 314 66 1 0 0 0 
511 389 94 27 3 0 0 0 126 480 327 69 20 2 0 0 186 518 233 58 25 4 0 0 
267 366 271 105 13 2 0 0 40 266 320 276 102 17 3 0 81 311 244 225 104 56 3 0 
323 458 214 29 0 0 0 0 27 254 510 203 30 0 0 0 63 350 398 190 23 0 0 0 
352 479 170 23 0 0 0 0 109 458 354 95 7 1 0 0 103 417 352 122 29 1 0 0 
83 268 449 203 21 0 0 0 28 188 314 398 94 2 0 0 17 144 239 346 221 55 2 0 
15 293 611 105 0 0 0 0 0 13 226 678 107 0 0 0 2 22 139 631 130 100 0 0 
1024 0 0 0 0 0 0 0 1024 0 0 0 0 0 0 0 1024 0 0 0 0 0 0 0 
1019 5 0 0 0 0 0 0 1007 17 0 0 0 0 0 0 1018 6 0 0 0 0 0 0 
1006 18 0 0 0 0 0 0 1006 18 0 0 0 0 0 0 1006 18 0 0 0 0 0 0 
1018 6 0 0 0 0 0 0 1018 6 0 0 0 0 0 0 1022 2 0 0 0 0 0 0 
1000 24 0 0 0 0 0 0 992 32 0 0 0 0 0 0 1018 6 0 0 0 0 0 0 
965 59 0 0 0 0 0 0 955 69 0 0 0 0 0 0 972 52 0 0 0 0 0 0 
715 285 24 0 0 0 0 0 638 362 24 0 0 0 0 0 649 351 24 0 0 0 0 0 
768 229 27 0 0 0 0 0 697 282 45 0 0 0 0 0 711 270 43 0 0 0 0 0 
128 497 380 19 0 0 0 0 73 239 493 212 7 0 0 0 74 277 483 182 7 1 0 0 
338 510 144 29 3 0 0 0 39 272 532 151 27 3 0 0 78 402 382 127 32 3 0 0 
452 488 78 6 0 0 0 0 77 392 452 96 7 0 0 0 154 529 281 56 4 0 0 0 
286 292 277 132 35 2 0 0 77 227 280 257 141 38 4 0 115 196 224 257 144 74 13 1 
166 214 224 297 117 6 0 0 55 131 178 312 238 103 7 0 51 136 177 161 315 137 45 2 
366 237 148 221 49 2 1 0 36 282 285 182 199 38 2 0 78 319 187 114 159 139 28 0 
419 415 139 38 9 4 0 0 128 381 389 88 27 9 2 0 133 406 253 173 38 16 5 0 
183 358 433 50 0 0 0 0 94 219 367 311 32 1 0 0 112 153 241 377 122 19 0 0 
0 47 398 544 34 1 0 0 0 2 103 514 384 20 1 0 0 0 8 281 415 271 49 0 
0 2 660 357 5 0 0 0 0 0 80 901 39 4 0 0 0 0 3 696 289 28 8 0 
1019 5 0 0 0 0 0 0 1015 9 0 0 0 0 0 0 1022 2 0 0 0 0 0 0 
1019 5 0 0 0 0 0 0 1019 5 0 0 0 0 0 0 1019 5 0 0 0 0 0 0 
1024 0 0 0 0 0 0 0 1024 0 0 0 0 0 0 0 1024 0 0 0 0 0 0 0 
1024 0 0 0 0 0 0 0 1022 2 0 0 0 0 0 0 1024 0 0 0 0 0 0 0 
1024 0 0 0 0 0 0 0 1024 0 0 0 0 0 0 0 1024 0 0 0 0 0 0 0 
1024 0 0 0 0 0 0 0 1024 0 0 0 0 0 0 0 1024 0 0 0 0 0 0 0 
1001 23 0 0 0 0 0 0 1001 23 0 0 0 0 0 0 1001 23 0 0 0 0 0 0 
568 425 30 1 0 0 0 0 521 315 103 68 17 0 0 0 538 319 87 68 12 0 0 0 
192 538 269 25 0 0 0 0 44 153 320 369 134 4 0 0 47 183 352 343 99 0 0 0 
232 433 310 46 3 0 0 0 23 133 302 431 126 9 0 0 39 156 347 409 70 3 0 0 
566 339 95 22 2 0 0 0 249 385 278 96 14 2 0 0 324 339 262 75 21 3 0 0 
488 381 126 26 1 2 0 0 148 318 376 153 27 2 0 0 171 325 366 132 26 3 1 0 
365 309 200 127 23 0 0 0 128 378 251 166 85 16 0 0 196 331 185 148 121 32 11 0 
226 288 324 159 27 0 0 0 41 212 263 304 160 43 1 0 89 204 191 201 175 123 41 0 
212 319 246 167 55 15 10 0 34 209 335 223 143 60 18 2 85 197 212 176 138 127 72 17 
72 360 456 132 4 0 0 0 2 75 434 426 87 0 0 0 4 40 246 443 212 79 0 0 
111 424 311 166 12 0 0 0 3 112 474 364 66 5 0 0 0 30 366 420 190 16 2 0 
30 438 493 63 0 0 0 0 0 21 469 534 0 0 0 0 0 4 80 792 148 0 0 0 
1024 0 0 0 0 0 0 0 1024 0 0 0 0 0 0 0 1024 0 0 0 0 0 0 0 
1024 0 0 0 0 0 0 0 1023 1 0 0 0 0 0 0 1024 0 0 0 0 0 0 0 
1024 0 0 0 0 0 0 0 1024 0 0 0 0 0 0 0 1024 0 0 0 0 0 0 0 
1024 0 0 0 0 0 0 0 1023 1 0 0 0 0 0 0 1024 0 0 0 0 0 0 0 
1024 0 0 0 0 0 0 0 1024 0 0 0 0 0 0 0 1024 0 0 0 0 0 0 0 
979 42 3 0 0 0 0 0 968 52 4 0 0 0 0 0 970 50 4 0 0 0 0 0 
539 427 57 1 0 0 0 0 484 272 213 55 0 0 0 0 485 270 170 79 20 0 0 0 
205 481 288 49 1 0 0 0 78 199 378 306 60 3 0 0 80 179 261 344 151 9 0 0 
161 429 344 88 2 0 0 0 5 79 318 359 234 29 0 0 5 67 309 391 221 30 1 0 
472 304 183 59 6 0 0 0 103 371 274 194 78 4 0 0 158 386 250 176 52 2 0 0 
717 190 105 11 1 0 0 0 523 253 149 88 10 1 0 0 568 242 143 66 4 1 0 0 
388 151 245 202 29 8 1 0 317 124 162 268 130 19 4 0 309 110 105 194 223 72 10 1 
0 30 337 588 69 0 0 0 0 0 64 493 419 48 0 0 0 0 12 159 546 244 63 0 
0 108 556 330 30 0 0 0 0 10 255 625 133 1 0 0 0 3 136 473 371 41 0 0 
367 431 215 11 0 0 0 0 58 195 353 327 89 2 0 0 89 230 235 274 177 19 0 0 
619 235 162 8 0 0 0 0 420 233 208 157 5 1 0 0 421 241 138 193 30 1 0 0 
336 405 236 46 1 0 0 0 132 268 378 224 22 0 0 0 92 280 306 232 100 14 0 0 
67 940 17 0 0 0 0 0 1 239 760 24 0 0 0 0 0 55 943 26 0 0 0 0 
1024 0 0 0 0 0 0 0 1024 0 0 0 0 0 0 0 1024 0 0 0 0 0 0 0 
1024 0 0 0 0 0 0 0 1024 0 0 0 0 0 0 0 1024 0 0 0 0 0 0 0 
1024 0 0 0 0 0 0 0 1024 0 0 0 0 0 0 0 1024 0 0 0 0 0 0 0 
1024 0 0 0 0 0 0 0 1024 0 0 0 0 0 0 0 1024 0 0 0 0 0 0 0 
1024 0 0 0 0 0 0 0 1024 0 0 0 0 0 0 0 1024 0 0 0 0 0 0 0 
824 194 6 0 0 0 0 0 802 213 9 0 0 0 0 0 807 209 8 0 0 0 0 0 
48 851 125 0 0 0 0 0 19 144 725 135 1 0 0 0 26 113 645 218 22 0 0 0 
58 846 115 5 0 0 0 0 0 45 863 108 8 0 0 0 0 18 223 750 33 0 0 0 
63 725 183 49 4 0 0 0 5 47 154 731 78 9 0 0 8 44 150 733 82 7 0 0 
225 697 77 21 4 0 0 0 59 175 677 80 27 5 1 0 81 179 668 73 19 4 0 0 
790 214 20 0 0 0 0 0 80 718 190 36 0 0 0 0 109 681 168 57 9 0 0 0 
76 156 701 90 1 0 0 0 11 80 663 196 73 1 0 0 8 60 119 650 177 10 0 0 
4 63 714 230 13 0 0 0 0 5 69 786 164 0 0 0 0 3 62 144 790 25 0 0 
88 801 116 19 0 0 0 0 0 51 829 131 13 0 0 0 4 82 805 108 25 0 0 0 
853 163 8 0 0 0 0 0 110 105 683 118 8 0 0 0 107 116 690 104 7 0 0 0 
885 100 39 0 0 0 0 0 284 625 85 30 0 0 0 0 287 616 80 41 0 0 0 0 
230 759 35 0 0 0 0 0 76 703 213 32 0 0 0 0 80 717 204 23 0 0 0 0 
719 301 4 0 0 0 0 0 9 795 218 2 0 0 0 0 18 956 50 0 0 0 0 0 
