0 0 0 0 50 860 114 0 0 104 920 0 0 0 0 0 1024 0 0 0 0 0 0 0 
0 0 0 0 0 602 422 0 0 1 1023 0 0 0 0 0 1000 24 0 0 0 0 0 0 
0 0 0 0 0 28 781 215 0 0 866 158 0 0 0 0 373 651 0 0 0 0 0 0 
0 0 0 0 0 0 241 783 0 0 378 646 0 0 0 0 0 927 97 0 0 0 0 0 
0 0 0 0 0 0 30 994 0 0 139 665 208 12 0 0 0 510 468 46 0 0 0 0 
0 0 0 0 0 0 10 1014 0 0 1 831 167 25 0 0 0 165 790 67 2 0 0 0 
0 0 0 0 0 0 0 1024 0 0 0 1005 19 0 0 0 0 353 671 0 0 0 0 0 
0 0 0 0 0 0 0 1024 0 0 0 1024 0 0 0 0 0 757 267 0 0 0 0 0 
0 0 0 0 0 0 24 1000 0 0 119 905 0 0 0 0 0 644 380 0 0 0 0 0 
0 0 0 0 0 0 26 998 0 0 60 964 0 0 0 0 0 1002 22 0 0 0 0 0 
0 0 0 0 0 0 266 758 0 0 326 698 0 0 0 0 0 1021 3 0 0 0 0 0 
0 0 0 0 0 49 895 80 0 0 863 161 0 0 0 0 191 833 0 0 0 0 0 0 
0 0 0 0 0 0 300 724 0 0 319 705 0 0 0 0 108 742 174 0 0 0 0 0 
0 0 0 0 0 0 42 982 0 0 160 864 0 0 0 0 0 830 194 0 0 0 0 0 
0 0 0 0 0 0 0 1024 0 0 0 725 299 0 0 0 0 271 714 39 0 0 0 0 
0 0 0 0 0 0 2 1022 0 0 0 72 787 165 0 0 0 0 609 415 0 0 0 0 
0 0 0 1 0 2 15 1006 0 0 0 20 783 209 4 8 0 0 482 498 31 3 6 4 
0 0 0 2 4 5 38 975 0 0 2 89 751 173 6 3 1 5 675 309 26 6 2 0 
0 0 2 9 45 54 78 836 0 0 2 123 799 87 13 0 0 0 763 112 89 51 9 0 
0 1 9 51 99 83 124 657 0 2 7 338 492 86 57 42 1 21 580 133 127 82 59 21 
1 13 27 94 189 105 61 534 10 22 29 575 298 59 25 6 16 112 466 228 130 44 21 7 
0 0 1 23 76 82 351 491 0 1 9 740 174 69 29 2 0 64 589 224 52 66 28 1 
0 0 3 11 18 46 82 864 0 4 23 558 418 17 4 0 4 341 408 241 21 7 2 0 
2 4 1 12 39 96 124 746 4 4 5 468 407 62 56 18 6 76 575 201 66 34 50 16 
6 13 8 19 64 105 174 635 8 12 9 223 481 120 120 51 14 10 488 170 101 70 118 53 
12 26 9 12 45 105 200 615 9 32 7 75 405 163 148 185 29 16 323 155 101 97 132 171 
7 40 22 13 59 105 256 522 9 48 17 13 121 380 226 210 23 48 16 274 160 171 151 181 
5 37 42 22 54 111 244 509 8 58 20 15 65 276 304 278 31 49 12 128 239 196 131 238 
3 46 33 28 80 128 214 492 6 50 32 22 94 184 473 163 44 43 10 49 445 133 139 161 
2 39 23 38 82 108 205 527 19 36 23 39 95 356 229 227 49 22 25 320 128 100 158 222 
0 1 0 8 30 82 283 620 0 1 5 15 57 371 230 345 1 4 12 283 90 82 198 354 
0 6 10 20 23 46 73 846 6 7 15 58 647 258 23 10 12 8 414 516 21 16 25 12 
0 0 0 0 24 127 796 77 0 0 0 3 48 716 247 10 0 0 0 12 46 749 210 7 
28 703 101 36 49 36 53 18 55 715 81 40 40 37 46 10 663 144 58 45 31 37 42 4 
64 503 121 49 22 32 94 139 68 573 77 27 32 44 90 113 453 224 53 35 37 26 113 83 
42 241 136 69 34 56 146 300 70 279 122 33 48 105 113 254 189 243 58 64 80 47 96 247 
17 256 68 18 16 16 56 577 41 282 31 17 17 193 175 268 207 141 15 56 289 41 16 259 
0 14 46 121 30 12 56 745 1 37 88 78 19 65 324 412 22 54 103 40 177 327 33 268 
0 1 12 90 33 26 49 813 0 3 28 98 17 43 435 400 1 9 95 27 345 294 44 209 
0 0 14 140 21 35 18 796 0 2 63 105 38 7 432 377 2 47 107 53 412 299 26 78 
0 2 51 114 9 10 111 727 0 9 92 73 7 18 486 339 1 68 101 82 243 147 69 313 
1 25 62 50 21 10 240 615 1 35 71 34 24 104 437 318 3 79 45 87 241 130 122 317 
0 121 285 68 41 19 16 474 0 189 215 73 52 398 97 0 21 343 77 209 363 11 0 0 
1 30 45 21 17 221 651 38 1 27 37 33 21 271 628 6 1 34 42 21 34 486 404 2 
31 940 49 4 0 0 0 0 76 915 32 1 0 0 0 0 773 230 20 1 0 0 0 0 
29 888 73 17 13 4 0 0 68 876 48 21 7 4 0 0 770 207 23 18 5 1 0 0 
114 568 240 61 39 2 0 0 112 673 158 40 39 2 0 0 510 361 93 48 12 0 0 0 
15 618 244 53 15 5 11 63 30 738 135 35 11 3 5 67 527 350 41 26 5 5 4 66 
35 288 186 161 159 70 43 82 47 326 150 130 141 93 51 86 228 216 120 103 123 100 49 85 
22 224 243 190 126 84 41 94 42 261 179 215 119 93 42 73 129 231 241 132 116 78 25 72 
4 40 278 360 137 82 72 51 5 108 360 278 131 72 35 35 29 238 369 157 119 52 29 31 
12 114 240 195 123 126 119 95 13 101 206 192 151 169 94 98 42 128 217 163 150 153 79 92 
0 58 312 374 129 85 40 26 4 146 198 291 266 56 32 31 32 198 184 289 228 35 28 30 
2 46 263 281 237 163 13 19 5 178 219 274 227 88 15 18 32 210 217 274 214 54 8 15 
2 14 42 596 294 48 16 12 8 22 175 703 75 24 8 9 16 29 420 468 61 17 6 7 
0 137 816 71 0 0 0 0 0 1021 3 0 0 0 0 0 736 288 0 0 0 0 0 0 
0 83 387 470 56 15 13 0 0 464 487 43 24 6 0 0 311 630 46 28 9 0 0 0 
5 143 196 402 238 19 21 0 8 275 635 58 27 21 0 0 174 696 89 39 22 4 0 0 
9 271 294 212 124 72 33 9 45 442 323 74 67 60 13 0 282 433 136 71 61 39 2 0 
8 20 226 248 214 261 34 13 7 187 224 227 291 67 21 0 67 250 148 357 126 63 13 0 
1 34 73 174 190 228 257 67 2 83 175 302 350 96 10 6 39 146 294 360 147 27 7 4 
0 200 518 178 55 24 30 19 3 687 204 58 43 14 11 4 328 507 108 44 18 12 6 1 
3 41 90 132 394 193 68 103 5 74 150 452 112 72 82 77 24 108 357 261 63 68 84 59 
5 85 361 182 59 80 101 151 30 107 262 236 101 94 110 84 74 138 298 167 93 86 100 68 
1 231 663 93 17 7 6 6 14 205 490 285 17 2 8 3 67 298 543 95 10 4 6 1 
0 64 909 51 0 0 0 0 0 284 675 65 0 0 0 0 4 503 502 15 0 0 0 0 
7 208 177 300 325 7 0 0 18 340 359 307 0 0 0 0 187 302 499 36 0 0 0 0 
18 291 306 155 202 42 3 7 23 528 193 212 52 8 8 0 304 354 203 134 20 5 4 0 
6 216 372 70 118 181 56 5 32 534 83 104 171 85 15 0 305 320 60 139 135 62 3 0 
0 54 245 133 451 131 9 1 10 240 151 436 174 11 2 0 83 237 247 393 55 8 1 0 
6 92 367 325 156 51 11 16 8 299 459 184 43 5 11 15 82 520 296 81 16 6 9 14 
20 386 87 82 97 99 246 7 11 454 141 304 106 0 7 1 355 247 305 109 0 1 7 0 
0 807 214 3 0 0 0 0 0 1013 11 0 0 0 0 0 892 132 0 0 0 0 0 0 
1 103 222 211 344 96 17 30 5 292 302 328 39 19 19 20 157 307 386 107 20 14 24 9 
1 40 245 312 275 66 32 53 10 251 352 253 66 16 51 25 134 377 308 91 34 17 47 16 
0 322 399 229 46 26 2 0 22 687 250 47 17 1 0 0 359 581 55 25 4 0 0 0 
0 859 156 9 0 0 0 0 0 1024 0 0 0 0 0 0 886 138 0 0 0 0 0 0 
0 554 356 102 10 1 1 0 5 887 107 18 6 1 0 0 615 314 84 9 1 1 0 0 
1 141 169 282 177 174 70 10 17 281 78 314 192 110 30 2 202 134 266 154 170 84 14 0 
1 121 121 390 245 104 36 6 7 198 227 416 110 46 20 0 53 214 473 136 93 37 18 0 
0 227 749 40 8 0 0 0 2 829 182 11 0 0 0 0 78 901 44 1 0 0 0 0 
7 278 508 115 9 12 28 67 9 422 431 46 9 13 28 66 180 353 360 20 7 15 31 58 
28 470 262 97 73 16 6 72 28 503 333 67 11 5 7 70 384 388 144 24 6 2 8 68 
1 804 146 62 10 1 0 0 3 884 100 34 3 0 0 0 554 378 76 15 1 0 0 0 
0 309 486 99 70 50 8 2 3 544 352 28 59 32 4 2 259 576 79 37 56 14 2 1 
0 13 250 619 142 0 0 0 13 250 726 35 0 0 0 0 148 662 214 0 0 0 0 0 
0 249 697 78 0 0 0 0 1 875 148 0 0 0 0 0 496 509 19 0 0 0 0 0 
0 78 941 5 0 0 0 0 0 1013 11 0 0 0 0 0 126 898 0 0 0 0 0 0 
