0 0 0 0 0 0 1024 0 0 0 0 440 584 0 0 0 0 0 1024 0 0 0 0 0 
0 0 0 0 0 0 1024 0 0 0 0 248 776 0 0 0 0 0 1024 0 0 0 0 0 
0 0 0 0 0 0 1024 0 0 0 0 48 976 0 0 0 0 0 1024 0 0 0 0 0 
0 0 0 0 0 0 1024 0 0 0 0 0 1024 0 0 0 0 0 1024 0 0 0 0 0 
0 0 0 0 0 0 1024 0 0 0 0 0 1024 0 0 0 0 0 1024 0 0 0 0 0 
0 0 0 0 0 0 1024 0 0 0 0 0 1024 0 0 0 0 0 1024 0 0 0 0 0 
0 0 0 0 0 0 1024 0 0 0 0 0 1024 0 0 0 0 0 1024 0 0 0 0 0 
0 0 0 0 0 0 1024 0 0 0 0 0 1024 0 0 0 0 0 1024 0 0 0 0 0 
0 0 0 0 0 0 1024 0 0 0 0 0 1024 0 0 0 0 0 1024 0 0 0 0 0 
0 0 0 0 0 0 1024 0 0 0 0 0 1024 0 0 0 0 0 1024 0 0 0 0 0 
0 0 0 0 0 0 1024 0 0 0 0 0 1024 0 0 0 0 0 1024 0 0 0 0 0 
0 0 0 8 46 170 800 0 0 3 55 299 667 0 0 0 3 58 907 56 0 0 0 0 
0 0 4 31 170 493 326 0 1 28 166 577 252 0 0 0 24 164 685 151 0 0 0 0 
0 1 49 181 383 330 80 0 5 89 347 484 99 0 0 0 40 275 571 138 0 0 0 0 
1 14 48 103 255 441 162 0 11 65 259 536 153 0 0 0 36 241 592 154 1 0 0 0 
0 19 64 132 275 337 194 3 13 80 258 510 163 0 0 0 58 219 621 126 0 0 0 0 
88 62 56 67 153 392 205 1 115 77 147 524 161 0 0 0 143 152 581 148 0 0 0 0 
171 155 145 177 219 135 22 0 211 154 319 304 36 0 0 0 241 250 417 112 4 0 0 0 
88 148 75 63 125 359 162 4 102 170 155 452 145 0 0 0 149 217 500 157 1 0 0 0 
30 78 77 85 141 343 268 2 60 123 164 468 209 0 0 0 114 192 548 169 1 0 0 0 
6 64 118 63 108 381 283 1 30 95 170 490 239 0 0 0 54 172 646 152 0 0 0 0 
131 142 88 73 142 336 112 0 192 165 150 428 89 0 0 0 246 222 448 107 1 0 0 0 
121 167 82 99 124 251 180 0 185 175 163 355 146 0 0 0 251 221 467 85 0 0 0 0 
29 58 47 69 144 387 289 1 77 84 160 530 173 0 0 0 123 205 609 87 0 0 0 0 
0 0 0 14 104 419 486 1 0 17 117 742 148 0 0 0 20 165 808 31 0 0 0 0 
0 0 0 0 0 0 1024 0 0 0 0 0 1024 0 0 0 0 0 882 142 0 0 0 0 
0 0 0 0 0 0 1024 0 0 0 0 0 1024 0 0 0 0 0 681 343 0 0 0 0 
0 0 0 0 0 0 1024 0 0 0 0 0 1024 0 0 0 0 0 528 496 0 0 0 0 
0 0 0 0 0 0 1024 0 0 0 0 0 1024 0 0 0 0 0 440 584 0 0 0 0 
0 0 0 0 0 0 1005 19 0 0 0 0 1024 0 0 0 0 0 416 608 0 0 0 0 
0 0 0 0 0 0 928 96 0 0 0 0 1024 0 0 0 0 0 384 640 0 0 0 0 
0 0 0 0 0 0 880 144 0 0 0 0 1024 0 0 0 0 0 360 664 0 0 0 0 
0 0 0 0 0 0 879 145 0 0 0 0 1024 0 0 0 0 0 280 744 0 0 0 0 
0 0 0 0 0 0 864 160 0 0 0 0 1024 0 0 0 0 0 256 768 0 0 0 0 
0 0 0 0 0 0 864 160 0 0 0 0 1024 0 0 0 0 0 256 768 0 0 0 0 
0 0 0 0 0 0 912 112 0 0 0 0 1024 0 0 0 0 0 256 768 0 0 0 0 
0 0 0 1 9 43 870 101 0 1 12 53 958 0 0 0 1 14 261 748 0 0 0 0 
0 0 0 0 18 136 796 74 0 0 26 196 802 0 0 0 2 33 363 626 0 0 0 0 
0 0 10 12 65 275 659 3 0 10 73 349 592 0 0 0 1 83 565 375 0 0 0 0 
0 21 74 124 225 361 215 4 17 110 229 425 243 0 0 0 103 204 461 253 3 0 0 0 
62 118 114 171 217 240 96 6 103 169 260 367 125 0 0 0 149 245 449 179 2 0 0 0 
42 72 99 228 307 209 66 1 59 140 331 376 118 0 0 0 76 268 480 195 5 0 0 0 
238 163 132 154 192 126 19 0 258 171 238 300 57 0 0 0 270 218 339 183 14 0 0 0 
63 131 252 307 180 79 11 1 68 224 399 267 59 7 0 0 94 291 408 203 27 1 0 0 
4 76 142 130 135 278 253 6 10 120 198 377 318 1 0 0 32 165 476 347 4 0 0 0 
179 180 90 29 46 121 347 32 221 189 85 143 385 1 0 0 267 197 310 250 0 0 0 0 
56 83 68 89 158 311 250 9 90 135 162 370 265 2 0 0 172 187 438 225 2 0 0 0 
2 40 62 104 183 391 239 3 38 102 160 457 266 1 0 0 100 180 507 236 1 0 0 0 
0 2 34 39 158 314 468 9 11 42 145 395 431 0 0 0 43 164 605 212 0 0 0 0 
0 0 9 17 54 246 688 10 5 15 65 378 561 0 0 0 18 103 734 169 0 0 0 0 
0 0 0 3 163 374 467 17 0 0 21 390 611 2 0 0 0 0 330 694 0 0 0 0 
0 0 0 0 17 180 732 95 0 0 0 112 910 2 0 0 0 0 40 984 0 0 0 0 
0 0 0 0 0 0 494 530 0 0 0 0 893 131 0 0 0 0 0 1024 0 0 0 0 
0 0 0 0 0 0 280 744 0 0 0 0 832 192 0 0 0 0 0 1024 0 0 0 0 
0 0 0 0 0 0 288 736 0 0 0 0 816 208 0 0 0 0 0 1024 0 0 0 0 
0 0 0 0 0 0 264 760 0 0 0 0 776 248 0 0 0 0 0 1024 0 0 0 0 
0 0 0 0 0 0 196 828 0 0 0 0 696 328 0 0 0 0 0 1024 0 0 0 0 
0 0 0 0 0 0 175 849 0 0 0 0 736 288 0 0 0 0 0 1024 0 0 0 0 
0 0 0 0 0 0 23 1001 0 0 0 0 728 296 0 0 0 0 0 1024 0 0 0 0 
0 0 0 0 0 0 32 992 0 0 0 0 723 301 0 0 0 0 0 1024 0 0 0 0 
0 0 0 0 0 0 32 992 0 0 0 0 784 240 0 0 0 0 0 1024 0 0 0 0 
0 0 0 0 0 0 173 851 0 0 0 0 870 154 0 0 0 0 2 1022 0 0 0 0 
0 0 0 0 0 2 392 630 0 0 0 6 985 33 0 0 0 0 26 998 0 0 0 0 
0 0 10 41 120 339 490 24 0 24 107 340 541 12 0 0 19 102 397 498 8 0 0 0 
0 1 12 76 166 341 399 29 3 38 159 379 430 15 0 0 29 159 404 425 7 0 0 0 
21 19 31 104 231 364 241 13 28 50 201 421 315 9 0 0 51 175 440 350 8 0 0 0 
51 133 136 206 243 204 47 4 64 214 293 330 120 3 0 0 106 294 390 220 14 0 0 0 
430 125 72 106 128 114 49 0 448 138 141 221 75 1 0 0 468 171 218 161 6 0 0 0 
9 52 176 258 288 204 37 0 22 127 343 397 134 1 0 0 50 196 476 286 16 0 0 0 
171 279 112 105 186 134 37 0 156 327 220 239 81 1 0 0 166 363 313 179 3 0 0 0 
17 9 7 25 76 165 650 75 24 20 64 167 739 10 0 0 40 65 210 703 6 0 0 0 
0 14 25 37 73 241 521 113 11 38 70 257 632 16 0 0 36 81 317 588 2 0 0 0 
0 1 8 31 90 238 569 87 3 22 78 241 647 33 0 0 16 91 320 595 2 0 0 0 
0 0 0 1 18 93 772 140 0 1 18 119 875 11 0 0 3 27 240 754 0 0 0 0 
0 11 104 96 90 100 499 124 32 110 110 120 644 8 0 0 99 127 276 517 5 0 0 0 
0 3 27 90 308 323 272 1 1 16 95 447 457 8 0 0 2 55 254 707 6 0 0 0 
0 0 0 10 235 484 288 7 0 0 11 386 616 11 0 0 0 0 160 846 18 0 0 0 
0 0 0 2 199 318 314 191 0 0 3 261 566 194 0 0 0 0 63 905 56 0 0 0 
0 0 0 0 2 86 166 770 0 0 0 17 139 799 69 0 0 0 2 636 288 98 0 0 
0 0 0 0 0 27 182 815 0 0 0 5 131 879 9 0 0 0 0 806 211 7 0 0 
0 0 0 0 0 0 10 1014 0 0 0 0 7 1017 0 0 0 0 0 657 367 0 0 0 
0 0 0 0 0 0 20 1004 0 0 0 0 0 1024 0 0 0 0 0 622 402 0 0 0 
0 0 0 0 0 10 389 625 0 0 0 0 118 906 0 0 0 0 0 509 515 0 0 0 
0 0 0 0 0 26 273 725 0 0 0 0 194 830 0 0 0 0 0 609 415 0 0 0 
0 0 0 0 0 78 280 666 0 0 0 1 228 795 0 0 0 0 0 675 349 0 0 0 
0 0 0 0 0 0 38 986 0 0 0 0 6 1018 0 0 0 0 0 578 446 0 0 0 
0 0 0 0 0 28 214 782 0 0 0 24 224 776 0 0 0 1 34 650 339 0 0 0 
0 2 8 14 54 200 568 178 3 8 41 185 583 204 0 0 10 48 217 645 103 1 0 0 
0 13 55 120 229 292 269 46 2 86 176 340 348 72 0 0 42 172 347 404 59 0 0 0 
10 73 131 177 209 272 145 7 27 171 233 329 244 20 0 0 95 247 319 309 54 0 0 0 
119 205 204 172 193 99 32 0 164 300 263 215 75 7 0 0 251 330 280 146 17 0 0 0 
117 145 170 175 174 140 89 14 142 215 242 217 161 47 0 0 200 259 268 218 79 0 0 0 
218 253 231 146 96 56 24 0 251 256 262 163 86 6 0 0 276 274 250 171 53 0 0 0 
19 95 107 166 288 252 95 2 24 156 232 361 230 21 0 0 46 215 366 334 63 0 0 0 
78 250 156 166 169 130 68 7 84 307 239 243 145 6 0 0 104 349 334 217 20 0 0 0 
1 4 40 98 115 274 446 46 4 44 110 233 568 65 0 0 23 101 272 583 45 0 0 0 
0 0 0 12 55 144 639 174 0 0 31 138 664 191 0 0 0 33 171 777 43 0 0 0 
0 0 0 1 29 254 563 177 0 0 21 176 661 166 0 0 0 26 184 777 37 0 0 0 
0 0 0 6 51 233 343 391 0 0 11 148 764 101 0 0 0 4 141 874 5 0 0 0 
1 43 80 113 133 150 260 244 21 101 153 171 479 99 0 0 89 159 172 581 23 0 0 0 
1 34 235 410 288 55 1 0 0 51 363 542 67 1 0 0 2 70 447 490 15 0 0 0 
0 15 145 344 263 199 57 1 0 15 146 586 261 16 0 0 0 19 206 724 75 0 0 0 
0 4 222 474 236 78 10 0 0 0 166 719 139 0 0 0 0 0 145 810 69 0 0 0 
0 0 31 97 161 205 213 317 0 0 8 231 343 442 0 0 0 0 21 437 564 2 0 0 
0 0 6 53 127 196 450 192 0 5 26 172 418 394 9 0 0 14 66 468 473 3 0 0 
0 0 0 4 12 33 241 734 0 0 0 8 143 866 7 0 0 0 0 131 893 0 0 0 
0 0 0 16 111 106 270 521 0 0 0 97 228 699 0 0 0 0 1 221 802 0 0 0 
0 0 0 19 77 300 501 127 0 0 11 67 526 419 1 0 0 1 19 318 683 3 0 0 
0 0 5 37 73 207 412 290 0 0 16 88 358 556 6 0 0 0 34 294 689 7 0 0 
0 2 25 141 230 288 315 23 0 7 53 280 503 181 0 0 0 13 86 489 434 2 0 0 
0 0 0 14 299 264 211 236 0 0 1 174 495 354 0 0 0 0 1 427 596 0 0 0 
0 0 0 10 38 139 319 518 0 0 1 55 309 655 4 0 0 1 19 300 703 1 0 0 
0 0 0 2 18 97 295 612 0 0 6 50 246 701 21 0 0 5 56 314 646 3 0 0 
0 4 58 146 215 282 251 68 0 32 206 291 344 151 0 0 4 96 323 420 180 1 0 0 
3 84 169 183 203 208 140 34 41 188 219 275 214 84 3 0 101 240 301 263 116 3 0 0 
6 20 46 150 182 261 259 100 10 68 177 231 330 208 0 0 30 150 261 372 209 2 0 0 
2 22 60 100 154 229 341 116 15 73 115 186 376 259 0 0 60 113 169 409 269 4 0 0 
170 191 161 135 101 107 129 30 175 213 187 183 160 103 3 0 177 237 210 265 128 7 0 0 
57 216 223 169 156 134 66 3 53 243 295 242 149 42 0 0 56 273 343 244 101 7 0 0 
2 14 37 62 182 328 355 44 8 42 107 253 437 176 1 0 20 84 245 441 231 3 0 0 
0 3 6 25 156 297 429 108 0 10 62 231 431 290 0 0 7 38 222 478 279 0 0 0 
0 0 1 38 271 355 325 34 0 1 52 379 449 143 0 0 1 26 256 590 151 0 0 0 
0 0 45 256 382 287 53 1 0 4 207 560 247 6 0 0 0 31 468 501 24 0 0 0 
0 45 259 323 241 133 23 0 5 111 419 369 119 1 0 0 15 181 537 283 8 0 0 0 
21 150 361 283 122 59 24 4 27 231 449 245 68 4 0 0 53 315 485 171 0 0 0 0 
10 304 578 117 14 1 0 0 4 201 596 206 13 4 0 0 4 163 565 265 22 5 0 0 
3 89 600 332 0 0 0 0 1 44 382 587 10 0 0 0 0 34 316 655 19 0 0 0 
5 173 730 113 3 0 0 0 0 61 609 350 4 0 0 0 0 35 412 571 6 0 0 0 
0 17 692 192 94 29 0 0 0 0 203 758 63 0 0 0 0 0 57 936 31 0 0 0 
5 51 447 457 63 1 0 0 4 45 264 659 52 0 0 0 5 38 188 679 114 0 0 0 
0 0 326 581 70 34 13 0 0 0 81 838 95 10 0 0 0 0 44 887 93 0 0 0 
0 9 267 561 159 27 1 0 0 4 229 697 92 2 0 0 0 4 228 730 62 0 0 0 
0 34 440 405 135 10 0 0 0 16 386 535 87 0 0 0 0 11 340 593 80 0 0 0 
0 7 244 412 259 83 19 0 0 2 205 581 215 21 0 0 0 1 161 695 160 7 0 0 
2 54 378 506 82 2 0 0 2 56 331 574 61 0 0 0 3 54 311 605 51 0 0 0 
0 1 199 523 190 89 20 2 0 0 98 698 207 21 0 0 0 0 88 778 155 3 0 0 
2 59 248 433 253 29 0 0 0 46 275 568 133 2 0 0 0 43 280 615 86 0 0 0 
0 26 196 241 228 192 112 29 0 8 176 439 274 122 5 0 0 4 189 591 240 0 0 0 
3 191 464 269 91 6 0 0 3 218 571 210 22 0 0 0 5 216 604 192 7 0 0 0 
5 256 322 185 128 68 48 12 12 319 379 190 77 42 5 0 24 317 434 183 56 10 0 0 
27 109 330 303 115 97 39 4 48 191 408 248 101 27 1 0 66 238 422 244 51 3 0 0 
13 102 261 306 198 128 15 1 27 162 394 286 142 13 0 0 37 195 432 301 58 1 0 0 
99 315 163 161 130 95 57 4 130 314 214 208 112 45 1 0 126 347 243 218 86 4 0 0 
28 173 253 133 62 118 204 53 16 161 282 181 208 167 9 0 9 175 301 301 227 11 0 0 
0 0 0 11 55 144 397 417 0 0 25 82 240 532 145 0 0 15 84 257 579 89 0 0 
0 0 0 57 214 231 253 269 0 0 40 226 318 360 80 0 0 4 132 401 435 52 0 0 
0 1 32 129 421 382 57 2 0 24 110 433 407 45 5 0 2 44 266 569 130 9 4 0 
0 43 299 300 306 75 1 0 3 81 444 387 106 3 0 0 6 136 528 316 36 2 0 0 
5 207 421 315 72 4 0 0 6 212 526 242 37 1 0 0 16 290 531 170 16 1 0 0 
72 398 451 96 6 1 0 0 47 420 474 82 1 0 0 0 95 505 389 34 1 0 0 0 
0 300 606 109 8 1 0 0 0 127 682 199 15 1 0 0 0 69 664 271 19 1 0 0 
0 110 504 233 91 60 26 0 0 63 489 286 98 65 23 0 0 32 431 360 106 69 26 0 
14 226 272 85 154 193 71 9 3 88 357 134 162 199 77 4 2 50 305 225 163 197 78 4 
0 63 472 169 158 104 55 3 0 24 278 404 157 114 44 3 0 15 194 499 161 114 39 2 
0 35 518 268 193 10 0 0 0 27 422 393 176 6 0 0 0 24 315 521 163 1 0 0 
0 30 374 394 150 71 5 0 0 28 333 468 142 51 2 0 0 34 231 564 154 39 2 0 
0 47 235 411 189 92 46 4 1 42 235 466 170 84 25 1 3 29 203 505 191 75 18 0 
1 77 469 267 95 89 25 1 14 98 422 296 108 69 16 1 22 127 299 389 113 64 10 0 
1 91 367 214 154 106 77 14 1 61 389 264 150 91 61 7 2 70 341 321 140 98 45 7 
4 165 428 229 112 64 20 2 17 154 425 252 108 53 15 0 24 146 389 309 99 43 14 0 
0 89 363 266 174 106 23 3 2 84 332 323 184 81 17 1 3 100 261 386 184 78 11 1 
3 129 376 223 144 127 21 1 4 136 380 244 150 101 9 0 6 137 332 304 155 83 7 0 
0 57 443 211 158 109 40 6 1 102 372 270 159 95 25 0 7 190 268 313 148 85 13 0 
3 159 315 207 138 149 42 11 0 151 391 170 135 138 28 11 5 161 387 178 140 124 19 10 
1 196 423 229 121 43 11 0 3 254 408 225 94 32 8 0 3 264 418 215 90 29 5 0 
12 251 436 215 80 25 5 0 25 298 444 170 67 17 3 0 25 321 425 173 61 16 3 0 
15 199 409 262 107 29 3 0 16 268 395 238 84 23 0 0 23 297 374 229 85 16 0 0 
82 279 378 215 54 16 0 0 86 291 391 203 45 8 0 0 84 281 385 220 45 9 0 0 
46 165 354 318 103 35 3 0 46 195 343 320 113 7 0 0 45 211 318 327 118 5 0 0 
39 324 276 107 48 88 37 105 87 371 223 86 76 109 72 0 129 356 208 100 89 142 0 0 
15 609 319 16 14 22 13 16 107 778 67 18 22 22 10 0 264 666 33 21 31 9 0 0 
40 649 307 5 8 7 7 1 118 823 58 3 7 11 4 0 290 689 20 5 9 8 3 0 
92 600 153 22 35 110 12 0 151 545 14 150 42 94 28 0 363 332 32 135 58 82 22 0 
123 295 411 33 55 104 3 0 209 96 32 514 43 116 14 0 287 20 194 357 45 106 15 0 
25 379 546 17 30 27 0 0 9 28 233 692 26 36 0 0 16 67 614 266 22 34 5 0 
1 168 743 106 6 0 0 0 0 33 546 420 25 0 0 0 0 15 432 535 42 0 0 0 
0 91 431 290 160 48 4 0 0 17 271 416 211 100 9 0 0 4 212 440 231 118 19 0 
0 28 58 78 321 443 92 4 0 13 49 75 208 466 205 8 0 11 52 64 170 446 270 11 
25 97 185 224 292 172 26 3 7 96 123 269 266 195 61 7 9 89 124 272 255 195 72 8 
211 161 251 262 105 33 1 0 202 171 215 290 119 27 0 0 217 164 231 275 116 21 0 0 
588 91 134 70 28 106 7 0 587 96 149 55 53 83 1 0 590 114 130 53 91 46 0 0 
127 184 281 202 81 118 29 2 108 151 276 223 154 97 15 0 109 168 273 195 188 79 12 0 
2 93 282 206 170 225 42 4 6 139 271 172 181 226 28 1 11 194 232 159 194 209 24 1 
39 43 158 204 231 214 98 37 37 49 195 171 234 216 84 38 49 60 203 167 237 198 80 30 
421 153 108 81 90 158 13 0 404 166 131 76 129 113 5 0 431 159 130 72 152 77 3 0 
130 149 359 243 34 100 9 0 123 66 287 354 97 95 2 0 124 78 296 321 147 58 0 0 
4 83 386 189 83 253 26 0 1 27 246 359 168 213 10 0 0 26 204 346 268 173 7 0 
1 53 368 270 155 134 40 3 4 88 377 220 160 140 33 2 7 196 289 209 165 133 24 1 
0 18 111 201 290 286 84 34 0 24 111 197 319 259 80 34 1 39 133 185 346 223 64 33 
157 61 184 235 225 132 29 1 148 71 174 244 252 115 19 1 151 78 183 227 268 100 17 0 
99 237 454 165 52 17 0 0 81 179 323 349 77 15 0 0 80 197 279 344 115 9 0 0 
32 339 487 100 37 27 2 0 12 215 524 214 40 19 0 0 12 214 478 250 56 14 0 0 
128 343 349 92 69 42 1 0 141 251 379 147 78 28 0 0 151 234 348 189 78 24 0 0 
7 131 334 363 155 31 3 0 2 93 312 370 205 39 3 0 0 75 295 367 229 55 3 0 
65 473 264 123 94 5 0 0 66 552 177 77 123 29 0 0 91 531 168 73 95 64 2 0 
3 281 343 323 74 0 0 0 16 448 116 176 260 8 0 0 54 443 84 122 291 30 0 0 
2 194 580 246 2 0 0 0 9 285 211 381 137 1 0 0 28 289 171 347 185 4 0 0 
17 257 535 209 6 0 0 0 15 222 95 535 157 0 0 0 71 156 92 546 156 3 0 0 
110 289 572 52 1 0 0 0 104 114 84 654 66 2 0 0 197 34 370 389 34 0 0 0 
23 295 642 62 2 0 0 0 12 15 98 858 40 1 0 0 21 23 520 402 58 0 0 0 
12 152 815 42 2 1 0 0 1 53 807 155 7 1 0 0 0 30 770 198 24 2 0 0 
7 69 582 351 11 4 0 0 2 15 314 637 47 6 3 0 0 10 605 294 92 19 4 0 
0 14 165 744 51 50 0 0 0 0 3 845 95 49 32 0 0 0 386 379 164 50 44 1 
15 54 127 695 98 35 0 0 9 37 57 774 71 71 5 0 12 29 597 227 73 74 12 0 
208 84 168 385 179 0 0 0 190 59 151 624 0 0 0 0 192 80 723 29 0 0 0 0 
197 193 93 238 303 0 0 0 181 40 229 572 1 1 0 0 189 129 637 65 3 1 0 0 
58 189 210 271 296 0 0 0 29 106 251 635 3 0 0 0 35 125 673 183 8 0 0 0 
8 76 232 423 238 41 6 0 2 79 73 766 43 33 27 1 2 82 521 319 32 35 28 5 
156 37 122 445 217 25 19 3 153 30 38 706 41 18 30 8 159 28 312 430 36 16 29 14 
151 191 204 441 37 0 0 0 135 93 320 474 2 0 0 0 136 120 706 60 2 0 0 0 
1 117 442 388 76 0 0 0 1 59 358 603 3 0 0 0 0 86 802 128 8 0 0 0 
3 58 407 441 115 0 0 0 2 69 253 693 7 0 0 0 9 78 663 230 44 0 0 0 
8 152 309 450 90 14 1 0 8 129 198 641 24 22 2 0 26 123 477 346 24 22 6 0 
78 32 126 528 166 54 36 4 69 25 65 604 151 31 63 16 68 28 160 520 135 29 47 37 
260 126 190 438 8 2 0 0 239 89 134 547 12 3 0 0 251 86 317 346 17 6 1 0 
25 88 407 489 14 1 0 0 20 114 203 661 21 5 0 0 44 91 564 295 21 9 0 0 
0 39 348 591 46 0 0 0 10 55 107 852 0 0 0 0 29 62 600 333 0 0 0 0 
71 198 186 433 136 0 0 0 84 230 95 600 15 0 0 0 113 217 247 438 9 0 0 0 
75 191 298 317 132 10 1 0 58 107 199 385 247 26 2 0 57 99 145 370 296 53 3 1 
241 334 379 70 0 0 0 0 173 248 271 262 70 0 0 0 135 227 258 338 66 0 0 0 
43 94 327 528 32 0 0 0 30 56 128 436 373 1 0 0 22 53 114 333 485 17 0 0 
1 10 291 719 3 0 0 0 0 1 13 486 523 1 0 0 0 1 12 305 703 3 0 0 
0 22 612 360 30 0 0 0 0 0 29 685 299 11 0 0 0 0 62 613 328 21 0 0 
0 37 725 239 23 0 0 0 0 3 29 754 228 10 0 0 0 1 87 703 210 23 0 0 
0 21 484 429 90 0 0 0 0 2 36 555 375 56 0 0 0 0 42 540 366 76 0 0 
0 0 488 536 0 0 0 0 0 0 962 62 0 0 0 0 0 0 1024 0 0 0 0 0 
0 0 32 992 0 0 0 0 0 0 176 848 0 0 0 0 0 0 1024 0 0 0 0 0 
0 0 0 1024 0 0 0 0 0 0 0 1024 0 0 0 0 0 0 932 92 0 0 0 0 
0 0 0 895 129 0 0 0 0 0 0 1024 0 0 0 0 0 0 964 60 0 0 0 0 
0 0 0 270 754 0 0 0 0 0 0 1024 0 0 0 0 0 0 959 65 0 0 0 0 
0 0 0 110 914 0 0 0 0 0 0 1024 0 0 0 0 0 0 987 37 0 0 0 0 
0 0 0 107 917 0 0 0 0 0 9 1015 0 0 0 0 0 0 915 109 0 0 0 0 
0 0 0 503 521 0 0 0 0 0 238 786 0 0 0 0 0 6 922 96 0 0 0 0 
0 0 0 744 280 0 0 0 0 0 322 702 0 0 0 0 0 53 938 33 0 0 0 0 
0 0 0 1000 24 0 0 0 0 0 622 402 0 0 0 0 0 207 813 4 0 0 0 0 
0 0 0 979 45 0 0 0 0 0 777 247 0 0 0 0 0 259 691 74 0 0 0 0 
0 0 22 825 177 0 0 0 0 8 712 302 2 0 0 0 0 397 505 122 0 0 0 0 
0 0 9 753 262 0 0 0 0 4 582 434 4 0 0 0 0 306 588 130 0 0 0 0 
0 0 11 799 214 0 0 0 0 4 487 528 5 0 0 0 0 175 657 192 0 0 0 0 
0 0 2 760 262 0 0 0 0 0 436 585 3 0 0 0 0 169 654 201 0 0 0 0 
0 0 7 784 233 0 0 0 0 9 417 594 4 0 0 0 0 161 603 260 0 0 0 0 
0 1 5 616 402 0 0 0 0 2 387 633 2 0 0 0 0 116 524 384 0 0 0 0 
122 169 219 321 176 17 0 0 79 171 265 391 85 31 2 0 65 181 342 296 90 42 8 0 
90 190 360 246 115 23 0 0 49 100 271 359 168 72 5 0 27 91 200 375 216 99 16 0 
208 281 419 111 5 0 0 0 161 155 354 301 52 1 0 0 140 124 293 360 100 7 0 0 
96 206 333 370 19 0 0 0 61 120 207 436 199 1 0 0 53 103 172 333 347 16 0 0 
7 129 237 569 82 0 0 0 1 56 169 340 440 18 0 0 0 24 129 238 551 82 0 0 
3 46 436 472 65 2 0 0 0 14 85 508 394 23 0 0 0 6 63 412 478 64 1 0 
2 31 440 514 35 2 0 0 1 4 50 516 443 9 1 0 1 3 33 428 521 37 1 0 
0 10 403 499 110 2 0 0 0 0 19 474 475 55 1 0 0 0 13 398 513 98 2 0 
0 0 123 901 0 0 0 0 0 0 470 554 0 0 0 0 0 0 1024 0 0 0 0 0 
0 0 2 1022 0 0 0 0 0 0 54 970 0 0 0 0 0 0 1024 0 0 0 0 0 
0 0 0 1024 0 0 0 0 0 0 0 1024 0 0 0 0 0 0 961 63 0 0 0 0 
0 0 0 1002 22 0 0 0 0 0 0 1024 0 0 0 0 0 0 850 174 0 0 0 0 
0 0 0 818 206 0 0 0 0 0 0 1024 0 0 0 0 0 0 867 157 0 0 0 0 
0 0 0 694 330 0 0 0 0 0 0 1024 0 0 0 0 0 0 748 276 0 0 0 0 
0 0 0 721 303 0 0 0 0 0 0 1024 0 0 0 0 0 0 439 585 0 0 0 0 
0 0 0 831 193 0 0 0 0 0 0 1024 0 0 0 0 0 0 234 790 0 0 0 0 
0 0 0 829 195 0 0 0 0 0 0 1024 0 0 0 0 0 0 154 870 0 0 0 0 
0 0 0 1024 0 0 0 0 0 0 0 1024 0 0 0 0 0 0 85 939 0 0 0 0 
0 0 0 927 97 0 0 0 0 0 0 1023 1 0 0 0 0 0 0 1024 0 0 0 0 
0 0 0 699 325 0 0 0 0 0 0 988 36 0 0 0 0 0 0 1024 0 0 0 0 
0 0 0 589 435 0 0 0 0 0 0 872 152 0 0 0 0 0 0 1024 0 0 0 0 
0 0 0 900 124 0 0 0 0 0 0 999 25 0 0 0 0 0 0 1024 0 0 0 0 
0 0 0 964 60 0 0 0 0 0 0 1006 18 0 0 0 0 0 0 1024 0 0 0 0 
0 0 0 925 99 0 0 0 0 0 0 1016 8 0 0 0 0 0 0 1024 0 0 0 0 
0 0 0 670 354 0 0 0 0 0 0 979 45 0 0 0 0 0 0 1012 12 0 0 0 
80 87 281 312 255 6 3 0 58 75 170 592 118 8 3 0 39 78 118 629 149 8 3 0 
190 272 382 147 29 4 0 0 133 170 300 315 90 13 3 0 102 126 233 346 176 38 3 0 
737 161 102 23 1 0 0 0 694 153 123 49 5 0 0 0 678 141 113 73 18 1 0 0 
617 291 98 17 1 0 0 0 544 288 154 32 6 0 0 0 488 282 190 50 13 1 0 0 
311 256 256 154 44 3 0 0 245 213 247 215 92 12 0 0 197 208 246 210 137 25 1 0 
100 199 464 236 24 1 0 0 51 148 300 439 83 3 0 0 33 121 221 478 157 14 0 0 
14 80 383 491 56 0 0 0 5 36 155 519 303 6 0 0 2 24 109 393 467 29 0 0 
1 12 141 625 241 4 0 0 1 2 39 295 607 80 0 0 0 3 18 180 598 222 3 0 
0 0 402 622 0 0 0 0 0 0 774 250 0 0 0 0 0 0 1024 0 0 0 0 0 
0 0 28 996 0 0 0 0 0 0 86 938 0 0 0 0 0 0 1012 12 0 0 0 0 
0 0 62 962 0 0 0 0 0 0 8 1016 0 0 0 0 0 0 980 44 0 0 0 0 
0 0 4 1019 1 0 0 0 0 0 0 1024 0 0 0 0 0 0 761 263 0 0 0 0 
0 0 0 1008 16 0 0 0 0 0 0 1024 0 0 0 0 0 0 515 509 0 0 0 0 
0 0 0 985 39 0 0 0 0 0 0 1024 0 0 0 0 0 0 276 748 0 0 0 0 
0 0 0 990 34 0 0 0 0 0 0 1024 0 0 0 0 0 0 54 970 0 0 0 0 
0 0 0 1009 15 0 0 0 0 0 0 1024 0 0 0 0 0 0 2 1022 0 0 0 0 
0 0 0 1013 11 0 0 0 0 0 0 1024 0 0 0 0 0 0 0 1024 0 0 0 0 
0 0 0 1024 0 0 0 0 0 0 0 1024 0 0 0 0 0 0 0 1024 0 0 0 0 
0 0 0 1015 9 0 0 0 0 0 0 1024 0 0 0 0 0 0 0 1024 0 0 0 0 
0 0 0 928 96 0 0 0 0 0 0 1004 20 0 0 0 0 0 0 1020 4 0 0 0 
0 0 0 991 33 0 0 0 0 0 0 991 33 0 0 0 0 0 0 1024 0 0 0 0 
0 0 0 1024 0 0 0 0 0 0 0 1017 7 0 0 0 0 0 0 1024 0 0 0 0 
0 0 2 1022 0 0 0 0 0 0 0 1003 21 0 0 0 0 0 0 981 43 0 0 0 
0 0 0 1024 0 0 0 0 0 0 0 977 47 0 0 0 0 0 0 882 142 0 0 0 
0 0 0 763 261 0 0 0 0 0 0 540 484 0 0 0 0 0 0 522 502 0 0 0 
59 158 264 458 84 1 0 0 18 96 197 401 307 5 0 0 3 44 145 353 470 9 0 0 
96 227 383 221 74 23 0 0 31 129 282 351 170 48 13 0 14 72 178 353 279 96 31 1 
123 242 367 248 41 3 0 0 60 153 269 345 176 20 1 0 33 112 186 359 266 61 7 0 
160 167 286 368 39 4 0 0 105 144 159 343 256 16 1 0 71 132 119 232 396 71 3 0 
149 128 403 330 13 1 0 0 116 75 173 467 182 10 1 0 102 69 100 336 389 26 2 0 
33 141 525 283 42 0 0 0 18 57 223 528 173 25 0 0 6 36 116 446 345 72 3 0 
216 137 325 251 90 5 0 0 166 104 186 308 206 49 5 0 147 100 117 272 255 126 7 0 
50 150 414 355 50 5 0 0 17 69 212 444 255 24 3 0 10 44 125 355 395 86 9 0 
0 0 750 274 0 0 0 0 0 0 863 161 0 0 0 0 0 0 1024 0 0 0 0 0 
0 0 374 650 0 0 0 0 0 0 184 840 0 0 0 0 0 0 993 31 0 0 0 0 
0 0 16 1008 0 0 0 0 0 0 0 1024 0 0 0 0 0 0 889 135 0 0 0 0 
0 0 5 1019 0 0 0 0 0 0 0 1024 0 0 0 0 0 0 697 327 0 0 0 0 
0 0 0 1020 4 0 0 0 0 0 0 1024 0 0 0 0 0 0 312 712 0 0 0 0 
0 0 0 1024 0 0 0 0 0 0 0 1024 0 0 0 0 0 0 94 930 0 0 0 0 
0 0 0 1021 3 0 0 0 0 0 0 1024 0 0 0 0 0 0 0 1024 0 0 0 0 
0 0 0 1024 0 0 0 0 0 0 0 1024 0 0 0 0 0 0 0 1024 0 0 0 0 
0 0 0 1023 1 0 0 0 0 0 0 1024 0 0 0 0 0 0 0 1024 0 0 0 0 
0 0 0 1024 0 0 0 0 0 0 0 1024 0 0 0 0 0 0 0 1024 0 0 0 0 
0 0 0 1024 0 0 0 0 0 0 0 1024 0 0 0 0 0 0 0 1024 0 0 0 0 
0 0 0 1024 0 0 0 0 0 0 0 1024 0 0 0 0 0 0 0 1024 0 0 0 0 
0 0 0 1024 0 0 0 0 0 0 0 1024 0 0 0 0 0 0 0 1024 0 0 0 0 
0 0 0 1024 0 0 0 0 0 0 0 1024 0 0 0 0 0 0 0 1022 2 0 0 0 
0 0 7 1017 0 0 0 0 0 0 0 1024 0 0 0 0 0 0 0 1019 5 0 0 0 
0 0 56 939 29 0 0 0 0 0 0 816 208 0 0 0 0 0 0 700 323 1 0 0 
11 21 82 905 5 0 0 0 4 15 48 290 667 0 0 0 1 9 22 126 856 10 0 0 
114 262 471 148 9 13 7 0 59 145 309 443 44 8 14 2 41 109 159 458 225 14 14 4 
74 224 427 206 84 9 0 0 18 106 276 412 144 63 5 0 3 48 177 399 267 99 31 0 
33 140 503 322 22 4 0 0 11 41 202 548 209 10 3 0 6 19 87 381 476 48 7 0 
18 130 429 421 26 0 0 0 1 40 160 505 307 11 0 0 0 11 94 265 564 88 2 0 
23 79 386 414 104 15 3 0 3 30 107 434 352 87 8 3 0 13 52 231 509 172 42 5 
41 135 285 362 160 39 2 0 5 50 156 305 349 135 23 1 0 20 94 219 368 252 63 8 
55 112 244 382 198 32 1 0 19 53 125 287 363 159 17 1 1 41 79 200 370 260 71 2 
30 123 276 380 177 35 3 0 3 52 152 310 356 133 16 2 0 19 95 225 393 235 52 5 
0 0 917 107 0 0 0 0 0 0 653 371 0 0 0 0 0 0 1024 0 0 0 0 0 
0 0 559 465 0 0 0 0 0 0 77 947 0 0 0 0 0 0 1022 2 0 0 0 0 
0 0 365 659 0 0 0 0 0 0 0 1024 0 0 0 0 0 0 972 52 0 0 0 0 
0 0 203 821 0 0 0 0 0 0 0 1024 0 0 0 0 0 0 791 233 0 0 0 0 
0 0 52 972 0 0 0 0 0 0 0 1024 0 0 0 0 0 0 250 774 0 0 0 0 
0 0 88 936 0 0 0 0 0 0 0 1024 0 0 0 0 0 0 33 991 0 0 0 0 
0 0 153 871 0 0 0 0 0 0 0 1024 0 0 0 0 0 0 0 1024 0 0 0 0 
0 0 7 1017 0 0 0 0 0 0 0 1024 0 0 0 0 0 0 0 1024 0 0 0 0 
0 0 0 1024 0 0 0 0 0 0 0 1024 0 0 0 0 0 0 0 1024 0 0 0 0 
0 0 0 1024 0 0 0 0 0 0 0 1024 0 0 0 0 0 0 0 1024 0 0 0 0 
0 0 0 1024 0 0 0 0 0 0 0 1024 0 0 0 0 0 0 0 1024 0 0 0 0 
0 0 18 1006 0 0 0 0 0 0 0 1024 0 0 0 0 0 0 0 1024 0 0 0 0 
0 0 26 998 0 0 0 0 0 0 0 1024 0 0 0 0 0 0 0 1024 0 0 0 0 
0 0 207 817 0 0 0 0 0 0 0 1024 0 0 0 0 0 0 0 1024 0 0 0 0 
0 0 105 919 0 0 0 0 0 0 0 893 131 0 0 0 0 0 0 820 204 0 0 0 
0 0 8 986 30 0 0 0 0 0 0 154 866 4 0 0 0 0 0 82 900 42 0 0 
53 133 398 430 10 0 0 0 33 44 186 521 236 4 0 0 18 34 77 394 478 22 1 0 
360 235 311 64 30 19 5 0 308 175 204 258 39 30 10 0 261 162 156 247 145 37 16 0 
67 207 427 183 105 33 2 0 21 72 265 400 148 96 21 1 7 39 140 376 287 114 57 4 
39 217 414 269 70 15 0 0 4 70 262 409 211 61 7 0 1 21 136 362 352 119 32 1 
61 148 247 335 184 48 1 0 20 59 164 269 312 163 36 1 2 42 116 191 337 218 109 9 
37 133 384 340 103 23 4 0 6 44 166 428 276 86 14 4 0 19 101 299 421 138 37 9 
23 85 315 380 172 43 6 0 4 30 99 366 351 137 33 4 0 12 63 211 426 231 69 12 
79 189 253 321 155 26 1 0 25 87 218 282 289 107 16 0 10 51 151 248 327 192 44 1 
96 183 259 269 173 42 2 0 36 123 193 261 254 134 23 0 15 81 153 241 284 190 55 5 
0 0 1024 0 0 0 0 0 0 0 963 61 0 0 0 0 0 0 1024 0 0 0 0 0 
0 0 990 34 0 0 0 0 0 0 492 532 0 0 0 0 0 0 1024 0 0 0 0 0 
0 0 632 392 0 0 0 0 0 0 1 1023 0 0 0 0 0 0 971 53 0 0 0 0 
0 0 284 740 0 0 0 0 0 0 0 1024 0 0 0 0 0 0 383 641 0 0 0 0 
0 0 307 717 0 0 0 0 0 0 0 1024 0 0 0 0 0 0 19 1005 0 0 0 0 
0 0 66 958 0 0 0 0 0 0 0 1024 0 0 0 0 0 0 0 1024 0 0 0 0 
0 0 89 935 0 0 0 0 0 0 0 1024 0 0 0 0 0 0 0 1024 0 0 0 0 
0 0 36 988 0 0 0 0 0 0 0 1024 0 0 0 0 0 0 0 1024 0 0 0 0 
0 0 120 904 0 0 0 0 0 0 0 1024 0 0 0 0 0 0 0 1024 0 0 0 0 
0 0 58 966 0 0 0 0 0 0 0 1024 0 0 0 0 0 0 0 1024 0 0 0 0 
0 0 38 986 0 0 0 0 0 0 0 1024 0 0 0 0 0 0 0 1024 0 0 0 0 
0 0 50 974 0 0 0 0 0 0 0 1024 0 0 0 0 0 0 0 1024 0 0 0 0 
0 0 472 552 0 0 0 0 0 0 0 1024 0 0 0 0 0 0 0 1024 0 0 0 0 
0 0 222 802 0 0 0 0 0 0 0 824 200 0 0 0 0 0 0 758 258 8 0 0 
0 0 8 1011 5 0 0 0 0 0 0 245 779 0 0 0 0 0 0 120 810 94 0 0 
61 33 105 805 19 1 0 0 49 27 32 232 670 14 0 0 20 43 28 78 708 144 3 0 
86 255 525 147 9 2 0 0 27 102 327 465 99 2 2 0 7 54 164 427 339 30 1 2 
117 247 525 110 17 5 3 0 47 120 273 506 58 14 4 2 23 76 165 400 323 26 7 4 
93 301 427 146 49 8 0 0 24 119 364 361 120 31 5 0 3 68 232 431 203 73 14 0 
130 194 294 273 102 28 3 0 52 131 207 289 230 95 19 1 26 93 149 274 276 149 49 8 
29 158 457 274 86 19 1 0 8 35 225 450 223 73 10 0 2 14 91 388 373 112 42 2 
96 179 403 257 83 5 1 0 30 109 221 388 216 57 2 1 14 71 149 363 279 134 13 1 
16 129 489 348 33 9 0 0 1 39 197 540 219 20 8 0 0 12 105 394 449 52 12 0 
145 242 364 226 42 5 0 0 83 126 293 357 136 27 2 0 61 84 223 337 261 52 6 0 
142 209 224 234 174 39 2 0 75 163 204 235 227 102 17 1 50 125 183 225 251 151 37 2 
0 27 997 0 0 0 0 0 0 0 1024 0 0 0 0 0 0 59 965 0 0 0 0 0 
0 0 1016 8 0 0 0 0 0 0 861 163 0 0 0 0 0 0 1024 0 0 0 0 0 
0 0 972 52 0 0 0 0 0 0 53 971 0 0 0 0 0 0 984 40 0 0 0 0 
0 0 711 313 0 0 0 0 0 0 0 1024 0 0 0 0 0 0 440 584 0 0 0 0 
0 0 691 333 0 0 0 0 0 0 0 1024 0 0 0 0 0 0 5 1019 0 0 0 0 
0 0 711 313 0 0 0 0 0 0 0 1024 0 0 0 0 0 0 0 1024 0 0 0 0 
0 0 570 454 0 0 0 0 0 0 0 1024 0 0 0 0 0 0 0 1024 0 0 0 0 
0 0 556 468 0 0 0 0 0 0 0 1024 0 0 0 0 0 0 0 1024 0 0 0 0 
0 0 29 995 0 0 0 0 0 0 0 1024 0 0 0 0 0 0 0 1024 0 0 0 0 
0 0 69 955 0 0 0 0 0 0 0 1024 0 0 0 0 0 0 0 1024 0 0 0 0 
0 0 176 848 0 0 0 0 0 0 0 1024 0 0 0 0 0 0 0 1024 0 0 0 0 
0 0 167 857 0 0 0 0 0 0 0 1015 9 0 0 0 0 0 0 907 117 0 0 0 
0 0 50 974 0 0 0 0 0 0 0 677 347 0 0 0 0 0 0 271 753 0 0 0 
0 0 5 1016 3 0 0 0 0 0 0 56 968 0 0 0 0 0 0 13 1011 0 0 0 
0 2 16 1005 1 0 0 0 0 0 2 41 981 0 0 0 0 0 2 6 938 78 0 0 
64 177 431 337 15 0 0 0 41 57 237 542 138 7 2 0 33 28 107 429 397 25 5 0 
134 261 543 74 12 0 0 0 58 126 322 476 37 5 0 0 31 71 196 438 265 22 1 0 
127 295 470 96 30 6 0 0 65 142 360 371 62 20 4 0 45 77 211 481 164 37 7 2 
152 275 405 146 42 3 1 0 70 156 329 345 92 30 2 0 34 109 223 406 185 54 12 1 
70 232 495 178 35 13 1 0 24 82 319 448 115 27 9 0 10 47 160 456 272 57 19 3 
87 224 506 202 5 0 0 0 46 80 314 447 136 1 0 0 26 52 154 464 307 21 0 0 
313 289 359 60 3 0 0 0 227 210 309 249 29 0 0 0 177 193 216 356 76 6 0 0 
174 296 378 160 16 0 0 0 86 204 307 334 92 1 0 0 54 167 242 363 184 14 0 0 
152 189 520 132 25 5 1 0 120 69 324 412 83 14 2 0 110 44 159 513 164 29 5 0 
148 296 384 150 38 8 0 0 120 117 360 310 98 18 1 0 92 84 274 373 155 41 5 0 
0 31 993 0 0 0 0 0 0 0 1024 0 0 0 0 0 0 0 1024 0 0 0 0 0 
0 0 1024 0 0 0 0 0 0 0 963 61 0 0 0 0 0 0 1024 0 0 0 0 0 
0 0 1024 0 0 0 0 0 0 0 98 926 0 0 0 0 0 0 1020 4 0 0 0 0 
0 0 1016 8 0 0 0 0 0 0 0 1024 0 0 0 0 0 0 673 351 0 0 0 0 
0 0 937 87 0 0 0 0 0 0 0 1024 0 0 0 0 0 0 24 1000 0 0 0 0 
0 0 838 186 0 0 0 0 0 0 0 1024 0 0 0 0 0 0 2 1022 0 0 0 0 
0 0 813 211 0 0 0 0 0 0 0 1024 0 0 0 0 0 0 0 1024 0 0 0 0 
0 0 315 709 0 0 0 0 0 0 0 1024 0 0 0 0 0 0 0 1024 0 0 0 0 
0 0 242 782 0 0 0 0 0 0 0 1024 0 0 0 0 0 0 0 1024 0 0 0 0 
0 0 197 827 0 0 0 0 0 0 0 1024 0 0 0 0 0 0 0 1024 0 0 0 0 
0 0 838 186 0 0 0 0 0 0 0 1024 0 0 0 0 0 0 0 1024 0 0 0 0 
0 0 245 779 0 0 0 0 0 0 0 997 27 0 0 0 0 0 0 656 368 0 0 0 
0 0 15 1009 0 0 0 0 0 0 0 138 886 0 0 0 0 0 0 4 1019 1 0 0 
0 13 24 987 0 0 0 0 0 4 16 52 952 0 0 0 0 0 9 21 994 0 0 0 
8 35 185 796 0 0 0 0 3 15 59 562 385 0 0 0 1 5 31 162 821 4 0 0 
102 512 365 44 1 0 0 0 53 113 586 256 16 0 0 0 20 70 197 637 99 1 0 0 
80 245 637 57 5 0 0 0 28 101 550 312 29 4 0 0 15 55 173 643 129 7 2 0 
82 194 685 51 11 1 0 0 32 82 513 370 17 9 1 0 13 63 148 622 160 13 5 0 
49 268 647 49 11 0 0 0 20 75 618 277 28 6 0 0 6 39 175 694 94 16 0 0 
16 145 741 88 24 9 1 0 3 26 244 670 53 20 8 0 0 10 78 691 208 24 10 3 
62 241 671 43 6 1 0 0 45 45 613 294 23 4 0 0 41 20 157 707 90 8 1 0 
425 356 208 27 6 2 0 0 404 305 150 146 15 4 0 0 398 293 81 197 50 3 2 0 
344 400 187 79 14 0 0 0 305 341 191 130 53 4 0 0 289 70 387 182 81 14 1 0 
48 194 617 156 8 1 0 0 23 76 557 283 82 3 0 0 11 50 186 609 156 11 1 0 
43 161 584 138 76 21 1 0 16 71 269 519 90 51 8 0 5 44 165 592 129 71 17 1 
