0 0 0 0 0 0 0 1024 0 0 0 0 0 0 16 1008 0 0 0 0 0 0 448 576 
0 0 0 0 0 0 0 1024 0 0 0 0 0 0 0 1024 0 0 0 0 0 0 0 1024 
0 0 0 0 0 0 0 1024 0 0 0 0 0 0 0 1024 0 0 0 0 0 0 0 1024 
0 0 0 0 0 0 0 1024 0 0 0 0 0 0 0 1024 0 0 0 0 0 0 0 1024 
0 0 0 0 0 0 0 1024 0 0 0 0 0 0 0 1024 0 0 0 0 0 0 0 1024 
0 0 0 0 0 0 0 1024 0 0 0 0 0 0 0 1024 0 0 0 0 0 0 0 1024 
0 0 0 0 0 0 0 1024 0 0 0 0 0 0 0 1024 0 0 0 0 0 0 0 1024 
0 0 0 0 0 0 0 1024 0 0 0 0 0 0 0 1024 0 0 0 0 0 0 0 1024 
0 0 0 0 0 0 0 1024 0 0 0 0 0 0 0 1024 0 0 0 0 0 0 0 1024 
0 0 0 0 0 0 0 1024 0 0 0 0 0 0 0 1024 0 0 0 0 0 0 0 1024 
0 0 0 0 0 0 0 1024 0 0 0 0 0 0 0 1024 0 0 0 0 0 0 0 1024 
0 0 0 0 0 0 0 1024 0 0 0 0 0 0 0 1024 0 0 0 0 0 0 0 1024 
0 0 0 0 0 0 0 1024 0 0 0 0 0 0 0 1024 0 0 0 0 0 0 0 1024 
0 0 0 0 0 0 0 1024 0 0 0 0 0 0 0 1024 0 0 0 0 0 0 0 1024 
0 0 0 0 0 0 0 1024 0 0 0 0 0 0 0 1024 0 0 0 0 0 0 0 1024 
0 0 0 0 0 0 0 1024 0 0 0 0 0 0 0 1024 0 0 0 0 0 0 0 1024 
0 0 0 0 0 0 0 1024 0 0 0 0 0 0 0 1024 0 0 0 0 0 0 0 1024 
0 0 0 0 0 0 0 1024 0 0 0 0 0 0 0 1024 0 0 0 0 0 0 0 1024 
0 0 0 0 0 0 0 1024 0 0 0 0 0 0 0 1024 0 0 0 0 0 0 0 1024 
0 0 0 0 0 0 0 1024 0 0 0 0 0 0 0 1024 0 0 0 0 0 0 0 1024 
0 0 0 0 0 0 0 1024 0 0 0 0 0 0 0 1024 0 0 0 0 0 0 0 1024 
0 0 0 0 0 0 0 1024 0 0 0 0 0 0 0 1024 0 0 0 0 0 0 0 1024 
0 0 0 0 0 0 0 1024 0 0 0 0 0 0 0 1024 0 0 0 0 0 0 0 1024 
0 0 0 0 0 0 0 1024 0 0 0 0 0 0 0 1024 0 0 0 0 0 0 0 1024 
0 0 0 0 0 0 0 1024 0 0 0 0 0 0 0 1024 0 0 0 0 0 0 0 1024 
0 0 0 0 0 0 0 1024 0 0 0 0 0 0 0 1024 0 0 0 0 0 0 0 1024 
0 0 0 0 0 0 0 1024 0 0 0 0 0 0 0 1024 0 0 0 0 0 0 0 1024 
0 0 0 0 0 0 0 1024 0 0 0 0 0 0 0 1024 0 0 0 0 0 0 0 1024 
0 0 0 0 0 0 0 1024 0 0 0 0 0 0 0 1024 0 0 0 0 0 0 0 1024 
0 0 0 0 0 0 0 1024 0 0 0 0 0 0 0 1024 0 0 0 0 0 0 0 1024 
0 0 0 0 0 0 0 1024 0 0 0 0 0 0 0 1024 0 0 0 0 0 0 0 1024 
0 0 0 0 0 0 0 1024 0 0 0 0 0 0 0 1024 0 0 0 0 0 0 0 1024 
0 0 1 3 4 6 21 989 0 0 0 2 3 4 18 997 0 0 0 2 4 6 30 982 
0 0 0 0 0 0 0 1024 0 0 0 0 0 0 0 1024 0 0 0 0 0 0 0 1024 
0 0 0 0 0 0 0 1024 0 0 0 0 0 0 0 1024 0 0 0 0 0 0 0 1024 
0 0 0 0 0 0 0 1024 0 0 0 0 0 0 0 1024 0 0 0 0 0 0 0 1024 
0 0 0 0 0 0 0 1024 0 0 0 0 0 0 0 1024 0 0 0 0 0 0 0 1024 
0 0 0 0 0 0 0 1024 0 0 0 0 0 0 0 1024 0 0 0 0 0 0 0 1024 
0 0 0 0 0 0 0 1024 0 0 0 0 0 0 0 1024 0 0 0 0 0 0 0 1024 
0 0 0 0 0 0 0 1024 0 0 0 0 0 0 0 1024 0 0 0 0 0 0 0 1024 
0 0 0 0 0 0 0 1024 0 0 0 0 0 0 0 1024 0 0 0 0 0 0 0 1024 
0 0 0 0 0 0 0 1024 0 0 0 0 0 0 0 1024 0 0 0 0 0 0 0 1024 
0 0 0 0 0 0 0 1024 0 0 0 0 0 0 0 1024 0 0 0 0 0 0 0 1024 
0 0 0 0 0 0 0 1024 0 0 0 0 0 0 0 1024 0 0 0 0 0 0 0 1024 
0 0 0 0 0 0 0 1024 0 0 0 0 0 0 0 1024 0 0 0 0 0 0 0 1024 
0 0 0 0 0 0 0 1024 0 0 0 0 0 0 0 1024 0 0 0 0 0 0 0 1024 
0 0 0 0 0 0 0 1024 0 0 0 0 0 0 0 1024 0 0 0 0 0 0 0 1024 
0 0 0 0 0 0 0 1024 0 0 0 0 0 0 0 1024 0 0 0 0 0 0 0 1024 
0 0 0 0 0 0 0 1024 0 0 0 0 0 0 0 1024 0 0 0 0 0 0 0 1024 
0 0 0 0 0 0 0 1024 0 0 0 0 0 0 0 1024 0 0 0 0 0 0 0 1024 
0 0 0 0 0 0 0 1024 0 0 0 0 0 0 0 1024 0 0 0 0 0 0 0 1024 
0 0 0 0 0 0 0 1024 0 0 0 0 0 0 0 1024 0 0 0 0 0 0 0 1024 
0 0 0 0 0 0 0 1024 0 0 0 0 0 0 0 1024 0 0 0 0 0 0 0 1024 
0 0 0 0 0 0 0 1024 0 0 0 0 0 0 0 1024 0 0 0 0 0 0 0 1024 
0 0 0 0 0 0 0 1024 0 0 0 0 0 0 0 1024 0 0 0 0 0 0 0 1024 
0 0 0 0 0 0 0 1024 0 0 0 0 0 0 0 1024 0 0 0 0 0 0 0 1024 
0 0 0 0 0 0 0 1024 0 0 0 0 0 0 0 1024 0 0 0 0 0 0 0 1024 
0 0 0 0 0 0 0 1024 0 0 0 0 0 0 0 1024 0 0 0 0 0 0 0 1024 
0 0 0 0 0 0 0 1024 0 0 0 0 0 0 0 1024 0 0 0 0 0 0 0 1024 
0 0 0 0 0 0 0 1024 0 0 0 0 0 0 0 1024 0 0 0 0 0 0 0 1024 
0 0 0 0 0 0 0 1024 0 0 0 0 0 0 0 1024 0 0 0 0 0 0 0 1024 
0 0 0 0 0 0 0 1024 0 0 0 0 0 0 0 1024 0 0 0 0 0 0 0 1024 
0 0 0 0 0 0 0 1024 0 0 0 0 0 0 0 1024 0 0 0 0 0 0 0 1024 
0 0 0 0 0 0 0 1024 0 0 0 0 0 0 0 1024 0 0 0 0 0 0 0 1024 
0 115 532 85 42 27 55 168 0 0 65 532 144 47 50 186 0 0 148 509 106 33 75 153 
0 0 11 58 68 56 120 711 0 0 1 29 74 70 119 731 0 0 1 50 69 69 191 644 
0 0 0 0 0 0 0 1024 0 0 0 0 0 0 0 1024 0 0 0 0 0 0 0 1024 
0 0 0 0 0 0 0 1024 0 0 0 0 0 0 0 1024 0 0 0 0 0 0 0 1024 
0 0 0 0 0 0 0 1024 0 0 0 0 0 0 0 1024 0 0 0 0 0 0 0 1024 
0 0 0 0 0 0 0 1024 0 0 0 0 0 0 0 1024 0 0 0 0 0 0 0 1024 
0 0 0 0 0 0 0 1024 0 0 0 0 0 0 0 1024 0 0 0 0 0 0 0 1024 
0 0 0 0 0 0 0 1024 0 0 0 0 0 0 0 1024 0 0 0 0 0 0 0 1024 
0 0 0 0 0 0 0 1024 0 0 0 0 0 0 0 1024 0 0 0 0 0 0 0 1024 
0 0 0 0 1 2 13 1008 0 0 0 0 0 2 10 1012 0 0 0 0 0 3 10 1011 
0 0 0 0 0 0 0 1024 0 0 0 0 0 0 0 1024 0 0 0 0 0 0 0 1024 
0 0 0 0 0 0 0 1024 0 0 0 0 0 0 0 1024 0 0 0 0 0 0 0 1024 
0 0 0 0 0 0 0 1024 0 0 0 0 0 0 0 1024 0 0 0 0 0 0 0 1024 
0 0 0 0 0 0 0 1024 0 0 0 0 0 0 0 1024 0 0 0 0 0 0 0 1024 
0 0 0 0 0 0 0 1024 0 0 0 0 0 0 0 1024 0 0 0 0 0 0 0 1024 
0 0 0 0 0 0 0 1024 0 0 0 0 0 0 0 1024 0 0 0 0 0 0 0 1024 
0 0 0 0 0 0 0 1024 0 0 0 0 0 0 0 1024 0 0 0 0 0 0 0 1024 
0 0 0 0 0 0 0 1024 0 0 0 0 0 0 0 1024 0 0 0 0 0 0 0 1024 
0 0 9 42 21 16 28 908 0 0 0 13 43 25 22 921 0 0 0 22 38 22 24 918 
0 0 118 122 32 24 36 692 0 0 0 64 176 39 36 709 0 0 1 135 121 29 33 705 
0 1 18 34 21 23 20 907 0 0 0 14 37 30 24 919 0 0 1 18 40 25 22 918 
0 7 148 81 26 24 30 708 0 0 0 80 149 36 34 725 0 0 0 107 131 32 32 722 
0 3 345 94 33 24 24 501 0 0 0 170 263 45 29 517 0 0 0 228 220 33 28 515 
0 0 342 111 36 24 33 478 0 0 0 187 260 47 33 497 0 0 0 240 217 40 34 493 
0 0 60 76 36 24 32 796 0 0 0 28 100 47 26 823 0 0 0 49 91 37 30 817 
0 0 0 0 0 1 4 1019 0 0 0 0 0 0 4 1020 0 0 0 0 0 0 4 1020 
0 0 0 0 0 0 0 1024 0 0 0 0 0 0 0 1024 0 0 0 0 0 0 0 1024 
0 0 0 0 0 0 0 1024 0 0 0 0 0 0 0 1024 0 0 0 0 0 0 0 1024 
0 0 0 0 0 0 0 1024 0 0 0 0 0 0 0 1024 0 0 0 0 0 0 0 1024 
0 0 0 0 0 0 0 1024 0 0 0 0 0 0 0 1024 0 0 0 0 0 0 0 1024 
0 0 0 0 0 0 0 1024 0 0 0 0 0 0 0 1024 0 0 0 0 0 0 0 1024 
0 0 0 0 0 0 0 1024 0 0 0 0 0 0 0 1024 0 0 0 0 0 0 0 1024 
0 614 394 16 0 0 0 0 0 0 503 493 28 0 0 0 0 8 716 286 14 0 0 0 
0 166 399 177 75 59 87 61 0 1 197 405 169 80 79 93 0 2 244 420 124 61 106 67 
0 0 11 20 15 27 139 812 0 0 0 9 24 27 104 860 0 0 1 24 20 28 651 300 
0 2 57 79 70 93 217 506 0 0 6 73 92 92 196 565 0 0 32 85 74 110 331 392 
0 26 155 142 82 91 150 378 0 0 25 163 149 123 125 439 0 0 64 183 134 101 161 381 
0 4 35 65 63 73 137 647 0 0 2 40 82 79 132 689 0 0 7 64 79 71 144 659 
0 0 0 0 0 0 0 1024 0 0 0 0 0 0 0 1024 0 0 0 0 0 0 0 1024 
0 0 12 32 17 24 50 889 0 0 0 11 37 20 32 924 0 0 4 25 28 21 45 901 
0 33 213 114 52 44 82 486 0 0 31 211 132 56 66 528 0 2 84 236 73 55 70 504 
0 109 360 153 72 52 62 216 0 0 119 323 194 84 49 255 0 5 234 294 133 69 56 233 
0 58 302 176 52 56 74 306 0 0 67 301 183 59 68 346 0 3 167 288 122 51 71 322 
0 12 148 161 82 59 93 469 0 0 18 153 178 84 73 518 0 0 47 184 141 68 85 499 
0 49 215 131 67 48 51 463 0 0 59 211 139 64 64 487 0 1 106 212 118 53 54 480 
0 2 17 39 28 18 25 895 0 0 2 22 49 18 27 906 0 0 3 28 45 17 28 903 
0 0 0 0 0 0 0 1024 0 0 0 0 0 0 0 1024 0 0 0 0 0 0 0 1024 
0 0 0 0 0 0 0 1024 0 0 0 0 0 0 0 1024 0 0 0 0 0 0 0 1024 
0 0 0 0 0 0 0 1024 0 0 0 0 0 0 0 1024 0 0 0 0 0 0 0 1024 
0 0 0 0 0 0 0 1024 0 0 0 0 0 0 0 1024 0 0 0 0 0 0 0 1024 
0 31 384 183 56 44 40 286 0 0 36 360 217 54 51 306 0 0 75 370 175 51 45 308 
0 42 749 146 46 19 13 9 0 0 39 690 224 38 16 17 0 0 107 718 136 33 13 17 
0 64 460 176 121 70 67 66 0 1 104 443 189 112 70 105 0 2 173 403 160 110 64 112 
0 182 718 64 26 14 11 9 0 3 205 667 99 20 17 13 0 2 268 621 82 21 16 14 
1 318 649 36 11 8 1 0 0 3 335 614 56 8 8 0 0 3 389 576 38 10 8 0 
0 263 712 27 8 9 4 1 0 0 207 757 39 9 10 2 0 0 244 732 28 8 10 2 
0 157 807 55 4 0 1 0 0 0 64 759 193 6 1 1 0 0 79 794 145 4 1 1 
0 12 488 136 72 43 44 229 0 0 1 419 226 75 47 256 0 0 2 448 212 65 45 252 
0 0 0 2 6 9 8 999 0 0 0 0 2 7 11 1004 0 0 0 0 4 10 7 1003 
0 0 0 0 0 0 0 1024 0 0 0 0 0 0 0 1024 0 0 0 0 0 0 0 1024 
0 0 0 0 0 0 0 1024 0 0 0 0 0 0 0 1024 0 0 0 0 0 0 0 1024 
0 0 0 0 0 0 0 1024 0 0 0 0 0 0 0 1024 0 0 0 0 0 0 0 1024 
0 0 0 0 0 0 0 1024 0 0 0 0 0 0 0 1024 0 0 0 0 0 0 0 1024 
0 0 0 0 0 0 0 1024 0 0 0 0 0 0 0 1024 0 0 0 0 0 0 0 1024 
4 956 64 0 0 0 0 0 0 76 877 71 0 0 0 0 0 195 807 22 0 0 0 0 
7 772 224 16 5 0 0 0 0 6 676 316 22 4 0 0 0 55 815 137 13 4 0 0 
1 532 371 58 23 20 18 1 0 32 373 442 115 30 25 7 0 100 587 242 56 19 19 1 
0 364 500 139 19 2 0 0 0 3 286 475 242 17 1 0 0 18 425 442 129 10 0 0 
2 445 513 49 13 2 0 0 0 5 433 475 99 10 2 0 0 54 618 299 47 5 1 0 
1 307 519 125 43 22 5 2 0 3 349 484 130 37 19 2 0 23 486 390 72 36 15 2 
0 32 305 171 47 37 137 295 0 0 18 283 212 58 90 363 0 0 90 326 133 33 111 331 
18 318 271 115 47 45 64 146 0 14 199 362 150 63 44 192 0 74 342 252 89 49 51 167 
11 514 375 72 24 18 6 4 0 19 421 461 88 11 18 6 0 92 587 274 41 13 10 7 
2 469 521 30 2 0 0 0 0 26 315 580 101 2 0 0 0 124 487 399 13 1 0 0 
1 350 467 116 24 18 27 21 0 3 337 475 128 19 28 34 0 34 553 309 56 17 25 30 
5 354 529 104 13 7 9 3 0 37 354 486 123 7 9 8 0 81 507 365 47 8 8 8 
4 385 466 103 34 10 14 8 0 16 470 391 94 28 12 13 0 73 537 303 66 20 14 11 
1 31 111 113 48 48 56 616 0 1 40 146 90 58 48 641 0 3 60 145 73 53 49 641 
0 0 0 0 0 0 0 1024 0 0 0 0 0 0 0 1024 0 0 0 0 0 0 0 1024 
0 0 0 0 0 0 0 1024 0 0 0 0 0 0 0 1024 0 0 0 0 0 0 0 1024 
0 0 0 0 0 0 0 1024 0 0 0 0 0 0 0 1024 0 0 0 0 0 0 0 1024 
0 1 17 43 33 23 41 866 0 0 1 21 51 33 26 892 0 0 2 25 50 30 29 888 
0 98 619 149 71 43 29 15 0 0 153 592 147 73 31 28 0 0 289 482 131 60 35 27 
0 200 733 52 29 4 5 1 0 0 304 642 47 22 6 3 0 3 435 522 35 21 6 2 
0 114 469 188 98 60 64 31 0 0 146 458 199 86 67 68 0 0 192 437 175 83 74 63 
1 482 457 52 19 10 2 1 0 0 486 446 62 19 8 3 0 6 526 410 53 17 9 3 
0 351 495 79 44 22 18 15 0 1 236 608 100 35 19 25 0 2 261 582 96 36 20 27 
0 466 475 55 18 7 3 0 0 1 308 632 58 17 6 2 0 2 311 624 61 17 7 2 
0 771 245 7 1 0 0 0 0 11 836 174 3 0 0 0 0 17 898 105 4 0 0 0 
0 391 622 10 1 0 0 0 0 1 390 602 30 1 0 0 0 1 448 555 19 1 0 0 
0 103 479 142 30 24 32 214 0 0 24 226 409 93 31 241 0 0 50 297 370 45 33 229 
0 64 312 186 43 22 45 352 0 0 2 173 300 124 31 394 0 0 44 244 262 60 31 383 
0 0 108 169 57 56 67 567 0 0 0 13 174 153 83 601 0 0 0 69 182 105 79 589 
0 0 68 109 84 58 51 654 0 0 0 6 112 157 64 685 0 0 1 31 134 117 72 669 
0 0 2 9 18 13 24 958 0 0 0 0 9 20 23 972 0 0 0 1 12 24 20 967 
0 0 123 165 52 43 51 590 0 0 0 102 184 72 46 620 0 0 2 134 172 54 43 619 
117 854 53 0 0 0 0 0 0 222 708 94 0 0 0 0 7 383 614 20 0 0 0 0 
85 850 87 2 0 0 0 0 0 161 727 134 2 0 0 0 18 294 674 36 2 0 0 0 
97 901 26 0 0 0 0 0 0 426 572 26 0 0 0 0 14 686 320 4 0 0 0 0 
84 847 93 0 0 0 0 0 0 341 579 104 0 0 0 0 4 510 485 25 0 0 0 0 
131 701 189 3 0 0 0 0 2 201 565 250 6 0 0 0 13 382 525 103 1 0 0 0 
63 642 291 28 0 0 0 0 0 181 473 323 46 1 0 0 12 377 413 204 18 0 0 0 
30 608 369 17 0 0 0 0 0 28 355 608 33 0 0 0 0 92 657 272 3 0 0 0 
132 793 98 1 0 0 0 0 1 193 471 356 3 0 0 0 9 359 580 76 0 0 0 0 
192 781 51 0 0 0 0 0 0 509 369 146 0 0 0 0 22 629 350 23 0 0 0 0 
124 810 90 0 0 0 0 0 0 276 560 186 2 0 0 0 4 511 466 43 0 0 0 0 
45 876 100 3 0 0 0 0 0 415 499 109 1 0 0 0 1 610 400 13 0 0 0 0 
5 649 278 42 25 11 9 5 0 83 678 191 40 14 10 8 1 212 652 94 36 12 10 7 
11 550 314 83 35 17 13 1 0 154 468 265 83 33 14 7 0 281 421 210 66 27 14 5 
0 5 54 66 80 111 182 526 0 0 7 77 83 103 157 597 0 0 18 73 85 100 163 585 
0 6 64 40 17 17 42 838 0 0 2 48 61 21 25 867 0 0 16 64 37 19 27 861 
0 17 189 123 40 25 48 582 0 0 8 119 192 54 35 616 0 0 23 186 131 42 41 601 
0 16 116 173 29 25 36 629 0 0 0 29 170 131 35 659 0 0 3 57 235 48 28 653 
0 102 254 79 47 41 58 443 0 0 9 218 180 75 54 488 0 0 52 236 134 71 48 483 
0 709 311 4 0 0 0 0 0 3 714 301 6 0 0 0 0 41 851 130 2 0 0 0 
2 596 421 4 1 0 0 0 0 3 640 377 3 1 0 0 0 20 807 194 2 1 0 0 
3 647 282 38 16 14 13 11 0 11 639 286 43 14 12 19 0 63 698 194 25 15 10 19 
0 695 293 30 6 0 0 0 0 11 801 195 15 2 0 0 0 39 845 125 13 2 0 0 
0 795 229 0 0 0 0 0 0 63 815 146 0 0 0 0 0 119 803 102 0 0 0 0 
5 665 354 0 0 0 0 0 0 46 575 403 0 0 0 0 0 74 596 354 0 0 0 0 
2 702 320 0 0 0 0 0 0 29 599 394 2 0 0 0 0 89 599 335 1 0 0 0 
1 707 315 1 0 0 0 0 0 38 642 344 0 0 0 0 0 75 688 261 0 0 0 0 
2 529 459 32 2 0 0 0 0 32 298 499 185 10 0 0 0 74 410 470 69 1 0 0 
0 157 831 36 0 0 0 0 0 0 25 776 219 4 0 0 0 0 151 822 51 0 0 0 
1 134 752 134 3 0 0 0 0 0 46 353 589 36 0 0 0 2 103 520 393 6 0 0 
3 264 624 121 10 2 0 0 0 0 42 423 475 76 8 0 0 1 128 539 327 27 2 0 
0 189 541 141 49 45 28 31 0 0 172 410 280 73 43 46 0 4 285 416 184 56 39 40 
0 263 496 166 59 27 10 3 0 6 295 491 156 47 20 9 0 25 405 406 125 37 19 7 
102 864 58 0 0 0 0 0 0 233 724 67 0 0 0 0 0 413 593 18 0 0 0 0 
260 553 154 20 13 8 6 10 66 353 377 176 20 11 8 13 171 327 413 65 18 11 6 13 
509 504 11 0 0 0 0 0 176 483 346 19 0 0 0 0 333 488 201 2 0 0 0 0 
247 753 24 0 0 0 0 0 0 381 554 89 0 0 0 0 19 620 382 3 0 0 0 0 
213 772 39 0 0 0 0 0 2 346 476 200 0 0 0 0 29 504 435 56 0 0 0 0 
157 786 81 0 0 0 0 0 0 202 538 284 0 0 0 0 10 378 536 100 0 0 0 0 
265 718 41 0 0 0 0 0 22 343 571 84 4 0 0 0 79 567 364 14 0 0 0 0 
265 707 52 0 0 0 0 0 1 407 530 86 0 0 0 0 59 644 312 9 0 0 0 0 
186 798 40 0 0 0 0 0 5 322 556 140 1 0 0 0 56 546 401 21 0 0 0 0 
212 782 30 0 0 0 0 0 8 459 445 112 0 0 0 0 59 578 373 14 0 0 0 0 
195 828 1 0 0 0 0 0 13 854 157 0 0 0 0 0 42 924 58 0 0 0 0 0 
76 924 24 0 0 0 0 0 0 682 334 8 0 0 0 0 14 870 138 2 0 0 0 0 
59 726 177 32 20 9 1 0 0 398 461 113 29 20 3 0 7 554 338 82 23 17 3 0 
1 207 498 117 54 45 61 41 0 4 177 481 169 59 67 67 0 17 290 432 113 47 65 60 
2 264 656 49 16 14 14 9 0 2 121 660 188 17 16 20 0 11 278 626 60 18 16 15 
1 597 424 2 0 0 0 0 0 2 332 645 45 0 0 0 0 16 646 362 0 0 0 0 
9 703 311 1 0 0 0 0 0 9 358 628 29 0 0 0 0 42 623 351 8 0 0 0 
25 740 257 2 0 0 0 0 0 49 455 434 86 0 0 0 0 134 566 283 41 0 0 0 
18 912 94 0 0 0 0 0 0 243 714 67 0 0 0 0 0 385 619 20 0 0 0 0 
12 887 125 0 0 0 0 0 0 174 785 65 0 0 0 0 0 273 723 28 0 0 0 0 
1 654 369 0 0 0 0 0 0 8 488 523 5 0 0 0 0 6 609 406 3 0 0 0 
3 616 405 0 0 0 0 0 0 45 521 452 6 0 0 0 0 68 554 397 5 0 0 0 
8 747 257 11 1 0 0 0 0 15 668 320 19 2 0 0 0 39 770 202 12 1 0 0 
21 573 363 64 3 0 0 0 0 43 419 420 140 2 0 0 0 88 471 367 95 3 0 0 
22 409 486 104 3 0 0 0 0 87 258 496 178 5 0 0 0 145 259 462 155 3 0 0 
72 674 268 10 0 0 0 0 0 265 507 220 30 2 0 0 4 265 469 246 39 1 0 0 
77 684 260 3 0 0 0 0 0 390 464 160 10 0 0 0 4 421 449 148 2 0 0 0 
3 773 248 0 0 0 0 0 0 31 745 245 3 0 0 0 0 97 737 190 0 0 0 0 
18 778 226 2 0 0 0 0 0 126 619 261 18 0 0 0 0 166 624 227 7 0 0 0 
35 674 306 9 0 0 0 0 0 36 522 405 61 0 0 0 0 123 513 343 45 0 0 0 
12 715 286 11 0 0 0 0 0 122 744 158 0 0 0 0 0 195 620 195 14 0 0 0 
1 822 198 3 0 0 0 0 0 46 748 226 4 0 0 0 0 95 748 177 4 0 0 0 
448 553 21 1 0 1 0 0 217 356 422 28 0 1 0 0 282 447 290 3 1 1 0 0 
541 156 77 41 42 66 45 56 409 261 86 46 37 64 50 71 479 165 88 65 43 53 59 72 
863 148 0 4 3 1 2 3 670 292 48 4 4 1 1 4 780 196 35 4 3 1 1 4 
750 274 0 0 0 0 0 0 425 519 80 0 0 0 0 0 610 383 31 0 0 0 0 0 
554 467 3 0 0 0 0 0 101 734 156 33 0 0 0 0 316 612 96 0 0 0 0 0 
545 470 9 0 0 0 0 0 53 744 206 21 0 0 0 0 276 626 115 7 0 0 0 0 
585 431 8 0 0 0 0 0 153 634 222 15 0 0 0 0 323 580 121 0 0 0 0 0 
684 337 3 0 0 0 0 0 248 676 97 3 0 0 0 0 500 489 35 0 0 0 0 0 
371 624 29 0 0 0 0 0 30 598 380 16 0 0 0 0 139 678 206 1 0 0 0 0 
274 715 35 0 0 0 0 0 24 455 501 44 0 0 0 0 108 563 353 0 0 0 0 0 
247 726 51 0 0 0 0 0 18 691 261 49 5 0 0 0 81 767 125 50 1 0 0 0 
133 681 204 6 0 0 0 0 3 485 243 248 45 0 0 0 28 543 238 203 12 0 0 0 
61 690 268 5 0 0 0 0 0 240 425 312 47 0 0 0 0 334 421 259 10 0 0 0 
13 641 350 20 0 0 0 0 0 34 589 373 28 0 0 0 0 116 628 268 12 0 0 0 
11 552 373 87 1 0 0 0 0 88 477 350 106 3 0 0 0 132 512 289 88 3 0 0 
58 743 207 16 0 0 0 0 0 198 638 152 32 4 0 0 0 334 551 117 22 0 0 0 
25 829 165 3 2 0 0 0 2 269 624 126 3 0 0 0 1 307 583 129 2 2 0 0 
58 692 177 27 28 40 2 0 0 377 483 86 20 50 8 0 0 384 421 126 26 46 21 0 
54 622 254 50 30 14 0 0 1 333 416 155 88 29 2 0 1 405 306 180 92 35 5 0 
60 553 231 16 64 97 3 0 3 342 400 105 41 109 24 0 0 295 424 126 37 104 38 0 
32 619 139 70 95 69 0 0 0 220 505 99 85 115 0 0 0 175 530 88 91 135 5 0 
10 452 349 133 68 12 0 0 0 90 497 256 139 42 0 0 0 72 445 313 140 54 0 0 
32 395 292 153 79 59 14 0 0 125 313 308 170 77 31 0 0 108 347 275 150 103 41 0 
0 252 601 122 38 11 0 0 0 8 238 652 104 18 4 0 0 1 191 608 178 39 7 0 
3 295 469 184 47 26 0 0 0 17 267 592 103 41 4 0 0 9 325 525 111 45 9 0 
31 361 222 148 124 138 0 0 2 167 282 240 136 184 13 0 2 162 203 195 218 209 35 0 
47 426 196 222 133 0 0 0 0 276 235 267 218 28 0 0 1 315 172 196 275 65 0 0 
9 390 176 262 185 2 0 0 0 29 390 282 253 70 0 0 0 124 284 183 309 124 0 0 
15 341 119 213 162 172 2 0 0 107 260 241 147 255 14 0 0 141 226 144 206 270 37 0 
8 290 206 273 124 123 0 0 0 191 128 353 172 171 9 0 0 185 111 227 286 199 16 0 
9 240 308 361 106 0 0 0 1 105 209 440 239 30 0 0 0 68 171 324 403 58 0 0 
1 189 80 330 387 37 0 0 0 39 172 205 430 178 0 0 0 56 140 110 463 254 1 0 
325 376 166 101 39 14 3 0 70 415 295 144 62 29 9 0 49 342 320 185 73 42 13 0 
171 289 131 133 40 56 133 71 131 163 248 139 71 40 87 145 95 160 252 146 94 50 82 145 
526 330 64 30 11 18 29 16 434 140 287 74 20 15 25 29 408 170 258 91 27 22 27 21 
496 356 153 19 0 0 0 0 394 222 237 155 16 0 0 0 323 265 177 219 40 0 0 0 
411 375 136 85 17 0 0 0 163 474 116 188 77 6 0 0 156 452 126 159 117 14 0 0 
378 408 101 127 10 0 0 0 88 467 200 172 93 4 0 0 102 462 208 95 134 23 0 0 
253 459 137 160 15 0 0 0 34 408 304 186 87 5 0 0 38 409 265 152 150 10 0 0 
288 353 72 262 44 5 0 0 54 496 115 118 220 21 0 0 68 442 128 75 264 45 2 0 
126 389 88 156 138 120 7 0 8 229 310 86 208 137 46 0 14 230 294 63 198 143 82 0 
166 290 156 166 138 103 5 0 30 279 184 169 184 147 31 0 22 258 182 140 214 127 81 0 
79 268 129 127 193 215 11 2 19 156 181 166 177 223 99 3 7 156 182 159 154 196 165 5 
12 308 148 164 137 232 23 0 0 24 216 303 144 213 124 0 0 46 240 211 170 185 171 1 
1 195 230 228 198 163 9 0 0 2 214 267 273 215 53 0 0 2 182 230 283 228 95 4 
0 69 165 243 252 270 25 0 0 0 35 194 358 311 125 1 0 3 56 155 306 310 190 4 
0 12 131 392 282 171 35 1 0 0 12 205 455 272 79 1 0 0 10 124 430 341 114 5 
2 47 139 281 284 260 11 0 0 2 41 221 345 333 82 0 0 2 26 198 309 333 155 1 
0 12 44 103 317 505 43 0 0 5 25 70 168 515 241 0 0 5 16 50 138 445 366 4 
0 0 41 97 290 579 17 0 0 0 3 71 160 573 217 0 0 0 0 56 115 485 368 0 
0 21 165 256 253 320 9 0 0 0 65 232 248 357 122 0 0 0 18 204 274 319 209 0 
0 3 31 110 309 534 37 0 0 0 17 50 168 478 311 0 0 0 7 41 136 404 431 5 
0 13 95 148 304 434 30 0 0 0 40 127 215 420 222 0 0 0 23 107 171 382 341 0 
0 0 22 190 229 541 42 0 0 0 0 126 198 461 239 0 0 0 0 67 218 348 391 0 
0 1 68 298 392 251 14 0 0 0 9 165 372 410 65 3 0 0 2 87 356 452 121 6 
0 5 265 327 261 163 3 0 0 0 37 428 237 300 22 0 0 0 10 316 322 329 44 3 
0 0 23 145 421 424 11 0 0 0 4 75 294 556 95 0 0 0 4 40 241 588 151 0 
0 0 40 194 483 301 6 0 0 0 3 89 364 511 57 0 0 0 0 54 313 551 105 1 
0 0 13 152 506 346 7 0 0 0 0 74 355 543 52 0 0 0 0 35 255 642 92 0 
0 0 100 439 362 123 0 0 0 0 17 289 475 240 3 0 0 0 1 172 524 312 15 0 
0 0 31 175 367 442 9 0 0 0 0 120 287 556 61 0 0 0 0 90 255 571 108 0 
0 0 24 154 438 395 13 0 0 0 0 73 308 578 65 0 0 0 0 45 252 601 126 0 
0 0 105 355 393 163 8 0 0 0 30 308 390 264 32 0 0 0 11 264 376 315 58 0 
0 13 124 275 446 158 8 0 0 0 67 176 452 307 22 0 0 0 42 147 441 348 46 0 
122 834 68 0 0 0 0 0 2 363 639 20 0 0 0 0 0 343 660 21 0 0 0 0 
92 810 121 1 0 0 0 0 0 71 871 82 0 0 0 0 0 124 827 72 1 0 0 0 
141 747 111 25 0 0 0 0 0 169 727 104 24 0 0 0 0 192 674 131 26 1 0 0 
35 656 269 53 11 0 0 0 0 50 639 281 52 2 0 0 0 42 529 363 80 10 0 0 
160 530 186 90 43 12 3 0 0 47 607 238 80 39 12 1 0 229 431 200 105 45 12 2 
75 677 121 89 49 12 1 0 0 9 708 178 79 48 2 0 0 99 630 136 86 64 9 0 
4 99 134 320 416 51 0 0 0 4 114 199 492 212 3 0 0 1 102 163 422 326 10 0 
0 13 171 414 376 49 1 0 0 0 71 277 470 196 10 0 0 0 37 204 462 303 18 0 
0 4 102 288 375 242 13 0 0 0 38 187 358 380 60 1 0 0 25 145 337 422 92 3 
0 3 112 255 327 305 22 0 0 0 30 171 315 378 130 0 0 0 9 149 282 368 216 0 
0 9 30 128 347 476 34 0 0 0 17 53 207 488 259 0 0 0 11 35 154 422 398 4 
0 10 56 189 334 377 58 0 0 0 16 114 239 413 242 0 0 0 9 90 193 400 322 10 
0 42 175 290 364 148 5 0 0 0 82 239 365 285 53 0 0 0 53 181 358 346 86 0 
0 16 101 271 386 227 23 0 0 0 28 143 391 353 108 1 0 0 12 106 332 397 176 1 
0 12 121 210 442 228 11 0 0 0 39 146 320 440 79 0 0 0 10 120 227 501 165 1 
0 15 81 159 333 409 27 0 0 2 46 96 229 456 195 0 0 0 24 90 184 403 322 1 
0 4 73 148 397 396 6 0 0 0 17 101 225 533 148 0 0 0 0 74 152 500 298 0 
0 0 39 39 346 583 17 0 0 0 9 48 118 607 242 0 0 0 0 41 73 544 366 0 
0 2 37 101 226 650 8 0 0 0 9 48 150 490 327 0 0 0 0 38 116 347 518 5 
0 3 80 140 377 411 13 0 0 0 17 124 200 520 163 0 0 0 5 101 155 487 276 0 
0 9 119 247 406 236 7 0 0 3 41 171 304 403 102 0 0 0 11 134 263 425 191 0 
0 16 106 316 351 227 8 0 0 0 44 206 346 367 61 0 0 0 10 155 327 425 107 0 
0 35 125 273 308 278 5 0 0 3 65 204 275 392 85 0 0 0 37 149 288 409 141 0 
0 73 456 343 145 7 0 0 0 2 258 449 244 71 0 0 0 0 122 450 319 131 2 0 
1 46 211 554 177 35 0 0 0 7 89 365 425 132 6 0 0 2 45 249 543 167 18 0 
0 30 208 358 272 152 4 0 0 0 66 284 416 223 35 0 0 0 24 203 404 347 46 0 
1 43 156 281 369 172 2 0 0 7 82 226 360 339 10 0 0 3 50 204 336 382 49 0 
0 52 242 424 289 17 0 0 0 5 146 397 393 83 0 0 0 0 83 359 448 134 0 0 
0 32 198 315 317 162 0 0 0 0 117 263 356 270 18 0 0 0 58 278 320 324 44 0 
0 0 89 265 459 208 3 0 0 0 22 189 426 376 11 0 0 0 3 132 398 462 29 0 
7 61 177 367 398 14 0 0 0 20 124 301 430 149 0 0 0 3 87 263 393 277 1 0 
0 73 312 336 282 21 0 0 0 10 188 348 381 96 1 0 0 0 72 369 440 134 9 0 
583 441 0 0 0 0 0 0 40 665 318 1 0 0 0 0 141 760 123 0 0 0 0 0 
518 502 4 0 0 0 0 0 4 409 529 82 0 0 0 0 91 555 353 25 0 0 0 0 
159 756 84 8 17 0 0 0 0 149 759 93 14 9 0 0 1 381 513 100 13 16 0 0 
89 809 99 24 3 0 0 0 0 107 766 126 25 0 0 0 0 259 595 132 31 7 0 0 
24 460 233 261 46 0 0 0 0 4 453 273 266 28 0 0 0 11 379 243 280 108 3 0 
14 263 504 202 41 0 0 0 0 14 301 498 184 27 0 0 0 4 215 462 254 87 2 0 
2 42 577 351 49 3 0 0 0 5 147 679 177 14 2 0 0 4 70 659 260 29 2 0 
304 173 86 122 147 191 1 0 134 322 55 119 122 243 29 0 89 360 51 104 126 222 72 0 
296 132 31 90 183 287 5 0 139 279 27 49 124 338 67 1 102 314 26 45 104 332 100 1 
1 5 77 136 318 467 20 0 0 1 19 110 155 527 212 0 0 1 2 81 139 399 394 8 
0 0 0 23 363 599 39 0 0 0 0 0 48 624 352 0 0 0 0 0 10 303 701 10 
0 0 0 9 262 705 48 0 0 0 0 0 39 522 463 0 0 0 0 0 7 323 674 20 
74 70 60 168 216 415 21 0 13 117 26 126 169 319 252 2 1 101 50 93 179 296 302 2 
190 206 27 56 76 410 59 0 45 336 30 37 59 166 350 1 2 292 112 35 57 88 438 0 
145 91 26 89 86 555 32 0 65 160 24 43 94 308 330 0 18 188 40 36 88 205 449 0 
0 1 1 16 239 724 43 0 0 1 0 3 40 499 481 0 0 1 0 1 14 278 728 2 
0 0 21 54 217 671 61 0 0 0 4 27 64 489 439 1 0 0 0 26 29 266 683 20 
0 0 0 10 246 707 61 0 0 0 0 0 28 485 511 0 0 0 0 0 6 251 754 13 
0 0 0 5 204 749 66 0 0 0 0 0 10 481 529 4 0 0 0 0 4 262 744 14 
0 0 2 76 271 642 33 0 0 0 0 13 98 533 377 3 0 0 0 0 59 310 634 21 
0 0 45 131 401 397 50 0 0 0 0 70 190 489 274 1 0 0 0 31 122 454 405 12 
0 0 1 40 307 637 39 0 0 0 0 3 78 595 348 0 0 0 0 1 23 432 566 2 
0 0 0 237 471 316 0 0 0 0 0 15 332 603 74 0 0 0 0 13 193 504 314 0 
1 13 23 518 297 168 4 0 0 9 8 42 520 369 76 0 0 8 7 20 163 606 219 1 
15 68 14 83 232 588 24 0 0 75 14 27 165 504 239 0 0 65 20 21 138 413 366 1 
7 22 14 117 251 609 4 0 0 19 20 51 151 600 183 0 0 16 23 48 147 507 283 0 
0 0 67 311 220 426 0 0 0 0 10 266 155 520 73 0 0 0 3 227 169 447 178 0 
0 0 1 40 557 423 3 0 0 0 0 1 111 815 97 0 0 0 0 0 42 758 224 0 
0 0 14 109 474 421 6 0 0 0 0 27 235 682 80 0 0 0 0 10 124 717 173 0 
0 5 257 384 263 112 3 0 0 0 121 376 309 184 34 0 0 0 48 302 401 222 51 0 
0 34 138 265 366 221 0 0 0 0 90 168 305 375 86 0 0 0 65 131 248 423 157 0 
0 0 4 103 426 441 50 0 0 0 0 10 151 640 223 0 0 0 0 1 80 535 408 0 
739 237 40 8 0 0 0 0 143 740 101 35 5 0 0 0 353 447 147 52 24 1 0 0 
641 325 55 3 0 0 0 0 96 689 186 48 5 0 0 0 237 561 136 62 28 0 0 0 
358 598 59 9 0 0 0 0 13 424 517 59 11 0 0 0 15 492 390 91 35 1 0 0 
331 555 115 23 0 0 0 0 6 500 349 147 22 0 0 0 22 546 248 139 68 1 0 0 
34 99 306 544 39 2 0 0 0 27 95 311 559 31 1 0 0 33 54 101 478 352 6 0 
0 40 603 358 23 0 0 0 0 0 66 580 361 17 0 0 0 0 12 308 589 113 2 0 
88 308 519 109 0 0 0 0 1 170 315 480 58 0 0 0 0 122 163 520 219 0 0 0 
901 109 12 2 0 0 0 0 461 537 18 8 0 0 0 0 346 649 20 9 0 0 0 0 
990 34 0 0 0 0 0 0 837 187 0 0 0 0 0 0 620 404 0 0 0 0 0 0 
356 57 97 120 258 134 2 0 292 112 29 110 126 299 56 0 240 159 22 91 102 244 164 2 
0 0 10 165 596 251 2 0 0 0 0 8 186 680 150 0 0 0 0 0 73 564 386 1 
100 218 48 74 241 330 13 0 3 275 49 52 87 333 222 3 0 208 111 33 82 253 328 9 
567 421 9 8 8 11 0 0 84 847 60 7 7 10 9 0 21 851 117 9 7 9 10 0 
403 523 51 44 3 0 0 0 69 784 102 53 16 0 0 0 3 692 249 45 35 0 0 0 
434 570 20 0 0 0 0 0 88 860 75 1 0 0 0 0 4 796 219 5 0 0 0 0 
246 394 57 20 21 267 19 0 15 390 250 49 18 149 153 0 1 357 293 47 23 105 198 0 
5 18 13 135 405 401 47 0 0 7 16 13 156 553 278 1 0 8 15 7 76 423 477 18 
0 2 46 154 578 244 0 0 0 0 6 47 204 665 102 0 0 0 0 23 109 612 280 0 
0 0 2 64 435 519 4 0 0 0 0 5 74 639 306 0 0 0 0 0 33 396 591 4 
0 0 11 114 380 478 41 0 0 0 0 20 168 506 328 2 0 0 0 4 91 423 490 16 
0 2 20 77 451 455 19 0 0 0 3 23 113 645 239 1 0 0 0 9 72 433 500 10 
209 52 37 45 120 536 24 1 74 177 22 41 45 350 312 3 4 233 25 39 37 205 477 4 
698 36 28 79 140 41 2 0 476 246 21 32 78 151 19 1 222 494 22 26 55 125 79 1 
918 87 9 10 0 0 0 0 536 455 19 11 3 0 0 0 283 705 18 14 4 0 0 0 
945 79 0 0 0 0 0 0 596 428 0 0 0 0 0 0 293 731 0 0 0 0 0 0 
735 270 13 4 2 0 0 0 391 529 94 6 4 0 0 0 49 855 106 10 4 0 0 0 
313 493 94 70 24 29 1 0 44 399 350 160 25 40 6 0 3 497 270 178 25 35 16 0 
174 362 42 59 155 223 9 0 9 415 127 54 96 230 93 0 15 407 117 55 79 202 149 0 
30 85 13 65 420 410 1 0 6 81 33 16 137 639 112 0 19 80 25 13 97 619 171 0 
0 0 43 204 523 254 0 0 0 0 6 85 401 511 21 0 0 0 0 37 329 551 107 0 
0 0 6 103 690 225 0 0 0 0 0 24 198 776 26 0 0 0 0 11 116 780 117 0 
0 0 0 64 747 213 0 0 0 0 0 2 91 894 37 0 0 0 0 0 23 742 259 0 
16 807 162 35 4 0 0 0 0 21 789 175 35 4 0 0 0 1 684 240 79 20 0 0 
0 657 241 116 10 0 0 0 0 2 625 265 119 13 0 0 0 0 541 221 181 76 5 0 
1 593 287 112 31 0 0 0 0 1 501 359 125 36 2 0 0 0 424 295 204 86 15 0 
0 699 276 46 3 0 0 0 0 0 555 399 66 4 0 0 0 0 433 388 169 34 0 0 
2 267 719 25 9 2 0 0 0 2 158 807 46 9 2 0 0 0 29 479 494 13 8 1 
0 235 750 38 1 0 0 0 0 4 170 804 45 1 0 0 0 0 43 687 280 14 0 0 
129 523 366 6 0 0 0 0 13 252 350 406 3 0 0 0 0 213 328 392 91 0 0 0 
727 297 0 0 0 0 0 0 308 685 31 0 0 0 0 0 270 720 34 0 0 0 0 0 
912 112 0 0 0 0 0 0 427 597 0 0 0 0 0 0 321 703 0 0 0 0 0 0 
728 97 23 82 89 5 0 0 268 537 31 19 80 86 3 0 213 575 37 21 29 122 27 0 
2 28 36 617 293 48 0 0 0 2 26 52 554 369 21 0 0 1 8 28 144 722 121 0 
139 796 27 51 11 0 0 0 0 487 444 31 46 16 0 0 0 184 665 102 26 42 5 0 
357 667 0 0 0 0 0 0 37 943 44 0 0 0 0 0 8 647 369 0 0 0 0 0 
198 812 13 1 0 0 0 0 25 902 90 6 1 0 0 0 0 258 754 11 1 0 0 0 
261 531 116 98 17 1 0 0 26 666 115 119 87 10 1 0 0 344 424 79 110 61 6 0 
97 343 322 183 63 15 1 0 11 153 329 304 163 53 11 0 0 58 243 314 253 120 29 7 
13 268 279 386 61 17 0 0 1 18 221 299 408 64 13 0 0 5 128 290 231 323 44 3 
0 0 134 281 547 62 0 0 0 0 0 76 385 551 12 0 0 0 0 0 224 631 169 0 
0 0 34 157 610 221 2 0 0 0 1 33 163 716 111 0 0 0 0 8 70 588 358 0 
0 2 11 99 393 517 2 0 0 0 3 10 105 759 147 0 0 0 2 4 24 461 530 3 
355 208 26 43 98 276 18 0 164 288 122 20 45 210 175 0 12 370 183 20 40 114 274 11 
1005 18 1 0 0 0 0 0 581 440 3 0 0 0 0 0 144 873 6 1 0 0 0 0 
1024 0 0 0 0 0 0 0 786 238 0 0 0 0 0 0 420 604 0 0 0 0 0 0 
1019 5 0 0 0 0 0 0 948 76 0 0 0 0 0 0 667 357 0 0 0 0 0 0 
580 333 95 14 2 0 0 0 371 360 161 114 18 0 0 0 236 376 260 107 43 2 0 0 
271 657 93 3 0 0 0 0 20 280 349 369 6 0 0 0 15 359 451 187 12 0 0 0 
283 674 65 2 0 0 0 0 15 245 540 211 12 1 0 0 42 348 462 163 7 2 0 0 
136 481 185 123 67 22 10 0 9 168 326 285 146 67 20 3 12 146 246 343 125 105 33 14 
225 561 176 48 14 0 0 0 6 395 400 159 50 14 0 0 22 328 255 340 37 35 7 0 
24 439 125 195 179 62 0 0 0 164 352 180 142 182 4 0 0 142 244 277 155 191 15 0 
4 18 22 171 612 197 0 0 0 8 16 43 254 695 8 0 0 9 15 24 173 766 37 0 
0 6 37 255 667 59 0 0 0 0 6 44 345 617 12 0 0 0 1 25 168 783 47 0 
0 1024 0 0 0 0 0 0 0 0 980 44 0 0 0 0 0 0 1023 1 0 0 0 0 
0 1016 8 0 0 0 0 0 0 0 813 211 0 0 0 0 0 0 996 28 0 0 0 0 
0 1002 22 0 0 0 0 0 0 0 630 394 0 0 0 0 0 0 786 238 0 0 0 0 
0 814 210 0 0 0 0 0 0 0 474 550 0 0 0 0 0 0 614 410 0 0 0 0 
0 0 1024 0 0 0 0 0 0 0 0 1019 5 0 0 0 0 0 0 749 275 0 0 0 
0 0 1024 0 0 0 0 0 0 0 0 1024 0 0 0 0 0 0 0 1024 0 0 0 0 
0 262 762 0 0 0 0 0 0 0 166 858 0 0 0 0 0 0 143 881 0 0 0 0 
27 971 26 0 0 0 0 0 0 66 910 48 0 0 0 0 0 92 857 75 0 0 0 0 
87 937 0 0 0 0 0 0 0 211 813 0 0 0 0 0 0 213 811 0 0 0 0 0 
87 594 163 180 0 0 0 0 0 198 468 144 214 0 0 0 0 137 493 136 239 19 0 0 
17 100 479 427 1 0 0 0 0 33 69 226 691 5 0 0 0 16 35 99 797 77 0 0 
129 869 26 0 0 0 0 0 17 257 697 53 0 0 0 0 0 194 746 83 1 0 0 0 
204 811 8 1 0 0 0 0 29 401 590 4 0 0 0 0 4 343 669 7 1 0 0 0 
205 812 7 0 0 0 0 0 14 547 459 4 0 0 0 0 0 351 663 7 3 0 0 0 
58 852 110 4 0 0 0 0 2 481 448 93 0 0 0 0 0 132 722 164 6 0 0 0 
20 839 165 0 0 0 0 0 0 69 843 112 0 0 0 0 0 13 596 412 3 0 0 0 
8 973 43 0 0 0 0 0 0 49 940 35 0 0 0 0 0 16 908 100 0 0 0 0 
24 192 120 484 151 50 3 0 0 107 108 126 477 176 30 0 0 58 146 38 309 406 67 0 
0 10 147 660 151 56 0 0 0 0 10 145 653 181 35 0 0 0 0 20 332 591 81 0 
227 212 99 346 106 34 0 0 2 348 108 67 382 108 9 0 0 275 145 66 173 334 31 0 
966 56 2 0 0 0 0 0 162 853 9 0 0 0 0 0 44 966 14 0 0 0 0 0 
1004 20 0 0 0 0 0 0 357 667 0 0 0 0 0 0 227 797 0 0 0 0 0 0 
983 41 0 0 0 0 0 0 658 366 0 0 0 0 0 0 443 581 0 0 0 0 0 0 
1021 3 0 0 0 0 0 0 964 60 0 0 0 0 0 0 730 294 0 0 0 0 0 0 
799 216 9 0 0 0 0 0 541 450 33 0 0 0 0 0 307 618 94 5 0 0 0 0 
428 444 118 34 0 0 0 0 117 520 284 87 16 0 0 0 59 399 382 129 54 1 0 0 
533 415 72 4 0 0 0 0 125 589 171 88 51 0 0 0 160 502 197 146 19 0 0 0 
261 547 155 55 6 0 0 0 72 266 280 206 194 6 0 0 64 262 207 404 49 36 2 0 
46 506 373 49 38 12 0 0 3 36 142 501 291 41 10 0 0 22 140 536 260 35 30 1 
6 758 215 38 7 0 0 0 0 60 185 413 339 27 0 0 0 88 224 536 154 22 0 0 
9 533 231 55 131 65 0 0 0 30 293 248 289 154 10 0 0 62 299 300 186 161 16 0 
0 54 477 373 102 18 0 0 0 0 7 233 677 107 0 0 0 0 8 50 752 212 2 0 
0 974 50 0 0 0 0 0 0 0 481 543 0 0 0 0 0 0 659 365 0 0 0 0 
0 747 265 12 0 0 0 0 0 0 56 938 30 0 0 0 0 0 218 783 23 0 0 0 
0 871 153 0 0 0 0 0 0 0 234 790 0 0 0 0 0 0 253 771 0 0 0 0 
0 763 261 0 0 0 0 0 0 0 77 947 0 0 0 0 0 0 34 990 0 0 0 0 
0 339 685 0 0 0 0 0 0 0 43 981 0 0 0 0 0 0 12 1009 3 0 0 0 
0 172 852 0 0 0 0 0 0 0 5 1016 3 0 0 0 0 0 0 1018 6 0 0 0 
0 9 1002 13 0 0 0 0 0 0 6 1006 12 0 0 0 0 0 3 911 110 0 0 0 
0 334 563 126 1 0 0 0 0 0 316 580 127 1 0 0 0 0 263 579 175 7 0 0 
0 529 364 128 3 0 0 0 0 0 520 406 96 2 0 0 0 0 460 345 208 11 0 0 
0 87 334 565 37 1 0 0 0 0 85 327 585 25 2 0 0 0 58 290 536 130 10 0 
0 0 59 870 95 0 0 0 0 0 0 36 954 34 0 0 0 0 0 13 670 341 0 0 
0 595 177 243 9 0 0 0 0 0 573 172 267 12 0 0 0 0 377 315 238 94 0 0 
0 1024 0 0 0 0 0 0 0 0 1024 0 0 0 0 0 0 0 835 189 0 0 0 0 
0 1022 2 0 0 0 0 0 0 0 1022 2 0 0 0 0 0 0 912 112 0 0 0 0 
0 1018 6 0 0 0 0 0 0 1 1021 2 0 0 0 0 0 0 968 56 0 0 0 0 
0 820 204 0 0 0 0 0 0 0 643 381 0 0 0 0 0 0 401 623 0 0 0 0 
1 888 135 0 0 0 0 0 0 0 643 381 0 0 0 0 0 0 595 429 0 0 0 0 
14 258 411 296 45 0 0 0 0 30 227 280 391 96 0 0 0 7 184 141 489 183 20 0 
8 139 514 325 38 0 0 0 0 17 117 333 447 110 0 0 0 3 55 125 530 294 17 0 
351 588 66 19 0 0 0 0 91 450 385 79 19 0 0 0 14 422 426 116 39 7 0 0 
638 328 57 1 0 0 0 0 186 554 106 102 75 1 0 0 85 634 147 127 31 0 0 0 
689 279 55 1 0 0 0 0 417 252 68 112 172 3 0 0 307 373 89 223 32 0 0 0 
532 443 49 0 0 0 0 0 391 101 87 141 304 0 0 0 389 117 119 371 28 0 0 0 
294 523 205 2 0 0 0 0 132 91 106 280 411 4 0 0 125 110 208 515 66 0 0 0 
263 534 227 0 0 0 0 0 121 161 109 135 493 5 0 0 110 170 135 531 78 0 0 0 
95 607 322 0 0 0 0 0 47 52 62 140 704 19 0 0 30 65 75 634 220 0 0 0 
1 636 387 0 0 0 0 0 0 0 7 103 842 72 0 0 0 0 6 624 394 0 0 0 
0 653 371 0 0 0 0 0 0 0 0 86 899 39 0 0 0 0 14 726 284 0 0 0 
0 537 487 0 0 0 0 0 0 0 0 100 888 36 0 0 0 0 45 748 231 0 0 0 
0 575 449 0 0 0 0 0 0 0 0 94 910 20 0 0 0 0 6 833 185 0 0 0 
0 427 574 14 9 0 0 0 0 0 0 167 832 18 7 0 0 0 9 832 173 7 3 0 
1 489 531 3 0 0 0 0 0 0 0 159 856 9 0 0 0 0 11 898 115 0 0 0 
0 932 91 1 0 0 0 0 0 35 942 47 0 0 0 0 0 3 883 135 3 0 0 0 
1 399 477 93 45 8 1 0 0 9 477 416 82 34 5 1 0 1 374 509 97 35 7 1 
1 921 85 10 6 1 0 0 0 3 849 155 10 6 1 0 0 0 742 257 15 7 3 0 
0 864 160 0 0 0 0 0 0 0 678 346 0 0 0 0 0 0 185 839 0 0 0 0 
0 581 443 0 0 0 0 0 0 0 273 751 0 0 0 0 0 0 135 885 4 0 0 0 
0 465 555 4 0 0 0 0 0 0 143 875 5 1 0 0 0 0 54 960 9 1 0 0 
0 17 927 80 0 0 0 0 0 0 6 938 80 0 0 0 0 0 0 815 209 0 0 0 
0 6 643 375 0 0 0 0 0 0 4 706 314 0 0 0 0 0 0 514 510 0 0 0 
0 14 276 734 0 0 0 0 0 0 16 301 707 0 0 0 0 0 0 199 824 1 0 0 
0 0 147 845 31 1 0 0 0 0 0 126 872 25 1 0 0 0 0 71 881 69 3 0 
0 0 4 823 197 0 0 0 0 0 0 3 901 120 0 0 0 0 0 0 798 226 0 0 
0 36 88 886 14 0 0 0 0 0 35 86 878 25 0 0 0 0 18 83 744 179 0 0 
0 746 189 74 15 0 0 0 0 0 600 317 102 5 0 0 0 0 530 377 105 12 0 0 
0 908 116 0 0 0 0 0 0 0 687 337 0 0 0 0 0 0 412 612 0 0 0 0 
0 977 47 0 0 0 0 0 0 0 822 199 3 0 0 0 0 0 697 327 0 0 0 0 
0 921 103 0 0 0 0 0 0 0 566 421 37 0 0 0 0 0 485 527 12 0 0 0 
0 500 517 7 0 0 0 0 0 0 187 596 241 0 0 0 0 0 139 631 254 0 0 0 
0 335 619 70 0 0 0 0 0 0 3 428 587 6 0 0 0 0 32 425 565 2 0 0 
14 593 416 1 0 0 0 0 0 0 0 358 655 11 0 0 0 0 79 593 352 0 0 0 
8 867 149 0 0 0 0 0 0 0 35 293 690 6 0 0 0 0 90 880 54 0 0 0 
7 807 209 1 0 0 0 0 0 0 0 369 648 7 0 0 0 0 98 888 38 0 0 0 
13 472 536 3 0 0 0 0 0 0 4 186 822 12 0 0 0 0 54 810 160 0 0 0 
2 522 500 0 0 0 0 0 0 0 0 142 860 22 0 0 0 0 23 845 156 0 0 0 
0 649 374 1 0 0 0 0 0 0 0 80 935 9 0 0 0 0 10 917 97 0 0 0 
3 655 366 0 0 0 0 0 0 0 0 224 777 23 0 0 0 0 71 816 137 0 0 0 
2 669 353 0 0 0 0 0 0 0 0 120 879 25 0 0 0 0 10 913 101 0 0 0 
0 504 511 8 1 0 0 0 0 0 0 94 878 51 1 0 0 0 20 787 213 4 0 0 
1 562 459 2 0 0 0 0 0 0 0 78 938 8 0 0 0 0 13 911 100 0 0 0 
1 635 388 0 0 0 0 0 0 0 0 211 805 8 0 0 0 0 58 899 67 0 0 0 
8 692 324 0 0 0 0 0 0 0 0 300 724 0 0 0 0 0 80 912 32 0 0 0 
6 809 208 1 0 0 0 0 0 0 0 385 637 2 0 0 0 0 155 846 23 0 0 0 
20 741 263 0 0 0 0 0 0 0 0 327 695 2 0 0 0 0 112 881 31 0 0 0 
0 991 33 0 0 0 0 0 0 0 668 356 0 0 0 0 0 0 810 214 0 0 0 0 
0 626 289 73 34 2 0 0 0 0 302 608 84 29 1 0 0 0 478 437 77 31 1 0 
0 902 121 1 0 0 0 0 0 0 447 572 5 0 0 0 0 0 700 323 1 0 0 0 
0 919 105 0 0 0 0 0 0 0 152 860 12 0 0 0 0 0 495 526 3 0 0 0 
0 813 210 1 0 0 0 0 0 0 28 992 4 0 0 0 0 0 254 768 2 0 0 0 
0 701 323 0 0 0 0 0 0 0 35 987 2 0 0 0 0 0 146 877 1 0 0 0 
0 530 482 12 0 0 0 0 0 0 63 920 41 0 0 0 0 0 138 856 30 0 0 0 
1 218 718 87 0 0 0 0 0 0 17 753 251 3 0 0 0 0 44 733 247 0 0 0 
27 377 453 167 0 0 0 0 0 0 18 490 516 0 0 0 0 0 165 536 323 0 0 0 
3 273 486 261 1 0 0 0 0 0 5 417 601 1 0 0 0 0 37 539 443 5 0 0 
2 324 172 495 31 0 0 0 0 0 0 135 877 12 0 0 0 0 20 357 598 49 0 0 
0 468 129 426 1 0 0 0 0 0 0 59 959 6 0 0 0 0 2 513 481 28 0 0 
0 643 237 137 7 0 0 0 0 0 0 253 764 7 0 0 0 0 30 786 208 0 0 0 
4 841 179 0 0 0 0 0 0 0 22 336 666 0 0 0 0 0 67 940 17 0 0 0 
0 915 109 0 0 0 0 0 0 0 5 436 583 0 0 0 0 0 93 929 2 0 0 0 
0 845 179 0 0 0 0 0 0 0 0 368 656 0 0 0 0 0 48 964 12 0 0 0 
0 650 374 0 0 0 0 0 0 0 0 216 808 0 0 0 0 0 6 1008 10 0 0 0 
0 635 389 0 0 0 0 0 0 0 0 196 828 0 0 0 0 0 22 985 17 0 0 0 
0 725 299 0 0 0 0 0 0 0 0 181 840 3 0 0 0 0 28 954 42 0 0 0 
3 734 287 0 0 0 0 0 0 0 0 128 886 10 0 0 0 0 23 918 83 0 0 0 
22 671 331 0 0 0 0 0 0 0 0 219 799 6 0 0 0 0 58 914 52 0 0 0 
19 729 276 0 0 0 0 0 0 0 4 267 750 3 0 0 0 0 100 871 53 0 0 0 
41 748 231 4 0 0 0 0 0 0 3 358 645 18 0 0 0 0 126 801 95 2 0 0 
27 895 102 0 0 0 0 0 0 0 0 182 837 5 0 0 0 0 62 918 44 0 0 0 
8 822 194 0 0 0 0 0 0 0 0 255 757 12 0 0 0 0 63 883 78 0 0 0 
71 823 130 0 0 0 0 0 0 0 0 350 669 5 0 0 0 0 159 832 33 0 0 0 
37 919 68 0 0 0 0 0 0 0 4 551 466 3 0 0 0 1 245 763 15 0 0 0 
70 799 134 21 0 0 0 0 0 0 9 441 527 47 0 0 0 5 251 682 82 4 0 0 
53 967 4 0 0 0 0 0 0 0 0 561 463 0 0 0 0 0 298 725 1 0 0 0 
16 1006 2 0 0 0 0 0 0 0 0 552 472 0 0 0 0 0 302 722 0 0 0 0 
50 965 9 0 0 0 0 0 0 0 0 690 330 4 0 0 0 0 463 556 5 0 0 0 
23 978 23 0 0 0 0 0 0 0 3 661 360 0 0 0 0 0 293 730 1 0 0 0 
31 701 286 6 0 0 0 0 0 0 60 722 239 3 0 0 0 0 189 777 58 0 0 0 
13 714 291 6 0 0 0 0 0 0 16 483 518 7 0 0 0 0 74 814 136 0 0 0 
32 738 253 1 0 0 0 0 0 0 10 393 608 13 0 0 0 0 105 776 143 0 0 0 
10 794 218 2 0 0 0 0 0 0 2 375 634 13 0 0 0 0 89 816 119 0 0 0 
14 823 182 5 0 0 0 0 0 0 2 513 500 8 1 0 0 0 94 886 42 2 0 0 
27 859 127 11 0 0 0 0 0 0 10 442 554 18 0 0 0 3 111 869 38 3 0 0 
74 790 151 9 0 0 0 0 0 1 47 444 518 14 0 0 0 14 185 761 62 2 0 0 
35 841 146 2 0 0 0 0 0 1 35 353 628 7 0 0 0 6 122 841 55 0 0 0 
2 948 72 2 0 0 0 0 0 0 0 271 739 14 0 0 0 0 74 923 27 0 0 0 
30 909 83 2 0 0 0 0 0 0 2 271 737 14 0 0 0 0 76 914 34 0 0 0 
14 927 83 0 0 0 0 0 0 0 0 203 814 7 0 0 0 0 17 940 67 0 0 0 
3 928 93 0 0 0 0 0 0 0 0 191 833 0 0 0 0 0 44 972 8 0 0 0 
8 917 95 4 0 0 0 0 0 0 0 439 577 8 0 0 0 0 121 879 24 0 0 0 
2 884 138 0 0 0 0 0 0 0 0 233 791 0 0 0 0 0 32 970 22 0 0 0 
20 826 177 1 0 0 0 0 0 0 1 383 623 17 0 0 0 0 128 831 65 0 0 0 
10 814 194 6 0 0 0 0 0 0 0 288 730 6 0 0 0 0 82 920 20 2 0 0 
5 910 109 0 0 0 0 0 0 0 0 89 930 5 0 0 0 0 19 960 45 0 0 0 
7 893 122 2 0 0 0 0 0 0 0 111 904 9 0 0 0 0 12 935 76 1 0 0 
19 962 40 2 1 0 0 0 0 0 0 277 742 2 3 0 0 0 91 912 18 2 1 0 
5 971 45 3 0 0 0 0 0 0 0 306 713 4 1 0 0 0 95 917 11 1 0 0 
9 992 23 0 0 0 0 0 0 0 2 354 668 0 0 0 0 0 137 886 1 0 0 0 
35 927 62 0 0 0 0 0 0 0 31 522 469 2 0 0 0 1 256 756 11 0 0 0 
51 876 96 1 0 0 0 0 0 0 10 459 541 14 0 0 0 2 228 761 30 3 0 0 
37 964 23 0 0 0 0 0 0 0 0 539 480 5 0 0 0 0 239 778 7 0 0 0 
36 933 53 2 0 0 0 0 0 0 0 527 488 9 0 0 0 0 239 770 13 2 0 0 
61 941 19 3 0 0 0 0 0 0 1 593 424 5 1 0 0 0 214 799 10 1 0 0 
34 919 63 8 0 0 0 0 0 0 6 599 403 13 3 0 0 0 270 718 32 4 0 0 
62 783 165 14 0 0 0 0 0 0 12 476 488 47 1 0 0 2 244 666 102 10 0 0 
70 867 83 3 1 0 0 0 0 0 10 604 405 4 1 0 0 0 306 679 36 3 0 0 
9 875 129 9 2 0 0 0 0 0 1 561 446 14 2 0 0 0 246 732 42 4 0 0 
7 882 128 7 0 0 0 0 0 0 1 599 409 14 1 0 0 0 188 789 44 3 0 0 
5 613 385 20 1 0 0 0 0 0 0 416 587 21 0 0 0 0 105 810 99 9 1 0 
4 815 197 8 0 0 0 0 0 0 1 306 687 30 0 0 0 0 41 911 70 2 0 0 
22 861 136 5 0 0 0 0 0 0 4 386 608 26 0 0 0 0 97 873 54 0 0 0 
21 912 82 7 2 0 0 0 0 0 2 454 545 19 4 0 0 0 99 876 42 5 2 0 
16 965 43 0 0 0 0 0 0 0 0 587 435 2 0 0 0 0 140 879 5 0 0 0 
8 887 124 5 0 0 0 0 0 0 5 553 462 4 0 0 0 0 148 858 18 0 0 0 
7 937 79 1 0 0 0 0 0 0 0 438 575 11 0 0 0 0 75 911 38 0 0 0 
13 948 62 1 0 0 0 0 0 0 0 472 541 11 0 0 0 0 89 911 24 0 0 0 
110 849 65 0 0 0 0 0 0 0 15 482 522 5 0 0 0 4 171 828 21 0 0 0 
17 973 34 0 0 0 0 0 0 0 0 393 627 4 0 0 0 0 101 903 20 0 0 0 
15 949 60 0 0 0 0 0 0 0 0 339 684 1 0 0 0 0 58 940 26 0 0 0 
22 964 38 0 0 0 0 0 0 0 0 379 642 3 0 0 0 0 98 919 7 0 0 0 
28 923 73 0 0 0 0 0 0 0 0 452 561 11 0 0 0 0 156 848 20 0 0 0 
52 800 156 16 0 0 0 0 0 0 0 424 548 52 0 0 0 0 140 811 72 1 0 0 
4 895 122 3 0 0 0 0 0 0 1 404 610 9 0 0 0 0 86 901 37 0 0 0 
4 904 116 0 0 0 0 0 0 0 0 477 545 2 0 0 0 0 103 913 8 0 0 0 
5 886 131 2 0 0 0 0 0 0 3 572 444 5 0 0 0 0 99 909 16 0 0 0 
34 843 145 2 0 0 0 0 0 0 19 576 424 5 0 0 0 0 174 831 17 2 0 0 
25 948 51 0 0 0 0 0 0 0 3 492 528 1 0 0 0 0 127 880 17 0 0 0 
11 982 31 0 0 0 0 0 0 0 1 508 515 0 0 0 0 0 128 895 1 0 0 0 
7 957 55 5 0 0 0 0 0 0 0 361 658 5 0 0 0 0 116 898 8 2 0 0 
33 956 31 4 0 0 0 0 0 0 0 406 614 4 0 0 0 0 98 912 10 4 0 0 
20 926 78 0 0 0 0 0 0 0 0 499 516 9 0 0 0 0 222 773 29 0 0 0 
72 920 32 0 0 0 0 0 0 0 18 732 271 3 0 0 0 0 451 563 10 0 0 0 
61 947 16 0 0 0 0 0 0 0 10 855 159 0 0 0 0 0 480 544 0 0 0 0 
45 924 51 4 0 0 0 0 0 0 7 754 257 6 0 0 0 0 428 584 12 0 0 0 
103 806 114 1 0 0 0 0 0 1 79 694 247 3 0 0 0 23 434 554 13 0 0 0 
97 913 14 0 0 0 0 0 0 0 34 896 94 0 0 0 0 0 481 542 1 0 0 0 
124 885 13 2 0 0 0 0 0 0 83 863 75 3 0 0 0 27 590 400 7 0 0 0 
114 770 129 11 0 0 0 0 0 1 80 687 242 14 0 0 0 26 466 491 41 0 0 0 
72 931 20 1 0 0 0 0 0 0 20 858 145 1 0 0 0 8 519 491 6 0 0 0 
89 891 44 0 0 0 0 0 0 1 69 740 214 0 0 0 0 11 447 546 20 0 0 0 
84 858 82 0 0 0 0 0 0 0 31 723 269 1 0 0 0 0 325 680 19 0 0 0 
13 819 191 1 0 0 0 0 0 0 9 542 464 9 0 0 0 0 140 824 60 0 0 0 
43 940 41 0 0 0 0 0 0 0 9 713 302 0 0 0 0 0 331 683 10 0 0 0 
154 811 59 0 0 0 0 0 0 1 58 678 278 9 0 0 0 16 381 609 18 0 0 0 
19 858 143 4 0 0 0 0 0 0 2 585 413 24 0 0 0 0 213 748 63 0 0 0 
70 859 91 4 0 0 0 0 0 0 8 576 419 20 1 0 0 0 296 689 35 4 0 0 
30 929 61 4 0 0 0 0 0 0 4 630 378 12 0 0 0 1 278 721 23 1 0 0 
59 890 75 0 0 0 0 0 0 0 19 647 358 0 0 0 0 4 305 714 1 0 0 0 
55 901 64 4 0 0 0 0 0 0 41 719 258 5 1 0 0 15 370 629 8 2 0 0 
23 939 62 0 0 0 0 0 0 0 7 720 297 0 0 0 0 1 340 680 3 0 0 0 
34 921 65 3 1 0 0 0 0 0 7 626 387 3 1 0 0 0 243 773 5 2 1 0 
29 940 48 7 0 0 0 0 0 0 9 633 373 8 1 0 0 3 190 812 14 5 0 0 
25 978 21 0 0 0 0 0 0 0 3 747 274 0 0 0 0 0 240 784 0 0 0 0 
19 904 101 0 0 0 0 0 0 0 3 645 374 2 0 0 0 0 180 838 6 0 0 0 
6 797 216 5 0 0 0 0 0 0 7 554 449 14 0 0 0 0 138 841 45 0 0 0 
6 866 137 11 4 0 0 0 0 0 1 526 481 13 3 0 0 0 141 839 34 8 2 0 
27 889 108 0 0 0 0 0 0 0 0 478 541 5 0 0 0 0 161 842 21 0 0 0 
27 938 59 0 0 0 0 0 0 0 1 465 558 0 0 0 0 0 190 826 8 0 0 0 
51 889 77 5 1 1 0 0 0 0 26 505 478 12 2 1 0 10 212 771 28 1 1 1 
62 834 122 6 0 0 0 0 0 0 11 440 547 26 0 0 0 0 131 826 67 0 0 0 
79 910 35 0 0 0 0 0 0 0 5 594 422 3 0 0 0 0 290 716 18 0 0 0 
38 891 83 11 1 0 0 0 0 0 0 636 370 17 1 0 0 0 255 741 24 4 0 0 
26 922 72 4 0 0 0 0 0 0 1 761 256 5 1 0 0 0 345 666 11 2 0 0 
38 937 49 0 0 0 0 0 0 0 10 789 225 0 0 0 0 3 374 643 4 0 0 0 
69 942 13 0 0 0 0 0 0 0 21 863 140 0 0 0 0 1 498 524 1 0 0 0 
143 844 32 5 0 0 0 0 0 0 89 803 128 4 0 0 0 5 489 514 16 0 0 0 
75 896 53 0 0 0 0 0 0 1 57 759 207 0 0 0 0 16 366 629 13 0 0 0 
57 911 56 0 0 0 0 0 0 0 85 784 155 0 0 0 0 10 337 658 19 0 0 0 
99 834 90 1 0 0 0 0 0 1 91 791 132 9 0 0 0 10 544 424 46 0 0 0 
51 955 15 2 1 0 0 0 0 0 12 900 109 2 1 0 0 1 478 539 5 1 0 0 
30 900 94 0 0 0 0 0 0 0 34 856 134 0 0 0 0 3 275 720 26 0 0 0 
57 877 87 3 0 0 0 0 0 1 41 766 213 3 0 0 0 1 209 788 26 0 0 0 
74 732 209 9 0 0 0 0 0 0 63 589 366 6 0 0 0 13 198 742 71 0 0 0 
84 836 104 0 0 0 0 0 0 0 18 652 341 13 0 0 0 2 284 694 44 0 0 0 
67 829 127 1 0 0 0 0 0 1 13 518 469 23 0 0 0 7 245 690 82 0 0 0 
41 823 153 7 0 0 0 0 0 0 9 572 400 43 0 0 0 1 290 643 90 0 0 0 
73 866 79 6 0 0 0 0 0 0 7 671 325 21 0 0 0 1 404 571 48 0 0 0 
59 787 166 12 0 0 0 0 0 0 22 554 405 43 0 0 0 7 220 715 82 0 0 0 
54 950 20 0 0 0 0 0 0 0 14 833 177 0 0 0 0 0 366 658 0 0 0 0 
27 958 39 0 0 0 0 0 0 0 8 799 217 0 0 0 0 0 325 699 0 0 0 0 
39 960 25 0 0 0 0 0 0 0 11 846 167 0 0 0 0 0 436 588 0 0 0 0 
18 983 23 0 0 0 0 0 0 0 12 801 211 0 0 0 0 0 297 727 0 0 0 0 
34 951 39 0 0 0 0 0 0 0 11 850 163 0 0 0 0 1 387 636 0 0 0 0 
45 955 24 0 0 0 0 0 0 0 38 805 181 0 0 0 0 0 398 626 0 0 0 0 
32 961 31 0 0 0 0 0 0 0 9 788 227 0 0 0 0 0 334 690 0 0 0 0 
53 848 118 5 0 0 0 0 0 0 13 721 278 12 0 0 0 0 408 590 26 0 0 0 
48 890 86 0 0 0 0 0 0 0 13 777 234 0 0 0 0 1 476 539 8 0 0 0 
34 811 172 5 2 0 0 0 0 0 9 671 332 10 2 0 0 2 365 615 38 4 0 0 
57 816 151 0 0 0 0 0 0 0 15 694 314 1 0 0 0 2 406 579 37 0 0 0 
91 875 47 8 3 0 0 0 0 0 21 758 232 9 3 1 0 2 539 454 21 5 3 0 
46 857 104 14 3 0 0 0 0 0 2 602 380 33 6 1 0 0 328 618 67 10 1 0 
45 955 24 0 0 0 0 0 0 0 9 704 311 0 0 0 0 1 349 672 2 0 0 0 
53 958 13 0 0 0 0 0 0 0 13 735 276 0 0 0 0 0 361 663 0 0 0 0 
61 923 36 0 3 1 0 0 0 0 0 779 238 3 3 1 0 0 369 644 7 1 3 0 
36 956 24 7 1 0 0 0 0 0 2 876 138 7 1 0 0 0 414 594 10 6 0 0 
66 941 14 2 1 0 0 0 0 0 21 870 130 2 1 0 0 1 444 573 4 2 0 0 
93 930 1 0 0 0 0 0 0 0 31 903 90 0 0 0 0 0 535 489 0 0 0 0 
72 933 19 0 0 0 0 0 0 0 54 873 97 0 0 0 0 7 517 498 2 0 0 0 
79 904 36 5 0 0 0 0 0 0 89 819 109 7 0 0 0 10 526 474 12 2 0 0 
137 806 74 7 0 0 0 0 0 3 163 786 67 5 0 0 0 3 501 502 16 2 0 0 
98 837 78 9 2 0 0 0 0 0 77 834 104 9 0 0 0 6 552 443 15 7 1 0 
128 860 35 1 0 0 0 0 0 0 111 788 124 1 0 0 0 20 469 521 14 0 0 0 
197 744 81 2 0 0 0 0 0 0 201 669 152 2 0 0 0 10 476 505 33 0 0 0 
175 792 57 0 0 0 0 0 0 13 204 617 190 0 0 0 0 20 412 579 13 0 0 0 
107 841 71 5 0 0 0 0 0 0 97 762 159 6 0 0 0 1 301 694 28 0 0 0 
34 941 49 0 0 0 0 0 0 0 40 905 78 1 0 0 0 1 372 645 6 0 0 0 
40 928 53 3 0 0 0 0 0 0 24 835 162 3 0 0 0 1 400 608 15 0 0 0 
59 958 7 0 0 0 0 0 0 0 12 881 131 0 0 0 0 1 405 618 0 0 0 0 
46 943 35 0 0 0 0 0 0 0 13 810 201 0 0 0 0 1 301 722 0 0 0 0 
45 960 19 0 0 0 0 0 0 0 15 861 148 0 0 0 0 0 394 629 1 0 0 0 
56 950 18 0 0 0 0 0 0 0 18 810 196 0 0 0 0 0 370 652 2 0 0 0 
21 957 46 0 0 0 0 0 0 0 2 797 224 1 0 0 0 0 291 724 9 0 0 0 
40 959 25 0 0 0 0 0 0 0 8 772 244 0 0 0 0 1 359 664 0 0 0 0 
72 932 20 0 0 0 0 0 0 0 48 727 249 0 0 0 0 4 350 670 0 0 0 0 
21 983 20 0 0 0 0 0 0 0 10 757 256 1 0 0 0 0 342 679 3 0 0 0 
22 980 22 0 0 0 0 0 0 0 8 717 299 0 0 0 0 0 313 710 1 0 0 0 
9 939 75 1 0 0 0 0 0 0 4 664 355 1 0 0 0 0 263 751 10 0 0 0 
31 966 27 0 0 0 0 0 0 0 3 642 379 0 0 0 0 0 270 754 0 0 0 0 
61 928 35 0 0 0 0 0 0 0 17 640 367 0 0 0 0 3 294 727 0 0 0 0 
33 961 30 0 0 0 0 0 0 0 5 736 283 0 0 0 0 0 360 663 1 0 0 0 
39 941 44 0 0 0 0 0 0 0 6 690 328 0 0 0 0 1 405 615 3 0 0 0 
39 932 46 6 1 0 0 0 0 0 4 727 281 10 2 0 0 0 416 584 19 4 1 0 
41 943 35 3 2 0 0 0 0 0 3 761 254 4 2 0 0 0 347 666 7 4 0 0 
46 912 65 1 0 0 0 0 0 0 4 649 367 4 0 0 0 1 304 697 22 0 0 0 
43 948 33 0 0 0 0 0 0 0 7 802 214 1 0 0 0 0 345 675 4 0 0 0 
52 940 32 0 0 0 0 0 0 0 3 828 192 1 0 0 0 0 380 638 6 0 0 0 
103 920 1 0 0 0 0 0 0 6 101 837 80 0 0 0 0 6 524 494 0 0 0 0 
110 906 8 0 0 0 0 0 0 1 129 862 32 0 0 0 0 4 492 527 1 0 0 0 
117 899 8 0 0 0 0 0 0 0 53 918 53 0 0 0 0 1 475 546 2 0 0 0 
137 882 5 0 0 0 0 0 0 0 59 924 41 0 0 0 0 0 661 363 0 0 0 0 
124 889 11 0 0 0 0 0 0 0 122 797 105 0 0 0 0 13 585 426 0 0 0 0 
90 863 68 3 0 0 0 0 0 0 67 809 140 8 0 0 0 5 461 531 27 0 0 0 
169 837 18 0 0 0 0 0 0 0 98 827 99 0 0 0 0 11 680 333 0 0 0 0 
138 770 93 23 0 0 0 0 0 2 79 761 131 51 0 0 0 11 521 401 91 0 0 0 
214 744 60 6 0 0 0 0 0 2 187 758 63 14 0 0 0 11 462 499 49 3 0 0 
147 869 8 0 0 0 0 0 0 4 124 859 37 0 0 0 0 16 564 442 2 0 0 0 
95 911 18 0 0 0 0 0 0 0 115 890 19 0 0 0 0 4 678 342 0 0 0 0 
12 903 107 2 0 0 0 0 0 0 14 854 154 2 0 0 0 2 211 799 12 0 0 0 
15 932 77 0 0 0 0 0 0 0 21 862 141 0 0 0 0 0 195 778 51 0 0 0 
33 919 72 0 0 0 0 0 0 0 4 690 330 0 0 0 0 0 282 739 3 0 0 0 
69 940 15 0 0 0 0 0 0 0 7 900 116 1 0 0 0 0 410 609 5 0 0 0 
62 894 68 0 0 0 0 0 0 0 37 776 211 0 0 0 0 1 293 709 21 0 0 0 
56 842 126 0 0 0 0 0 0 0 32 692 291 9 0 0 0 2 212 745 65 0 0 0 
79 933 12 0 0 0 0 0 0 0 20 943 61 0 0 0 0 0 466 558 0 0 0 0 
46 948 30 0 0 0 0 0 0 0 13 794 217 0 0 0 0 0 357 666 1 0 0 0 
46 850 128 0 0 0 0 0 0 0 37 711 276 0 0 0 0 0 292 697 35 0 0 0 
79 850 95 0 0 0 0 0 0 0 85 681 255 3 0 0 0 6 321 672 25 0 0 0 
62 883 77 2 0 0 0 0 0 0 21 715 282 6 0 0 0 3 261 658 96 6 0 0 
117 826 81 0 0 0 0 0 0 0 85 758 173 8 0 0 0 10 415 571 28 0 0 0 
122 796 106 0 0 0 0 0 0 0 74 692 258 0 0 0 0 3 312 697 12 0 0 0 
61 919 44 0 0 0 0 0 0 1 77 798 148 0 0 0 0 0 399 619 6 0 0 0 
122 875 25 2 0 0 0 0 0 0 15 831 172 6 0 0 0 1 573 440 10 0 0 0 
111 879 34 0 0 0 0 0 0 0 37 794 192 1 0 0 0 4 463 550 7 0 0 0 
76 930 17 1 0 0 0 0 0 0 25 901 97 1 0 0 0 3 539 479 3 0 0 0 
104 901 19 0 0 0 0 0 0 0 53 813 158 0 0 0 0 5 430 589 0 0 0 0 
143 875 6 0 0 0 0 0 0 0 32 851 141 0 0 0 0 4 575 445 0 0 0 0 
142 870 12 0 0 0 0 0 0 0 43 868 113 0 0 0 0 6 567 451 0 0 0 0 
81 914 29 0 0 0 0 0 0 0 31 911 82 0 0 0 0 2 530 492 0 0 0 0 
103 866 55 0 0 0 0 0 0 0 64 865 95 0 0 0 0 2 387 609 26 0 0 0 
84 927 13 0 0 0 0 0 0 0 60 940 24 0 0 0 0 2 480 541 1 0 0 0 
89 919 16 0 0 0 0 0 0 0 20 916 88 0 0 0 0 0 517 505 2 0 0 0 
105 833 85 1 0 0 0 0 0 0 75 817 132 0 0 0 0 2 572 422 28 0 0 0 
74 853 97 0 0 0 0 0 0 0 55 765 204 0 0 0 0 2 415 584 23 0 0 0 
47 869 108 0 0 0 0 0 0 0 46 806 172 0 0 0 0 1 273 722 28 0 0 0 
69 812 143 0 0 0 0 0 0 2 88 840 94 0 0 0 0 6 235 751 32 0 0 0 
78 791 155 0 0 0 0 0 0 0 90 802 132 0 0 0 0 3 411 589 21 0 0 0 
8 955 61 0 0 0 0 0 0 0 22 930 72 0 0 0 0 0 425 598 1 0 0 0 
58 956 10 0 0 0 0 0 0 0 122 873 29 0 0 0 0 3 583 438 0 0 0 0 
63 939 22 0 0 0 0 0 0 0 130 881 13 0 0 0 0 8 716 296 4 0 0 0 
25 934 65 0 0 0 0 0 0 0 19 881 124 0 0 0 0 0 221 795 8 0 0 0 
61 865 72 22 4 0 0 0 0 0 24 860 120 19 1 0 0 0 319 657 38 9 1 0 
40 902 82 0 0 0 0 0 0 0 15 809 200 0 0 0 0 0 244 774 6 0 0 0 
42 959 23 0 0 0 0 0 0 0 8 838 178 0 0 0 0 0 204 819 1 0 0 0 
75 935 14 0 0 0 0 0 0 1 34 882 107 0 0 0 0 1 319 704 0 0 0 0 
93 920 11 0 0 0 0 0 0 0 63 898 63 0 0 0 0 1 492 531 0 0 0 0 
57 938 29 0 0 0 0 0 0 0 52 915 57 0 0 0 0 5 375 635 9 0 0 0 
104 902 18 0 0 0 0 0 0 0 70 891 63 0 0 0 0 3 339 682 0 0 0 0 
116 837 66 5 0 0 0 0 0 0 11 752 238 23 0 0 0 0 316 635 70 3 0 0 
183 810 29 2 0 0 0 0 0 1 29 688 297 9 0 0 0 3 222 756 40 3 0 0 
134 874 16 0 0 0 0 0 0 0 64 808 152 0 0 0 0 0 446 577 1 0 0 0 
50 956 18 0 0 0 0 0 0 0 11 869 144 0 0 0 0 0 310 714 0 0 0 0 
64 912 48 0 0 0 0 0 0 0 32 851 141 0 0 0 0 2 368 640 14 0 0 0 
115 871 36 2 0 0 0 0 0 0 49 885 89 1 0 0 0 7 563 443 11 0 0 0 
80 864 80 0 0 0 0 0 0 0 81 843 100 0 0 0 0 16 528 478 2 0 0 0 
80 891 53 0 0 0 0 0 0 0 89 830 102 3 0 0 0 8 440 560 16 0 0 0 
108 864 48 4 0 0 0 0 0 0 63 886 73 2 0 0 0 1 450 548 18 7 0 0 
156 842 26 0 0 0 0 0 0 0 98 818 107 1 0 0 0 4 564 451 5 0 0 0 
236 757 31 0 0 0 0 0 0 4 140 758 120 2 0 0 0 17 542 452 13 0 0 0 
118 896 10 0 0 0 0 0 0 0 62 780 182 0 0 0 0 8 408 605 3 0 0 0 
125 884 15 0 0 0 0 0 0 0 55 811 158 0 0 0 0 1 434 582 7 0 0 0 
208 807 9 0 0 0 0 0 0 0 105 833 86 0 0 0 0 17 476 513 18 0 0 0 
157 865 2 0 0 0 0 0 0 0 67 919 38 0 0 0 0 5 549 470 0 0 0 0 
117 889 18 0 0 0 0 0 0 0 78 885 61 0 0 0 0 3 594 427 0 0 0 0 
102 911 11 0 0 0 0 0 0 0 110 902 12 0 0 0 0 1 438 585 0 0 0 0 
149 829 46 0 0 0 0 0 0 0 115 824 85 0 0 0 0 5 529 477 13 0 0 0 
158 858 8 0 0 0 0 0 0 0 135 831 58 0 0 0 0 4 593 424 3 0 0 0 
76 937 11 0 0 0 0 0 0 0 32 970 22 0 0 0 0 0 628 396 0 0 0 0 
107 899 18 0 0 0 0 0 0 0 170 823 31 0 0 0 0 7 762 255 0 0 0 0 
89 909 26 0 0 0 0 0 0 0 147 864 13 0 0 0 0 16 768 240 0 0 0 0 
74 927 23 0 0 0 0 0 0 0 191 829 4 0 0 0 0 10 774 239 1 0 0 0 
11 934 79 0 0 0 0 0 0 0 257 759 8 0 0 0 0 0 676 340 8 0 0 0 
