70 328 150 114 21 18 63 260 47 355 157 108 25 23 206 103 57 358 154 101 24 42 256 32 
55 249 234 413 44 6 10 13 35 254 223 420 65 4 18 5 37 259 218 403 80 4 18 5 
12 32 101 297 49 13 11 509 0 42 85 270 97 12 49 469 4 39 82 231 139 11 232 286 
0 0 0 0 0 0 0 1024 0 0 0 0 0 0 0 1024 0 0 0 0 0 0 0 1024 
0 0 0 0 0 0 0 1024 0 0 0 0 0 0 0 1024 0 0 0 0 0 0 0 1024 
0 0 0 0 0 0 0 1024 0 0 0 0 0 0 0 1024 0 0 0 0 0 0 0 1024 
0 0 0 0 0 0 0 1024 0 0 0 0 0 0 77 947 0 0 0 0 0 0 122 902 
0 0 0 0 0 0 11 1013 0 0 0 0 0 0 181 843 0 0 0 0 0 0 297 727 
0 0 0 0 0 0 0 1024 0 0 0 0 0 0 245 779 0 0 0 0 0 0 426 598 
0 0 0 0 0 0 0 1024 0 0 0 0 0 0 320 704 0 0 0 0 0 0 437 587 
0 221 423 67 21 22 39 231 0 244 414 59 26 15 126 140 0 339 321 66 19 25 206 48 
1 263 498 161 33 19 27 22 1 246 523 162 28 22 29 13 1 301 484 148 29 20 33 8 
9 268 445 281 21 0 0 0 1 259 445 282 37 0 0 0 1 291 429 262 41 0 0 0 
0 63 95 282 20 18 16 530 0 49 82 296 32 18 19 528 0 52 79 287 41 18 21 526 
0 0 0 0 0 0 0 1024 0 0 0 0 0 0 0 1024 0 0 0 0 0 0 0 1024 
0 0 0 0 0 1 23 1000 0 0 0 0 0 4 22 998 0 0 0 0 0 13 23 988 
0 0 2 9 14 25 63 911 0 0 5 9 13 33 63 901 0 1 7 11 20 34 75 876 
0 0 0 5 10 15 12 982 0 0 0 5 16 10 12 981 0 0 0 10 15 9 11 979 
0 0 0 0 0 0 0 1024 0 0 0 0 0 0 0 1024 0 0 0 0 0 0 0 1024 
0 4 36 9 14 17 165 779 0 7 36 7 28 3 628 315 0 6 36 7 14 17 488 456 
8 271 496 108 16 22 64 39 4 258 484 147 18 32 80 1 6 319 442 129 24 72 32 0 
1 200 583 190 14 9 15 12 1 175 605 197 12 11 11 12 1 212 584 184 11 10 13 9 
0 141 727 154 2 0 0 0 0 103 730 188 3 0 0 0 0 134 724 164 2 0 0 0 
0 94 618 308 2 2 0 0 0 67 595 351 9 2 0 0 0 91 602 318 11 1 1 0 
0 0 118 285 47 41 30 503 0 0 127 265 63 48 62 459 0 0 136 262 64 69 77 416 
0 33 130 114 30 10 21 686 0 27 117 123 41 14 79 623 0 43 98 79 41 71 138 554 
0 1 81 184 78 51 32 597 0 0 62 195 92 54 44 577 0 0 76 145 101 87 71 544 
0 1 30 165 164 26 31 607 0 0 16 133 210 42 93 530 0 0 8 80 256 88 122 470 
6 124 153 75 50 55 92 469 1 122 146 99 50 174 111 321 1 110 99 144 196 117 80 277 
14 371 610 25 2 0 1 1 4 115 848 54 1 1 0 1 0 92 754 175 1 1 0 1 
301 423 212 88 0 0 0 0 207 501 202 114 0 0 0 0 222 487 208 107 0 0 0 0 
115 457 355 97 0 0 0 0 65 447 339 170 3 0 0 0 64 458 326 173 3 0 0 0 
57 523 347 97 0 0 0 0 24 486 368 144 2 0 0 0 30 496 366 130 2 0 0 0 
1 278 654 91 0 0 0 0 0 221 674 128 1 0 0 0 0 222 681 120 1 0 0 0 
0 11 582 388 41 2 0 0 0 11 568 417 26 2 0 0 0 10 558 434 21 1 0 0 
72 188 395 265 103 1 0 0 51 177 382 295 114 5 0 0 32 161 282 397 132 20 0 0 
10 218 591 140 61 4 0 0 7 120 574 251 63 9 0 0 4 83 482 366 60 29 0 0 
6 249 473 220 76 0 0 0 2 144 417 371 88 2 0 0 0 65 335 489 118 17 0 0 
32 217 550 195 29 1 0 0 11 200 460 321 31 1 0 0 27 148 259 493 89 8 0 0 
2 30 879 113 0 0 0 0 1 17 33 973 0 0 0 0 0 8 26 984 6 0 0 0 
24 680 307 13 0 0 0 0 12 656 317 39 0 0 0 0 13 651 309 51 0 0 0 0 
17 655 315 37 0 0 0 0 6 610 342 66 0 0 0 0 10 610 330 74 0 0 0 0 
13 579 407 25 0 0 0 0 4 468 498 54 0 0 0 0 4 478 480 62 0 0 0 0 
2 476 537 9 0 0 0 0 0 373 634 17 0 0 0 0 0 378 630 16 0 0 0 0 
3 101 317 596 7 0 0 0 3 69 415 532 5 0 0 0 5 91 532 393 3 0 0 0 
139 357 391 115 5 7 10 0 129 332 445 95 8 6 9 0 127 327 442 105 9 7 7 0 
157 306 416 53 33 17 34 8 153 258 413 110 33 22 33 2 145 245 334 210 40 25 25 0 
205 536 245 31 7 0 0 0 197 461 265 98 3 0 0 0 221 391 244 157 11 0 0 0 
199 404 348 73 0 0 0 0 156 419 328 120 1 0 0 0 152 384 311 170 7 0 0 0 
37 153 794 40 0 0 0 0 20 153 509 342 0 0 0 0 22 136 347 519 0 0 0 0 
80 586 348 10 0 0 0 0 55 570 384 15 0 0 0 0 57 571 368 28 0 0 0 0 
70 664 272 18 0 0 0 0 53 652 280 39 0 0 0 0 55 648 280 41 0 0 0 0 
17 578 393 36 0 0 0 0 9 494 442 79 0 0 0 0 9 473 447 95 0 0 0 0 
5 413 360 242 4 0 0 0 3 337 439 237 8 0 0 0 4 332 444 236 8 0 0 0 
0 0 6 912 106 0 0 0 0 0 8 1001 15 0 0 0 0 0 9 1008 7 0 0 0 
11 53 182 548 202 28 0 0 16 62 213 553 155 25 0 0 16 74 229 544 146 15 0 0 
28 111 130 441 201 113 0 0 29 102 138 481 210 64 0 0 37 116 147 472 224 28 0 0 
26 66 175 449 210 98 0 0 26 69 211 435 217 66 0 0 30 79 224 425 213 53 0 0 
112 269 289 149 161 44 0 0 112 275 303 110 187 37 0 0 109 265 288 137 192 33 0 0 
173 738 113 0 0 0 0 0 177 695 150 2 0 0 0 0 140 727 145 12 0 0 0 0 
235 465 303 21 0 0 0 0 138 509 355 22 0 0 0 0 162 495 347 20 0 0 0 0 
87 601 300 36 0 0 0 0 33 584 332 75 0 0 0 0 37 585 325 75 2 0 0 0 
23 245 607 149 0 0 0 0 7 170 385 450 12 0 0 0 7 163 338 472 44 0 0 0 
18 32 243 630 101 0 0 0 14 20 136 649 205 0 0 0 14 21 122 593 274 0 0 0 
20 21 50 606 327 0 0 0 25 25 45 732 197 0 0 0 25 25 46 741 187 0 0 0 
0 136 259 319 183 127 0 0 0 136 191 385 232 80 0 0 0 139 171 393 254 67 0 0 
4 215 223 171 73 336 2 0 0 216 162 237 213 196 0 0 0 220 143 246 279 136 0 0 
19 277 236 62 96 333 1 0 7 287 216 86 240 188 0 0 9 280 185 122 286 142 0 0 
33 406 580 5 0 0 0 0 20 369 619 16 0 0 0 0 13 361 542 108 0 0 0 0 
48 616 360 0 0 0 0 0 39 36 946 3 0 0 0 0 22 51 887 64 0 0 0 0 
13 1004 7 0 0 0 0 0 12 1005 7 0 0 0 0 0 13 1004 7 0 0 0 0 0 
4 1006 14 0 0 0 0 0 3 14 1003 4 0 0 0 0 2 14 1002 6 0 0 0 0 
0 1 1013 10 0 0 0 0 0 0 14 1010 0 0 0 0 0 0 13 1011 0 0 0 0 
0 0 6 1016 2 0 0 0 0 0 1 1018 5 0 0 0 0 0 1 1016 7 0 0 0 
0 0 0 19 1005 0 0 0 0 0 0 1014 10 0 0 0 0 0 0 1012 12 0 0 0 
0 0 2 1019 3 0 0 0 0 0 1 1020 3 0 0 0 0 0 1 1018 5 0 0 0 
0 0 0 1019 5 0 0 0 0 0 0 1019 5 0 0 0 0 0 0 1016 8 0 0 0 
0 0 12 1012 0 0 0 0 0 0 12 1012 0 0 0 0 0 0 9 1015 0 0 0 0 
4 4 1016 0 0 0 0 0 0 4 1018 2 0 0 0 0 1 4 1010 9 0 0 0 0 
0 0 1024 0 0 0 0 0 0 0 1024 0 0 0 0 0 0 0 1022 2 0 0 0 0 
