0 0 0 0 0 1024 0 0 0 0 808 216 0 0 0 0 224 800 0 0 0 0 0 0 
0 0 0 0 0 952 72 0 0 0 616 408 0 0 0 0 136 888 0 0 0 0 0 0 
0 0 0 0 0 816 208 0 0 0 520 504 0 0 0 0 0 1024 0 0 0 0 0 0 
0 0 0 0 0 688 336 0 0 0 448 576 0 0 0 0 0 1024 0 0 0 0 0 0 
0 0 0 0 0 616 408 0 0 0 496 528 0 0 0 0 0 1024 0 0 0 0 0 0 
0 0 0 0 0 720 304 0 0 0 528 496 0 0 0 0 0 1024 0 0 0 0 0 0 
0 0 0 0 0 888 136 0 0 0 632 392 0 0 0 0 0 1024 0 0 0 0 0 0 
0 0 0 0 0 1008 16 0 0 0 792 232 0 0 0 0 88 936 0 0 0 0 0 0 
0 0 0 0 0 1024 0 0 0 0 916 108 0 0 0 0 197 827 0 0 0 0 0 0 
0 0 0 0 0 1024 0 0 0 0 1024 0 0 0 0 0 632 392 0 0 0 0 0 0 
7 12 24 106 317 443 113 2 10 15 24 329 195 444 7 0 15 253 39 60 157 490 10 0 
44 14 10 92 220 346 298 0 45 14 11 421 158 357 18 0 32 371 29 40 151 373 28 0 
6 4 9 59 143 339 464 0 5 4 1 545 121 315 33 0 4 479 17 34 123 307 60 0 
0 0 0 23 90 255 653 3 0 0 0 686 76 217 45 0 0 642 25 24 53 197 83 0 
0 0 0 38 61 100 824 1 0 0 0 860 55 89 20 0 0 803 33 20 45 89 34 0 
0 0 0 5 28 21 966 4 0 0 2 992 23 7 0 0 0 965 23 10 16 10 0 0 
0 0 0 0 0 0 1024 0 0 0 0 1024 0 0 0 0 0 1024 0 0 0 0 0 0 
0 0 0 0 0 37 987 0 0 0 0 1024 0 0 0 0 0 1024 0 0 0 0 0 0 
0 0 0 0 0 232 792 0 0 0 1 1023 0 0 0 0 0 1024 0 0 0 0 0 0 
0 0 0 0 0 820 204 0 0 0 120 904 0 0 0 0 0 1024 0 0 0 0 0 0 
0 0 0 11 45 40 924 4 0 0 1 553 430 34 6 0 0 674 263 9 25 46 7 0 
68 61 39 35 50 42 697 32 62 90 43 297 485 32 15 0 39 527 368 10 20 38 22 0 
47 37 42 164 359 191 161 23 49 36 36 133 420 313 36 1 39 87 164 84 177 401 71 1 
73 31 18 26 87 93 502 194 67 44 23 99 665 99 27 0 61 193 572 14 30 110 44 0 
80 116 59 120 297 290 45 17 86 130 35 86 238 390 59 0 65 151 81 50 130 424 123 0 
39 74 17 22 196 303 279 94 25 99 16 71 387 355 71 0 12 165 308 20 54 343 121 1 
20 74 37 57 244 372 204 16 13 80 24 250 185 440 32 0 1 234 95 67 81 439 107 0 
50 65 15 30 190 271 378 25 43 77 15 383 186 293 27 0 26 420 101 33 65 302 77 0 
12 9 18 53 153 286 492 1 6 13 26 562 145 264 8 0 3 483 101 30 90 296 21 0 
0 0 0 6 42 114 862 0 0 0 0 852 100 72 0 0 0 741 173 6 24 80 0 0 
0 0 0 0 2 2 959 61 0 0 2 3 1019 0 0 0 1 2 1013 8 0 0 0 0 
0 0 5 21 24 16 561 397 0 0 2 35 976 11 0 0 0 7 896 95 26 0 0 0 
0 0 12 141 347 183 66 275 0 0 3 90 508 376 47 0 0 1 264 129 177 370 83 0 
0 0 0 18 8 10 101 887 0 0 0 22 914 88 0 0 0 0 888 128 8 0 0 0 
1 6 54 231 334 178 70 150 2 5 43 210 428 315 21 0 2 10 212 210 176 352 62 0 
0 2 27 349 64 25 89 468 0 1 11 247 765 0 0 0 0 2 555 199 268 0 0 0 
0 18 75 298 214 218 109 92 0 21 41 267 373 286 36 0 0 21 208 242 211 251 91 0 
11 84 66 235 157 79 186 206 8 95 51 187 588 87 8 0 3 95 412 207 188 101 17 1 
40 113 141 234 228 130 99 39 51 115 175 216 301 155 11 0 45 127 273 196 184 177 22 0 
7 15 23 515 417 46 1 0 5 12 19 332 573 80 3 0 3 8 13 30 813 153 4 0 
101 124 70 69 86 150 417 7 101 101 103 100 465 149 4 1 92 103 239 397 85 103 4 1 
154 219 80 121 60 64 266 60 30 275 115 137 304 139 22 2 172 208 121 360 65 85 13 0 
32 84 65 186 302 239 55 61 10 38 92 146 227 428 76 7 11 65 63 168 152 434 123 8 
55 195 103 292 140 141 63 35 9 116 193 321 270 78 27 10 29 174 175 413 146 51 26 10 
0 24 126 271 328 185 48 42 1 14 103 240 253 297 73 43 2 15 66 243 230 354 71 43 
49 308 201 245 133 28 19 41 40 179 316 221 181 30 22 35 33 100 263 292 229 37 31 39 
81 148 116 329 284 65 1 0 3 122 153 322 238 182 4 0 31 146 74 267 249 232 25 0 
33 67 235 460 177 48 4 0 32 58 131 461 227 110 5 0 31 37 106 386 268 162 34 0 
23 95 256 388 218 44 0 0 27 92 276 303 228 97 1 0 21 77 262 268 253 134 9 0 
0 6 18 40 863 91 6 0 0 1 14 29 539 441 0 0 0 0 9 28 320 662 5 0 
67 110 176 356 120 171 19 5 27 145 384 179 144 132 12 1 51 180 354 169 203 60 7 0 
234 348 167 199 41 26 8 1 152 229 251 297 57 31 6 1 219 185 211 296 88 22 3 0 
44 329 227 199 147 62 16 0 15 100 167 386 260 89 7 0 13 112 131 266 386 108 8 0 
25 251 299 310 138 1 0 0 11 127 217 331 275 63 0 0 8 155 169 305 291 79 17 0 
6 131 422 294 120 28 20 3 11 56 326 412 145 48 21 5 22 37 230 474 156 91 13 1 
14 335 304 291 75 5 0 0 62 192 290 314 134 32 0 0 123 113 271 287 169 59 2 0 
1 73 421 349 180 0 0 0 0 15 339 423 238 9 0 0 0 16 288 420 237 63 0 0 
143 284 243 325 25 4 0 0 279 123 223 307 92 0 0 0 73 115 302 330 200 4 0 0 
161 312 275 210 59 3 2 2 289 163 199 260 102 7 2 2 54 117 284 307 237 20 4 1 
9 89 214 419 280 13 0 0 27 46 82 469 364 36 0 0 15 15 81 403 459 51 0 0 
0 0 0 157 847 20 0 0 0 0 18 181 815 10 0 0 0 0 66 225 729 4 0 0 
0 0 0 108 785 131 0 0 0 0 9 135 683 197 0 0 0 0 37 167 650 170 0 0 
0 0 0 96 595 333 0 0 0 0 0 153 385 486 0 0 0 0 1 199 341 483 0 0 
0 0 0 101 539 384 0 0 0 0 0 132 383 509 0 0 0 0 0 189 330 505 0 0 
0 0 0 64 585 375 0 0 0 0 0 102 528 394 0 0 0 0 0 156 473 395 0 0 
0 0 0 67 750 207 0 0 0 0 0 118 700 206 0 0 0 0 0 170 612 242 0 0 
0 0 0 111 892 21 0 0 0 0 6 139 853 26 0 0 0 0 20 169 790 45 0 0 
0 0 28 163 828 5 0 0 0 0 55 207 760 2 0 0 0 0 58 209 754 3 0 0 
0 0 122 343 559 0 0 0 0 0 105 496 423 0 0 0 0 0 99 507 418 0 0 0 
0 0 124 801 99 0 0 0 0 0 165 820 39 0 0 0 0 0 175 815 34 0 0 0 
0 0 0 0 1024 0 0 0 0 0 0 0 1023 1 0 0 0 0 0 0 1023 1 0 0 
0 0 0 0 1024 0 0 0 0 0 0 0 1020 4 0 0 0 0 0 0 1019 5 0 0 
0 0 0 0 13 1011 0 0 0 0 0 0 4 1020 0 0 0 0 0 0 0 1024 0 0 
0 0 0 0 4 1020 0 0 0 0 0 0 4 1020 0 0 0 0 0 0 3 1021 0 0 
0 0 0 0 9 1015 0 0 0 0 0 0 5 1019 0 0 0 0 0 0 2 1022 0 0 
0 0 0 0 1016 8 0 0 0 0 0 0 1017 7 0 0 0 0 0 0 1010 14 0 0 
0 0 0 12 1012 0 0 0 0 0 0 4 1020 0 0 0 0 0 0 1 1023 0 0 0 
0 0 0 3 1020 1 0 0 0 0 0 2 1021 1 0 0 0 0 0 1 1021 2 0 0 
0 0 0 1021 3 0 0 0 0 0 0 5 1019 0 0 0 0 0 0 2 1022 0 0 0 
0 0 0 1024 0 0 0 0 0 0 0 1023 1 0 0 0 0 0 0 3 1021 0 0 0 
