56 61 77 48 28 150 221 383 63 46 52 177 150 203 332 1 58 41 132 178 152 223 239 1 
652 49 14 8 18 70 89 124 697 16 10 50 60 82 109 0 701 17 44 61 60 92 49 0 
349 105 134 176 181 68 11 0 303 74 83 124 160 197 76 7 241 99 60 88 130 184 189 33 
108 65 85 155 142 95 125 249 66 56 61 84 203 227 320 7 39 56 62 106 155 314 261 31 
65 63 88 155 267 251 122 13 17 37 55 97 189 276 291 62 5 24 53 109 115 190 300 228 
135 113 146 157 140 110 128 95 97 57 107 136 237 198 154 38 67 60 94 195 166 210 173 59 
104 46 45 50 103 201 456 19 103 22 33 52 432 148 148 86 91 26 252 200 94 85 115 161 
0 0 0 0 0 30 425 569 0 0 0 0 241 368 401 14 0 0 50 287 222 211 254 0 
0 0 0 0 0 80 644 300 0 0 0 28 451 371 174 0 0 0 215 330 255 179 45 0 
0 0 0 0 0 506 483 35 0 0 0 393 472 159 0 0 0 0 655 266 103 0 0 0 
0 0 0 0 0 989 35 0 0 0 0 970 54 0 0 0 0 0 1024 0 0 0 0 0 
1 2 9 14 17 6 54 921 1 2 0 19 16 49 875 62 1 2 0 11 17 129 836 28 
138 33 28 32 20 12 90 671 137 17 23 26 34 92 606 89 128 17 20 22 61 167 570 39 
119 98 124 231 357 94 1 0 62 57 80 114 182 365 158 6 31 41 63 90 116 192 361 130 
426 66 64 154 205 83 11 15 413 46 40 64 145 218 77 21 391 50 41 46 79 176 187 54 
253 69 91 111 211 201 87 1 233 35 52 87 104 213 217 83 218 35 31 73 90 139 239 199 
26 50 96 135 184 248 130 155 5 19 40 89 134 207 302 228 3 9 20 70 102 184 253 383 
133 80 107 134 189 200 118 63 117 45 56 95 141 206 244 120 75 67 46 64 128 161 243 240 
18 11 28 44 57 92 250 524 11 8 11 33 48 309 368 236 6 10 7 59 269 224 298 151 
0 0 0 0 0 0 257 767 0 0 0 0 7 355 388 274 0 0 0 134 245 250 273 122 
0 0 0 0 0 1 806 217 0 0 0 0 463 398 128 35 0 0 110 607 140 81 86 0 
0 0 0 0 0 0 906 118 0 0 0 0 821 105 98 0 0 0 489 379 48 108 0 0 
0 0 0 0 0 0 15 1009 0 0 0 0 0 11 400 613 0 0 0 0 2 36 632 354 
31 26 42 90 172 115 48 500 15 17 26 37 71 179 277 402 4 13 19 27 34 142 319 466 
65 53 114 244 379 164 5 0 22 34 45 90 187 356 281 9 8 21 33 56 91 194 366 255 
146 70 111 177 163 56 24 277 133 38 37 102 170 179 86 279 114 44 25 48 107 194 173 319 
143 75 142 243 295 121 5 0 108 30 51 99 176 314 216 30 66 52 34 54 108 192 314 204 
361 93 94 118 185 108 57 8 350 34 63 77 121 195 135 49 289 80 49 68 87 143 197 111 
40 51 88 154 222 299 137 33 23 22 43 74 149 210 340 163 13 16 29 60 90 169 270 377 
69 51 102 167 223 215 145 52 49 29 32 99 161 234 266 154 32 29 32 42 120 208 253 308 
1 4 10 15 24 35 55 880 0 2 4 16 9 27 52 914 0 1 3 5 18 19 57 921 
0 0 0 0 0 0 93 931 0 0 0 0 0 242 347 435 0 0 0 5 312 161 263 283 
0 0 0 0 0 0 127 897 0 0 0 0 0 508 509 7 0 0 0 1 630 382 10 1 
215 167 41 50 122 100 47 282 248 122 47 18 23 115 141 310 175 166 52 32 16 22 82 479 
87 70 44 104 273 201 63 182 61 68 24 44 70 275 252 230 36 47 51 23 50 82 293 442 
65 34 73 171 278 354 49 0 27 33 32 52 110 298 424 48 6 29 33 33 62 114 315 432 
37 23 75 143 285 148 52 261 14 21 21 49 130 268 217 304 7 13 23 28 67 135 276 475 
11 29 52 97 364 413 58 0 4 4 19 40 81 187 570 119 1 5 2 28 44 84 224 636 
89 78 106 232 301 198 15 5 38 35 62 86 149 317 297 40 30 21 37 68 100 175 333 260 
176 74 126 185 258 178 27 0 144 31 57 84 189 265 224 30 117 43 38 56 106 222 269 173 
111 73 127 198 319 155 41 0 89 34 57 111 181 324 192 36 59 57 26 78 120 198 343 143 
29 31 55 144 252 192 123 198 20 11 25 51 136 266 221 294 9 17 13 28 79 187 276 415 
0 0 0 0 6 8 17 993 0 0 0 0 1 8 14 1001 0 0 0 0 0 6 18 1000 
0 0 0 0 0 0 6 1018 0 0 0 0 0 2 156 866 0 0 0 0 0 36 733 255 
215 261 168 89 81 43 52 115 213 137 169 123 77 93 70 142 166 132 179 40 74 62 142 229 
94 184 196 71 178 238 63 0 59 138 203 68 60 161 293 42 29 95 230 60 66 68 204 272 
67 66 123 202 322 209 35 0 25 35 60 103 161 302 294 44 14 23 43 62 118 166 317 281 
145 117 108 142 216 200 87 9 83 104 93 76 137 191 218 122 30 91 124 64 84 145 207 279 
8 24 66 115 320 457 34 0 0 5 11 64 72 215 559 98 0 1 5 20 65 80 251 602 
25 21 59 179 344 364 32 0 5 11 24 34 111 308 442 89 0 5 15 24 50 124 357 449 
2 10 56 118 368 451 19 0 0 2 6 35 86 272 540 83 0 0 2 10 52 102 351 507 
36 44 112 200 394 218 20 0 19 14 29 94 177 388 269 34 8 15 19 49 107 210 420 196 
32 51 111 197 267 255 110 1 18 12 46 98 202 291 277 80 2 23 17 60 130 230 331 231 
2 29 60 124 218 297 101 193 1 0 7 32 139 241 341 263 0 1 7 39 80 170 336 391 
12 6 5 6 33 51 102 809 2 9 4 3 8 17 232 749 0 6 6 6 5 6 885 110 
220 312 109 50 73 84 57 119 218 312 48 52 59 74 71 190 169 309 64 40 59 57 83 243 
65 109 93 117 381 253 6 0 50 97 35 54 73 290 403 22 7 123 33 23 52 65 292 429 
15 30 40 246 403 271 19 0 3 10 26 32 142 395 391 25 0 5 16 24 36 167 430 346 
121 105 103 253 308 123 11 0 88 81 51 55 177 333 216 23 37 92 52 49 50 195 337 212 
21 58 111 305 456 73 0 0 3 10 25 81 175 466 258 6 1 4 14 39 78 180 444 264 
17 51 102 277 393 178 6 0 4 10 17 73 162 378 349 31 0 6 11 27 81 191 406 302 
4 22 119 280 390 191 18 0 0 2 8 69 176 398 325 46 0 0 3 9 88 196 403 325 
11 35 151 358 416 52 1 0 0 6 21 100 278 466 148 5 0 0 10 31 115 311 466 91 
9 36 136 318 363 139 22 1 0 8 27 107 299 390 173 20 0 0 10 40 136 345 373 120 
0 5 32 142 316 409 119 1 0 0 1 15 113 329 497 69 0 0 1 1 42 145 413 422 
71 62 25 194 620 52 0 0 17 50 24 49 123 467 278 16 19 66 41 9 11 158 484 236 
502 333 56 26 24 18 33 32 602 216 17 32 44 36 28 49 336 407 76 22 26 43 43 71 
110 32 18 78 252 519 15 0 102 27 14 11 49 195 604 22 40 81 10 14 18 50 214 597 
23 64 160 262 244 263 8 0 0 15 32 85 196 300 375 21 0 3 15 36 84 191 322 373 
173 93 103 315 272 68 0 0 155 79 29 57 231 292 178 3 49 159 33 32 124 183 288 156 
1 18 49 199 465 279 13 0 0 1 7 26 117 378 430 65 0 0 1 9 33 118 403 460 
3 25 123 291 483 98 1 0 0 1 11 50 174 464 314 10 0 0 1 14 64 175 475 295 
0 26 78 259 529 132 0 0 0 0 3 56 149 511 297 8 0 0 0 8 64 163 531 258 
4 46 121 461 330 59 3 0 0 2 17 77 278 519 123 8 0 0 2 30 86 412 401 93 
25 33 164 416 340 45 1 0 11 16 21 123 365 399 87 2 3 19 9 41 171 428 323 30 
12 8 6 92 426 436 44 0 0 15 5 6 108 407 450 33 0 9 8 6 28 146 523 304 
165 256 146 289 77 91 0 0 0 58 291 173 361 37 104 0 16 246 157 85 355 44 52 69 
