0 0 0 0 0 0 381 643 0 0 0 0 0 933 91 0 0 0 0 0 0 1024 0 0 
0 0 0 0 0 0 257 767 0 0 0 0 0 633 391 0 0 0 0 0 0 1003 21 0 
0 0 0 0 0 0 164 860 0 0 0 0 0 296 728 0 0 0 0 0 0 693 331 0 
0 0 0 0 0 0 113 911 0 0 0 0 0 375 649 0 0 0 0 0 0 623 401 0 
0 0 0 0 0 0 263 761 0 0 0 0 0 505 519 0 0 0 0 0 0 648 376 0 
0 0 0 0 0 0 330 694 0 0 0 0 0 547 477 0 0 0 0 0 0 825 199 0 
0 0 0 0 0 0 420 604 0 0 0 0 0 883 141 0 0 0 0 0 0 989 35 0 
0 0 0 0 0 0 149 875 0 0 0 0 0 719 305 0 0 0 0 0 0 881 143 0 
0 0 0 0 0 0 166 858 0 0 0 0 0 537 487 0 0 0 0 0 0 659 365 0 
0 0 0 0 0 0 27 997 0 0 0 0 0 72 952 0 0 0 0 0 0 435 589 0 
0 0 0 0 0 0 0 1024 0 0 0 0 0 0 1024 0 0 0 0 0 0 12 1012 0 
0 0 0 0 0 0 0 1024 0 0 0 0 0 0 1024 0 0 0 0 0 0 0 1024 0 
0 0 0 0 0 0 0 1024 0 0 0 0 0 81 943 0 0 0 0 0 0 132 892 0 
0 0 0 0 0 0 0 1024 0 0 0 0 0 26 998 0 0 0 0 0 0 102 922 0 
0 0 0 0 0 0 0 1024 0 0 0 0 0 19 1005 0 0 0 0 0 0 96 928 0 
0 0 0 0 0 0 0 1024 0 0 0 0 0 97 927 0 0 0 0 0 0 262 762 0 
0 0 0 0 0 0 6 1018 0 0 0 0 0 170 854 0 0 0 0 0 0 367 657 0 
0 0 0 0 0 0 0 1024 0 0 0 0 0 339 685 0 0 0 0 0 0 605 419 0 
0 0 0 0 0 0 35 989 0 0 0 0 0 604 420 0 0 0 0 0 0 759 265 0 
0 0 0 0 0 0 323 701 0 0 0 0 0 1006 18 0 0 0 0 0 74 944 6 0 
0 0 0 0 0 0 598 426 0 0 0 0 0 1024 0 0 0 0 0 0 36 988 0 0 
0 0 0 0 0 0 616 408 0 0 0 0 0 1024 0 0 0 0 0 0 365 659 0 0 
0 0 0 0 0 5 867 152 0 0 0 0 104 920 0 0 0 0 0 6 803 215 0 0 
0 0 0 0 0 0 207 817 0 0 0 0 0 963 61 0 0 0 0 0 0 1024 0 0 
0 0 0 0 0 0 81 943 0 0 0 0 0 627 397 0 0 0 0 0 0 951 73 0 
0 0 0 0 0 0 244 780 0 0 0 0 0 578 446 0 0 0 0 0 0 804 220 0 
0 0 0 0 0 0 267 757 0 0 0 0 0 713 311 0 0 0 0 0 0 894 130 0 
0 0 0 0 0 0 213 811 0 0 0 0 0 861 163 0 0 0 0 0 0 995 29 0 
0 0 0 0 0 0 136 888 0 0 0 0 0 905 119 0 0 0 0 0 1 1022 1 0 
0 0 0 0 0 0 203 821 0 0 0 0 0 826 198 0 0 0 0 0 0 985 39 0 
0 0 0 0 0 0 230 794 0 0 0 0 0 703 321 0 0 0 0 0 18 812 194 0 
0 0 0 0 0 0 274 750 0 0 0 0 0 679 345 0 0 0 0 0 120 694 210 0 
0 0 0 0 0 0 247 777 0 0 0 0 0 565 459 0 0 0 0 0 230 614 180 0 
0 0 0 0 0 0 210 814 0 0 0 0 0 298 726 0 0 0 0 0 138 282 604 0 
0 0 0 0 0 0 129 895 0 0 0 0 0 435 589 0 0 0 0 0 44 565 415 0 
0 0 0 0 0 0 111 913 0 0 0 0 0 288 736 0 0 0 0 0 104 277 643 0 
0 0 0 0 0 0 71 953 0 0 0 0 0 132 892 0 0 0 0 0 62 152 810 0 
0 0 0 0 0 0 91 933 0 0 0 0 0 144 880 0 0 0 0 0 43 161 820 0 
0 0 0 0 0 0 32 992 0 0 0 0 0 50 974 0 0 0 0 0 12 101 911 0 
0 0 0 0 0 0 11 1013 0 0 0 0 0 71 953 0 0 0 0 0 0 277 747 0 
0 0 0 0 0 0 27 997 0 0 0 0 0 484 540 0 0 0 0 0 0 958 66 0 
0 0 0 0 0 0 105 919 0 0 0 0 0 827 197 0 0 0 0 0 0 1007 17 0 
0 0 0 0 0 0 306 718 0 0 0 0 0 1016 8 0 0 0 0 0 48 976 0 0 
0 0 0 0 0 0 360 664 0 0 0 0 0 1024 0 0 0 0 0 0 219 805 0 0 
0 0 0 0 0 0 486 538 0 0 0 0 0 1024 0 0 0 0 0 0 116 908 0 0 
0 0 0 0 0 0 699 325 0 0 0 0 0 1024 0 0 0 0 0 0 475 549 0 0 
1 40 149 48 13 18 283 472 0 21 35 145 52 471 300 0 0 11 31 62 161 563 196 0 
0 40 135 47 2 10 71 719 0 9 50 108 57 200 600 0 0 4 41 61 108 356 454 0 
0 23 89 68 10 3 36 795 0 0 46 80 65 12 813 8 0 0 32 55 92 253 585 7 
0 27 44 61 21 15 54 802 0 9 39 44 48 70 814 0 0 0 38 38 43 221 684 0 
2 27 43 40 16 7 25 864 0 14 21 44 45 13 881 6 0 2 29 26 54 51 801 61 
11 30 28 21 10 7 24 893 0 22 24 31 23 8 822 94 0 17 19 34 28 71 662 193 
1 41 19 3 6 10 22 922 0 9 49 4 5 29 667 261 0 4 39 19 5 85 465 407 
1 22 8 13 4 11 18 947 0 12 19 10 7 33 886 57 0 0 28 10 10 193 555 228 
0 0 0 11 5 11 20 977 0 0 0 10 5 223 529 257 0 0 0 7 7 306 315 389 
0 0 0 0 0 2 5 1017 0 0 0 0 0 157 407 460 0 0 0 0 0 189 255 580 
0 0 0 0 0 0 15 1009 0 0 0 0 0 138 659 227 0 0 0 0 0 213 309 502 
0 0 0 0 0 0 110 914 0 0 0 0 0 336 484 204 0 0 0 0 63 331 275 355 
0 0 0 0 0 0 240 784 0 0 0 0 0 498 445 81 0 0 0 0 210 363 227 224 
0 0 0 0 0 0 392 632 0 0 0 0 0 610 413 1 0 0 0 0 363 311 294 56 
0 0 0 0 0 0 478 546 0 0 0 0 0 708 316 0 0 0 0 0 469 302 252 1 
0 0 0 0 0 0 504 520 0 0 0 0 2 723 298 1 0 0 0 0 457 356 211 0 
0 0 0 0 0 0 285 739 0 0 0 0 0 602 422 0 0 0 0 0 289 480 255 0 
0 0 0 0 0 0 60 964 0 0 0 0 0 477 547 0 0 0 0 0 11 757 256 0 
0 0 0 0 0 0 70 954 0 0 0 0 0 592 432 0 0 0 0 0 0 865 159 0 
0 0 0 0 0 0 128 896 0 0 0 0 0 868 156 0 0 0 0 0 3 1021 0 0 
0 0 0 0 0 0 443 581 0 0 0 0 0 1024 0 0 0 0 0 0 620 404 0 0 
0 0 0 1 1 1 786 235 0 0 1 1 2 1019 1 0 0 1 0 2 932 89 0 0 
0 0 2 3 3 4 836 176 0 0 4 4 3 1001 12 0 0 3 5 3 877 136 0 0 
65 177 434 68 17 19 58 186 19 76 109 448 111 32 209 20 12 59 76 211 385 74 187 20 
54 207 481 63 25 12 49 133 7 65 144 485 130 18 155 20 0 37 89 277 416 37 141 27 
35 110 508 156 23 18 73 101 10 52 81 462 225 48 136 10 7 37 52 167 524 110 114 13 
23 74 444 209 35 17 108 114 14 33 60 370 302 129 116 0 11 32 35 107 492 267 79 1 
34 88 414 213 35 12 103 125 23 27 69 349 303 154 96 3 17 22 37 118 447 323 59 1 
24 113 462 134 27 37 89 138 19 21 73 398 244 107 161 1 18 16 34 140 469 276 70 1 
26 67 505 178 20 17 146 65 18 12 52 380 336 148 77 1 16 14 26 96 538 293 40 1 
23 72 524 181 21 17 111 75 15 16 60 347 378 126 81 1 14 15 27 107 483 351 26 1 
24 99 506 202 20 14 106 53 15 20 86 416 310 133 44 0 12 16 48 104 514 303 27 0 
37 119 483 183 35 24 117 26 17 24 106 340 353 161 23 0 16 10 47 138 524 266 22 1 
34 92 460 232 23 26 95 62 16 29 83 290 411 145 27 23 8 21 52 100 469 324 25 25 
19 77 499 214 28 23 77 87 12 27 65 356 369 110 31 54 9 15 44 89 479 311 17 60 
43 59 491 199 23 32 80 97 22 32 49 286 413 102 41 79 15 34 33 61 462 302 33 84 
25 58 531 158 25 14 69 144 19 13 63 360 335 81 90 63 17 15 30 84 568 161 43 106 
29 102 515 107 23 16 57 175 22 22 90 458 185 60 121 66 19 19 44 132 508 120 86 96 
38 88 482 133 18 16 49 200 26 24 62 317 326 47 167 55 19 17 54 79 439 202 126 88 
48 159 396 112 18 24 25 242 22 46 124 336 205 41 201 49 19 37 55 234 334 96 168 81 
48 145 379 116 16 17 38 265 23 34 114 296 235 30 243 49 19 27 48 172 384 86 235 53 
36 131 392 61 13 21 71 299 26 20 132 375 81 69 301 20 24 19 82 276 232 200 176 15 
54 74 409 62 14 16 128 267 40 28 86 299 158 299 101 13 37 18 72 113 349 388 38 9 
28 77 360 33 9 9 127 381 20 15 100 312 61 383 133 0 17 12 55 196 318 334 92 0 
267 139 146 41 23 22 132 254 126 220 107 133 35 278 122 3 135 206 114 114 94 322 38 1 
303 329 205 61 58 40 26 2 119 416 312 68 77 17 15 0 151 593 142 64 48 23 3 0 
171 211 346 113 58 41 66 18 95 231 165 313 112 67 40 1 146 216 140 172 246 84 19 1 
84 182 331 73 21 28 188 117 50 53 130 366 102 249 69 5 44 48 82 198 383 232 36 1 
41 361 572 48 2 0 0 0 6 23 144 727 122 2 0 0 2 12 39 309 625 36 1 0 
111 335 374 95 11 7 34 57 25 83 242 409 158 19 76 12 11 58 140 328 323 100 48 16 
100 120 203 116 12 11 68 394 59 58 108 191 129 25 434 20 43 59 65 125 194 125 386 27 
113 148 304 110 7 10 33 299 62 79 85 266 193 14 286 39 39 71 64 100 332 90 271 57 
30 394 547 37 14 1 1 0 2 31 125 691 168 6 1 0 0 11 63 165 693 90 2 0 
61 346 467 57 9 19 17 48 4 52 133 653 92 27 42 21 2 22 65 238 574 54 28 41 
59 128 268 84 12 23 42 408 25 51 105 240 130 34 319 120 22 29 80 107 260 86 147 293 
102 212 394 113 10 24 37 132 48 76 149 374 186 44 107 40 29 61 85 195 380 132 49 93 
24 214 672 56 16 5 37 0 3 31 90 706 147 42 5 0 0 11 51 152 738 71 1 0 
58 133 340 87 22 23 55 306 11 53 95 306 167 55 153 184 2 32 58 140 339 116 69 268 
152 215 328 72 22 14 74 147 61 94 133 324 178 54 138 42 31 84 89 172 354 125 74 95 
48 348 491 57 8 19 43 10 9 33 127 651 133 56 15 0 2 28 40 195 667 84 8 0 
71 179 342 87 24 28 88 205 10 55 122 382 131 81 223 20 8 30 70 188 389 101 199 39 
165 244 320 80 17 19 81 98 81 85 173 345 143 76 105 16 45 85 102 187 383 106 96 20 
88 334 420 87 12 25 51 7 9 58 161 562 148 73 12 1 5 30 82 222 554 121 7 3 
141 154 260 129 25 38 124 153 66 79 126 234 197 118 191 13 46 67 91 147 271 270 122 10 
131 338 340 78 22 20 84 11 28 106 221 411 136 102 19 1 13 60 156 253 420 109 12 1 
81 240 279 111 33 30 160 90 24 79 138 339 160 149 127 8 20 46 112 231 327 231 51 6 
208 346 270 71 16 18 71 24 97 106 325 276 107 72 36 5 81 68 243 284 240 83 23 2 
594 245 70 26 15 13 51 10 238 388 210 85 35 43 25 0 262 361 188 100 59 43 11 0 
950 63 11 0 0 0 0 0 530 423 53 18 0 0 0 0 668 293 48 15 0 0 0 0 
578 170 122 57 44 22 22 9 544 193 129 65 45 28 16 4 588 187 113 63 37 25 10 1 
70 85 54 36 34 35 386 324 54 89 65 42 38 424 310 2 66 93 59 42 177 447 138 2 
56 254 460 41 24 18 120 51 2 44 157 557 75 74 114 1 1 16 76 258 475 137 59 2 
16 50 137 29 16 14 346 416 0 19 40 156 32 331 442 4 0 5 26 78 137 575 195 8 
0 0 0 0 0 0 462 562 0 0 0 0 0 550 474 0 0 0 0 0 0 965 59 0 
0 0 0 0 0 0 585 439 0 0 0 0 0 945 79 0 0 0 0 0 22 998 4 0 
25 207 299 46 62 32 227 126 0 19 66 444 93 345 57 0 0 3 24 148 421 405 23 0 
43 209 210 30 16 19 321 176 1 28 124 306 48 381 135 1 0 7 43 222 232 464 54 2 
0 0 0 0 0 0 321 703 0 0 0 0 0 576 448 0 0 0 0 0 0 956 68 0 
3 18 53 50 42 27 436 395 0 4 19 58 60 281 596 6 0 1 4 33 65 627 286 8 
45 271 451 36 22 18 85 96 0 32 174 546 58 49 153 12 0 7 53 274 443 72 147 28 
0 0 0 0 0 0 106 918 0 0 0 0 0 29 988 7 0 0 0 0 0 115 875 34 
0 15 17 44 6 12 303 627 0 4 12 31 35 12 903 27 0 1 4 22 37 37 854 69 
74 262 489 57 46 21 51 24 1 50 118 608 111 56 67 13 1 4 72 210 529 104 76 28 
0 1 5 2 2 3 246 765 0 0 3 4 2 43 945 27 0 0 0 5 3 78 729 209 
4 28 48 64 28 17 396 439 0 5 27 63 63 72 776 18 0 1 12 41 59 268 485 158 
55 235 420 89 34 9 90 92 0 38 99 542 119 45 150 31 0 3 57 181 492 86 145 60 
89 32 15 13 10 17 128 720 27 85 20 14 15 22 817 24 35 78 22 11 15 79 753 31 
305 253 249 92 20 11 56 38 14 228 228 314 122 24 79 15 26 226 158 219 224 74 78 19 
524 132 66 22 19 20 74 167 25 474 160 70 27 30 212 26 51 510 86 64 47 52 189 25 
712 187 55 17 10 10 19 14 13 578 283 79 22 18 24 7 68 654 126 89 36 23 23 5 
838 172 14 0 0 0 0 0 153 576 260 35 0 0 0 0 216 584 205 19 0 0 0 0 
960 61 3 0 0 0 0 0 102 710 195 17 0 0 0 0 147 785 88 4 0 0 0 0 
1000 17 6 1 0 0 0 0 998 19 6 1 0 0 0 0 997 20 6 1 0 0 0 0 
622 44 26 22 16 16 165 113 595 69 26 27 17 122 153 15 596 74 26 23 19 217 58 11 
99 193 427 58 7 25 113 102 23 67 100 465 122 75 153 19 20 23 85 184 411 155 105 41 
36 42 59 39 9 16 449 374 2 51 32 79 20 240 559 41 1 7 66 47 62 326 446 69 
8 65 18 37 0 0 588 308 0 26 47 48 7 160 705 31 0 3 51 43 30 302 559 36 
17 47 35 29 0 6 408 482 0 35 29 55 9 37 829 30 0 5 51 32 32 124 748 32 
53 120 198 56 41 46 297 213 0 40 107 172 110 89 485 21 0 7 57 108 167 166 489 30 
46 193 286 39 19 19 204 218 3 38 142 296 95 31 401 18 1 15 70 168 254 165 329 22 
23 122 110 36 16 14 280 423 0 36 126 95 38 54 663 12 0 34 95 110 47 234 494 10 
17 61 94 46 47 31 418 310 0 11 61 99 67 62 719 5 0 3 41 88 67 218 555 52 
67 173 410 117 60 19 137 41 2 50 126 353 219 99 161 14 1 6 77 142 336 237 185 40 
20 125 99 52 15 19 359 335 0 33 128 91 49 82 623 18 0 24 127 88 41 262 457 25 
13 55 66 34 24 0 533 299 0 37 34 53 64 4 832 0 0 9 57 25 64 91 775 3 
92 211 344 125 104 54 80 14 2 61 121 363 205 146 120 6 0 13 78 155 330 188 217 43 
14 60 62 55 1 0 582 250 0 41 28 60 62 25 808 0 0 15 49 28 55 183 676 18 
25 54 60 50 10 28 692 105 0 44 26 69 54 149 675 7 0 32 34 44 67 288 545 14 
276 198 267 163 44 11 44 21 1 192 177 287 193 100 65 9 1 202 111 143 255 136 144 32 
776 141 20 13 8 11 34 21 60 663 197 23 13 13 47 8 128 694 103 19 12 14 46 8 
954 70 0 0 0 0 0 0 151 789 84 0 0 0 0 0 343 664 17 0 0 0 0 0 
967 57 0 0 0 0 0 0 181 769 74 0 0 0 0 0 277 730 17 0 0 0 0 0 
944 80 0 0 0 0 0 0 288 665 67 4 0 0 0 0 446 554 24 0 0 0 0 0 
893 128 3 0 0 0 0 0 434 540 49 1 0 0 0 0 505 475 44 0 0 0 0 0 
1007 17 0 0 0 0 0 0 127 893 4 0 0 0 0 0 204 820 0 0 0 0 0 0 
1024 0 0 0 0 0 0 0 1024 0 0 0 0 0 0 0 1024 0 0 0 0 0 0 0 
1016 4 4 0 0 0 0 0 1015 5 4 0 0 0 0 0 1002 18 4 0 0 0 0 0 
293 394 313 21 3 0 0 0 140 80 207 486 109 2 0 0 111 88 92 239 461 32 1 0 
101 284 581 57 0 1 0 0 8 103 150 530 231 1 1 0 1 93 90 154 581 104 1 0 
313 294 274 57 18 19 38 11 55 384 150 249 106 25 38 17 87 394 92 112 231 59 42 7 
499 170 253 99 3 0 0 0 271 326 54 167 198 8 0 0 277 317 43 49 239 98 1 0 
128 378 500 18 0 0 0 0 42 39 138 522 283 0 0 0 25 35 47 189 562 166 0 0 
146 387 445 46 0 0 0 0 19 66 165 574 198 2 0 0 13 58 26 269 548 110 0 0 
449 236 276 56 5 2 0 0 189 342 146 173 169 3 2 0 182 352 128 65 225 70 2 0 
416 187 380 41 0 0 0 0 186 254 101 313 169 1 0 0 152 273 69 106 347 77 0 0 
59 478 461 26 0 0 0 0 0 6 164 655 198 1 0 0 0 1 11 272 559 180 1 0 
217 395 301 66 12 9 19 5 46 159 380 260 144 8 16 11 42 198 325 87 282 64 21 5 
548 205 193 78 0 0 0 0 306 276 145 152 145 0 0 0 217 351 119 85 179 73 0 0 
165 517 334 8 0 0 0 0 0 31 300 583 110 0 0 0 0 24 48 423 464 65 0 0 
516 206 251 46 5 0 0 0 296 231 76 282 133 6 0 0 231 300 50 60 298 83 2 0 
736 200 67 21 0 0 0 0 207 382 312 75 45 3 0 0 181 493 206 68 52 24 0 0 
957 67 0 0 0 0 0 0 27 788 209 0 0 0 0 0 70 863 91 0 0 0 0 0 
1006 18 0 0 0 0 0 0 90 890 44 0 0 0 0 0 247 772 5 0 0 0 0 0 
850 174 0 0 0 0 0 0 92 697 235 0 0 0 0 0 192 748 84 0 0 0 0 0 
831 193 0 0 0 0 0 0 34 677 300 13 0 0 0 0 114 749 160 1 0 0 0 0 
885 137 2 0 0 0 0 0 95 562 355 12 0 0 0 0 176 672 174 2 0 0 0 0 
844 171 9 0 0 0 0 0 105 612 294 13 0 0 0 0 164 676 175 9 0 0 0 0 
987 37 0 0 0 0 0 0 255 706 62 1 0 0 0 0 574 411 39 0 0 0 0 0 
1016 8 0 0 0 0 0 0 1014 10 0 0 0 0 0 0 1012 11 1 0 0 0 0 0 
1024 0 0 0 0 0 0 0 1024 0 0 0 0 0 0 0 1023 1 0 0 0 0 0 0 
901 80 39 4 0 0 0 0 784 105 88 42 5 0 0 0 746 117 77 72 12 0 0 0 
652 350 19 3 0 0 0 0 149 655 197 21 2 0 0 0 152 662 156 50 4 0 0 0 
738 247 17 12 5 3 1 1 262 627 106 13 10 2 3 1 321 600 75 13 9 2 3 1 
863 158 3 0 0 0 0 0 168 757 98 1 0 0 0 0 265 721 37 1 0 0 0 0 
457 439 125 3 0 0 0 0 88 319 218 346 53 0 0 0 67 338 74 243 271 31 0 0 
565 253 162 38 5 1 0 0 169 455 145 116 124 11 4 0 137 385 205 58 97 125 14 3 
839 169 13 3 0 0 0 0 365 586 61 12 0 0 0 0 362 595 55 12 0 0 0 0 
760 201 52 8 3 0 0 0 264 534 109 89 22 5 1 0 239 511 89 111 57 14 3 0 
334 399 251 36 4 0 0 0 17 286 199 358 143 21 0 0 12 206 207 146 313 120 20 0 
741 283 0 0 0 0 0 0 16 819 189 0 0 0 0 0 18 913 93 0 0 0 0 0 
757 233 32 2 0 0 0 0 113 704 155 34 18 0 0 0 101 717 126 38 33 9 0 0 
487 340 162 33 2 0 0 0 7 330 277 294 103 13 0 0 0 325 189 154 263 85 8 0 
869 155 0 0 0 0 0 0 57 796 171 0 0 0 0 0 84 793 147 0 0 0 0 0 
922 102 0 0 0 0 0 0 6 769 249 0 0 0 0 0 22 815 187 0 0 0 0 0 
989 35 0 0 0 0 0 0 171 826 27 0 0 0 0 0 337 683 4 0 0 0 0 0 
996 28 0 0 0 0 0 0 362 644 18 0 0 0 0 0 438 577 9 0 0 0 0 0 
932 92 0 0 0 0 0 0 150 746 128 0 0 0 0 0 218 753 53 0 0 0 0 0 
881 138 5 0 0 0 0 0 190 573 252 9 0 0 0 0 245 570 204 5 0 0 0 0 
918 106 0 0 0 0 0 0 93 703 226 2 0 0 0 0 190 707 126 1 0 0 0 0 
842 117 27 17 17 4 0 0 146 661 136 36 25 16 4 0 293 544 102 37 26 15 7 0 
482 385 91 54 10 2 0 0 9 345 488 95 68 17 2 0 13 401 417 74 85 30 4 0 
1024 0 0 0 0 0 0 0 1024 0 0 0 0 0 0 0 1024 0 0 0 0 0 0 0 
944 59 19 2 0 0 0 0 929 73 20 2 0 0 0 0 913 85 24 2 0 0 0 0 
1024 0 0 0 0 0 0 0 1024 0 0 0 0 0 0 0 1024 0 0 0 0 0 0 0 
715 254 55 0 0 0 0 0 266 564 177 17 0 0 0 0 343 505 160 16 0 0 0 0 
856 131 26 8 2 1 0 0 276 649 74 15 8 2 0 0 387 572 43 12 8 2 0 0 
761 133 65 48 17 0 0 0 160 597 141 76 47 3 0 0 223 566 101 72 54 8 0 0 
306 262 242 182 30 2 0 0 42 312 232 157 202 75 4 0 29 280 228 137 132 155 61 2 
369 283 284 79 9 0 0 0 173 257 322 177 79 16 0 0 132 263 286 218 70 43 12 0 
679 209 120 15 1 0 0 0 313 421 186 88 15 1 0 0 299 450 159 76 37 3 0 0 
384 169 255 155 47 12 2 0 51 325 150 250 176 54 10 8 43 311 120 147 254 114 27 8 
324 220 253 176 48 3 0 0 55 252 237 240 182 55 3 0 46 233 168 206 236 117 17 1 
300 235 265 178 45 1 0 0 31 259 230 253 195 52 4 0 26 244 188 207 228 107 24 0 
420 264 193 119 26 2 0 0 50 345 270 188 131 37 3 0 30 352 244 163 157 73 4 1 
518 245 190 68 3 0 0 0 108 364 261 174 104 13 0 0 99 329 245 164 155 32 0 0 
713 193 84 32 2 0 0 0 76 567 243 91 40 7 0 0 67 588 216 87 51 15 0 0 
667 178 126 49 4 0 0 0 130 489 204 131 62 8 0 0 121 517 149 130 86 21 0 0 
438 283 202 87 14 0 0 0 49 342 266 233 114 20 0 0 37 342 160 264 162 56 3 0 
243 344 322 97 17 1 0 0 37 160 303 375 125 24 0 0 31 144 197 393 204 52 3 0 
490 272 153 96 13 0 0 0 21 338 381 164 107 13 0 0 18 288 371 178 120 49 0 0 
446 303 137 102 33 3 0 0 13 324 404 141 104 33 5 0 6 233 433 157 123 58 13 1 
699 192 87 33 13 0 0 0 22 508 341 97 41 13 2 0 26 478 349 93 52 24 2 0 
404 336 240 38 6 0 0 0 46 289 339 289 53 8 0 0 44 252 299 287 130 12 0 0 
99 395 457 56 13 4 0 0 6 74 217 646 64 13 4 0 0 43 100 737 98 34 10 2 
354 75 595 0 0 0 0 0 339 73 394 218 0 0 0 0 330 81 242 371 0 0 0 0 
294 128 602 0 0 0 0 0 272 85 453 214 0 0 0 0 267 82 187 487 1 0 0 0 
286 94 643 1 0 0 0 0 268 49 405 302 0 0 0 0 261 54 202 507 0 0 0 0 
66 195 667 89 7 0 0 0 40 104 546 327 7 0 0 0 41 105 353 518 7 0 0 0 
12 136 494 349 33 0 0 0 0 84 320 587 33 0 0 0 0 97 314 606 7 0 0 0 
158 188 308 364 6 0 0 0 4 247 296 472 5 0 0 0 8 283 386 347 0 0 0 0 
142 283 509 90 0 0 0 0 2 178 377 453 14 0 0 0 1 170 277 550 25 1 0 0 
59 521 359 85 0 0 0 0 9 87 638 290 0 0 0 0 11 74 450 483 6 0 0 0 
137 73 279 535 0 0 0 0 22 157 220 625 0 0 0 0 18 152 393 461 0 0 0 0 
3 81 639 301 0 0 0 0 0 8 331 685 0 0 0 0 0 7 532 482 3 0 0 0 
6 435 563 20 0 0 0 0 0 9 773 242 0 0 0 0 0 2 365 657 0 0 0 0 
0 13 248 763 0 0 0 0 0 0 150 874 0 0 0 0 0 0 163 861 0 0 0 0 
0 75 430 519 0 0 0 0 0 11 295 718 0 0 0 0 0 9 472 543 0 0 0 0 
52 667 304 1 0 0 0 0 0 35 836 153 0 0 0 0 0 21 598 403 2 0 0 0 
39 212 542 230 1 0 0 0 4 107 481 429 3 0 0 0 6 137 532 346 3 0 0 0 
89 355 451 129 0 0 0 0 1 171 557 293 2 0 0 0 0 206 568 249 1 0 0 0 
467 480 74 3 0 0 0 0 15 537 419 51 2 0 0 0 11 500 441 61 10 1 0 0 
534 296 103 72 19 0 0 0 14 564 253 95 72 26 0 0 22 531 211 135 73 51 1 0 
292 464 225 42 1 0 0 0 32 323 442 203 23 1 0 0 35 268 427 240 53 1 0 0 
53 302 440 204 24 1 0 0 15 46 312 422 207 21 1 0 4 29 172 435 294 88 2 0 
112 280 441 177 14 0 0 0 7 84 263 442 209 19 0 0 0 46 170 418 314 75 1 0 
87 209 558 167 3 0 0 0 32 57 141 567 221 6 0 0 18 48 84 363 448 63 0 0 
104 518 222 176 4 0 0 0 7 84 447 280 203 3 0 0 1 59 343 327 210 84 0 0 
547 127 286 64 0 0 0 0 479 116 89 317 23 0 0 0 469 113 94 220 128 0 0 0 
729 54 196 45 0 0 0 0 646 102 38 206 32 0 0 0 629 107 43 108 137 0 0 0 
866 95 47 16 0 0 0 0 544 361 61 51 7 0 0 0 463 367 130 41 23 0 0 0 
286 358 312 68 0 0 0 0 35 290 478 221 0 0 0 0 10 240 530 244 0 0 0 0 
0 65 432 527 0 0 0 0 0 26 359 639 0 0 0 0 0 44 434 546 0 0 0 0 
13 184 357 469 1 0 0 0 7 118 327 567 5 0 0 0 8 157 440 417 2 0 0 0 
1 197 678 148 0 0 0 0 0 20 428 575 1 0 0 0 0 24 227 772 1 0 0 0 
15 408 467 134 0 0 0 0 0 12 712 300 0 0 0 0 0 6 432 586 0 0 0 0 
14 167 485 358 0 0 0 0 5 80 436 503 0 0 0 0 8 120 530 366 0 0 0 0 
39 289 446 250 0 0 0 0 2 139 420 459 4 0 0 0 3 166 458 394 3 0 0 0 
31 584 388 21 0 0 0 0 0 23 723 278 0 0 0 0 0 1 328 694 1 0 0 0 
35 236 510 243 0 0 0 0 0 76 432 516 0 0 0 0 0 70 486 468 0 0 0 0 
78 259 382 305 0 0 0 0 4 182 339 494 5 0 0 0 4 195 368 452 5 0 0 0 
158 615 247 4 0 0 0 0 0 31 746 247 0 0 0 0 0 9 422 589 4 0 0 0 
139 395 401 89 0 0 0 0 7 180 516 319 2 0 0 0 4 137 551 326 6 0 0 0 
234 312 380 98 0 0 0 0 57 302 408 254 3 0 0 0 78 294 429 221 2 0 0 0 
755 186 82 1 0 0 0 0 218 558 206 42 0 0 0 0 363 418 211 32 0 0 0 0 
962 62 0 0 0 0 0 0 516 467 41 0 0 0 0 0 603 388 33 0 0 0 0 0 
941 83 0 0 0 0 0 0 245 714 65 0 0 0 0 0 317 657 50 0 0 0 0 0 
568 388 68 0 0 0 0 0 59 529 385 51 0 0 0 0 70 472 377 105 0 0 0 0 
469 484 71 0 0 0 0 0 11 435 477 101 0 0 0 0 40 368 431 184 1 0 0 0 
143 670 211 0 0 0 0 0 9 126 675 214 0 0 0 0 7 96 419 499 3 0 0 0 
136 418 464 6 0 0 0 0 42 120 437 420 5 0 0 0 4 91 171 716 42 0 0 0 
1024 0 0 0 0 0 0 0 1024 0 0 0 0 0 0 0 1024 0 0 0 0 0 0 0 
959 57 8 0 0 0 0 0 951 60 13 0 0 0 0 0 955 61 8 0 0 0 0 0 
550 402 69 3 0 0 0 0 200 397 416 11 0 0 0 0 188 223 586 27 0 0 0 0 
100 322 562 40 0 0 0 0 0 73 646 305 0 0 0 0 0 26 696 302 0 0 0 0 
0 5 618 401 0 0 0 0 0 0 327 697 0 0 0 0 0 4 557 463 0 0 0 0 
0 22 763 239 0 0 0 0 0 6 605 412 1 0 0 0 0 27 776 221 0 0 0 0 
0 51 904 69 0 0 0 0 0 0 359 665 0 0 0 0 0 0 296 728 0 0 0 0 
2 579 435 8 0 0 0 0 0 2 890 132 0 0 0 0 0 0 613 411 0 0 0 0 
0 0 554 470 0 0 0 0 0 0 301 723 0 0 0 0 0 0 610 414 0 0 0 0 
0 14 438 557 15 0 0 0 0 5 199 797 21 2 0 0 0 9 416 578 19 2 0 0 
11 572 407 34 0 0 0 0 0 1 720 295 8 0 0 0 0 0 232 783 9 0 0 0 
1 217 669 131 6 0 0 0 0 13 461 521 29 0 0 0 0 23 417 550 34 0 0 0 
121 331 385 131 56 0 0 0 52 185 439 272 74 2 0 0 42 149 454 293 81 5 0 0 
208 609 154 44 9 0 0 0 0 38 749 219 18 0 0 0 0 2 395 566 61 0 0 0 
131 363 232 228 70 0 0 0 0 59 482 362 121 0 0 0 0 29 397 454 144 0 0 0 
139 308 303 177 97 0 0 0 20 234 345 306 111 8 0 0 21 245 357 291 108 2 0 0 
587 209 161 39 28 0 0 0 189 457 222 113 37 6 0 0 246 387 240 108 39 4 0 0 
1003 14 6 1 0 0 0 0 920 90 10 4 0 0 0 0 951 61 8 4 0 0 0 0 
1024 0 0 0 0 0 0 0 695 329 0 0 0 0 0 0 943 81 0 0 0 0 0 0 
1011 13 0 0 0 0 0 0 648 376 0 0 0 0 0 0 789 235 0 0 0 0 0 0 
1024 0 0 0 0 0 0 0 378 646 0 0 0 0 0 0 803 221 0 0 0 0 0 0 
726 253 45 0 0 0 0 0 485 273 230 36 0 0 0 0 515 239 201 69 0 0 0 0 
835 187 2 0 0 0 0 0 49 818 153 4 0 0 0 0 41 776 196 11 0 0 0 0 
1024 0 0 0 0 0 0 0 1024 0 0 0 0 0 0 0 1024 0 0 0 0 0 0 0 
586 249 130 51 8 0 0 0 561 257 139 58 9 0 0 0 587 257 129 43 8 0 0 0 
96 660 224 39 5 0 0 0 13 148 740 118 5 0 0 0 15 134 726 144 5 0 0 0 
8 208 437 370 1 0 0 0 0 18 373 632 1 0 0 0 0 5 401 613 5 0 0 0 
0 0 72 937 15 0 0 0 0 0 69 947 8 0 0 0 0 0 174 850 0 0 0 0 
0 1 205 758 60 0 0 0 0 0 202 811 11 0 0 0 0 3 348 669 4 0 0 0 
23 98 359 447 97 0 0 0 0 3 225 796 0 0 0 0 0 0 182 841 1 0 0 0 
176 493 151 179 25 0 0 0 0 50 680 279 15 0 0 0 0 9 723 288 4 0 0 0 
0 24 166 529 305 0 0 0 0 1 132 836 55 0 0 0 0 8 186 829 1 0 0 0 
0 5 73 425 521 0 0 0 0 0 77 836 111 0 0 0 0 0 95 885 44 0 0 0 
182 489 188 101 64 0 0 0 0 144 552 313 15 0 0 0 0 22 485 462 55 0 0 0 
0 1 49 257 717 0 0 0 0 1 30 501 492 0 0 0 0 1 40 791 192 0 0 0 
0 0 33 134 857 0 0 0 0 0 27 392 605 0 0 0 0 0 32 666 326 0 0 0 
255 269 173 138 189 0 0 0 0 114 405 287 218 0 0 0 0 6 459 349 210 0 0 0 
53 95 32 241 603 0 0 0 0 58 104 298 564 0 0 0 0 15 132 405 472 0 0 0 
0 0 0 158 865 1 0 0 0 0 2 468 553 1 0 0 0 0 5 801 218 0 0 0 
306 326 135 122 135 0 0 0 6 239 379 297 103 0 0 0 2 120 439 360 103 0 0 0 
413 217 174 168 52 0 0 0 257 266 222 213 66 0 0 0 311 227 247 201 38 0 0 0 
865 77 45 32 5 0 0 0 722 193 62 37 10 0 0 0 820 113 52 34 5 0 0 0 
1016 8 0 0 0 0 0 0 890 134 0 0 0 0 0 0 944 80 0 0 0 0 0 0 
1024 0 0 0 0 0 0 0 784 240 0 0 0 0 0 0 994 30 0 0 0 0 0 0 
1020 4 0 0 0 0 0 0 983 41 0 0 0 0 0 0 1014 10 0 0 0 0 0 0 
986 32 6 0 0 0 0 0 742 261 21 0 0 0 0 0 783 224 17 0 0 0 0 0 
1009 15 0 0 0 0 0 0 996 28 0 0 0 0 0 0 1003 21 0 0 0 0 0 0 
280 282 252 207 3 0 0 0 255 294 253 222 0 0 0 0 302 300 297 125 0 0 0 0 
59 384 359 219 3 0 0 0 1 165 570 281 7 0 0 0 2 119 655 242 6 0 0 0 
5 131 461 417 10 0 0 0 0 44 463 512 5 0 0 0 0 29 597 392 6 0 0 0 
0 0 6 900 118 0 0 0 0 0 6 1017 1 0 0 0 0 0 65 959 0 0 0 0 
0 0 1 848 175 0 0 0 0 0 2 1022 0 0 0 0 0 0 13 1011 0 0 0 0 
92 149 83 524 176 0 0 0 0 83 204 734 3 0 0 0 0 39 248 736 1 0 0 0 
370 369 92 154 39 0 0 0 0 388 431 201 4 0 0 0 0 195 637 191 1 0 0 0 
0 36 55 711 222 0 0 0 0 2 100 880 42 0 0 0 0 15 184 816 9 0 0 0 
7 22 39 761 195 0 0 0 5 22 66 899 32 0 0 0 6 25 112 877 4 0 0 0 
462 396 76 76 14 0 0 0 0 462 419 136 7 0 0 0 0 107 755 157 5 0 0 0 
17 79 93 539 296 0 0 0 0 62 103 724 134 1 0 0 0 38 129 779 77 1 0 0 
1 22 72 654 275 0 0 0 3 33 74 872 42 0 0 0 6 41 82 893 2 0 0 0 
369 446 71 98 40 0 0 0 8 413 433 110 60 0 0 0 3 116 718 148 39 0 0 0 
153 201 176 350 144 0 0 0 0 224 281 400 119 0 0 0 0 133 408 400 83 0 0 0 
39 124 82 586 193 0 0 0 27 125 134 653 85 0 0 0 34 139 300 544 7 0 0 0 
540 384 46 45 9 0 0 0 10 468 467 64 15 0 0 0 3 179 741 87 14 0 0 0 
187 201 273 326 37 0 0 0 4 230 393 361 36 0 0 0 7 178 525 304 10 0 0 0 
426 348 138 98 14 0 0 0 203 493 199 113 16 0 0 0 196 525 207 96 0 0 0 0 
768 239 12 5 0 0 0 0 396 478 140 8 2 0 0 0 383 449 180 8 4 0 0 0 
735 233 44 12 0 0 0 0 510 359 132 21 2 0 0 0 561 312 132 18 1 0 0 0 
715 222 73 14 0 0 0 0 484 383 129 28 0 0 0 0 509 363 127 25 0 0 0 0 
1019 5 0 0 0 0 0 0 1016 8 0 0 0 0 0 0 1016 8 0 0 0 0 0 0 
