0 0 0 267 247 95 58 357 0 0 0 9 294 320 78 323 0 0 7 88 451 193 285 0 
0 0 0 348 564 38 20 54 0 0 0 85 512 366 21 40 0 0 48 214 557 180 25 0 
0 0 0 386 510 48 23 57 0 0 0 0 182 751 38 53 0 0 0 27 577 361 59 0 
0 0 0 503 444 38 25 14 0 0 0 11 221 745 36 11 0 0 0 69 416 523 16 0 
0 0 26 673 325 0 0 0 0 0 0 77 406 540 1 0 0 0 17 207 543 257 0 0 
0 0 5 876 143 0 0 0 0 0 0 69 311 639 5 0 0 0 17 172 399 434 2 0 
0 0 74 825 125 0 0 0 0 0 0 103 483 435 3 0 0 0 7 391 344 282 0 0 
0 0 76 891 57 0 0 0 0 0 1 39 279 695 10 0 0 0 11 88 353 572 0 0 
0 0 104 845 75 0 0 0 0 0 22 140 290 572 0 0 0 1 91 107 330 495 0 0 
0 0 5 771 248 0 0 0 0 0 0 0 370 648 6 0 0 0 0 0 348 676 0 0 
0 0 123 786 115 0 0 0 0 0 0 1 389 611 23 0 0 0 0 20 402 601 1 0 
0 0 37 909 78 0 0 0 0 0 0 0 66 931 27 0 0 0 0 1 235 788 0 0 
0 2 65 817 140 0 0 0 0 0 0 21 269 721 13 0 0 0 10 34 423 556 1 0 
0 13 218 681 112 0 0 0 0 0 24 143 308 495 54 0 0 6 116 185 279 413 25 0 
0 0 110 683 227 4 0 0 0 0 0 5 284 582 153 0 0 0 0 20 412 450 142 0 
0 38 352 575 59 0 0 0 0 0 91 262 385 266 20 0 0 12 206 244 375 176 11 0 
0 37 402 556 29 0 0 0 0 0 109 347 321 234 13 0 0 54 244 295 234 192 5 0 
0 9 259 603 146 7 0 0 0 0 40 150 289 481 64 0 0 16 134 125 312 406 31 0 
0 0 125 696 202 1 0 0 0 0 1 86 347 510 80 0 0 0 6 118 439 391 70 0 
0 8 161 794 61 0 0 0 0 0 6 33 263 603 119 0 0 0 14 47 474 474 15 0 
0 0 207 749 67 1 0 0 0 0 0 3 183 725 113 0 0 0 0 38 514 454 18 0 
0 0 196 796 32 0 0 0 0 0 0 79 445 484 16 0 0 0 46 188 612 178 0 0 
0 0 196 768 60 0 0 0 0 0 0 62 615 338 9 0 0 0 0 211 585 228 0 0 
0 4 337 677 6 0 0 0 0 0 15 311 599 99 0 0 0 0 81 439 473 31 0 0 
0 0 268 720 36 0 0 0 0 0 49 477 428 70 0 0 0 0 117 553 315 39 0 0 
0 0 247 757 20 0 0 0 0 0 0 55 552 396 21 0 0 0 2 127 682 210 3 0 
0 0 271 717 36 0 0 0 0 0 0 4 498 521 1 0 0 0 0 61 776 187 0 0 
0 3 220 790 11 0 0 0 0 0 0 158 720 146 0 0 0 0 3 464 511 46 0 0 
0 17 417 587 3 0 0 0 0 0 0 31 727 266 0 0 0 0 24 345 631 24 0 0 
0 0 284 729 11 0 0 0 0 0 0 34 716 274 0 0 0 0 3 439 524 58 0 0 
0 0 92 912 20 0 0 0 0 0 0 4 532 488 0 0 0 0 0 173 688 163 0 0 
0 0 158 865 1 0 0 0 0 0 1 309 517 197 0 0 0 0 18 441 506 59 0 0 
0 0 157 865 2 0 0 0 0 0 0 145 494 385 0 0 0 0 3 344 476 201 0 0 
0 0 149 833 42 0 0 0 0 0 0 140 473 411 0 0 0 0 38 325 461 200 0 0 
0 0 88 888 48 0 0 0 0 0 0 0 79 936 9 0 0 0 0 0 327 697 0 0 
0 0 9 999 16 0 0 0 0 0 0 0 22 994 8 0 0 0 0 0 106 916 2 0 
0 0 10 933 81 0 0 0 0 0 0 0 79 942 3 0 0 0 0 0 188 836 0 0 
0 0 3 963 58 0 0 0 0 0 0 0 64 947 13 0 0 0 0 0 186 835 3 0 
0 0 185 817 22 0 0 0 0 0 0 0 226 757 41 0 0 0 0 16 421 586 1 0 
0 6 216 789 13 0 0 0 0 0 8 52 335 616 13 0 0 6 42 74 428 473 1 0 
0 0 170 822 32 0 0 0 0 0 0 0 175 770 79 0 0 0 0 5 363 636 20 0 
1 34 316 656 17 0 0 0 0 0 4 127 287 537 69 0 0 0 57 183 282 474 28 0 
0 23 298 679 24 0 0 0 0 0 16 168 372 406 62 0 0 3 85 290 317 309 20 0 
0 6 397 590 31 0 0 0 0 0 1 89 492 413 29 0 0 0 16 251 477 272 8 0 
0 21 294 677 32 0 0 0 0 0 7 72 404 508 33 0 0 0 37 119 559 295 14 0 
0 17 182 768 57 0 0 0 0 0 27 54 244 663 36 0 0 4 48 56 365 534 17 0 
0 0 78 807 139 0 0 0 0 0 0 5 387 621 11 0 0 0 0 9 405 608 2 0 
0 51 507 434 32 0 0 0 0 0 1 65 397 537 24 0 0 0 14 209 569 227 5 0 
0 68 622 330 4 0 0 0 0 0 0 44 394 512 74 0 0 0 6 138 511 345 24 0 
0 21 426 568 9 0 0 0 0 0 0 4 217 694 109 0 0 0 0 57 426 519 22 0 
3 187 489 344 1 0 0 0 0 0 1 173 484 364 2 0 0 0 121 358 399 146 0 0 
0 14 230 657 123 0 0 0 0 0 0 68 556 385 15 0 0 0 3 178 694 148 1 0 
0 0 34 698 285 7 0 0 0 0 0 9 559 415 41 0 0 0 0 18 670 331 5 0 
0 46 354 532 92 0 0 0 0 0 0 68 541 409 6 0 0 0 18 278 527 201 0 0 
0 63 573 375 13 0 0 0 0 0 0 24 510 489 1 0 0 0 10 244 636 134 0 0 
3 418 461 141 1 0 0 0 0 0 343 305 309 67 0 0 0 330 267 289 128 10 0 0 
2 97 554 369 2 0 0 0 0 0 17 248 474 285 0 0 0 8 178 412 414 12 0 0 
0 100 412 506 6 0 0 0 0 0 39 157 500 327 1 0 0 30 89 244 518 143 0 0 
0 1 286 709 28 0 0 0 0 0 0 23 329 646 26 0 0 0 0 108 449 466 1 0 
0 20 230 716 58 0 0 0 0 0 2 72 382 532 36 0 0 0 22 140 498 360 4 0 
0 52 565 394 13 0 0 0 0 0 0 168 432 404 20 0 0 0 123 332 429 140 0 0 
0 39 477 502 6 0 0 0 0 0 0 110 596 317 1 0 0 3 54 429 479 59 0 0 
0 5 462 546 11 0 0 0 0 0 0 210 388 418 8 0 0 0 135 336 429 124 0 0 
0 17 392 613 2 0 0 0 0 0 6 60 339 594 25 0 0 1 15 220 621 167 0 0 
0 14 563 447 0 0 0 0 0 0 4 53 449 518 0 0 0 2 17 197 619 189 0 0 
0 58 652 313 1 0 0 0 0 0 160 461 317 86 0 0 0 53 410 343 174 44 0 0 
0 0 273 750 1 0 0 0 0 0 0 1 185 837 1 0 0 0 0 8 529 487 0 0 
0 0 105 907 12 0 0 0 0 0 0 0 218 802 4 0 0 0 0 1 439 584 0 0 
0 0 173 837 14 0 0 0 0 0 0 0 254 770 0 0 0 0 0 11 507 506 0 0 
0 0 204 811 9 0 0 0 0 0 0 5 428 590 1 0 0 0 0 25 611 388 0 0 
0 42 463 513 6 0 0 0 0 0 19 184 349 462 10 0 0 15 98 206 379 316 10 0 
0 230 537 241 16 0 0 0 0 1 101 385 350 179 8 0 0 46 273 388 169 136 12 0 
0 152 713 159 0 0 0 0 0 0 75 221 446 281 1 0 0 20 109 404 393 98 0 0 
0 156 641 220 7 0 0 0 0 0 22 291 437 262 12 0 0 2 134 383 376 129 0 0 
0 89 603 330 2 0 0 0 0 0 48 181 442 343 10 0 0 12 122 289 410 191 0 0 
1 47 590 383 3 0 0 0 0 0 2 68 352 559 43 0 0 0 6 149 441 422 6 0 
1 121 510 383 9 0 0 0 0 0 14 254 304 410 42 0 0 9 181 291 380 158 5 0 
0 0 289 643 92 0 0 0 0 0 0 199 474 351 0 0 0 0 4 323 557 140 0 0 
0 25 323 581 95 0 0 0 0 0 10 174 575 265 0 0 0 3 100 252 565 104 0 0 
0 127 682 215 0 0 0 0 0 0 48 253 570 153 0 0 0 33 187 489 303 12 0 0 
1 146 560 312 5 0 0 0 0 0 72 325 413 213 1 0 0 21 190 322 364 127 0 0 
0 185 564 268 7 0 0 0 0 14 220 355 280 155 0 0 0 85 348 251 265 75 0 0 
0 163 502 320 38 1 0 0 0 2 120 442 440 20 0 0 0 31 282 453 252 6 0 0 
0 1 119 555 300 45 4 0 0 0 5 159 607 237 15 1 0 0 9 219 623 161 12 0 
0 20 140 381 386 95 2 0 0 0 66 269 469 199 21 0 0 12 94 278 461 168 11 0 
0 53 209 512 247 3 0 0 0 0 5 208 689 122 0 0 0 0 43 268 628 85 0 0 
1 300 552 158 13 0 0 0 0 1 48 461 430 84 0 0 0 24 299 388 305 8 0 0 
5 614 356 48 1 0 0 0 0 12 402 321 194 95 0 0 5 396 312 189 113 9 0 0 
15 538 421 50 0 0 0 0 0 11 301 338 216 154 4 0 0 288 345 210 171 10 0 0 
4 509 461 50 0 0 0 0 0 2 278 486 223 35 0 0 0 254 453 240 73 4 0 0 
0 505 483 36 0 0 0 0 0 0 386 344 207 87 0 0 0 387 325 181 121 10 0 0 
1 214 527 269 13 0 0 0 0 0 29 282 478 228 7 0 0 36 228 379 314 67 0 0 
0 146 602 273 3 0 0 0 0 0 56 243 530 195 0 0 0 43 176 428 350 27 0 0 
2 388 583 51 0 0 0 0 0 0 156 459 347 62 0 0 0 152 453 349 70 0 0 0 
0 160 573 287 4 0 0 0 0 0 73 256 490 204 1 0 0 85 193 433 303 10 0 0 
0 31 630 362 1 0 0 0 0 0 6 156 530 326 6 0 0 3 105 468 420 28 0 0 
0 62 769 193 0 0 0 0 0 0 0 106 526 389 3 0 0 0 24 273 580 147 0 0 
0 20 712 292 0 0 0 0 0 0 0 72 510 442 0 0 0 0 9 246 677 92 0 0 
0 4 504 516 0 0 0 0 0 0 0 31 633 360 0 0 0 0 0 158 739 127 0 0 
0 33 571 420 0 0 0 0 0 0 7 160 569 288 0 0 0 0 108 291 541 84 0 0 
0 140 755 129 0 0 0 0 0 0 27 392 519 86 0 0 0 3 177 520 291 33 0 0 
0 42 701 281 0 0 0 0 0 0 1 113 513 397 0 0 0 0 31 275 650 68 0 0 
0 29 658 337 0 0 0 0 0 0 1 116 512 395 0 0 0 0 3 277 572 170 2 0 
0 84 578 362 0 0 0 0 0 0 0 68 521 433 2 0 0 0 10 374 424 216 0 0 
0 62 761 201 0 0 0 0 0 0 0 57 479 483 5 0 0 0 7 338 612 67 0 0 
0 6 328 683 7 0 0 0 0 0 0 46 524 454 0 0 0 0 2 170 702 150 0 0 
0 76 709 239 0 0 0 0 0 0 0 70 452 486 16 0 0 0 22 289 654 59 0 0 
1 314 605 103 1 0 0 0 0 0 81 307 367 255 14 0 0 25 197 463 293 46 0 0 
5 369 590 60 0 0 0 0 0 1 183 501 205 126 8 0 0 80 394 362 153 35 0 0 
0 160 562 276 24 2 0 0 0 1 195 625 188 14 1 0 0 83 335 512 85 9 0 0 
1 514 415 72 16 6 0 0 0 0 525 414 72 13 0 0 0 344 501 133 37 9 0 0 
7 742 266 9 0 0 0 0 0 26 605 343 49 1 0 0 1 551 406 64 2 0 0 0 
7 331 570 115 1 0 0 0 0 17 104 307 407 185 4 0 0 88 232 391 290 23 0 0 
9 479 462 74 0 0 0 0 0 27 435 392 157 13 0 0 1 323 466 200 34 0 0 0 
2 196 471 267 71 17 0 0 0 8 189 492 289 44 2 0 2 80 377 410 128 26 1 0 
1 36 251 425 269 35 7 0 0 2 37 274 504 183 24 0 0 8 85 363 447 104 17 0 
0 17 108 338 436 96 27 2 0 1 60 241 474 203 42 3 0 5 69 231 504 176 37 2 
0 27 176 525 279 17 0 0 0 0 53 259 586 124 2 0 0 0 61 310 536 116 1 0 
3 614 230 169 8 0 0 0 0 123 499 216 184 2 0 0 11 531 153 211 117 1 0 0 
7 883 117 17 0 0 0 0 0 344 569 62 49 0 0 0 64 836 79 44 1 0 0 0 
41 731 223 29 0 0 0 0 0 167 436 228 139 52 2 0 47 529 245 139 60 4 0 0 
15 868 140 1 0 0 0 0 0 308 557 147 12 0 0 0 112 751 150 11 0 0 0 0 
0 951 71 2 0 0 0 0 0 224 793 7 0 0 0 0 45 969 10 0 0 0 0 0 
2 625 362 35 0 0 0 0 0 73 420 404 121 6 0 0 23 488 388 117 8 0 0 0 
1 588 403 32 0 0 0 0 0 0 452 338 180 54 0 0 0 490 315 162 57 0 0 0 
1 448 502 73 0 0 0 0 0 51 296 277 314 86 0 0 6 313 292 309 104 0 0 0 
1 488 473 62 0 0 0 0 0 4 363 297 269 91 0 0 5 371 290 250 107 1 0 0 
0 249 587 188 0 0 0 0 0 0 142 322 326 233 1 0 0 115 315 325 255 14 0 0 
0 294 545 92 34 9 21 29 0 0 69 582 149 165 15 44 0 43 471 266 151 37 12 44 
0 187 675 108 22 12 5 15 0 0 16 438 406 139 10 15 0 27 318 478 166 12 8 15 
0 16 478 227 31 39 128 105 0 0 0 73 423 276 81 171 0 0 17 311 410 34 75 177 
0 26 230 230 52 61 268 157 0 0 15 34 251 292 163 269 0 13 24 85 380 64 83 375 
0 116 440 172 32 43 168 53 0 0 133 331 279 62 133 86 0 13 225 262 226 61 70 167 
0 164 622 171 9 29 29 0 0 0 90 394 418 74 44 4 0 36 240 498 184 13 27 26 
4 213 504 285 16 2 0 0 0 42 160 158 386 272 6 0 0 67 212 353 357 35 0 0 
47 423 491 57 6 0 0 0 12 178 111 364 301 58 0 0 21 217 311 367 107 1 0 0 
116 295 490 110 13 0 0 0 11 256 21 45 374 304 13 0 11 253 46 272 396 46 0 0 
124 170 298 408 24 0 0 0 45 199 39 125 382 229 5 0 18 228 86 207 422 63 0 0 
55 264 615 79 10 1 0 0 23 90 20 210 550 128 3 0 1 109 196 550 157 10 1 0 
0 111 683 229 1 0 0 0 0 0 9 57 501 434 23 0 0 1 50 465 471 37 0 0 
25 537 323 134 5 0 0 0 0 24 387 297 211 101 4 0 2 277 330 225 174 16 0 0 
0 684 263 69 8 0 0 0 0 188 517 216 93 10 0 0 33 585 233 149 24 0 0 0 
12 753 226 32 1 0 0 0 0 226 519 198 68 13 0 0 56 625 242 85 16 0 0 0 
25 666 294 38 1 0 0 0 0 108 464 327 117 8 0 0 27 489 336 149 23 0 0 0 
6 442 447 74 35 8 9 3 0 47 226 461 235 41 10 4 3 183 410 324 76 15 10 3 
20 635 349 20 0 0 0 0 0 146 450 328 97 3 0 0 44 418 369 177 16 0 0 0 
23 656 310 35 0 0 0 0 0 119 531 324 50 0 0 0 31 532 357 103 1 0 0 0 
16 386 310 226 74 11 1 0 0 209 265 317 195 34 4 0 60 273 261 286 127 14 3 0 
1 99 292 383 192 45 12 0 0 42 191 385 298 86 18 4 0 71 219 385 258 73 18 0 
4 242 238 246 112 80 101 1 0 108 295 215 198 63 144 1 2 234 211 204 176 57 139 1 
0 583 214 53 8 29 131 6 0 375 376 88 22 29 128 6 73 610 98 64 17 32 124 6 
0 1009 15 0 0 0 0 0 0 651 368 5 0 0 0 0 194 828 2 0 0 0 0 0 
3 704 309 8 0 0 0 0 0 124 738 148 13 1 0 0 35 618 308 62 1 0 0 0 
17 826 131 50 0 0 0 0 0 627 256 70 60 11 0 0 280 571 81 51 40 1 0 0 
0 600 271 152 1 0 0 0 0 435 318 232 39 0 0 0 176 472 198 165 13 0 0 0 
3 200 496 300 25 0 0 0 0 51 396 344 214 19 0 0 18 239 384 256 127 0 0 0 
0 444 437 137 6 0 0 0 0 6 499 387 126 6 0 0 1 454 380 111 78 0 0 0 
1 488 487 47 1 0 0 0 0 263 166 250 253 92 0 0 51 362 269 231 108 3 0 0 
3 774 232 15 0 0 0 0 0 105 549 283 83 4 0 0 51 639 254 75 5 0 0 0 
1 391 514 118 0 0 0 0 0 0 176 396 328 124 0 0 0 177 358 320 169 0 0 0 
0 0 5 40 145 131 325 378 0 0 3 32 122 143 185 539 0 0 2 28 121 138 185 550 
0 0 0 21 64 84 365 490 0 0 0 19 56 79 221 649 0 0 0 22 57 82 242 621 
0 125 40 36 71 57 218 477 0 109 51 19 89 55 105 596 0 133 33 35 79 53 112 579 
0 179 96 87 113 230 188 131 0 141 130 72 86 217 230 148 0 159 114 62 81 178 182 248 
0 0 23 58 103 262 556 22 0 0 10 50 85 192 488 199 0 0 10 43 71 172 318 410 
0 15 151 181 197 194 195 91 0 7 97 180 220 181 231 108 0 12 75 162 237 157 237 144 
0 128 153 246 211 176 99 11 0 63 178 181 249 197 138 18 0 67 175 169 237 209 137 30 
1 265 358 127 56 83 129 5 0 181 386 146 73 77 144 17 0 271 331 130 61 73 127 31 
3 377 302 175 91 46 24 6 2 291 345 163 127 56 32 8 1 309 314 160 136 57 34 13 
1 323 375 177 57 46 39 6 0 179 487 160 103 38 47 10 0 198 465 164 100 33 53 11 
8 407 181 95 109 98 91 35 0 317 156 127 157 95 102 70 0 299 215 121 91 102 101 95 
0 83 230 167 134 144 172 94 0 24 63 129 237 243 149 179 0 7 129 180 206 166 137 199 
0 26 189 332 117 97 152 111 0 3 53 123 278 246 143 178 0 2 47 163 371 133 125 183 
3 152 227 212 117 58 134 121 0 75 155 234 204 90 94 172 4 113 139 241 169 88 75 195 
1 457 130 74 87 72 117 86 0 329 237 79 84 69 70 156 90 385 93 76 74 70 74 162 
8 478 134 63 76 70 119 76 0 200 336 134 75 69 96 114 48 421 138 67 59 72 83 136 
12 485 156 81 69 69 114 38 0 160 419 140 64 69 71 101 10 466 156 83 57 66 77 109 
8 574 153 58 46 47 77 61 0 332 351 103 48 44 41 105 122 493 117 52 46 44 39 111 
14 622 180 35 22 40 70 41 0 189 540 122 21 24 52 76 55 564 184 48 20 21 49 83 
16 626 138 93 42 12 76 21 0 545 182 102 78 15 43 59 332 330 110 94 42 14 34 68 
0 65 228 237 174 116 115 89 0 25 169 222 206 157 119 126 0 50 181 233 199 132 109 120 
0 26 94 158 194 120 389 43 0 13 163 181 148 31 465 23 0 51 199 177 83 29 476 9 
0 32 109 91 108 125 423 136 0 4 140 102 98 115 435 130 0 55 132 91 95 149 448 54 
0 736 235 22 12 10 6 3 0 623 352 22 13 6 8 0 96 850 34 20 13 5 6 0 
0 677 336 11 0 0 0 0 0 324 521 171 8 0 0 0 0 631 289 103 1 0 0 0 
1 383 414 126 49 31 10 10 0 90 286 324 261 43 10 10 14 282 340 268 96 11 13 0 
0 186 513 278 45 2 0 0 0 1 101 411 394 112 5 0 0 74 328 395 218 8 1 0 
0 345 487 183 9 0 0 0 0 202 446 160 164 52 0 0 4 518 233 161 102 6 0 0 
0 308 588 112 15 1 0 0 0 81 509 344 84 6 0 0 5 350 470 164 34 1 0 0 
4 313 596 104 4 3 0 0 0 26 358 301 257 82 0 0 1 261 388 267 106 1 0 0 
0 706 254 22 17 20 5 0 0 8 922 59 14 21 0 0 1 882 88 25 16 12 0 0 
0 822 181 21 0 0 0 0 0 537 348 105 34 0 0 0 191 656 117 53 7 0 0 0 
0 0 4 144 183 73 331 289 0 0 0 0 8 117 325 574 0 0 0 3 17 308 172 524 
0 10 30 177 210 63 371 163 0 12 23 19 42 89 367 472 0 10 27 16 37 349 144 441 
0 217 46 222 243 86 180 30 0 215 46 27 73 61 419 183 0 226 37 32 65 380 122 162 
0 163 52 413 89 110 176 21 0 173 40 11 13 163 496 128 0 167 39 16 12 503 154 133 
0 0 4 471 85 135 324 5 0 0 0 14 14 145 634 217 0 0 0 7 30 549 162 276 
0 58 195 560 113 70 28 0 0 24 49 109 157 457 222 6 0 17 50 160 307 395 86 9 
8 213 468 254 44 29 8 0 0 54 181 86 148 501 53 1 0 96 173 127 384 219 19 6 
14 351 254 371 15 14 5 0 0 238 117 75 51 473 70 0 2 292 122 60 188 352 8 0 
25 475 205 222 45 22 23 7 6 307 201 104 122 224 50 10 3 400 174 106 113 196 18 14 
90 530 205 90 57 28 15 9 24 449 248 113 110 46 20 14 23 540 183 122 77 42 22 15 
216 296 95 96 116 112 58 35 130 360 92 87 103 117 73 62 107 356 111 71 99 96 104 80 
211 146 92 89 156 181 111 38 167 156 100 74 132 185 122 88 103 132 148 96 105 142 175 123 
256 140 92 75 119 169 101 72 213 147 105 76 99 164 99 121 135 157 155 88 89 120 149 131 
217 104 120 90 99 141 179 74 159 124 121 102 81 128 190 119 69 174 129 102 99 111 157 183 
171 168 118 103 108 185 86 85 125 168 125 109 98 172 115 112 61 158 178 106 99 122 167 133 
146 130 139 110 153 165 107 74 106 132 140 110 127 161 136 112 53 144 157 105 123 161 156 125 
190 112 130 120 135 147 107 83 151 118 119 123 112 163 113 125 81 154 123 132 109 151 121 153 
151 135 111 114 150 149 113 101 103 135 132 105 141 145 132 131 46 151 144 110 134 154 129 156 
129 116 126 114 100 188 166 85 86 123 127 123 99 156 183 127 32 150 128 130 100 129 192 163 
134 114 106 134 134 164 154 84 80 129 108 130 131 127 178 141 11 171 117 120 136 109 175 185 
85 120 142 124 103 162 202 86 62 121 137 109 113 136 193 153 15 136 134 110 126 119 179 205 
57 109 112 149 164 150 147 136 19 135 99 142 155 153 131 190 2 139 80 135 168 142 150 208 
40 101 96 153 187 158 150 139 8 127 92 145 174 162 142 174 4 100 91 153 159 182 143 192 
12 128 164 147 153 136 157 127 3 158 139 135 129 138 161 161 0 158 106 147 121 140 165 187 
8 181 168 138 129 136 170 94 2 169 172 142 114 126 164 135 1 198 120 152 95 129 160 169 
2 167 176 128 137 126 186 102 0 110 213 123 134 119 188 137 1 157 173 101 123 128 176 165 
2 214 228 137 95 153 145 50 0 43 217 243 151 117 171 82 0 137 241 134 117 111 174 110 
1 143 316 132 99 175 118 40 0 17 85 243 274 196 152 57 0 7 211 282 134 124 183 83 
0 168 251 199 77 151 152 26 0 56 214 152 176 183 191 52 0 161 156 133 196 120 189 69 
0 30 175 304 229 133 137 16 0 33 233 313 158 92 172 23 4 101 282 228 135 65 177 32 
0 58 271 298 245 106 40 6 0 64 300 305 197 119 34 5 1 179 348 191 194 77 31 3 
0 304 498 196 18 4 4 0 0 164 347 321 137 50 4 1 13 269 348 196 108 69 21 0 
0 0 156 864 4 0 0 0 0 0 0 0 4 719 301 0 0 0 0 2 666 356 0 0 
0 0 178 817 29 0 0 0 0 0 0 0 14 634 376 0 0 0 0 33 527 460 4 0 
0 0 233 740 51 0 0 0 0 0 0 0 27 577 420 0 0 0 0 42 481 501 0 0 
0 0 235 785 4 0 0 0 0 0 0 0 2 719 303 0 0 0 0 1 536 487 0 0 
0 0 199 819 6 0 0 0 0 0 0 0 0 783 240 1 0 0 0 0 597 426 1 0 
0 0 369 641 14 0 0 0 0 0 0 0 5 864 155 0 0 0 0 5 651 367 1 0 
0 13 553 437 21 0 0 0 0 0 0 0 24 848 152 0 0 0 0 8 771 238 7 0 
0 31 470 515 8 0 0 0 0 0 0 4 66 839 115 0 0 0 1 20 668 334 1 0 
4 91 594 307 23 5 0 0 0 0 22 79 446 438 39 0 0 8 23 180 582 218 13 0 
51 284 423 202 41 22 1 0 0 2 68 194 353 303 85 19 0 33 147 316 362 133 29 4 
384 182 165 101 70 57 58 7 333 125 136 137 106 77 81 29 273 224 144 115 93 77 86 12 
701 139 45 80 59 0 0 0 556 270 46 63 86 3 0 0 423 397 46 59 90 9 0 0 
626 196 84 89 29 0 0 0 471 333 63 103 54 0 0 0 358 442 57 103 64 0 0 0 
690 150 53 85 46 0 0 0 550 275 51 68 80 0 0 0 441 372 58 59 93 1 0 0 
615 206 54 83 65 1 0 0 428 380 52 73 88 3 0 0 242 555 55 64 103 5 0 0 
607 210 49 46 66 44 2 0 456 341 52 45 60 58 12 0 353 438 54 48 55 64 12 0 
657 167 53 69 68 10 0 0 576 233 59 65 70 21 0 0 451 350 62 57 78 26 0 0 
626 176 76 100 46 0 0 0 521 271 74 92 65 1 0 0 394 382 81 84 76 7 0 0 
572 200 73 99 73 7 0 0 454 299 84 86 87 14 0 0 309 431 84 85 93 22 0 0 
549 215 73 109 78 0 0 0 440 313 76 98 97 0 0 0 287 446 87 97 106 1 0 0 
524 263 76 116 45 0 0 0 508 267 85 112 52 0 0 0 444 321 91 111 57 0 0 0 
78 382 167 121 120 93 57 6 41 418 161 117 111 100 69 7 30 410 173 110 121 102 63 15 
217 466 160 165 16 0 0 0 96 563 162 166 37 0 0 0 45 586 166 170 57 0 0 0 
259 424 207 125 9 0 0 0 137 491 222 152 22 0 0 0 98 481 246 164 31 4 0 0 
151 454 299 111 9 0 0 0 65 474 315 149 20 1 0 0 47 444 322 173 33 5 0 0 
49 662 241 42 23 7 0 0 18 647 274 45 31 8 1 0 65 560 287 68 30 13 1 0 
9 434 312 144 64 34 17 10 1 378 334 155 85 38 17 16 7 329 329 186 95 42 22 14 
12 668 225 106 13 0 0 0 1 564 308 104 46 1 0 0 18 526 306 101 70 3 0 0 
2 514 273 126 58 31 17 3 1 451 316 123 74 33 20 6 25 428 298 138 75 39 15 6 
0 490 475 58 1 0 0 0 0 524 433 51 16 0 0 0 3 784 161 46 30 0 0 0 
0 16 266 604 128 10 0 0 0 54 618 287 64 1 0 0 0 439 453 116 16 0 0 0 
3 323 336 253 101 8 0 0 0 160 237 229 270 127 1 0 47 267 187 269 248 6 0 0 
0 10 807 207 0 0 0 0 0 0 0 0 28 985 11 0 0 0 0 73 922 29 0 0 
0 5 908 111 0 0 0 0 0 0 0 0 153 868 3 0 0 0 0 251 765 8 0 0 
0 0 915 109 0 0 0 0 0 0 0 0 135 889 0 0 0 0 0 177 845 2 0 0 
0 0 587 437 0 0 0 0 0 0 0 0 67 947 10 0 0 0 0 81 926 17 0 0 
0 4 667 350 3 0 0 0 0 0 0 0 9 990 25 0 0 0 0 19 968 37 0 0 
0 6 780 219 14 5 0 0 0 0 0 1 27 833 158 5 0 0 0 16 712 281 13 2 
0 39 608 334 38 5 0 0 0 0 0 0 62 703 251 8 0 0 0 25 573 405 20 1 
0 25 379 602 18 0 0 0 0 0 0 0 22 741 260 1 0 0 0 7 463 547 7 0 
0 6 271 422 255 64 6 0 0 0 0 9 209 555 237 14 0 0 2 33 384 455 140 10 
22 141 354 353 100 49 5 0 0 0 7 121 294 365 203 34 0 4 56 221 346 313 74 10 
233 208 141 148 81 119 88 6 103 262 72 104 125 143 162 53 30 305 95 110 140 142 162 40 
491 258 77 142 56 0 0 0 256 452 86 87 112 31 0 0 110 558 101 80 119 41 15 0 
480 292 74 117 56 4 1 0 317 415 77 76 98 38 3 0 175 505 103 65 98 57 20 1 
451 298 81 101 69 23 1 0 240 470 93 74 95 42 10 0 85 545 137 82 101 31 36 7 
357 360 109 95 70 29 4 0 163 509 107 90 90 44 19 2 57 540 151 89 97 63 23 4 
485 234 107 85 75 31 7 0 307 383 104 81 84 46 18 1 133 508 110 96 75 78 23 1 
517 193 102 124 42 37 4 5 317 366 80 126 80 36 13 6 129 506 103 103 110 37 30 6 
353 339 113 101 59 45 14 0 173 457 130 97 81 47 35 4 65 483 177 98 100 54 44 3 
373 300 111 98 69 56 16 1 178 441 116 105 84 58 38 4 76 473 162 94 96 74 40 9 
504 255 113 77 59 15 1 0 334 362 144 85 59 33 7 0 163 484 151 94 72 51 9 0 
404 430 74 58 41 16 1 0 446 354 84 60 45 33 2 0 405 377 88 66 48 31 9 0 
45 409 48 56 123 158 132 53 64 372 61 46 112 151 112 106 148 281 67 44 109 155 124 96 
180 420 121 84 82 79 42 16 211 359 121 79 90 92 60 12 167 326 164 86 102 98 68 13 
146 646 92 88 50 2 0 0 174 588 96 83 70 13 0 0 268 449 116 77 81 33 0 0 
77 772 52 57 57 9 0 0 109 711 67 49 58 30 0 0 252 548 74 51 43 53 3 0 
35 926 21 20 19 3 0 0 155 799 22 18 23 7 0 0 399 550 23 20 19 11 2 0 
1 610 105 46 72 107 70 13 1 652 68 42 66 101 76 18 97 573 60 43 68 103 72 8 
4 1011 9 0 0 0 0 0 16 1000 8 0 0 0 0 0 510 503 11 0 0 0 0 0 
0 722 111 39 62 75 15 0 0 771 66 35 52 75 25 0 145 647 53 39 60 72 8 0 
0 154 869 1 0 0 0 0 0 328 696 0 0 0 0 0 9 1009 6 0 0 0 0 0 
0 19 668 305 29 3 0 0 0 40 732 216 35 1 0 0 0 586 380 51 7 0 0 0 
0 469 412 120 20 3 0 0 0 466 251 131 172 4 0 0 90 534 191 175 34 0 0 0 
0 23 898 103 0 0 0 0 0 0 0 0 163 857 4 0 0 0 0 201 808 15 0 0 
0 16 765 230 13 0 0 0 0 0 0 0 69 943 12 0 0 0 0 153 813 57 1 0 
0 7 861 154 2 0 0 0 0 0 0 0 111 902 11 0 0 0 0 285 722 17 0 0 
0 7 779 238 0 0 0 0 0 0 0 0 145 879 0 0 0 0 0 266 758 0 0 0 
0 0 756 268 0 0 0 0 0 0 0 0 125 889 10 0 0 0 0 151 863 10 0 0 
0 56 619 345 4 0 0 0 0 0 0 0 161 809 54 0 0 0 0 100 806 118 0 0 
18 214 687 104 1 0 0 0 0 0 0 20 147 769 88 0 0 0 13 115 746 147 3 0 
3 175 650 193 3 0 0 0 0 0 0 0 87 860 77 0 0 0 0 85 751 186 2 0 
0 79 383 437 123 2 0 0 0 0 0 0 64 593 356 11 0 0 0 42 353 522 106 1 
0 53 355 467 137 12 0 0 0 0 2 25 257 490 234 16 0 0 9 125 413 403 71 3 
147 148 246 267 159 38 19 0 50 101 48 80 170 352 191 32 45 110 54 135 275 293 102 10 
463 181 160 113 71 35 1 0 240 316 148 95 116 99 10 0 121 374 147 136 123 76 46 1 
592 188 94 49 49 48 4 0 336 410 72 93 23 76 14 0 178 509 103 107 31 56 40 0 
567 195 80 126 50 6 0 0 351 371 95 83 102 21 1 0 209 457 125 94 84 49 6 0 
505 339 82 42 27 22 7 0 382 432 69 69 23 25 24 0 298 454 103 80 35 26 24 4 
712 188 45 27 15 29 8 0 680 204 53 27 12 26 21 1 507 347 63 40 17 22 25 3 
826 122 43 23 4 3 3 0 811 133 42 19 10 5 2 2 698 215 57 33 11 4 3 3 
806 174 31 13 0 0 0 0 678 300 32 14 0 0 0 0 626 328 44 24 2 0 0 0 
682 299 26 13 3 1 0 0 481 495 30 13 4 1 0 0 516 437 42 18 9 1 1 0 
697 314 10 3 0 0 0 0 667 345 9 3 0 0 0 0 713 295 11 4 1 0 0 0 
467 551 6 0 0 0 0 0 643 377 4 0 0 0 0 0 759 262 3 0 0 0 0 0 
182 625 15 17 70 76 36 3 316 489 16 15 63 79 39 7 521 287 14 20 65 77 38 2 
48 556 14 24 85 167 115 15 257 350 13 23 72 145 136 28 446 161 12 26 78 156 125 20 
0 1024 0 0 0 0 0 0 76 948 0 0 0 0 0 0 501 523 0 0 0 0 0 0 
0 1022 2 0 0 0 0 0 42 982 0 0 0 0 0 0 482 542 0 0 0 0 0 0 
13 1008 3 0 0 0 0 0 153 870 1 0 0 0 0 0 494 529 1 0 0 0 0 0 
0 613 125 41 80 117 47 1 19 665 60 35 69 113 58 5 222 486 41 41 75 110 46 3 
0 864 160 0 0 0 0 0 0 1021 3 0 0 0 0 0 260 764 0 0 0 0 0 0 
0 718 87 38 60 98 23 0 0 772 31 23 41 113 44 0 56 733 18 28 55 119 15 0 
2 175 214 330 247 44 12 0 1 122 105 166 343 269 18 0 13 143 114 243 368 131 12 0 
0 49 285 401 244 40 5 0 0 1 53 214 447 294 15 0 0 12 64 286 490 159 12 1 
0 22 403 403 141 52 3 0 0 0 26 181 491 318 8 0 0 0 48 321 517 133 5 0 
0 174 832 18 0 0 0 0 0 0 0 29 819 176 0 0 0 0 3 698 323 0 0 0 
1 314 703 6 0 0 0 0 0 0 0 46 663 315 0 0 0 0 29 573 420 2 0 0 
0 145 834 45 0 0 0 0 0 0 0 10 453 554 7 0 0 0 4 460 546 14 0 0 
3 281 706 34 0 0 0 0 0 0 0 4 524 496 0 0 0 0 6 628 390 0 0 0 
0 214 737 73 0 0 0 0 0 0 0 0 524 496 4 0 0 0 8 419 585 12 0 0 
0 11 641 336 35 1 0 0 0 0 0 0 146 807 70 1 0 0 0 21 715 274 14 0 
0 129 713 165 15 2 0 0 0 0 0 1 97 804 117 5 0 0 0 70 768 170 15 1 
8 294 616 102 4 0 0 0 0 0 0 0 128 789 102 5 0 0 0 105 715 195 9 0 
1 121 494 294 107 7 0 0 0 0 0 9 211 540 245 19 0 0 4 130 489 303 96 2 
0 45 351 493 133 2 0 0 0 0 0 1 39 627 349 8 0 0 0 5 271 631 116 1 
38 84 262 484 145 11 0 0 5 38 8 21 108 423 398 23 14 33 11 67 274 510 113 2 
37 51 59 190 463 220 4 0 19 55 31 47 456 295 117 4 22 51 30 290 459 166 6 0 
24 55 34 135 598 162 13 3 22 55 30 39 769 95 12 2 22 57 32 409 478 18 8 0 
233 540 75 83 91 2 0 0 314 466 70 29 143 2 0 0 461 328 63 132 40 0 0 0 
368 604 39 13 0 0 0 0 545 420 38 19 2 0 0 0 742 232 25 20 5 0 0 0 
539 485 0 0 0 0 0 0 778 246 0 0 0 0 0 0 903 121 0 0 0 0 0 0 
696 328 0 0 0 0 0 0 890 134 0 0 0 0 0 0 979 45 0 0 0 0 0 0 
402 622 0 0 0 0 0 0 425 599 0 0 0 0 0 0 878 146 0 0 0 0 0 0 
320 704 0 0 0 0 0 0 355 669 0 0 0 0 0 0 815 209 0 0 0 0 0 0 
424 600 0 0 0 0 0 0 550 474 0 0 0 0 0 0 819 205 0 0 0 0 0 0 
364 658 2 0 0 0 0 0 596 428 0 0 0 0 0 0 746 278 0 0 0 0 0 0 
312 527 20 27 49 64 24 1 480 358 18 25 43 66 31 3 660 180 18 28 44 69 22 3 
2 527 43 19 47 166 196 24 83 474 17 18 40 118 217 57 283 278 13 19 42 124 212 53 
0 1024 0 0 0 0 0 0 30 994 0 0 0 0 0 0 677 347 0 0 0 0 0 0 
0 1024 0 0 0 0 0 0 5 1019 0 0 0 0 0 0 352 672 0 0 0 0 0 0 
0 1017 7 0 0 0 0 0 17 1007 0 0 0 0 0 0 378 646 0 0 0 0 0 0 
0 550 106 85 106 117 60 0 2 535 81 55 110 138 96 7 113 463 59 62 121 124 79 3 
0 261 668 83 12 0 0 0 0 182 588 153 69 31 1 0 1 458 379 112 62 12 0 0 
0 201 503 203 105 12 0 0 0 233 392 259 133 7 0 0 16 400 298 258 52 0 0 0 
0 32 106 373 399 93 19 2 0 16 30 266 540 121 46 5 0 27 46 548 285 79 36 3 
0 0 23 270 398 257 70 6 0 0 5 272 488 175 73 11 0 0 14 514 301 120 66 9 
0 3 46 282 258 344 76 15 0 3 40 260 402 257 50 12 0 0 50 393 413 128 33 7 
0 518 498 8 0 0 0 0 0 0 1 502 518 3 0 0 0 0 222 708 94 0 0 0 
23 810 191 0 0 0 0 0 0 0 12 549 444 19 0 0 0 1 280 657 86 0 0 0 
12 366 609 35 2 0 0 0 0 0 0 75 788 158 3 0 0 0 22 679 308 13 2 0 
4 346 644 30 0 0 0 0 0 0 0 98 767 158 1 0 0 0 79 698 243 4 0 0 
13 549 457 5 0 0 0 0 0 0 0 135 813 76 0 0 0 0 87 805 132 0 0 0 
0 475 517 32 0 0 0 0 0 0 0 165 756 103 0 0 0 0 109 732 180 3 0 0 
0 198 780 46 0 0 0 0 0 0 0 1 362 634 27 0 0 0 0 201 746 77 0 0 
17 450 535 22 0 0 0 0 0 0 0 0 99 768 157 0 0 0 0 33 704 285 2 0 
1 105 635 259 23 1 0 0 0 0 0 0 36 776 211 1 0 0 0 13 568 411 32 0 
0 75 534 373 42 0 0 0 0 0 0 2 75 756 187 4 0 0 0 15 484 482 43 0 
0 29 429 515 51 0 0 0 0 0 0 0 34 623 357 10 0 0 0 6 294 627 97 0 
10 61 264 464 158 58 9 0 0 0 0 9 84 453 445 33 0 0 1 45 286 557 128 7 
93 220 154 240 179 123 15 0 108 159 88 76 102 302 175 14 127 159 75 82 199 297 81 4 
301 636 75 12 0 0 0 0 527 410 68 14 5 0 0 0 681 286 47 7 3 0 0 0 
392 632 0 0 0 0 0 0 691 333 0 0 0 0 0 0 889 135 0 0 0 0 0 0 
570 454 0 0 0 0 0 0 805 219 0 0 0 0 0 0 953 71 0 0 0 0 0 0 
563 461 0 0 0 0 0 0 862 162 0 0 0 0 0 0 958 66 0 0 0 0 0 0 
84 940 0 0 0 0 0 0 239 785 0 0 0 0 0 0 773 251 0 0 0 0 0 0 
101 923 0 0 0 0 0 0 355 669 0 0 0 0 0 0 833 191 0 0 0 0 0 0 
218 806 0 0 0 0 0 0 416 608 0 0 0 0 0 0 731 293 0 0 0 0 0 0 
234 789 1 0 0 0 0 0 420 604 0 0 0 0 0 0 637 387 0 0 0 0 0 0 
75 786 15 29 43 49 25 2 213 650 9 26 39 45 39 3 502 364 8 29 41 49 29 2 
9 376 135 16 43 231 208 6 39 229 232 33 36 151 274 30 101 211 194 29 40 161 270 18 
11 790 223 0 0 0 0 0 103 450 444 27 0 0 0 0 210 390 408 16 0 0 0 0 
22 759 225 18 0 0 0 0 51 485 441 43 4 0 0 0 148 491 348 33 4 0 0 0 
7 682 328 7 0 0 0 0 14 513 464 31 2 0 0 0 64 562 374 23 1 0 0 0 
0 378 359 170 70 23 17 7 0 253 335 196 127 84 18 11 1 329 272 216 123 59 17 7 
3 49 179 349 205 167 64 8 0 5 82 253 328 250 88 18 0 6 111 287 341 183 78 18 
0 5 91 182 251 333 141 21 0 2 80 212 321 239 136 34 0 3 112 303 282 161 131 32 
0 0 3 56 562 303 90 10 0 0 1 100 575 238 96 14 0 0 4 423 323 180 85 9 
0 0 0 47 435 470 65 7 0 0 0 64 606 309 40 5 0 0 11 373 492 129 14 5 
0 0 0 102 327 419 121 55 0 0 0 67 516 326 85 30 0 0 2 370 446 134 69 3 
35 791 194 4 0 0 0 0 0 0 10 702 309 3 0 0 0 10 774 237 3 0 0 0 
9 851 164 0 0 0 0 0 0 0 3 512 505 4 0 0 0 0 399 618 7 0 0 0 
4 680 331 9 0 0 0 0 0 0 8 439 550 27 0 0 0 0 312 663 46 3 0 0 
0 721 299 4 0 0 0 0 0 0 5 362 651 5 1 0 0 0 343 669 12 0 0 0 
10 375 550 79 7 3 0 0 0 0 0 25 814 172 10 3 0 0 64 709 218 25 8 0 
4 603 315 69 29 4 0 0 0 0 0 355 545 86 34 4 0 3 335 508 110 54 13 1 
33 384 470 137 0 0 0 0 0 0 0 43 578 370 33 0 0 0 19 386 438 181 0 0 
12 499 437 76 0 0 0 0 0 0 0 0 143 797 84 0 0 0 0 53 695 275 1 0 
36 261 586 141 0 0 0 0 0 0 0 0 55 819 150 0 0 0 0 29 511 468 16 0 
19 340 457 165 42 1 0 0 0 0 0 0 39 720 256 9 0 0 0 7 484 465 67 1 
0 64 605 335 20 0 0 0 0 0 0 0 39 666 313 6 0 0 0 8 358 597 61 0 
0 65 383 494 80 2 0 0 0 0 0 2 68 492 445 17 0 0 0 29 212 634 148 1 
0 41 421 487 74 1 0 0 0 0 0 3 53 516 440 12 0 0 0 18 305 616 85 0 
58 240 270 333 107 13 3 0 10 197 48 92 195 326 133 23 107 109 53 135 270 272 62 16 
117 813 59 28 6 1 0 0 190 700 72 29 20 12 1 0 574 363 39 26 16 5 1 0 
175 763 57 24 5 0 0 0 324 614 50 28 8 0 0 0 638 308 39 28 11 0 0 0 
171 853 0 0 0 0 0 0 386 638 0 0 0 0 0 0 669 355 0 0 0 0 0 0 
15 1009 0 0 0 0 0 0 110 914 0 0 0 0 0 0 574 450 0 0 0 0 0 0 
33 989 2 0 0 0 0 0 103 921 0 0 0 0 0 0 474 550 0 0 0 0 0 0 
270 754 0 0 0 0 0 0 501 523 0 0 0 0 0 0 755 269 0 0 0 0 0 0 
241 783 0 0 0 0 0 0 493 531 0 0 0 0 0 0 721 303 0 0 0 0 0 0 
231 663 4 12 46 46 21 1 365 528 3 9 29 49 35 6 637 256 3 11 39 52 24 2 
0 274 183 39 50 239 229 10 0 0 331 145 47 156 314 31 0 0 297 176 49 170 310 22 
0 662 348 14 0 0 0 0 0 0 721 295 8 0 0 0 0 0 681 334 9 0 0 0 
0 441 493 81 9 0 0 0 0 0 646 341 34 3 0 0 0 0 659 331 31 3 0 0 
0 36 502 399 73 14 0 0 0 0 215 667 129 13 0 0 0 0 331 600 82 11 0 0 
0 1 75 339 554 55 0 0 0 0 39 336 605 44 0 0 0 0 69 580 365 10 0 0 
0 0 25 132 431 421 13 2 0 0 0 172 614 228 9 1 0 0 6 385 600 29 4 0 
0 0 0 8 254 749 13 0 0 0 0 18 565 441 0 0 0 0 1 135 873 15 0 0 
0 0 0 0 219 794 11 0 0 0 0 4 554 464 2 0 0 0 0 126 887 10 1 0 
0 0 0 0 171 789 42 22 0 0 0 2 470 516 24 12 0 0 0 159 792 45 23 5 
0 0 0 1 106 733 101 83 0 0 0 0 377 510 73 64 0 0 0 121 723 74 70 36 
125 398 469 32 0 0 0 0 0 0 58 451 500 15 0 0 0 117 327 511 69 0 0 0 
10 451 515 46 2 0 0 0 0 0 48 494 463 19 0 0 0 15 385 551 68 5 0 0 
3 908 113 0 0 0 0 0 0 0 9 921 94 0 0 0 0 59 817 148 0 0 0 0 
21 864 134 5 0 0 0 0 0 0 6 646 366 6 0 0 0 28 725 263 8 0 0 0 
310 664 50 0 0 0 0 0 0 0 110 689 223 2 0 0 3 276 605 135 5 0 0 0 
44 545 328 99 7 1 0 0 0 0 0 307 603 108 6 0 0 2 265 502 220 33 2 0 
5 342 605 69 3 0 0 0 0 0 0 23 679 315 7 0 0 0 2 321 648 50 3 0 
6 468 484 63 3 0 0 0 0 0 1 27 638 348 10 0 0 0 1 223 722 77 1 0 
46 528 377 73 0 0 0 0 0 0 0 6 377 615 26 0 0 0 2 175 720 126 1 0 
71 535 239 154 25 0 0 0 0 0 0 2 279 604 136 3 0 0 0 105 622 253 44 0 
52 512 361 89 9 1 0 0 0 0 0 11 213 688 109 3 0 0 1 79 630 296 17 1 
6 183 610 218 7 0 0 0 0 0 0 0 36 647 333 8 0 0 0 7 331 626 60 0 
0 95 536 371 22 0 0 0 0 0 0 0 24 635 359 6 0 0 0 5 276 649 94 0 
2 94 318 462 137 11 0 0 0 0 30 102 311 356 215 10 0 0 33 158 361 367 104 1 
52 143 211 365 206 43 4 0 25 113 62 80 252 355 126 11 52 100 57 128 345 262 76 4 
412 323 83 82 97 25 2 0 399 331 59 43 41 104 45 2 478 273 47 43 57 102 23 1 
492 472 60 0 0 0 0 0 542 309 172 1 0 0 0 0 539 391 93 1 0 0 0 0 
410 417 197 0 0 0 0 0 466 287 271 0 0 0 0 0 480 472 72 0 0 0 0 0 
287 500 237 0 0 0 0 0 319 402 303 0 0 0 0 0 375 563 86 0 0 0 0 0 
143 680 201 0 0 0 0 0 166 570 288 0 0 0 0 0 288 615 121 0 0 0 0 0 
36 771 217 0 0 0 0 0 89 634 301 0 0 0 0 0 195 662 167 0 0 0 0 0 
68 819 45 23 21 34 14 0 79 695 147 20 19 36 25 3 197 577 147 20 22 35 20 6 
10 119 473 174 91 99 57 1 3 16 89 280 209 281 140 6 1 16 73 369 297 144 121 3 
0 148 277 219 165 100 95 20 0 1 215 281 217 149 109 52 0 1 146 343 234 145 114 41 
0 90 304 337 126 56 45 66 0 0 201 468 181 59 51 64 0 0 167 511 176 71 48 51 
0 0 100 257 458 174 32 3 0 0 41 300 513 138 26 6 0 0 60 366 485 85 25 3 
0 0 4 112 496 411 1 0 0 0 4 108 701 211 0 0 0 0 10 233 743 38 0 0 
0 0 0 10 315 664 35 0 0 0 0 5 393 602 24 0 0 0 0 51 784 186 3 0 
0 0 0 1 323 677 23 0 0 0 0 0 279 670 74 1 0 0 0 19 720 269 16 0 
0 0 0 1 187 812 24 0 0 0 0 0 285 716 23 0 0 0 0 17 837 168 2 0 
0 0 0 1 136 812 73 2 0 0 0 3 300 676 43 2 0 0 0 20 833 153 18 0 
0 0 0 0 32 820 171 1 0 0 0 0 226 732 66 0 0 0 0 11 748 244 21 0 
3 846 175 0 0 0 0 0 0 0 1 883 140 0 0 0 0 2 804 215 3 0 0 0 
103 777 143 1 0 0 0 0 0 0 232 537 246 9 0 0 0 363 431 222 8 0 0 0 
63 957 4 0 0 0 0 0 0 0 81 938 5 0 0 0 0 476 548 0 0 0 0 0 
395 626 3 0 0 0 0 0 0 31 655 337 1 0 0 0 12 811 201 0 0 0 0 0 
294 708 22 0 0 0 0 0 0 2 235 749 38 0 0 0 20 297 652 55 0 0 0 0 
6 554 455 9 0 0 0 0 0 0 1 606 415 2 0 0 0 2 444 550 28 0 0 0 
27 690 304 3 0 0 0 0 0 0 6 549 448 21 0 0 0 44 561 380 38 1 0 0 
126 610 281 7 0 0 0 0 0 0 1 325 660 38 0 0 0 11 307 537 167 2 0 0 
49 529 365 77 4 0 0 0 0 0 0 25 433 510 56 0 0 0 15 317 494 191 7 0 
32 488 345 147 12 0 0 0 0 0 0 0 187 696 138 3 0 0 0 42 650 301 31 0 
25 293 571 125 10 0 0 0 0 0 0 4 151 706 159 4 0 0 0 90 547 366 21 0 
3 151 413 408 49 0 0 0 0 0 0 2 96 595 318 13 0 0 1 53 288 595 84 3 
0 60 361 523 80 0 0 0 0 0 0 0 8 604 406 6 0 0 0 0 197 733 94 0 
5 213 388 359 57 2 0 0 0 0 18 54 241 439 253 19 0 0 37 188 332 424 42 1 
13 228 399 266 103 15 0 0 0 0 22 70 290 480 153 9 0 0 34 126 480 313 68 3 
2 20 161 385 345 101 10 0 0 0 3 47 283 476 193 22 0 0 6 60 354 436 151 17 
3 358 300 199 131 31 2 0 0 0 296 160 265 220 75 8 0 0 188 304 310 169 48 5 
3 810 146 65 0 0 0 0 0 1 775 79 105 64 0 0 0 1 466 406 144 7 0 0 
0 926 92 6 0 0 0 0 0 0 884 133 7 0 0 0 0 0 290 708 26 0 0 0 
1 929 87 7 0 0 0 0 0 0 885 131 8 0 0 0 0 0 346 649 28 1 0 0 
0 941 81 2 0 0 0 0 0 0 942 80 2 0 0 0 0 0 498 521 5 0 0 0 
0 599 301 123 1 0 0 0 0 0 643 317 64 0 0 0 0 0 382 520 121 1 0 0 
0 182 432 390 18 1 1 0 0 0 168 621 229 5 1 0 0 0 92 551 374 5 2 0 
0 80 381 289 163 66 23 22 0 0 209 461 212 73 38 31 0 0 96 525 260 79 33 31 
0 0 33 240 432 186 96 37 0 0 17 254 437 171 92 53 0 0 16 312 403 153 92 48 
0 0 102 216 413 181 80 32 0 0 38 242 455 169 83 37 0 0 24 307 455 133 72 33 
0 0 0 33 402 471 94 24 0 0 0 29 496 388 84 27 0 0 0 71 629 233 71 20 
0 0 0 15 381 600 28 0 0 0 0 20 381 596 26 1 0 0 0 39 704 265 16 0 
0 0 3 132 626 260 3 0 0 0 0 7 336 615 65 1 0 0 0 34 595 378 17 0 
0 0 0 40 383 560 37 4 0 0 0 21 355 605 38 5 0 0 0 49 702 245 28 0 
0 0 0 5 281 648 85 5 0 0 0 0 170 770 78 6 0 0 0 0 474 502 47 1 
0 0 0 0 121 765 127 11 0 0 0 0 156 767 91 10 0 0 0 0 492 486 39 7 
59 770 157 35 3 0 0 0 0 0 154 768 94 8 0 0 0 171 692 123 35 3 0 0 
186 822 16 0 0 0 0 0 0 0 419 605 0 0 0 0 0 652 360 12 0 0 0 0 
235 755 27 7 0 0 0 0 0 0 640 373 11 0 0 0 1 788 209 19 7 0 0 0 
336 686 2 0 0 0 0 0 0 0 828 196 0 0 0 0 0 909 115 0 0 0 0 0 
353 658 13 0 0 0 0 0 0 6 884 133 1 0 0 0 5 889 130 0 0 0 0 0 
430 486 108 0 0 0 0 0 0 19 461 387 157 0 0 0 32 514 279 199 0 0 0 0 
1 779 244 0 0 0 0 0 0 0 68 864 92 0 0 0 0 36 878 110 0 0 0 0 
6 793 225 0 0 0 0 0 0 0 0 600 411 13 0 0 0 0 524 462 38 0 0 0 
10 629 320 59 6 0 0 0 0 0 0 22 626 361 15 0 0 0 2 462 455 102 3 0 
72 485 316 124 27 0 0 0 0 0 0 2 236 685 97 4 0 0 0 65 688 228 43 0 
23 301 636 62 2 0 0 0 0 0 0 0 36 834 152 2 0 0 0 8 444 559 13 0 
7 339 535 136 7 0 0 0 0 0 0 8 325 611 80 0 0 0 0 141 563 306 14 0 
12 559 440 13 0 0 0 0 0 0 0 0 270 736 18 0 0 0 0 100 859 62 3 0 
0 273 599 142 10 0 0 0 0 0 0 2 252 701 67 2 0 0 0 118 694 207 5 0 
1 227 530 232 32 2 0 0 0 0 0 9 298 598 116 3 0 0 1 149 608 255 11 0 
1 85 469 365 96 8 0 0 0 0 1 23 204 548 229 19 0 0 5 106 529 339 44 1 
12 78 276 436 197 25 0 0 0 0 0 4 119 490 371 40 0 0 3 78 377 447 118 1 
5 176 427 332 54 22 8 0 0 0 18 66 268 507 140 25 0 0 22 219 520 227 30 6 
6 599 245 133 38 2 1 0 0 0 510 180 190 121 20 3 0 0 275 490 193 58 7 1 
0 753 218 48 5 0 0 0 0 0 755 200 57 12 0 0 0 0 262 679 68 15 0 0 
0 630 295 51 10 10 17 11 0 0 717 236 32 5 15 19 0 0 338 599 47 6 14 20 
0 287 525 210 2 0 0 0 0 0 361 620 43 0 0 0 0 0 171 735 118 0 0 0 
9 22 469 499 23 2 0 0 2 16 143 722 140 1 0 0 0 11 84 690 238 1 0 0 
0 42 239 477 228 28 10 0 0 1 181 514 301 23 4 0 0 0 143 571 288 18 4 0 
0 2 69 317 423 156 23 34 0 0 37 370 466 97 19 35 0 0 40 458 450 26 33 17 
0 0 16 55 463 379 94 17 0 0 3 79 613 227 87 15 0 0 1 199 636 119 66 3 
0 0 0 30 405 561 28 0 0 0 0 45 531 429 19 0 0 0 2 93 804 117 8 0 
0 0 0 26 366 562 39 31 0 0 0 21 474 474 21 34 0 0 0 72 775 134 10 33 
0 0 10 165 546 271 26 6 0 0 1 41 493 416 57 16 0 0 4 110 672 196 33 9 
0 0 8 125 513 284 74 20 0 0 0 23 342 529 109 21 0 0 1 74 562 303 76 8 
0 0 0 40 488 414 78 4 0 0 0 0 147 723 148 6 0 0 0 4 510 448 62 0 
0 0 0 8 355 617 43 1 0 0 0 0 227 707 87 3 0 0 0 1 539 443 40 1 
72 619 243 77 13 0 0 0 0 0 42 692 266 24 0 0 0 102 535 259 113 15 0 0 
139 877 8 0 0 0 0 0 0 0 393 629 2 0 0 0 0 639 385 0 0 0 0 0 
36 771 217 0 0 0 0 0 0 0 327 668 29 0 0 0 0 199 751 74 0 0 0 0 
208 789 27 0 0 0 0 0 0 0 572 450 2 0 0 0 0 563 443 18 0 0 0 0 
151 638 220 15 0 0 0 0 0 0 237 723 64 0 0 0 0 183 638 189 14 0 0 0 
361 646 17 0 0 0 0 0 0 23 578 420 3 0 0 0 32 638 351 3 0 0 0 0 
77 846 101 0 0 0 0 0 0 0 488 524 12 0 0 0 0 386 599 39 0 0 0 0 
189 650 171 14 0 0 0 0 0 0 142 811 71 0 0 0 0 93 641 264 26 0 0 0 
30 661 314 17 2 0 0 0 0 0 0 49 359 581 35 0 0 0 38 223 654 106 3 0 
39 438 443 99 5 0 0 0 0 0 0 55 461 466 41 1 0 0 7 250 562 195 10 0 
139 311 331 199 41 3 0 0 0 0 0 5 285 510 209 15 0 0 1 183 376 344 112 8 
17 157 465 335 49 1 0 0 0 0 0 2 126 476 402 18 0 0 0 38 261 562 154 9 
15 570 391 48 0 0 0 0 0 0 0 18 499 479 28 0 0 0 2 236 684 97 5 0 
6 559 399 54 6 0 0 0 0 0 0 11 581 392 36 4 0 0 3 257 694 60 10 0 
6 237 565 204 12 0 0 0 0 0 0 16 313 612 83 0 0 0 2 177 650 190 5 0 
18 217 558 214 14 3 0 0 0 0 0 32 271 561 152 8 0 1 33 198 545 227 20 0 
116 332 347 188 38 3 0 0 0 0 1 177 283 408 142 13 0 67 199 180 365 184 29 0 
16 153 396 357 96 6 0 0 0 0 0 24 217 518 251 14 0 0 32 197 496 258 39 2 
2 105 427 400 84 6 0 0 0 0 1 6 212 555 230 20 0 0 10 213 526 256 19 0 
1 129 485 354 54 1 0 0 0 1 59 91 234 494 139 6 0 1 76 401 427 117 2 0 
0 35 434 439 63 21 25 7 0 0 13 52 174 632 124 29 0 1 11 197 626 134 25 30 
3 167 508 307 16 9 14 0 0 0 9 243 201 524 38 9 0 0 36 336 579 49 17 7 
31 295 335 315 41 7 0 0 33 155 42 250 242 301 1 0 56 146 69 456 296 1 0 0 
0 249 234 206 223 96 16 0 1 120 60 151 342 349 1 0 54 92 107 384 365 22 0 0 
0 294 385 97 108 62 42 36 0 0 0 9 254 661 51 49 0 0 1 396 470 76 37 44 
0 83 384 129 172 148 74 34 0 0 0 0 330 561 99 34 0 0 0 150 599 167 84 24 
5 72 369 90 208 179 88 13 0 6 30 57 450 349 76 56 0 10 33 216 540 108 61 56 
5 66 255 209 295 147 43 4 0 6 53 79 323 473 79 11 0 3 68 127 555 211 51 9 
0 46 279 357 231 74 36 1 0 0 15 117 407 385 74 26 0 0 51 185 558 156 57 17 
0 14 236 99 159 218 169 129 0 0 0 0 140 538 198 148 0 0 0 85 381 262 193 103 
0 120 168 204 184 205 104 39 0 0 0 34 224 516 184 66 0 0 9 194 324 339 125 33 
0 0 153 310 355 195 11 0 0 0 1 21 242 619 137 4 0 0 3 61 407 475 77 1 
716 298 10 0 0 0 0 0 0 22 619 382 1 0 0 0 16 731 260 17 0 0 0 0 
649 375 0 0 0 0 0 0 0 4 697 323 0 0 0 0 5 921 98 0 0 0 0 0 
61 717 246 0 0 0 0 0 0 0 102 828 94 0 0 0 0 185 577 262 0 0 0 0 
156 793 75 0 0 0 0 0 0 0 342 663 19 0 0 0 0 372 583 69 0 0 0 0 
240 722 60 2 0 0 0 0 0 0 260 748 16 0 0 0 0 190 768 65 1 0 0 0 
558 450 16 0 0 0 0 0 0 60 660 288 16 0 0 0 5 648 344 27 0 0 0 0 
197 748 79 0 0 0 0 0 0 0 352 651 21 0 0 0 0 296 677 51 0 0 0 0 
254 754 16 0 0 0 0 0 0 0 244 733 47 0 0 0 0 184 743 97 0 0 0 0 
74 706 234 9 1 0 0 0 0 0 1 256 667 98 2 0 0 0 146 610 261 7 0 0 
73 696 248 7 0 0 0 0 0 0 0 54 810 160 0 0 0 0 43 725 255 1 0 0 
104 630 247 41 2 0 0 0 0 0 0 11 487 473 51 2 0 0 1 359 543 108 13 0 
68 209 311 276 143 17 0 0 0 0 0 5 228 401 348 42 0 0 1 144 239 363 251 26 
69 194 311 229 185 36 0 0 0 0 0 2 177 461 334 50 0 0 1 106 352 321 207 37 
59 463 385 105 12 0 0 0 0 0 0 84 561 321 54 4 0 0 26 413 463 109 13 0 
19 402 469 127 7 0 0 0 0 0 0 14 512 433 64 1 0 0 27 380 476 136 5 0 
283 425 198 97 19 2 0 0 0 82 162 184 332 202 59 3 51 205 157 294 235 75 7 0 
495 451 61 14 3 0 0 0 0 79 181 518 215 25 6 0 69 383 469 84 17 2 0 0 
121 400 346 119 37 1 0 0 0 0 4 126 521 301 68 4 0 30 236 479 221 55 3 0 
36 244 313 235 89 59 45 3 0 0 7 85 327 358 153 94 0 8 102 358 315 139 80 22 
8 175 503 258 49 17 12 2 0 0 0 14 223 569 187 31 0 0 21 253 519 197 28 6 
6 87 545 353 32 1 0 0 0 0 0 0 111 723 189 1 0 0 6 178 716 122 2 0 
9 53 482 428 52 0 0 0 0 0 0 38 74 614 295 3 0 0 27 94 584 218 101 0 
0 153 474 326 71 0 0 0 0 65 37 31 107 508 273 3 28 69 29 132 496 112 158 0 
3 82 432 376 76 40 13 2 1 49 43 20 116 529 256 10 28 63 22 96 417 328 68 2 
8 129 361 518 8 0 0 0 0 0 0 4 127 612 280 1 0 0 19 112 498 392 3 0 
0 21 648 354 1 0 0 0 0 0 0 0 329 539 156 0 0 0 0 217 575 232 0 0 
5 98 646 264 11 0 0 0 0 0 0 17 310 566 127 4 0 0 11 223 583 192 15 0 
21 125 729 149 0 0 0 0 0 25 64 74 309 531 21 0 0 33 81 308 558 44 0 0 
7 133 641 231 12 0 0 0 0 0 14 101 328 563 18 0 0 3 58 309 568 81 5 0 
0 84 571 342 25 2 0 0 0 0 0 7 377 607 33 0 0 0 0 256 636 127 5 0 
21 252 466 209 51 25 0 0 0 20 117 168 381 307 30 1 0 27 136 368 356 95 39 3 
0 9 404 540 66 5 0 0 0 0 0 66 499 441 18 0 0 0 10 137 705 167 5 0 
609 384 29 2 0 0 0 0 0 52 293 619 60 0 0 0 0 380 572 70 2 0 0 0 
414 482 121 7 0 0 0 0 0 25 269 586 142 2 0 0 31 375 481 135 2 0 0 0 
180 790 54 0 0 0 0 0 0 24 861 139 0 0 0 0 20 883 115 6 0 0 0 0 
44 603 334 43 0 0 0 0 0 0 341 571 108 4 0 0 1 264 414 276 61 8 0 0 
70 443 312 160 39 0 0 0 0 21 363 396 185 59 0 0 0 123 449 188 166 93 5 0 
493 421 89 19 2 0 0 0 0 110 764 124 23 3 0 0 20 702 189 92 19 2 0 0 
596 426 2 0 0 0 0 0 0 46 847 131 0 0 0 0 36 841 147 0 0 0 0 0 
530 438 55 1 0 0 0 0 0 35 412 487 88 2 0 0 20 435 409 150 10 0 0 0 
256 587 168 13 0 0 0 0 0 0 186 600 221 17 0 0 0 188 549 237 50 0 0 0 
461 469 88 6 0 0 0 0 0 3 202 444 349 26 0 0 6 237 428 312 41 0 0 0 
135 521 308 58 2 0 0 0 0 0 0 203 579 235 7 0 0 0 184 492 329 18 1 0 
192 417 270 102 40 3 0 0 0 0 12 143 481 319 64 5 0 1 93 389 368 132 40 1 
7 237 449 286 45 0 0 0 0 0 0 4 170 584 259 7 0 0 2 117 487 351 64 3 
31 285 375 252 58 20 3 0 0 0 0 61 223 470 238 32 0 0 47 216 449 252 57 3 
82 266 287 189 123 73 4 0 0 0 14 157 303 297 162 91 0 19 156 282 299 153 105 10 
165 446 269 115 25 4 0 0 0 0 22 306 478 184 33 1 0 64 347 378 190 43 2 0 
218 428 291 69 14 4 0 0 0 43 186 293 359 121 19 3 38 214 317 342 95 15 3 0 
116 269 417 193 27 2 0 0 0 0 28 142 402 384 64 4 0 45 171 411 349 44 4 0 
23 239 469 232 46 15 0 0 0 0 4 48 432 402 117 21 0 4 54 453 383 105 25 0 
32 313 538 115 17 9 0 0 0 0 0 62 458 430 65 9 0 1 96 487 367 62 11 0 
0 9 401 519 94 1 0 0 0 0 0 0 41 602 361 20 0 0 0 19 310 538 146 11 
0 0 195 797 32 0 0 0 0 0 0 0 1 438 584 1 0 0 0 0 31 745 248 0 
0 0 185 782 55 2 0 0 0 0 0 0 2 473 546 3 0 0 0 0 130 726 166 2 
1 51 319 611 42 0 0 0 0 0 0 2 79 471 471 1 0 0 1 55 206 669 93 0 
0 21 357 543 102 1 0 0 0 0 0 0 47 577 398 2 0 0 0 20 382 550 72 0 
0 1 337 658 28 0 0 0 0 0 0 0 46 672 306 0 0 0 0 15 382 615 12 0 
0 0 152 809 63 0 0 0 0 0 0 0 0 530 491 3 0 0 0 0 175 832 17 0 
0 0 438 586 0 0 0 0 0 0 0 0 0 742 282 0 0 0 0 0 356 667 1 0 
0 0 102 852 70 0 0 0 0 0 0 0 7 601 415 1 0 0 0 1 162 832 29 0 
0 57 253 669 45 0 0 0 0 0 0 0 57 556 410 1 0 0 0 63 215 679 67 0 
0 87 580 344 13 0 0 0 0 0 0 0 312 466 246 0 0 0 0 333 330 249 112 0 
6 254 533 221 10 0 0 0 0 0 0 86 617 303 18 0 0 0 74 446 351 152 1 0 
600 387 35 2 0 0 0 0 0 143 645 215 21 0 0 0 189 725 103 7 0 0 0 0 
294 564 164 2 0 0 0 0 0 2 371 567 84 0 0 0 9 474 471 70 0 0 0 0 
221 657 141 5 0 0 0 0 0 205 637 176 6 0 0 0 113 765 137 9 0 0 0 0 
324 595 99 6 0 0 0 0 0 335 475 197 17 0 0 0 263 526 196 37 2 0 0 0 
181 722 106 15 0 0 0 0 0 83 552 351 38 0 0 0 56 660 235 56 15 2 0 0 
561 434 26 3 0 0 0 0 1 434 508 78 3 0 0 0 394 558 63 4 3 2 0 0 
279 724 21 0 0 0 0 0 0 54 808 162 0 0 0 0 148 851 25 0 0 0 0 0 
252 671 82 19 0 0 0 0 0 91 726 159 41 7 0 0 129 693 114 65 21 2 0 0 
353 656 15 0 0 0 0 0 0 29 668 319 8 0 0 0 98 800 121 5 0 0 0 0 
294 673 52 5 0 0 0 0 0 14 430 504 70 6 0 0 62 585 340 33 4 0 0 0 
69 616 322 14 3 0 0 0 0 0 58 532 413 20 1 0 0 128 500 353 39 4 0 0 
81 506 308 98 27 4 0 0 0 7 98 388 386 126 18 1 0 4 162 464 284 93 15 2 
59 298 395 197 66 9 0 0 0 2 36 182 351 351 85 17 0 26 154 297 307 166 59 15 
12 283 279 170 112 105 63 0 0 0 26 246 254 207 165 126 0 73 203 207 201 162 144 34 
103 498 266 101 27 26 3 0 0 0 127 496 241 105 44 11 2 251 409 208 97 40 13 4 
109 756 149 10 0 0 0 0 0 0 135 769 109 11 0 0 1 299 650 65 9 0 0 0 
10 456 460 83 13 2 0 0 0 0 2 423 527 64 7 1 0 21 397 460 123 20 3 0 
7 255 575 165 22 0 0 0 0 0 0 214 590 204 16 0 0 0 152 427 376 68 1 0 
0 47 519 356 91 11 0 0 0 0 0 36 544 343 96 5 0 0 3 303 426 248 44 0 
0 90 507 336 91 0 0 0 0 0 1 56 385 475 107 0 0 1 13 192 400 349 69 0 
0 116 415 479 14 0 0 0 0 0 0 102 265 592 65 0 0 0 68 137 367 410 42 0 
0 101 634 278 11 0 0 0 0 0 0 27 514 456 27 0 0 0 5 226 550 236 7 0 
0 155 564 282 23 0 0 0 0 0 0 88 460 407 69 0 0 0 38 267 451 244 24 0 
7 398 557 62 0 0 0 0 0 0 5 191 542 279 7 0 0 8 175 423 374 44 0 0 
8 186 729 101 0 0 0 0 0 0 3 84 455 470 12 0 0 0 54 350 585 35 0 0 
10 203 601 204 6 0 0 0 0 0 6 128 402 459 29 0 0 6 78 300 535 102 3 0 
9 247 459 301 8 0 0 0 0 0 16 168 338 426 76 0 0 43 128 251 383 216 3 0 
2 233 528 249 12 0 0 0 0 0 1 221 258 469 75 0 0 34 201 183 438 160 8 0 
1 344 361 279 39 0 0 0 0 0 45 294 188 393 103 1 0 72 245 157 300 239 11 0 
0 135 536 342 11 0 0 0 0 0 3 190 208 573 50 0 0 1 110 218 485 210 0 0 
0 110 728 186 0 0 0 0 0 0 0 85 74 844 21 0 0 2 63 64 710 185 0 0 
0 70 501 414 39 0 0 0 0 0 0 73 131 716 104 0 0 0 50 70 401 461 42 0 
136 760 126 2 0 0 0 0 0 2 219 732 69 2 0 0 47 723 247 7 0 0 0 0 
124 685 188 27 0 0 0 0 0 4 380 463 150 27 0 0 35 611 305 70 3 0 0 0 
103 758 157 6 0 0 0 0 0 7 182 679 151 5 0 0 23 571 403 27 0 0 0 0 
141 736 145 2 0 0 0 0 0 31 311 622 60 0 0 0 58 652 304 10 0 0 0 0 
61 840 121 2 0 0 0 0 0 3 328 661 32 0 0 0 35 789 198 2 0 0 0 0 
115 812 97 0 0 0 0 0 0 16 261 707 40 0 0 0 59 790 169 6 0 0 0 0 
79 939 6 0 0 0 0 0 0 0 501 521 2 0 0 0 24 981 19 0 0 0 0 0 
93 906 25 0 0 0 0 0 0 9 378 636 1 0 0 0 39 920 65 0 0 0 0 0 
81 828 114 1 0 0 0 0 0 29 281 672 42 0 0 0 82 557 382 3 0 0 0 0 
30 732 235 22 4 1 0 0 0 1 88 746 169 19 1 0 2 377 559 78 7 1 0 0 
15 763 209 29 8 0 0 0 0 0 52 809 147 15 1 0 1 450 480 79 13 1 0 0 
17 666 233 90 18 0 0 0 0 0 45 755 218 6 0 0 0 361 585 78 0 0 0 0 
28 838 154 4 0 0 0 0 0 0 47 929 48 0 0 0 0 555 454 14 1 0 0 0 
115 868 40 1 0 0 0 0 0 0 374 631 19 0 0 0 3 810 204 7 0 0 0 0 
192 816 16 0 0 0 0 0 0 0 476 547 1 0 0 0 0 884 136 4 0 0 0 0 
20 785 207 12 0 0 0 0 0 0 38 817 165 4 0 0 0 171 702 143 8 0 0 0 
9 586 421 8 0 0 0 0 0 0 10 807 207 0 0 0 0 151 542 328 3 0 0 0 
8 678 338 0 0 0 0 0 0 0 17 887 120 0 0 0 0 164 666 194 0 0 0 0 
11 785 219 9 0 0 0 0 0 0 45 768 204 7 0 0 0 238 552 188 46 0 0 0 
52 818 154 0 0 0 0 0 0 0 156 770 98 0 0 0 0 366 499 159 0 0 0 0 
138 818 68 0 0 0 0 0 0 0 197 752 74 1 0 0 0 450 496 74 4 0 0 0 
71 777 114 62 0 0 0 0 0 0 129 695 124 74 2 0 2 238 566 103 96 19 0 0 
48 905 71 0 0 0 0 0 0 0 249 697 74 4 0 0 1 411 529 78 5 0 0 0 
33 764 227 0 0 0 0 0 0 0 143 633 248 0 0 0 0 361 450 195 18 0 0 0 
23 811 187 3 0 0 0 0 0 0 93 712 217 2 0 0 0 176 681 165 2 0 0 0 
13 856 152 3 0 0 0 0 0 0 91 697 236 0 0 0 0 160 683 181 0 0 0 0 
5 908 111 0 0 0 0 0 0 0 125 812 86 1 0 0 0 284 687 53 0 0 0 0 
21 930 71 2 0 0 0 0 0 0 305 668 50 1 0 0 0 590 391 42 1 0 0 0 
10 867 147 0 0 0 0 0 0 0 175 656 193 0 0 0 0 328 547 149 0 0 0 0 
15 903 106 0 0 0 0 0 0 0 156 743 124 1 0 0 0 296 648 79 1 0 0 0 
25 843 147 9 0 0 0 0 0 0 102 783 134 5 0 0 0 186 682 150 6 0 0 0 
7 751 262 4 0 0 0 0 0 0 77 785 162 0 0 0 0 156 635 232 1 0 0 0 
148 826 50 0 0 0 0 0 0 0 96 724 200 4 0 0 5 479 514 22 4 0 0 0 
35 662 303 23 1 0 0 0 0 0 9 378 589 47 1 0 0 41 604 357 22 0 0 0 
101 756 165 2 0 0 0 0 0 0 3 566 420 31 2 2 0 132 696 169 14 9 3 1 
73 828 109 10 4 0 0 0 0 0 48 751 214 8 3 0 0 461 467 88 5 2 1 0 
155 791 76 2 0 0 0 0 0 0 289 644 91 0 0 0 2 729 276 17 0 0 0 0 
83 872 69 0 0 0 0 0 0 0 63 849 112 0 0 0 0 528 468 28 0 0 0 0 
73 820 126 5 0 0 0 0 0 0 201 701 113 9 0 0 0 613 360 45 6 0 0 0 
160 817 47 0 0 0 0 0 0 0 430 567 27 0 0 0 37 620 366 1 0 0 0 0 
166 825 33 0 0 0 0 0 0 1 261 746 12 4 0 0 17 697 296 8 6 0 0 0 
99 854 71 0 0 0 0 0 0 0 219 762 31 6 6 0 1 744 245 16 8 4 6 0 
21 931 70 2 0 0 0 0 0 0 124 855 43 2 0 0 0 658 352 12 2 0 0 0 
41 937 46 0 0 0 0 0 0 0 73 924 26 1 0 0 0 616 395 12 1 0 0 0 
27 903 93 1 0 0 0 0 0 0 95 827 95 5 2 0 0 533 409 76 4 2 0 0 
110 851 63 0 0 0 0 0 0 0 219 792 13 0 0 0 2 627 384 11 0 0 0 0 
13 886 125 0 0 0 0 0 0 0 135 881 8 0 0 0 0 651 369 4 0 0 0 0 
37 932 55 0 0 0 0 0 0 0 109 896 19 0 0 0 0 582 437 5 0 0 0 0 
73 833 114 4 0 0 0 0 0 0 153 823 45 3 0 0 2 553 428 38 3 0 0 0 
49 941 34 0 0 0 0 0 0 0 136 847 38 3 0 0 0 515 493 15 1 0 0 0 
79 924 21 0 0 0 0 0 0 0 210 811 3 0 0 0 2 531 476 15 0 0 0 0 
60 795 167 2 0 0 0 0 0 0 207 532 274 11 0 0 0 378 365 270 11 0 0 0 
78 790 154 2 0 0 0 0 0 0 349 489 157 29 0 0 0 493 377 138 16 0 0 0 
58 730 230 6 0 0 0 0 0 0 244 565 201 14 0 0 2 417 381 195 29 0 0 0 
4 790 219 11 0 0 0 0 0 0 295 613 114 2 0 0 0 425 446 141 12 0 0 0 
100 814 101 9 0 0 0 0 0 0 290 671 60 3 0 0 1 547 381 85 10 0 0 0 
24 812 184 4 0 0 0 0 0 0 110 790 124 0 0 0 0 240 680 103 1 0 0 0 
23 920 81 0 0 0 0 0 0 0 177 774 73 0 0 0 0 324 635 65 0 0 0 0 
49 937 38 0 0 0 0 0 0 0 311 695 18 0 0 0 1 508 504 11 0 0 0 0 
65 939 20 0 0 0 0 0 0 0 224 781 19 0 0 0 0 542 477 5 0 0 0 0 
94 861 64 4 1 0 0 0 0 0 207 767 46 4 0 0 0 441 552 27 4 0 0 0 
53 935 34 2 0 0 0 0 0 0 172 822 29 1 0 0 0 576 427 18 3 0 0 0 
152 857 15 0 0 0 0 0 0 0 580 428 16 0 0 0 1 786 223 14 0 0 0 0 
147 749 127 1 0 0 0 0 0 0 387 608 29 0 0 0 0 467 471 86 0 0 0 0 
194 802 28 0 0 0 0 0 0 0 462 548 14 0 0 0 6 780 231 7 0 0 0 0 
28 853 142 1 0 0 0 0 0 0 12 896 116 0 0 0 0 90 891 43 0 0 0 0 
57 755 206 6 0 0 0 0 0 0 8 712 278 23 3 0 0 81 702 200 29 12 0 0 
56 733 218 15 2 0 0 0 0 0 0 558 421 33 11 1 0 25 629 321 34 11 4 0 
0 795 228 1 0 0 0 0 0 0 0 620 403 1 0 0 0 8 659 349 8 0 0 0 
1 418 523 82 0 0 0 0 0 0 3 402 560 53 6 0 0 2 322 421 266 7 6 0 
4 219 533 264 4 0 0 0 0 0 5 257 639 119 3 1 0 0 150 390 454 29 1 0 
2 364 397 248 13 0 0 0 0 0 1 462 374 169 18 0 0 23 372 222 319 82 6 0 
2 373 331 301 17 0 0 0 0 0 2 326 252 390 54 0 0 25 327 148 260 252 12 0 
9 448 473 88 6 0 0 0 0 0 4 255 523 227 15 0 0 4 253 397 300 66 4 0 
9 562 427 26 0 0 0 0 0 0 1 308 669 46 0 0 0 2 281 621 120 0 0 0 
5 579 365 59 15 1 0 0 0 0 10 450 465 83 15 1 0 43 417 399 139 24 2 0 
45 886 92 1 0 0 0 0 0 0 10 819 185 7 3 0 0 67 812 125 13 5 2 0 
61 690 262 11 0 0 0 0 0 0 110 482 389 42 1 0 0 130 456 368 69 1 0 0 
21 639 340 24 0 0 0 0 0 0 29 463 447 83 2 0 0 29 470 397 122 6 0 0 
14 752 253 5 0 0 0 0 0 0 4 483 527 10 0 0 0 4 498 508 14 0 0 0 
54 760 200 10 0 0 0 0 0 0 17 441 477 85 4 0 0 8 426 478 103 9 0 0 
90 706 197 26 5 0 0 0 0 0 17 369 472 153 12 1 0 22 317 490 164 26 4 1 
108 735 161 19 1 0 0 0 0 0 44 529 399 36 15 1 0 50 505 398 47 16 8 0 
40 678 276 29 1 0 0 0 0 0 21 518 369 104 11 1 0 42 484 360 119 16 3 0 
25 434 475 82 8 0 0 0 0 0 17 353 391 231 32 0 0 24 220 430 307 43 0 0 
14 451 519 40 0 0 0 0 0 0 12 473 484 55 0 0 0 11 262 619 131 1 0 0 
4 403 566 51 0 0 0 0 0 0 19 484 500 21 0 0 0 2 281 669 72 0 0 0 
0 340 599 80 5 0 0 0 0 0 4 325 518 173 4 0 0 4 261 487 261 11 0 0 
2 421 529 70 2 0 0 0 0 0 1 185 558 266 14 0 0 4 141 461 370 48 0 0 
3 447 455 114 5 0 0 0 0 0 0 357 403 250 14 0 0 1 355 253 346 69 0 0 
48 463 383 125 5 0 0 0 0 0 34 311 414 257 8 0 0 89 283 264 337 51 0 0 
81 549 375 18 1 0 0 0 0 0 100 406 339 169 10 0 1 256 263 272 219 13 0 0 
173 598 239 14 0 0 0 0 0 0 292 249 280 186 15 2 2 448 112 242 193 22 5 0 
63 745 196 19 1 0 0 0 0 0 199 396 351 75 3 0 1 293 241 389 92 7 1 0 
125 615 281 3 0 0 0 0 0 0 229 536 259 0 0 0 1 314 390 314 5 0 0 0 
94 856 72 2 0 0 0 0 0 0 216 744 62 2 0 0 0 277 673 68 5 1 0 0 
9 785 219 11 0 0 0 0 0 0 46 796 178 4 0 0 0 179 651 188 6 0 0 0 
181 765 72 6 0 0 0 0 0 0 192 742 67 17 6 0 0 278 655 54 22 10 5 0 
34 846 144 0 0 0 0 0 0 0 12 814 198 0 0 0 0 90 763 171 0 0 0 0 
13 761 240 10 0 0 0 0 0 0 3 598 407 16 0 0 0 6 555 431 31 1 0 0 
12 513 487 10 2 0 0 0 0 0 7 282 692 40 3 0 0 9 172 739 100 4 0 0 
0 297 682 43 2 0 0 0 0 0 0 194 795 34 1 0 0 0 14 718 290 2 0 0 
0 199 732 93 0 0 0 0 0 0 4 287 650 83 0 0 0 0 33 584 391 16 0 0 
1 363 474 168 18 0 0 0 0 0 12 405 354 233 20 0 0 0 211 313 323 163 14 0 
1 294 434 277 18 0 0 0 0 0 0 221 396 370 37 0 0 0 144 322 274 266 18 0 
1 321 615 84 3 0 0 0 0 0 0 29 564 416 15 0 0 0 1 306 604 113 0 0 
0 327 606 91 0 0 0 0 0 0 0 16 583 420 5 0 0 0 0 416 551 57 0 0 
7 189 695 120 12 1 0 0 0 0 6 91 579 331 17 0 0 1 23 375 573 48 4 0 
21 473 490 38 2 0 0 0 0 0 17 446 451 86 18 6 0 5 340 444 191 29 14 1 
28 785 207 4 0 0 0 0 0 0 74 762 180 7 1 0 0 69 736 211 8 0 0 0 
74 783 165 2 0 0 0 0 0 0 55 862 103 3 1 0 0 69 802 149 3 1 0 0 
51 780 190 3 0 0 0 0 0 0 17 658 337 12 0 0 0 10 473 481 58 2 0 0 
79 757 184 4 0 0 0 0 0 3 82 654 277 8 0 0 1 52 628 332 11 0 0 0 
46 743 222 10 3 0 0 0 0 0 17 595 390 20 2 0 0 16 512 465 18 13 0 0 
60 633 324 7 0 0 0 0 0 0 31 610 365 17 1 0 0 37 562 399 22 4 0 0 
23 766 230 5 0 0 0 0 0 0 7 673 339 5 0 0 0 61 675 280 8 0 0 0 
22 737 236 20 4 5 0 0 0 0 17 676 312 11 6 2 0 40 590 351 34 5 4 0 
31 729 252 12 0 0 0 0 0 0 15 644 344 21 0 0 0 28 597 348 51 0 0 0 
60 650 292 21 1 0 0 0 0 0 24 642 315 42 1 0 0 40 555 350 73 6 0 0 
66 762 191 5 0 0 0 0 0 0 47 679 273 23 2 0 0 80 666 241 32 4 1 0 
158 621 234 11 0 0 0 0 0 0 25 455 492 35 12 5 0 59 400 493 48 13 10 1 
9 650 355 10 0 0 0 0 0 0 1 279 670 74 0 0 0 0 200 650 172 2 0 0 
13 650 320 41 0 0 0 0 0 0 2 381 490 150 1 0 0 7 315 470 227 5 0 0 
42 537 414 31 0 0 0 0 0 0 4 149 629 238 4 0 0 2 117 561 330 14 0 0 
9 490 509 15 1 0 0 0 0 0 0 50 787 186 1 0 0 0 18 602 396 8 0 0 
11 390 592 31 0 0 0 0 0 0 0 47 678 298 1 0 0 0 27 569 421 7 0 0 
4 317 599 104 0 0 0 0 0 0 0 48 717 259 0 0 0 0 24 586 403 11 0 0 
8 310 604 76 20 6 0 0 0 0 0 45 668 283 24 4 0 0 47 481 457 31 8 0 
