0 0 0 0 0 0 0 1024 0 0 0 0 0 0 0 1024 0 0 0 0 0 0 0 1024 
0 0 0 0 0 0 0 1024 0 0 0 0 0 0 0 1024 0 0 0 0 0 0 0 1024 
0 0 0 0 0 0 0 1024 0 0 0 0 0 0 0 1024 0 0 0 0 0 0 0 1024 
0 0 0 0 0 0 0 1024 0 0 0 0 0 0 0 1024 0 0 0 0 0 0 155 869 
0 0 0 0 0 0 0 1024 0 0 0 0 0 0 149 875 0 0 0 0 0 0 841 183 
0 0 0 0 0 0 0 1024 0 0 0 0 0 0 576 448 0 0 0 0 0 0 876 148 
0 0 0 0 0 0 0 1024 0 0 0 0 0 0 496 528 0 0 0 0 0 0 651 373 
0 0 0 0 0 0 0 1024 0 0 0 0 0 0 490 534 0 0 0 0 0 0 602 422 
0 0 0 0 0 0 0 1024 0 0 0 0 0 0 485 539 0 0 0 0 0 0 587 437 
0 0 0 0 0 0 0 1024 0 0 0 0 0 0 624 400 0 0 0 0 0 0 738 286 
0 0 0 0 0 0 0 1024 0 0 0 0 0 0 848 176 0 0 0 0 0 0 944 80 
0 0 0 0 0 0 0 1024 0 0 0 0 0 0 1019 5 0 0 0 0 0 0 1024 0 
0 0 0 0 0 0 0 1024 0 0 0 0 0 0 1024 0 0 0 0 0 0 0 1024 0 
0 0 0 0 0 0 0 1024 0 0 0 0 0 0 1024 0 0 0 0 0 0 0 1024 0 
0 0 0 0 0 0 0 1024 0 0 0 0 0 0 1024 0 0 0 0 0 0 0 1024 0 
0 0 0 0 0 0 0 1024 0 0 0 0 0 0 1024 0 0 0 0 0 0 0 1024 0 
0 0 0 0 0 0 16 1008 0 0 0 0 0 0 1024 0 0 0 0 0 0 0 1024 0 
0 0 0 0 0 0 0 1024 0 0 0 0 0 0 1024 0 0 0 0 0 0 0 1024 0 
0 0 0 0 0 0 576 448 0 0 0 0 0 0 1024 0 0 0 0 0 0 0 1024 0 
0 0 0 0 0 0 704 320 0 0 0 0 0 0 1024 0 0 0 0 0 0 0 1024 0 
0 0 0 0 0 0 640 384 0 0 0 0 0 0 1024 0 0 0 0 0 0 384 640 0 
0 0 0 0 0 0 554 470 0 0 0 0 0 0 1024 0 0 0 0 0 0 712 312 0 
0 0 0 0 0 0 832 192 0 0 0 0 0 0 1024 0 0 0 0 0 0 896 128 0 
0 0 0 0 0 0 896 128 0 0 0 0 0 0 1024 0 0 0 0 0 0 960 64 0 
0 0 0 0 0 0 848 176 0 0 0 0 0 0 1024 0 0 0 0 0 0 1024 0 0 
0 0 0 0 0 0 320 704 0 0 0 0 0 0 1024 0 0 0 0 0 0 896 128 0 
0 0 0 0 0 0 704 320 0 0 0 0 0 0 1024 0 0 0 0 0 0 896 128 0 
0 0 0 0 0 0 768 256 0 0 0 0 0 0 1024 0 0 0 0 0 0 960 64 0 
0 0 0 0 0 0 368 656 0 0 0 0 0 0 1024 0 0 0 0 0 0 640 384 0 
0 0 0 0 0 0 320 704 0 0 0 0 0 0 1024 0 0 0 0 0 0 896 128 0 
0 0 0 0 0 0 896 128 0 0 0 0 0 0 1024 0 0 0 0 0 0 896 128 0 
0 0 0 0 0 0 1024 0 0 0 0 0 0 0 1024 0 0 0 0 0 0 992 32 0 
0 0 0 0 0 0 768 256 0 0 0 0 0 0 1024 0 0 0 0 0 0 992 32 0 
0 0 0 0 0 0 758 266 0 0 0 0 0 0 1024 0 0 0 0 0 0 882 142 0 
0 0 0 0 0 0 320 704 0 0 0 0 0 0 1024 0 0 0 0 0 0 384 640 0 
0 0 0 0 0 0 0 1024 0 0 0 0 0 0 1024 0 0 0 0 0 0 0 1024 0 
0 0 0 0 0 0 0 1024 0 0 0 0 0 0 1024 0 0 0 0 0 0 0 1024 0 
0 0 0 0 0 0 0 1024 0 0 0 0 0 0 782 242 0 0 0 0 0 0 995 29 
0 0 0 0 0 0 0 1024 0 0 0 0 0 0 298 726 0 0 0 0 0 0 826 198 
0 0 0 0 0 0 0 1024 0 0 0 0 0 0 64 960 0 0 0 0 0 0 354 670 
0 0 0 0 0 0 0 1024 0 0 0 0 0 0 0 1024 0 0 0 0 0 0 0 1024 
0 0 0 0 0 0 0 1024 0 0 0 0 0 0 0 1024 0 0 0 0 0 0 0 1024 
0 0 0 0 0 0 0 1024 0 0 0 0 0 0 0 1024 0 0 0 0 0 0 0 1024 
0 0 0 0 0 0 0 1024 0 0 0 0 0 0 0 1024 0 0 0 0 0 0 0 1024 
0 0 0 0 0 0 0 1024 0 0 0 0 0 0 0 1024 0 0 0 0 0 0 0 1024 
0 0 0 0 0 0 0 1024 0 0 0 0 0 0 0 1024 0 0 0 0 0 0 0 1024 
0 0 0 0 0 0 0 1024 0 0 0 0 0 0 0 1024 0 0 0 0 0 0 0 1024 
0 0 0 0 0 0 0 1024 0 0 0 0 0 0 0 1024 0 0 0 0 0 0 0 1024 
0 0 0 0 0 0 0 1024 0 0 0 0 0 0 0 1024 0 0 0 0 0 0 0 1024 
0 0 0 0 0 0 0 1024 0 0 0 0 0 0 0 1024 0 0 0 0 0 0 0 1024 
0 0 0 0 0 0 0 1024 0 0 0 0 0 0 0 1024 0 0 0 0 0 0 457 567 
0 0 0 0 0 0 0 1024 0 0 0 0 0 0 640 384 0 0 0 0 0 0 1024 0 
0 0 0 0 0 0 0 1024 0 0 0 0 0 0 1024 0 0 0 0 0 0 0 1024 0 
0 0 0 0 0 0 0 1024 0 0 0 0 0 0 1024 0 0 0 0 0 0 0 1024 0 
0 0 0 0 0 0 0 1024 0 0 0 0 0 0 1024 0 0 0 0 0 0 0 1024 0 
0 0 0 0 0 0 0 1024 0 0 0 0 0 0 1024 0 0 0 0 0 0 0 1024 0 
0 0 0 0 0 0 0 1024 0 0 0 0 0 0 1024 0 0 0 0 0 0 0 1024 0 
0 0 0 0 0 0 128 896 0 0 0 0 0 0 1024 0 0 0 0 0 0 0 1024 0 
0 0 0 0 0 0 272 752 0 0 0 0 0 0 1024 0 0 0 0 0 0 0 1024 0 
0 0 0 0 0 0 320 704 0 0 0 0 0 0 1024 0 0 0 0 0 0 0 1024 0 
0 0 0 0 0 0 408 616 0 0 0 0 0 0 1024 0 0 0 0 0 0 0 1024 0 
0 0 0 0 0 0 320 704 0 0 0 0 0 0 1024 0 0 0 0 0 0 64 960 0 
0 0 0 0 0 0 184 840 0 0 0 0 0 0 1024 0 0 0 0 0 0 8 1016 0 
0 0 0 0 0 0 392 632 0 0 0 0 0 0 1024 0 0 0 0 0 0 320 704 0 
0 0 0 0 0 0 568 456 0 0 0 0 0 0 1024 0 0 0 0 0 0 320 704 0 
0 0 0 0 0 0 832 192 0 0 0 0 0 0 1024 0 0 0 0 0 0 736 288 0 
0 0 0 0 0 0 320 704 0 0 0 0 0 0 1024 0 0 0 0 0 0 992 32 0 
0 0 0 0 0 0 0 1024 0 0 0 0 0 0 1024 0 0 0 0 0 0 960 64 0 
0 0 0 0 0 0 288 736 0 0 0 0 0 0 1024 0 0 0 0 0 0 1024 0 0 
0 0 0 0 0 0 896 128 0 0 0 0 0 0 1024 0 0 0 0 0 0 896 128 0 
0 0 0 0 0 0 272 752 0 0 0 0 0 0 1024 0 0 0 0 0 0 320 704 0 
0 0 0 0 0 0 208 816 0 0 0 0 0 0 1024 0 0 0 0 0 0 96 928 0 
0 0 0 0 0 0 152 872 0 0 0 0 0 0 1024 0 0 0 0 0 0 96 928 0 
0 0 0 0 0 0 176 848 0 0 0 0 0 0 1024 0 0 0 0 0 0 0 1024 0 
0 0 0 0 0 0 24 1000 0 0 0 0 0 0 1024 0 0 0 0 0 0 0 1024 0 
0 0 0 0 0 0 0 1024 0 0 0 0 0 0 1024 0 0 0 0 0 0 0 1024 0 
0 0 0 0 0 0 0 1024 0 0 0 0 0 0 1024 0 0 0 0 0 0 0 1024 0 
0 0 0 0 0 0 0 1024 0 0 0 0 0 0 919 105 0 0 0 0 0 0 1024 0 
0 0 0 0 0 0 0 1024 0 0 0 0 0 0 459 565 0 0 0 0 0 0 1000 24 
0 0 0 0 0 0 0 1024 0 0 0 0 0 0 0 1024 0 0 0 0 0 0 606 418 
0 0 0 0 0 0 0 1024 0 0 0 0 0 0 0 1024 0 0 0 0 0 0 0 1024 
0 0 0 0 0 0 0 1024 0 0 0 0 0 0 0 1024 0 0 0 0 0 0 0 1024 
0 0 0 0 0 0 0 1024 0 0 0 0 0 0 0 1024 0 0 0 0 0 0 0 1024 
0 0 0 0 0 0 0 1024 0 0 0 0 0 0 0 1024 0 0 0 0 0 0 0 1024 
0 0 0 0 0 0 0 1024 0 0 0 0 0 0 0 1024 0 0 0 0 0 0 0 1024 
0 0 0 0 0 0 0 1024 0 0 0 0 0 0 0 1024 0 0 0 0 0 0 0 1024 
0 0 0 0 0 0 0 1024 0 0 0 0 0 0 0 1024 0 0 0 0 0 0 0 1024 
0 0 0 0 0 0 0 1024 0 0 0 0 0 0 0 1024 0 0 0 0 0 0 0 1024 
0 0 0 0 0 7 21 996 0 0 0 0 0 7 21 996 0 0 0 0 1 11 25 987 
0 0 2 4 12 24 37 945 0 0 2 3 8 23 33 955 0 2 0 6 14 24 77 901 
0 0 0 0 0 0 0 1024 0 0 0 0 0 0 0 1024 0 0 0 0 0 0 58 966 
0 0 0 0 0 0 0 1024 0 0 0 0 0 0 276 748 0 0 0 0 0 0 952 72 
0 0 0 0 0 0 0 1024 0 0 0 0 0 0 1024 0 0 0 0 0 0 0 1024 0 
0 0 0 0 0 0 0 1024 0 0 0 0 0 0 1024 0 0 0 0 0 0 0 1024 0 
0 0 0 0 0 0 0 1024 0 0 0 0 0 0 1024 0 0 0 0 0 0 0 1024 0 
0 0 0 0 0 0 24 1000 0 0 0 0 0 0 1024 0 0 0 0 0 0 0 1024 0 
0 0 0 0 0 0 640 384 0 0 0 0 0 0 1024 0 0 0 0 0 0 0 1024 0 
0 0 0 0 0 0 480 544 0 0 0 0 0 0 1024 0 0 0 0 0 0 0 1024 0 
0 0 0 0 0 0 376 648 0 0 0 0 0 0 1024 0 0 0 0 0 0 0 1024 0 
0 0 0 0 0 0 224 800 0 0 0 0 0 0 1024 0 0 0 0 0 0 0 1024 0 
0 0 0 0 0 0 0 1024 0 0 0 0 0 0 1024 0 0 0 0 0 0 0 1024 0 
0 0 0 0 0 0 0 1024 0 0 0 0 0 0 1024 0 0 0 0 0 0 0 1024 0 
0 0 0 0 0 0 0 1024 0 0 0 0 0 0 1024 0 0 0 0 0 0 0 1024 0 
0 0 0 0 0 0 0 1024 0 0 0 0 0 0 1024 0 0 0 0 0 0 0 1024 0 
0 0 0 0 0 0 24 1000 0 0 0 0 0 0 1024 0 0 0 0 0 0 0 1024 0 
0 0 0 0 0 0 216 808 0 0 0 0 0 0 1024 0 0 0 0 0 0 248 776 0 
0 0 0 0 0 0 408 616 0 0 0 0 0 0 1024 0 0 0 0 0 0 480 544 0 
0 0 0 0 0 0 432 592 0 0 0 0 0 0 1024 0 0 0 0 0 0 840 184 0 
0 0 0 0 0 0 432 592 0 0 0 0 0 0 1024 0 0 0 0 0 0 864 160 0 
0 0 0 0 0 0 536 488 0 0 0 0 0 0 1024 0 0 0 0 0 0 448 576 0 
0 0 0 0 0 0 152 872 0 0 0 0 0 0 1024 0 0 0 0 0 0 96 928 0 
0 0 0 0 0 0 160 864 0 0 0 0 0 0 1024 0 0 0 0 0 0 32 992 0 
0 0 0 0 0 0 80 944 0 0 0 0 0 0 1024 0 0 0 0 0 0 0 1024 0 
0 0 0 0 0 0 16 1008 0 0 0 0 0 0 841 183 0 0 0 0 0 0 1024 0 
0 0 0 0 0 0 0 1024 0 0 0 0 0 0 575 449 0 0 0 0 0 0 865 159 
0 0 0 0 0 0 0 1024 0 0 0 0 0 0 453 571 0 0 0 0 0 0 616 408 
0 0 0 0 0 0 0 1024 0 0 0 0 0 0 382 642 0 0 0 0 0 0 559 465 
0 0 0 0 0 0 0 1024 0 0 0 0 0 0 102 922 0 0 0 0 0 0 346 678 
0 0 0 0 0 0 0 1024 0 0 0 0 0 0 0 1024 0 0 0 0 0 0 92 932 
0 0 0 0 0 0 0 1024 0 0 0 0 0 0 0 1024 0 0 0 0 0 0 16 1008 
38 104 314 123 16 10 11 408 19 63 337 139 24 13 11 418 17 87 328 140 15 15 13 409 
34 238 336 89 20 10 8 289 25 183 382 101 14 13 9 297 27 223 358 92 12 10 13 289 
112 243 384 108 10 8 14 145 81 200 434 120 7 10 12 160 94 236 419 91 13 9 16 146 
57 296 356 71 14 12 12 206 30 265 408 71 12 13 14 211 28 323 375 54 13 13 13 205 
35 253 193 76 15 7 15 430 26 165 260 90 24 11 11 437 34 211 249 60 19 11 18 422 
23 144 277 101 12 5 22 440 24 109 279 116 24 7 12 453 27 129 297 98 8 6 23 436 
20 149 298 92 18 13 15 419 2 102 334 106 28 5 20 427 9 137 324 90 16 15 15 418 
44 238 346 101 24 10 17 244 15 187 404 115 23 9 18 253 18 220 382 112 19 10 21 242 
222 469 111 31 19 35 65 72 142 503 143 29 27 24 75 81 202 446 152 33 20 37 77 57 
563 290 70 24 27 20 22 8 533 280 88 32 31 26 24 10 575 266 82 29 29 21 17 5 
160 360 219 51 11 13 10 200 159 347 221 58 9 16 14 200 199 344 202 46 13 10 50 160 
37 133 288 108 14 12 21 411 33 112 245 164 24 10 92 344 42 119 260 147 14 17 380 45 
39 150 248 58 7 17 19 486 34 112 254 86 10 16 447 65 63 123 242 67 14 17 484 14 
143 125 98 29 20 18 29 562 158 90 106 36 19 18 558 39 226 85 70 27 15 25 575 1 
9 83 194 85 18 16 72 547 4 83 189 91 18 16 591 32 9 103 199 65 23 18 607 0 
6 57 58 40 19 52 480 312 2 56 62 38 25 131 710 0 20 60 53 37 40 212 602 0 
1 11 20 21 22 74 624 251 0 5 18 26 27 131 817 0 4 17 22 25 52 229 675 0 
4 11 31 21 20 38 335 564 0 9 23 33 18 64 871 6 5 19 35 19 31 129 786 0 
1 28 100 33 7 21 57 777 0 7 85 67 7 20 813 25 1 23 106 34 15 20 825 0 
0 3 94 64 15 14 43 791 0 0 65 94 13 15 821 16 0 3 107 61 15 15 823 0 
0 5 43 22 9 8 39 898 0 3 15 46 13 9 920 18 0 4 44 26 10 27 912 1 
0 0 0 0 0 0 22 1002 0 0 0 0 0 0 1024 0 0 0 0 0 0 0 1024 0 
0 0 0 0 0 0 0 1024 0 0 0 0 0 0 1024 0 0 0 0 0 0 0 1024 0 
0 0 0 0 0 0 0 1024 0 0 0 0 0 0 1024 0 0 0 0 0 0 0 1024 0 
0 0 0 0 0 0 0 1024 0 0 0 0 0 0 1024 0 0 0 0 0 0 0 1024 0 
0 0 0 0 0 0 0 1024 0 0 0 0 0 0 1024 0 0 0 0 0 0 0 1024 0 
0 0 0 0 0 0 0 1024 0 0 0 0 0 0 1024 0 0 0 0 0 0 0 1024 0 
0 0 0 0 0 0 0 1024 0 0 0 0 0 0 1024 0 0 0 0 0 0 0 1024 0 
0 0 0 0 0 0 0 1024 0 0 0 0 0 0 932 92 0 0 0 0 0 0 1024 0 
0 0 0 0 0 0 0 1024 0 0 0 0 0 0 809 215 0 0 0 0 0 0 1014 10 
0 0 0 0 0 0 0 1024 0 0 0 0 0 0 640 384 0 0 0 0 0 0 960 64 
0 0 0 0 0 0 0 1024 0 0 0 0 0 0 552 472 0 0 0 0 0 0 797 227 
0 0 0 0 0 0 0 1024 0 0 0 0 0 0 311 713 0 0 0 0 0 0 602 422 
0 0 0 0 0 0 0 1024 0 0 0 0 0 0 0 1024 0 0 0 0 0 0 243 781 
0 0 0 0 0 0 0 1024 0 0 0 0 0 0 0 1024 0 0 0 0 0 0 7 1017 
0 0 0 0 0 0 0 1024 0 0 0 0 0 0 0 1024 0 0 0 0 0 0 0 1024 
0 0 0 0 0 0 0 1024 0 0 0 0 0 0 0 1024 0 0 0 0 0 0 0 1024 
0 0 0 0 0 0 0 1024 0 0 0 0 0 0 0 1024 0 0 0 0 0 0 0 1024 
0 0 0 0 0 0 0 1024 0 0 0 0 0 0 0 1024 0 0 0 0 0 0 0 1024 
0 0 0 0 0 0 0 1024 0 0 0 0 0 0 0 1024 0 0 0 0 0 0 0 1024 
32 285 130 535 42 0 0 0 32 246 173 475 98 0 0 0 61 243 140 412 168 0 0 0 
129 295 349 241 10 0 0 0 65 348 376 207 28 0 0 0 106 326 352 224 16 0 0 0 
127 345 406 146 0 0 0 0 122 313 483 106 0 0 0 0 154 314 463 93 0 0 0 0 
97 482 311 134 0 0 0 0 90 496 344 94 0 0 0 0 144 447 338 95 0 0 0 0 
351 517 149 7 0 0 0 0 423 494 104 3 0 0 0 0 486 441 93 4 0 0 0 0 
56 507 363 98 0 0 0 0 50 467 364 143 0 0 0 0 74 486 321 143 0 0 0 0 
204 607 210 3 0 0 0 0 267 608 147 2 0 0 0 0 296 591 136 1 0 0 0 0 
140 572 281 31 0 0 0 0 255 520 224 25 0 0 0 0 352 434 207 31 0 0 0 0 
399 272 315 38 0 0 0 0 435 231 314 44 0 0 0 0 468 188 293 75 0 0 0 0 
565 343 93 23 0 0 0 0 580 303 127 14 0 0 0 0 582 283 139 20 0 0 0 0 
123 363 402 134 2 0 0 0 140 315 442 122 5 0 0 0 163 289 438 131 3 0 0 0 
83 227 377 315 22 0 0 0 79 176 393 359 17 0 0 0 81 193 357 373 20 0 0 0 
106 253 239 359 67 0 0 0 95 219 274 380 56 0 0 0 144 168 263 387 62 0 0 0 
89 257 289 374 15 0 0 0 105 231 269 410 9 0 0 0 127 182 245 459 11 0 0 0 
23 362 301 316 22 0 0 0 20 370 253 348 33 0 0 0 28 367 252 345 32 0 0 0 
135 239 138 491 21 0 0 0 157 230 62 493 82 0 0 0 234 144 62 508 76 0 0 0 
102 306 184 421 11 0 0 0 137 253 119 478 37 0 0 0 125 258 108 498 35 0 0 0 
31 352 301 340 0 0 0 0 49 332 226 406 11 0 0 0 56 339 185 423 21 0 0 0 
68 182 204 455 115 0 0 0 67 188 170 454 145 0 0 0 77 198 142 466 141 0 0 0 
127 129 312 383 73 0 0 0 126 133 282 417 66 0 0 0 133 122 276 419 74 0 0 0 
56 134 502 257 41 9 6 19 50 92 303 478 67 7 17 10 50 109 291 465 80 6 23 0 
52 185 349 210 81 19 59 69 22 168 209 371 104 25 112 13 27 198 165 390 112 36 96 0 
9 107 157 327 78 33 108 205 4 98 91 313 169 51 291 7 8 112 89 291 207 105 212 0 
27 61 111 281 78 41 114 311 28 53 73 287 114 56 391 22 32 64 79 298 115 111 325 0 
0 44 75 128 225 42 52 458 0 22 97 116 241 45 388 115 0 17 98 154 227 52 468 8 
0 0 0 89 296 30 51 558 0 0 0 56 328 30 307 303 0 0 0 86 321 32 512 73 
0 0 3 145 226 34 52 564 0 0 3 110 257 34 290 330 0 1 3 133 247 45 428 167 
0 2 17 195 94 12 14 690 0 0 6 169 123 19 127 580 0 3 16 188 101 13 293 410 
0 0 10 162 81 4 22 745 0 0 0 142 107 5 23 747 0 0 7 155 91 9 113 649 
0 0 0 102 95 12 13 802 0 0 0 77 116 9 14 808 0 0 0 97 101 11 14 801 
0 32 26 177 44 10 26 709 0 17 33 174 47 17 16 720 0 29 32 169 50 14 32 698 
0 41 102 139 13 26 38 665 0 7 111 152 15 23 40 676 0 39 83 158 18 29 38 659 
2 41 60 127 59 16 24 695 0 3 71 144 57 21 21 707 0 8 84 128 68 18 25 693 
2 36 78 101 74 28 33 672 5 23 63 116 68 34 35 680 0 25 78 113 76 30 38 664 
14 44 70 69 61 24 28 714 1 27 78 81 48 33 24 732 0 42 78 81 59 21 50 693 
0 1 24 35 24 28 46 866 0 0 12 35 24 27 39 887 0 1 22 38 25 32 54 852 
0 9 12 10 20 25 31 917 0 2 10 16 18 24 29 925 0 7 12 16 18 28 51 892 
0 14 7 6 18 23 42 914 0 0 12 9 12 23 36 932 0 10 10 7 20 26 77 874 
0 0 0 1 1 2 16 1004 0 0 0 1 1 2 14 1006 0 0 1 0 3 2 54 964 
0 0 0 0 1 6 47 970 0 0 0 0 1 7 53 963 0 0 0 0 2 14 105 903 
0 5 139 876 4 0 0 0 0 0 35 983 6 0 0 0 0 0 14 967 43 0 0 0 
0 33 395 591 5 0 0 0 0 18 329 675 2 0 0 0 0 20 330 669 5 0 0 0 
27 127 641 229 0 0 0 0 22 121 712 169 0 0 0 0 26 121 701 176 0 0 0 0 
23 167 688 146 0 0 0 0 17 135 744 128 0 0 0 0 22 130 743 129 0 0 0 0 
0 28 697 289 10 0 0 0 0 29 735 248 12 0 0 0 0 24 745 237 18 0 0 0 
9 83 604 322 6 0 0 0 10 82 657 269 6 0 0 0 9 87 646 269 13 0 0 0 
0 92 693 235 4 0 0 0 2 76 568 367 11 0 0 0 2 83 557 364 18 0 0 0 
2 49 589 380 4 0 0 0 0 28 567 426 3 0 0 0 1 29 551 435 8 0 0 0 
0 116 550 355 3 0 0 0 0 73 475 473 3 0 0 0 0 78 423 520 3 0 0 0 
20 132 571 301 0 0 0 0 5 93 636 290 0 0 0 0 3 78 645 298 0 0 0 0 
5 63 570 382 4 0 0 0 0 53 587 376 8 0 0 0 0 64 612 345 3 0 0 0 
0 7 274 721 22 0 0 0 0 5 199 780 40 0 0 0 1 6 192 774 51 0 0 0 
0 13 425 574 12 0 0 0 0 2 299 706 17 0 0 0 0 2 295 711 16 0 0 0 
1 33 405 585 0 0 0 0 0 21 373 626 4 0 0 0 0 15 352 649 8 0 0 0 
9 84 535 394 2 0 0 0 2 50 564 404 4 0 0 0 3 56 519 442 4 0 0 0 
2 22 394 557 49 0 0 0 0 12 250 632 130 0 0 0 0 11 224 639 150 0 0 0 
1 35 272 706 10 0 0 0 0 9 258 721 36 0 0 0 0 12 246 723 43 0 0 0 
1 34 278 647 64 0 0 0 0 14 156 716 138 0 0 0 0 7 137 761 119 0 0 0 
3 59 423 423 116 0 0 0 0 13 216 621 174 0 0 0 0 10 164 682 168 0 0 0 
0 57 657 305 5 0 0 0 0 8 343 661 12 0 0 0 0 9 258 743 14 0 0 0 
9 89 619 266 41 0 0 0 5 26 158 752 83 0 0 0 2 18 115 787 102 0 0 0 
29 222 648 118 7 0 0 0 18 143 567 275 21 0 0 0 21 154 543 287 19 0 0 0 
0 33 485 478 28 0 0 0 0 0 150 723 151 0 0 0 0 1 137 731 155 0 0 0 
9 89 492 433 1 0 0 0 4 35 369 615 1 0 0 0 2 32 308 670 12 0 0 0 
1 73 277 651 22 0 0 0 0 44 284 674 22 0 0 0 0 16 263 732 13 0 0 0 
0 76 347 326 275 0 0 0 0 12 307 413 292 0 0 0 0 8 261 479 276 0 0 0 
0 0 1 836 187 0 0 0 0 0 0 702 322 0 0 0 0 0 0 718 306 0 0 0 
1 62 324 423 214 0 0 0 0 27 337 387 273 0 0 0 0 9 261 525 229 0 0 0 
1 151 564 296 12 0 0 0 0 87 599 333 5 0 0 0 0 16 474 520 14 0 0 0 
11 103 402 396 112 0 0 0 4 65 361 477 117 0 0 0 1 32 329 547 115 0 0 0 
0 14 244 720 46 0 0 0 0 0 163 767 94 0 0 0 0 0 118 821 85 0 0 0 
0 5 189 758 72 0 0 0 0 1 123 780 120 0 0 0 0 0 59 849 116 0 0 0 
0 0 53 693 278 0 0 0 0 0 21 700 303 0 0 0 0 0 5 722 297 0 0 0 
0 0 106 736 182 0 0 0 0 0 76 806 142 0 0 0 0 0 21 854 149 0 0 0 
3 36 188 791 6 0 0 0 0 17 164 834 9 0 0 0 0 4 117 887 16 0 0 0 
0 24 234 582 184 0 0 0 0 9 204 588 223 0 0 0 0 5 156 665 198 0 0 0 
0 0 226 621 177 0 0 0 0 3 148 682 191 0 0 0 0 0 79 750 195 0 0 0 
0 15 75 804 120 4 3 3 0 17 48 861 86 5 1 6 0 16 47 861 90 4 5 1 
9 12 51 786 100 21 26 19 0 14 35 818 76 28 25 28 3 18 28 822 91 18 33 11 
9 34 122 735 45 41 22 16 6 30 89 770 33 39 36 21 10 37 44 808 53 41 21 10 
0 17 299 635 73 0 0 0 0 2 85 816 121 0 0 0 0 1 20 846 157 0 0 0 
0 6 393 574 51 0 0 0 0 6 245 688 85 0 0 0 0 4 221 707 92 0 0 0 
0 2 281 660 81 0 0 0 0 0 241 720 63 0 0 0 0 0 256 702 66 0 0 0 
0 27 400 500 97 0 0 0 0 33 346 509 136 0 0 0 0 38 333 520 133 0 0 0 
0 10 329 459 226 0 0 0 0 13 380 338 293 0 0 0 0 22 375 341 286 0 0 0 
0 30 370 518 106 0 0 0 0 6 236 607 175 0 0 0 0 12 206 603 203 0 0 0 
3 34 300 563 124 0 0 0 0 12 220 622 170 0 0 0 0 15 215 579 215 0 0 0 
0 7 261 597 159 0 0 0 0 4 247 571 202 0 0 0 0 5 239 509 271 0 0 0 
14 58 288 375 289 0 0 0 8 51 191 406 368 0 0 0 7 49 183 415 370 0 0 0 
23 102 321 277 301 0 0 0 18 105 339 223 339 0 0 0 18 99 343 193 371 0 0 0 
17 59 342 430 176 0 0 0 13 52 337 369 253 0 0 0 14 45 349 364 252 0 0 0 
8 20 230 505 261 0 0 0 3 13 198 394 416 0 0 0 2 12 179 378 453 0 0 0 
0 12 209 635 164 4 0 0 0 3 160 557 304 0 0 0 0 3 163 472 386 0 0 0 
0 12 351 437 222 2 0 0 0 0 148 514 362 0 0 0 0 0 136 481 406 1 0 0 
16 144 318 403 140 3 0 0 8 103 326 327 259 1 0 0 5 82 319 362 254 2 0 0 
2 85 331 522 84 0 0 0 0 22 273 604 125 0 0 0 0 21 224 616 163 0 0 0 
4 48 447 455 70 0 0 0 3 9 141 780 91 0 0 0 3 10 92 823 96 0 0 0 
1 50 413 488 72 0 0 0 0 9 148 703 164 0 0 0 0 7 131 711 175 0 0 0 
0 48 497 421 57 1 0 0 0 0 179 710 135 0 0 0 0 1 102 785 136 0 0 0 
8 98 593 289 36 0 0 0 2 27 236 707 52 0 0 0 2 21 146 772 83 0 0 0 
37 214 377 356 40 0 0 0 19 207 262 464 72 0 0 0 8 141 313 489 73 0 0 0 
19 306 346 328 25 0 0 0 9 283 388 327 17 0 0 0 4 227 422 355 16 0 0 0 
7 108 487 322 92 8 0 0 3 53 293 538 132 5 0 0 3 40 251 590 137 3 0 0 
4 39 294 630 57 0 0 0 1 23 113 796 91 0 0 0 0 12 66 838 108 0 0 0 
6 20 467 506 25 0 0 0 4 6 251 724 38 1 0 0 3 5 159 803 54 0 0 0 
8 99 545 358 14 0 0 0 0 48 468 480 28 0 0 0 2 39 353 593 37 0 0 0 
0 0 81 726 217 0 0 0 0 0 60 746 218 0 0 0 0 0 15 748 261 0 0 0 
27 134 630 227 6 0 0 0 14 101 576 329 4 0 0 0 10 63 438 506 7 0 0 0 
13 85 470 431 25 0 0 0 4 49 433 507 31 0 0 0 2 24 334 617 47 0 0 0 
4 46 261 644 69 0 0 0 2 33 165 734 90 0 0 0 1 13 109 780 121 0 0 0 
6 203 538 277 0 0 0 0 4 102 540 375 3 0 0 0 1 49 473 493 8 0 0 0 
18 215 636 155 0 0 0 0 13 188 592 231 0 0 0 0 3 91 597 327 6 0 0 0 
2 132 694 194 2 0 0 0 0 89 674 259 2 0 0 0 0 17 590 413 4 0 0 0 
34 310 493 180 7 0 0 0 6 268 524 220 6 0 0 0 1 153 560 300 10 0 0 0 
17 291 561 155 0 0 0 0 2 160 624 238 0 0 0 0 2 41 574 406 1 0 0 0 
88 257 498 172 9 0 0 0 40 226 503 245 10 0 0 0 15 142 460 396 11 0 0 0 
24 120 661 219 0 0 0 0 8 65 587 360 4 0 0 0 0 48 397 577 2 0 0 0 
14 113 442 451 4 0 0 0 5 67 405 546 1 0 0 0 0 19 295 706 4 0 0 0 
0 77 547 399 1 0 0 0 0 29 513 482 0 0 0 0 0 3 330 688 3 0 0 0 
0 162 656 206 0 0 0 0 0 122 624 276 2 0 0 0 0 17 516 490 1 0 0 0 
0 3 148 827 46 0 0 0 0 0 84 836 104 0 0 0 0 0 59 757 208 0 0 0 
0 26 505 470 23 0 0 0 0 3 261 752 8 0 0 0 0 2 152 834 36 0 0 0 
0 33 383 594 14 0 0 0 0 10 173 766 75 0 0 0 0 6 179 690 149 0 0 0 
0 17 407 581 19 0 0 0 0 0 47 924 53 0 0 0 0 0 8 918 98 0 0 0 
0 40 369 543 72 0 0 0 0 6 224 650 144 0 0 0 0 3 163 710 148 0 0 0 
0 0 372 619 33 0 0 0 0 0 22 944 58 0 0 0 0 0 4 854 166 0 0 0 
0 38 301 584 101 0 0 0 0 0 118 693 213 0 0 0 0 0 59 630 335 0 0 0 
0 8 375 592 49 0 0 0 0 4 144 772 104 0 0 0 0 4 68 780 172 0 0 0 
0 0 136 680 208 0 0 0 0 0 106 542 376 0 0 0 0 0 44 555 425 0 0 0 
0 0 95 657 272 0 0 0 0 0 18 617 389 0 0 0 0 0 7 544 473 0 0 0 
0 0 167 807 50 0 0 0 0 0 49 807 168 0 0 0 0 0 28 664 332 0 0 0 
8 26 248 576 166 0 0 0 0 20 113 525 366 0 0 0 0 23 114 449 438 0 0 0 
0 11 221 750 42 0 0 0 0 0 99 711 214 0 0 0 0 0 61 548 415 0 0 0 
0 0 203 524 297 0 0 0 0 0 60 536 428 0 0 0 0 0 6 552 466 0 0 0 
0 55 501 411 57 0 0 0 0 1 332 535 156 0 0 0 0 0 185 667 172 0 0 0 
0 53 746 224 1 0 0 0 0 10 526 485 3 0 0 0 0 0 403 603 18 0 0 0 
1 85 576 289 73 0 0 0 0 1 307 624 92 0 0 0 0 2 163 741 118 0 0 0 
0 77 499 423 25 0 0 0 0 9 198 756 61 0 0 0 0 2 112 839 71 0 0 0 
0 32 437 547 8 0 0 0 0 0 123 867 34 0 0 0 0 0 55 901 68 0 0 0 
0 1 332 676 15 0 0 0 0 0 91 916 17 0 0 0 0 0 42 923 59 0 0 0 
0 13 607 390 14 0 0 0 0 0 308 694 22 0 0 0 0 0 113 869 42 0 0 0 
29 57 296 593 49 0 0 0 29 35 139 755 66 0 0 0 24 31 105 761 103 0 0 0 
0 26 636 358 4 0 0 0 0 4 214 802 4 0 0 0 0 1 96 906 21 0 0 0 
0 0 588 427 9 0 0 0 0 0 111 890 23 0 0 0 0 0 31 963 30 0 0 0 
18 88 476 439 3 0 0 0 3 74 251 670 26 0 0 0 0 42 204 732 46 0 0 0 
11 228 620 165 0 0 0 0 4 135 598 286 1 0 0 0 0 58 542 421 3 0 0 0 
0 25 484 448 67 0 0 0 0 7 418 514 85 0 0 0 0 1 234 695 94 0 0 0 
32 218 331 414 29 0 0 0 8 166 309 515 26 0 0 0 8 79 355 545 37 0 0 0 
0 5 411 595 13 0 0 0 0 0 87 876 61 0 0 0 0 0 16 899 109 0 0 0 
0 9 489 524 2 0 0 0 0 1 182 819 22 0 0 0 0 1 50 886 87 0 0 0 
0 23 472 519 10 0 0 0 0 2 234 768 20 0 0 0 0 0 133 847 44 0 0 0 
46 515 356 104 3 0 0 0 20 426 443 131 4 0 0 0 7 220 595 196 6 0 0 0 
61 223 518 220 2 0 0 0 19 183 504 317 1 0 0 0 5 104 510 397 8 0 0 0 
28 160 371 445 20 0 0 0 20 152 240 580 32 0 0 0 6 110 225 639 44 0 0 0 
11 104 269 566 74 0 0 0 3 74 244 616 87 0 0 0 2 41 208 675 98 0 0 0 
20 226 441 319 18 0 0 0 8 165 452 382 17 0 0 0 0 67 449 486 22 0 0 0 
9 175 561 268 11 0 0 0 5 110 529 369 11 0 0 0 0 62 409 526 27 0 0 0 
24 209 377 360 54 0 0 0 12 116 453 386 57 0 0 0 12 72 377 493 70 0 0 0 
2 111 530 312 69 0 0 0 0 67 550 348 59 0 0 0 0 34 443 484 63 0 0 0 
16 358 525 124 1 0 0 0 6 268 601 149 0 0 0 0 0 101 648 274 1 0 0 0 
121 400 380 123 0 0 0 0 10 433 437 144 0 0 0 0 0 350 503 170 1 0 0 0 
248 471 252 53 0 0 0 0 104 485 347 87 1 0 0 0 55 449 408 109 3 0 0 0 
190 569 226 39 0 0 0 0 108 553 310 53 0 0 0 0 68 536 346 74 0 0 0 0 
136 476 320 92 0 0 0 0 29 509 366 120 0 0 0 0 12 477 405 130 0 0 0 0 
169 389 424 42 0 0 0 0 36 440 465 83 0 0 0 0 8 423 506 87 0 0 0 0 
169 420 411 24 0 0 0 0 47 420 493 64 0 0 0 0 15 445 479 85 0 0 0 0 
197 505 294 28 0 0 0 0 18 463 469 74 0 0 0 0 4 436 478 106 0 0 0 0 
187 422 376 37 2 0 0 0 32 457 467 66 2 0 0 0 4 453 490 77 0 0 0 0 
193 340 415 76 0 0 0 0 77 388 416 143 0 0 0 0 62 385 382 195 0 0 0 0 
76 406 497 45 0 0 0 0 23 362 413 226 0 0 0 0 8 369 339 308 0 0 0 0 
89 376 492 67 0 0 0 0 19 374 419 212 0 0 0 0 20 311 418 275 0 0 0 0 
217 430 349 28 0 0 0 0 59 465 372 128 0 0 0 0 44 413 430 135 2 0 0 0 
168 406 387 63 0 0 0 0 21 404 455 143 1 0 0 0 20 330 495 179 0 0 0 0 
8 342 566 108 0 0 0 0 0 235 415 370 4 0 0 0 0 124 432 462 6 0 0 0 
48 372 480 121 3 0 0 0 4 312 439 268 1 0 0 0 5 264 410 344 1 0 0 0 
140 360 422 94 8 0 0 0 10 309 465 226 14 0 0 0 0 294 435 286 9 0 0 0 
130 388 428 76 2 0 0 0 8 345 467 198 6 0 0 0 5 290 458 266 5 0 0 0 
62 305 463 194 0 0 0 0 0 286 331 406 1 0 0 0 0 235 314 474 1 0 0 0 
34 359 504 127 0 0 0 0 2 277 379 366 0 0 0 0 0 203 372 448 1 0 0 0 
21 355 524 114 10 0 0 0 0 234 450 335 5 0 0 0 0 163 393 457 11 0 0 0 
25 380 516 98 5 0 0 0 11 242 394 369 8 0 0 0 9 147 419 442 7 0 0 0 
126 355 476 67 0 0 0 0 65 286 447 226 0 0 0 0 53 211 451 309 0 0 0 0 
55 374 434 157 4 0 0 0 8 299 468 244 5 0 0 0 4 264 449 295 12 0 0 0 
117 260 446 201 0 0 0 0 3 273 354 394 0 0 0 0 0 208 318 486 12 0 0 0 
97 270 497 160 0 0 0 0 17 169 446 392 0 0 0 0 4 134 371 513 2 0 0 0 
46 344 477 156 1 0 0 0 5 236 518 265 0 0 0 0 0 153 514 356 1 0 0 0 
45 383 494 102 0 0 0 0 1 249 567 206 1 0 0 0 0 119 603 301 1 0 0 0 
84 414 232 291 3 0 0 0 11 290 336 384 3 0 0 0 4 175 409 428 8 0 0 0 
37 299 512 170 6 0 0 0 10 247 421 326 20 0 0 0 4 100 423 481 16 0 0 0 
31 256 513 207 17 0 0 0 10 225 439 321 29 0 0 0 4 110 391 487 32 0 0 0 
82 360 409 173 0 0 0 0 6 309 438 270 1 0 0 0 4 193 428 393 6 0 0 0 
144 356 481 43 0 0 0 0 69 316 455 184 0 0 0 0 52 232 414 324 2 0 0 0 
128 337 420 136 3 0 0 0 48 281 517 174 4 0 0 0 29 244 466 281 4 0 0 0 
92 255 426 249 2 0 0 0 41 258 406 316 3 0 0 0 19 252 268 479 6 0 0 0 
5 272 251 461 35 0 0 0 0 86 341 514 83 0 0 0 0 24 355 538 107 0 0 0 
19 264 381 327 33 0 0 0 9 113 426 438 38 0 0 0 4 33 406 534 47 0 0 0 
17 190 533 272 12 0 0 0 1 131 503 371 18 0 0 0 0 50 385 567 22 0 0 0 
77 269 456 222 0 0 0 0 9 266 397 352 0 0 0 0 6 155 373 490 0 0 0 0 
25 198 287 490 24 0 0 0 1 185 199 609 30 0 0 0 0 127 192 658 47 0 0 0 
31 99 511 383 0 0 0 0 0 88 387 548 1 0 0 0 0 59 256 700 9 0 0 0 
85 363 489 80 7 0 0 0 44 196 672 111 1 0 0 0 39 123 606 248 8 0 0 0 
404 404 216 0 0 0 0 0 333 278 413 0 0 0 0 0 323 216 478 7 0 0 0 0 
275 404 237 11 7 6 42 42 233 321 354 23 4 9 29 51 129 314 413 65 8 7 48 40 
31 251 631 41 4 5 31 30 5 139 690 116 6 6 29 33 3 108 616 222 7 6 23 39 
37 257 718 12 0 0 0 0 3 126 742 153 0 0 0 0 0 88 621 315 0 0 0 0 
13 240 756 15 0 0 0 0 0 78 863 83 0 0 0 0 0 42 709 273 0 0 0 0 
46 223 676 78 1 0 0 0 5 111 641 265 2 0 0 0 3 65 511 443 2 0 0 0 
18 170 791 45 0 0 0 0 5 75 586 358 0 0 0 0 3 39 409 573 0 0 0 0 
22 188 767 47 0 0 0 0 0 86 638 300 0 0 0 0 0 61 454 509 0 0 0 0 
24 220 721 59 0 0 0 0 8 114 605 297 0 0 0 0 3 70 500 450 1 0 0 0 
217 208 549 50 0 0 0 0 170 158 565 131 0 0 0 0 113 185 488 238 0 0 0 0 
321 236 320 27 2 17 32 69 247 209 396 50 5 16 33 68 149 262 396 93 6 11 49 58 
190 165 498 74 13 5 18 61 142 131 383 271 12 4 23 58 60 186 324 349 16 8 33 48 
54 213 584 169 4 0 0 0 14 110 425 471 4 0 0 0 3 90 357 565 9 0 0 0 
85 166 562 211 0 0 0 0 29 132 397 464 2 0 0 0 19 103 316 581 5 0 0 0 
17 123 699 183 2 0 0 0 7 76 301 638 2 0 0 0 4 45 222 747 6 0 0 0 
44 141 544 295 0 0 0 0 10 99 146 768 1 0 0 0 0 70 156 788 10 0 0 0 
23 129 559 313 0 0 0 0 3 56 214 750 1 0 0 0 0 46 177 797 4 0 0 0 
43 118 613 250 0 0 0 0 8 74 210 731 1 0 0 0 5 58 173 782 6 0 0 0 
42 153 723 106 0 0 0 0 20 67 392 545 0 0 0 0 14 59 331 619 1 0 0 0 
79 186 670 89 0 0 0 0 61 81 561 321 0 0 0 0 60 71 468 425 0 0 0 0 
325 291 368 40 0 0 0 0 254 238 431 100 1 0 0 0 236 217 410 160 1 0 0 0 
75 190 647 111 1 0 0 0 36 118 495 375 0 0 0 0 30 97 415 481 1 0 0 0 
120 184 605 115 0 0 0 0 65 116 357 485 1 0 0 0 54 112 278 579 1 0 0 0 
49 226 454 279 16 0 0 0 10 104 426 459 25 0 0 0 0 84 391 522 27 0 0 0 
59 248 647 70 0 0 0 0 11 130 556 325 2 0 0 0 2 108 374 538 2 0 0 0 
50 237 673 64 0 0 0 0 31 126 611 256 0 0 0 0 22 93 457 452 0 0 0 0 
33 291 671 29 0 0 0 0 7 174 641 202 0 0 0 0 4 120 475 425 0 0 0 0 
28 274 686 36 0 0 0 0 12 86 709 217 0 0 0 0 11 62 552 398 1 0 0 0 
50 172 672 130 0 0 0 0 18 128 499 379 0 0 0 0 7 100 345 571 1 0 0 0 
105 354 548 17 0 0 0 0 36 235 649 104 0 0 0 0 12 171 540 301 0 0 0 0 
204 456 360 4 0 0 0 0 79 435 448 62 0 0 0 0 54 345 513 112 0 0 0 0 
26 153 768 77 0 0 0 0 18 95 507 404 0 0 0 0 10 61 295 654 4 0 0 0 
38 242 692 52 0 0 0 0 11 169 556 288 0 0 0 0 5 127 392 498 2 0 0 0 
25 223 723 53 0 0 0 0 3 133 682 206 0 0 0 0 0 67 500 456 1 0 0 0 
41 229 715 39 0 0 0 0 13 109 690 212 0 0 0 0 10 68 538 408 0 0 0 0 
105 499 403 17 0 0 0 0 45 284 655 40 0 0 0 0 19 175 670 160 0 0 0 0 
87 424 481 32 0 0 0 0 40 249 576 159 0 0 0 0 17 153 601 253 0 0 0 0 
102 446 465 11 0 0 0 0 35 344 598 47 0 0 0 0 14 229 595 185 1 0 0 0 
327 458 236 3 0 0 0 0 163 465 373 23 0 0 0 0 70 407 476 71 0 0 0 0 
945 36 43 0 0 0 0 0 922 41 55 6 0 0 0 0 922 39 46 17 0 0 0 0 
465 78 16 17 11 14 337 86 543 14 16 12 12 15 190 222 416 70 50 21 16 15 184 252 
1 2 2 2 2 2 967 46 3 2 2 2 0 4 243 768 0 0 3 3 2 2 307 707 
9 12 20 4 3 3 884 89 0 4 25 12 5 2 164 812 0 6 26 10 4 2 165 811 
51 221 368 25 10 12 278 59 1 67 449 135 12 9 102 249 0 54 413 187 13 7 126 224 
22 329 646 27 0 0 0 0 3 151 758 112 0 0 0 0 0 117 629 278 0 0 0 0 
8 229 741 46 0 0 0 0 0 87 763 174 0 0 0 0 0 48 557 419 0 0 0 0 
26 254 717 27 0 0 0 0 2 95 749 178 0 0 0 0 0 68 637 319 0 0 0 0 
131 401 447 45 0 0 0 0 56 281 580 107 0 0 0 0 28 211 616 169 0 0 0 0 
589 197 158 6 4 6 44 20 509 171 252 18 3 7 43 21 397 254 267 26 5 6 38 31 
212 16 10 10 5 17 579 175 202 25 8 9 8 15 356 401 110 93 19 11 13 10 428 340 
0 0 0 0 0 0 848 176 0 0 0 0 0 0 128 896 0 0 0 0 0 0 416 608 
0 0 0 1 1 0 972 50 0 0 0 1 1 0 543 479 0 0 0 1 1 0 847 175 
82 49 83 22 8 10 685 85 48 60 67 58 8 9 662 112 20 79 73 60 8 10 724 50 
38 190 521 99 6 7 125 38 11 96 381 355 9 7 127 38 6 81 337 413 14 9 137 27 
21 144 732 127 0 0 0 0 10 72 475 466 1 0 0 0 6 59 359 596 4 0 0 0 
44 202 643 135 0 0 0 0 11 104 469 439 1 0 0 0 10 79 414 514 7 0 0 0 
29 129 713 153 0 0 0 0 10 78 372 563 1 0 0 0 1 57 266 698 2 0 0 0 
108 181 580 152 3 0 0 0 63 149 338 473 0 1 0 0 52 124 308 535 4 0 1 0 
390 95 253 36 6 12 191 41 370 65 226 113 6 12 189 43 359 63 193 154 10 10 195 40 
524 15 11 12 4 10 403 45 526 13 11 13 4 9 407 41 519 14 14 13 6 6 415 37 
634 11 7 10 10 6 294 52 635 11 7 9 11 6 290 55 624 17 9 9 11 6 315 33 
898 32 33 9 4 5 20 23 897 24 36 15 5 4 18 25 862 54 39 15 6 4 26 18 
555 206 247 16 0 0 0 0 489 162 327 46 0 0 0 0 455 168 309 92 0 0 0 0 
124 235 535 127 3 0 0 0 72 178 459 312 3 0 0 0 38 168 395 416 7 0 0 0 
42 173 656 153 0 0 0 0 11 95 407 511 0 0 0 0 5 51 284 678 6 0 0 0 
56 128 644 194 2 0 0 0 18 102 292 609 3 0 0 0 11 60 225 710 18 0 0 0 
34 134 766 90 0 0 0 0 7 52 524 441 0 0 0 0 2 42 362 615 3 0 0 0 
44 215 638 127 0 0 0 0 17 106 525 375 1 0 0 0 11 82 352 574 5 0 0 0 
267 224 440 36 8 8 7 34 215 123 500 128 7 9 9 33 200 107 401 257 7 10 5 37 
687 127 197 10 1 0 2 0 667 70 224 60 1 0 2 0 652 66 202 101 0 1 2 0 
831 119 74 0 0 0 0 0 768 114 136 6 0 0 0 0 735 133 130 26 0 0 0 0 
358 193 456 17 0 0 0 0 316 115 467 126 0 0 0 0 301 96 319 308 0 0 0 0 
99 496 406 23 0 0 0 0 37 303 641 43 0 0 0 0 25 202 664 133 0 0 0 0 
35 198 671 120 0 0 0 0 5 119 433 466 1 0 0 0 0 66 365 589 4 0 0 0 
41 176 627 178 2 0 0 0 9 109 438 454 14 0 0 0 0 67 314 623 20 0 0 0 
91 243 595 95 0 0 0 0 40 155 507 322 0 0 0 0 11 108 396 507 2 0 0 0 
140 330 525 29 0 0 0 0 59 237 584 144 0 0 0 0 15 194 484 330 1 0 0 0 
376 247 385 16 0 0 0 0 338 138 450 98 0 0 0 0 315 110 353 245 1 0 0 0 
583 342 99 0 0 0 0 0 527 249 244 4 0 0 0 0 506 186 304 28 0 0 0 0 
938 52 11 5 6 5 7 0 995 8 5 5 2 5 4 0 932 40 20 11 5 6 8 2 
13 25 9 9 9 23 921 15 44 6 6 9 10 10 933 6 3 16 20 10 10 10 891 64 
0 0 0 0 0 0 1024 0 0 0 0 0 0 0 1024 0 0 0 0 0 0 0 1024 0 
0 0 0 0 0 0 1024 0 0 0 0 0 0 0 1024 0 0 0 0 0 0 0 1016 8 
4 6 0 4 1 6 995 8 0 1 7 2 5 0 991 18 0 2 6 4 3 1 993 15 
105 322 403 33 8 17 128 8 10 184 493 163 13 7 131 23 6 162 476 211 11 9 139 10 
75 376 515 58 0 0 0 0 19 165 677 163 0 0 0 0 11 110 604 298 1 0 0 0 
66 325 552 81 0 0 0 0 6 200 637 181 0 0 0 0 3 136 604 281 0 0 0 0 
440 260 297 27 0 0 0 0 288 270 379 87 0 0 0 0 251 280 380 113 0 0 0 0 
488 16 13 6 10 17 455 19 486 16 12 6 12 13 457 22 363 115 21 11 11 12 455 36 
0 0 0 0 0 0 1024 0 0 0 0 0 0 0 984 40 0 0 0 0 0 0 1024 0 
0 0 0 0 0 0 1024 0 0 0 0 0 0 0 1000 24 0 0 0 0 0 0 1024 0 
0 0 0 0 0 0 1024 0 0 0 0 0 0 0 1021 3 0 0 0 0 0 0 1024 0 
0 0 0 0 0 0 1024 0 0 0 0 0 0 0 1008 16 0 0 0 0 0 0 1024 0 
14 34 31 9 8 8 890 30 4 21 26 34 7 7 859 66 3 20 30 32 8 7 887 37 
71 244 536 141 6 4 15 7 20 143 472 355 7 4 13 10 10 115 414 446 13 3 14 9 
141 299 538 46 0 0 0 0 66 199 598 159 2 0 0 0 62 161 545 254 2 0 0 0 
128 195 420 280 1 0 0 0 67 171 346 440 0 0 0 0 40 167 316 499 2 0 0 0 
169 105 154 35 14 10 506 31 134 103 173 51 10 12 492 49 119 103 172 63 11 15 491 50 
0 0 0 0 0 0 1022 2 0 0 0 0 0 0 1022 2 0 0 0 0 0 0 1022 2 
0 0 0 0 0 0 1024 0 0 0 0 0 0 0 1024 0 0 0 0 0 0 0 1024 0 
0 0 0 0 0 0 1024 0 0 0 0 0 0 0 1024 0 0 0 0 0 0 0 1024 0 
82 5 5 7 4 7 868 46 81 6 5 7 4 6 866 49 58 27 4 7 5 6 875 42 
865 15 4 7 6 7 105 15 813 66 3 8 7 5 104 18 759 117 6 8 5 7 106 16 
378 236 346 64 0 0 0 0 255 271 328 170 0 0 0 0 186 301 319 218 0 0 0 0 
19 206 698 101 0 0 0 0 6 88 608 322 0 0 0 0 4 53 437 527 3 0 0 0 
50 139 644 189 2 0 0 0 12 93 414 502 3 0 0 0 5 63 318 633 5 0 0 0 
24 126 674 198 2 0 0 0 9 55 477 478 5 0 0 0 3 45 354 613 9 0 0 0 
22 118 328 64 14 13 437 28 3 32 236 251 11 16 429 46 0 25 180 314 15 18 451 21 
0 0 0 0 0 0 994 30 0 0 0 0 0 0 977 47 0 0 0 0 0 0 1001 23 
106 8 9 6 8 8 815 64 111 8 6 6 6 11 795 81 96 16 8 7 7 9 821 60 
668 56 13 6 10 6 228 37 716 13 10 10 7 4 235 29 643 77 13 8 12 6 236 29 
1024 0 0 0 0 0 0 0 1024 0 0 0 0 0 0 0 1024 0 0 0 0 0 0 0 
690 137 182 15 0 0 0 0 619 127 221 57 0 0 0 0 598 126 219 81 0 0 0 0 
71 157 610 179 7 0 0 0 28 124 452 400 20 0 0 0 9 108 317 572 18 0 0 0 
21 116 485 384 18 0 0 0 11 70 334 586 23 0 0 0 2 41 290 669 22 0 0 0 
103 209 645 67 0 0 0 0 46 156 527 294 1 0 0 0 15 134 347 524 4 0 0 0 
85 276 164 40 21 25 397 16 41 54 369 66 37 22 388 47 25 69 253 191 42 23 408 13 
319 156 87 25 26 31 331 49 404 17 126 58 11 34 317 57 328 65 61 136 17 36 346 35 
1000 19 5 0 0 0 0 0 1015 4 4 1 0 0 0 0 1007 10 4 3 0 0 0 0 
881 71 17 11 8 5 26 5 943 28 9 6 5 8 25 0 797 132 38 8 7 8 22 12 
14 37 12 9 13 239 698 2 33 28 9 12 5 221 716 0 6 28 27 9 29 199 725 1 
0 0 0 0 0 224 800 0 0 0 0 0 4 220 800 0 0 0 0 0 43 189 792 0 
0 0 0 0 0 224 800 0 0 0 0 0 29 195 800 0 0 0 0 0 72 182 770 0 
0 0 0 0 0 240 784 0 0 0 0 0 23 222 779 0 0 0 0 0 142 114 768 0 
173 236 162 63 25 117 246 2 56 243 199 124 45 109 244 4 54 201 263 113 99 56 238 0 
73 486 438 27 0 0 0 0 27 312 619 66 0 0 0 0 9 215 649 151 0 0 0 0 
257 519 245 3 0 0 0 0 124 390 471 39 0 0 0 0 73 285 611 55 0 0 0 0 
606 292 103 23 0 0 0 0 482 387 116 39 0 0 0 0 451 397 137 39 0 0 0 0 
406 32 7 16 22 141 391 9 396 42 7 20 48 116 387 8 260 158 21 18 86 86 380 15 
0 0 0 0 0 264 760 0 0 0 0 0 51 205 768 0 0 0 0 0 224 40 760 0 
0 0 0 0 0 278 746 0 0 0 0 0 45 221 758 0 0 0 0 0 248 32 744 0 
0 0 0 0 0 288 736 0 0 0 0 0 81 207 736 0 0 0 0 0 250 38 736 0 
0 0 0 0 0 288 736 0 0 0 0 0 112 176 736 0 0 0 0 0 254 34 736 0 
0 0 0 1 3 286 731 3 0 0 0 1 140 149 733 1 0 0 0 2 252 39 731 0 
189 326 284 62 12 23 124 4 135 290 235 195 18 21 119 11 138 229 282 213 21 15 121 5 
191 540 281 12 0 0 0 0 85 350 550 39 0 0 0 0 53 267 612 92 0 0 0 0 
344 280 217 68 12 50 51 2 171 374 194 168 41 17 56 3 133 372 225 176 49 10 56 3 
1 1 0 2 12 279 727 2 1 1 0 0 254 38 727 3 1 1 0 2 256 43 718 3 
0 0 0 0 17 271 736 0 0 0 0 0 250 38 736 0 0 0 0 4 276 32 712 0 
0 3 17 19 19 247 719 0 0 0 12 18 240 35 719 0 0 0 14 29 247 52 682 0 
3 5 24 20 31 223 718 0 3 5 18 21 198 64 715 0 4 7 18 30 221 135 609 0 
0 0 0 0 12 276 736 0 0 0 0 0 240 48 736 0 0 0 0 10 262 160 592 0 
313 87 16 8 17 195 376 12 220 186 13 7 173 41 383 1 174 225 20 10 179 109 306 1 
560 268 131 64 1 0 0 0 429 345 148 100 2 0 0 0 377 373 166 108 0 0 0 0 
137 210 385 290 2 0 0 0 74 188 322 429 11 0 0 0 61 161 329 462 11 0 0 0 
36 172 512 253 51 0 0 0 22 126 372 455 49 0 0 0 18 92 330 526 58 0 0 0 
131 266 413 188 5 21 0 0 61 231 408 297 16 11 0 0 50 193 408 349 22 2 0 0 
4 19 17 10 29 262 683 0 0 2 20 19 239 76 668 0 0 3 26 24 259 171 541 0 
0 0 0 0 32 236 756 0 0 0 0 0 238 31 755 0 0 0 0 30 226 116 652 0 
16 18 17 81 99 216 577 0 4 26 18 14 287 98 577 0 6 14 31 12 313 114 534 0 
49 43 21 129 86 196 491 9 63 33 20 14 297 101 494 2 28 55 29 15 318 121 450 8 
894 53 6 15 11 30 14 1 916 35 10 8 36 15 4 0 826 116 16 8 40 13 5 0 
1023 1 0 0 0 0 0 0 1014 10 0 0 0 0 0 0 986 38 0 0 0 0 0 0 
292 241 417 74 0 0 0 0 158 241 484 141 0 0 0 0 123 241 414 245 1 0 0 0 
167 252 540 65 0 0 0 0 91 268 504 161 0 0 0 0 50 225 464 285 0 0 0 0 
241 229 446 100 4 4 0 0 194 180 465 178 6 1 0 0 154 169 423 271 6 1 0 0 
221 167 457 162 4 4 4 5 155 161 307 381 7 3 5 5 127 159 311 410 4 3 5 5 
308 314 259 141 2 0 0 0 143 278 351 244 8 0 0 0 71 265 395 279 14 0 0 0 
569 98 101 117 132 7 0 0 620 58 96 113 137 0 0 0 546 106 84 174 112 2 0 0 
794 206 18 2 1 3 0 0 846 173 2 3 0 0 0 0 657 340 22 2 1 2 0 0 
1 13 18 116 329 391 156 0 9 20 17 105 338 519 16 0 0 10 20 104 357 515 18 0 
0 0 0 52 437 466 69 0 0 0 0 33 462 529 0 0 0 0 0 39 462 523 0 0 
0 0 0 12 511 462 39 0 0 0 0 16 514 492 2 0 0 0 0 17 549 458 0 0 
0 0 4 85 482 433 20 0 0 0 0 80 494 450 0 0 0 0 0 80 553 391 0 0 
82 248 169 96 222 204 3 0 27 137 307 104 242 207 0 0 24 96 362 104 299 139 0 0 
170 612 242 0 0 0 0 0 69 412 537 6 0 0 0 0 36 310 637 41 0 0 0 0 
177 593 254 0 0 0 0 0 69 329 573 53 0 0 0 0 22 223 672 107 0 0 0 0 
450 448 115 11 0 0 0 0 423 449 94 58 0 0 0 0 391 459 101 73 0 0 0 0 
291 258 43 63 178 165 26 0 302 199 88 67 182 183 3 0 216 264 97 68 192 182 5 0 
14 130 154 61 240 404 21 0 2 124 162 68 254 414 0 0 0 86 191 75 285 387 0 0 
1 21 157 146 224 460 15 0 0 22 173 132 238 459 0 0 1 21 170 135 295 402 0 0 
0 12 119 161 245 474 13 0 0 12 117 162 252 481 0 0 0 9 109 173 351 382 0 0 
0 0 18 214 287 500 5 0 0 0 29 203 301 491 0 0 0 0 27 205 495 297 0 0 
0 0 26 87 374 531 6 0 0 0 20 81 404 519 0 0 0 0 18 81 739 186 0 0 
139 280 378 111 24 79 13 0 87 211 476 137 25 82 6 0 89 182 478 162 67 46 0 0 
132 537 314 41 0 0 0 0 25 418 491 90 0 0 0 0 18 354 525 126 1 0 0 0 
59 270 470 68 51 104 2 0 28 171 420 248 67 90 0 0 32 169 367 299 125 32 0 0 
0 7 72 72 383 485 5 0 0 5 54 58 499 408 0 0 0 5 57 57 880 25 0 0 
0 0 0 122 392 510 0 0 0 0 0 92 492 440 0 0 0 0 0 99 881 44 0 0 
20 167 195 57 90 489 6 0 4 81 258 94 156 431 0 0 0 65 271 104 514 70 0 0 
16 104 137 172 159 419 17 0 0 73 156 179 231 385 0 0 0 43 181 197 491 112 0 0 
0 0 26 86 265 641 6 0 0 0 24 55 337 608 0 0 0 0 25 60 770 169 0 0 
156 107 30 22 157 519 33 0 117 148 29 26 196 506 2 0 105 163 27 25 523 181 0 0 
403 478 127 16 0 0 0 0 224 597 179 24 0 0 0 0 151 626 215 32 0 0 0 0 
69 448 469 38 0 0 0 0 19 225 668 112 0 0 0 0 12 140 657 214 1 0 0 0 
66 230 561 159 8 0 0 0 27 182 479 330 6 0 0 0 17 146 401 451 9 0 0 0 
81 363 360 57 13 137 13 0 10 223 533 80 31 136 11 0 17 164 555 125 85 78 0 0 
0 1 8 11 1 938 65 0 0 0 7 12 41 959 5 0 0 1 8 10 388 617 0 0 
0 0 0 0 0 961 63 0 0 0 0 0 46 978 0 0 0 0 0 0 405 619 0 0 
64 42 57 29 26 758 48 0 0 60 83 49 75 750 7 0 0 46 89 57 415 416 1 0 
78 46 55 40 20 715 70 0 7 113 48 41 88 713 14 0 17 47 103 51 377 428 1 0 
501 173 19 19 11 230 69 2 507 184 17 9 31 266 10 0 328 352 24 12 81 221 6 0 
950 74 0 0 0 0 0 0 863 161 0 0 0 0 0 0 667 357 0 0 0 0 0 0 
449 502 71 2 0 0 0 0 173 650 200 1 0 0 0 0 100 555 361 8 0 0 0 0 
155 475 390 4 0 0 0 0 72 322 601 29 0 0 0 0 38 202 690 94 0 0 0 0 
224 325 175 41 27 169 63 0 235 262 240 22 30 221 14 0 121 278 317 55 63 184 6 0 
97 37 158 654 78 0 0 0 85 21 55 718 145 0 0 0 86 26 93 745 74 0 0 0 
108 116 102 414 284 0 0 0 8 156 129 306 425 0 0 0 0 66 176 511 271 0 0 0 
55 129 49 24 722 45 0 0 86 150 20 19 749 0 0 0 24 161 61 87 691 0 0 0 
641 354 29 0 0 0 0 0 773 224 27 0 0 0 0 0 767 227 30 0 0 0 0 0 
92 486 173 199 74 0 0 0 154 449 130 214 77 0 0 0 138 437 139 232 78 0 0 0 
311 386 161 95 71 0 0 0 348 384 142 78 72 0 0 0 333 391 142 86 72 0 0 0 
67 309 306 268 74 0 0 0 62 357 253 264 88 0 0 0 50 343 236 313 82 0 0 0 
6 230 305 479 4 0 0 0 2 237 306 458 21 0 0 0 2 221 297 481 23 0 0 0 
16 244 385 371 8 0 0 0 6 134 499 373 12 0 0 0 3 69 545 395 12 0 0 0 
20 116 474 405 9 0 0 0 9 34 487 482 12 0 0 0 7 18 417 565 17 0 0 0 
10 285 311 412 6 0 0 0 1 148 405 465 5 0 0 0 0 70 419 526 9 0 0 0 
130 271 247 303 73 0 0 0 96 266 271 326 65 0 0 0 116 232 272 340 64 0 0 0 
249 337 124 212 97 5 0 0 273 299 137 216 94 5 0 0 293 264 144 226 92 5 0 0 
212 285 218 186 123 0 0 0 168 336 213 189 118 0 0 0 138 344 231 183 128 0 0 0 
7 139 360 460 58 0 0 0 5 154 338 460 67 0 0 0 4 153 309 488 70 0 0 0 
4 144 319 515 42 0 0 0 2 137 286 555 44 0 0 0 0 137 286 557 44 0 0 0 
4 135 325 533 27 0 0 0 0 143 236 603 42 0 0 0 0 132 254 600 38 0 0 0 
48 145 360 456 15 0 0 0 23 130 294 550 27 0 0 0 26 139 243 568 48 0 0 0 
84 590 142 159 43 6 0 0 52 612 126 170 58 6 0 0 353 336 112 165 52 6 0 0 
109 512 107 161 135 0 0 0 105 503 114 156 146 0 0 0 365 280 89 153 137 0 0 0 
301 281 145 223 70 4 0 0 288 281 144 227 80 4 0 0 454 133 143 209 82 3 0 0 
324 261 141 206 92 0 0 0 306 264 149 212 93 0 0 0 345 226 150 204 99 0 0 0 
10 124 257 541 92 0 0 0 5 85 193 595 146 0 0 0 5 78 176 582 183 0 0 0 
85 125 485 287 42 0 0 0 40 100 412 377 95 0 0 0 23 87 266 523 125 0 0 0 
13 168 268 479 96 0 0 0 5 166 248 483 122 0 0 0 2 160 252 486 124 0 0 0 
140 377 251 185 70 1 0 0 89 377 271 214 73 0 0 0 83 383 257 221 80 0 0 0 
244 271 146 210 153 0 0 0 232 280 123 222 167 0 0 0 215 292 126 225 166 0 0 0 
136 435 293 158 2 0 0 0 66 417 365 176 0 0 0 0 61 358 423 181 1 0 0 0 
90 377 295 262 0 0 0 0 70 253 415 286 0 0 0 0 53 204 449 318 0 0 0 0 
33 170 418 394 9 0 0 0 11 69 462 472 10 0 0 0 6 52 421 529 16 0 0 0 
38 276 538 170 2 0 0 0 16 160 595 253 0 0 0 0 12 140 564 308 0 0 0 0 
106 388 176 39 196 58 61 0 70 352 232 48 206 83 33 0 117 334 188 65 213 99 8 0 
39 196 136 95 416 73 69 0 29 197 141 107 410 101 39 0 83 151 130 113 411 126 10 0 
43 183 206 135 342 71 44 0 36 181 192 137 368 91 19 0 37 150 199 161 372 102 3 0 
142 233 97 136 252 121 43 0 172 180 110 136 267 157 2 0 109 221 126 142 264 161 1 0 
761 167 62 18 4 6 6 0 752 200 45 14 4 8 1 0 741 190 65 14 4 10 0 0 
743 220 61 0 0 0 0 0 727 237 60 0 0 0 0 0 698 264 62 0 0 0 0 0 
267 429 298 30 0 0 0 0 197 425 340 62 0 0 0 0 159 398 391 76 0 0 0 0 
180 513 308 23 0 0 0 0 116 508 373 27 0 0 0 0 43 357 536 84 4 0 0 0 
236 215 204 224 96 34 15 0 195 192 230 225 134 44 4 0 135 220 242 231 157 35 4 0 
58 10 78 488 386 4 0 0 39 27 61 509 387 1 0 0 39 27 76 491 389 2 0 0 
75 75 108 297 469 0 0 0 32 96 117 284 495 0 0 0 21 77 143 376 407 0 0 0 
29 126 65 179 603 22 0 0 76 119 49 207 573 0 0 0 18 127 90 272 515 2 0 0 
0 2 126 853 43 0 0 0 0 5 138 850 31 0 0 0 0 3 128 845 48 0 0 0 
0 0 132 790 102 0 0 0 0 0 148 807 69 0 0 0 0 0 132 820 72 0 0 0 
0 0 163 742 119 0 0 0 0 0 187 759 78 0 0 0 0 0 147 786 91 0 0 0 
0 12 166 602 244 0 0 0 0 4 189 635 196 0 0 0 0 2 151 652 219 0 0 0 
0 3 244 525 252 0 0 0 0 5 237 524 258 0 0 0 0 5 207 545 267 0 0 0 
0 26 128 596 274 0 0 0 0 12 156 569 287 0 0 0 0 9 133 593 289 0 0 0 
0 20 107 577 320 0 0 0 0 12 103 544 365 0 0 0 0 11 94 553 366 0 0 0 
0 13 120 395 496 0 0 0 0 10 122 413 479 0 0 0 0 6 115 405 498 0 0 0 
0 1 115 360 548 0 0 0 0 0 111 365 548 0 0 0 0 0 85 358 581 0 0 0 
0 4 25 324 670 1 0 0 0 3 27 331 663 0 0 0 0 2 26 331 664 1 0 0 
0 0 45 446 533 0 0 0 0 0 14 447 563 0 0 0 0 0 8 439 577 0 0 0 
0 0 84 409 531 0 0 0 0 0 50 439 535 0 0 0 0 0 40 445 539 0 0 0 
0 10 73 353 582 6 0 0 0 6 64 344 604 6 0 0 0 4 51 369 595 5 0 0 
0 0 42 273 709 0 0 0 0 0 30 218 776 0 0 0 0 0 31 229 764 0 0 0 
0 9 90 337 588 0 0 0 0 2 51 343 628 0 0 0 0 3 51 345 625 0 0 0 
0 10 99 292 623 0 0 0 0 0 58 301 665 0 0 0 0 0 64 311 649 0 0 0 
2 2 48 332 640 0 0 0 1 2 20 305 696 0 0 0 1 2 20 318 683 0 0 0 
0 0 16 243 765 0 0 0 0 0 9 241 774 0 0 0 0 0 9 243 772 0 0 0 
0 0 17 190 816 1 0 0 0 0 6 190 827 1 0 0 0 0 7 209 807 1 0 0 
0 0 13 173 833 5 0 0 0 0 11 141 869 3 0 0 0 0 11 172 840 1 0 0 
0 0 26 235 746 17 0 0 0 0 18 217 774 15 0 0 0 0 22 270 721 11 0 0 
0 3 90 232 656 43 0 0 0 0 74 246 675 29 0 0 0 0 60 276 670 18 0 0 
0 13 68 427 514 2 0 0 0 7 49 422 544 2 0 0 0 7 52 426 537 2 0 0 
0 17 95 480 432 0 0 0 0 24 98 461 441 0 0 0 0 23 96 464 441 0 0 0 
0 9 64 487 464 0 0 0 1 8 68 449 498 0 0 0 1 7 63 468 485 0 0 0 
0 0 11 474 539 0 0 0 0 0 9 472 543 0 0 0 0 0 9 474 541 0 0 0 
0 0 1 520 503 0 0 0 0 0 0 446 578 0 0 0 0 0 0 468 556 0 0 0 
1 40 19 457 507 0 0 0 0 25 30 396 573 0 0 0 0 37 19 404 564 0 0 0 
0 89 96 365 474 0 0 0 0 65 114 363 482 0 0 0 20 97 70 357 480 0 0 0 
3 189 105 302 425 0 0 0 0 164 120 301 439 0 0 0 44 175 76 300 429 0 0 0 
10 79 127 362 443 3 0 0 1 67 136 358 460 2 0 0 22 78 117 355 451 1 0 0 
0 7 61 507 449 0 0 0 0 5 40 525 454 0 0 0 0 5 31 522 466 0 0 0 
0 0 70 598 356 0 0 0 0 0 63 618 343 0 0 0 0 0 60 605 359 0 0 0 
0 4 140 572 308 0 0 0 0 5 115 580 324 0 0 0 0 3 102 595 324 0 0 0 
0 10 179 563 272 0 0 0 0 12 181 545 286 0 0 0 0 7 171 548 298 0 0 0 
3 18 149 613 241 0 0 0 3 20 129 622 250 0 0 0 2 13 127 612 270 0 0 0 
8 38 142 558 278 0 0 0 3 35 145 615 226 0 0 0 2 20 139 606 257 0 0 0 
6 110 96 657 155 0 0 0 3 113 97 629 182 0 0 0 0 94 105 630 195 0 0 0 
0 130 177 557 160 0 0 0 0 125 169 570 160 0 0 0 0 98 176 575 175 0 0 0 
34 179 173 512 126 0 0 0 37 199 154 538 96 0 0 0 0 195 153 574 102 0 0 0 
0 0 0 211 813 0 0 0 0 0 0 239 785 0 0 0 0 0 0 230 794 0 0 0 
0 0 1 201 822 0 0 0 0 0 1 228 795 0 0 0 0 0 1 240 783 0 0 0 
0 0 3 124 897 0 0 0 0 0 1 91 932 0 0 0 0 0 1 92 931 0 0 0 
0 0 0 97 927 0 0 0 0 0 0 104 920 0 0 0 0 0 0 104 920 0 0 0 
0 0 0 170 854 0 0 0 0 0 0 115 909 0 0 0 0 0 0 123 901 0 0 0 
0 0 2 128 894 0 0 0 0 0 2 103 919 0 0 0 0 0 2 105 917 0 0 0 
0 0 2 129 892 1 0 0 0 0 2 123 899 0 0 0 0 0 2 122 900 0 0 0 
0 0 0 105 919 0 0 0 0 0 0 102 922 0 0 0 0 0 0 103 921 0 0 0 
0 0 0 134 890 0 0 0 0 0 0 91 933 0 0 0 0 0 0 98 926 0 0 0 
0 0 0 106 918 0 0 0 0 0 0 57 967 0 0 0 0 0 0 71 953 0 0 0 
0 0 0 53 971 0 0 0 0 0 0 52 972 0 0 0 0 0 0 52 972 0 0 0 
0 0 5 46 973 0 0 0 0 0 2 40 982 0 0 0 0 0 3 40 981 0 0 0 
0 0 1 40 980 3 0 0 0 0 1 20 1003 0 0 0 0 0 1 22 1001 0 0 0 
0 0 0 12 1007 5 0 0 0 0 0 7 1015 2 0 0 0 0 0 8 1014 2 0 0 
0 0 0 10 1013 1 0 0 0 0 0 6 1017 1 0 0 0 0 0 6 1018 0 0 0 
0 0 1 24 992 7 0 0 0 0 1 14 1004 5 0 0 0 0 1 17 1001 5 0 0 
0 0 0 5 1009 10 0 0 0 0 0 3 1020 1 0 0 0 0 0 3 1020 1 0 0 
0 0 0 0 1012 12 0 0 0 0 0 0 1016 8 0 0 0 0 0 0 1018 6 0 0 
0 0 0 0 1011 13 0 0 0 0 0 0 1012 12 0 0 0 0 0 0 1020 4 0 0 
0 0 0 3 962 59 0 0 0 0 0 3 1006 15 0 0 0 0 0 4 1016 4 0 0 
0 0 0 5 975 44 0 0 0 0 0 4 1011 9 0 0 0 0 0 4 1013 7 0 0 
0 0 0 0 1009 15 0 0 0 0 0 0 1018 6 0 0 0 0 0 0 1023 1 0 0 
0 0 0 2 1016 6 0 0 0 0 0 1 1023 0 0 0 0 0 0 2 1022 0 0 0 
0 0 0 2 1018 4 0 0 0 0 0 1 1021 2 0 0 0 0 0 1 1022 1 0 0 
0 0 0 13 1009 2 0 0 0 0 0 0 1023 1 0 0 0 0 0 0 1024 0 0 0 
0 0 0 0 1023 1 0 0 0 0 0 0 1023 1 0 0 0 0 0 0 1024 0 0 0 
0 0 0 3 1013 8 0 0 0 0 0 3 1017 4 0 0 0 0 0 3 1017 4 0 0 
0 0 0 0 1024 0 0 0 0 0 0 0 1024 0 0 0 0 0 0 0 1024 0 0 0 
0 0 0 3 1021 0 0 0 0 0 0 3 1021 0 0 0 0 0 0 3 1021 0 0 0 
0 0 0 1 1023 0 0 0 0 0 0 0 1024 0 0 0 0 0 0 0 1024 0 0 0 
0 0 0 0 1024 0 0 0 0 0 0 0 1024 0 0 0 0 0 0 0 1024 0 0 0 
0 0 0 8 1012 4 0 0 0 0 0 5 1019 0 0 0 0 0 0 6 1018 0 0 0 
0 0 0 11 1013 0 0 0 0 0 0 7 1017 0 0 0 0 0 0 9 1015 0 0 0 
0 0 0 6 1018 0 0 0 0 0 0 5 1019 0 0 0 0 0 0 5 1019 0 0 0 
0 0 0 2 1022 0 0 0 0 0 0 0 1024 0 0 0 0 0 0 0 1024 0 0 0 
0 0 0 11 1013 0 0 0 0 0 0 3 1021 0 0 0 0 0 0 3 1021 0 0 0 
0 0 0 21 1003 0 0 0 0 0 0 14 1010 0 0 0 0 0 0 14 1010 0 0 0 
0 0 0 12 1012 0 0 0 0 0 0 5 1019 0 0 0 0 0 0 6 1018 0 0 0 
0 0 0 16 1008 0 0 0 0 0 0 8 1016 0 0 0 0 0 0 8 1016 0 0 0 
0 0 0 14 1010 0 0 0 0 0 0 15 1009 0 0 0 0 0 0 15 1009 0 0 0 
0 0 0 73 951 0 0 0 0 0 0 48 976 0 0 0 0 0 0 39 985 0 0 0 
0 0 0 93 931 0 0 0 0 0 0 50 974 0 0 0 0 0 0 54 970 0 0 0 
0 0 3 123 898 0 0 0 0 0 2 105 917 0 0 0 0 0 2 105 917 0 0 0 
0 0 2 85 937 0 0 0 0 0 2 80 942 0 0 0 0 0 2 71 951 0 0 0 
0 0 1 82 941 0 0 0 0 0 1 59 964 0 0 0 0 0 1 64 959 0 0 0 
0 0 0 48 976 0 0 0 0 0 0 48 976 0 0 0 0 0 0 48 976 0 0 0 
0 0 0 26 997 1 0 0 0 0 0 19 1003 2 0 0 0 0 1 24 999 0 0 0 
0 0 0 35 988 1 0 0 0 0 0 23 1000 1 0 0 0 0 0 23 1000 1 0 0 
0 0 0 26 997 1 0 0 0 0 0 13 1011 0 0 0 0 0 0 14 1010 0 0 0 
0 0 2 56 956 10 0 0 0 0 1 51 964 8 0 0 0 0 1 51 964 8 0 0 
0 0 0 9 1012 3 0 0 0 0 0 8 1016 0 0 0 0 0 0 10 1014 0 0 0 
0 0 3 16 1000 5 0 0 0 0 3 12 1003 6 0 0 0 0 3 12 1003 6 0 0 
0 0 0 6 1010 8 0 0 0 0 0 6 1018 0 0 0 0 0 0 6 1018 0 0 0 
0 0 3 40 965 16 0 0 0 0 1 31 986 6 0 0 0 0 1 32 986 5 0 0 
0 0 0 4 1014 6 0 0 0 0 0 3 1019 2 0 0 0 0 0 4 1018 2 0 0 
0 0 0 3 1010 11 0 0 0 0 0 0 1024 0 0 0 0 0 0 0 1024 0 0 0 
0 0 0 12 990 22 0 0 0 0 0 6 998 20 0 0 0 0 0 6 1009 9 0 0 
0 0 0 4 1004 16 0 0 0 0 0 3 1018 3 0 0 0 0 0 3 1017 4 0 0 
0 0 0 3 975 46 0 0 0 0 0 4 1004 16 0 0 0 0 0 4 1010 10 0 0 
0 0 0 25 970 29 0 0 0 0 0 4 1000 20 0 0 0 0 0 14 1002 8 0 0 
4 3 8 16 941 52 0 0 4 2 7 11 967 33 0 0 4 2 8 12 975 23 0 0 
0 0 0 19 993 12 0 0 0 0 0 13 1002 9 0 0 0 0 0 15 1000 9 0 0 
0 0 0 3 1017 4 0 0 0 0 0 0 1023 1 0 0 0 0 0 1 1023 0 0 0 
0 0 0 0 1018 6 0 0 0 0 0 0 1022 2 0 0 0 0 0 0 1022 2 0 0 
0 1 3 14 999 7 0 0 0 1 3 9 1001 10 0 0 0 1 3 9 1003 8 0 0 
0 0 4 22 997 1 0 0 0 0 3 17 1003 1 0 0 0 0 3 19 1001 1 0 0 
0 0 0 2 1015 7 0 0 0 0 0 0 1022 2 0 0 0 0 0 0 1022 2 0 0 
0 0 0 6 1018 0 0 0 0 0 0 4 1020 0 0 0 0 0 0 4 1020 0 0 0 
0 0 1 2 1020 1 0 0 0 0 1 2 1019 2 0 0 0 0 1 2 1019 2 0 0 
0 1 2 61 958 2 0 0 0 1 2 36 983 2 0 0 0 1 2 42 977 2 0 0 
0 0 0 19 1005 0 0 0 0 0 0 14 1010 0 0 0 0 0 0 14 1010 0 0 0 
0 0 3 11 1007 3 0 0 0 0 5 8 1010 1 0 0 0 0 5 8 1010 1 0 0 
0 0 0 8 1016 0 0 0 0 0 0 5 1019 0 0 0 0 0 0 5 1019 0 0 0 
0 0 0 26 998 0 0 0 0 0 0 3 1021 0 0 0 0 0 0 5 1019 0 0 0 
0 0 0 17 1007 0 0 0 0 0 0 8 1016 0 0 0 0 0 0 11 1013 0 0 0 
0 0 2 53 969 0 0 0 0 0 2 25 997 0 0 0 0 0 2 27 995 0 0 0 
0 1 4 49 970 0 0 0 0 1 1 25 997 0 0 0 0 1 2 33 988 0 0 0 
0 1 2 28 993 0 0 0 0 1 3 17 1003 0 0 0 0 1 3 17 1003 0 0 0 
0 0 0 66 958 0 0 0 0 0 0 32 992 0 0 0 0 0 0 36 988 0 0 0 
0 0 0 96 928 0 0 0 0 0 0 72 952 0 0 0 0 0 0 75 949 0 0 0 
0 0 0 186 838 0 0 0 0 0 0 90 934 0 0 0 0 0 0 104 920 0 0 0 
0 0 2 157 865 0 0 0 0 0 1 99 924 0 0 0 0 0 1 109 914 0 0 0 
0 0 0 17 1007 0 0 0 0 0 0 14 1010 0 0 0 0 0 0 14 1010 0 0 0 
0 0 0 76 948 0 0 0 0 0 0 50 974 0 0 0 0 0 0 54 970 0 0 0 
0 0 0 73 951 0 0 0 0 0 0 6 1018 0 0 0 0 0 0 16 1008 0 0 0 
0 0 0 26 998 0 0 0 0 0 0 3 1021 0 0 0 0 0 0 4 1020 0 0 0 
0 0 1 16 1007 0 0 0 0 0 1 8 1015 0 0 0 0 0 1 9 1014 0 0 0 
0 0 0 10 1013 1 0 0 0 0 0 6 1018 0 0 0 0 0 0 9 1015 0 0 0 
0 0 0 16 1008 0 0 0 0 0 0 5 1019 0 0 0 0 0 0 5 1019 0 0 0 
0 0 0 18 1000 6 0 0 0 0 0 6 1015 3 0 0 0 0 0 6 1015 3 0 0 
0 0 0 0 1024 0 0 0 0 0 0 0 1024 0 0 0 0 0 0 0 1024 0 0 0 
0 0 0 18 1000 6 0 0 0 0 0 13 1008 3 0 0 0 0 0 13 1008 3 0 0 
0 0 1 36 987 0 0 0 0 0 1 20 1003 0 0 0 0 0 1 25 998 0 0 0 
0 0 0 2 1016 6 0 0 0 0 0 0 1022 2 0 0 0 0 0 0 1023 1 0 0 
0 0 0 0 1022 2 0 0 0 0 0 0 1021 3 0 0 0 0 0 0 1021 3 0 0 
0 0 0 2 1018 4 0 0 0 0 0 1 1014 9 0 0 0 0 0 2 1022 0 0 0 
0 0 0 0 1017 7 0 0 0 0 0 0 1019 5 0 0 0 0 0 0 1020 4 0 0 
0 0 2 6 993 23 0 0 0 0 2 6 1003 13 0 0 0 0 2 6 1005 11 0 0 
0 0 0 0 1014 10 0 0 0 0 0 0 1020 4 0 0 0 0 0 0 1021 3 0 0 
0 0 0 0 1020 4 0 0 0 0 0 0 1024 0 0 0 0 0 0 0 1024 0 0 0 
0 0 0 1 1017 6 0 0 0 0 0 0 1020 4 0 0 0 0 0 0 1022 2 0 0 
0 0 0 0 1007 17 0 0 0 0 0 0 1020 4 0 0 0 0 0 0 1019 5 0 0 
0 0 0 0 991 33 0 0 0 0 0 0 1014 10 0 0 0 0 0 0 1019 5 0 0 
0 2 2 26 987 7 0 0 0 0 3 15 1004 2 0 0 0 0 3 15 1004 2 0 0 
0 0 0 13 1002 9 0 0 0 0 0 11 1010 3 0 0 0 0 0 12 1011 1 0 0 
0 0 3 66 939 16 0 0 0 0 0 41 971 12 0 0 0 0 2 44 971 7 0 0 
0 1 3 34 983 3 0 0 0 1 3 18 999 3 0 0 0 1 3 24 993 3 0 0 
0 0 5 26 993 0 0 0 0 0 5 21 995 3 0 0 0 0 5 22 996 1 0 0 
0 0 4 25 987 8 0 0 0 0 1 21 991 11 0 0 0 0 3 23 991 7 0 0 
0 0 0 5 1018 1 0 0 0 0 0 4 1020 0 0 0 0 0 0 4 1020 0 0 0 
0 1 6 17 995 5 0 0 0 1 6 14 997 6 0 0 0 1 6 14 997 6 0 0 
0 0 4 13 1006 1 0 0 0 0 2 11 1011 0 0 0 0 0 2 11 1011 0 0 0 
0 0 0 14 1007 3 0 0 0 0 0 12 1012 0 0 0 0 0 0 12 1012 0 0 0 
0 0 0 2 1022 0 0 0 0 0 0 0 1024 0 0 0 0 0 0 1 1023 0 0 0 
0 0 0 23 1001 0 0 0 0 0 0 8 1016 0 0 0 0 0 0 10 1014 0 0 0 
0 0 0 35 989 0 0 0 0 0 1 32 991 0 0 0 0 0 0 33 991 0 0 0 
0 0 2 50 971 1 0 0 0 0 2 33 989 0 0 0 0 0 2 33 989 0 0 0 
0 0 2 32 990 0 0 0 0 0 2 19 1003 0 0 0 0 0 2 20 1002 0 0 0 
0 0 4 146 874 0 0 0 0 0 3 122 899 0 0 0 0 0 2 116 906 0 0 0 
0 0 0 11 1013 0 0 0 0 0 0 13 1011 0 0 0 0 0 0 13 1011 0 0 0 
0 0 0 16 1008 0 0 0 0 0 0 0 1024 0 0 0 0 0 0 0 1024 0 0 0 
0 0 0 97 927 0 0 0 0 0 0 77 947 0 0 0 0 0 0 83 941 0 0 0 
0 0 0 14 1010 0 0 0 0 0 0 15 1009 0 0 0 0 0 0 15 1009 0 0 0 
0 0 0 20 1004 0 0 0 0 0 0 12 1012 0 0 0 0 0 0 20 1004 0 0 0 
0 0 0 8 1016 0 0 0 0 0 0 5 1019 0 0 0 0 0 0 5 1019 0 0 0 
0 0 0 17 1007 0 0 0 0 0 0 13 1011 0 0 0 0 0 0 13 1011 0 0 0 
0 0 0 0 1024 0 0 0 0 0 0 0 1024 0 0 0 0 0 0 0 1024 0 0 0 
0 0 0 75 949 0 0 0 0 0 0 28 996 0 0 0 0 0 0 37 987 0 0 0 
0 0 0 0 1024 0 0 0 0 0 0 0 1024 0 0 0 0 0 0 0 1024 0 0 0 
0 0 0 2 1018 4 0 0 0 0 0 3 1017 4 0 0 0 0 0 3 1018 3 0 0 
0 0 0 3 1019 2 0 0 0 0 0 1 1022 1 0 0 0 0 0 1 1023 0 0 0 
0 0 3 42 979 0 0 0 0 0 0 24 1000 0 0 0 0 0 1 32 991 0 0 0 
0 0 1 16 1004 3 0 0 0 0 0 16 1007 1 0 0 0 0 0 16 1007 1 0 0 
0 0 0 0 1023 1 0 0 0 0 0 0 1024 0 0 0 0 0 0 0 1024 0 0 0 
1 3 7 8 985 20 0 0 3 1 9 5 999 7 0 0 2 2 8 8 998 6 0 0 
0 0 0 2 1022 0 0 0 0 0 0 2 1022 0 0 0 0 0 0 2 1022 0 0 0 
0 0 0 4 1017 3 0 0 0 0 0 0 1023 1 0 0 0 0 0 3 1021 0 0 0 
0 0 0 30 989 5 0 0 0 0 0 22 997 5 0 0 0 0 0 22 998 4 0 0 
0 0 2 59 958 5 0 0 0 0 2 36 981 5 0 0 0 0 2 48 969 5 0 0 
0 0 0 4 1017 3 0 0 0 0 0 4 1019 1 0 0 0 0 0 4 1019 1 0 0 
0 0 2 18 993 11 0 0 0 0 2 13 998 11 0 0 0 0 2 14 1001 7 0 0 
0 0 0 5 1010 9 0 0 0 0 0 4 1019 1 0 0 0 0 0 4 1019 1 0 0 
0 0 0 0 1013 11 0 0 0 0 0 0 1023 1 0 0 0 0 0 0 1023 1 0 0 
0 0 1 29 986 8 0 0 0 0 1 22 994 7 0 0 0 0 1 25 992 6 0 0 
0 2 4 11 993 14 0 0 0 2 3 11 995 13 0 0 0 2 5 11 1000 6 0 0 
0 0 2 4 997 21 0 0 0 0 2 4 1008 10 0 0 0 0 2 4 1009 9 0 0 
0 1 7 25 988 3 0 0 0 1 7 24 991 1 0 0 0 1 7 24 991 1 0 0 
0 0 0 33 990 1 0 0 0 0 0 23 996 5 0 0 0 0 0 24 996 4 0 0 
0 0 0 23 999 2 0 0 0 0 0 19 997 8 0 0 0 0 0 18 1002 4 0 0 
0 0 0 8 1015 1 0 0 0 0 0 4 1019 1 0 0 0 0 0 4 1019 1 0 0 
0 0 0 2 1020 2 0 0 0 0 0 3 1020 1 0 0 0 0 0 3 1020 1 0 0 
0 0 0 10 1011 3 0 0 0 0 0 10 1013 1 0 0 0 0 0 10 1013 1 0 0 
0 0 0 15 1009 0 0 0 0 0 0 11 1013 0 0 0 0 0 0 11 1013 0 0 0 
0 0 0 54 970 0 0 0 0 0 0 12 1012 0 0 0 0 0 0 13 1011 0 0 0 
0 0 0 62 962 0 0 0 0 0 0 56 968 0 0 0 0 0 0 58 966 0 0 0 
0 2 8 134 880 0 0 0 0 1 9 25 989 0 0 0 0 1 8 42 973 0 0 0 
0 3 19 93 909 0 0 0 0 2 10 83 929 0 0 0 0 2 13 85 924 0 0 0 
0 0 4 79 941 0 0 0 0 0 4 52 968 0 0 0 0 0 4 57 963 0 0 0 
0 0 0 22 1002 0 0 0 0 0 0 22 1002 0 0 0 0 0 0 22 1002 0 0 0 
0 0 2 59 963 0 0 0 0 0 3 34 987 0 0 0 0 0 3 29 992 0 0 0 
0 0 0 7 1017 0 0 0 0 0 0 14 1010 0 0 0 0 0 0 14 1010 0 0 0 
0 0 0 0 1024 0 0 0 0 0 0 0 1024 0 0 0 0 0 0 0 1024 0 0 0 
0 0 0 0 1024 0 0 0 0 0 0 0 1024 0 0 0 0 0 0 0 1024 0 0 0 
0 0 0 6 1018 0 0 0 0 0 0 8 1016 0 0 0 0 0 0 8 1016 0 0 0 
0 0 0 0 1024 0 0 0 0 0 0 0 1024 0 0 0 0 0 0 0 1024 0 0 0 
0 0 0 0 1024 0 0 0 0 0 0 0 1024 0 0 0 0 0 0 0 1024 0 0 0 
0 0 0 3 1021 0 0 0 0 0 0 2 1022 0 0 0 0 0 0 3 1021 0 0 0 
0 0 0 13 1010 1 0 0 0 0 0 14 1008 2 0 0 0 0 0 14 1009 1 0 0 
0 0 4 11 1001 8 0 0 0 0 4 10 1005 5 0 0 0 0 4 11 1006 3 0 0 
0 0 0 32 991 1 0 0 0 0 0 4 1020 0 0 0 0 0 0 9 1015 0 0 0 
0 0 0 1 1023 0 0 0 0 0 0 0 1024 0 0 0 0 0 0 1 1023 0 0 0 
0 0 0 0 1024 0 0 0 0 0 0 0 1024 0 0 0 0 0 0 0 1024 0 0 0 
0 0 0 0 1021 3 0 0 0 0 0 0 1024 0 0 0 0 0 0 0 1024 0 0 0 
0 0 0 2 1010 12 0 0 0 0 0 3 1016 5 0 0 0 0 0 3 1017 4 0 0 
0 0 0 5 1006 13 0 0 0 0 0 5 1011 8 0 0 0 0 0 6 1015 3 0 0 
0 0 1 15 981 27 0 0 0 0 2 5 1005 12 0 0 0 0 2 6 1009 7 0 0 
0 0 0 0 1019 5 0 0 0 0 0 0 1022 2 0 0 0 0 0 0 1022 2 0 0 
0 0 0 3 1002 19 0 0 0 0 0 3 1004 17 0 0 0 0 0 3 1012 9 0 0 
0 0 0 3 980 41 0 0 0 0 0 3 1006 15 0 0 0 0 0 3 1014 7 0 0 
0 0 0 1 1005 18 0 0 0 0 0 2 1016 6 0 0 0 0 0 2 1021 1 0 0 
0 0 0 0 992 32 0 0 0 0 0 0 1017 7 0 0 0 0 0 0 1020 4 0 0 
0 0 0 4 995 25 0 0 0 0 0 4 1012 8 0 0 0 0 0 4 1015 5 0 0 
0 0 0 6 1009 9 0 0 0 0 0 5 1012 7 0 0 0 0 0 5 1016 3 0 0 
0 0 0 0 1017 7 0 0 0 0 0 0 1023 1 0 0 0 0 0 0 1024 0 0 0 
0 0 0 0 1015 9 0 0 0 0 0 0 1023 1 0 0 0 0 0 0 1023 1 0 0 
0 0 0 6 1017 1 0 0 0 0 0 0 1023 1 0 0 0 0 0 0 1024 0 0 0 
0 0 0 16 1007 1 0 0 0 0 0 6 1017 1 0 0 0 0 0 8 1015 1 0 0 
0 0 0 16 1006 2 0 0 0 0 0 9 1015 0 0 0 0 0 0 11 1013 0 0 0 
0 0 0 11 1011 2 0 0 0 0 0 4 1020 0 0 0 0 0 0 4 1020 0 0 0 
0 0 0 7 1010 7 0 0 0 0 0 5 1016 3 0 0 0 0 0 5 1016 3 0 0 
0 0 0 24 990 10 0 0 0 0 0 6 1016 2 0 0 0 0 0 6 1016 2 0 0 
0 0 0 0 1024 0 0 0 0 0 0 0 1024 0 0 0 0 0 0 0 1024 0 0 0 
0 0 0 0 1024 0 0 0 0 0 0 0 1024 0 0 0 0 0 0 0 1024 0 0 0 
0 0 1 16 1007 0 0 0 0 0 0 15 1009 0 0 0 0 0 0 15 1009 0 0 0 
0 0 0 25 999 0 0 0 0 0 0 11 1013 0 0 0 0 0 0 12 1012 0 0 0 
0 0 1 28 995 0 0 0 0 0 0 27 997 0 0 0 0 0 0 27 997 0 0 0 
0 0 0 63 961 0 0 0 0 0 0 26 998 0 0 0 0 0 0 28 996 0 0 0 
0 0 0 130 894 0 0 0 0 0 0 55 969 0 0 0 0 0 0 62 962 0 0 0 
0 0 3 12 1009 0 0 0 0 0 3 11 1010 0 0 0 0 0 3 11 1010 0 0 0 
0 0 0 11 1013 0 0 0 0 0 0 13 1011 0 0 0 0 0 0 13 1011 0 0 0 
0 0 1 106 917 0 0 0 0 0 2 67 955 0 0 0 0 0 0 74 950 0 0 0 
0 0 0 4 1020 0 0 0 0 0 0 3 1021 0 0 0 0 0 0 3 1021 0 0 0 
1 1 4 14 1003 1 0 0 1 1 4 16 1002 0 0 0 1 1 4 16 1002 0 0 0 
0 0 0 10 1014 0 0 0 0 0 0 10 1014 0 0 0 0 0 0 10 1014 0 0 0 
0 0 4 11 1007 2 0 0 0 0 4 9 1011 0 0 0 0 0 4 9 1011 0 0 0 
0 0 2 13 1009 0 0 0 0 0 2 13 1009 0 0 0 0 0 2 13 1009 0 0 0 
0 0 0 0 1024 0 0 0 0 0 0 1 1023 0 0 0 0 0 0 1 1023 0 0 0 
0 0 0 0 1024 0 0 0 0 0 0 0 1024 0 0 0 0 0 0 0 1024 0 0 0 
0 0 0 14 1010 0 0 0 0 0 0 6 1017 1 0 0 0 0 0 7 1016 1 0 0 
0 0 0 5 1019 0 0 0 0 0 0 4 1020 0 0 0 0 0 0 4 1020 0 0 0 
0 0 0 0 1018 6 0 0 0 0 0 0 1023 1 0 0 0 0 0 0 1023 1 0 0 
0 0 0 2 1016 6 0 0 0 0 0 2 1020 2 0 0 0 0 0 2 1020 2 0 0 
0 0 0 6 1011 7 0 0 0 0 0 7 1016 1 0 0 0 0 0 8 1015 1 0 0 
0 0 0 0 1024 0 0 0 0 0 0 0 1024 0 0 0 0 0 0 0 1024 0 0 0 
0 0 0 0 1021 3 0 0 0 0 0 0 1023 1 0 0 0 0 0 0 1023 1 0 0 
0 0 0 30 992 2 0 0 0 0 0 7 1017 0 0 0 0 0 0 15 1009 0 0 0 
0 0 1 42 979 2 0 0 0 0 0 16 1008 0 0 0 0 0 0 20 1004 0 0 0 
0 0 0 13 1001 10 0 0 0 0 0 10 1008 6 0 0 0 0 0 10 1008 6 0 0 
0 0 0 7 1012 5 0 0 0 0 0 6 1013 5 0 0 0 0 0 6 1017 1 0 0 
0 0 0 10 998 16 0 0 0 0 0 11 1006 7 0 0 0 0 0 11 1007 6 0 0 
0 0 0 13 996 15 0 0 0 0 0 7 1005 12 0 0 0 0 0 10 1010 4 0 0 
0 0 0 2 1020 2 0 0 0 0 0 1 1021 2 0 0 0 0 0 1 1022 1 0 0 
0 2 0 31 958 33 0 0 0 2 0 19 978 25 0 0 0 2 1 26 979 16 0 0 
0 0 0 5 1019 0 0 0 0 0 0 4 1018 2 0 0 0 0 0 4 1018 2 0 0 
0 0 1 14 998 11 0 0 0 0 1 13 1000 10 0 0 0 0 2 13 1002 7 0 0 
0 0 0 13 1002 9 0 0 0 0 0 14 1006 4 0 0 0 0 0 17 1006 1 0 0 
0 0 0 3 1011 10 0 0 0 0 0 4 1016 4 0 0 0 0 0 4 1016 4 0 0 
0 0 1 25 986 12 0 0 0 0 1 25 993 5 0 0 0 0 1 29 989 5 0 0 
0 0 0 22 998 4 0 0 0 0 0 11 1012 1 0 0 0 0 0 11 1012 1 0 0 
0 0 0 15 1009 0 0 0 0 0 0 14 1010 0 0 0 0 0 0 13 1011 0 0 0 
0 0 1 48 975 0 0 0 0 0 1 35 987 1 0 0 0 0 1 36 986 1 0 0 
0 0 0 20 1004 0 0 0 0 0 0 17 1007 0 0 0 0 0 0 17 1007 0 0 0 
0 0 0 50 974 0 0 0 0 0 0 51 973 0 0 0 0 0 0 51 973 0 0 0 
0 0 5 17 997 5 0 0 0 0 6 17 1001 0 0 0 0 0 6 17 1001 0 0 0 
2 1 5 15 1001 0 0 0 2 1 5 17 999 0 0 0 2 1 5 19 997 0 0 0 
0 0 0 0 1024 0 0 0 0 0 0 0 1024 0 0 0 0 0 0 0 1024 0 0 0 
0 0 0 17 1006 1 0 0 0 0 0 18 1006 0 0 0 0 0 0 18 1006 0 0 0 
0 0 7 153 864 0 0 0 0 0 5 121 898 0 0 0 0 0 6 125 893 0 0 0 
0 0 4 54 966 0 0 0 0 0 4 47 973 0 0 0 0 0 4 47 973 0 0 0 
0 0 4 22 998 0 0 0 0 0 5 32 987 0 0 0 0 0 5 32 987 0 0 0 
0 0 1 61 962 0 0 0 0 0 1 33 990 0 0 0 0 0 1 45 978 0 0 0 
0 0 0 5 1019 0 0 0 0 0 0 6 1018 0 0 0 0 0 0 6 1018 0 0 0 
0 3 3 40 976 2 0 0 0 2 4 37 981 0 0 0 0 3 3 38 980 0 0 0 
0 0 0 2 1022 0 0 0 0 0 0 2 1022 0 0 0 0 0 0 2 1022 0 0 0 
0 1 2 27 994 0 0 0 0 1 2 25 996 0 0 0 0 1 2 25 996 0 0 0 
0 0 0 15 1009 0 0 0 0 0 0 11 1013 0 0 0 0 0 0 11 1013 0 0 0 
0 0 3 24 994 3 0 0 0 0 3 20 1000 1 0 0 0 0 3 22 998 1 0 0 
0 0 0 1 1023 0 0 0 0 0 0 2 1022 0 0 0 0 0 0 2 1022 0 0 0 
0 0 0 5 1019 0 0 0 0 0 0 4 1020 0 0 0 0 0 0 5 1019 0 0 0 
0 0 0 38 983 3 0 0 0 0 0 10 1012 2 0 0 0 0 0 8 1016 0 0 0 
0 0 2 5 1011 6 0 0 0 0 2 5 1015 2 0 0 0 0 2 6 1015 1 0 0 
0 2 1 4 1015 2 0 0 0 2 1 3 1016 2 0 0 0 2 1 4 1015 2 0 0 
0 0 0 3 1018 3 0 0 0 0 0 3 1020 1 0 0 0 0 0 5 1019 0 0 0 
0 0 0 15 1005 4 0 0 0 0 0 12 1011 1 0 0 0 0 0 13 1009 2 0 0 
0 0 0 5 1018 1 0 0 0 0 0 2 1022 0 0 0 0 0 0 5 1019 0 0 0 
0 0 0 2 1021 1 0 0 0 0 0 3 1021 0 0 0 0 0 0 5 1019 0 0 0 
0 0 0 11 1013 0 0 0 0 0 0 10 1014 0 0 0 0 0 0 10 1014 0 0 0 
0 0 2 8 1012 2 0 0 0 0 2 6 1014 2 0 0 0 0 2 9 1013 0 0 0 
0 0 2 15 1002 5 0 0 0 0 1 13 1001 9 0 0 0 0 2 15 1002 5 0 0 
0 0 0 3 1020 1 0 0 0 0 0 4 1017 3 0 0 0 0 0 5 1019 0 0 0 
0 4 3 14 991 12 0 0 0 4 3 15 992 10 0 0 0 4 3 16 997 4 0 0 
0 1 5 8 991 19 0 0 0 1 4 11 998 10 0 0 0 1 4 11 1003 5 0 0 
0 0 1 14 1004 5 0 0 0 0 1 11 1010 2 0 0 0 0 1 13 1008 2 0 0 
0 0 0 25 998 1 0 0 0 0 0 22 1002 0 0 0 0 0 0 22 1002 0 0 0 
0 0 0 8 1016 0 0 0 0 0 0 7 1015 2 0 0 0 0 0 7 1015 2 0 0 
0 0 0 3 1020 1 0 0 0 0 0 3 1021 0 0 0 0 0 0 4 1020 0 0 0 
0 0 2 39 981 2 0 0 0 0 2 16 1006 0 0 0 0 0 2 23 999 0 0 0 
0 0 10 253 761 0 0 0 0 0 11 153 860 0 0 0 0 0 7 191 826 0 0 0 
0 0 0 100 923 1 0 0 0 0 0 46 977 1 0 0 0 0 0 70 953 1 0 0 
0 2 2 17 1002 1 0 0 0 2 2 11 1007 2 0 0 0 2 2 11 1007 2 0 0 
0 0 0 66 958 0 0 0 0 0 0 31 993 0 0 0 0 0 0 33 991 0 0 0 
0 0 0 20 1004 0 0 0 0 0 0 1 1023 0 0 0 0 0 0 1 1023 0 0 0 
0 0 1 24 999 0 0 0 0 0 0 21 1003 0 0 0 0 0 0 21 1003 0 0 0 
0 0 1 61 961 1 0 0 0 0 0 31 993 0 0 0 0 0 0 37 987 0 0 0 
0 5 2 70 944 3 0 0 0 5 3 36 977 3 0 0 0 5 3 38 975 3 0 0 
0 0 0 22 1002 0 0 0 0 0 0 16 1007 1 0 0 0 0 0 17 1007 0 0 0 
0 0 3 27 994 0 0 0 0 0 4 26 994 0 0 0 0 0 4 26 994 0 0 0 
0 0 0 33 991 0 0 0 0 0 0 30 994 0 0 0 0 0 0 30 994 0 0 0 
0 0 0 34 990 0 0 0 0 0 0 36 988 0 0 0 0 0 0 36 988 0 0 0 
0 0 1 72 951 0 0 0 0 0 2 74 948 0 0 0 0 0 2 73 949 0 0 0 
0 0 0 5 1019 0 0 0 0 0 0 6 1018 0 0 0 0 0 0 6 1018 0 0 0 
0 0 1 21 1002 0 0 0 0 0 1 28 995 0 0 0 0 0 1 28 995 0 0 0 
0 0 0 7 1017 0 0 0 0 0 0 10 1014 0 0 0 0 0 0 10 1014 0 0 0 
0 0 0 14 1010 0 0 0 0 0 1 18 1005 0 0 0 0 0 1 19 1004 0 0 0 
0 0 0 0 1024 0 0 0 0 0 0 0 1024 0 0 0 0 0 0 0 1024 0 0 0 
0 0 0 9 1015 0 0 0 0 0 0 9 1015 0 0 0 0 0 0 9 1015 0 0 0 
0 0 0 0 1024 0 0 0 0 0 0 0 1024 0 0 0 0 0 0 0 1024 0 0 0 
0 0 0 1 1023 0 0 0 0 0 0 2 1022 0 0 0 0 0 0 2 1022 0 0 0 
0 0 1 16 1006 1 0 0 0 0 0 17 1006 1 0 0 0 0 0 17 1007 0 0 0 
0 0 0 40 984 0 0 0 0 0 0 21 1003 0 0 0 0 0 0 22 1002 0 0 0 
3 5 8 25 979 4 0 0 1 2 7 25 986 3 0 0 1 3 6 23 989 2 0 0 
4 1 4 6 1006 3 0 0 4 0 5 5 1007 3 0 0 4 0 5 5 1010 0 0 0 
0 0 4 22 997 1 0 0 0 0 4 22 997 1 0 0 0 0 4 23 997 0 0 0 
0 0 0 19 1005 0 0 0 0 0 0 16 1008 0 0 0 0 0 0 17 1007 0 0 0 
0 0 2 22 996 4 0 0 0 0 2 21 998 3 0 0 0 0 2 22 997 3 0 0 
0 0 7 19 996 2 0 0 0 0 4 16 1000 4 0 0 0 0 7 15 1002 0 0 0 
0 0 0 43 974 7 0 0 0 0 0 29 990 5 0 0 0 0 0 30 992 2 0 0 
0 0 3 27 994 0 0 0 0 0 2 29 992 1 0 0 0 0 3 31 990 0 0 0 
0 0 1 32 991 0 0 0 0 0 1 19 1004 0 0 0 0 0 1 22 1001 0 0 0 
0 0 0 20 1001 3 0 0 0 0 0 19 1004 1 0 0 0 0 0 19 1005 0 0 0 
3 0 6 28 984 3 0 0 2 1 2 29 988 2 0 0 2 1 5 28 987 1 0 0 
0 1 2 24 997 0 0 0 0 0 2 18 1004 0 0 0 0 0 2 18 1004 0 0 0 
0 0 0 23 1000 1 0 0 0 0 0 17 1007 0 0 0 0 0 0 18 1006 0 0 0 
4 2 3 43 972 0 0 0 4 2 2 30 986 0 0 0 3 3 2 29 987 0 0 0 
0 0 5 37 980 2 0 0 0 0 4 18 1001 1 0 0 0 0 4 27 992 1 0 0 
0 1 25 99 892 7 0 0 1 1 21 77 918 6 0 0 1 1 21 79 916 6 0 0 
0 0 3 50 971 0 0 0 0 0 3 37 984 0 0 0 0 0 3 34 987 0 0 0 
2 2 5 56 959 0 0 0 2 2 3 39 978 0 0 0 2 2 5 53 962 0 0 0 
0 0 0 14 1010 0 0 0 0 0 0 13 1010 1 0 0 0 0 0 13 1010 1 0 0 
0 1 3 16 1004 0 0 0 0 1 3 18 1002 0 0 0 0 1 3 21 999 0 0 0 
0 0 0 9 1015 0 0 0 0 0 0 6 1018 0 0 0 0 0 0 6 1018 0 0 0 
0 0 8 122 894 0 0 0 0 0 3 108 913 0 0 0 0 0 3 110 911 0 0 0 
0 2 22 131 869 0 0 0 0 1 21 119 883 0 0 0 0 0 18 122 884 0 0 0 
0 0 2 13 1008 1 0 0 0 0 1 14 1009 0 0 0 0 0 1 14 1009 0 0 0 
0 2 3 24 993 2 0 0 0 2 3 30 989 0 0 0 0 2 3 26 993 0 0 0 
0 1 5 81 937 0 0 0 0 1 5 78 940 0 0 0 0 1 5 79 939 0 0 0 
0 0 12 352 659 1 0 0 0 0 8 300 716 0 0 0 0 0 8 319 697 0 0 0 
0 3 9 73 937 2 0 0 0 3 9 68 944 0 0 0 0 3 9 80 932 0 0 0 
0 0 2 97 925 0 0 0 0 0 2 115 907 0 0 0 0 0 2 122 900 0 0 0 
0 8 65 306 645 0 0 0 0 13 52 361 598 0 0 0 0 3 54 343 624 0 0 0 
0 0 0 184 840 0 0 0 0 0 0 196 828 0 0 0 0 0 0 194 830 0 0 0 
0 0 0 135 889 0 0 0 0 0 0 276 748 0 0 0 0 0 0 269 755 0 0 0 
0 0 0 308 716 0 0 0 0 0 0 334 690 0 0 0 0 0 0 334 690 0 0 0 
0 0 4 429 591 0 0 0 0 0 4 457 563 0 0 0 0 0 4 454 566 0 0 0 
0 0 0 303 721 0 0 0 0 0 0 327 697 0 0 0 0 0 0 330 694 0 0 0 
0 0 9 247 768 0 0 0 0 0 9 250 765 0 0 0 0 0 9 249 766 0 0 0 
0 0 8 274 741 1 0 0 0 0 8 242 773 1 0 0 0 0 8 255 760 1 0 0 
0 0 2 228 794 0 0 0 0 0 2 232 790 0 0 0 0 0 2 230 792 0 0 0 
2 1 6 34 980 1 0 0 2 1 5 47 968 1 0 0 2 1 5 47 968 1 0 0 
0 0 0 300 724 0 0 0 0 0 0 287 737 0 0 0 0 0 0 372 652 0 0 0 
0 0 3 190 831 0 0 0 0 0 2 148 874 0 0 0 0 0 2 157 865 0 0 0 
0 2 9 77 888 48 0 0 0 1 10 75 930 8 0 0 0 1 10 80 928 5 0 0 
0 6 5 31 974 8 0 0 0 6 4 23 990 1 0 0 0 6 4 23 990 1 0 0 
0 0 5 45 974 0 0 0 0 0 5 32 986 1 0 0 0 0 5 33 985 1 0 0 
4 2 12 35 969 2 0 0 4 2 12 35 970 1 0 0 4 2 12 36 969 1 0 0 
0 0 0 28 996 0 0 0 0 0 0 19 1005 0 0 0 0 0 0 26 998 0 0 0 
0 0 0 27 997 0 0 0 0 0 0 20 1004 0 0 0 0 0 0 25 999 0 0 0 
0 0 0 99 925 0 0 0 0 0 0 75 949 0 0 0 0 0 0 147 877 0 0 0 
0 1 6 48 969 0 0 0 0 1 6 28 989 0 0 0 0 1 6 42 975 0 0 0 
0 3 3 51 967 0 0 0 0 1 5 40 978 0 0 0 0 1 5 42 976 0 0 0 
0 0 5 95 924 0 0 0 0 0 1 82 941 0 0 0 0 0 1 78 945 0 0 0 
0 0 2 25 997 0 0 0 0 0 2 27 995 0 0 0 0 0 2 27 995 0 0 0 
0 0 0 15 1009 0 0 0 0 0 0 10 1014 0 0 0 0 0 0 10 1014 0 0 0 
0 0 0 12 1012 0 0 0 0 0 0 9 1015 0 0 0 0 0 0 13 1011 0 0 0 
0 0 1 65 958 0 0 0 0 0 1 39 984 0 0 0 0 0 1 69 954 0 0 0 
0 0 9 134 881 0 0 0 0 0 8 83 933 0 0 0 0 0 9 99 916 0 0 0 
0 0 2 68 954 0 0 0 0 0 2 30 992 0 0 0 0 0 2 50 972 0 0 0 
0 0 0 26 998 0 0 0 0 0 0 20 1004 0 0 0 0 0 0 24 1000 0 0 0 
0 1 3 11 1008 1 0 0 0 1 3 6 1013 1 0 0 0 1 3 6 1013 1 0 0 
0 0 4 16 1004 0 0 0 0 0 4 15 1005 0 0 0 0 0 4 15 1005 0 0 0 
0 0 0 3 1021 0 0 0 0 0 0 4 1020 0 0 0 0 0 0 4 1020 0 0 0 
0 0 18 163 843 0 0 0 0 0 12 153 859 0 0 0 0 0 5 150 869 0 0 0 
0 5 51 381 587 0 0 0 0 2 33 342 647 0 0 0 0 3 33 373 615 0 0 0 
0 0 6 88 930 0 0 0 0 0 6 68 950 0 0 0 0 0 6 71 947 0 0 0 
0 0 3 62 959 0 0 0 0 0 3 52 969 0 0 0 0 0 3 52 969 0 0 0 
4 1 9 156 854 0 0 0 4 1 9 123 887 0 0 0 4 1 9 129 881 0 0 0 
0 1 9 110 904 0 0 0 0 1 11 130 882 0 0 0 0 1 10 130 883 0 0 0 
3 8 10 180 823 0 0 0 4 7 11 154 848 0 0 0 4 7 11 200 802 0 0 0 
0 0 11 361 652 0 0 0 0 0 16 317 691 0 0 0 0 0 15 341 668 0 0 0 
0 0 27 473 524 0 0 0 0 0 20 407 597 0 0 0 0 0 16 383 625 0 0 0 
0 1 4 489 530 0 0 0 0 1 6 426 591 0 0 0 0 1 5 457 561 0 0 0 
0 0 0 273 751 0 0 0 0 0 0 316 708 0 0 0 0 0 0 322 702 0 0 0 
0 0 0 202 822 0 0 0 0 0 0 168 856 0 0 0 0 0 0 177 847 0 0 0 
0 1 37 253 733 0 0 0 0 1 33 228 762 0 0 0 0 0 25 254 745 0 0 0 
0 0 0 91 933 0 0 0 0 0 0 72 952 0 0 0 0 0 0 69 955 0 0 0 
0 0 0 84 940 0 0 0 0 0 0 91 933 0 0 0 0 0 0 107 917 0 0 0 
1 7 19 129 868 0 0 0 1 7 19 132 865 0 0 0 1 7 19 162 835 0 0 0 
0 0 0 25 999 0 0 0 0 0 0 20 1004 0 0 0 0 0 0 61 963 0 0 0 
2 2 4 27 987 2 0 0 1 3 2 31 987 0 0 0 1 3 3 31 986 0 0 0 
1 8 5 89 921 0 0 0 1 5 8 88 922 0 0 0 1 7 6 95 915 0 0 0 
3 1 7 56 956 1 0 0 3 1 7 52 961 0 0 0 3 1 7 56 957 0 0 0 
0 3 7 43 970 1 0 0 0 3 4 34 982 1 0 0 0 3 5 36 979 1 0 0 
0 0 4 38 982 0 0 0 0 0 4 33 987 0 0 0 0 0 4 44 976 0 0 0 
3 3 6 73 939 0 0 0 3 2 7 46 965 1 0 0 3 2 7 50 961 1 0 0 
6 4 10 43 961 0 0 0 5 5 9 27 978 0 0 0 6 4 9 32 973 0 0 0 
0 0 0 33 991 0 0 0 0 0 0 13 1011 0 0 0 0 0 0 22 1002 0 0 0 
0 0 0 93 931 0 0 0 0 0 0 49 974 1 0 0 0 0 0 57 966 1 0 0 
2 4 1 22 991 4 0 0 2 4 1 18 996 3 0 0 2 4 1 18 996 3 0 0 
0 0 1 18 1005 0 0 0 0 0 1 17 1006 0 0 0 0 0 1 17 1006 0 0 0 
0 0 0 15 1009 0 0 0 0 0 0 11 1013 0 0 0 0 0 0 13 1011 0 0 0 
0 0 0 13 1010 1 0 0 0 0 0 4 1020 0 0 0 0 0 0 5 1019 0 0 0 
0 3 5 13 1003 0 0 0 0 2 5 11 1006 0 0 0 0 2 5 12 1005 0 0 0 
0 0 0 7 1017 0 0 0 0 0 0 7 1017 0 0 0 0 0 0 7 1017 0 0 0 
0 0 0 17 1007 0 0 0 0 0 0 5 1019 0 0 0 0 0 0 16 1008 0 0 0 
0 0 0 5 1019 0 0 0 0 0 0 3 1021 0 0 0 0 0 0 3 1021 0 0 0 
0 0 0 2 1022 0 0 0 0 0 0 3 1021 0 0 0 0 0 0 3 1021 0 0 0 
0 0 0 24 1000 0 0 0 0 0 0 24 1000 0 0 0 0 0 0 24 1000 0 0 0 
0 0 2 72 950 0 0 0 0 0 0 21 1003 0 0 0 0 0 1 43 980 0 0 0 
0 0 4 214 806 0 0 0 0 0 3 112 909 0 0 0 0 0 3 125 896 0 0 0 
0 0 1 41 982 0 0 0 0 0 1 32 991 0 0 0 0 0 1 32 991 0 0 0 
0 1 4 26 993 0 0 0 0 1 4 35 984 0 0 0 0 1 4 35 984 0 0 0 
0 2 2 21 999 0 0 0 0 1 3 18 1002 0 0 0 0 2 2 20 1000 0 0 0 
1 2 3 40 978 0 0 0 1 1 4 39 979 0 0 0 1 1 4 40 978 0 0 0 
0 0 4 103 917 0 0 0 0 0 3 77 944 0 0 0 0 0 3 79 942 0 0 0 
0 0 0 26 998 0 0 0 0 0 0 32 992 0 0 0 0 0 0 45 979 0 0 0 
0 0 0 129 895 0 0 0 0 0 0 121 903 0 0 0 0 0 0 118 906 0 0 0 
0 1 12 198 813 0 0 0 0 1 13 172 838 0 0 0 0 1 13 171 839 0 0 0 
0 0 0 111 913 0 0 0 0 0 0 98 926 0 0 0 0 0 0 95 929 0 0 0 
0 0 0 48 976 0 0 0 0 0 0 52 972 0 0 0 0 0 0 67 957 0 0 0 
0 0 0 116 908 0 0 0 0 0 0 103 921 0 0 0 0 0 0 108 916 0 0 0 
1 92 36 281 614 0 0 0 0 87 39 329 569 0 0 0 0 85 43 333 563 0 0 0 
1 11 17 311 684 0 0 0 3 15 16 386 604 0 0 0 0 12 17 390 605 0 0 0 
0 0 0 289 735 0 0 0 0 0 0 335 689 0 0 0 0 0 0 310 714 0 0 0 
0 0 0 483 541 0 0 0 0 0 0 404 620 0 0 0 0 0 0 450 574 0 0 0 
0 0 0 113 911 0 0 0 0 0 0 120 904 0 0 0 0 0 0 120 904 0 0 0 
0 4 1 52 967 0 0 0 0 4 2 60 958 0 0 0 0 4 2 60 958 0 0 0 
2 4 11 76 931 0 0 0 2 5 11 76 930 0 0 0 2 5 11 141 865 0 0 0 
0 0 0 78 946 0 0 0 0 0 0 89 935 0 0 0 0 0 0 89 935 0 0 0 
0 8 9 82 925 0 0 0 0 8 9 85 922 0 0 0 0 8 10 86 920 0 0 0 
0 0 0 27 997 0 0 0 0 0 0 25 999 0 0 0 0 0 0 32 992 0 0 0 
0 0 1 19 1004 0 0 0 0 0 1 24 999 0 0 0 0 0 1 23 1000 0 0 0 
0 2 5 17 999 1 0 0 0 2 6 12 1004 0 0 0 0 2 6 24 992 0 0 0 
0 0 1 27 996 0 0 0 0 0 1 24 999 0 0 0 0 0 1 24 999 0 0 0 
0 0 9 31 982 2 0 0 0 0 7 35 981 1 0 0 0 0 9 35 979 1 0 0 
2 3 5 46 967 1 0 0 2 2 6 47 966 1 0 0 2 3 6 47 965 1 0 0 
0 0 1 37 986 0 0 0 0 0 1 33 990 0 0 0 0 0 1 37 986 0 0 0 
1 4 5 177 835 2 0 0 1 4 3 122 894 0 0 0 1 4 5 145 869 0 0 0 
0 0 0 17 1007 0 0 0 0 0 0 16 1008 0 0 0 0 0 0 18 1006 0 0 0 
0 0 0 19 1004 1 0 0 0 0 0 17 1007 0 0 0 0 0 1 28 995 0 0 0 
0 1 3 34 986 0 0 0 0 1 3 23 997 0 0 0 0 1 3 25 995 0 0 0 
0 0 2 41 981 0 0 0 0 0 3 26 995 0 0 0 0 0 3 27 994 0 0 0 
0 0 0 28 996 0 0 0 0 0 0 10 1014 0 0 0 0 0 0 26 998 0 0 0 
0 1 3 51 964 5 0 0 0 1 3 30 988 2 0 0 0 1 4 32 986 1 0 0 
0 0 0 3 1021 0 0 0 0 0 0 2 1022 0 0 0 0 0 0 2 1022 0 0 0 
0 0 0 23 995 6 0 0 0 0 2 16 1001 5 0 0 0 0 2 17 1000 5 0 0 
0 0 3 12 1009 0 0 0 0 0 3 10 1011 0 0 0 0 0 3 11 1010 0 0 0 
0 0 0 12 1011 1 0 0 0 0 0 8 1016 0 0 0 0 0 0 7 1017 0 0 0 
0 0 1 58 965 0 0 0 0 0 2 32 990 0 0 0 0 0 2 35 987 0 0 0 
0 0 1 64 959 0 0 0 0 0 1 61 962 0 0 0 0 0 1 60 963 0 0 0 
0 8 66 199 748 3 0 0 0 1 68 208 747 0 0 0 0 3 53 225 743 0 0 0 
0 4 23 279 718 0 0 0 0 0 16 247 761 0 0 0 0 0 17 254 753 0 0 0 
1 4 7 110 902 0 0 0 1 3 8 121 891 0 0 0 1 3 8 121 891 0 0 0 
2 5 20 167 830 0 0 0 2 5 17 97 903 0 0 0 2 5 17 151 849 0 0 0 
5 6 12 173 827 1 0 0 5 5 14 178 821 1 0 0 5 6 12 177 823 1 0 0 
1 1 9 232 781 0 0 0 1 1 7 173 842 0 0 0 1 1 7 175 840 0 0 0 
0 0 0 66 958 0 0 0 0 0 0 67 957 0 0 0 0 0 0 66 958 0 0 0 
4 7 10 290 712 1 0 0 4 7 10 213 790 0 0 0 6 6 12 237 763 0 0 0 
0 0 9 258 757 0 0 0 0 0 4 155 865 0 0 0 0 0 3 183 838 0 0 0 
0 0 5 67 952 0 0 0 0 0 5 88 931 0 0 0 0 0 5 88 931 0 0 0 
0 2 4 64 954 0 0 0 0 2 4 71 947 0 0 0 0 2 4 71 947 0 0 0 
0 0 0 14 1010 0 0 0 0 0 0 14 1010 0 0 0 0 0 0 14 1010 0 0 0 
0 0 0 2 1022 0 0 0 0 0 0 2 1022 0 0 0 0 0 0 2 1022 0 0 0 
0 0 0 1 1023 0 0 0 0 0 0 1 1023 0 0 0 0 0 0 1 1023 0 0 0 
0 0 0 157 860 7 0 0 0 0 0 127 894 3 0 0 0 0 0 131 888 5 0 0 
0 0 0 80 944 0 0 0 0 0 0 84 940 0 0 0 0 0 0 100 924 0 0 0 
0 0 2 46 974 2 0 0 0 0 2 54 966 2 0 0 0 0 2 48 972 2 0 0 
0 0 1 148 875 0 0 0 0 0 1 135 888 0 0 0 0 0 2 154 868 0 0 0 
0 0 2 28 994 0 0 0 0 0 2 19 1003 0 0 0 0 0 2 23 999 0 0 0 
0 0 0 16 1008 0 0 0 0 0 0 22 1002 0 0 0 0 0 0 22 1002 0 0 0 
0 0 3 17 1004 0 0 0 0 0 3 16 1005 0 0 0 0 0 3 16 1005 0 0 0 
0 1 3 4 1016 0 0 0 0 1 3 4 1016 0 0 0 0 1 3 4 1016 0 0 0 
0 0 2 78 944 0 0 0 0 0 2 53 969 0 0 0 0 0 2 63 959 0 0 0 
0 1 5 38 980 0 0 0 0 1 5 29 989 0 0 0 0 1 5 30 988 0 0 0 
0 0 2 42 980 0 0 0 0 0 3 35 986 0 0 0 0 0 3 35 986 0 0 0 
5 5 16 56 940 2 0 0 5 6 16 43 953 1 0 0 3 5 15 53 946 2 0 0 
3 4 8 31 978 0 0 0 4 3 8 32 977 0 0 0 3 4 8 45 964 0 0 0 
10 16 28 120 850 0 0 0 11 14 24 117 858 0 0 0 12 13 25 126 848 0 0 0 
8 20 27 150 818 1 0 0 5 22 19 131 846 1 0 0 5 14 25 136 843 1 0 0 
2 7 5 99 911 0 0 0 2 7 5 81 929 0 0 0 2 7 5 84 926 0 0 0 
8 7 9 94 900 6 0 0 9 4 9 66 936 0 0 0 7 7 7 86 914 3 0 0 
7 4 25 153 833 2 0 0 6 5 22 164 826 1 0 0 7 4 19 180 813 1 0 0 
0 2 13 77 932 0 0 0 0 2 14 75 933 0 0 0 0 2 14 75 933 0 0 0 
5 5 10 86 918 0 0 0 5 5 8 85 921 0 0 0 5 5 9 93 911 1 0 0 
0 0 5 28 991 0 0 0 0 0 5 25 994 0 0 0 0 0 5 31 988 0 0 0 
0 2 7 58 956 1 0 0 0 2 7 60 955 0 0 0 0 2 7 60 955 0 0 0 
0 1 5 49 969 0 0 0 0 1 6 28 989 0 0 0 0 1 6 28 989 0 0 0 
4 7 15 76 922 0 0 0 3 11 12 63 935 0 0 0 3 9 13 62 937 0 0 0 
0 0 0 63 961 0 0 0 0 0 0 65 959 0 0 0 0 0 0 74 950 0 0 0 
12 15 12 145 840 0 0 0 13 13 13 129 856 0 0 0 12 14 14 161 823 0 0 0 
2 3 6 253 760 0 0 0 1 4 6 221 792 0 0 0 1 4 7 274 738 0 0 0 
0 0 0 47 977 0 0 0 0 0 0 36 988 0 0 0 0 0 0 39 985 0 0 0 
0 0 6 203 815 0 0 0 0 0 6 157 861 0 0 0 0 0 6 169 849 0 0 0 
0 3 6 106 909 0 0 0 0 3 6 79 936 0 0 0 0 3 6 88 927 0 0 0 
0 0 0 38 985 1 0 0 0 0 0 45 978 1 0 0 0 0 0 45 978 1 0 0 
0 0 0 46 978 0 0 0 0 0 1 43 980 0 0 0 0 0 1 51 972 0 0 0 
0 0 3 47 974 0 0 0 0 0 3 70 951 0 0 0 0 0 3 69 952 0 0 0 
0 3 9 57 955 0 0 0 0 3 9 61 951 0 0 0 0 4 9 61 950 0 0 0 
0 0 0 86 938 0 0 0 0 0 0 87 937 0 0 0 0 0 0 88 936 0 0 0 
0 0 3 68 953 0 0 0 0 0 1 84 939 0 0 0 0 0 1 86 937 0 0 0 
0 0 1 66 957 0 0 0 0 0 1 75 948 0 0 0 0 0 1 75 948 0 0 0 
0 0 0 136 888 0 0 0 0 0 0 156 868 0 0 0 0 0 0 179 845 0 0 0 
0 0 0 14 1010 0 0 0 0 0 0 31 993 0 0 0 0 0 0 31 993 0 0 0 
0 2 18 117 887 0 0 0 0 2 16 114 892 0 0 0 0 0 17 128 879 0 0 0 
0 0 0 67 957 0 0 0 0 0 0 60 964 0 0 0 0 0 0 61 963 0 0 0 
1 3 9 125 886 0 0 0 2 3 7 141 871 0 0 0 1 3 6 141 873 0 0 0 
0 0 2 53 969 0 0 0 0 0 2 80 942 0 0 0 0 0 2 83 939 0 0 0 
0 1 4 121 898 0 0 0 0 1 4 122 897 0 0 0 0 1 4 121 898 0 0 0 
0 0 1 324 699 0 0 0 0 0 1 357 666 0 0 0 0 0 1 353 670 0 0 0 
15 9 14 237 749 0 0 0 18 10 16 360 620 0 0 0 18 10 14 355 627 0 0 0 
0 0 0 113 911 0 0 0 0 0 0 197 827 0 0 0 0 0 0 182 842 0 0 0 
0 0 5 66 952 1 0 0 0 0 2 52 969 1 0 0 0 0 2 50 971 1 0 0 
0 2 17 299 706 0 0 0 0 1 20 360 643 0 0 0 0 1 20 357 646 0 0 0 
0 3 22 342 657 0 0 0 0 3 21 382 618 0 0 0 0 3 23 372 626 0 0 0 
0 0 1 302 721 0 0 0 0 0 0 302 722 0 0 0 0 0 0 301 723 0 0 0 
3 7 8 65 941 0 0 0 2 7 6 58 951 0 0 0 2 7 7 56 952 0 0 0 
6 15 21 327 655 0 0 0 3 10 20 400 591 0 0 0 1 10 18 419 576 0 0 0 
2 3 19 225 775 0 0 0 3 2 14 180 825 0 0 0 3 2 16 255 748 0 0 0 
0 0 5 59 960 0 0 0 0 1 4 70 948 1 0 0 0 1 4 73 945 1 0 0 
4 0 12 59 947 2 0 0 3 1 13 61 945 1 0 0 4 0 14 63 942 1 0 0 
3 3 3 45 969 1 0 0 3 3 1 38 979 0 0 0 3 3 3 37 978 0 0 0 
1 3 8 91 921 0 0 0 0 4 8 86 926 0 0 0 0 4 8 86 926 0 0 0 
0 8 24 206 757 28 1 0 0 4 28 221 757 14 0 0 0 2 23 212 772 15 0 0 
0 2 2 207 813 0 0 0 0 2 2 170 850 0 0 0 0 2 2 202 818 0 0 0 
0 2 4 29 989 0 0 0 0 1 5 28 990 0 0 0 0 1 5 35 983 0 0 0 
5 4 16 104 894 1 0 0 4 2 15 98 903 2 0 0 5 4 14 100 901 0 0 0 
0 0 16 155 853 0 0 0 0 0 15 88 921 0 0 0 0 0 15 106 903 0 0 0 
0 2 25 275 722 0 0 0 0 2 21 261 740 0 0 0 0 2 21 271 730 0 0 0 
0 1 21 143 859 0 0 0 0 0 18 70 936 0 0 0 0 0 18 112 894 0 0 0 
0 3 5 29 985 2 0 0 0 3 5 36 980 0 0 0 0 3 5 34 982 0 0 0 
1 3 9 206 805 0 0 0 1 3 10 229 781 0 0 0 1 3 10 229 781 0 0 0 
1 3 4 299 717 0 0 0 1 3 4 179 837 0 0 0 1 2 5 201 815 0 0 0 
7 3 9 270 735 0 0 0 7 4 9 246 758 0 0 0 7 4 9 247 757 0 0 0 
3 7 7 102 905 0 0 0 3 7 6 90 918 0 0 0 3 7 7 93 914 0 0 0 
0 0 0 56 968 0 0 0 0 0 0 74 950 0 0 0 0 0 0 74 950 0 0 0 
0 2 10 59 953 0 0 0 0 2 10 71 941 0 0 0 0 2 10 71 941 0 0 0 
0 0 0 58 966 0 0 0 0 0 0 65 959 0 0 0 0 0 0 66 958 0 0 0 
0 0 2 100 922 0 0 0 0 0 3 142 879 0 0 0 0 0 3 141 880 0 0 0 
4 2 5 271 742 0 0 0 3 2 10 257 752 0 0 0 4 2 5 271 742 0 0 0 
15 16 25 75 891 2 0 0 34 13 16 113 848 0 0 0 23 20 17 132 832 0 0 0 
9 12 39 383 579 2 0 0 10 17 39 463 495 0 0 0 8 16 36 475 489 0 0 0 
0 5 24 595 400 0 0 0 0 5 26 661 332 0 0 0 0 4 19 646 355 0 0 0 
1 6 25 387 605 0 0 0 2 5 27 529 461 0 0 0 2 4 24 475 519 0 0 0 
0 0 8 186 830 0 0 0 0 0 10 276 738 0 0 0 0 0 10 277 737 0 0 0 
0 1 7 63 953 0 0 0 0 1 15 104 904 0 0 0 0 1 9 97 917 0 0 0 
0 0 4 50 970 0 0 0 0 0 1 64 959 0 0 0 0 0 2 75 947 0 0 0 
0 0 0 67 957 0 0 0 0 0 0 54 970 0 0 0 0 0 0 56 968 0 0 0 
0 0 0 98 926 0 0 0 0 0 0 104 920 0 0 0 0 0 0 106 918 0 0 0 
0 0 1 160 863 0 0 0 0 0 1 156 867 0 0 0 0 0 0 169 855 0 0 0 
0 3 7 300 714 0 0 0 0 1 6 284 733 0 0 0 0 2 7 343 672 0 0 0 
0 0 1 287 736 0 0 0 0 0 1 345 678 0 0 0 0 0 1 338 685 0 0 0 
0 0 5 290 729 0 0 0 0 0 4 301 719 0 0 0 0 0 5 309 710 0 0 0 
0 1 22 462 539 0 0 0 0 0 16 479 529 0 0 0 0 0 16 478 530 0 0 0 
0 0 8 661 355 0 0 0 0 0 7 681 336 0 0 0 0 0 7 681 336 0 0 0 
4 8 22 400 590 0 0 0 5 5 19 411 584 0 0 0 3 8 18 434 561 0 0 0 
4 4 5 170 841 0 0 0 4 8 2 188 822 0 0 0 4 4 5 188 823 0 0 0 
0 0 2 706 316 0 0 0 0 0 2 703 319 0 0 0 0 0 2 711 311 0 0 0 
0 0 5 604 415 0 0 0 0 0 6 606 412 0 0 0 0 0 4 600 420 0 0 0 
0 0 4 476 544 0 0 0 0 0 3 495 526 0 0 0 0 0 2 494 528 0 0 0 
0 2 16 210 796 0 0 0 0 1 16 183 824 0 0 0 0 1 17 254 752 0 0 0 
2 2 10 561 448 1 0 0 2 2 13 475 532 0 0 0 2 2 13 522 485 0 0 0 
0 0 6 299 719 0 0 0 0 0 4 212 808 0 0 0 0 0 4 239 781 0 0 0 
15 12 19 204 774 0 0 0 18 9 12 164 821 0 0 0 18 8 17 165 816 0 0 0 
6 11 27 222 758 0 0 0 6 7 27 226 758 0 0 0 6 7 27 244 740 0 0 0 
0 0 0 58 966 0 0 0 0 0 0 46 978 0 0 0 0 0 0 98 926 0 0 0 
0 0 7 83 934 0 0 0 0 0 6 73 945 0 0 0 0 0 5 76 943 0 0 0 
0 0 0 38 986 0 0 0 0 0 0 38 986 0 0 0 0 0 0 38 986 0 0 0 
0 1 5 279 739 0 0 0 0 1 5 138 880 0 0 0 0 1 5 153 865 0 0 0 
16 10 15 180 803 0 0 0 17 11 13 162 821 0 0 0 17 9 14 172 812 0 0 0 
1 1 4 149 867 2 0 0 1 2 2 158 861 0 0 0 1 1 3 160 858 1 0 0 
0 2 5 171 846 0 0 0 0 2 5 96 921 0 0 0 0 2 5 101 916 0 0 0 
0 3 5 150 866 0 0 0 1 3 3 104 913 0 0 0 1 3 3 109 908 0 0 0 
4 4 14 108 894 0 0 0 4 5 11 114 890 0 0 0 4 5 11 113 891 0 0 0 
0 0 1 26 997 0 0 0 0 0 0 32 992 0 0 0 0 0 0 32 992 0 0 0 
3 3 2 58 958 0 0 0 2 4 3 46 969 0 0 0 2 4 1 40 977 0 0 0 
0 0 0 25 999 0 0 0 0 0 0 31 993 0 0 0 0 0 0 30 994 0 0 0 
0 0 5 56 963 0 0 0 0 0 5 62 957 0 0 0 0 0 6 72 946 0 0 0 
2 3 7 102 910 0 0 0 3 4 8 96 913 0 0 0 2 4 8 105 905 0 0 0 
0 5 12 305 702 0 0 0 0 5 15 314 690 0 0 0 0 5 15 302 702 0 0 0 
0 0 0 173 851 0 0 0 0 0 0 224 800 0 0 0 0 0 0 224 800 0 0 0 
0 0 3 98 923 0 0 0 0 0 4 109 911 0 0 0 0 0 4 108 912 0 0 0 
