134.40223583137944 -27.67915256544333 -59.72802606526865 70.24584442580397 77.11058295756976 
167.5608347902298 -9.7512113299342 -73.7082288903396 83.79515096228376 100.19029038334287 
171.08815831898124 -5.698039190532455 0.11971818952074287 91.62496077136336 95.602237492628 
158.36331908142432 -9.60719823216516 -8.357880498814097 110.21349439652099 55.080598544996114 
155.33889396873454 -14.031150556185963 -1.2666180412893588 87.2400007806803 87.00649024375508 
-365.342897249948 214.73701023007163 -226.98053477871545 -144.85975283719355 -59.15922574094161 
143.30156629894518 -21.80169658114623 -4.458387700890809 90.50231130395669 92.74225744808365 
167.41170254023626 -18.197318245814984 -40.46227217287479 119.6753614662327 90.8684801762607 
-199.08307654048147 141.98710068298837 -40.64594784916598 -17.738906609370417 -192.9796062600131 
174.79748883270895 73.81359697526233 -76.80237446402178 -18.136761779999517 28.644848922779733 
-196.07761253797986 -60.569737727916845 126.34457019014164 -80.34327576882032 -206.43466237148795 
176.32686129780245 17.72758784066565 -27.48026351854472 64.24783504151793 43.02830378119514 
-140.84752174725787 -564.9062216689863 41.14195847381395 -251.535967222889 -297.6505284949418 
45.28112038197192 -63.6729795430975 154.9322323551896 35.91002202119179 121.86247509634084 
168.2113755401802 -7.849767968630758 4.233771779811807 98.3693478101315 102.64449284154304 
-100.12284485456527 43.865269597019235 -14.758294697840356 40.26660319391597 -24.031209149155224 
-459.9007289553983 -153.29861110534836 61.33685920922845 -214.60246398650267 -358.47949367704507 
182.0848411850339 49.75335993527803 -64.65960290361176 44.32591765325772 54.349382939011655 
157.93389480445765 -10.634471688946746 0.6553629657018636 101.61515364392508 100.07716747156843 
-623.9957560493192 -131.622151398835 -13.522297288578898 -346.7408004517041 -368.5514309964783 
169.5119262439764 -4.669403786573682 2.5452584697444376 103.7773235179823 106.81896989878781 
20.5637151460543 -30.22457140300871 145.5091809719289 11.302604402219316 -110.4894881675853 
-108.33749679312581 -28.92292417545379 -115.78026511431673 -28.501386415820647 44.86801163187156 
208.24586946463214 -35.83324156493971 258.2731593249582 -352.3422424777813 -347.232788902167 
173.63673628937642 -74.04999207612195 -81.8827196812194 172.21387311858945 93.94597184618891 
-346.89221342214375 146.18014137859575 94.55304075763772 -14.217624832942114 -76.608335492554 
-325.216927613055 547.0630633979727 11.447047795748475 -21.825814794096978 -264.4837678243641 
-91.15058280591278 359.60471720679186 72.56400677174217 -431.2375362247341 -25.405347363203475 
-64.86895685675829 -29.505778587892983 48.23770892553296 14.34109654072757 17.08844312384946 
167.19964245002444 -5.670345833013116 1.8099636320651964 98.05573543497741 103.38834258445013 
101.83639057337695 -4.679546746646253 -4.249932238331321 50.86286145867883 67.51890180480825 
-141.18785079279826 -181.1299774561241 -270.39853937672865 78.77460139628593 143.29081845700475 
-726.302397852445 -65.65723437854402 -97.97248158652965 -198.93030014601572 -256.9217531383671 
159.45436289955902 -8.978827609760728 -7.102667796000498 97.92327872936049 105.70536504485551 
-193.79689048767005 -62.076158130697415 -281.6150568211732 -63.579555207778796 -39.183656019839304 
172.1708359822621 -5.674627357433451 -2.864282084300484 99.49722761994529 106.0162925395768 
88.21754654184564 -9.310417523224082 55.08418523042263 -6.1640729981956 -15.66809638783026 
171.98474317678412 -7.992670259610605 2.0371120902301616 99.27399758058348 104.16487869923836 
171.24873365833253 -5.916030531948806 -5.49099926783401 102.35534087379028 106.76892145886995 
118.79655750612797 12.348582970111007 119.75269170371821 -32.46077427996913 -104.19390400052428 
167.98796574211354 -0.42893923273905443 0.6547520605123065 93.59724148023173 108.5040026590381 
173.92363382394467 -19.7823685735585 -21.013231187825866 68.01669674517798 102.55195032074084 
130.44269942398324 -43.96798035070956 -35.36054212990578 65.97156554568123 98.52019879274401 
164.68228381565723 -2.4121026357095587 -2.7415618804000044 94.90458339820964 101.54387412244057 
-136.80070248004495 -153.03350124958072 365.5921257560053 81.0832133914608 -148.49352334403372 
-795.8330481389971 355.8655763483118 29.683478368350222 -209.88090093030186 -355.3096935056702 
173.90959918315875 -7.374652562639625 3.4471304761671853 101.17296881670266 108.22370863048012 
164.55434904069503 -215.34891306053333 59.23191014134582 -140.53699741364147 50.68842860349717 
168.6658322886003 -6.400785995753537 10.227209487655204 95.51650564710454 104.34464419163731 
