4.0 1.0 4.0 0.0 9.0 0.0 9.0 0.0 0.0 0.0 1.0 5.0 28.0 1.0 2.0 0.0 1.0 0.0 2.0 0.0 5.0 0.0 0.0 2.0 0.0 0.0 4.0 0.0 0.0 1.0 1.0 0.0 
2.0 38.0 19.0 1.0 26.0 24.0 95.0 6.0 42.0 14.0 14.0 2.0 18.0 170.0 20.0 0.0 1.0 77.0 116.0 0.0 2.0 30.0 0.0 0.0 0.0 0.0 3.0 0.0 0.0 4.0 24.0 20.0 
1.0 0.0 6.0 0.0 12.0 1.0 9.0 5.0 1.0 6.0 10.0 1.0 7.0 0.0 9.0 0.0 0.0 27.0 10.0 0.0 1.0 1.0 16.0 8.0 0.0 0.0 8.0 1.0 3.0 2.0 0.0 5.0 
7.0 1.0 2.0 5.0 27.0 5.0 38.0 0.0 14.0 1.0 2.0 11.0 2.0 0.0 48.0 0.0 7.0 0.0 0.0 2.0 46.0 0.0 0.0 23.0 2.0 0.0 0.0 1.0 0.0 2.0 1.0 0.0 
2.0 1.0 0.0 0.0 10.0 4.0 20.0 0.0 15.0 0.0 1.0 0.0 0.0 2.0 0.0 0.0 2.0 0.0 0.0 0.0 12.0 0.0 0.0 1.0 0.0 0.0 0.0 0.0 0.0 0.0 0.0 0.0 
1.0 1.0 1.0 0.0 17.0 4.0 26.0 2.0 5.0 24.0 23.0 5.0 5.0 2.0 26.0 0.0 5.0 7.0 6.0 0.0 3.0 1.0 0.0 0.0 0.0 0.0 11.0 0.0 0.0 15.0 2.0 0.0 
153.0 2.0 181.0 8.0 140.0 98.0 163.0 2.0 27.0 7.0 43.0 118.0 150.0 8.0 104.0 0.0 97.0 23.0 72.0 0.0 99.0 15.0 3.0 128.0 3.0 0.0 122.0 12.0 0.0 55.0 32.0 35.0 
0.0 0.0 14.0 24.0 30.0 2.0 132.0 1.0 6.0 0.0 71.0 1.0 20.0 1.0 42.0 15.0 12.0 1.0 2.0 0.0 0.0 0.0 0.0 0.0 0.0 0.0 5.0 10.0 0.0 34.0 9.0 0.0 
27.0 12.0 14.0 8.0 45.0 142.0 111.0 3.0 54.0 16.0 12.0 3.0 11.0 198.0 38.0 0.0 3.0 9.0 26.0 0.0 8.0 0.0 0.0 6.0 0.0 0.0 61.0 2.0 0.0 23.0 112.0 1.0 
0.0 0.0 0.0 0.0 8.0 3.0 34.0 0.0 4.0 1.0 0.0 0.0 1.0 10.0 3.0 0.0 0.0 7.0 4.0 0.0 10.0 0.0 0.0 2.0 0.0 0.0 0.0 0.0 0.0 2.0 1.0 0.0 
91.0 13.0 354.0 1.0 573.0 201.0 243.0 17.0 185.0 1.0 13.0 17.0 854.0 15.0 31.0 0.0 16.0 1.0 1.0 0.0 215.0 11.0 2.0 181.0 0.0 0.0 5.0 7.0 0.0 19.0 5.0 0.0 
3.0 61.0 32.0 19.0 27.0 18.0 331.0 171.0 98.0 137.0 23.0 1.0 3.0 45.0 76.0 0.0 50.0 209.0 226.0 0.0 70.0 41.0 11.0 47.0 6.0 0.0 95.0 0.0 0.0 80.0 20.0 0.0 
599.0 244.0 60.0 33.0 319.0 104.0 391.0 66.0 73.0 126.0 58.0 60.0 133.0 71.0 1447.0 0.0 22.0 95.0 108.0 0.0 164.0 1.0 0.0 61.0 3.0 0.0 357.0 30.0 0.0 118.0 198.0 0.0 
6.0 4.0 18.0 4.0 19.0 89.0 254.0 83.0 150.0 27.0 27.0 1.0 9.0 15.0 51.0 21.0 10.0 111.0 43.0 8.0 72.0 8.0 11.0 12.0 2.0 3.0 16.0 48.0 0.0 30.0 9.0 39.0 
1.0 0.0 0.0 0.0 29.0 2.0 11.0 0.0 4.0 0.0 3.0 3.0 3.0 0.0 8.0 0.0 3.0 0.0 1.0 0.0 1.0 0.0 0.0 0.0 0.0 0.0 0.0 0.0 0.0 1.0 0.0 0.0 
5.0 9.0 19.0 0.0 86.0 12.0 181.0 14.0 59.0 200.0 130.0 15.0 47.0 3.0 115.0 0.0 13.0 38.0 221.0 0.0 138.0 1.0 0.0 328.0 0.0 0.0 118.0 29.0 0.0 99.0 20.0 0.0 
3.0 63.0 28.0 2.0 36.0 28.0 46.0 0.0 149.0 12.0 40.0 21.0 43.0 2.0 8.0 0.0 2.0 6.0 99.0 0.0 69.0 9.0 9.0 72.0 4.0 0.0 1.0 0.0 0.0 8.0 8.0 0.0 
157.0 687.0 17.0 1.0 717.0 358.0 1864.0 157.0 1010.0 419.0 758.0 286.0 74.0 183.0 1661.0 0.0 466.0 174.0 372.0 0.0 998.0 0.0 0.0 519.0 0.0 0.0 354.0 1.0 0.0 422.0 95.0 0.0 
120.0 6.0 9.0 0.0 334.0 15.0 135.0 0.0 29.0 9.0 44.0 131.0 95.0 16.0 671.0 0.0 441.0 9.0 0.0 0.0 13.0 1.0 0.0 1.0 0.0 0.0 340.0 0.0 0.0 13.0 68.0 0.0 
21.0 156.0 6.0 0.0 38.0 18.0 127.0 28.0 25.0 49.0 20.0 0.0 22.0 3.0 108.0 0.0 7.0 36.0 35.0 0.0 18.0 17.0 12.0 48.0 2.0 0.0 17.0 35.0 0.0 9.0 26.0 1.0 
5.0 2.0 0.0 0.0 4.0 13.0 15.0 0.0 1.0 1.0 1.0 2.0 0.0 3.0 3.0 0.0 2.0 1.0 4.0 0.0 9.0 0.0 0.0 3.0 0.0 0.0 1.0 0.0 0.0 0.0 0.0 0.0 
29.0 2.0 0.0 27.0 3.0 43.0 57.0 19.0 152.0 29.0 67.0 0.0 0.0 9.0 49.0 18.0 14.0 32.0 68.0 0.0 54.0 0.0 9.0 24.0 2.0 0.0 32.0 47.0 0.0 11.0 37.0 6.0 
21.0 0.0 5.0 0.0 20.0 36.0 20.0 1.0 1.0 62.0 79.0 11.0 46.0 94.0 29.0 0.0 28.0 12.0 72.0 0.0 9.0 2.0 0.0 158.0 0.0 0.0 41.0 0.0 0.0 98.0 5.0 0.0 
0.0 5.0 0.0 0.0 9.0 0.0 8.0 0.0 13.0 0.0 1.0 0.0 0.0 0.0 1.0 0.0 0.0 0.0 3.0 0.0 23.0 0.0 0.0 22.0 0.0 0.0 0.0 0.0 3.0 0.0 2.0 0.0 
1.0 4.0 0.0 0.0 7.0 8.0 32.0 0.0 10.0 0.0 1.0 0.0 4.0 14.0 9.0 0.0 4.0 0.0 0.0 0.0 1.0 0.0 0.0 0.0 0.0 0.0 2.0 0.0 0.0 3.0 0.0 0.0 
0.0 7.0 21.0 10.0 147.0 5.0 252.0 21.0 24.0 5.0 19.0 48.0 54.0 2.0 126.0 2.0 7.0 15.0 3.0 0.0 2.0 1.0 0.0 0.0 0.0 0.0 30.0 29.0 0.0 10.0 2.0 38.0 
13.0 1.0 0.0 0.0 15.0 4.0 16.0 0.0 5.0 0.0 4.0 2.0 0.0 2.0 17.0 0.0 11.0 0.0 0.0 0.0 0.0 0.0 0.0 0.0 0.0 0.0 6.0 0.0 0.0 4.0 0.0 0.0 
1.0 1.0 2.0 0.0 20.0 0.0 18.0 0.0 0.0 3.0 2.0 1.0 23.0 0.0 4.0 0.0 2.0 1.0 0.0 0.0 6.0 0.0 0.0 13.0 0.0 0.0 1.0 0.0 0.0 1.0 0.0 0.0 
11.0 0.0 0.0 0.0 31.0 9.0 23.0 0.0 1.0 0.0 3.0 5.0 5.0 0.0 3.0 0.0 5.0 0.0 1.0 0.0 0.0 0.0 0.0 0.0 0.0 0.0 0.0 0.0 2.0 0.0 1.0 0.0 
9.0 0.0 69.0 0.0 133.0 32.0 143.0 47.0 9.0 12.0 10.0 4.0 85.0 498.0 244.0 0.0 23.0 77.0 89.0 0.0 62.0 74.0 0.0 186.0 0.0 0.0 14.0 0.0 0.0 15.0 65.0 0.0 
1.0 1.0 0.0 2.0 3.0 12.0 18.0 1.0 0.0 6.0 0.0 0.0 0.0 0.0 6.0 0.0 0.0 7.0 15.0 0.0 0.0 0.0 0.0 0.0 0.0 0.0 0.0 2.0 0.0 1.0 5.0 0.0 
156.0 98.0 0.0 53.0 13.0 136.0 147.0 158.0 59.0 74.0 0.0 0.0 0.0 5.0 17.0 2.0 0.0 222.0 541.0 0.0 18.0 0.0 36.0 22.0 63.0 0.0 66.0 2.0 0.0 4.0 12.0 0.0 
19.0 9.0 3.0 10.0 8.0 86.0 207.0 41.0 29.0 111.0 26.0 2.0 8.0 20.0 122.0 0.0 63.0 48.0 65.0 0.0 27.0 1.0 33.0 83.0 29.0 0.0 90.0 2.0 0.0 101.0 201.0 0.0 
25.0 514.0 182.0 10.0 297.0 60.0 368.0 24.0 261.0 53.0 67.0 111.0 370.0 386.0 70.0 0.0 33.0 40.0 22.0 0.0 0.0 5.0 0.0 0.0 0.0 0.0 85.0 8.0 0.0 55.0 26.0 0.0 
21.0 280.0 48.0 13.0 47.0 105.0 93.0 0.0 116.0 9.0 22.0 5.0 74.0 443.0 93.0 0.0 41.0 1.0 7.0 0.0 0.0 3.0 0.0 0.0 0.0 0.0 10.0 0.0 0.0 23.0 79.0 3.0 
1.0 0.0 0.0 0.0 20.0 7.0 20.0 0.0 4.0 0.0 5.0 4.0 2.0 5.0 5.0 0.0 0.0 0.0 0.0 0.0 3.0 0.0 0.0 0.0 0.0 0.0 0.0 0.0 0.0 2.0 2.0 0.0 
63.0 383.0 124.0 90.0 137.0 163.0 97.0 9.0 98.0 2.0 77.0 69.0 79.0 132.0 102.0 86.0 90.0 2.0 58.0 8.0 62.0 15.0 0.0 17.0 23.0 0.0 4.0 16.0 0.0 5.0 24.0 0.0 
0.0 15.0 41.0 0.0 13.0 2.0 37.0 17.0 15.0 49.0 120.0 22.0 33.0 0.0 17.0 0.0 0.0 28.0 135.0 0.0 68.0 11.0 1.0 98.0 1.0 0.0 34.0 0.0 0.0 11.0 0.0 0.0 
202.0 156.0 0.0 1.0 13.0 103.0 185.0 49.0 45.0 22.0 35.0 0.0 2.0 51.0 24.0 0.0 26.0 35.0 12.0 0.0 96.0 4.0 1.0 96.0 0.0 0.0 99.0 8.0 0.0 102.0 80.0 233.0 
0.0 0.0 0.0 0.0 6.0 8.0 31.0 0.0 4.0 2.0 1.0 1.0 0.0 4.0 12.0 0.0 2.0 0.0 0.0 0.0 0.0 0.0 0.0 0.0 0.0 0.0 3.0 0.0 0.0 2.0 4.0 0.0 
23.0 28.0 604.0 0.0 181.0 123.0 206.0 0.0 31.0 199.0 114.0 176.0 393.0 31.0 167.0 6.0 418.0 16.0 157.0 0.0 230.0 19.0 6.0 266.0 1.0 0.0 31.0 0.0 0.0 452.0 10.0 0.0 
84.0 0.0 3.0 4.0 38.0 154.0 107.0 1.0 78.0 26.0 139.0 45.0 25.0 54.0 51.0 0.0 72.0 4.0 36.0 0.0 65.0 2.0 0.0 13.0 0.0 0.0 19.0 4.0 0.0 139.0 37.0 0.0 
130.0 124.0 0.0 232.0 6.0 49.0 1035.0 145.0 2040.0 1661.0 332.0 0.0 0.0 38.0 28.0 4.0 57.0 222.0 475.0 0.0 153.0 26.0 0.0 205.0 1.0 5.0 394.0 59.0 0.0 519.0 78.0 16.0 
176.0 73.0 63.0 299.0 78.0 170.0 326.0 41.0 165.0 41.0 129.0 28.0 63.0 282.0 156.0 8.0 316.0 18.0 381.0 185.0 153.0 24.0 1.0 275.0 55.0 9.0 259.0 34.0 1.0 121.0 962.0 49.0 
18.0 17.0 5.0 42.0 356.0 18.0 268.0 20.0 69.0 19.0 252.0 134.0 71.0 88.0 200.0 2.0 31.0 90.0 106.0 0.0 125.0 35.0 0.0 77.0 8.0 0.0 26.0 7.0 0.0 31.0 49.0 2.0 
0.0 0.0 0.0 0.0 4.0 2.0 7.0 0.0 10.0 0.0 7.0 0.0 1.0 1.0 14.0 0.0 2.0 0.0 4.0 0.0 7.0 0.0 0.0 4.0 0.0 0.0 0.0 0.0 0.0 0.0 0.0 0.0 
1.0 0.0 0.0 0.0 11.0 0.0 2.0 0.0 4.0 0.0 7.0 1.0 1.0 0.0 3.0 0.0 0.0 2.0 18.0 0.0 11.0 2.0 0.0 0.0 0.0 0.0 0.0 0.0 0.0 0.0 0.0 0.0 
0.0 0.0 0.0 0.0 24.0 1.0 15.0 0.0 2.0 0.0 1.0 1.0 13.0 0.0 0.0 0.0 0.0 0.0 0.0 0.0 18.0 0.0 0.0 11.0 0.0 0.0 0.0 0.0 0.0 2.0 0.0 0.0 
79.0 65.0 77.0 19.0 429.0 39.0 805.0 10.0 142.0 16.0 37.0 105.0 227.0 55.0 435.0 0.0 44.0 22.0 24.0 0.0 188.0 0.0 0.0 168.0 0.0 0.0 5.0 15.0 0.0 40.0 26.0 0.0 
73.0 12.0 244.0 0.0 173.0 42.0 64.0 64.0 5.0 362.0 403.0 376.0 271.0 14.0 76.0 0.0 37.0 48.0 271.0 0.0 0.0 33.0 0.0 0.0 0.0 0.0 1161.0 5.0 0.0 146.0 1061.0 0.0 
