13.10727277565386 5.526639068395662 
3.008238400551827 10.985871947065785 
9.694884022589616 9.240392509612732 
4.67349129309833 4.58020620626817 
7.896252068886406 3.8310546846166584 
2.9814426971604933 5.529232291144785 
7.155960747794949 7.325472985663708 
3.2417137551852617 6.2056483091308134 
9.318555989909866 9.029383303872203 
10.331526312163861 4.643863870503072 
6.320105350724064 7.307220234489667 
11.721470385803231 8.349169085034958 
1.7545399467514189 9.84190490441071 
12.140555108298644 6.534845797391144 
9.024624211241868 7.984622453377839 
14.629310474685306 11.559368312400665 
2.9837145874471367 4.711242703900485 
2.6338781665680218 4.168353597728444 
8.494734751332679 15.067339208259899 
16.179734623176063 14.170848398622041 
7.04597918292701 4.882581337775072 
7.720837704946124 7.860544428546252 
8.102619193125172 16.727107764599904 
7.713301171206808 11.263043473035887 
6.998584379181622 8.512575458657878 
4.581284046095023 4.210971845689141 
7.214363626056885 5.117825929583674 
9.71414874336019 6.316925386130632 
0.32694473445058314 5.721026943532661 
9.500403569409565 7.576930177448466 
2.214868708890469 1.7127524570489658 
8.282318990417398 6.885850223980073 
8.729227743297283 10.204067864751451 
9.911771354330718 9.57172456255321 
9.508362210342746 5.583525731357159 
-2.888381294748119 9.722843914682347 
11.396568617870383 10.902115194368296 
7.100555427660438 8.54154729867463 
-0.9185182138536132 2.3615039011177408 
12.307774931063166 8.762406929696006 
12.139011325266654 8.158990299566597 
9.502632646862388 4.623249986764992 
5.945962625992415 8.647948623293807 
9.655803953392883 9.11816245116725 
6.475349533049785 14.488968484037379 
8.223094461702399 7.143763174357769 
3.0933390033206747 6.1653478281948875 
