69.01140994964794 -10.860665083816201 
17.530566061851797 0.440599696481744 
55.972282005641745 -8.863542834356181 
64.25482930096717 -19.586115367250127 
64.86215403722947 -18.513549149749906 
55.14463741334784 -6.325569526185319 
52.69548201013776 -76.13470139731822 
40.073183091320814 -19.95460126205255 
34.379704028985515 -71.55450682113948 
64.4416314355386 -16.100445062791138 
-46.89485263430279 54.318379804460804 
25.843246638066525 -34.3779922787164 
65.5908515115669 -14.654088262548335 
-111.31059012086114 41.80110109519202 
18.21724137581623 -20.828627232282773 
51.207445892014356 -22.83297802569837 
18.70651174783675 4.385302036226928 
65.47715349503086 -21.080992074003625 
21.55012938930264 -11.38335403525348 
-13.806859446260116 -43.95170879378873 
62.26578416360362 -20.01525328318715 
63.21579583601205 -21.817510248163956 
65.15751615571529 -16.914635608466572 
69.51889624338865 -21.05065488909112 
64.9451340132901 -11.60477837118735 
65.71786296414655 -16.57776201202229 
-34.50023320256784 -43.63550847530373 
61.78296402010716 -15.45384717443445 
-61.175394310270725 10.008405060059008 
31.018377778251384 -7.66594203621197 
-118.6502429006666 31.65892774690085 
-75.9351611342401 -48.59486742011907 
65.45142132132686 -18.218485036927035 
-87.43181873366221 -136.12516121242447 
-23.234407119586535 28.996290077315816 
-21.795230677094906 -78.20568292137472 
64.53381477234012 -20.624586016308662 
-40.77461425956024 -130.10817573488723 
2.7817450815548277 -88.32536765455778 
-174.05887392355174 19.9609811651098 
-48.99923733759992 77.56435064460217 
65.79326508098194 -16.79421662448219 
64.13125127059958 -10.721034696576872 
67.95225506068587 -12.571243705029183 
22.552465575263454 -35.567188239110315 
-71.86386050417785 351.67009083212884 
