134.40223583137944 -27.67915256544333 
167.5608347902298 -9.7512113299342 
171.08815831898124 -5.698039190532455 
158.36331908142432 -9.60719823216516 
155.33889396873454 -14.031150556185963 
-365.342897249948 214.73701023007163 
143.30156629894518 -21.80169658114623 
167.41170254023626 -18.197318245814984 
-199.08307654048147 141.98710068298837 
174.79748883270895 73.81359697526233 
-196.07761253797986 -60.569737727916845 
176.32686129780245 17.72758784066565  
45.28112038197192 -63.6729795430975 
168.2113755401802 -7.849767968630758 
146.62178905531036 145.41469232213302 
-100.12284485456527 43.865269597019235 
-459.9007289553983 -153.29861110534836 
182.0848411850339 49.75335993527803 
157.93389480445765 -10.634471688946746 
-623.9957560493192 -131.622151398835 
169.5119262439764 -4.669403786573682 
20.5637151460543 -30.22457140300871 
-108.33749679312581 -28.92292417545379 
208.24586946463214 -35.83324156493971 
173.63673628937642 -74.04999207612195 
-346.89221342214375 146.18014137859575 
-325.216927613055 547.0630633979727 
-91.15058280591278 359.60471720679186 
-64.86895685675829 -29.505778587892983 
167.19964245002444 -5.670345833013116 
101.83639057337695 -4.679546746646253 
-141.18785079279826 -181.1299774561241 
-726.302397852445 -65.65723437854402 
159.45436289955902 -8.978827609760728 
-193.79689048767005 -62.076158130697415 
172.1708359822621 -5.674627357433451 
88.21754654184564 -9.310417523224082 
171.98474317678412 -7.992670259610605 
171.24873365833253 -5.916030531948806 
118.79655750612797 12.348582970111007 
167.98796574211354 -0.42893923273905443 
173.92363382394467 -19.7823685735585 
130.44269942398324 -43.96798035070956 
164.68228381565723 -2.4121026357095587 
-136.80070248004495 -153.03350124958072 
-795.8330481389971 355.8655763483118 
173.90959918315875 -7.374652562639625 
168.6658322886003 -6.400785995753537 
