-0.02141565432726994
-0.18050837159835936
0.030504843149590788
-0.3090543788645832
0.2021453355282109
0.6598960921620431
0.3770046208656408
0.271433947606636
1.4598659419067865
0.7939758499176702
1.0897518456019784
-0.6104641185436502
1.970711324508473
1.3083684626245662
0.05464260514179337
1.912935068422936
1.6788995668907707
2.470707371012958
-0.12418989554425944
0.029612198207471588
1.5488595494478998
0.12404318951671661
1.1053983406138657
1.4872476384235513
1.5225019201350882
0.14766904526957608
0.8976675853480188
0.8087952372276087
1.1959374120210744
1.3136490347197176
-0.1547865506541627
0.6024610166808586
1.3506854549667953
2.5480194902934645
0.1205676588816732
2.0520682750671235
0.1763198309026166
1.2189854169823862
0.14764724643547006
0.024219916486034436
1.9047405876528667
0.04883352107192074
0.2768435514867068
0.5301798691523955
0.006255668798334564
0.6511410569688667
2.3631869606568974
0.14349461217805393
2.460163373810456
0.03738394743012044
