1.7952317052259181
1.3188253286142895
-0.08220759412713319
1.6891276189343165
0.36716854365063434
2.5179262236187645
-0.3780390786353779
1.6215057496391623
4.721988429084687
2.2632347165437663
3.409689794167167
3.62567651321996
2.6859548310412844
2.7332132073479762
0.19878822385628087
2.9044618405085254
1.4053090341129653
3.1389022431894067
1.933364604010928
0.6387114445693215
2.9204508044897866
0.11598640366138266
2.6072111559316253
3.0193744803891676
2.8438746364508547
3.9224550890806147
4.348081052447856
3.011395352772312
3.353620907118918
2.6204418518998014
0.49324119447466647
3.058479777255126
3.082009187416133
2.541701719895075
0.10922707680595684
3.4356884113613364
0.40420840210753156
2.414027047777619
0.032798440891797065
0.09686244125016971
2.4937095953800474
-0.15071953251400047
1.5859338203487263
1.197445904379825
0.1821902036675662
2.748401330948745
1.649564895455578
0.4210241857495607
2.9265029063694685
-0.16815165530130963
