0.36725801509052536
0.13745029727100672
-0.13454002297290635
-0.28172038460584603
-0.16824326749699064
0.012803230102768494
0.4688717892254231
-0.1896577137981946
0.06476363939666693
-0.371329584384006
-0.05088789471788927
-0.011114748289376863
0.1338170740484936
0.3979849436927769
-0.23597287182894752
-0.27100375591668036
-0.15906347774127644
-0.29946880643606816
0.4942097870675613
0.07860565020485828
-0.45500239822152666
0.29400360878610143
0.16478143701605025
-0.30110084151911143
-0.07579781631137167
-0.2792534837433711
-0.2719856979767479
-0.09384790265764535
0.08401420239597845
0.09423884967637997
-0.20842460378517993
-0.411414236261886
-0.16825185362455092
-0.10266203027356252
0.3477150036346965
-0.2301599392293731
0.3025504848706946
0.5430716217891712
0.3265035021100037
-0.22416045276766847
0.371714482609236
-0.2106418852138143
0.2942426612022073
-0.5178067783105248
0.18621129566710115
-0.10191339930681753
-0.2394822533909381
-1.053949204235046
0.09809152617461736
-0.4641172493257164
