1.3322564092371043
0.9667457379245602
0.21848643358151515
0.8640847443943243
0.27559985796339515
-0.05950352533962901
-0.22332037203841848
0.2986411925779633
-0.3876665312615974
1.2432866332636072
-0.0695227066332999
1.5258179673654837
0.5386145369359864
0.11238694069056838
0.1801310653833018
0.11386590953653336
0.04411066426856629
0.7532577835656701
1.3421370504972694
1.2884156255698274
1.289238742548529
-0.3998972072901538
0.1986175120044159
0.43078209818098684
0.16280877816307593
1.137105881352285
0.1643187034978302
0.38523445978876014
-0.1488941088861823
-0.3621253399705838
-0.23801796879126852
0.8097143508769789
0.38548213258234276
0.918602019359623
-0.4905597448015811
0.2996596421302552
1.989216512529286
0.15255742304095027
-0.28340117419956484
0.20540157419411717
1.7717882776031506
0.1891729196703242
0.08931230475511612
1.0418520741103432
-0.6446394038493846
-0.011502723092798567
0.6166709338300643
1.508125487220851
1.4492495227490494
1.418783680671961
