-0.09660271753801433
-1.0626926583334297
-1.5508429110021602
1.7354462603940695
-0.15819187938294552
-0.8397220840176569
-2.5582717114549265
-2.249561817613298
-3.0110357564012373
-0.05328665335844829
-2.514277540175277
-1.0912996551869438
-2.112180335239458
-0.32580273096532286
-0.5290056201056839
-2.8775161815122106
-0.4297855877529786
-2.9603616873437417
-2.200097436510931
-2.01832565755043
0.013173854327246493
-1.7976455831898137
-1.2368680640240184
0.3654566707013479
-0.6257758367477115
-1.389994608605953
-0.3764133520287428
-0.5141511508004833
-0.6118290233657676
-3.262715488334222
-0.5951350473526074
-3.610444234461415
-1.8788014448092119
-2.447050780109519
-1.6738063325943786
-0.23139310289347995
-2.0381528766383923
-0.6143742585080534
-2.5127188291116624
-0.662622174311803
-2.390909956827741
-2.6985443465791104
-2.4306330564077046
-2.3462730781170613
-2.7269736419529718
-0.06877885484644716
0.3052502861841594
0.5779040695441161
-2.4037183032463756
-2.359030570462169
