0 0 0 0 0 230 794 0 0 0 39 985 0 0 0 0 436 558 30 0 0 0 0 0 
0 0 0 0 0 0 1023 1 0 0 0 983 41 0 0 0 58 559 358 49 0 0 0 0 
0 0 0 0 0 0 1016 8 0 0 0 860 164 0 0 0 0 523 348 153 0 0 0 0 
0 1 3 7 21 31 919 42 3 7 24 737 251 2 0 0 9 324 531 151 9 0 0 0 
0 0 0 12 15 31 884 82 0 9 15 673 324 3 0 0 5 163 717 131 7 1 0 0 
0 0 0 0 0 0 1021 3 0 0 0 623 401 0 0 0 0 94 872 58 0 0 0 0 
0 0 0 0 0 0 1017 7 0 0 0 642 382 0 0 0 0 192 828 4 0 0 0 0 
0 0 0 8 7 15 932 62 0 10 8 762 240 4 0 0 11 395 591 24 3 0 0 0 
0 0 1 6 20 129 831 37 0 0 5 778 29 49 128 35 0 383 387 21 21 27 136 49 
11 41 111 458 155 140 103 5 28 215 427 235 75 37 7 0 58 264 511 84 55 41 11 0 
118 152 131 130 55 81 357 0 164 283 115 383 23 30 23 3 465 358 95 21 22 24 25 14 
0 0 0 0 0 148 876 0 0 0 488 536 0 0 0 0 1024 0 0 0 0 0 0 0 
0 0 3 21 21 79 895 5 1 11 50 933 28 1 0 0 11 594 385 31 3 0 0 0 
0 0 0 2 3 3 1016 0 1 2 2 1004 15 0 0 0 2 59 962 1 0 0 0 0 
0 0 0 0 0 0 1021 3 0 0 0 573 451 0 0 0 0 0 1024 0 0 0 0 0 
28 50 76 68 48 137 529 88 53 80 83 231 481 75 20 1 50 84 490 230 81 69 19 1 
40 25 55 37 49 74 577 167 58 83 63 89 727 4 0 0 65 109 355 483 8 4 0 0 
0 0 0 0 0 0 852 172 0 0 0 0 1023 1 0 0 0 0 239 721 64 0 0 0 
18 31 90 86 71 56 482 190 34 80 94 87 648 54 25 2 34 79 250 456 135 47 19 4 
39 29 101 38 37 71 470 239 64 127 60 106 635 32 0 0 75 135 389 330 94 1 0 0 
0 1 1 3 22 100 759 138 0 0 1 118 690 72 83 60 0 0 551 152 117 47 101 56 
51 118 201 231 118 175 119 11 101 209 311 223 118 50 12 0 116 207 385 182 70 43 21 0 
90 176 114 146 65 58 365 10 158 227 158 346 68 21 33 13 128 399 296 94 28 29 32 18 
0 0 0 0 0 18 1006 0 0 0 0 997 27 0 0 0 93 638 207 86 0 0 0 0 
10 96 146 125 79 126 416 26 44 159 166 523 90 19 20 3 58 144 525 223 36 16 21 1 
0 0 11 8 38 63 892 12 5 13 32 342 631 1 0 0 10 20 564 378 51 1 0 0 
0 0 0 0 0 0 1024 0 0 0 0 9 1015 0 0 0 0 0 242 754 28 0 0 0 
0 1 3 90 153 117 554 106 1 1 145 139 594 94 48 2 1 2 177 576 121 85 57 5 
0 0 0 32 64 82 524 322 0 32 4 103 875 10 0 0 2 30 32 700 260 0 0 0 
0 0 0 3 4 1 507 509 0 2 5 1 770 246 0 0 0 5 3 516 500 0 0 0 
2 10 44 121 108 114 291 334 3 58 109 87 371 315 79 2 2 59 102 215 482 76 82 6 
7 22 28 81 151 47 225 463 18 57 172 76 414 287 0 0 18 112 118 152 512 112 0 0 
0 0 0 1 10 70 475 468 0 0 0 1 412 436 112 63 0 0 4 130 516 195 107 72 
7 80 178 339 151 149 103 17 31 177 383 146 145 111 30 1 19 163 388 168 113 117 54 2 
108 194 80 177 46 69 324 26 167 226 134 98 236 128 16 19 124 200 232 83 217 126 17 25 
0 0 0 0 0 0 1024 0 0 0 0 201 802 21 0 0 0 51 118 196 639 20 0 0 
11 66 106 169 129 205 328 10 29 115 135 469 218 35 16 7 30 115 118 532 158 44 23 4 
0 8 8 9 35 100 860 4 10 11 33 100 864 6 0 0 10 12 48 354 590 10 0 0 
0 0 0 0 0 0 1020 4 0 0 0 0 1024 0 0 0 0 0 0 857 167 0 0 0 
22 28 75 94 85 83 540 97 30 55 100 110 595 69 53 12 27 49 94 556 173 58 47 20 
13 20 30 44 63 44 254 556 30 40 53 72 737 91 1 0 35 46 57 283 594 9 0 0 
73 91 27 36 49 75 286 387 99 82 45 69 369 341 16 3 92 87 60 101 587 78 14 5 
18 24 65 92 100 119 236 370 28 53 92 94 215 462 79 1 32 41 109 93 555 117 71 6 
43 44 63 101 113 53 281 326 65 99 153 88 401 218 0 0 67 107 164 244 433 9 0 0 
0 0 0 1 12 58 612 341 0 0 0 1 761 125 77 60 0 0 0 233 601 47 78 65 
80 93 128 405 179 87 26 26 90 92 433 157 111 75 39 27 79 79 443 120 147 61 66 29 
196 268 71 85 59 25 316 4 331 161 92 91 318 13 6 12 249 250 88 307 87 23 5 15 
0 0 0 0 0 0 1024 0 0 0 0 788 236 0 0 0 0 0 624 371 29 0 0 0 
132 319 168 122 128 123 32 0 204 367 137 169 120 25 2 0 177 368 154 150 145 21 8 1 
0 5 9 21 29 78 880 2 7 24 29 87 877 0 0 0 8 30 53 924 9 0 0 0 
2 18 9 11 13 51 900 20 6 23 17 42 928 6 2 0 5 23 28 764 197 5 2 0 
0 2 31 74 168 88 611 50 0 14 175 82 633 51 64 5 0 12 144 190 552 47 61 18 
0 0 4 27 98 33 308 554 0 6 67 87 414 450 0 0 0 13 58 85 844 24 0 0 
0 114 110 42 24 106 284 344 8 205 11 57 176 477 66 24 31 136 58 83 494 135 56 31 
0 4 28 159 216 117 312 188 0 23 72 276 82 334 153 84 0 20 50 299 310 108 126 111 
0 5 44 151 113 44 350 317 1 58 157 117 395 296 0 0 1 71 131 219 540 62 0 0 
0 0 0 1 7 51 810 155 0 0 0 0 589 285 85 65 0 0 0 194 462 198 95 75 
62 150 208 241 242 81 26 14 91 186 290 120 208 66 48 15 75 167 297 118 221 66 55 25 
129 209 92 86 135 62 295 16 200 187 81 43 287 108 89 29 165 204 97 174 93 145 107 39 
3 10 5 15 13 257 716 5 3 10 6 249 247 376 132 1 3 10 126 316 59 322 187 1 
44 290 353 115 114 92 15 1 91 468 164 120 105 69 6 1 61 443 209 105 111 83 11 1 
5 6 3 13 49 148 800 0 8 5 14 77 533 379 8 0 7 6 18 335 256 385 17 0 
14 48 30 109 95 130 581 17 34 33 158 68 384 289 56 2 31 36 152 170 268 288 76 3 
21 56 137 167 88 138 382 35 44 102 203 96 344 178 49 8 34 96 202 128 315 169 63 17 
14 34 44 80 24 16 749 63 41 50 82 31 447 347 26 0 41 50 83 37 578 183 52 0 
31 167 96 36 69 111 406 108 43 216 39 57 271 282 90 26 35 181 84 57 373 164 98 32 
25 13 27 275 228 104 323 29 22 16 64 427 60 61 230 144 19 19 20 467 55 58 185 201 
12 30 70 290 47 72 464 39 48 67 123 239 430 116 1 0 48 59 93 294 499 30 1 0 
10 49 70 46 110 122 534 83 27 63 60 67 497 268 38 4 29 53 65 82 532 209 46 8 
24 61 138 558 180 31 6 26 41 133 472 162 156 24 10 26 33 97 494 163 173 15 23 26 
197 216 120 133 113 120 110 15 237 204 101 116 135 122 86 23 213 196 110 91 142 150 84 38 
125 132 76 79 107 445 59 1 146 109 82 61 267 328 31 0 118 125 73 68 165 435 29 11 
227 400 205 97 51 31 13 0 298 377 177 79 50 32 11 0 242 389 212 85 48 34 14 0 
21 10 26 44 50 712 161 0 22 9 24 53 194 709 13 0 22 9 23 49 127 776 18 0 
27 42 85 141 93 382 246 8 37 77 147 67 167 453 71 5 31 70 152 58 134 484 77 18 
44 130 230 330 91 104 87 8 52 185 438 81 78 85 93 12 42 142 458 106 72 87 92 25 
1 11 36 93 24 306 549 4 3 33 97 30 47 790 24 0 2 17 103 41 21 769 71 0 
205 140 87 91 98 226 172 5 214 129 96 91 148 289 52 5 193 141 89 94 142 278 74 13 
51 4 50 422 81 160 238 18 49 6 311 207 35 76 222 118 39 16 59 427 67 42 210 164 
90 110 198 283 72 162 101 8 109 173 315 97 106 183 35 6 90 158 265 176 92 186 50 7 
210 207 151 156 127 126 46 1 216 207 175 174 147 77 26 2 192 190 182 168 164 88 34 6 
78 315 423 183 6 7 7 5 207 570 167 56 7 6 7 4 150 582 204 63 6 7 7 5 
351 317 151 107 56 29 4 9 406 278 135 108 51 33 3 10 350 311 148 97 62 38 7 11 
155 228 87 110 275 159 7 3 211 174 87 139 308 87 15 3 155 218 78 97 339 94 36 7 
160 605 207 25 23 4 0 0 351 563 68 18 22 2 0 0 211 614 152 18 26 3 0 0 
121 206 121 109 190 269 8 0 157 203 98 112 306 140 8 0 131 211 108 101 209 254 10 0 
76 105 95 167 326 248 7 0 109 88 127 155 368 173 4 0 92 95 122 150 322 238 5 0 
138 185 270 261 89 70 11 0 153 349 261 100 91 50 20 0 137 219 389 92 103 56 28 0 
223 177 109 87 63 338 27 0 238 191 106 68 68 341 12 0 193 198 128 72 66 347 20 0 
236 218 128 90 114 192 45 1 306 187 90 88 106 178 66 3 283 194 97 87 94 193 54 22 
39 20 174 480 263 24 23 1 52 11 648 251 17 14 21 10 51 12 442 447 22 15 25 10 
195 304 374 65 26 18 25 17 257 313 306 59 29 14 26 20 198 325 346 62 32 13 22 26 
386 290 95 131 77 35 9 1 422 252 133 112 54 36 12 3 371 282 121 124 69 37 15 5 
56 185 360 423 0 0 0 0 200 727 97 0 0 0 0 0 169 711 140 4 0 0 0 0 
219 213 532 38 12 10 0 0 677 294 18 13 6 14 2 0 664 300 23 13 8 9 7 0 
242 408 223 54 52 31 12 2 658 164 49 51 47 27 23 5 539 263 63 37 63 28 22 9 
