0 0 0 0 0 91 933 0 0 0 0 0 0 833 191 0 0 0 0 0 0 948 76 0 
0 0 0 0 0 47 977 0 0 0 0 0 0 1011 13 0 0 0 0 0 0 1024 0 0 
0 0 0 0 0 2 1022 0 0 0 0 0 0 1024 0 0 0 0 0 0 0 1024 0 0 
0 0 0 0 0 0 1024 0 0 0 0 0 0 1024 0 0 0 0 0 0 0 1024 0 0 
0 0 0 0 0 0 1024 0 0 0 0 0 0 1024 0 0 0 0 0 0 0 1024 0 0 
0 0 0 0 0 0 1024 0 0 0 0 0 0 891 133 0 0 0 0 0 0 1002 22 0 
0 0 0 0 0 0 1024 0 0 0 0 0 0 933 91 0 0 0 0 0 0 1024 0 0 
0 0 0 0 0 17 1007 0 0 0 0 0 0 850 174 0 0 0 0 0 0 1024 0 0 
0 0 0 0 0 83 941 0 0 0 0 0 0 1024 0 0 0 0 0 0 0 1024 0 0 
0 0 0 0 0 33 991 0 0 0 0 0 0 1020 4 0 0 0 0 0 0 1024 0 0 
0 0 0 0 0 0 1024 0 0 0 0 0 0 1016 8 0 0 0 0 0 0 1024 0 0 
0 0 0 0 0 0 1024 0 0 0 0 0 0 1023 1 0 0 0 0 0 0 1024 0 0 
0 0 0 0 0 0 1024 0 0 0 0 0 0 1024 0 0 0 0 0 0 0 1024 0 0 
0 0 0 0 0 23 1001 0 0 0 0 0 0 1024 0 0 0 0 0 0 0 1024 0 0 
0 0 0 0 0 441 583 0 0 0 0 0 0 1024 0 0 0 0 0 0 29 995 0 0 
0 0 0 0 0 927 97 0 0 0 0 0 0 1024 0 0 0 0 0 0 38 986 0 0 
0 0 0 106 50 75 793 0 0 0 42 94 33 855 0 0 0 0 85 59 38 842 0 0 
0 0 0 151 90 68 715 0 0 0 39 159 61 762 3 0 0 0 87 133 54 747 3 0 
0 0 3 155 33 68 765 0 0 0 142 30 32 820 0 0 0 3 142 34 56 789 0 0 
0 0 0 91 36 27 870 0 0 0 44 54 29 897 0 0 0 2 47 50 35 890 0 0 
0 0 0 0 0 0 1024 0 0 0 0 0 0 1024 0 0 0 0 0 0 0 1024 0 0 
0 0 0 0 0 492 532 0 0 0 0 0 0 1024 0 0 0 0 0 0 0 1024 0 0 
0 0 6 47 13 903 55 0 0 0 47 8 20 949 0 0 0 1 51 10 50 912 0 0 
0 0 0 0 0 569 455 0 0 0 0 0 0 1024 0 0 0 0 0 0 1 1023 0 0 
0 0 22 973 22 7 0 0 0 0 841 165 18 0 0 0 0 4 991 21 8 0 0 0 
0 0 42 946 36 0 0 0 0 0 692 329 3 0 0 0 0 2 860 161 1 0 0 0 
0 0 4 383 174 301 162 0 0 0 261 156 188 412 7 0 0 0 304 125 201 393 1 0 
0 0 0 91 89 255 589 0 0 0 2 94 89 839 0 0 0 0 28 68 88 840 0 0 
0 0 0 27 5 330 662 0 0 0 16 14 2 992 0 0 0 0 20 10 2 992 0 0 
0 0 0 26 11 525 462 0 0 0 17 15 8 975 9 0 0 0 21 12 9 982 0 0 
0 0 3 129 98 163 631 0 0 0 67 139 59 758 1 0 0 1 112 112 75 724 0 0 
0 0 0 0 0 16 1008 0 0 0 0 0 0 1024 0 0 0 0 0 0 0 1024 0 0 
0 0 545 478 1 0 0 0 0 0 1016 8 0 0 0 0 0 453 566 5 0 0 0 0 
0 0 341 679 4 0 0 0 0 0 988 36 0 0 0 0 0 257 741 26 0 0 0 0 
0 0 77 829 105 10 3 0 0 0 657 296 67 2 2 0 0 38 782 151 49 4 0 0 
0 0 4 48 161 708 103 0 0 0 14 55 197 689 69 0 0 0 19 72 233 651 49 0 
0 0 0 140 59 698 127 0 0 0 6 161 112 658 87 0 0 0 115 77 207 557 68 0 
0 0 0 92 36 833 63 0 0 0 0 124 12 888 0 0 0 0 42 85 37 860 0 0 
0 0 2 94 106 706 116 0 0 0 18 111 119 776 0 0 0 0 52 103 150 719 0 0 
0 0 0 0 7 742 275 0 0 0 0 5 5 1014 0 0 0 0 0 6 8 1010 0 0 
0 0 1024 0 0 0 0 0 0 476 548 0 0 0 0 0 0 1019 5 0 0 0 0 0 
0 0 863 161 0 0 0 0 0 81 943 0 0 0 0 0 0 664 360 0 0 0 0 0 
0 0 381 592 51 0 0 0 0 0 875 136 13 0 0 0 0 79 840 105 0 0 0 0 
0 0 276 333 202 45 168 0 0 0 332 352 136 47 157 0 0 118 232 358 120 51 145 0 
0 0 13 123 256 474 158 0 0 0 30 177 331 373 113 0 0 0 43 237 390 257 97 0 
0 0 0 42 135 845 2 0 0 0 0 62 278 684 0 0 0 0 4 81 811 128 0 0 
0 0 174 279 135 436 0 0 0 0 266 209 153 396 0 0 0 5 260 222 368 169 0 0 
0 0 89 299 86 549 1 0 0 0 187 224 99 514 0 0 0 0 177 251 213 383 0 0 
0 4 585 281 94 38 20 2 0 361 239 287 82 27 28 0 0 426 211 258 80 21 24 4 
0 6 976 42 0 0 0 0 0 235 734 55 0 0 0 0 0 757 220 47 0 0 0 0 
0 0 716 296 12 0 0 0 0 80 784 158 2 0 0 0 0 306 594 121 3 0 0 0 
0 0 740 244 40 0 0 0 0 98 715 186 25 0 0 0 0 449 371 187 17 0 0 0 
0 0 400 326 130 168 0 0 0 0 660 84 226 54 0 0 0 9 671 76 248 20 0 0 
0 0 397 290 239 98 0 0 0 0 559 152 311 2 0 0 0 23 598 100 302 1 0 0 
0 0 669 300 52 3 0 0 0 63 733 189 37 2 0 0 0 123 659 179 48 15 0 0 
0 0 619 310 94 1 0 0 0 120 605 214 66 19 0 0 0 241 483 210 65 25 0 0 
0 0 321 461 241 0 1 0 0 0 132 691 200 1 0 0 0 0 242 579 146 57 0 0 
0 0 270 461 293 0 0 0 0 0 72 733 215 4 0 0 0 0 147 653 123 101 0 0 
0 0 264 432 328 0 0 0 0 0 78 700 239 7 0 0 0 0 167 611 115 131 0 0 
0 3 310 400 311 0 0 0 0 0 243 557 198 26 0 0 0 3 301 482 109 129 0 0 
0 41 330 311 342 0 0 0 0 38 286 484 182 34 0 0 0 44 318 443 85 134 0 0 
0 40 374 284 326 0 0 0 0 76 272 453 188 35 0 0 0 94 319 401 77 133 0 0 
0 96 363 240 325 0 0 0 0 148 242 448 183 3 0 0 0 181 254 411 90 88 0 0 
0 81 435 258 250 0 0 0 0 164 324 431 104 1 0 0 0 195 383 325 90 31 0 0 
