40 198 263 169 306 47 1 0 72 248 256 267 166 15 0 0 67 234 297 294 131 1 0 0 
3 138 300 118 222 113 127 3 18 185 274 186 166 77 106 12 17 177 300 229 139 29 119 14 
33 197 251 162 287 71 23 0 46 202 274 222 226 52 2 0 41 203 296 280 190 13 1 0 
4 66 197 226 365 133 33 0 5 63 206 269 385 93 3 0 2 62 219 316 374 50 1 0 
0 10 145 270 414 117 68 0 0 9 141 316 435 105 18 0 0 8 137 414 354 108 3 0 
0 11 136 273 382 162 60 0 0 11 127 309 432 120 25 0 0 11 148 379 375 108 3 0 
0 4 82 291 402 210 34 1 0 3 78 387 378 154 24 0 0 3 98 453 325 136 9 0 
0 7 134 334 342 191 16 0 0 31 149 398 284 159 3 0 1 36 208 412 239 128 0 0 
0 10 147 369 271 196 31 0 0 14 199 428 181 201 1 0 0 14 265 392 194 158 1 0 
1 18 153 349 252 249 2 0 2 28 243 384 147 219 1 0 2 25 304 353 192 146 2 0 
1 47 113 401 194 266 2 0 3 51 202 417 97 252 2 0 1 48 267 385 171 150 2 0 
11 55 130 351 163 314 0 0 11 59 223 360 75 296 0 0 6 60 302 284 154 216 2 0 
47 219 238 211 304 5 0 0 39 218 283 474 10 0 0 0 24 189 326 475 10 0 0 0 
2 79 269 229 205 57 162 21 1 62 276 396 55 48 153 33 1 35 264 449 33 37 163 42 
3 62 334 308 221 70 25 1 2 50 318 467 106 31 47 3 0 18 279 561 73 27 58 8 
4 137 329 110 112 198 132 2 4 134 326 144 82 34 296 4 2 85 338 204 58 20 312 5 
14 124 363 115 16 25 365 2 9 108 350 140 22 16 371 8 8 76 292 215 36 11 360 26 
73 206 388 103 24 18 204 8 69 188 383 126 25 15 192 26 48 149 373 182 33 18 156 65 
19 214 553 221 17 0 0 0 15 164 526 291 28 0 0 0 9 127 475 364 48 1 0 0 
95 373 423 122 11 0 0 0 83 331 449 142 19 0 0 0 52 292 447 205 25 3 0 0 
89 395 447 90 3 0 0 0 82 366 465 108 3 0 0 0 46 309 459 193 15 2 0 0 
137 290 381 208 8 0 0 0 140 269 365 237 13 0 0 0 102 217 337 318 46 4 0 0 
46 366 485 120 7 0 0 0 35 325 499 157 8 0 0 0 21 216 485 278 24 0 0 0 
63 352 476 127 6 0 0 0 58 339 459 162 6 0 0 0 20 252 455 275 22 0 0 0 
167 437 275 130 15 0 0 0 134 415 303 144 27 1 0 0 79 342 352 187 50 13 1 0 
64 170 282 176 42 59 202 29 60 159 285 182 46 59 188 45 46 118 274 213 62 61 181 69 
12 168 353 227 43 120 85 16 14 302 376 70 34 44 159 25 10 258 406 78 35 31 169 37 
5 89 72 79 106 302 368 3 6 91 89 59 92 190 476 21 0 68 115 48 73 159 515 46 
0 39 44 6 13 209 713 0 0 25 53 8 9 48 866 15 0 9 63 11 8 29 834 70 
1 22 13 9 16 35 789 139 1 15 17 11 15 12 713 240 0 12 19 10 13 12 667 291 
11 34 91 207 109 97 311 164 6 21 49 174 165 100 282 227 1 22 27 92 222 114 281 265 
13 56 154 333 234 170 60 4 8 40 88 224 322 195 134 13 6 21 64 133 300 266 195 39 
66 66 141 292 177 197 77 8 55 54 98 194 277 184 147 15 44 51 50 140 253 222 216 48 
184 151 154 170 164 148 53 0 165 140 136 159 167 140 117 0 137 135 93 137 164 155 164 39 
144 240 214 72 139 168 46 1 136 214 200 97 95 192 88 2 101 178 210 126 60 138 181 30 
203 259 169 127 168 95 2 1 192 230 181 126 147 139 8 1 122 211 180 143 114 162 90 2 
0 44 177 311 290 185 17 0 0 19 138 289 312 212 54 0 0 1 49 177 329 312 153 3 
0 4 37 147 230 285 298 23 0 4 49 113 187 312 316 43 0 3 8 84 142 258 426 103 
0 3 26 638 111 161 46 39 0 3 508 176 60 151 92 34 0 3 499 179 19 117 169 38 
0 0 1 33 222 479 289 0 0 0 2 76 178 392 376 0 0 0 2 58 154 295 514 1 
0 0 0 0 0 13 1000 11 0 0 0 0 0 6 947 71 0 0 0 0 0 2 892 130 
0 0 25 29 17 19 432 502 0 0 17 36 17 18 305 631 0 0 9 40 19 14 262 680 
209 78 66 57 46 123 90 355 207 79 48 54 47 120 89 380 134 135 45 52 51 78 116 413 
278 24 446 96 116 41 23 0 277 23 45 490 127 34 28 0 105 187 14 490 97 81 46 4 
249 56 220 265 121 42 42 29 247 53 128 302 169 47 48 30 169 116 53 218 303 73 49 43 
9 12 336 296 347 8 13 3 7 12 325 249 404 10 12 5 1 14 14 359 582 33 14 7 
41 19 400 246 175 109 34 0 35 21 388 222 201 96 60 1 23 29 45 396 345 65 106 15 
48 36 245 182 197 296 17 3 48 33 238 162 164 337 39 3 31 36 142 164 156 213 271 11 
109 53 94 185 369 190 24 0 114 39 78 176 382 121 114 0 90 46 51 97 307 272 139 22 
367 92 69 138 169 128 54 7 419 48 65 117 170 104 94 7 415 40 55 64 176 127 120 27 
161 36 53 614 62 2 64 32 195 31 457 207 31 15 56 32 193 32 474 178 30 21 64 32 
0 0 0 32 176 480 336 0 0 0 1 57 158 397 411 0 0 0 1 53 127 256 587 0 
0 0 0 0 0 0 953 71 0 0 0 0 0 0 887 137 0 0 0 0 0 0 733 291 
0 0 20 25 26 25 223 705 0 0 14 30 25 27 152 776 0 0 1 37 22 34 118 812 
470 80 13 38 14 7 30 372 485 66 13 34 16 7 29 374 396 152 9 22 29 10 20 386 
615 88 168 123 13 2 15 0 591 109 74 211 21 3 13 2 430 260 30 195 87 6 6 10 
294 60 439 98 30 36 34 33 289 58 200 340 30 36 33 38 243 85 46 480 51 33 32 54 
0 0 1024 0 0 0 0 0 0 0 999 25 0 0 0 0 0 0 2 1022 0 0 0 0 
0 0 1024 0 0 0 0 0 0 0 1024 0 0 0 0 0 0 0 0 1024 0 0 0 0 
0 24 545 107 201 74 72 1 0 3 565 98 191 92 70 5 0 0 208 394 142 176 73 31 
914 38 46 5 14 7 0 0 937 13 49 3 16 6 0 0 937 13 40 12 5 16 1 0 
841 123 41 13 6 0 0 0 970 29 19 6 0 0 0 0 968 30 21 5 0 0 0 0 
177 57 152 453 94 20 25 46 216 116 428 136 39 24 28 37 216 121 464 95 38 24 16 50 
0 0 0 24 258 447 295 0 0 0 0 127 143 374 380 0 0 0 0 77 164 243 540 0 
0 0 0 0 0 0 1021 3 0 0 0 0 0 0 1002 22 0 0 0 0 0 0 900 124 
0 2 28 32 16 15 497 434 0 0 26 32 18 15 426 507 0 0 24 27 22 12 322 617 
242 36 100 206 16 43 181 200 241 32 26 273 25 34 134 259 213 44 26 87 216 26 129 283 
344 196 136 171 136 28 13 0 338 204 85 245 111 26 15 0 172 341 63 154 239 32 20 3 
40 34 416 279 101 32 114 8 33 36 320 383 96 32 107 17 16 39 48 482 266 32 90 51 
44 29 484 324 62 41 34 6 42 26 444 364 62 46 34 6 35 18 60 636 166 44 46 19 
14 51 561 286 28 44 32 8 13 37 566 297 25 42 36 8 11 20 120 694 84 27 51 17 
19 179 403 273 104 32 12 2 19 24 593 243 98 33 11 3 6 22 443 378 97 57 16 5 
385 264 293 25 51 6 0 0 407 28 493 38 50 8 0 0 407 18 481 51 42 25 0 0 
517 221 254 10 5 3 9 5 653 83 252 10 9 3 8 6 652 81 237 26 9 5 6 8 
117 161 331 295 46 5 53 16 192 248 413 61 35 6 52 17 196 244 432 33 43 7 7 62 
0 0 39 130 156 451 248 0 0 0 44 154 116 359 351 0 0 0 42 118 127 202 534 1 
0 0 0 0 0 0 1024 0 0 0 0 0 0 0 1024 0 0 0 0 0 0 0 982 42 
0 12 39 13 12 38 701 209 0 7 35 22 7 31 677 245 0 3 21 40 1 31 574 354 
372 200 44 36 61 80 167 64 370 171 70 39 59 65 143 107 314 149 141 35 54 54 130 147 
518 123 297 29 6 39 12 0 522 118 250 72 12 15 35 0 370 229 61 296 13 9 39 7 
0 0 790 22 46 71 95 0 0 0 739 67 43 27 148 0 0 0 5 792 18 49 140 20 
2 27 710 41 45 105 93 1 2 9 712 46 42 59 152 2 2 2 102 645 41 45 152 35 
4 55 401 126 57 123 251 7 3 6 435 136 40 86 301 17 0 7 168 371 55 57 308 58 
0 296 308 148 29 169 74 0 0 25 562 147 35 90 163 2 0 1 553 85 117 49 204 15 
0 493 269 141 83 37 1 0 0 132 613 147 90 41 1 0 0 72 623 161 103 63 2 0 
1 337 430 157 43 56 0 0 1 63 690 169 45 56 0 0 1 27 692 196 48 53 7 0 
7 452 399 22 30 46 64 4 5 107 714 47 26 33 84 8 4 64 725 77 24 25 89 16 
1 210 540 43 32 124 73 1 0 34 700 51 31 101 101 6 0 13 648 118 28 77 121 19 
1 105 602 26 7 22 261 0 0 8 581 138 9 14 274 0 0 4 385 334 13 6 282 0 
4 73 707 30 57 26 121 6 2 8 666 128 58 13 129 20 0 7 403 391 41 31 117 34 
0 76 763 26 132 13 9 5 0 17 690 153 123 23 10 8 0 9 426 417 94 57 12 9 
10 39 264 164 472 55 16 4 9 7 273 101 555 38 34 7 4 10 215 102 494 144 43 12 
0 0 1 204 780 25 14 0 0 0 0 109 869 17 29 0 0 0 0 5 918 68 31 2 
196 177 86 267 286 12 0 0 180 112 158 189 368 17 0 0 125 135 180 37 507 39 1 0 
43 138 57 360 148 150 128 0 39 76 108 248 247 102 204 0 36 38 134 166 326 67 256 1 
4 350 102 415 59 39 55 0 0 112 320 388 94 44 62 4 0 31 362 124 385 42 63 17 
