0 0 0 0 0 981 43 0 0 0 0 752 272 0 0 0 0 0 1024 0 0 0 0 0 
0 0 0 0 0 972 52 0 0 0 0 513 511 0 0 0 0 0 1024 0 0 0 0 0 
0 0 0 0 0 819 205 0 0 0 0 424 600 0 0 0 0 0 1024 0 0 0 0 0 
0 0 0 0 0 662 362 0 0 0 0 184 840 0 0 0 0 0 1024 0 0 0 0 0 
0 0 0 0 0 474 550 0 0 0 0 35 989 0 0 0 0 0 1024 0 0 0 0 0 
0 0 0 0 0 384 640 0 0 0 0 0 1024 0 0 0 0 0 1024 0 0 0 0 0 
0 0 0 0 0 236 788 0 0 0 0 0 1024 0 0 0 0 0 1024 0 0 0 0 0 
0 0 0 0 0 190 834 0 0 0 0 0 1024 0 0 0 0 0 1024 0 0 0 0 0 
0 0 0 0 0 271 753 0 0 0 0 0 1024 0 0 0 0 0 1024 0 0 0 0 0 
0 0 0 0 0 56 968 0 0 0 0 0 1024 0 0 0 0 0 1003 21 0 0 0 0 
1 13 49 47 41 76 797 0 2 39 66 49 855 13 0 0 20 79 810 101 14 0 0 0 
0 5 37 35 55 115 777 0 1 26 36 54 799 106 2 0 18 33 592 283 90 8 0 0 
0 0 0 0 0 0 1024 0 0 0 0 0 1024 0 0 0 0 0 547 477 0 0 0 0 
0 0 0 0 0 0 1024 0 0 0 0 0 1023 1 0 0 0 0 525 499 0 0 0 0 
0 0 0 0 0 0 1024 0 0 0 0 0 984 40 0 0 0 0 528 496 0 0 0 0 
0 0 0 0 0 0 1024 0 0 0 0 0 855 169 0 0 0 0 512 512 0 0 0 0 
0 0 0 0 0 0 1024 0 0 0 0 0 632 392 0 0 0 0 151 873 0 0 0 0 
0 0 0 0 0 0 1024 0 0 0 0 0 522 502 0 0 0 0 0 1024 0 0 0 0 
3 60 105 76 78 16 685 1 18 103 97 81 267 453 5 0 89 116 95 695 20 9 0 0 
11 21 131 201 133 96 114 317 23 56 189 154 118 109 68 307 40 134 192 153 82 79 54 290 
128 28 34 9 15 43 746 21 132 42 23 16 232 553 12 14 151 43 28 733 42 9 6 12 
411 85 76 53 39 41 299 20 438 76 63 57 139 229 6 16 465 85 63 336 48 11 9 7 
1 26 93 185 302 105 312 0 4 45 120 213 342 300 0 0 11 65 158 615 167 8 0 0 
0 6 42 76 409 53 437 1 2 12 57 129 380 444 0 0 2 37 64 881 40 0 0 0 
0 0 0 0 117 47 860 0 0 0 0 101 60 863 0 0 0 0 19 418 587 0 0 0 
0 1 0 2 60 86 875 0 1 0 2 26 113 882 0 0 1 2 6 368 647 0 0 0 
6 86 167 33 44 23 660 5 30 170 76 59 11 675 3 0 102 160 65 191 503 3 0 0 
35 117 270 204 72 85 95 146 66 212 252 135 58 98 66 137 158 274 174 84 82 94 30 128 
632 114 88 30 24 35 23 78 650 148 46 26 28 32 24 70 677 150 30 22 38 24 21 62 
729 147 92 38 15 0 1 2 756 183 38 34 10 0 1 2 789 165 41 23 3 0 1 2 
360 236 69 73 198 42 15 31 391 216 78 124 155 21 13 26 471 170 95 200 42 13 9 24 
324 230 86 142 231 11 0 0 338 223 93 229 141 0 0 0 442 140 171 254 16 1 0 0 
2 46 216 111 251 32 355 11 3 64 229 291 49 29 338 21 10 134 287 178 31 32 339 13 
1 15 79 131 297 62 404 35 1 16 91 357 80 46 370 63 1 41 245 225 43 55 377 37 
15 94 120 128 214 76 360 17 37 112 103 218 119 102 283 50 72 107 153 200 124 49 304 15 
196 290 198 151 105 54 27 3 247 291 168 148 100 45 24 1 326 298 136 127 82 30 23 2 
458 273 131 76 56 19 11 0 501 263 122 61 54 19 4 0 578 233 102 55 45 11 0 0 
719 250 21 30 4 0 0 0 725 244 23 27 5 0 0 0 832 144 17 31 0 0 0 0 
185 365 75 56 208 70 29 36 217 349 80 49 226 45 25 33 374 220 72 189 100 23 20 26 
39 292 54 101 413 121 2 2 162 182 53 116 473 36 0 2 288 71 87 320 249 7 1 1 
16 21 218 98 11 130 490 40 20 25 220 84 13 55 568 39 23 57 214 55 16 102 512 45 
530 132 71 40 30 35 158 28 500 156 69 40 32 38 146 43 561 112 58 38 37 30 163 25 
137 106 70 31 10 172 458 40 125 109 77 28 14 75 540 56 133 103 78 29 9 103 518 51 
648 126 127 58 38 9 9 9 629 126 137 59 42 13 8 10 664 99 128 58 43 14 8 10 
293 148 320 116 75 36 17 19 298 127 344 95 81 41 15 23 330 163 311 76 63 42 15 24 
420 300 224 50 15 7 8 0 487 222 210 76 13 7 9 0 606 104 227 62 10 6 9 0 
118 264 163 120 293 50 5 11 213 179 157 127 298 34 5 11 326 90 185 237 165 6 4 11 
23 30 134 177 423 77 27 133 21 40 130 175 437 61 24 136 32 70 133 343 252 34 25 135 
10 28 263 252 44 6 5 416 4 33 265 235 59 8 4 416 4 34 313 190 55 8 7 413 
11 48 305 147 8 10 10 485 9 43 313 147 9 7 10 486 9 44 362 99 8 8 11 483 
0 17 279 138 9 5 6 570 0 13 277 144 9 5 6 570 0 13 335 87 9 5 8 567 
0 2 213 130 9 7 13 650 0 0 206 140 8 7 13 650 0 2 263 83 6 8 14 648 
0 0 136 112 10 10 7 749 0 0 142 108 8 10 8 748 0 0 173 77 10 9 8 747 
0 0 56 86 17 10 8 847 0 0 49 88 20 12 8 847 0 0 66 84 12 8 9 845 
0 0 0 43 11 11 9 950 0 0 0 41 11 12 10 950 0 0 0 44 9 13 8 950 
0 6 37 5 4 7 16 949 0 2 41 4 5 6 12 954 0 5 38 5 4 6 11 955 
0 0 0 0 3 1 33 987 0 0 0 0 2 2 20 1000 0 0 0 0 2 2 22 998 
0 14 61 12 5 5 22 905 0 10 64 12 5 6 11 916 0 11 64 10 6 6 11 916 
0 26 178 19 7 7 19 768 0 26 176 20 8 5 16 773 0 39 168 14 8 6 16 773 
0 58 311 12 7 6 10 620 0 46 323 12 5 7 11 620 0 147 220 11 8 5 10 623 
0 109 417 12 7 7 11 461 0 97 426 14 8 6 9 464 0 145 378 12 8 8 7 466 
0 46 469 118 53 35 10 293 0 16 443 142 69 51 7 296 0 48 423 126 81 43 7 296 
0 32 303 82 132 341 27 107 0 15 300 82 110 382 20 115 0 40 280 85 142 348 12 117 
0 33 353 141 117 365 12 3 0 17 295 193 100 408 8 3 0 65 266 187 158 344 2 2 
