0 0 0 0 0 0 715 309 0 0 0 0 0 0 841 183 0 0 0 0 0 130 815 79 
0 0 0 0 0 0 676 348 0 0 0 0 0 0 750 274 0 0 0 0 0 226 565 233 
0 128 15 1 13 9 390 468 0 142 1 7 11 5 486 372 3 140 0 13 9 2 517 340 
0 202 46 10 10 11 251 494 0 229 23 8 12 11 343 398 21 221 14 7 11 27 353 370 
0 108 6 14 5 12 268 611 0 113 6 10 8 10 411 466 30 84 8 8 8 12 450 424 
0 0 0 4 5 1 57 957 0 0 0 5 4 2 325 688 0 0 1 6 3 1 400 613 
0 0 0 0 0 0 650 374 0 0 0 0 0 0 811 213 0 0 0 0 0 0 842 182 
0 0 0 0 0 0 1024 0 0 0 0 0 0 0 1024 0 0 0 0 0 0 393 631 0 
0 0 0 0 0 0 1024 0 0 0 0 0 0 30 994 0 0 0 0 0 0 1005 19 0 
0 0 0 0 0 0 1024 0 0 0 0 0 0 48 976 0 0 0 0 0 0 889 135 0 
0 340 12 0 32 0 637 3 0 352 0 4 28 54 586 0 2 350 0 25 7 272 368 0 
0 599 53 26 7 7 332 0 23 607 33 16 7 8 330 0 310 328 36 8 5 185 152 0 
0 483 163 5 5 15 346 7 1 622 24 5 7 60 305 0 99 538 12 5 6 227 137 0 
0 487 169 17 13 16 200 122 0 612 49 13 13 19 227 91 18 612 32 16 15 77 169 85 
0 0 0 4 4 5 955 56 0 0 1 3 4 73 907 36 0 0 2 3 4 352 649 14 
0 0 0 0 0 0 1024 0 0 0 0 0 0 524 500 0 0 0 0 0 33 924 67 0 
0 0 0 0 0 15 1009 0 0 0 0 0 0 813 211 0 0 0 0 0 1 1023 0 0 
0 0 0 0 0 135 889 0 0 0 0 0 0 653 371 0 0 0 0 0 143 697 184 0 
0 352 0 2 30 89 551 0 0 352 0 7 25 554 86 0 10 342 0 32 112 523 5 0 
0 665 12 30 16 27 274 0 93 576 10 35 10 232 68 0 526 147 31 14 29 277 0 0 
0 638 48 5 11 77 245 0 49 602 37 7 13 304 12 0 260 414 17 6 106 221 0 0 
0 554 136 34 16 12 272 0 0 680 20 31 10 251 32 0 16 671 33 16 50 238 0 0 
0 12 30 15 19 105 843 0 0 26 18 18 22 851 89 0 0 35 11 25 125 828 0 0 
0 0 0 0 0 237 787 0 0 0 0 0 0 671 353 0 0 0 0 0 271 593 160 0 
0 0 0 0 0 371 653 0 0 0 0 0 0 906 118 0 0 0 0 0 86 938 0 0 
0 0 0 0 0 436 588 0 0 0 0 0 0 982 42 0 0 0 0 0 101 923 0 0 
0 352 0 0 32 311 329 0 0 352 0 3 29 626 14 0 0 352 0 28 100 544 0 0 
0 705 7 9 20 192 91 0 153 556 7 8 30 270 0 0 454 257 6 16 150 141 0 0 
0 685 11 39 12 193 84 0 4 684 27 23 14 246 26 0 38 653 32 18 143 125 15 0 
0 685 43 9 25 94 168 0 0 718 12 8 27 186 73 0 27 694 11 17 99 122 54 0 
0 40 60 47 111 522 244 0 0 81 28 57 120 535 203 0 0 81 32 78 408 244 181 0 
0 0 0 0 0 708 316 0 0 0 0 0 0 734 290 0 0 0 0 0 536 356 132 0 
0 0 0 0 0 393 631 0 0 0 0 0 0 293 697 34 0 0 0 0 0 371 539 114 
0 40 6 12 7 221 738 0 2 38 6 14 5 232 721 6 7 33 8 13 14 256 641 52 
57 758 48 6 13 82 60 0 239 591 33 7 12 97 45 0 400 442 23 11 8 103 37 0 
50 896 30 19 2 7 20 0 278 670 30 18 3 14 11 0 449 504 25 19 2 22 3 0 
5 872 19 10 7 34 77 0 96 789 11 12 7 54 55 0 249 636 12 15 5 88 19 0 
40 851 35 10 1 3 84 0 282 618 32 4 1 6 81 0 480 429 24 3 2 27 59 0 
2 302 32 8 31 298 351 0 82 233 26 3 25 300 355 0 153 165 23 3 32 330 318 0 
0 0 0 0 10 294 720 0 0 0 0 0 11 401 612 0 0 0 0 0 11 680 332 1 
0 16 24 38 56 887 3 0 0 14 30 46 56 878 0 0 1 14 34 61 588 326 0 0 
2 382 29 3 0 599 9 0 29 358 26 3 0 599 9 0 181 218 15 2 380 226 2 0 
3 1021 0 0 0 0 0 0 23 1001 0 0 0 0 0 0 197 827 0 0 0 0 0 0 
6 1016 2 0 0 0 0 0 96 927 1 0 0 0 0 0 347 676 1 0 0 0 0 0 
21 837 90 76 0 0 0 0 152 705 83 78 6 0 0 0 338 537 72 77 0 0 0 0 
5 946 52 19 2 0 0 0 105 855 41 16 7 0 0 0 339 606 58 20 1 0 0 0 
0 920 47 8 5 27 17 0 68 870 29 9 5 16 27 0 354 581 32 10 3 27 15 2 
0 519 22 22 30 354 77 0 7 527 7 25 31 286 141 0 187 345 12 23 40 328 84 5 
72 582 154 104 48 61 3 0 51 608 145 101 58 59 2 0 134 540 143 100 76 31 0 0 
40 549 290 54 27 44 20 0 112 487 279 58 21 38 28 1 226 396 259 56 32 26 28 1 
48 890 85 1 0 0 0 0 158 784 81 1 0 0 0 0 314 645 64 1 0 0 0 0 
40 936 47 1 0 0 0 0 174 810 40 0 0 0 0 0 291 697 36 0 0 0 0 0 
161 862 1 0 0 0 0 0 380 640 4 0 0 0 0 0 468 539 8 9 0 0 0 0 
76 872 75 1 0 0 0 0 228 699 94 3 0 0 0 0 375 493 138 18 0 0 0 0 
5 941 78 0 0 0 0 0 114 793 117 0 0 0 0 0 293 617 114 0 0 0 0 0 
8 903 112 1 0 0 0 0 86 805 132 1 0 0 0 0 260 659 104 1 0 0 0 0 
109 392 15 19 8 417 64 0 75 422 15 11 17 130 354 0 134 364 17 16 12 176 305 0 
39 398 65 10 5 441 66 0 30 396 73 13 0 234 278 0 41 386 73 12 1 275 236 0 
38 423 16 19 135 388 5 0 55 406 10 12 100 306 135 0 75 384 16 15 114 337 83 0 
117 328 19 41 213 305 1 0 166 275 15 41 179 321 27 0 163 254 47 36 190 316 18 0 
44 362 26 23 178 387 4 0 96 308 26 16 136 373 69 0 89 293 44 22 161 378 37 0 
72 258 63 11 118 468 34 0 97 221 71 10 95 401 129 0 102 197 88 17 114 452 54 0 
0 306 37 10 14 420 237 0 0 281 60 10 16 293 364 0 0 294 49 11 16 431 223 0 
0 234 61 9 16 139 565 0 0 218 76 7 7 107 609 0 0 227 67 9 17 209 495 0 
