0 0 0 0 44 946 34 0 0 0 2 752 270 0 0 0 0 0 408 604 12 0 0 0 
0 0 0 0 0 335 689 0 0 0 0 308 716 0 0 0 0 0 95 766 163 0 0 0 
0 0 0 0 0 50 969 5 0 0 0 39 947 38 0 0 0 0 6 637 381 0 0 0 
0 0 0 0 0 4 980 40 0 0 0 9 825 190 0 0 0 0 0 525 496 3 0 0 
0 0 0 0 0 0 987 37 0 0 0 0 863 161 0 0 0 0 0 496 528 0 0 0 
0 0 0 0 0 35 969 20 0 0 0 2 924 98 0 0 0 0 0 508 506 10 0 0 
0 0 0 0 0 84 940 0 0 0 0 13 908 103 0 0 0 0 0 505 519 0 0 0 
0 0 0 0 0 116 897 11 0 0 0 58 938 27 1 0 0 0 0 584 429 11 0 0 
0 0 0 0 0 311 713 0 0 0 0 181 831 12 0 0 0 0 5 655 357 7 0 0 
0 0 0 0 0 485 486 53 0 0 0 327 577 66 53 1 0 0 69 582 258 81 33 1 
0 0 0 0 46 923 52 3 0 0 0 676 340 8 0 0 0 0 123 831 61 9 0 0 
0 0 0 0 112 888 24 0 0 0 3 918 102 1 0 0 0 0 337 606 80 1 0 0 
0 7 184 201 24 342 264 2 55 94 249 55 567 4 0 0 128 20 254 208 409 5 0 0 
0 0 21 325 70 1 599 8 0 126 245 45 564 44 0 0 59 70 223 68 588 16 0 0 
0 0 0 323 63 30 548 60 0 106 201 109 260 348 0 0 20 111 142 143 556 52 0 0 
2 18 8 262 92 32 374 236 3 96 185 103 93 515 24 5 0 114 99 166 413 212 18 2 
1 26 51 143 105 51 500 147 2 52 143 130 241 416 27 13 0 53 30 166 453 247 43 32 
0 0 0 218 175 23 389 219 0 0 233 183 113 485 10 0 0 121 61 234 322 284 2 0 
0 0 37 266 113 0 516 92 10 77 211 118 157 450 1 0 11 149 56 197 457 154 0 0 
0 20 93 267 36 5 582 21 37 152 180 47 318 289 1 0 84 118 94 118 476 134 0 0 
0 1 45 342 28 35 562 11 7 118 272 38 495 94 0 0 21 112 236 64 516 75 0 0 
0 28 90 298 19 88 501 0 27 160 229 33 547 28 0 0 70 121 218 39 533 43 0 0 
0 22 171 220 35 405 171 0 22 152 245 42 562 1 0 0 74 107 235 46 558 4 0 0 
0 0 258 173 33 530 30 0 0 118 316 109 480 1 0 0 29 96 285 174 440 0 0 0 
0 33 952 39 0 0 0 0 4 881 113 26 0 0 0 0 775 81 84 80 4 0 0 0 
0 9 454 523 24 14 0 0 1 821 82 86 24 10 0 0 698 113 56 111 27 19 0 0 
0 0 192 738 74 20 0 0 0 728 111 106 62 17 0 0 580 151 100 62 101 26 4 0 
5 45 205 688 30 29 13 9 10 732 150 58 32 21 13 8 403 322 115 70 50 29 21 14 
13 88 226 416 42 49 107 83 7 433 237 83 37 55 90 82 12 353 104 89 67 101 176 122 
0 0 111 908 5 0 0 0 0 730 288 6 0 0 0 0 8 864 93 59 0 0 0 0 
0 3 112 909 0 0 0 0 0 764 256 4 0 0 0 0 86 779 115 44 0 0 0 0 
0 0 117 907 0 0 0 0 0 829 195 0 0 0 0 0 53 823 126 22 0 0 0 0 
0 0 283 741 0 0 0 0 0 912 112 0 0 0 0 0 336 602 79 7 0 0 0 0 
0 1 621 399 2 1 0 0 1 905 111 6 1 0 0 0 754 193 69 7 1 0 0 0 
0 0 876 143 4 1 0 0 0 977 33 11 3 0 0 0 832 154 19 15 4 0 0 0 
0 0 1013 11 0 0 0 0 0 1024 0 0 0 0 0 0 801 223 0 0 0 0 0 0 
251 178 430 163 2 0 0 0 309 158 469 88 0 0 0 0 254 164 298 306 2 0 0 0 
80 183 382 369 10 0 0 0 129 179 437 279 0 0 0 0 77 183 247 497 20 0 0 0 
190 165 288 339 42 0 0 0 254 150 345 256 19 0 0 0 202 158 172 396 95 1 0 0 
110 214 159 379 114 31 17 0 227 121 215 376 55 17 13 0 158 169 100 369 177 37 14 0 
2 15 143 169 142 171 211 171 4 18 137 198 147 162 223 135 0 8 61 206 183 161 251 154 
42 46 209 216 317 160 31 3 46 50 244 270 282 114 15 3 16 45 121 267 311 198 59 7 
0 28 241 215 354 182 3 1 0 27 270 297 261 167 2 0 0 0 90 325 268 264 76 1 
6 70 436 262 176 62 12 0 3 57 441 277 179 63 4 0 0 2 225 347 192 194 63 1 
1 54 538 343 80 8 0 0 1 271 465 216 62 9 0 0 5 277 275 263 82 110 11 1 
0 369 483 157 8 5 2 0 2 286 672 54 5 5 0 0 0 172 552 283 12 5 0 0 
8 453 484 79 0 0 0 0 3 259 737 25 0 0 0 0 0 83 511 430 0 0 0 0 
88 571 361 4 0 0 0 0 50 649 306 19 0 0 0 0 9 321 572 120 2 0 0 0 
520 356 116 18 12 2 0 0 578 344 73 18 9 2 0 0 350 508 125 25 11 5 0 0 
773 205 38 5 2 0 1 0 831 161 27 3 1 1 0 0 753 220 40 8 2 0 1 0 
891 65 43 11 10 2 2 0 913 50 37 10 10 2 2 0 891 56 44 18 9 4 2 0 
318 314 170 164 39 19 0 0 401 272 154 163 20 14 0 0 332 244 195 161 71 19 2 0 
23 39 96 216 218 223 147 62 25 35 113 246 236 184 147 38 17 22 65 165 294 210 198 53 
53 64 106 171 439 122 58 11 63 61 96 393 244 99 53 15 34 62 59 160 456 142 73 38 
144 154 108 209 286 96 22 5 149 155 99 355 163 82 16 5 58 167 124 187 299 137 43 9 
22 39 89 351 423 87 8 5 21 36 83 445 335 92 8 4 1 21 43 128 465 280 75 11 
2 17 117 581 238 40 20 9 2 19 127 645 165 38 19 9 0 3 45 213 618 102 27 16 
6 78 269 428 145 65 21 12 3 51 273 457 142 69 22 7 1 8 119 386 334 120 40 16 
20 99 243 353 263 46 0 0 22 88 293 327 247 47 0 0 14 50 146 383 236 186 9 0 
28 221 321 199 226 24 5 0 19 169 390 210 213 22 1 0 5 65 305 307 193 143 6 0 
15 29 504 376 88 12 0 0 16 36 557 329 81 5 0 0 7 25 346 485 133 28 0 0 
116 60 179 547 98 24 0 0 126 70 257 491 68 12 0 0 104 57 107 563 147 46 0 0 
243 118 259 324 70 10 0 0 256 111 320 293 41 3 0 0 218 109 195 395 97 10 0 0 
46 196 378 324 64 16 0 0 69 190 406 302 56 1 0 0 25 134 233 453 159 20 0 0 
26 146 314 290 161 79 6 2 33 120 347 302 146 69 3 4 12 29 188 413 255 83 38 6 
3 46 173 475 223 93 9 2 4 51 202 521 144 86 14 2 0 19 92 457 301 102 46 7 
60 58 136 567 134 46 21 2 61 63 167 546 139 34 12 2 22 67 67 389 361 92 17 9 
42 64 169 572 139 24 12 2 25 74 166 635 97 14 10 3 6 22 89 316 530 41 11 9 
4 13 170 511 238 57 20 11 4 11 158 636 149 45 12 9 2 4 35 451 433 62 22 15 
17 75 277 454 129 35 27 10 26 55 253 529 89 34 25 13 8 35 99 481 288 62 25 26 
26 381 433 134 44 6 0 0 70 367 351 190 44 2 0 0 178 178 147 376 133 10 2 0 
147 540 309 25 3 0 0 0 293 416 291 21 3 0 0 0 354 215 313 139 1 2 0 0 
2 40 505 458 17 2 0 0 1 26 435 548 14 0 0 0 0 8 122 652 234 8 0 0 
7 15 63 896 37 5 1 0 7 16 75 879 42 4 1 0 1 17 16 383 592 13 1 1 
0 8 58 747 184 14 5 8 0 9 65 719 208 9 6 8 0 0 26 291 648 43 5 11 
0 1 95 618 302 8 0 0 0 1 109 706 198 10 0 0 0 0 22 261 668 73 0 0 
0 13 155 815 41 0 0 0 0 12 163 821 28 0 0 0 0 1 41 571 411 0 0 0 
101 92 140 621 70 0 0 0 76 95 123 685 45 0 0 0 2 18 55 429 513 7 0 0 
76 119 233 485 106 5 0 0 58 111 206 541 105 3 0 0 2 22 74 411 455 59 1 0 
174 140 354 345 11 0 0 0 132 155 278 441 18 0 0 0 0 19 129 530 338 8 0 0 
132 92 245 551 4 0 0 0 101 104 226 585 8 0 0 0 0 25 116 494 378 11 0 0 
80 128 301 502 8 4 1 0 53 117 234 598 17 3 2 0 2 58 126 515 305 13 5 0 
68 158 476 266 52 4 0 0 56 139 432 360 37 0 0 0 9 84 233 548 143 7 0 0 
17 163 800 43 1 0 0 0 15 75 837 96 1 0 0 0 2 23 267 723 9 0 0 0 
0 29 653 342 0 0 0 0 0 23 184 817 0 0 0 0 0 4 57 745 218 0 0 0 
0 0 68 920 36 0 0 0 0 0 28 944 52 0 0 0 0 0 5 195 822 2 0 0 
145 28 48 799 4 0 0 0 143 30 48 799 4 0 0 0 136 29 16 282 561 0 0 0 
458 33 117 413 3 0 0 0 452 35 81 442 14 0 0 0 447 35 27 196 316 3 0 0 
468 31 51 354 120 0 0 0 464 31 35 297 197 0 0 0 436 48 26 81 351 82 0 0 
85 105 273 404 157 0 0 0 75 37 264 483 165 0 0 0 60 34 99 408 339 84 0 0 
569 40 177 138 100 0 0 0 570 36 153 168 97 0 0 0 546 43 63 180 150 42 0 0 
251 193 290 231 59 0 0 0 266 163 296 238 61 0 0 0 199 173 165 307 161 19 0 0 
575 283 108 48 10 0 0 0 572 288 106 48 10 0 0 0 367 445 106 69 37 0 0 0 
505 356 129 26 8 0 0 0 477 364 146 31 6 0 0 0 335 371 252 41 25 0 0 0 
659 281 84 0 0 0 0 0 581 349 93 1 0 0 0 0 568 316 133 7 0 0 0 0 
886 129 9 0 0 0 0 0 861 149 14 0 0 0 0 0 917 86 16 5 0 0 0 0 
