160 32 32 0 241 82 62 415 160 32 32 140 159 48 73 380 160 64 63 213 54 56 100 314 
0 0 0 0 0 8 150 866 0 0 0 0 0 94 204 726 0 0 0 0 55 155 309 505 
0 0 0 0 0 952 57 15 0 0 0 0 843 136 45 0 0 0 0 779 184 52 9 0 
0 12 202 53 67 690 0 0 0 1 22 220 768 13 0 0 0 0 26 884 88 19 7 0 
0 180 204 32 0 608 0 0 0 81 303 32 608 0 0 0 0 207 202 615 0 0 0 0 
1 130 284 120 61 428 0 0 0 47 131 168 579 99 0 0 0 113 51 567 98 80 88 27 
0 30 34 24 138 798 0 0 0 46 18 32 928 0 0 0 1 63 24 936 0 0 0 0 
0 0 0 32 957 3 0 32 0 0 30 191 771 0 0 32 0 0 91 901 0 0 0 32 
158 26 24 16 74 22 39 665 142 34 32 51 51 13 53 648 148 49 30 75 18 20 95 589 
0 0 0 0 0 163 391 470 0 0 0 0 56 276 350 342 0 0 0 3 209 389 194 229 
0 0 0 0 209 814 1 0 0 0 0 0 962 62 0 0 0 0 0 904 120 0 0 0 
0 22 243 35 194 530 0 0 0 9 41 269 701 4 0 0 0 13 108 889 14 0 0 0 
0 130 288 9 107 490 0 0 0 21 393 20 590 0 0 0 1 252 178 584 9 0 0 0 
18 160 265 175 205 199 2 0 2 58 226 201 433 75 28 1 15 160 141 454 116 57 59 22 
0 57 177 196 345 249 0 0 0 74 203 194 539 14 0 0 26 185 200 573 40 0 0 0 
1 27 74 186 659 45 0 32 2 34 100 281 573 2 0 32 22 69 201 688 12 0 0 32 
160 11 21 32 0 2 26 772 128 32 32 32 0 2 83 715 132 35 26 31 0 15 388 397 
0 0 0 17 380 286 175 166 0 0 0 40 515 226 191 52 0 0 10 441 270 202 97 4 
0 0 0 0 988 36 0 0 0 0 0 1 1023 0 0 0 0 0 0 1024 0 0 0 0 
0 13 262 56 619 74 0 0 0 4 58 278 679 5 0 0 0 22 187 791 21 3 0 0 
0 109 307 13 325 270 0 0 0 0 416 48 560 0 0 0 0 251 187 586 0 0 0 0 
8 124 229 239 346 78 0 0 0 13 178 216 456 109 51 1 0 115 126 437 117 95 79 55 
0 63 241 254 406 60 0 0 0 68 279 304 354 19 0 0 28 256 271 424 45 0 0 0 
0 0 33 114 836 9 0 32 0 4 42 464 482 0 0 32 0 38 321 633 0 0 0 32 
160 24 28 12 0 41 162 597 139 30 39 16 1 48 254 497 159 30 31 4 9 121 467 203 
0 0 62 69 473 220 157 43 0 0 72 177 396 200 165 14 0 19 153 419 182 171 69 11 
0 0 0 0 1004 20 0 0 0 0 0 145 879 0 0 0 0 0 163 861 0 0 0 0 
2 33 306 48 542 93 0 0 0 21 108 354 537 4 0 0 1 44 325 622 32 0 0 0 
0 50 373 39 539 23 0 0 0 0 439 140 444 1 0 0 0 243 292 488 1 0 0 0 
8 99 265 295 339 17 1 0 0 6 208 276 347 137 48 2 0 137 243 274 127 104 93 46 
0 88 240 287 393 16 0 0 2 84 301 381 256 0 0 0 44 276 378 321 5 0 0 0 
0 12 76 208 694 2 0 32 0 29 93 716 154 0 0 32 23 84 649 236 0 0 0 32 
160 32 32 70 67 160 349 154 160 30 34 81 56 196 411 56 168 45 74 46 105 330 255 1 
0 0 71 119 430 264 139 1 0 0 75 248 294 262 135 10 0 32 188 310 213 178 95 8 
0 0 0 0 956 53 8 7 0 0 0 611 389 14 10 0 0 0 591 389 30 7 7 0 
0 42 327 48 414 158 34 1 0 25 136 430 296 126 11 0 0 41 505 281 118 76 3 0 
0 61 387 2 574 0 0 0 0 0 448 358 218 0 0 0 0 289 509 226 0 0 0 0 
9 125 244 351 289 5 1 0 0 18 211 334 272 175 14 0 1 120 290 263 100 100 113 37 
1 89 239 364 323 8 0 0 2 101 301 490 129 1 0 0 63 270 508 177 6 0 0 0 
0 9 74 335 574 0 0 32 0 20 106 832 34 0 0 32 16 99 831 46 0 0 0 32 
164 53 80 303 195 190 39 0 166 64 101 284 195 171 43 0 205 94 255 105 243 119 3 0 
0 3 36 251 398 222 88 26 0 4 47 373 310 183 92 15 2 25 315 237 234 153 54 4 
0 8 49 152 587 93 79 56 0 6 60 560 203 77 76 42 0 35 521 214 98 70 68 18 
2 27 367 82 331 165 33 17 0 18 176 516 177 95 28 14 1 31 642 126 151 50 17 6 
3 38 473 84 320 62 23 21 1 23 481 340 75 57 20 27 4 405 395 90 56 38 14 22 
0 109 227 362 264 58 4 0 0 25 173 343 155 167 148 13 0 124 295 126 131 104 142 102 
0 88 266 435 216 19 0 0 0 85 279 490 138 30 2 0 45 253 487 187 47 5 0 0 
0 0 45 877 70 0 0 32 0 0 62 922 8 0 0 32 1 47 932 12 0 0 0 32 
294 381 226 103 17 2 1 0 233 355 273 127 33 2 1 0 362 355 176 112 17 1 1 0 
103 458 359 85 16 3 0 0 31 402 432 119 28 12 0 0 140 359 306 139 54 25 1 0 
111 667 193 43 6 3 1 0 119 611 220 61 8 3 2 0 430 412 140 35 3 4 0 0 
107 453 363 80 16 5 0 0 51 389 385 165 23 11 0 0 195 400 310 70 22 21 6 0 
64 609 333 14 2 2 0 0 67 524 408 20 3 2 0 0 285 622 101 12 2 2 0 0 
53 386 292 124 91 73 5 0 26 283 304 143 136 104 19 9 143 343 177 128 121 87 16 9 
50 328 454 139 43 10 0 0 38 288 478 155 50 15 0 0 166 522 238 70 25 3 0 0 
69 221 233 447 22 0 0 32 74 212 265 417 24 0 0 32 182 301 430 78 1 0 0 32 
505 310 142 52 12 3 0 0 463 282 172 84 20 3 0 0 598 237 129 46 11 3 0 0 
525 407 82 10 0 0 0 0 581 309 120 14 0 0 0 0 740 222 58 4 0 0 0 0 
395 411 133 42 31 11 1 0 337 404 156 62 33 28 4 0 551 270 109 42 39 11 2 0 
198 535 217 62 12 0 0 0 102 486 284 118 33 1 0 0 307 392 210 87 23 1 4 0 
246 681 57 23 16 1 0 0 377 542 59 25 18 2 1 0 785 182 29 15 12 1 0 0 
302 541 122 36 23 0 0 0 487 355 115 41 26 0 0 0 740 181 62 39 2 0 0 0 
147 526 233 90 23 4 1 0 126 481 252 126 25 11 3 0 409 381 148 60 15 11 0 0 
284 545 137 14 8 3 0 33 219 527 211 23 7 2 2 33 494 404 71 13 5 3 1 33 
