983 40 1 0 0 0 0 0 518 86 86 282 52 0 0 0 428 51 52 49 48 51 62 283 
971 53 0 0 0 0 0 0 266 45 51 567 94 1 0 0 164 65 51 25 34 35 49 601 
1016 8 0 0 0 0 0 0 186 31 10 660 137 0 0 0 25 143 19 20 12 8 3 794 
1024 0 0 0 0 0 0 0 0 0 0 617 407 0 0 0 0 0 0 0 0 0 0 1024 
1024 0 0 0 0 0 0 0 0 0 0 215 809 0 0 0 0 0 0 0 0 0 0 1024 
964 60 0 0 0 0 0 0 307 86 65 114 452 0 0 0 15 244 50 49 53 50 46 517 
992 31 1 0 0 0 0 0 7 13 23 117 863 1 0 0 0 6 2 6 12 8 25 965 
506 247 203 68 0 0 0 0 29 27 14 45 703 206 0 0 0 25 25 4 11 13 15 931 
1023 1 0 0 0 0 0 0 749 55 33 153 34 0 0 0 694 42 16 37 20 26 5 184 
1013 11 0 0 0 0 0 0 354 9 59 458 144 0 0 0 257 75 27 4 11 45 82 523 
1022 2 0 0 0 0 0 0 257 1 47 599 120 0 0 0 0 253 4 1 17 29 17 703 
1024 0 0 0 0 0 0 0 0 0 0 50 974 0 0 0 0 0 0 0 0 0 0 1024 
1017 7 0 0 0 0 0 0 95 21 8 33 866 1 0 0 0 64 25 19 10 10 23 873 
1004 20 0 0 0 0 0 0 693 31 19 42 238 1 0 0 0 653 38 21 12 11 34 255 
984 40 0 0 0 0 0 0 75 11 35 50 848 5 0 0 2 52 16 9 10 20 33 882 
601 153 206 64 0 0 0 0 88 113 13 29 487 294 0 0 0 25 154 18 13 21 23 770 
1021 3 0 0 0 0 0 0 762 65 18 123 56 0 0 0 706 35 26 39 23 5 4 186 
1024 0 0 0 0 0 0 0 446 66 0 360 152 0 0 0 338 78 34 49 13 22 36 454 
1019 5 0 0 0 0 0 0 570 45 24 176 200 9 0 0 37 477 55 36 33 1 33 352 
1007 17 0 0 0 0 0 0 3 2 15 20 977 7 0 0 0 0 2 2 2 4 20 994 
920 104 0 0 0 0 0 0 427 61 24 18 253 241 0 0 0 232 168 66 33 17 18 490 
975 49 0 0 0 0 0 0 790 50 36 41 61 38 8 0 0 334 398 81 34 20 36 121 
668 340 5 4 2 0 2 3 158 57 24 18 131 553 68 15 0 23 92 51 28 29 27 774 
448 289 209 78 0 0 0 0 28 154 27 10 232 556 17 0 0 0 107 66 27 12 18 794 
1023 1 0 0 0 0 0 0 756 51 25 142 47 3 0 0 668 60 27 21 35 13 33 167 
1024 0 0 0 0 0 0 0 423 51 48 263 237 2 0 0 334 72 13 28 55 31 27 464 
1024 0 0 0 0 0 0 0 620 37 57 30 234 46 0 0 167 422 31 11 50 36 17 290 
989 35 0 0 0 0 0 0 7 39 15 36 849 77 1 0 0 1 3 21 27 7 43 922 
849 171 3 1 0 0 0 0 529 50 42 52 49 271 31 0 1 173 329 41 39 35 62 344 
987 37 0 0 0 0 0 0 592 229 90 39 24 34 16 0 4 230 194 202 103 115 76 100 
516 427 25 9 9 12 7 19 249 49 37 77 47 121 339 105 0 37 133 69 38 43 54 650 
329 428 176 91 0 0 0 0 105 188 37 27 28 504 135 0 0 13 197 69 48 19 38 640 
1021 3 0 0 0 0 0 0 804 64 28 105 23 0 0 0 730 35 62 16 20 25 51 85 
1020 4 0 0 0 0 0 0 521 54 120 135 183 11 0 0 439 52 24 30 55 80 56 288 
1016 8 0 0 0 0 0 0 894 10 22 29 64 5 0 0 827 53 12 6 14 21 19 72 
1010 14 0 0 0 0 0 0 690 66 54 48 127 39 0 0 520 125 54 41 42 40 25 177 
994 30 0 0 0 0 0 0 775 28 37 37 33 111 3 0 451 292 31 20 24 29 37 140 
998 25 1 0 0 0 0 0 824 21 29 35 34 74 7 0 386 428 9 10 33 12 27 119 
958 66 0 0 0 0 0 0 786 51 27 32 27 48 53 0 339 374 89 29 25 24 26 118 
608 235 137 44 0 0 0 0 472 267 136 41 14 58 36 0 287 341 182 65 22 13 19 95 
1024 0 0 0 0 0 0 0 977 17 17 7 6 0 0 0 955 13 8 9 8 17 6 8 
1018 6 0 0 0 0 0 0 990 23 7 4 0 0 0 0 971 13 13 13 5 4 2 3 
1024 0 0 0 0 0 0 0 1024 0 0 0 0 0 0 0 1024 0 0 0 0 0 0 0 
1024 0 0 0 0 0 0 0 1024 0 0 0 0 0 0 0 1024 0 0 0 0 0 0 0 
1017 6 1 0 0 0 0 0 976 19 17 1 5 6 0 0 917 48 22 8 14 4 3 8 
1018 5 1 0 0 0 0 0 973 17 6 1 11 16 0 0 942 29 9 6 7 2 4 25 
1013 11 0 0 0 0 0 0 873 44 38 32 27 8 2 0 746 96 41 33 22 20 27 39 
640 192 160 32 0 0 0 0 608 224 160 32 0 0 0 0 599 233 160 32 0 0 0 0 
1024 0 0 0 0 0 0 0 1024 0 0 0 0 0 0 0 1024 0 0 0 0 0 0 0 
1024 0 0 0 0 0 0 0 1024 0 0 0 0 0 0 0 1024 0 0 0 0 0 0 0 
1024 0 0 0 0 0 0 0 1024 0 0 0 0 0 0 0 1024 0 0 0 0 0 0 0 
1024 0 0 0 0 0 0 0 1024 0 0 0 0 0 0 0 1024 0 0 0 0 0 0 0 
1024 0 0 0 0 0 0 0 1024 0 0 0 0 0 0 0 1024 0 0 0 0 0 0 0 
1024 0 0 0 0 0 0 0 1024 0 0 0 0 0 0 0 1024 0 0 0 0 0 0 0 
1024 0 0 0 0 0 0 0 1020 3 1 0 0 0 0 0 1011 7 1 2 2 1 0 0 
640 200 152 32 0 0 0 0 606 226 160 32 0 0 0 0 600 232 160 32 0 0 0 0 
640 212 140 32 0 0 0 0 608 224 160 32 0 0 0 0 608 224 135 57 0 0 0 0 
640 202 150 32 0 0 0 0 608 224 155 37 0 0 0 0 608 224 141 51 0 0 0 0 
640 195 157 32 0 0 0 0 608 224 155 37 0 0 0 0 608 224 131 61 0 0 0 0 
640 192 160 32 0 0 0 0 608 224 158 34 0 0 0 0 608 216 140 60 0 0 0 0 
640 205 147 32 0 0 0 0 605 227 160 32 0 0 0 0 608 224 139 53 0 0 0 0 
640 197 161 26 0 0 0 0 608 224 160 32 0 0 0 0 608 224 144 48 0 0 0 0 
640 210 142 32 0 0 0 0 603 229 159 33 0 0 0 0 606 226 141 51 0 0 0 0 
339 273 246 142 24 0 0 0 289 291 252 157 35 0 0 0 304 282 240 164 34 0 0 0 
