0 0 0 0 0 0 201 823 0 0 0 0 0 407 617 0 0 0 0 0 0 741 283 0 
0 0 0 0 0 0 281 743 0 0 0 0 0 499 525 0 0 0 0 0 6 836 182 0 
0 0 0 0 0 0 263 761 0 0 0 0 0 331 693 0 0 0 0 0 5 724 295 0 
0 0 0 0 0 0 267 757 0 0 0 0 0 378 646 0 0 0 0 0 0 682 342 0 
0 0 0 0 0 0 303 721 0 0 0 0 0 352 672 0 0 0 0 0 0 841 183 0 
0 0 0 0 0 0 508 516 0 0 0 0 0 573 451 0 0 0 0 0 0 900 124 0 
0 0 0 0 0 0 903 121 0 0 0 0 0 993 31 0 0 0 0 0 0 1024 0 0 
0 19 69 38 12 16 766 104 0 20 68 44 12 877 3 0 0 9 55 51 30 877 2 0 
0 0 0 0 0 0 0 1024 0 0 0 0 0 0 153 871 0 0 0 0 0 0 306 718 
0 0 0 0 0 0 0 1024 0 0 0 0 0 0 491 533 0 0 0 0 0 0 392 632 
0 0 0 0 0 0 0 1024 0 0 0 0 0 0 689 335 0 0 0 0 0 0 545 479 
7 22 38 1 4 3 1 948 8 16 43 1 4 3 873 76 7 12 48 1 5 2 817 132 
27 80 508 11 7 3 10 378 20 43 460 102 7 4 367 21 20 33 408 146 26 5 375 11 
18 37 98 373 198 12 55 233 4 42 21 125 250 249 333 0 0 31 27 28 164 266 467 41 
18 17 19 17 149 212 155 437 5 19 18 18 14 162 737 51 0 9 19 18 19 361 279 319 
0 46 124 64 43 21 209 517 0 44 64 74 43 366 294 139 0 36 18 93 49 431 244 153 
0 0 0 0 0 0 0 1024 0 0 0 0 0 0 344 680 0 0 0 0 0 0 389 635 
0 0 0 0 0 0 0 1024 0 0 0 0 0 0 422 602 0 0 0 0 0 0 392 632 
0 0 0 0 0 0 0 1024 0 0 0 0 0 0 861 163 0 0 0 0 0 0 791 233 
0 5 127 1 2 8 21 860 0 2 131 1 3 9 747 131 0 2 126 5 3 10 734 144 
0 127 880 17 0 0 0 0 0 0 849 170 5 0 0 0 0 0 718 245 61 0 0 0 
0 0 197 535 288 4 0 0 0 0 8 176 374 362 104 0 0 0 0 28 236 302 352 106 
0 1 1 5 191 558 34 234 0 0 2 0 2 32 509 479 0 0 0 2 0 2 36 984 
0 0 121 105 65 17 34 682 0 0 10 131 33 124 37 689 0 0 0 106 38 35 121 724 
0 0 0 0 0 0 0 1024 0 0 0 0 0 0 0 1024 0 0 0 0 0 0 6 1018 
0 0 0 0 0 0 39 985 0 0 0 0 0 0 180 844 0 0 0 0 0 0 197 827 
5 121 524 73 6 4 25 266 2 40 407 206 74 5 242 48 3 26 362 140 164 40 250 39 
4 121 148 313 158 75 13 192 0 96 108 49 254 173 200 144 0 61 118 37 58 241 220 289 
0 602 401 21 0 0 0 0 0 438 491 95 0 0 0 0 0 269 550 168 37 0 0 0 
0 99 215 521 188 1 0 0 0 0 110 243 359 270 42 0 0 0 13 202 230 339 200 40 
0 0 0 83 502 196 84 159 0 0 0 0 27 278 616 103 0 0 0 0 0 35 385 604 
1 0 141 87 110 19 78 588 0 1 17 151 45 120 319 371 0 0 1 128 55 33 317 490 
0 7 38 2 2 2 40 933 0 5 40 2 2 2 452 521 0 5 36 6 2 2 565 408 
0 22 442 293 14 2 102 149 0 14 295 181 252 31 119 132 0 8 201 167 152 220 140 136 
0 255 537 214 4 4 0 10 0 115 463 225 185 24 7 5 0 54 425 203 196 123 16 7 
5 352 47 359 211 50 0 0 0 263 94 17 238 280 117 15 0 10 343 6 32 240 264 129 
0 800 224 0 0 0 0 0 0 194 678 152 0 0 0 0 0 10 687 286 41 0 0 0 
0 17 851 156 0 0 0 0 0 0 3 598 421 2 0 0 0 0 0 64 605 355 0 0 
0 0 74 692 135 14 49 60 0 0 0 18 420 466 104 16 0 0 0 0 29 419 541 35 
0 0 137 129 108 18 269 363 0 0 5 171 59 130 534 125 0 0 0 139 54 51 568 212 
420 198 205 52 4 9 51 85 62 230 422 119 42 13 120 16 98 277 310 114 56 33 125 11 
406 129 253 203 33 0 0 0 113 197 299 186 130 97 2 0 135 226 173 205 103 83 99 0 
481 391 152 0 0 0 0 0 195 376 301 148 4 0 0 0 227 232 329 143 92 1 0 0 
544 279 106 94 1 0 0 0 204 322 283 51 158 6 0 0 240 230 343 16 55 137 3 0 
609 294 121 0 0 0 0 0 220 313 394 97 0 0 0 0 248 305 343 88 40 0 0 0 
578 149 213 84 0 0 0 0 109 376 218 152 168 1 0 0 134 356 197 43 166 128 0 0 
750 150 25 76 22 1 0 0 103 493 284 26 48 68 2 0 128 502 240 25 20 46 63 0 
718 152 14 31 8 16 30 55 136 505 222 36 15 16 28 66 158 512 195 21 24 14 18 82 
884 140 0 0 0 0 0 0 317 360 333 14 0 0 0 0 398 438 188 0 0 0 0 0 
1006 18 0 0 0 0 0 0 933 71 20 0 0 0 0 0 957 58 9 0 0 0 0 0 
1014 10 0 0 0 0 0 0 994 29 1 0 0 0 0 0 1004 20 0 0 0 0 0 0 
974 50 0 0 0 0 0 0 811 202 11 0 0 0 0 0 856 164 4 0 0 0 0 0 
972 52 0 0 0 0 0 0 845 169 10 0 0 0 0 0 876 143 5 0 0 0 0 0 
917 107 0 0 0 0 0 0 554 418 51 1 0 0 0 0 600 392 32 0 0 0 0 0 
959 65 0 0 0 0 0 0 732 285 7 0 0 0 0 0 790 231 3 0 0 0 0 0 
966 58 0 0 0 0 0 0 785 212 27 0 0 0 0 0 818 196 10 0 0 0 0 0 
320 88 397 218 1 0 0 0 50 158 155 37 242 377 5 0 69 202 102 13 27 207 387 17 
410 73 456 85 0 0 0 0 368 42 10 33 385 186 0 0 376 34 9 12 41 327 222 3 
461 83 434 46 0 0 0 0 443 13 10 48 403 107 0 0 442 13 9 10 68 346 136 0 
492 217 301 14 0 0 0 0 435 66 40 172 288 23 0 0 447 55 9 82 150 244 37 0 
548 314 151 11 0 0 0 0 478 64 145 216 108 13 0 0 491 49 34 219 123 91 17 0 
595 389 39 1 0 0 0 0 532 44 311 129 7 1 0 0 539 36 82 320 42 5 0 0 
619 393 12 0 0 0 0 0 589 31 362 42 0 0 0 0 596 22 112 294 0 0 0 0 
644 379 1 0 0 0 0 0 627 22 366 9 0 0 0 0 626 24 149 225 0 0 0 0 
