0 0 0 0 0 107 917 0 0 0 0 0 0 1024 0 0 0 0 0 0 1024 0 0 0 
0 0 0 0 0 0 1024 0 0 0 0 0 0 1024 0 0 0 0 0 0 1024 0 0 0 
0 0 0 186 52 59 727 0 0 0 120 95 29 780 0 0 0 128 77 48 771 0 0 0 
0 0 0 0 0 0 1024 0 0 0 0 0 0 1024 0 0 0 0 0 0 1024 0 0 0 
0 0 0 0 0 0 1024 0 0 0 0 0 0 1024 0 0 0 0 0 0 1024 0 0 0 
0 0 0 0 0 29 826 169 0 0 0 0 0 578 315 131 0 0 0 0 592 264 168 0 
0 0 0 0 0 0 417 607 0 0 0 0 0 0 585 439 0 0 0 0 0 396 628 0 
0 0 0 0 0 11 829 184 0 0 0 0 0 522 335 167 0 0 0 0 567 286 171 0 
0 0 0 0 0 0 1024 0 0 0 0 0 0 1005 19 0 0 0 0 0 1021 3 0 0 
0 0 0 0 0 0 1024 0 0 0 0 0 0 634 390 0 0 0 0 0 699 325 0 0 
0 0 0 0 63 210 751 0 0 0 0 2 116 868 38 0 0 0 0 74 901 49 0 0 
0 0 0 0 0 0 1024 0 0 0 0 0 0 999 25 0 0 0 0 0 1016 8 0 0 
0 0 0 0 0 0 916 108 0 0 0 0 0 527 497 0 0 0 0 0 566 458 0 0 
0 0 0 0 0 0 946 78 0 0 0 0 0 476 519 29 0 0 0 0 531 426 67 0 
0 0 0 0 0 1 532 491 0 0 0 0 0 9 674 341 0 0 0 0 5 423 596 0 
0 7 23 67 108 104 315 400 0 7 28 70 113 141 312 353 2 25 68 110 149 256 414 0 
0 0 0 0 0 45 979 0 0 0 0 0 0 495 529 0 0 0 0 0 568 456 0 0 
0 0 0 0 0 58 957 9 0 0 0 0 0 261 763 0 0 0 0 0 287 727 10 0 
0 0 0 0 0 15 798 211 0 0 0 0 0 142 808 74 0 0 0 0 168 632 224 0 
0 0 0 0 0 2 625 397 0 0 0 0 0 328 447 249 0 0 0 0 383 335 306 0 
0 0 0 0 0 0 214 810 0 0 0 0 0 15 385 624 0 0 0 0 16 305 703 0 
0 0 0 0 0 0 230 794 0 0 0 0 0 24 714 286 0 0 0 0 34 470 520 0 
0 1 42 20 17 62 629 253 0 0 42 23 18 157 651 133 0 22 40 17 132 566 247 0 
0 9 45 136 162 140 215 317 0 13 52 142 164 139 294 220 4 41 129 169 142 182 357 0 
0 0 0 0 0 341 683 0 0 0 0 0 0 975 49 0 0 0 0 0 976 48 0 0 
0 0 0 0 0 47 872 105 0 0 0 0 0 287 672 65 0 0 0 0 292 549 183 0 
0 0 0 0 0 0 978 46 0 0 0 0 0 89 917 18 0 0 0 0 56 913 55 0 
0 0 0 0 0 11 353 660 0 0 0 0 0 14 550 460 0 0 0 0 7 352 628 37 
0 0 0 0 0 9 281 734 0 0 0 0 0 22 588 414 0 0 0 0 6 301 717 0 
0 0 0 0 0 6 102 916 0 0 0 0 0 12 343 669 0 0 0 0 6 167 851 0 
0 2 7 9 11 37 157 801 0 0 9 9 13 47 243 703 0 7 7 12 35 148 775 40 
0 11 39 108 124 142 178 422 1 15 43 110 130 141 257 327 3 41 89 134 144 166 413 34 
0 0 0 0 52 343 629 0 0 0 0 0 96 632 296 0 0 0 0 69 649 306 0 0 
0 0 0 0 9 295 720 0 0 0 0 0 25 487 512 0 0 0 0 18 425 581 0 0 
0 0 0 0 32 333 657 2 0 0 0 0 85 448 491 0 0 0 0 52 382 586 4 0 
0 0 0 12 138 430 436 8 0 0 0 23 203 554 244 0 0 0 6 115 561 310 32 0 
0 0 0 0 25 171 757 71 0 0 0 0 17 420 569 18 0 0 0 0 206 742 76 0 
0 0 0 0 0 67 353 604 0 0 0 0 0 62 568 394 0 0 0 0 8 385 631 0 
0 3 20 27 19 67 162 726 0 0 18 31 15 38 258 664 0 2 39 18 19 179 635 132 
0 30 71 130 147 186 137 323 1 30 70 136 139 176 140 332 4 70 102 146 161 151 370 20 
0 0 1 418 397 157 51 0 0 0 0 418 400 168 38 0 0 0 7 559 373 82 3 0 
0 0 9 47 309 602 57 0 0 0 10 53 387 532 42 0 0 3 12 164 743 102 0 0 
0 0 17 207 439 313 37 11 0 0 30 224 551 168 37 14 0 9 94 562 276 59 24 0 
0 0 53 179 480 287 25 0 0 0 66 140 422 327 69 0 0 22 100 203 450 218 31 0 
0 0 0 27 967 30 0 0 0 0 0 0 226 798 0 0 0 0 0 3 278 743 0 0 
0 0 0 8 698 318 0 0 0 0 0 0 19 842 163 0 0 0 0 0 17 792 215 0 
2 19 17 53 572 361 0 0 0 3 23 12 55 466 465 0 0 5 21 12 55 336 595 0 
2 55 137 188 421 221 0 0 0 18 93 160 160 416 177 0 2 35 110 150 147 431 149 0 
0 40 150 448 299 69 18 0 0 81 139 366 315 101 14 8 68 121 174 418 180 48 15 0 
0 20 109 392 399 93 11 0 0 25 147 430 312 96 14 0 11 138 246 420 158 45 6 0 
0 5 181 434 200 105 76 23 0 3 152 440 217 88 89 35 1 43 226 366 238 90 51 9 
0 4 207 310 333 148 22 0 0 13 258 237 303 179 34 0 0 119 285 171 335 105 9 0 
0 0 0 34 692 298 0 0 0 0 0 0 106 890 28 0 0 0 0 5 146 830 43 0 
0 0 0 23 210 791 0 0 0 0 0 0 35 328 661 0 0 0 0 0 25 289 710 0 
3 16 32 45 162 766 0 0 0 5 15 43 38 124 799 0 0 5 18 44 33 94 830 0 
8 76 209 208 167 356 0 0 4 46 131 198 172 170 303 0 8 72 133 201 149 197 264 0 
0 50 345 427 134 68 0 0 0 173 326 360 115 48 1 1 133 310 378 131 70 1 1 0 
0 39 164 464 211 127 19 0 0 60 181 451 193 113 26 0 47 115 377 283 141 56 5 0 
0 17 140 439 289 70 44 25 0 22 160 454 253 65 32 38 15 68 314 419 107 48 38 15 
0 0 193 281 471 56 20 3 0 30 232 247 271 217 23 4 3 158 247 223 211 172 10 0 
0 0 1 30 657 336 0 0 0 0 0 8 26 826 164 0 0 0 0 5 27 667 325 0 
0 4 4 31 163 822 0 0 0 2 2 7 35 162 816 0 0 2 3 6 31 70 901 11 
0 23 15 35 84 867 0 0 0 0 27 11 42 78 859 7 0 0 23 15 34 74 819 59 
2 62 128 150 168 503 11 0 0 34 78 131 138 171 464 8 0 51 73 136 131 160 457 16 
