0 0 0 0 0 1024 0 0 0 0 1024 0 0 0 0 0 0 0 1024 0 0 0 0 0 
14 31 18 19 59 883 0 0 26 58 926 13 1 0 0 0 17 12 891 60 18 13 5 8 
3 20 16 13 24 948 0 0 7 40 967 6 4 0 0 0 14 14 955 22 4 7 3 5 
0 0 0 0 0 1024 0 0 0 0 1024 0 0 0 0 0 0 0 1006 18 0 0 0 0 
0 0 0 0 0 1024 0 0 0 0 1024 0 0 0 0 0 0 0 1006 18 0 0 0 0 
0 0 0 0 0 1024 0 0 0 0 1024 0 0 0 0 0 0 0 807 217 0 0 0 0 
0 0 0 0 0 1024 0 0 0 0 1024 0 0 0 0 0 0 0 429 595 0 0 0 0 
0 0 0 0 0 1024 0 0 0 0 1024 0 0 0 0 0 0 0 220 804 0 0 0 0 
0 0 0 0 6 1018 0 0 0 0 1024 0 0 0 0 0 0 0 1003 21 0 0 0 0 
156 266 113 119 120 250 0 0 357 274 382 4 3 3 0 1 381 206 224 176 7 9 6 15 
0 66 62 32 32 832 0 0 32 128 864 0 0 0 0 0 73 87 811 53 0 0 0 0 
0 0 0 0 0 1024 0 0 0 0 1024 0 0 0 0 0 0 0 1019 5 0 0 0 0 
0 0 0 0 0 1024 0 0 0 0 1024 0 0 0 0 0 0 0 971 53 0 0 0 0 
0 0 0 0 0 1024 0 0 0 0 1024 0 0 0 0 0 0 0 589 435 0 0 0 0 
0 0 0 0 0 1024 0 0 0 0 1024 0 0 0 0 0 0 0 630 394 0 0 0 0 
0 0 0 0 0 1024 0 0 0 0 1024 0 0 0 0 0 0 0 649 375 0 0 0 0 
0 0 0 0 139 885 0 0 0 0 1024 0 0 0 0 0 0 0 1017 6 1 0 0 0 
163 298 104 136 102 215 6 0 351 299 363 11 0 0 0 0 368 248 237 112 16 13 14 16 
5 69 53 32 38 826 1 0 30 115 877 2 0 0 0 0 49 90 833 41 3 3 3 2 
0 0 0 6 28 990 0 0 0 5 1017 2 0 0 0 0 0 4 1016 4 0 0 0 0 
0 0 0 0 0 1024 0 0 0 0 1024 0 0 0 0 0 0 0 1019 5 0 0 0 0 
0 0 0 0 0 1024 0 0 0 0 1024 0 0 0 0 0 0 0 994 30 0 0 0 0 
0 0 0 0 0 1024 0 0 0 0 1024 0 0 0 0 0 0 0 1001 23 0 0 0 0 
0 0 0 0 0 1024 0 0 0 0 1024 0 0 0 0 0 0 0 920 104 0 0 0 0 
17 32 5 13 763 193 1 0 23 27 961 10 3 0 0 0 37 24 949 13 1 0 0 0 
212 557 169 55 19 12 0 0 236 455 157 68 38 42 14 14 513 205 107 66 42 36 28 27 
158 360 198 66 105 137 0 0 182 362 336 53 36 31 13 11 352 244 289 35 27 30 29 18 
63 229 262 121 180 169 0 0 30 223 525 72 52 59 48 15 128 244 389 69 49 32 54 59 
80 240 277 118 121 180 8 0 46 220 466 99 83 65 37 8 135 248 357 96 70 49 27 42 
37 177 196 122 158 326 8 0 40 128 505 160 110 64 15 2 73 147 494 117 102 39 26 26 
0 4 7 34 368 605 2 4 0 11 835 171 1 3 1 2 3 30 979 6 2 2 1 1 
0 4 3 15 283 719 0 0 1 7 998 18 0 0 0 0 4 10 1010 0 0 0 0 0 
3 73 143 218 273 181 106 27 3 84 301 261 109 101 75 90 88 217 370 128 78 60 48 35 
95 459 232 124 58 34 16 6 116 393 227 116 77 43 22 30 430 288 141 68 40 29 17 11 
133 377 330 121 51 11 1 0 75 357 246 122 95 56 48 25 290 282 115 120 74 57 42 44 
67 168 211 235 170 111 49 13 0 38 105 182 225 162 140 172 31 150 192 127 153 141 125 105 
71 239 309 240 108 42 10 5 26 136 255 248 154 94 67 44 115 244 219 157 80 87 66 56 
136 216 287 204 97 51 21 12 2 60 168 198 180 150 148 118 36 108 139 138 131 144 166 162 
143 195 130 147 182 176 37 14 1 25 67 338 179 126 125 163 9 35 238 182 131 94 102 233 
312 201 147 166 148 38 9 3 122 253 296 201 69 32 33 18 222 269 278 89 54 37 25 50 
117 260 198 253 59 29 26 82 63 293 280 56 71 67 77 117 271 324 67 55 50 71 97 89 
382 432 135 13 8 10 9 35 380 288 158 67 41 27 22 41 496 137 159 83 64 46 18 21 
297 394 180 135 17 1 0 0 350 399 112 130 33 0 0 0 550 173 76 113 53 24 16 19 
147 142 160 279 124 38 57 77 127 163 124 163 140 76 72 159 315 134 102 136 129 126 29 53 
214 203 359 229 16 3 0 0 223 203 209 228 147 10 4 0 370 202 167 137 93 53 2 0 
100 152 290 266 61 44 30 81 76 136 258 228 124 48 60 94 218 191 202 114 82 79 51 87 
102 132 325 308 128 12 13 4 60 166 309 176 98 60 72 83 147 288 152 95 76 73 94 99 
269 191 178 288 82 15 1 0 252 334 163 94 91 46 31 13 337 292 105 51 89 54 39 57 
10 41 112 465 42 63 42 249 0 298 329 27 24 40 52 254 9 525 60 70 90 122 88 60 
375 358 133 8 34 21 6 89 249 348 141 68 53 42 30 93 17 141 144 300 253 75 58 36 
95 188 488 250 3 0 0 0 115 562 234 113 0 0 0 0 262 358 288 83 10 12 11 0 
0 0 200 330 171 71 75 177 0 22 237 269 125 82 48 241 4 238 291 222 124 67 43 35 
0 40 610 246 37 18 23 50 0 328 473 100 34 22 17 50 66 612 202 49 27 28 40 0 
0 0 467 207 81 42 55 172 0 333 258 94 75 55 44 165 2 538 114 83 88 49 150 0 
6 47 147 711 106 7 0 0 0 639 112 38 26 45 46 118 6 705 52 31 24 44 39 123 
8 11 373 483 99 49 1 0 1 739 86 41 61 42 20 34 38 735 49 29 36 44 32 61 
13 79 422 124 38 41 46 261 27 529 92 34 35 43 47 217 22 493 105 109 217 56 22 0 
473 405 97 14 17 7 3 8 386 484 90 25 14 10 5 10 0 41 293 411 226 39 11 3 
64 180 775 5 0 0 0 0 227 782 15 0 0 0 0 0 156 805 49 14 0 0 0 0 
0 15 692 142 80 47 24 24 22 646 136 77 63 30 21 29 102 710 128 65 18 1 0 0 
0 29 945 25 18 5 2 0 27 929 38 14 13 2 1 0 129 862 25 6 2 0 0 0 
0 1 1001 18 3 1 0 0 0 998 22 2 2 0 0 0 17 996 9 2 0 0 0 0 
0 0 941 60 16 7 0 0 31 931 30 11 7 8 4 2 12 971 18 7 5 7 4 0 
0 0 951 55 14 4 0 0 3 994 9 4 5 4 2 3 8 992 8 4 5 3 4 0 
