0 0 0 0 0 0 1024 0 0 0 0 0 610 414 0 0 0 0 292 732 0 0 0 0 
0 0 0 0 0 30 994 0 0 0 0 0 901 123 0 0 0 0 656 368 0 0 0 0 
0 0 0 0 0 168 856 0 0 0 0 0 998 26 0 0 0 6 566 452 0 0 0 0 
0 0 0 0 0 90 934 0 0 0 0 0 838 186 0 0 0 0 597 427 0 0 0 0 
0 0 0 0 0 62 962 0 0 0 0 1 778 245 0 0 0 34 578 412 0 0 0 0 
0 0 0 0 0 528 496 0 0 0 0 37 869 118 0 0 0 437 404 183 0 0 0 0 
0 0 0 0 0 511 513 0 0 0 0 18 934 72 0 0 0 428 383 213 0 0 0 0 
0 0 0 0 0 421 603 0 0 0 0 28 964 32 0 0 0 344 535 145 0 0 0 0 
0 0 0 0 0 351 673 0 0 0 0 47 977 0 0 0 0 241 780 3 0 0 0 0 
148 28 13 19 9 292 515 0 172 17 22 19 789 5 0 0 189 167 650 18 0 0 0 0 
0 0 0 0 0 307 717 0 0 0 0 2 1022 0 0 0 0 59 965 0 0 0 0 0 
0 0 0 0 0 172 852 0 0 0 0 19 1005 0 0 0 0 154 870 0 0 0 0 0 
0 0 0 0 0 340 684 0 0 0 0 220 804 0 0 0 0 394 607 23 0 0 0 0 
0 0 0 0 0 404 620 0 0 0 0 28 996 0 0 0 0 231 793 0 0 0 0 0 
0 0 0 0 0 578 446 0 0 0 0 19 1003 2 0 0 0 161 859 4 0 0 0 0 
0 0 0 0 0 644 380 0 0 0 0 2 970 52 0 0 0 49 853 122 0 0 0 0 
0 0 0 0 0 664 360 0 0 0 0 4 1013 7 0 0 0 331 667 26 0 0 0 0 
0 0 0 0 0 706 317 1 0 0 0 37 908 79 0 0 0 421 470 125 8 0 0 0 
0 0 0 0 0 708 316 0 0 0 0 116 902 6 0 0 0 459 551 14 0 0 0 0 
0 0 0 0 0 754 270 0 0 0 0 75 949 0 0 0 0 253 771 0 0 0 0 0 
0 0 0 0 0 706 302 16 0 0 0 89 790 135 10 0 0 255 584 115 67 3 0 0 
272 141 35 21 11 392 152 0 234 152 76 77 457 28 0 0 216 335 407 40 26 0 0 0 
0 0 0 0 0 287 718 19 0 0 0 45 718 261 0 0 0 117 547 229 131 0 0 0 
0 0 0 0 0 602 422 0 0 0 0 380 644 0 0 0 0 434 587 3 0 0 0 0 
0 0 0 0 0 268 474 282 0 0 0 252 63 123 538 48 20 251 33 40 76 445 159 0 
0 0 0 0 0 125 799 100 0 0 0 15 289 361 353 6 0 21 93 335 188 272 115 0 
0 0 0 0 0 420 510 94 0 0 0 143 456 217 208 0 0 210 320 133 129 232 0 0 
0 0 0 0 2 640 284 98 0 0 0 321 415 163 114 11 1 392 256 154 94 72 55 0 
0 0 0 0 3 209 477 335 0 0 0 93 144 131 598 58 0 100 111 48 107 251 407 0 
0 0 0 0 0 379 640 5 0 0 0 36 499 437 52 0 0 32 314 337 256 85 0 0 
0 0 0 0 0 980 44 0 0 0 0 796 223 5 0 0 0 878 123 23 0 0 0 0 
0 0 0 0 8 645 165 206 0 0 0 414 262 79 228 41 0 530 112 50 66 113 153 0 
0 0 0 0 0 64 586 374 0 0 0 30 40 217 713 24 0 34 19 44 206 589 132 0 
40 290 91 33 44 174 333 19 47 96 114 189 274 242 62 0 63 103 245 220 280 113 0 0 
0 0 0 0 1 333 644 46 0 0 0 13 501 493 17 0 0 6 209 585 211 13 0 0 
0 0 0 0 1 269 493 261 0 0 0 89 303 564 68 0 0 72 278 163 491 20 0 0 
108 334 301 57 16 46 57 105 164 209 93 107 156 127 127 41 181 221 77 78 95 139 226 7 
39 56 65 38 35 629 162 0 41 39 55 302 537 49 1 0 95 372 352 145 52 8 0 0 
176 510 36 16 28 6 252 0 252 314 167 24 16 198 53 0 267 308 158 41 133 117 0 0 
4 37 192 308 50 285 110 38 2 7 45 171 274 311 207 7 6 152 181 93 46 137 391 18 
81 323 174 18 7 291 106 24 147 211 79 166 267 40 113 1 163 267 223 102 93 109 67 0 
40 408 45 50 54 313 114 0 62 355 49 141 287 117 13 0 79 400 287 116 101 11 26 4 
109 277 9 16 23 590 0 0 238 160 14 535 77 0 0 0 260 592 171 1 0 0 0 0 
19 68 433 296 56 38 49 65 3 35 66 131 203 308 260 18 4 58 81 67 113 235 458 8 
114 258 87 45 87 337 71 25 172 193 84 387 56 76 45 11 219 454 138 67 81 29 36 0 
219 445 187 49 11 13 100 0 199 347 130 72 65 203 8 0 188 361 97 92 113 116 54 3 
39 77 81 97 195 458 67 10 68 44 219 371 153 135 34 0 204 379 158 81 82 45 70 5 
136 235 540 17 0 3 43 50 141 139 105 111 224 247 57 0 169 109 82 83 174 248 159 0 
8 448 547 16 1 4 0 0 72 281 131 179 316 45 0 0 108 232 99 105 195 278 7 0 
51 142 158 93 93 449 38 0 33 144 29 105 473 231 9 0 60 273 353 67 30 101 140 0 
68 955 1 0 0 0 0 0 426 598 0 0 0 0 0 0 445 579 0 0 0 0 0 0 
40 45 160 594 83 92 10 0 77 12 11 52 102 403 367 0 82 39 81 23 14 127 643 15 
0 376 451 15 14 164 4 0 31 299 98 206 380 10 0 0 91 286 153 139 170 185 0 0 
47 510 185 90 78 111 3 0 108 429 17 69 227 164 10 0 115 447 88 63 35 187 87 2 
98 459 60 167 107 129 3 1 364 186 27 114 95 128 91 19 302 292 125 23 42 137 92 11 
87 130 262 481 59 5 0 0 47 63 92 165 208 385 64 0 42 63 71 138 239 307 164 0 
31 391 192 103 117 110 67 13 70 230 173 211 85 159 48 48 121 259 185 128 64 171 85 11 
145 550 200 68 24 12 16 9 112 435 200 87 114 51 14 11 120 431 162 99 81 110 18 3 
134 51 278 148 244 169 0 0 161 38 87 363 70 304 1 0 208 214 190 56 17 90 249 0 
11 259 749 5 0 0 0 0 0 42 166 199 431 186 0 0 0 31 111 112 199 465 106 0 
155 433 277 33 18 67 41 0 89 281 260 192 72 24 61 45 98 242 235 186 112 49 94 8 
147 224 65 58 68 292 170 0 173 191 14 17 84 115 179 251 216 150 33 51 27 71 446 30 
481 427 75 16 8 5 12 0 725 168 70 28 12 6 9 6 763 155 59 14 11 7 15 0 
121 150 459 268 24 2 0 0 45 52 77 111 250 398 91 0 52 55 46 54 131 327 347 12 
85 464 427 39 8 1 0 0 15 150 498 92 220 47 2 0 33 304 324 77 68 208 9 1 
166 470 198 137 53 0 0 0 141 403 168 154 121 37 0 0 152 413 162 135 104 42 16 0 
201 119 111 244 302 47 0 0 79 114 78 67 75 179 294 138 101 110 72 61 62 171 310 137 
284 177 298 209 49 7 0 0 123 127 132 178 198 171 91 4 174 91 111 157 175 203 104 9 
337 254 84 49 72 92 100 36 271 154 208 60 61 85 68 117 284 181 165 67 72 73 99 83 
511 234 72 59 37 28 61 22 489 197 106 59 48 29 40 56 466 181 106 67 62 48 45 49 
407 342 210 41 20 4 0 0 539 168 26 72 201 18 0 0 377 112 59 39 83 288 66 0 
304 420 298 2 0 0 0 0 252 191 218 220 142 1 0 0 14 61 144 173 203 217 201 11 
892 127 5 0 0 0 0 0 409 162 200 237 16 0 0 0 481 443 79 21 0 0 0 0 
717 290 10 6 1 0 0 0 175 164 295 220 166 4 0 0 279 364 190 181 8 2 0 0 
754 262 7 1 0 0 0 0 136 180 214 165 328 1 0 0 265 244 184 330 1 0 0 0 
709 264 31 7 13 0 0 0 113 113 165 288 316 20 9 0 161 168 329 322 19 23 2 0 
811 193 20 0 0 0 0 0 169 95 122 298 340 0 0 0 140 97 357 290 39 58 41 2 
741 278 5 0 0 0 0 0 249 88 162 220 305 0 0 0 31 116 221 315 38 110 189 4 
688 307 28 1 0 0 0 0 330 218 119 133 224 0 0 0 42 85 134 254 73 216 209 11 
640 370 14 0 0 0 0 0 446 290 76 87 125 0 0 0 26 37 81 171 42 245 389 33 
606 397 21 0 0 0 0 0 538 300 62 86 38 0 0 0 0 6 18 72 70 393 415 50 
647 345 31 1 0 0 0 0 690 288 40 6 0 0 0 0 0 0 0 0 13 399 544 68 
653 337 32 2 0 0 0 0 670 308 42 4 0 0 0 0 0 0 0 0 9 377 561 77 
664 320 39 1 0 0 0 0 653 295 71 5 0 0 0 0 0 0 0 0 20 405 519 80 
797 227 0 0 0 0 0 0 223 140 45 93 522 1 0 0 7 13 81 566 168 169 20 0 
860 162 2 0 0 0 0 0 303 212 63 90 354 2 0 0 0 2 110 396 210 262 43 1 
848 173 3 0 0 0 0 0 432 265 75 89 163 0 0 0 1 4 87 190 212 361 167 2 
772 233 16 2 1 0 0 0 616 276 81 27 20 4 0 0 1 9 32 57 141 470 292 22 
750 255 18 1 0 0 0 0 680 293 46 5 0 0 0 0 0 0 0 6 83 501 405 29 
737 257 30 0 0 0 0 0 689 272 55 8 0 0 0 0 0 0 0 2 87 496 403 36 
688 292 44 0 0 0 0 0 573 286 121 40 4 0 0 0 0 0 0 22 141 407 399 55 
704 273 43 3 1 0 0 0 554 293 134 35 7 1 0 0 0 0 4 28 204 401 339 48 
676 304 38 6 0 0 0 0 424 349 190 54 7 0 0 0 0 9 25 60 233 409 250 38 
720 257 46 1 0 0 0 0 288 307 268 139 22 0 0 0 0 9 30 121 279 381 172 32 
696 274 52 2 0 0 0 0 276 331 303 102 10 2 0 0 1 9 52 135 308 360 139 20 
683 296 44 1 0 0 0 0 146 322 356 172 25 3 0 0 10 26 70 135 293 324 143 23 
