149 296 290 97 86 106 0 0 116 187 190 231 290 10 0 0 101 146 312 226 75 149 15 0 
15 16 10 14 31 929 9 0 5 9 16 27 959 8 0 0 2 8 113 875 18 5 3 0 
0 0 0 0 0 1007 17 0 0 0 0 0 980 44 0 0 0 0 4 1020 0 0 0 0 
0 0 0 0 0 943 81 0 0 0 0 0 854 170 0 0 0 0 0 1024 0 0 0 0 
0 0 0 0 0 972 52 0 0 0 0 0 912 112 0 0 0 0 0 1024 0 0 0 0 
0 0 0 0 0 1020 4 0 0 0 0 0 971 53 0 0 0 0 1 1023 0 0 0 0 
0 0 0 0 5 1019 0 0 0 0 0 0 1024 0 0 0 0 0 210 814 0 0 0 0 
0 0 0 0 356 668 0 0 0 0 0 62 962 0 0 0 0 0 652 372 0 0 0 0 
317 305 126 105 30 132 9 0 317 173 166 152 157 53 6 0 329 129 183 239 78 41 20 5 
134 167 147 100 89 289 96 2 131 128 142 133 153 312 15 10 134 111 169 447 103 27 17 16 
0 0 0 0 0 674 350 0 0 0 0 0 40 984 0 0 0 0 0 942 82 0 0 0 
0 0 0 0 0 430 594 0 0 0 0 0 6 1018 0 0 0 0 0 886 138 0 0 0 
0 0 0 0 0 152 872 0 0 0 0 0 46 978 0 0 0 0 0 708 316 0 0 0 
0 8 18 23 26 285 664 0 0 1 24 2 131 843 23 0 0 1 25 526 407 34 12 19 
0 0 0 0 0 856 168 0 0 0 0 0 503 521 0 0 0 0 0 623 384 17 0 0 
0 0 0 0 0 1021 3 0 0 0 0 0 752 272 0 0 0 0 0 735 285 4 0 0 
510 159 138 102 32 63 20 0 510 130 96 132 72 84 0 0 525 111 130 109 114 30 5 0 
76 219 171 102 127 214 105 10 62 137 125 136 172 308 50 34 65 114 106 212 291 106 71 59 
0 0 0 0 0 541 483 0 0 0 0 0 0 1024 0 0 0 0 0 14 1010 0 0 0 
0 0 0 0 0 279 745 0 0 0 0 0 0 1024 0 0 0 0 0 26 998 0 0 0 
0 1 5 14 12 138 854 0 0 0 3 15 19 987 0 0 0 1 4 43 974 2 0 0 
0 12 35 42 53 197 685 0 1 1 24 47 37 886 27 1 1 2 36 68 841 42 7 27 
0 0 0 0 0 662 362 0 0 0 0 0 0 1024 0 0 0 0 0 219 805 0 0 0 
0 0 0 0 0 1020 4 0 0 0 0 0 258 766 0 0 0 0 0 389 635 0 0 0 
505 186 95 90 18 105 25 0 529 102 85 126 35 142 4 1 527 95 97 97 174 21 8 5 
110 275 260 85 64 164 55 11 93 134 158 126 149 302 25 37 86 105 129 121 272 130 134 47 
0 0 0 0 0 753 271 0 0 0 0 0 0 1024 0 0 0 0 0 0 1024 0 0 0 
0 0 0 0 0 580 444 0 0 0 0 0 0 1024 0 0 0 0 0 0 1024 0 0 0 
6 62 27 28 24 346 531 0 8 55 27 34 28 871 1 0 7 53 31 40 886 7 0 0 
12 92 117 175 101 346 181 0 11 61 77 140 160 534 30 11 6 46 83 141 620 71 19 38 
0 0 0 0 3 874 147 0 0 0 0 1 2 1021 0 0 0 0 0 3 1020 1 0 0 
0 0 0 0 0 1024 0 0 0 0 0 0 30 994 0 0 0 0 0 3 1021 0 0 0 
515 167 100 69 56 109 8 0 514 131 76 51 64 137 30 21 503 135 73 54 99 87 36 37 
62 261 309 106 86 151 33 16 52 96 160 166 142 297 57 54 45 91 95 103 197 230 172 91 
0 4 11 29 28 949 3 0 0 0 5 14 34 959 1 11 0 0 5 8 876 123 1 11 
4 39 57 78 54 750 34 8 4 13 49 50 78 802 10 18 3 7 33 54 611 277 21 18 
13 91 67 75 64 671 43 0 8 62 46 78 86 729 14 1 3 57 43 79 624 201 13 4 
4 148 158 152 99 436 27 0 4 85 112 140 176 460 32 15 4 70 84 146 517 134 32 37 
22 64 15 37 31 840 15 0 11 46 18 27 57 864 1 0 5 53 8 23 855 80 0 0 
2 6 8 15 15 977 1 0 1 5 6 13 17 982 0 0 2 1 8 12 995 6 0 0 
526 182 123 82 44 65 2 0 516 120 82 87 65 92 30 32 500 110 73 73 84 87 51 46 
88 208 389 135 96 71 20 17 54 109 166 150 179 279 40 47 51 93 106 121 151 206 221 75 
0 14 61 95 196 658 0 0 0 1 29 51 142 779 21 1 0 1 13 51 449 476 29 5 
3 51 151 159 162 488 10 0 0 13 73 124 203 588 13 10 0 9 58 87 394 443 22 11 
81 188 183 107 110 353 2 0 65 149 143 138 95 431 3 0 58 131 125 151 209 330 20 0 
65 306 285 172 95 99 2 0 47 207 223 220 125 173 29 0 35 162 178 230 216 133 58 12 
24 94 118 65 260 460 3 0 6 56 49 97 155 656 4 1 3 52 28 52 663 218 6 2 
6 58 45 37 398 480 0 0 3 48 37 41 267 628 0 0 8 41 36 35 893 11 0 0 
307 415 174 93 31 4 0 0 239 255 184 151 128 44 21 2 184 208 182 154 128 110 42 16 
60 327 437 93 41 35 13 18 33 205 165 154 135 250 39 43 11 110 154 178 129 138 228 76 
156 289 292 189 71 27 0 0 130 204 192 198 196 80 24 0 115 177 164 178 206 123 52 9 
68 152 224 246 255 75 4 0 59 72 126 166 306 253 37 5 61 45 114 123 291 324 33 33 
154 246 239 151 181 53 0 0 120 187 208 159 123 215 11 1 115 163 161 170 162 224 20 9 
231 380 202 89 106 14 2 0 176 314 201 114 90 76 47 6 158 250 204 132 99 92 64 25 
124 283 241 141 212 23 0 0 79 161 215 185 224 137 15 8 55 131 162 190 273 165 30 18 
157 300 188 149 222 8 0 0 115 233 174 151 254 69 28 0 90 189 177 149 279 72 48 20 
461 418 125 20 0 0 0 0 349 360 128 109 69 9 0 0 295 294 188 86 84 62 15 0 
315 471 117 68 32 19 2 0 184 452 179 80 54 37 22 16 113 277 207 133 117 105 42 30 
317 422 143 85 56 1 0 0 265 297 225 90 49 75 22 1 218 275 215 140 47 69 48 12 
169 661 120 37 32 5 0 0 150 298 403 95 37 27 14 0 110 270 270 260 58 34 19 3 
307 452 201 48 10 5 1 0 288 301 254 94 53 24 9 1 261 285 210 147 61 28 30 2 
541 253 129 68 27 6 0 0 514 248 117 79 29 23 13 1 501 242 112 86 31 28 23 1 
604 312 77 23 8 0 0 0 579 277 97 27 28 9 6 1 553 269 116 30 27 20 3 6 
527 256 172 50 16 3 0 0 492 212 144 79 68 11 17 1 460 215 120 98 70 37 9 15 
