0 0 0 0 668 356 0 0 0 0 0 155 869 0 0 0 0 0 7 1017 0 0 0 0 
0 0 0 0 690 334 0 0 0 0 0 294 730 0 0 0 0 0 164 860 0 0 0 0 
0 0 0 0 513 511 0 0 0 0 0 175 849 0 0 0 0 0 84 940 0 0 0 0 
0 0 5 12 74 903 16 14 0 0 2 21 959 6 11 25 0 0 5 931 46 6 15 21 
0 0 0 0 3 587 434 0 0 0 0 0 231 793 0 0 0 0 0 100 919 5 0 0 
0 0 0 0 0 379 645 0 0 0 0 0 135 889 0 0 0 0 0 28 994 2 0 0 
0 0 0 0 0 961 63 0 0 0 0 0 535 489 0 0 0 0 0 172 852 0 0 0 
0 0 0 0 0 955 69 0 0 0 0 0 515 509 0 0 0 0 0 347 642 35 0 0 
0 0 0 0 0 976 48 0 0 0 0 0 349 675 0 0 0 0 0 105 896 23 0 0 
0 0 0 0 0 1024 0 0 0 0 0 0 999 25 0 0 0 0 0 749 275 0 0 0 
0 0 0 0 445 476 103 0 0 0 0 365 630 29 0 0 0 0 346 678 0 0 0 0 
0 0 0 0 221 348 290 165 0 0 0 205 473 346 0 0 0 0 183 841 0 0 0 0 
0 0 0 0 165 355 300 204 0 0 0 84 520 420 0 0 0 0 51 958 15 0 0 0 
2 25 27 74 47 571 248 30 0 18 13 27 755 184 5 22 0 16 12 805 65 54 52 20 
0 0 9 16 7 284 434 274 0 1 21 3 128 871 0 0 0 14 10 431 569 0 0 0 
0 0 0 0 0 9 771 244 0 0 0 0 0 1024 0 0 0 0 0 304 720 0 0 0 
0 0 0 0 0 114 602 308 0 0 0 0 56 968 0 0 0 0 0 469 552 3 0 0 
0 0 0 0 0 321 417 286 0 0 0 0 190 834 0 0 0 0 0 529 495 0 0 0 
0 0 0 0 1 467 413 143 0 0 0 0 470 554 0 0 0 0 0 676 348 0 0 0 
0 0 0 0 0 780 206 38 0 0 0 0 828 196 0 0 0 0 0 951 73 0 0 0 
0 0 0 0 0 61 147 816 0 0 0 0 96 928 0 0 0 0 0 1014 10 0 0 0 
0 0 0 0 0 0 14 1010 0 0 0 0 0 1024 0 0 0 0 0 973 51 0 0 0 
0 0 0 0 0 2 148 874 0 0 0 0 68 913 43 0 0 0 3 922 61 26 12 0 
0 16 27 72 47 33 105 724 0 4 28 24 54 844 67 3 0 7 23 682 142 99 70 1 
0 23 9 10 9 13 63 897 0 27 10 12 15 820 131 9 0 32 18 776 82 57 59 0 
0 0 0 0 0 0 162 862 0 0 0 0 0 972 52 0 0 0 0 781 138 105 0 0 
0 0 0 0 0 4 314 706 0 0 0 0 0 886 138 0 0 0 0 592 121 311 0 0 
0 0 0 0 0 0 621 403 0 0 0 0 0 915 109 0 0 0 0 205 285 534 0 0 
0 0 0 0 0 11 971 42 0 0 0 0 0 830 194 0 0 0 0 9 556 459 0 0 
0 0 0 0 0 32 845 147 0 0 0 0 0 946 78 0 0 0 0 13 476 533 2 0 
0 0 0 0 0 114 591 319 0 0 0 0 47 969 8 0 0 0 0 85 742 197 0 0 
0 0 0 0 0 41 744 239 0 0 0 0 0 903 121 0 0 0 0 17 512 493 2 0 
0 0 0 0 0 152 559 313 0 0 0 0 71 573 361 19 0 0 0 36 334 448 205 1 
0 0 31 63 67 200 515 148 0 0 2 31 85 683 203 20 0 0 1 32 247 569 169 6 
0 49 15 9 10 170 638 133 0 39 28 10 57 652 229 9 0 39 31 18 336 557 43 0 
0 0 0 0 0 205 806 13 0 0 0 0 100 772 152 0 0 0 0 26 339 658 1 0 
0 0 0 0 0 338 686 0 0 0 0 0 193 788 43 0 0 0 0 174 427 423 0 0 
0 0 0 0 0 527 497 0 0 0 0 0 226 798 0 0 0 0 0 96 783 145 0 0 
0 0 0 0 0 843 181 0 0 0 0 0 360 664 0 0 0 0 0 186 838 0 0 0 
0 0 0 0 0 1024 0 0 0 0 0 0 824 200 0 0 0 0 0 372 652 0 0 0 
0 0 0 0 6 998 20 0 0 0 0 8 894 122 0 0 0 0 4 724 296 0 0 0 
0 0 0 0 0 758 264 2 0 0 0 1 491 529 3 0 0 0 3 316 685 20 0 0 
0 0 0 1 1 571 449 2 0 0 0 2 294 718 10 0 0 0 1 220 710 93 0 0 
4 23 33 68 89 497 310 0 0 12 38 34 328 555 57 0 0 2 29 223 463 190 115 2 
4 61 84 8 32 357 325 153 3 51 94 9 229 388 100 150 3 68 75 185 343 98 100 152 
34 33 136 36 55 535 186 9 24 30 130 44 440 214 121 21 19 43 132 410 195 65 95 65 
34 60 82 25 52 395 360 16 36 57 74 36 236 492 66 27 30 58 85 231 464 60 46 50 
0 9 24 21 22 269 678 1 0 6 22 24 100 855 16 1 0 11 26 47 867 60 10 3 
0 0 6 5 15 626 371 1 0 0 5 7 177 820 15 0 0 0 5 120 872 27 0 0 
0 0 0 2 19 467 534 2 0 0 0 4 182 815 23 0 0 0 0 140 835 48 1 0 
106 94 110 188 83 297 52 94 106 91 83 81 344 190 33 96 102 104 78 120 399 74 45 102 
12 43 84 164 131 308 115 167 10 37 62 122 253 270 121 149 11 52 69 95 362 157 177 101 
7 24 58 172 99 169 159 336 0 12 42 98 238 185 250 199 0 12 40 117 253 172 300 130 
72 140 130 171 107 68 110 226 55 102 141 120 157 112 174 163 39 101 128 131 120 150 226 129 
67 64 122 60 69 132 293 217 46 63 101 70 66 123 322 233 39 68 114 51 62 126 284 280 
39 105 375 62 33 63 198 149 25 89 334 114 48 71 219 124 20 104 360 76 52 92 218 102 
40 176 274 47 51 79 175 182 29 150 282 67 40 66 162 228 28 188 236 66 40 73 153 240 
52 63 165 161 82 56 161 284 40 52 130 140 137 63 149 313 40 41 127 120 139 108 123 326 
179 331 134 96 115 93 76 0 133 330 122 144 72 123 100 0 150 313 141 106 88 123 103 0 
69 80 52 395 215 169 44 0 47 76 63 316 282 177 63 0 57 77 64 322 212 214 78 0 
222 89 108 603 2 0 0 0 193 116 443 267 5 0 0 0 208 152 620 37 6 1 0 0 
212 91 40 583 95 3 0 0 179 101 201 472 56 13 2 0 187 117 519 129 45 17 9 1 
224 96 47 551 106 0 0 0 183 116 102 565 57 1 0 0 190 99 444 236 39 16 0 0 
247 106 89 483 99 0 0 0 170 157 152 494 51 0 0 0 190 134 405 276 18 1 0 0 
271 86 57 447 162 1 0 0 239 96 68 469 152 0 0 0 238 95 251 341 99 0 0 0 
278 99 51 499 77 20 0 0 251 102 79 524 63 5 0 0 256 103 366 270 27 2 0 0 
230 146 91 284 228 40 5 0 190 169 130 345 170 20 0 0 198 169 319 254 73 11 0 0 
270 121 47 164 373 48 1 0 206 165 73 317 239 24 0 0 227 150 168 360 117 2 0 0 
227 146 106 506 31 8 0 0 166 165 168 489 31 5 0 0 196 143 585 67 28 5 0 0 
95 335 348 245 1 0 0 0 75 240 405 271 33 0 0 0 89 290 522 67 52 4 0 0 
0 0 87 936 1 0 0 0 0 3 971 50 0 0 0 0 0 162 861 1 0 0 0 0 
0 0 23 965 36 0 0 0 0 1 833 190 0 0 0 0 0 99 924 1 0 0 0 0 
0 0 5 941 78 0 0 0 0 0 181 843 0 0 0 0 0 31 979 14 0 0 0 0 
0 0 18 977 29 0 0 0 0 2 184 838 0 0 0 0 0 13 994 17 0 0 0 0 
0 0 13 878 133 0 0 0 0 0 121 893 10 0 0 0 0 22 922 80 0 0 0 0 
0 19 35 850 109 11 0 0 2 31 123 817 51 0 0 0 17 57 861 84 5 0 0 0 
0 38 74 716 161 35 0 0 2 68 116 741 92 5 0 0 36 79 746 139 24 0 0 0 
0 42 75 697 178 32 0 0 7 69 97 732 115 4 0 0 42 79 706 174 23 0 0 0 
1 58 64 761 115 23 2 0 10 66 122 747 69 10 0 0 51 70 773 103 25 2 0 0 
0 10 26 959 24 5 0 0 2 13 52 942 13 2 0 0 10 27 960 22 5 0 0 0 
