0 0 0 0 1024 0 0 0 0 0 2 1022 0 0 0 0 0 1024 0 0 0 0 0 0 
0 0 0 0 969 11 9 35 0 0 5 966 8 9 17 19 0 934 37 7 7 9 21 9 
0 0 0 3 535 30 52 404 0 0 6 531 28 39 93 327 0 476 59 24 17 42 77 329 
0 0 0 0 882 46 48 48 0 0 1 891 35 37 52 8 0 711 182 35 27 32 35 2 
0 0 0 0 786 219 19 0 0 0 0 906 101 17 0 0 0 465 471 71 17 0 0 0 
0 0 0 0 350 483 160 31 0 0 0 448 382 148 46 0 0 20 514 270 144 59 17 0 
12 19 26 90 507 131 155 84 8 20 34 574 121 141 94 32 18 77 523 111 124 87 54 30 
137 260 176 195 128 23 60 45 82 304 186 220 102 24 54 52 128 303 223 179 62 33 52 44 
207 472 202 75 39 19 7 3 94 501 230 111 51 18 12 7 77 494 252 110 54 18 12 7 
169 441 205 110 67 24 8 0 84 478 230 137 57 23 15 0 95 473 246 127 48 21 14 0 
139 343 223 194 65 28 26 6 60 301 250 221 100 49 26 17 65 320 255 203 89 55 20 17 
16 250 156 175 392 35 0 0 24 302 151 430 110 7 0 0 129 338 459 86 12 0 0 0 
0 62 76 453 418 15 0 0 1 91 325 585 22 0 0 0 62 720 228 14 0 0 0 0 
0 0 0 0 1024 0 0 0 0 0 0 1024 0 0 0 0 0 1024 0 0 0 0 0 0 
0 0 0 0 448 133 48 395 0 0 0 525 54 38 67 340 0 280 248 40 35 36 60 325 
0 0 0 0 2 6 5 1011 0 0 0 1 3 5 6 1009 0 0 0 3 5 3 6 1007 
0 0 0 0 65 56 45 858 0 0 0 63 54 43 27 837 0 0 54 56 40 19 33 822 
0 0 0 0 139 463 77 345 0 0 0 352 244 72 77 279 0 0 488 96 64 45 59 272 
0 0 0 0 18 972 34 0 0 0 0 321 678 25 0 0 0 0 919 94 11 0 0 0 
7 10 22 63 139 482 250 51 7 10 13 123 539 233 89 10 7 15 293 349 214 111 25 10 
176 255 179 157 119 71 40 27 88 285 190 182 141 70 38 30 102 274 235 196 98 59 29 31 
244 313 226 136 72 32 1 0 77 327 212 198 125 64 20 1 67 317 225 205 128 58 23 1 
256 377 141 104 66 70 10 0 153 423 172 106 94 44 29 3 158 430 171 125 67 45 27 1 
286 161 169 223 73 62 45 5 162 218 137 226 148 60 50 23 155 235 136 220 143 62 49 24 
159 398 124 91 149 94 9 0 106 420 153 162 146 31 6 0 163 417 230 153 44 12 5 0 
7 81 37 106 548 244 1 0 8 96 36 642 235 7 0 0 49 89 791 82 12 1 0 0 
1 41 25 45 594 278 34 6 4 43 31 832 61 19 32 2 37 605 280 45 17 27 13 0 
4 11 4 7 109 503 189 197 5 11 3 267 344 151 137 106 8 34 438 159 107 94 91 93 
0 0 0 0 0 68 464 492 0 0 0 0 76 143 643 162 0 0 6 79 61 421 281 176 
12 15 8 5 13 113 201 657 13 15 10 5 116 153 218 494 18 12 10 121 91 140 150 482 
11 31 24 28 70 250 196 414 17 26 30 32 257 187 195 280 25 35 54 200 169 161 116 264 
19 35 24 27 77 641 136 65 26 30 21 55 598 185 60 49 42 27 252 434 129 52 55 33 
95 75 125 220 170 164 127 48 43 102 51 176 321 154 88 89 62 93 85 340 197 104 67 76 
210 284 194 194 88 37 13 4 91 304 193 201 160 43 22 10 90 313 197 220 135 41 19 9 
204 230 195 248 127 20 0 0 100 224 175 249 182 83 11 0 91 214 183 234 196 95 11 0 
91 189 195 199 199 128 22 1 63 197 174 224 243 98 25 0 110 191 213 282 147 69 12 0 
165 155 172 166 149 136 72 9 68 209 133 175 177 123 106 33 72 227 158 201 137 117 83 29 
95 190 159 145 230 177 25 3 100 202 156 160 290 85 29 2 163 202 198 301 108 36 15 1 
0 118 15 8 523 323 37 0 0 126 11 520 365 2 0 0 21 110 649 244 0 0 0 0 
15 48 42 75 238 538 66 2 19 49 67 320 434 111 24 0 60 82 580 151 91 51 9 0 
41 48 52 47 129 105 168 434 41 45 49 44 104 190 257 294 52 42 47 67 130 200 226 260 
31 38 45 108 115 159 101 427 34 38 45 52 258 95 112 390 54 29 54 133 202 93 96 363 
34 60 88 281 306 160 55 40 19 42 66 153 407 221 74 42 30 45 64 221 412 152 67 33 
94 79 90 108 265 230 103 55 32 86 74 95 167 249 196 125 36 85 82 120 151 224 205 121 
116 112 141 188 226 187 49 5 52 109 135 177 248 210 60 33 58 144 189 201 212 142 47 31 
188 168 160 211 173 103 12 9 76 168 104 201 201 135 85 54 75 163 135 207 193 118 82 51 
203 312 206 167 107 24 5 0 82 280 260 149 138 92 18 5 80 288 248 150 142 93 18 5 
162 309 236 190 95 25 5 2 69 261 241 233 154 58 6 2 53 236 237 236 160 93 6 3 
171 262 228 200 98 46 12 7 83 290 179 238 146 61 18 9 81 285 177 245 151 56 20 9 
267 199 105 130 122 135 58 8 120 257 129 113 126 146 101 32 120 260 123 117 130 140 105 29 
161 241 126 118 121 188 68 1 111 246 147 119 190 185 24 2 147 252 149 250 161 48 17 0 
8 162 14 29 532 138 141 0 6 164 24 541 132 157 0 0 28 162 545 232 57 0 0 0 
47 128 77 114 202 425 28 3 42 131 75 143 435 102 85 11 91 109 328 225 101 81 81 8 
71 88 141 177 243 210 83 11 35 72 124 165 252 241 105 30 38 89 143 245 240 166 78 25 
259 329 214 161 38 12 8 3 60 458 181 179 116 17 9 4 51 455 181 180 132 15 4 6 
243 327 194 125 80 43 10 2 80 390 170 176 81 73 48 6 63 397 165 182 91 72 48 6 
211 246 211 235 80 24 16 1 73 301 125 298 125 62 18 22 43 326 114 285 145 70 10 31 
111 163 223 318 197 11 1 0 38 149 104 316 262 134 7 14 25 155 99 301 271 152 9 12 
87 118 166 177 452 23 1 0 24 66 109 150 239 386 38 12 20 66 117 141 196 436 38 10 
138 175 184 277 182 56 12 0 39 95 147 161 259 217 83 23 32 97 146 157 254 226 86 26 
179 278 191 209 147 20 0 0 76 237 173 200 202 101 31 4 32 208 188 227 206 127 32 4 
198 153 189 208 155 62 26 33 74 163 130 196 208 143 56 54 60 166 126 193 209 156 58 56 
300 226 154 111 131 70 32 0 85 296 164 140 122 120 72 25 77 291 176 145 116 121 69 29 
181 231 187 168 131 79 41 6 91 241 175 149 157 153 51 7 119 248 186 158 178 106 23 6 
59 225 72 456 71 63 78 0 15 239 94 511 33 119 13 0 16 237 587 74 97 13 0 0 
113 120 132 157 206 197 77 22 91 124 124 157 284 135 73 36 114 112 166 248 177 114 61 32 
97 127 120 206 318 102 42 12 56 114 108 152 220 275 66 33 47 116 111 152 211 282 72 33 
144 258 187 200 163 69 3 0 66 259 191 153 194 143 17 1 68 246 199 154 197 140 20 0 
100 119 84 130 522 61 3 5 60 122 91 100 138 488 20 5 33 134 100 94 128 506 24 5 
158 326 186 170 135 43 4 2 79 338 198 174 160 68 4 3 42 284 230 198 157 98 11 4 
254 474 107 79 91 17 2 0 118 562 127 78 100 35 4 0 72 560 161 80 91 53 7 0 
246 427 134 92 93 30 2 0 139 466 171 95 97 50 6 0 99 461 198 104 94 59 9 0 
287 182 122 168 188 71 6 0 144 217 124 101 179 202 49 8 129 223 126 104 169 216 47 10 
205 198 78 153 365 24 1 0 84 263 88 76 350 145 15 3 59 268 102 75 249 252 16 3 
179 158 118 181 362 18 7 1 82 201 111 113 348 145 22 2 64 204 112 113 317 191 21 2 
182 167 108 175 307 48 29 8 90 200 120 92 343 114 43 22 73 198 125 100 307 150 44 27 
219 232 166 177 138 56 24 12 79 207 180 149 193 134 68 14 96 181 194 151 198 135 61 8 
173 289 423 52 43 26 15 3 56 205 575 61 59 27 30 11 56 209 575 60 60 28 27 9 
225 144 161 173 199 94 27 1 139 180 137 155 165 177 53 18 110 195 136 166 163 173 60 21 
85 106 59 88 655 30 1 0 55 110 55 61 103 629 11 0 39 120 56 61 94 640 14 0 
92 161 107 165 414 65 18 2 40 172 102 118 169 374 45 4 31 168 101 123 164 382 51 4 
60 69 88 139 429 187 40 12 31 85 55 130 124 525 59 15 25 81 61 125 111 539 66 16 
100 460 150 83 108 100 17 6 78 368 250 86 71 128 36 7 25 249 331 132 94 131 52 10 
184 443 141 106 113 26 8 3 76 497 154 126 118 36 11 6 60 473 182 130 120 41 12 6 
53 662 120 83 80 25 1 0 31 607 178 83 80 37 8 0 25 453 319 96 74 48 9 0 
250 379 131 115 96 40 13 0 141 414 139 114 112 79 13 12 117 411 151 117 113 86 15 14 
252 265 166 161 128 48 4 0 80 336 154 144 146 124 32 8 74 320 165 147 147 130 33 8 
229 309 186 158 78 50 9 5 115 369 171 180 99 58 26 6 104 367 180 182 102 59 26 4 
176 276 137 162 180 62 26 5 75 286 171 133 163 142 39 15 55 281 183 129 170 145 45 16 
231 277 157 169 169 16 2 3 74 333 169 147 191 100 7 3 59 321 182 156 181 115 7 3 
73 754 115 55 12 9 2 4 19 575 318 71 24 7 5 5 19 424 468 75 23 6 4 5 
78 116 84 116 213 323 77 17 50 112 96 78 131 246 259 52 46 110 105 82 126 226 276 53 
91 412 162 49 106 130 57 17 49 393 193 54 72 116 102 45 33 311 289 52 64 116 111 48 
60 382 97 84 29 304 64 4 35 305 190 74 42 93 278 7 19 231 276 60 58 47 318 15 
50 67 116 191 262 324 14 0 28 59 88 178 153 447 66 5 24 60 78 179 146 429 100 8 
25 214 109 73 207 385 10 1 14 184 117 87 95 469 57 1 3 129 169 89 77 447 109 1 
119 303 199 152 172 59 15 5 74 297 170 159 162 125 29 8 61 282 178 167 160 134 33 9 
44 593 90 65 100 106 26 0 17 534 167 57 63 135 50 1 11 306 393 56 62 135 57 4 
188 358 161 156 92 56 12 1 90 408 169 153 106 76 19 3 67 374 208 154 116 77 23 5 
223 388 148 91 86 82 6 0 101 395 187 110 91 96 32 12 80 361 222 120 97 95 36 13 
206 403 153 134 63 54 11 0 127 433 151 155 68 66 24 0 136 422 152 147 77 66 24 0 
140 210 174 297 94 96 13 0 64 228 127 265 193 118 27 2 41 240 126 247 216 111 41 2 
175 286 185 168 153 29 19 9 85 282 203 162 176 76 26 14 78 274 193 176 173 90 28 12 
68 286 454 152 28 10 12 14 47 287 468 156 25 16 10 15 50 279 518 108 33 12 12 12 
125 81 31 277 176 244 83 7 91 106 30 43 406 61 258 29 72 122 29 33 405 59 270 34 
111 104 62 246 203 202 92 4 105 94 73 23 411 104 198 16 92 79 96 25 388 117 206 21 
25 166 13 11 511 255 41 2 12 145 46 5 478 138 188 12 4 140 58 6 476 118 210 12 
77 49 25 276 519 68 10 0 67 49 34 36 672 148 14 4 54 51 40 32 648 171 23 5 
28 78 38 20 751 101 8 0 23 74 33 31 661 164 37 1 20 61 48 31 646 170 46 2 
89 127 67 259 449 19 12 2 82 123 56 263 440 44 10 6 72 113 73 263 430 55 12 6 
33 128 47 256 466 64 24 6 20 127 56 251 448 82 29 11 17 114 65 33 666 85 32 12 
94 135 60 260 445 28 2 0 82 137 64 261 446 30 4 0 63 138 73 265 435 45 5 0 
46 182 28 272 471 23 2 0 34 180 42 263 470 33 2 0 27 162 64 260 461 48 2 0 
79 39 48 284 547 26 1 0 70 44 49 273 554 33 1 0 65 44 50 266 551 45 3 0 
14 11 23 63 839 65 9 0 12 10 13 54 849 60 25 1 12 7 15 45 850 63 31 1 
40 52 43 240 634 12 2 1 36 49 47 16 858 14 3 1 33 48 49 18 856 16 3 1 
28 136 75 469 315 1 0 0 26 125 88 469 314 2 0 0 26 126 71 245 554 2 0 0 
