0 0 0 46 978 0 0 0 0 0 0 897 127 0 0 0 0 0 20 1004 0 0 0 0 
0 0 0 0 1024 0 0 0 0 0 0 699 325 0 0 0 0 0 0 1024 0 0 0 0 
0 0 0 0 202 822 0 0 0 0 0 0 1024 0 0 0 0 0 0 89 935 0 0 0 
0 0 0 0 111 913 0 0 0 0 0 2 989 33 0 0 0 0 0 31 993 0 0 0 
0 0 0 0 627 397 0 0 0 0 0 97 927 0 0 0 0 0 0 398 626 0 0 0 
0 0 0 0 287 737 0 0 0 0 0 0 866 158 0 0 0 0 0 0 1024 0 0 0 
0 0 0 0 3 1021 0 0 0 0 0 0 560 464 0 0 0 0 0 0 1024 0 0 0 
0 0 0 0 317 707 0 0 0 0 0 0 790 234 0 0 0 0 0 4 1020 0 0 0 
0 0 0 0 1018 6 0 0 0 0 0 488 536 0 0 0 0 0 0 705 319 0 0 0 
0 0 0 0 1023 1 0 0 0 0 0 15 1009 0 0 0 0 0 0 337 687 0 0 0 
0 0 0 0 1024 0 0 0 0 0 0 518 506 0 0 0 0 0 0 947 77 0 0 0 
0 0 0 388 636 0 0 0 0 0 0 1024 0 0 0 0 0 0 230 794 0 0 0 0 
0 0 0 84 940 0 0 0 0 0 0 1024 0 0 0 0 0 0 0 1024 0 0 0 0 
0 0 0 0 1024 0 0 0 0 0 0 477 547 0 0 0 0 0 0 898 126 0 0 0 
0 0 0 0 674 350 0 0 0 0 0 0 1024 0 0 0 0 0 0 129 895 0 0 0 
0 0 0 0 889 135 0 0 0 0 0 516 495 13 0 0 0 0 0 797 227 0 0 0 
0 0 0 40 978 6 0 0 0 0 0 823 201 0 0 0 0 0 0 940 84 0 0 0 
0 0 0 5 673 346 0 0 0 0 0 170 753 101 0 0 0 0 0 393 631 0 0 0 
0 0 0 3 415 606 0 0 0 0 0 116 599 309 0 0 0 0 0 228 796 0 0 0 
0 0 0 0 139 885 0 0 0 0 0 0 385 639 0 0 0 0 0 0 1024 0 0 0 
0 0 0 0 994 30 0 0 0 0 0 273 751 0 0 0 0 0 0 505 519 0 0 0 
0 0 0 0 1023 1 0 0 0 0 0 12 1012 0 0 0 0 0 0 103 921 0 0 0 
0 0 0 0 1024 0 0 0 0 0 0 322 702 0 0 0 0 0 0 839 185 0 0 0 
0 0 0 135 889 0 0 0 0 0 0 1024 0 0 0 0 0 0 4 1020 0 0 0 0 
0 0 0 0 1024 0 0 0 0 0 0 241 783 0 0 0 0 0 0 749 275 0 0 0 
0 0 0 0 678 346 0 0 0 0 0 9 1014 1 0 0 0 0 0 300 724 0 0 0 
0 0 0 0 817 207 0 0 0 0 0 0 1013 11 0 0 0 0 0 374 650 0 0 0 
0 0 0 20 942 62 0 0 0 0 0 503 521 0 0 0 0 0 0 801 223 0 0 0 
0 0 0 431 569 24 0 0 0 0 0 856 168 0 0 0 0 0 201 742 81 0 0 0 
0 0 0 299 725 0 0 0 0 0 0 681 343 0 0 0 0 0 186 709 129 0 0 0 
0 0 0 269 746 9 0 0 0 0 0 817 207 0 0 0 0 0 180 759 85 0 0 0 
0 0 0 0 585 439 0 0 0 0 0 91 789 144 0 0 0 0 0 278 746 0 0 0 
0 0 0 28 640 356 0 0 0 0 0 145 822 57 0 0 0 0 0 250 769 3 2 0 
0 0 0 84 935 5 0 0 0 0 0 112 893 19 0 0 0 0 0 226 759 16 20 3 
0 0 0 22 1002 0 0 0 0 0 0 649 375 0 0 0 0 0 3 989 32 0 0 0 
0 0 0 145 879 0 0 0 0 0 0 1024 0 0 0 0 0 0 72 952 0 0 0 0 
0 0 21 102 758 143 0 0 0 0 29 118 877 0 0 0 0 27 97 615 285 0 0 0 
0 0 4 93 333 594 0 0 0 0 10 183 830 1 0 0 0 7 98 351 568 0 0 0 
0 0 0 89 453 482 0 0 0 0 0 216 705 103 0 0 0 0 33 421 570 0 0 0 
0 0 0 91 495 438 0 0 0 0 0 258 747 19 0 0 0 0 6 415 603 0 0 0 
0 0 0 131 524 369 0 0 0 0 0 300 654 70 0 0 0 0 30 444 550 0 0 0 
0 0 19 297 542 166 0 0 0 1 27 517 460 19 0 0 0 13 165 560 285 1 0 0 
0 0 11 474 407 132 0 0 0 0 24 678 286 36 0 0 0 6 332 462 223 1 0 0 
0 0 11 213 745 55 0 0 0 1 24 437 562 0 0 0 0 7 39 726 252 0 0 0 
0 0 0 212 802 10 0 0 0 0 0 414 610 0 0 0 0 0 33 707 282 2 0 0 
0 0 81 279 663 1 0 0 0 2 122 326 558 15 1 0 0 76 172 642 109 10 12 3 
0 0 115 318 591 0 0 0 0 1 245 721 57 0 0 0 3 166 219 636 0 0 0 0 
0 0 88 705 231 0 0 0 0 2 337 685 0 0 0 0 8 210 443 363 0 0 0 0 
0 3 493 504 24 0 0 0 0 57 567 395 5 0 0 0 37 457 429 101 0 0 0 0 
0 0 193 721 110 0 0 0 0 1 340 637 46 0 0 0 0 160 518 342 4 0 0 0 
0 1 335 539 149 0 0 0 0 4 551 416 53 0 0 0 1 326 429 262 6 0 0 0 
0 0 311 567 146 0 0 0 0 27 395 521 81 0 0 0 11 265 355 371 22 0 0 0 
0 2 401 525 95 1 0 0 0 8 552 414 50 0 0 0 2 350 452 191 29 0 0 0 
0 0 549 449 26 0 0 0 0 31 736 255 2 0 0 0 12 566 405 41 0 0 0 0 
0 0 532 439 51 2 0 0 0 29 667 314 14 0 0 0 6 548 330 135 5 0 0 0 
0 1 657 321 45 0 0 0 0 45 786 171 22 0 0 0 10 710 220 81 3 0 0 0 
0 1 605 360 58 0 0 0 0 50 718 251 5 0 0 0 11 640 244 129 0 0 0 0 
0 4 753 253 14 0 0 0 0 146 774 97 7 0 0 0 88 748 161 27 0 0 0 0 
0 2 926 94 2 0 0 0 0 348 658 18 0 0 0 0 303 685 36 0 0 0 0 0 
0 0 957 67 0 0 0 0 0 582 442 0 0 0 0 0 594 427 3 0 0 0 0 0 
0 86 585 353 0 0 0 0 1 125 619 279 0 0 0 0 40 334 582 68 0 0 0 0 
0 64 456 503 1 0 0 0 0 132 495 396 1 0 0 0 70 251 608 95 0 0 0 0 
0 53 388 577 6 0 0 0 0 100 429 492 3 0 0 0 33 291 442 258 0 0 0 0 
0 48 566 291 118 1 0 0 0 119 541 236 117 11 0 0 90 395 313 104 81 41 0 0 
0 27 650 244 100 3 0 0 0 63 658 199 94 10 0 0 9 483 346 87 76 23 0 0 
0 67 725 229 3 0 0 0 0 133 737 154 0 0 0 0 58 611 328 27 0 0 0 0 
0 83 664 217 60 0 0 0 0 272 504 188 58 2 0 0 156 455 263 96 53 1 0 0 
0 73 660 201 90 0 0 0 2 190 571 168 90 3 0 0 77 524 273 62 87 1 0 0 
0 81 728 203 12 0 0 0 0 213 586 218 7 0 0 0 124 379 434 86 1 0 0 0 
0 123 779 115 7 0 0 0 0 412 546 63 3 0 0 0 281 554 152 37 0 0 0 0 
0 20 826 173 5 0 0 0 0 453 438 133 0 0 0 0 367 473 140 44 0 0 0 0 
0 31 985 8 0 0 0 0 0 590 433 1 0 0 0 0 433 587 4 0 0 0 0 0 
0 34 668 322 0 0 0 0 3 23 538 455 5 0 0 0 8 68 663 283 2 0 0 0 
0 44 360 609 11 0 0 0 4 42 232 683 63 0 0 0 35 28 303 589 69 0 0 0 
0 1 195 823 5 0 0 0 0 0 175 758 91 0 0 0 0 2 267 659 96 0 0 0 
0 31 289 584 118 2 0 0 2 31 296 550 107 38 0 0 15 51 367 451 67 73 0 0 
0 103 633 110 178 0 0 0 12 111 583 139 170 9 0 0 113 482 134 117 98 80 0 0 
0 116 402 463 42 1 0 0 3 117 306 470 124 4 0 0 97 107 309 387 116 8 0 0 
0 12 345 643 24 0 0 0 0 12 251 644 117 0 0 0 1 50 276 581 116 0 0 0 
0 92 441 489 2 0 0 0 0 159 276 507 82 0 0 0 108 268 95 472 81 0 0 0 
0 77 483 463 1 0 0 0 1 83 322 610 8 0 0 0 60 65 379 515 5 0 0 0 
0 57 495 472 0 0 0 0 1 78 430 515 0 0 0 0 13 242 322 447 0 0 0 0 
0 68 661 295 0 0 0 0 0 245 456 323 0 0 0 0 209 220 438 157 0 0 0 0 
0 93 920 11 0 0 0 0 0 257 762 5 0 0 0 0 110 667 247 0 0 0 0 0 
16 235 578 194 1 0 0 0 54 223 692 54 1 0 0 0 239 638 110 36 1 0 0 0 
30 206 394 394 0 0 0 0 60 193 507 263 1 0 0 0 204 367 361 89 3 0 0 0 
10 75 199 740 0 0 0 0 7 72 223 710 12 0 0 0 30 93 718 128 55 0 0 0 
9 120 351 544 0 0 0 0 4 92 357 551 20 0 0 0 20 284 592 82 46 0 0 0 
30 169 363 461 1 0 0 0 20 196 420 379 9 0 0 0 90 380 458 77 19 0 0 0 
41 177 205 600 1 0 0 0 63 163 227 564 7 0 0 0 163 219 600 42 0 0 0 0 
35 184 177 628 0 0 0 0 50 178 208 588 0 0 0 0 159 218 641 6 0 0 0 0 
13 143 253 615 0 0 0 0 20 137 308 559 0 0 0 0 57 285 672 10 0 0 0 0 
3 135 432 454 0 0 0 0 2 153 499 370 0 0 0 0 44 390 585 5 0 0 0 0 
5 156 486 377 0 0 0 0 6 211 639 168 0 0 0 0 83 607 331 3 0 0 0 0 
0 232 750 42 0 0 0 0 3 352 664 5 0 0 0 0 280 710 34 0 0 0 0 0 
0 331 693 0 0 0 0 0 57 591 376 0 0 0 0 0 630 370 24 0 0 0 0 0 
