51 48 44 32 23 30 10 786 42 52 53 31 40 256 323 227 38 62 57 48 242 360 194 23 
98 130 99 31 15 18 52 581 90 134 60 32 43 63 342 260 94 157 63 45 58 383 211 13 
102 165 94 45 34 39 46 499 112 171 92 44 23 45 316 221 105 196 89 41 33 360 150 50 
139 99 38 37 35 54 67 555 142 95 41 36 54 73 325 258 125 118 44 52 78 337 222 48 
0 0 0 0 0 0 0 1024 0 0 0 0 0 260 393 371 0 0 0 0 258 400 361 5 
20 14 10 14 24 24 34 884 17 11 8 21 34 192 267 474 16 14 12 27 197 321 392 45 
185 162 45 19 29 48 45 491 194 153 41 33 49 53 264 237 166 180 52 48 58 289 187 44 
170 233 143 78 51 26 35 288 195 225 142 76 47 28 166 145 177 278 144 71 28 176 99 51 
43 38 59 27 11 25 26 795 38 29 52 26 26 38 16 799 37 34 62 27 24 30 181 629 
130 220 186 64 64 64 41 255 122 214 158 92 76 58 53 251 125 248 163 90 64 47 68 219 
132 187 89 42 16 37 52 469 131 151 91 48 37 44 48 474 127 168 107 47 24 38 66 447 
72 165 128 34 14 38 48 525 82 166 124 30 13 35 59 515 76 183 119 24 21 41 146 414 
0 0 0 0 0 0 0 1024 0 0 0 0 0 0 60 964 0 0 0 0 0 123 570 331 
43 21 22 28 35 22 45 808 45 24 16 33 25 35 54 792 47 23 24 30 32 41 488 339 
78 197 185 20 4 7 15 518 72 236 153 19 8 6 20 510 55 261 144 20 9 11 48 476 
153 229 128 44 43 60 24 343 131 216 114 53 61 64 40 345 126 233 139 50 58 51 44 323 
10 34 40 42 43 23 16 816 8 19 52 32 41 32 33 807 8 19 67 24 43 31 19 813 
168 223 169 108 77 71 82 126 147 233 163 100 79 83 73 146 143 274 166 113 68 83 75 102 
77 149 112 59 60 69 58 440 63 122 104 54 65 103 61 452 68 133 116 56 78 81 50 442 
66 148 125 25 19 24 35 582 38 128 159 35 13 23 50 578 30 141 165 27 18 31 125 487 
0 0 0 0 0 0 0 1024 0 0 0 0 0 0 0 1024 0 0 0 0 0 0 903 121 
9 13 11 15 8 7 25 936 8 14 11 12 7 17 39 916 6 15 12 17 3 29 493 449 
84 203 182 31 15 17 36 456 45 194 215 26 15 27 45 457 38 200 222 24 22 26 61 431 
84 177 174 99 40 37 77 336 70 145 141 116 72 57 97 326 55 163 184 118 49 66 84 305 
23 63 67 26 18 6 11 810 8 35 53 52 34 13 14 815 11 21 60 67 34 10 240 581 
117 312 151 58 60 64 76 186 101 263 210 71 61 69 110 139 84 203 262 121 56 75 112 111 
79 163 151 64 35 13 56 463 42 133 144 78 80 28 68 451 36 110 164 97 64 50 66 437 
127 131 104 26 30 43 64 499 87 171 88 45 29 50 62 492 50 165 101 55 51 68 165 369 
0 0 0 0 0 0 0 1024 0 0 0 0 0 0 401 623 0 0 0 0 0 92 932 0 
32 28 12 20 48 55 48 781 41 22 8 18 64 57 147 667 25 38 6 19 72 63 710 91 
135 195 141 28 6 2 12 505 94 229 124 37 18 5 9 508 51 193 163 57 32 11 78 439 
75 213 255 43 9 20 28 381 39 138 242 133 25 26 33 388 26 111 245 183 23 17 44 375 
86 141 130 143 131 84 141 168 44 152 236 274 184 60 43 31 22 160 337 334 69 62 33 7 
323 319 125 89 56 47 32 33 209 347 192 138 79 34 16 9 98 305 309 144 115 32 15 6 
252 324 151 85 63 41 39 69 86 301 240 157 120 50 38 32 28 115 287 265 159 99 45 26 
372 247 92 51 49 65 60 88 169 322 181 147 95 54 34 22 46 246 315 212 111 62 25 7 
177 175 124 83 81 123 97 164 95 257 208 211 86 71 84 12 39 220 368 195 69 89 25 19 
240 232 60 59 60 97 107 169 124 259 160 215 124 55 79 8 38 171 362 265 88 75 18 7 
380 318 73 39 33 46 47 88 170 354 197 97 87 57 39 23 36 249 307 204 116 77 26 9 
313 431 108 67 25 20 30 30 110 414 251 107 73 34 18 17 24 181 349 250 107 47 52 14 
409 394 127 51 21 12 8 2 279 385 213 88 38 14 4 3 151 406 263 130 44 20 6 4 
562 288 114 44 5 5 4 2 514 289 100 80 25 6 3 7 289 427 141 93 53 9 3 9 
501 316 163 33 5 3 3 0 343 359 161 103 38 12 6 2 163 351 225 133 86 31 24 11 
626 282 86 13 10 2 3 2 423 398 145 37 3 11 5 2 213 409 207 99 53 28 11 4 
834 152 22 4 2 6 0 4 705 248 49 5 3 5 4 5 354 512 93 35 14 7 3 6 
801 179 28 8 1 4 3 0 578 285 100 32 12 10 5 2 243 479 157 81 28 19 12 5 
523 363 110 11 3 5 2 7 398 440 126 41 5 3 6 5 217 394 228 81 61 20 14 9 
591 292 112 26 0 3 0 0 470 329 139 51 22 9 4 0 237 360 233 76 52 35 23 8 
