0 0 0 31 938 55 0 0 0 0 0 0 0 755 268 1 0 0 0 0 0 1 836 187 
0 0 1 85 650 288 0 0 0 0 0 1 36 470 499 18 0 0 0 0 1 50 545 428 
5 9 55 171 319 422 34 9 0 2 9 34 133 273 459 114 0 0 4 11 59 147 293 510 
74 42 123 247 234 252 28 24 44 42 34 75 181 304 219 125 28 47 26 65 64 179 309 306 
36 19 67 359 394 138 11 0 21 17 22 123 304 283 232 22 14 14 17 181 110 220 287 181 
84 125 177 240 179 90 29 100 97 80 120 193 174 151 93 116 104 88 113 160 126 121 143 169 
103 99 126 205 78 42 29 342 130 91 140 190 56 41 32 344 141 87 159 162 55 38 28 354 
78 74 120 191 70 39 36 416 95 67 130 164 52 55 31 430 94 82 150 123 43 52 51 429 
74 74 92 147 342 233 50 12 92 52 61 103 211 258 235 12 84 48 71 94 159 166 222 180 
7 20 81 188 249 137 110 232 12 17 65 79 186 290 144 231 14 26 70 73 106 195 279 261 
23 61 124 166 130 126 224 170 25 73 100 152 153 163 220 138 28 73 104 147 124 195 217 136 
22 49 86 105 103 121 117 421 29 64 87 104 90 88 149 413 34 67 91 103 80 122 121 406 
0 0 5 47 49 528 71 324 0 0 3 46 46 36 545 348 0 0 6 66 28 510 76 338 
0 0 0 0 3 36 17 968 0 0 0 0 1 11 37 975 0 0 0 0 2 34 17 971 
0 0 0 0 30 46 38 910 0 0 0 0 9 54 33 928 0 0 0 0 26 45 37 916 
0 0 1 61 181 178 25 578 0 0 0 4 72 262 97 589 0 0 1 22 129 261 26 585 
33 28 94 104 133 157 273 202 39 41 92 83 189 143 233 204 45 50 99 97 178 127 221 207 
67 189 204 155 115 92 179 23 127 206 191 136 92 127 128 17 162 222 175 120 86 154 88 17 
62 221 253 215 148 78 32 15 126 265 253 186 110 50 25 9 176 270 242 164 98 45 23 6 
81 188 245 158 118 101 114 19 129 238 208 124 94 113 105 13 179 255 176 113 91 109 89 12 
9 61 51 97 225 486 42 53 3 20 32 93 102 523 204 47 8 28 38 111 141 584 65 49 
14 10 20 88 277 393 102 120 13 7 30 50 145 488 203 88 15 13 32 102 260 431 88 83 
0 18 46 83 123 122 229 403 1 21 58 104 120 121 257 342 3 38 62 99 127 116 250 329 
26 35 54 91 200 238 224 156 9 19 28 66 137 240 369 156 14 20 38 76 166 270 280 160 
64 72 90 127 115 96 363 97 62 78 106 117 122 100 346 93 53 70 128 115 126 144 294 94 
31 82 92 78 57 96 588 0 68 98 78 63 53 292 372 0 88 102 68 65 51 387 263 0 
78 330 326 187 81 22 0 0 188 409 264 121 37 5 0 0 304 389 216 89 25 1 0 0 
104 301 219 148 102 50 98 2 192 307 204 113 83 72 53 0 288 297 150 106 70 81 32 0 
180 225 204 151 121 55 63 25 234 224 185 148 101 56 58 18 275 225 177 142 84 51 55 15 
158 139 129 230 261 79 26 2 167 116 111 131 315 124 54 6 175 118 136 253 226 71 39 6 
126 185 220 257 51 77 82 26 112 218 141 172 181 54 98 48 126 251 176 229 42 52 92 56 
251 133 130 132 118 135 97 28 231 116 130 117 104 126 136 64 235 121 132 112 97 128 128 71 
11 32 45 104 408 180 143 101 21 31 56 216 368 142 99 91 20 32 65 286 309 142 78 92 
135 219 193 129 84 196 59 9 185 220 178 108 105 208 13 7 223 211 150 118 111 197 7 7 
136 279 205 106 99 61 9 129 218 263 190 88 97 33 10 125 277 268 146 98 85 17 9 124 
20 38 42 21 15 19 407 462 24 39 46 16 18 14 459 408 26 47 38 16 20 15 455 407 
178 208 220 204 108 34 43 29 192 205 254 196 71 35 47 24 189 203 286 169 74 31 47 25 
48 137 166 224 92 37 95 225 61 133 195 208 69 45 38 275 63 131 241 167 67 42 39 274 
29 44 45 96 162 49 138 461 26 40 46 32 146 108 57 569 38 35 46 53 192 36 69 555 
33 95 251 192 207 33 67 146 36 83 259 154 205 67 29 191 38 83 260 186 202 39 29 187 
0 19 107 396 347 41 21 93 1 41 228 455 169 26 18 86 4 37 245 509 99 21 26 83 
31 205 172 212 70 44 129 161 86 215 217 133 54 116 46 157 74 211 239 121 48 141 32 158 
0 0 0 3 21 117 283 600 0 0 0 15 16 370 26 597 0 0 0 20 24 360 26 594 
84 115 64 57 95 197 353 59 107 105 65 70 117 331 168 61 113 105 65 84 142 349 107 59 
24 32 68 73 67 34 122 604 22 31 80 61 73 31 23 703 29 37 81 69 59 26 28 695 
118 69 46 18 12 8 92 661 134 71 33 16 8 7 8 747 137 69 32 17 7 7 8 747 
97 86 108 127 128 103 163 212 116 91 116 108 106 104 66 317 118 101 114 107 96 85 86 317 
69 70 180 169 228 172 94 42 64 107 175 145 182 174 129 48 64 98 182 156 150 181 121 72 
18 149 394 364 36 16 35 12 7 121 497 188 102 53 33 23 4 122 530 181 105 30 28 24 
25 58 99 581 103 45 104 9 35 66 271 471 28 126 22 5 37 73 508 233 20 131 17 5 
104 112 35 22 37 565 149 0 129 108 25 27 89 642 4 0 136 106 24 33 129 595 1 0 
146 180 272 271 47 47 28 33 184 186 408 111 38 43 24 30 190 200 426 78 47 30 23 30 
130 167 177 282 73 71 78 46 172 189 265 155 65 80 50 48 193 187 290 124 57 88 41 44 
119 212 233 55 97 164 55 89 149 274 152 44 94 169 44 98 149 275 153 43 101 161 36 106 
199 254 303 37 40 77 46 68 31 334 181 171 108 71 48 80 30 337 322 87 47 76 41 84 
574 236 163 22 13 12 4 0 18 147 98 337 382 23 14 5 18 207 295 392 82 12 13 5 
269 361 235 66 20 15 23 35 0 42 110 256 352 183 33 48 0 68 219 304 301 66 18 48 
42 129 610 174 22 13 28 6 33 217 613 45 51 34 15 16 35 236 602 51 46 22 16 16 
23 176 494 283 28 15 3 2 56 250 627 53 25 10 1 2 58 287 597 49 22 8 2 1 
22 142 395 415 19 15 16 0 29 254 666 30 17 17 11 0 30 278 652 20 17 18 9 0 
264 361 208 136 26 13 15 1 54 425 198 231 76 25 15 0 54 492 340 68 35 24 10 1 
612 257 117 15 11 11 1 0 20 165 80 471 238 38 10 2 17 280 274 370 54 24 4 1 
818 196 10 0 0 0 0 0 0 1 39 449 516 18 1 0 1 93 234 616 75 5 0 0 
805 214 3 0 2 0 0 0 0 0 74 508 438 2 1 1 0 38 384 558 42 1 1 0 
