0 0 0 0 0 0 1024 0 0 0 0 0 0 1 1023 0 0 0 0 0 1024 0 0 0 
0 0 0 0 0 71 953 0 0 0 0 0 0 649 375 0 0 0 0 0 1024 0 0 0 
0 0 0 0 0 74 950 0 0 0 0 0 0 673 351 0 0 0 0 0 1024 0 0 0 
0 0 0 0 0 0 1024 0 0 0 0 0 0 459 565 0 0 0 0 0 808 216 0 0 
0 0 0 0 0 0 1024 0 0 0 0 0 0 0 1024 0 0 0 0 0 475 549 0 0 
0 0 0 0 0 0 1024 0 0 0 0 0 0 0 1024 0 0 0 0 0 550 474 0 0 
0 0 0 0 0 0 1024 0 0 0 0 0 0 0 1024 0 0 0 0 0 581 443 0 0 
0 0 0 0 0 0 1024 0 0 0 0 0 0 0 1024 0 0 0 0 0 645 379 0 0 
0 0 0 0 0 0 1024 0 0 0 0 0 0 6 1018 0 0 0 0 0 1024 0 0 0 
0 0 0 0 0 48 976 0 0 0 0 0 0 561 463 0 0 0 0 0 1024 0 0 0 
0 0 0 0 0 3 1021 0 0 0 0 0 0 923 101 0 0 0 0 0 1024 0 0 0 
0 0 0 0 0 0 1024 0 0 0 0 0 0 540 484 0 0 0 0 0 1023 1 0 0 
0 0 0 0 0 0 1024 0 0 0 0 0 0 17 1007 0 0 0 0 0 1017 7 0 0 
0 0 0 0 0 0 1024 0 0 0 0 0 0 348 676 0 0 0 0 0 1022 2 0 0 
0 0 0 0 0 0 1024 0 0 0 0 0 0 84 940 0 0 0 0 0 1024 0 0 0 
0 0 0 0 0 0 1024 0 0 0 0 0 0 0 1024 0 0 0 0 0 1024 0 0 0 
0 0 0 0 0 0 1024 0 0 0 0 0 0 65 959 0 0 0 0 0 1024 0 0 0 
0 0 0 0 0 647 377 0 0 0 0 0 9 988 27 0 0 0 0 23 1001 0 0 0 
0 0 0 16 12 150 819 27 0 0 0 22 19 665 288 30 0 0 5 27 820 117 55 0 
0 0 0 7 9 7 1001 0 0 0 0 13 7 642 362 0 0 0 4 13 1003 4 0 0 
0 0 0 0 0 0 1024 0 0 0 0 0 0 852 172 0 0 0 0 0 1024 0 0 0 
0 0 0 0 0 82 942 0 0 0 0 0 0 1024 0 0 0 0 0 0 1024 0 0 0 
0 0 0 0 0 13 1011 0 0 0 0 0 0 682 342 0 0 0 0 0 1024 0 0 0 
0 0 0 0 0 1 1023 0 0 0 0 0 0 493 531 0 0 0 0 0 1024 0 0 0 
0 0 0 0 0 0 1020 4 0 0 0 0 0 26 994 4 0 0 0 0 1005 17 2 0 
0 0 0 48 157 147 672 0 0 0 0 102 114 554 254 0 0 0 110 121 792 1 0 0 
0 0 0 220 126 84 594 0 0 0 26 258 93 231 416 0 0 41 204 140 639 0 0 0 
0 0 0 62 182 43 737 0 0 0 0 188 88 175 573 0 0 0 178 104 737 5 0 0 
0 0 4 617 100 57 246 0 0 0 6 631 102 106 179 0 0 2 59 581 373 9 0 0 
0 0 9 568 310 78 59 0 0 0 56 597 221 149 1 0 0 22 188 487 273 54 0 0 
0 0 0 735 104 52 133 0 0 0 286 491 69 178 0 0 0 279 348 207 190 0 0 0 
0 0 0 690 65 47 222 0 0 0 362 358 46 125 133 0 0 345 333 80 266 0 0 0 
0 0 0 4 67 610 303 40 0 0 0 1 138 562 199 124 0 0 0 70 530 238 94 92 
0 0 10 150 289 312 242 21 0 0 22 129 303 332 203 35 0 20 157 212 387 181 54 13 
0 0 12 260 375 190 186 1 0 0 73 210 287 313 133 8 0 53 118 333 339 103 77 1 
0 0 4 559 242 110 109 0 0 0 140 584 138 107 54 1 0 90 358 382 149 31 14 0 
0 0 3 784 198 37 2 0 0 0 82 713 170 59 0 0 0 32 250 570 171 1 0 0 
0 0 0 812 180 32 0 0 0 0 0 654 252 118 0 0 0 0 289 384 242 103 6 0 
0 0 0 995 29 0 0 0 0 0 15 977 32 0 0 0 0 9 647 368 0 0 0 0 
0 0 1 996 27 0 0 0 0 0 162 856 6 0 0 0 0 71 904 49 0 0 0 0 
0 0 1 127 573 185 64 74 0 0 6 143 490 178 106 101 0 0 47 446 256 109 88 78 
0 0 5 505 420 59 17 18 0 0 90 429 399 62 21 23 0 58 331 413 150 44 15 13 
0 0 2 248 771 3 0 0 0 0 103 150 595 176 0 0 0 90 125 149 647 13 0 0 
0 0 3 141 690 190 0 0 0 0 12 111 248 653 0 0 0 11 22 189 675 127 0 0 
0 0 41 143 569 271 0 0 0 0 73 109 249 580 13 0 0 66 106 153 498 201 0 0 
0 0 68 422 363 163 8 0 0 0 218 245 254 284 23 0 0 182 219 272 224 127 0 0 
0 0 66 582 211 142 23 0 0 0 261 441 142 91 89 0 0 232 325 267 55 145 0 0 
0 0 67 737 181 25 14 0 0 0 395 520 70 23 16 0 4 338 433 198 24 27 0 0 
0 0 45 633 217 129 0 0 0 0 276 391 165 150 42 0 1 229 272 259 133 126 4 0 
0 0 27 592 366 39 0 0 0 0 179 469 300 73 3 0 0 98 362 350 185 29 0 0 
0 0 20 696 295 13 0 0 0 0 162 586 263 4 9 0 0 52 552 377 32 11 0 0 
0 0 70 689 216 44 5 0 0 2 455 313 184 58 12 0 8 338 255 214 181 26 2 0 
0 0 38 90 627 269 0 0 0 0 50 50 263 627 34 0 17 26 30 122 554 252 23 0 
0 0 47 86 626 265 0 0 0 2 73 35 206 631 77 0 44 28 20 65 478 320 69 0 
0 0 7 37 856 124 0 0 0 0 9 8 88 908 11 0 0 0 12 13 447 533 19 0 
0 0 7 612 320 85 0 0 0 0 94 498 141 291 0 0 0 44 325 273 228 154 0 0 
0 0 130 732 141 21 0 0 0 0 384 508 108 24 0 0 0 53 685 222 61 3 0 0 
0 0 185 808 24 5 2 0 0 0 704 285 27 6 2 0 0 131 717 150 19 5 2 0 
0 0 134 862 28 0 0 0 0 0 616 382 25 1 0 0 0 174 748 94 8 0 0 0 
0 0 125 761 119 12 7 0 0 0 268 657 85 8 6 0 3 106 431 445 27 7 5 0 
0 0 232 742 45 3 2 0 0 0 293 662 63 4 1 1 0 99 643 252 26 3 1 0 
0 0 360 601 55 8 0 0 0 0 580 373 58 13 0 0 0 331 493 160 36 4 0 0 
0 0 436 533 44 11 0 0 0 14 561 384 47 18 0 0 70 338 444 125 36 11 0 0 
0 0 243 742 39 0 0 0 0 2 473 519 27 3 0 0 0 150 748 108 18 0 0 0 
