0 0 0 0 0 37 987 0 0 0 0 0 37 987 0 0 0 0 0 286 419 319 0 0 
0 0 0 0 0 0 1024 0 0 0 0 0 10 995 19 0 0 0 0 149 444 431 0 0 
0 0 0 3 6 31 972 12 0 0 3 6 25 958 28 4 0 3 4 80 365 566 6 0 
0 0 0 0 0 37 986 1 0 0 0 0 108 900 16 0 0 0 0 207 243 574 0 0 
0 0 0 0 0 0 902 122 0 0 0 0 0 625 398 1 0 0 0 0 32 771 221 0 
0 0 0 0 0 1 984 39 0 0 0 0 2 911 111 0 0 0 0 78 480 449 17 0 
0 0 0 0 0 2 1020 2 0 0 0 0 1 1014 9 0 0 0 0 32 942 50 0 0 
0 0 0 0 0 28 986 10 0 0 0 0 6 925 93 0 0 0 0 7 824 180 13 0 
0 0 0 0 0 123 792 109 0 0 0 0 34 832 84 74 0 0 0 140 706 34 75 69 
0 0 0 0 0 330 681 13 0 0 0 0 171 839 6 8 0 0 0 472 536 3 7 6 
0 0 0 0 0 697 327 0 0 0 0 0 499 525 0 0 0 0 30 777 217 0 0 0 
0 0 0 0 0 884 140 0 0 0 0 0 868 156 0 0 0 0 169 851 4 0 0 0 
0 0 0 0 0 695 329 0 0 0 0 0 553 466 5 0 0 0 199 664 148 13 0 0 
0 0 0 0 0 344 679 1 0 0 0 0 245 771 8 0 0 0 31 455 478 60 0 0 
0 0 0 5 33 318 606 62 0 0 2 28 233 606 131 24 0 1 20 427 315 167 94 0 
0 0 0 0 0 416 608 0 0 0 0 0 508 516 0 0 0 0 0 728 295 1 0 0 
0 1 10 27 42 289 632 23 0 4 22 32 218 645 101 2 1 21 31 314 363 258 36 0 
0 0 1 1 2 164 788 68 0 0 1 2 95 730 165 31 0 0 1 217 492 152 125 37 
0 0 0 0 0 223 787 14 0 0 0 0 172 712 140 0 0 0 0 252 466 244 62 0 
0 0 0 0 0 231 792 1 0 0 0 0 60 773 191 0 0 0 0 91 507 340 86 0 
0 0 0 0 0 555 436 33 0 0 0 0 401 451 155 17 0 0 0 436 338 133 95 22 
0 0 0 0 0 642 351 31 0 0 0 0 403 478 125 18 0 0 0 545 295 73 96 15 
0 0 0 0 0 744 280 0 0 0 0 0 425 599 0 0 0 0 0 592 419 13 0 0 
0 0 0 0 0 964 60 0 0 0 0 1 901 122 0 0 0 0 174 773 77 0 0 0 
0 0 0 0 0 1019 5 0 0 0 0 0 1015 9 0 0 0 0 299 723 2 0 0 0 
0 0 0 0 0 940 81 3 0 0 0 0 886 127 10 1 0 0 4 894 90 28 6 2 
1 18 37 70 99 614 165 20 4 31 38 97 535 264 47 8 15 38 75 556 236 66 35 3 
0 8 77 93 88 706 50 2 1 33 86 96 726 73 8 1 11 65 91 758 70 25 4 0 
0 0 13 108 157 546 182 18 0 6 60 130 584 215 23 6 0 37 130 635 176 37 8 1 
0 0 0 31 44 399 531 19 0 0 8 57 293 525 130 11 0 0 3 333 232 353 94 9 
0 0 0 27 67 634 296 0 0 0 9 51 408 532 24 0 0 2 19 408 436 151 8 0 
3 11 15 10 21 606 358 0 1 11 17 12 324 650 9 0 1 10 19 297 448 249 0 0 
0 0 0 0 0 949 75 0 0 0 0 0 853 170 1 0 0 0 0 845 136 43 0 0 
0 0 0 1 4 1013 3 3 0 0 1 2 1009 8 3 1 0 0 3 1009 7 4 1 0 
0 0 0 0 0 968 56 0 0 0 0 0 902 121 1 0 0 0 0 866 126 32 0 0 
0 0 0 0 14 985 25 0 0 0 0 11 946 67 0 0 0 0 138 792 84 10 0 0 
17 56 74 102 155 475 65 80 20 54 94 142 499 87 52 76 33 63 337 283 92 86 56 74 
48 82 95 99 111 571 18 0 47 88 102 141 602 34 10 0 55 104 261 529 46 22 7 0 
27 80 220 295 179 189 29 5 30 104 232 284 274 72 24 4 58 140 233 356 144 69 23 1 
40 150 243 258 164 141 25 3 47 145 237 268 246 66 13 2 51 154 248 329 170 57 12 3 
129 149 191 205 182 114 32 22 131 141 208 202 204 89 29 20 144 138 209 239 181 74 22 17 
193 138 143 114 150 220 52 14 188 118 135 126 228 163 54 12 191 108 134 221 133 157 68 12 
61 117 273 265 197 84 25 2 42 97 187 252 211 161 71 3 48 83 139 269 206 154 119 6 
34 89 208 129 130 284 63 87 27 78 197 172 323 77 69 81 37 103 208 338 112 72 70 84 
23 49 65 78 195 602 9 3 12 61 127 187 590 31 12 4 65 200 124 574 22 21 15 3 
26 77 81 85 419 320 15 1 33 98 113 428 344 5 3 0 137 484 75 310 13 3 2 0 
0 22 130 100 529 242 1 0 5 80 189 516 233 1 0 0 410 340 88 186 0 0 0 0 
1 30 132 93 434 334 0 0 7 104 220 356 337 0 0 0 402 238 187 197 0 0 0 0 
28 19 105 162 149 189 181 191 28 21 96 189 149 215 164 162 1 20 76 129 187 245 196 170 
33 50 114 177 177 124 156 193 35 61 119 196 156 134 172 151 25 61 125 180 157 146 185 145 
126 147 115 97 109 162 159 109 130 136 98 104 128 111 207 110 157 121 100 96 119 108 196 127 
75 124 150 177 128 130 142 98 59 104 127 176 168 120 176 94 53 103 117 175 156 134 164 122 
83 122 178 176 178 110 91 86 80 117 170 190 174 117 93 83 75 124 170 192 178 112 92 81 
124 255 216 179 117 81 37 15 111 221 194 211 136 90 45 16 134 218 183 207 129 90 47 16 
109 197 278 150 135 124 30 1 82 95 179 302 165 84 109 8 79 83 202 278 146 90 90 56 
105 300 222 146 64 136 46 5 52 116 289 246 108 65 137 11 60 112 275 215 133 46 130 53 
38 417 248 140 75 84 22 0 13 61 511 222 61 89 63 4 22 62 458 229 76 75 89 13 
42 406 275 202 52 34 13 0 16 76 491 256 122 30 28 5 35 125 451 234 107 35 23 14 
75 460 216 164 76 31 2 0 28 149 476 206 121 31 13 0 33 169 450 201 101 51 16 3 
89 487 260 119 37 20 11 1 45 231 494 149 68 25 11 1 87 262 436 136 72 28 3 0 
381 150 88 108 119 110 58 10 327 164 140 120 121 109 38 5 35 60 105 161 221 202 171 69 
33 51 89 141 164 246 260 40 38 48 112 152 232 292 133 17 12 27 108 188 292 273 117 7 
45 123 141 207 187 178 119 24 61 110 161 215 221 173 80 3 12 60 120 198 305 211 106 12 
44 67 166 230 234 183 90 10 31 94 189 240 221 162 80 7 22 96 188 205 211 179 107 16 
70 99 189 215 184 142 99 26 69 134 213 211 170 138 61 28 80 172 211 224 141 122 44 30 
164 153 224 128 137 145 63 10 133 147 263 134 147 131 46 23 112 138 268 194 130 110 42 30 
75 56 162 130 244 247 72 38 63 36 162 135 174 197 195 62 46 41 153 171 154 134 182 143 
59 36 85 124 318 271 64 67 34 37 31 82 91 213 403 133 26 35 29 66 67 122 349 330 
24 15 59 93 243 432 94 64 12 10 25 97 41 214 439 186 11 5 15 89 50 46 446 362 
14 36 122 134 239 296 110 73 0 19 64 144 93 272 317 115 0 3 33 142 83 114 432 217 
20 22 138 180 283 285 45 51 13 17 75 151 126 358 219 65 5 11 42 174 56 189 404 143 
10 15 191 187 323 230 10 58 3 10 150 130 236 350 87 58 0 8 119 124 100 301 299 73 
464 161 69 52 53 112 84 29 406 198 80 66 87 85 73 29 68 89 115 134 177 178 184 79 
112 94 158 188 156 192 120 4 101 97 113 247 246 200 19 1 39 34 106 200 229 154 187 75 
115 91 104 83 120 207 260 44 107 72 121 106 177 324 104 13 30 26 27 85 206 323 245 82 
142 115 155 142 122 196 133 19 147 121 129 166 208 187 64 2 32 49 69 112 231 244 196 91 
181 128 229 187 152 98 43 6 168 115 204 224 157 115 36 5 6 60 79 132 182 201 285 79 
199 97 171 162 114 123 73 85 175 106 188 144 157 124 48 82 12 63 107 165 136 173 230 138 
113 155 214 150 90 108 94 100 117 176 179 167 118 92 89 86 4 109 191 137 147 125 175 136 
26 235 214 101 101 129 108 110 35 328 154 97 120 102 100 88 22 291 229 137 86 90 81 88 
15 233 243 80 92 117 130 114 7 316 209 74 99 115 101 103 9 343 154 159 84 96 79 100 
24 262 207 119 113 107 67 125 51 332 187 124 78 77 73 102 81 356 231 92 41 54 70 99 
79 222 200 116 122 125 57 103 92 352 126 77 71 88 99 119 116 386 117 77 35 63 86 144 
71 139 104 104 133 129 116 228 103 173 112 127 117 82 107 203 142 186 134 122 98 63 121 158 
181 41 59 65 83 373 221 1 186 50 61 76 128 477 46 0 105 83 128 113 247 333 15 0 
376 85 61 70 89 117 194 32 375 89 68 87 86 144 150 25 157 98 173 174 126 174 104 18 
234 64 136 185 113 203 89 0 248 62 188 180 144 196 6 0 60 92 305 272 198 94 3 0 
158 19 97 84 126 267 260 13 163 59 93 81 176 385 62 5 9 85 121 212 247 306 41 3 
129 25 45 99 133 235 234 124 136 40 67 109 187 243 154 88 18 51 141 229 201 194 143 47 
141 85 142 88 118 224 145 81 157 117 137 99 174 226 54 60 53 140 205 192 191 149 49 45 
65 69 255 302 160 65 34 74 69 111 337 232 124 49 32 70 16 142 325 259 118 58 50 56 
323 148 146 88 93 90 75 61 339 169 136 103 73 98 50 56 152 180 224 123 147 105 43 50 
120 231 242 138 89 63 58 83 149 296 212 120 80 47 40 80 108 284 208 134 98 64 59 69 
8 134 246 182 130 134 89 101 18 193 257 169 125 122 51 89 30 243 279 159 95 87 50 81 
43 147 260 175 143 109 132 15 37 292 174 193 118 123 83 4 58 324 209 165 110 101 54 3 
31 187 189 154 155 151 138 19 68 255 189 149 153 140 65 5 170 259 190 150 124 95 36 0 
