0 0 0 0 0 919 105 0 0 0 0 0 0 1024 0 0 0 0 0 0 1024 0 0 0 
0 0 0 0 0 854 170 0 0 0 0 0 0 1024 0 0 0 0 0 0 1024 0 0 0 
0 0 0 0 0 671 353 0 0 0 0 0 0 1024 0 0 0 0 0 0 1024 0 0 0 
0 0 0 0 0 723 301 0 0 0 0 0 0 1024 0 0 0 0 0 0 1024 0 0 0 
0 0 0 0 0 855 169 0 0 0 0 0 0 1024 0 0 0 0 0 0 1024 0 0 0 
0 0 0 0 0 977 47 0 0 0 0 0 0 1024 0 0 0 0 0 0 1024 0 0 0 
0 0 0 0 0 985 39 0 0 0 0 0 0 1024 0 0 0 0 0 0 1024 0 0 0 
0 0 0 0 0 1006 18 0 0 0 0 0 0 1024 0 0 0 0 0 0 1024 0 0 0 
0 0 0 0 17 970 37 0 0 0 0 0 73 951 0 0 0 0 0 27 993 4 0 0 
0 0 0 0 15 970 39 0 0 0 0 0 74 950 0 0 0 0 0 31 992 1 0 0 
0 0 0 0 10 964 50 0 0 0 0 0 67 957 0 0 0 0 0 24 999 1 0 0 
0 0 0 0 6 943 75 0 0 0 0 0 31 993 0 0 0 0 0 16 1008 0 0 0 
0 0 0 0 4 995 25 0 0 0 0 0 38 986 0 0 0 0 0 14 1010 0 0 0 
0 0 0 0 8 1003 13 0 0 0 0 0 33 991 0 0 0 0 0 12 1012 0 0 0 
0 0 0 0 0 1015 9 0 0 0 0 0 13 1011 0 0 0 0 0 3 1021 0 0 0 
0 0 0 0 0 1021 3 0 0 0 0 0 0 1024 0 0 0 0 0 0 1024 0 0 0 
0 0 0 0 151 872 1 0 0 0 0 0 480 544 0 0 0 0 0 453 570 1 0 0 
0 0 0 0 229 755 40 0 0 0 0 0 458 530 36 0 0 0 0 440 545 30 9 0 
0 0 0 7 161 847 9 0 0 0 0 4 319 682 19 0 0 0 1 183 661 167 12 0 
0 0 0 7 218 765 34 0 0 0 0 20 229 720 55 0 0 0 0 107 627 242 48 0 
0 0 0 11 320 639 54 0 0 0 0 42 371 537 74 0 0 0 4 253 608 64 95 0 
0 0 0 2 291 667 64 0 0 0 0 4 347 581 92 0 0 0 2 136 644 136 105 1 
0 0 0 6 453 548 12 5 0 0 0 64 479 464 12 5 0 0 0 358 544 90 28 4 
0 0 0 8 438 568 10 0 0 0 0 28 505 476 15 0 0 0 11 383 507 89 34 0 
0 0 0 8 470 533 13 0 0 0 0 102 459 454 9 0 0 0 22 248 574 172 8 0 
0 0 0 11 337 437 235 4 0 0 2 57 379 368 211 7 0 0 6 256 281 392 84 5 
0 0 0 25 423 463 112 1 0 0 0 31 309 505 178 1 0 0 0 126 221 472 199 6 
0 0 0 17 367 524 97 19 0 0 0 51 218 509 213 33 0 0 12 98 204 458 205 47 
0 0 0 49 746 187 42 0 0 0 0 273 537 107 105 2 0 0 34 585 167 124 109 5 
0 0 0 56 674 205 68 21 0 0 0 243 490 194 67 30 0 0 30 404 343 162 57 28 
0 0 0 37 694 174 89 30 0 0 0 219 547 133 88 37 0 0 64 421 274 171 58 36 
0 0 0 54 677 270 23 0 0 0 0 269 472 257 26 0 0 0 108 425 267 191 32 1 
0 0 6 243 460 182 66 67 0 0 21 213 339 307 75 69 0 3 83 236 171 244 223 64 
0 0 8 375 362 118 66 95 0 0 27 303 330 197 71 96 0 0 153 230 180 289 81 91 
0 0 7 422 274 186 124 11 0 0 51 417 234 152 159 11 0 9 278 274 196 151 100 16 
0 0 1 146 285 367 176 49 0 0 1 169 274 311 208 61 0 0 44 252 260 257 151 60 
0 3 45 152 409 263 94 58 0 1 47 141 407 174 200 54 0 0 59 329 216 181 164 75 
0 0 2 196 448 182 89 107 0 0 0 203 433 176 92 120 0 1 92 290 285 154 112 90 
0 0 3 250 407 217 97 50 0 0 12 267 367 194 135 49 0 3 156 342 238 158 96 31 
0 0 11 422 365 218 8 0 0 0 25 408 347 234 10 0 0 2 249 356 255 160 2 0 
0 56 75 91 126 134 457 85 0 92 60 85 115 189 396 87 86 44 44 142 126 451 108 23 
0 0 5 389 117 188 202 123 0 0 25 402 90 203 174 130 0 76 307 90 168 162 127 94 
0 1 33 377 88 266 78 181 0 8 232 189 121 232 63 179 11 311 115 215 110 55 55 152 
0 8 147 403 206 141 77 42 0 20 318 224 232 108 71 51 6 332 196 166 140 62 84 38 
0 38 250 234 163 190 128 21 0 104 248 203 156 198 90 25 25 177 254 178 132 200 40 18 
0 2 40 409 243 61 79 190 0 15 59 350 266 60 82 192 8 36 191 295 173 67 104 150 
0 0 5 279 247 107 110 276 0 0 4 218 310 109 108 275 0 5 24 282 258 108 135 212 
0 0 96 614 273 34 5 2 0 0 133 505 303 74 6 3 0 6 292 376 265 79 3 3 
0 84 374 276 138 47 104 1 0 102 45 472 232 80 92 1 100 17 362 262 141 141 1 0 
4 134 267 303 135 48 42 91 0 3 95 496 236 63 32 99 0 74 304 379 101 59 24 83 
1 18 427 453 122 3 0 0 0 10 125 619 269 1 0 0 6 85 391 406 134 2 0 0 
0 0 313 508 197 6 0 0 0 2 69 578 342 33 0 0 0 23 367 340 254 40 0 0 
0 55 405 309 206 47 2 0 0 24 139 533 222 102 4 0 0 16 434 268 169 111 20 6 
0 9 370 309 129 149 10 48 0 22 52 454 234 202 10 50 8 30 301 202 195 201 43 44 
0 5 212 564 150 35 20 38 0 9 64 547 256 88 19 41 0 1 293 363 221 91 23 32 
0 0 310 551 144 19 0 0 0 0 15 699 257 53 0 0 0 0 531 288 150 55 0 0 
113 485 395 31 0 0 0 0 0 101 346 495 81 1 0 0 53 248 526 192 5 0 0 0 
93 595 315 20 1 0 0 0 0 95 435 450 43 1 0 0 39 326 473 181 5 0 0 0 
103 468 426 27 0 0 0 0 0 132 371 453 66 2 0 0 89 274 481 159 21 0 0 0 
0 11 752 228 32 1 0 0 0 0 6 882 117 19 0 0 0 5 788 188 36 7 0 0 
1 179 719 115 7 2 1 0 0 38 266 665 52 2 1 0 2 116 756 145 3 1 1 0 
16 259 668 81 0 0 0 0 0 84 426 493 21 0 0 0 41 254 661 68 0 0 0 0 
0 94 857 73 0 0 0 0 0 8 139 866 11 0 0 0 1 83 877 63 0 0 0 0 
0 123 814 87 0 0 0 0 0 0 70 950 4 0 0 0 0 24 977 23 0 0 0 0 
