0 0 0 0 12 1012 0 0 0 0 0 0 0 427 597 0 0 0 0 0 44 794 186 0 
0 0 0 0 0 1024 0 0 0 0 0 0 0 0 1024 0 0 0 0 0 0 785 239 0 
0 0 0 0 0 1024 0 0 0 0 0 0 0 0 1024 0 0 0 0 0 0 954 70 0 
0 0 0 0 0 1024 0 0 0 0 0 0 0 0 1024 0 0 0 0 0 0 1008 16 0 
0 0 0 0 0 1024 0 0 0 0 0 0 0 0 1024 0 0 0 0 0 0 992 32 0 
0 0 17 146 11 850 0 0 0 0 5 141 27 42 809 0 0 0 105 60 17 827 15 0 
0 0 0 1 4 1019 0 0 0 0 0 1 2 12 1009 0 0 0 0 1 4 1017 2 0 
0 0 0 0 0 1024 0 0 0 0 0 0 0 0 1024 0 0 0 0 0 0 1024 0 0 
0 0 0 0 0 1022 2 0 0 0 0 0 0 0 1024 0 0 0 0 0 0 1 1008 15 
0 0 0 0 0 1024 0 0 0 0 0 0 0 0 1024 0 0 0 0 0 0 0 1014 10 
0 0 0 0 0 1024 0 0 0 0 0 0 0 0 1024 0 0 0 0 0 0 13 1011 0 
0 0 0 0 0 1024 0 0 0 0 0 0 0 0 1024 0 0 0 0 0 0 57 967 0 
0 0 0 0 0 1024 0 0 0 0 0 0 0 0 1024 0 0 0 0 0 0 1 1023 0 
0 0 15 143 2 864 0 0 0 0 0 147 13 41 823 0 0 0 55 103 2 202 662 0 
0 0 0 0 0 1024 0 0 0 0 0 0 0 0 1024 0 0 0 0 0 0 182 842 0 
0 0 0 0 0 1024 0 0 0 0 0 0 0 0 1024 0 0 0 0 0 0 285 739 0 
0 0 0 0 49 975 0 0 0 0 0 0 0 879 145 0 0 0 0 0 0 788 232 4 
0 0 0 0 134 890 0 0 0 0 0 0 0 598 426 0 0 0 0 0 0 548 276 200 
0 0 0 0 23 1001 0 0 0 0 0 0 0 398 626 0 0 0 0 0 0 242 782 0 
0 0 0 0 0 1024 0 0 0 0 0 0 0 0 1024 0 0 0 0 0 0 0 1024 0 
0 0 0 0 0 1024 0 0 0 0 0 0 0 1 1023 0 0 0 0 0 0 0 1024 0 
0 0 20 145 28 831 0 0 0 0 2 144 45 51 782 0 0 0 31 115 45 25 808 0 
0 0 0 0 0 1024 0 0 0 0 0 0 0 0 1024 0 0 0 0 0 0 0 1024 0 
0 0 0 0 0 1024 0 0 0 0 0 0 0 0 1024 0 0 0 0 0 0 0 1024 0 
0 0 0 0 204 820 0 0 0 0 0 0 0 866 158 0 0 0 0 0 0 440 575 9 
0 0 0 0 644 380 0 0 0 0 0 0 0 1024 0 0 0 0 0 0 0 1012 12 0 
0 0 0 0 77 947 0 0 0 0 0 0 0 446 578 0 0 0 0 0 0 333 691 0 
0 0 0 0 0 1024 0 0 0 0 0 0 0 0 1024 0 0 0 0 0 0 0 1024 0 
0 0 0 0 0 1024 0 0 0 0 0 0 0 16 1008 0 0 0 0 0 0 0 1024 0 
0 0 309 163 66 486 0 0 0 0 156 282 76 89 421 0 0 0 228 205 81 36 474 0 
0 0 0 0 0 1024 0 0 0 0 0 0 0 0 1024 0 0 0 0 0 0 0 1024 0 
0 0 0 0 0 1024 0 0 0 0 0 0 0 0 1024 0 0 0 0 0 0 0 1024 0 
0 0 0 0 187 837 0 0 0 0 0 0 0 250 774 0 0 0 0 0 0 129 783 112 
0 0 0 0 450 574 0 0 0 0 0 0 0 791 233 0 0 0 0 0 0 123 893 8 
0 0 0 0 649 375 0 0 0 0 0 0 0 907 117 0 0 0 0 0 0 432 580 12 
0 0 0 0 394 630 0 0 0 0 0 0 0 596 428 0 0 0 0 0 0 222 802 0 
0 0 0 0 152 872 0 0 0 0 0 0 4 185 835 0 0 0 0 0 3 88 933 0 
0 0 293 222 124 385 0 0 0 0 240 250 50 154 330 0 0 0 204 274 43 106 397 0 
0 0 0 0 156 868 0 0 0 0 0 0 0 179 845 0 0 0 0 0 0 105 919 0 
0 0 0 0 125 899 0 0 0 0 0 0 0 138 886 0 0 0 0 0 0 113 911 0 
0 0 183 106 727 8 0 0 0 0 192 93 44 690 5 0 0 0 220 65 37 690 12 0 
0 0 0 0 688 336 0 0 0 0 0 0 4 622 398 0 0 0 0 0 3 462 339 220 
0 0 55 106 460 403 0 0 0 0 29 69 81 495 350 0 0 0 14 67 46 101 609 187 
0 0 0 0 840 184 0 0 0 0 0 0 0 959 65 0 0 0 0 0 0 327 696 1 
0 0 16 95 833 80 0 0 0 0 7 45 119 831 22 0 0 0 1 34 109 560 320 0 
0 0 307 284 402 31 0 0 0 0 341 219 74 390 0 0 0 0 310 223 66 303 122 0 
0 0 0 0 1004 20 0 0 0 0 0 0 39 985 0 0 0 0 0 0 1 935 88 0 
0 0 0 0 892 132 0 0 0 0 0 0 134 851 39 0 0 0 0 0 0 817 206 1 
0 0 598 426 0 0 0 0 0 0 792 232 0 0 0 0 0 0 923 101 0 0 0 0 
0 0 127 347 542 8 0 0 0 0 215 156 448 184 21 0 0 0 233 127 297 313 51 3 
0 0 0 322 666 36 0 0 0 0 0 198 541 244 41 0 0 0 0 176 450 224 174 0 
0 0 0 188 824 12 0 0 0 0 0 216 385 423 0 0 0 0 0 201 331 358 134 0 
0 0 19 229 768 8 0 0 0 0 3 104 446 471 0 0 0 0 0 77 318 492 137 0 
0 0 524 110 381 9 0 0 0 0 521 107 43 353 0 0 0 0 497 121 29 258 119 0 
0 0 0 5 946 73 0 0 0 0 0 1 149 874 0 0 0 0 0 0 24 809 191 0 
0 0 0 0 854 170 0 0 0 0 0 0 261 738 25 0 0 0 0 0 0 516 508 0 
0 0 708 268 48 0 0 0 0 0 653 232 133 6 0 0 0 0 661 174 125 64 0 0 
0 0 883 119 22 0 0 0 0 0 881 65 76 2 0 0 0 0 882 58 82 2 0 0 
0 0 655 365 4 0 0 0 0 0 643 336 45 0 0 0 0 0 683 282 59 0 0 0 
0 0 242 735 47 0 0 0 0 0 303 654 67 0 0 0 0 0 321 617 83 3 0 0 
0 0 562 436 26 0 0 0 0 0 587 392 33 12 0 0 0 0 589 381 30 21 3 0 
0 0 492 450 82 0 0 0 0 0 612 257 121 34 0 0 0 0 614 206 143 61 0 0 
0 0 585 125 314 0 0 0 0 0 582 78 267 97 0 0 0 0 576 71 148 229 0 0 
0 0 243 227 554 0 0 0 0 0 213 104 700 7 0 0 0 0 210 81 455 278 0 0 
