0 1024 0 0 0 0 0 0 0 0 987 37 0 0 0 0 0 0 0 0 239 785 0 0 
346 678 0 0 0 0 0 0 0 131 877 16 0 0 0 0 0 0 0 74 555 395 0 0 
1 1023 0 0 0 0 0 0 0 0 373 651 0 0 0 0 0 0 0 0 0 1020 4 0 
0 1024 0 0 0 0 0 0 0 0 0 997 27 0 0 0 0 0 0 0 0 429 587 8 
1 1022 1 0 0 0 0 0 0 0 0 746 254 24 0 0 0 0 0 0 0 4 908 112 
0 1024 0 0 0 0 0 0 0 0 0 891 133 0 0 0 0 0 0 0 0 2 980 42 
0 1024 0 0 0 0 0 0 0 0 0 1024 0 0 0 0 0 0 0 0 0 448 576 0 
0 1024 0 0 0 0 0 0 0 0 0 1024 0 0 0 0 0 0 0 0 0 1018 6 0 
248 776 0 0 0 0 0 0 190 28 434 372 0 0 0 0 182 2 10 17 78 735 0 0 
302 722 0 0 0 0 0 0 72 161 180 611 0 0 0 0 70 0 29 86 126 700 13 0 
134 890 0 0 0 0 0 0 13 47 129 665 168 2 0 0 0 13 7 41 7 571 268 117 
238 786 0 0 0 0 0 0 1 158 83 280 293 209 0 0 0 0 55 71 62 63 364 409 
61 962 1 0 0 0 0 0 0 10 19 155 334 506 0 0 0 0 0 5 9 14 288 708 
16 1003 5 0 0 0 0 0 0 0 0 366 252 367 39 0 0 0 0 0 0 0 477 547 
22 1002 0 0 0 0 0 0 0 0 0 818 80 126 0 0 0 0 0 0 0 0 849 175 
55 969 0 0 0 0 0 0 0 0 13 974 37 0 0 0 0 0 0 0 0 555 445 24 
353 671 0 0 0 0 0 0 288 21 706 9 0 0 0 0 288 0 0 12 129 595 0 0 
292 732 0 0 0 0 0 0 198 32 673 121 0 0 0 0 163 32 32 2 11 784 0 0 
426 598 0 0 0 0 0 0 156 62 354 350 102 0 0 0 99 44 28 42 43 453 249 66 
894 130 0 0 0 0 0 0 520 268 75 136 21 4 0 0 5 402 258 96 42 44 156 21 
425 491 41 5 5 7 5 45 284 79 33 27 102 279 138 82 0 0 241 102 28 28 37 588 
313 410 68 10 2 10 16 195 63 107 120 61 54 141 224 254 0 0 36 51 96 90 99 652 
622 402 0 0 0 0 0 0 138 211 178 173 171 153 0 0 0 92 82 106 99 134 240 271 
538 486 0 0 0 0 0 0 123 134 171 233 293 70 0 0 72 33 80 36 68 137 313 285 
830 194 0 0 0 0 0 0 459 186 378 1 0 0 0 0 391 63 58 66 392 52 2 0 
874 150 0 0 0 0 0 0 421 185 403 15 0 0 0 0 362 52 38 76 246 228 22 0 
927 97 0 0 0 0 0 0 280 96 648 0 0 0 0 0 232 42 20 25 180 525 0 0 
967 57 0 0 0 0 0 0 818 14 188 4 0 0 0 0 141 656 25 5 12 148 37 0 
864 158 1 0 0 1 0 0 494 15 120 260 109 20 5 1 0 317 174 13 8 34 390 88 
822 173 5 5 0 3 6 10 382 11 134 281 121 50 25 20 0 219 156 14 9 23 417 186 
945 79 0 0 0 0 0 0 737 25 145 85 31 1 0 0 170 539 31 7 13 115 117 32 
975 49 0 0 0 0 0 0 822 15 151 19 13 4 0 0 807 13 9 6 13 130 34 12 
1016 8 0 0 0 0 0 0 1006 17 1 0 0 0 0 0 977 29 10 7 1 0 0 0 
1000 24 0 0 0 0 0 0 876 112 26 10 0 0 0 0 813 58 38 24 55 20 16 0 
1008 16 0 0 0 0 0 0 470 543 11 0 0 0 0 0 408 24 61 131 393 7 0 0 
1019 5 0 0 0 0 0 0 1016 5 3 0 0 0 0 0 957 59 2 1 3 2 0 0 
1020 4 0 0 0 0 0 0 817 70 137 0 0 0 0 0 398 410 15 21 36 141 3 0 
1018 6 0 0 0 0 0 0 678 128 218 0 0 0 0 0 249 421 18 13 85 232 6 0 
1022 2 0 0 0 0 0 0 993 17 14 0 0 0 0 0 930 60 4 3 12 15 0 0 
1020 4 0 0 0 0 0 0 1012 6 6 0 0 0 0 0 1006 6 3 2 2 5 0 0 
940 84 0 0 0 0 0 0 928 95 1 0 0 0 0 0 900 37 87 0 0 0 0 0 
935 89 0 0 0 0 0 0 916 96 12 0 0 0 0 0 896 33 68 27 0 0 0 0 
945 79 0 0 0 0 0 0 896 47 81 0 0 0 0 0 896 6 29 67 26 0 0 0 
997 27 0 0 0 0 0 0 939 55 30 0 0 0 0 0 922 14 26 39 23 0 0 0 
1008 12 0 2 2 0 0 0 960 37 17 4 1 2 2 1 938 22 11 28 6 8 6 5 
1003 6 2 1 6 4 2 0 974 20 15 0 0 1 5 9 939 31 7 7 21 4 0 15 
1024 0 0 0 0 0 0 0 991 29 4 0 0 0 0 0 960 30 4 22 8 0 0 0 
1024 0 0 0 0 0 0 0 993 31 0 0 0 0 0 0 974 24 13 13 0 0 0 0 
194 830 0 0 0 0 0 0 0 598 426 0 0 0 0 0 0 36 495 487 6 0 0 0 
172 852 0 0 0 0 0 0 2 454 568 0 0 0 0 0 0 19 329 657 19 0 0 0 
119 905 0 0 0 0 0 0 8 237 779 0 0 0 0 0 0 30 163 466 362 3 0 0 
158 866 0 0 0 0 0 0 2 251 771 0 0 0 0 0 0 5 184 488 343 4 0 0 
165 629 105 65 35 20 5 0 1 102 537 81 57 77 80 89 0 0 49 165 328 132 101 249 
113 449 137 90 76 81 62 16 0 38 313 90 82 111 123 267 0 0 12 92 188 106 142 484 
183 839 2 0 0 0 0 0 0 224 798 2 0 0 0 0 0 8 122 425 462 7 0 0 
228 796 0 0 0 0 0 0 2 422 600 0 0 0 0 0 0 3 250 599 172 0 0 0 
546 478 0 0 0 0 0 0 12 540 472 0 0 0 0 0 0 3 172 849 0 0 0 0 
527 497 0 0 0 0 0 0 3 430 591 0 0 0 0 0 0 1 82 857 84 0 0 0 
240 784 0 0 0 0 0 0 1 54 969 0 0 0 0 0 0 0 5 344 664 11 0 0 
432 592 0 0 0 0 0 0 3 196 825 0 0 0 0 0 0 0 18 362 627 17 0 0 
369 417 50 39 56 23 50 20 0 49 557 126 37 35 54 166 0 0 0 92 302 247 121 262 
191 333 92 81 83 88 88 68 0 21 343 60 35 66 118 381 0 0 0 27 249 112 88 548 
503 521 0 0 0 0 0 0 0 51 973 0 0 0 0 0 0 0 0 108 848 68 0 0 
560 464 0 0 0 0 0 0 0 257 767 0 0 0 0 0 0 0 35 478 503 8 0 0 
