0 0 0 0 0 0 1024 0 0 0 0 0 0 827 197 0 0 0 0 0 1024 0 0 0 
0 0 0 0 0 0 1024 0 0 0 0 0 0 1020 4 0 0 0 0 0 1024 0 0 0 
0 0 0 0 0 0 1024 0 0 0 0 0 0 1024 0 0 0 0 0 0 1024 0 0 0 
0 0 0 0 0 0 1024 0 0 0 0 0 0 1024 0 0 0 0 0 0 1024 0 0 0 
0 0 0 0 0 0 1024 0 0 0 0 0 0 1024 0 0 0 0 0 0 1024 0 0 0 
0 8 34 38 91 115 738 0 0 12 43 54 98 815 2 0 11 44 82 83 804 0 0 0 
1 39 125 229 226 248 156 0 1 44 159 235 240 344 1 0 32 155 262 237 338 0 0 0 
0 0 17 59 108 154 686 0 0 1 29 69 137 786 2 0 1 26 86 150 760 1 0 0 
0 0 0 0 0 46 978 0 0 0 0 0 26 791 207 0 0 0 0 51 973 0 0 0 
0 0 0 0 0 55 969 0 0 0 0 0 18 834 172 0 0 0 0 51 973 0 0 0 
0 0 0 2 17 55 950 0 0 0 0 7 39 821 157 0 0 0 14 66 944 0 0 0 
0 1 14 26 33 116 822 12 0 2 13 30 61 805 109 4 0 13 32 133 792 49 5 0 
0 3 28 32 46 86 825 4 0 3 30 34 50 772 133 2 2 28 32 115 833 14 0 0 
0 46 96 74 89 193 526 0 0 68 97 76 125 552 106 0 70 89 84 220 561 0 0 0 
4 76 195 193 191 181 184 0 4 101 198 207 203 299 12 0 92 214 215 211 292 0 0 0 
23 69 70 90 123 114 535 0 7 88 71 120 120 537 81 0 74 73 138 132 607 0 0 0 
0 0 0 0 0 33 991 0 0 0 0 0 0 103 921 0 0 0 0 53 971 0 0 0 
0 0 0 0 0 43 936 45 0 0 0 0 0 112 912 0 0 0 0 62 962 0 0 0 
0 0 0 0 0 26 565 433 0 0 0 0 0 84 940 0 0 0 0 52 972 0 0 0 
0 0 0 0 2 7 473 542 0 0 0 0 4 126 894 0 0 0 3 51 970 0 0 0 
0 0 0 0 1 28 316 679 0 0 0 1 18 128 877 0 0 0 1 75 948 0 0 0 
0 15 35 19 36 44 356 519 0 31 24 26 52 122 769 0 35 24 29 65 871 0 0 0 
0 31 142 177 147 150 328 49 0 67 166 180 135 266 210 0 67 175 199 139 444 0 0 0 
0 2 4 51 58 52 657 200 0 2 12 76 49 356 529 0 2 12 80 56 874 0 0 0 
0 0 0 0 0 0 1024 0 0 0 0 0 0 729 295 0 0 0 0 0 1024 0 0 0 
0 0 0 0 0 0 1020 4 0 0 0 0 0 832 192 0 0 0 0 0 1024 0 0 0 
0 0 0 0 0 0 967 57 0 0 0 0 0 871 153 0 0 0 0 0 1024 0 0 0 
0 0 0 0 0 0 889 135 0 0 0 0 0 942 82 0 0 0 0 0 1024 0 0 0 
0 1 14 90 130 123 531 135 0 2 39 142 121 656 64 0 3 41 150 135 687 8 0 0 
0 38 57 82 111 147 524 65 3 58 64 108 130 642 19 0 57 65 123 151 618 10 0 0 
2 94 195 222 159 128 214 10 10 112 238 225 138 299 2 0 88 243 250 167 276 0 0 0 
1 4 52 110 151 201 498 7 1 10 79 138 213 583 0 0 10 66 180 232 536 0 0 0 
0 0 0 0 60 395 569 0 0 0 0 57 403 564 0 0 0 0 106 566 352 0 0 0 
0 0 0 0 57 439 528 0 0 0 0 53 466 505 0 0 0 0 102 582 340 0 0 0 
0 0 2 22 128 384 488 0 0 0 9 81 486 448 0 0 0 9 124 546 345 0 0 0 
0 0 28 166 279 213 314 24 0 4 63 282 315 301 52 7 0 56 280 330 301 52 5 0 
0 28 234 318 301 90 52 1 0 43 273 367 212 122 6 1 10 185 335 290 159 43 2 0 
1 104 154 276 322 142 25 0 2 121 144 278 324 152 3 0 87 113 183 363 236 41 1 0 
8 116 230 220 259 138 53 0 19 139 238 279 248 101 0 0 114 234 239 321 115 1 0 0 
19 64 121 334 221 227 38 0 27 67 188 310 321 95 16 0 74 169 305 358 87 26 5 0 
0 0 1 257 705 53 6 2 0 0 9 559 410 38 7 1 0 2 132 779 98 10 3 0 
0 0 0 128 836 58 2 0 0 0 0 407 592 23 2 0 0 0 56 762 195 11 0 0 
0 0 52 405 541 26 0 0 0 2 118 419 441 43 1 0 0 50 242 488 234 10 0 0 
0 1 28 327 561 105 2 0 0 1 41 371 427 173 11 0 0 8 125 459 309 120 3 0 
0 74 413 341 134 46 10 6 0 120 458 263 118 49 10 6 33 389 318 157 85 33 8 1 
3 79 147 237 330 155 54 19 1 91 164 202 273 216 52 25 39 153 161 216 253 158 38 6 
11 137 293 398 162 23 0 0 21 150 333 354 128 37 1 0 78 279 396 181 73 17 0 0 
7 43 314 507 117 36 0 0 8 77 383 390 118 36 12 0 40 232 460 201 65 21 5 0 
0 0 8 188 406 326 88 8 0 0 10 159 380 360 81 34 0 0 53 226 520 148 75 2 
0 0 0 300 410 196 118 0 0 0 1 275 395 210 94 49 0 0 66 340 359 141 118 0 
0 0 27 192 291 208 274 32 0 1 72 167 226 211 266 81 0 47 124 164 224 190 267 8 
0 23 116 275 253 156 187 14 0 24 149 240 168 218 161 64 1 87 223 155 168 189 194 7 
6 137 400 216 131 98 35 1 1 105 321 267 144 109 61 16 10 185 334 216 118 105 45 11 
12 104 249 315 210 95 39 0 4 82 197 324 207 146 43 21 20 129 253 279 179 111 43 10 
10 173 276 260 156 98 51 0 9 144 268 249 166 102 70 16 48 247 222 225 122 96 58 6 
37 155 328 241 103 123 37 0 14 162 314 225 90 94 119 6 58 279 251 144 90 88 113 1 
0 0 90 268 308 106 81 171 0 0 115 186 326 125 74 198 0 16 148 240 284 88 116 132 
0 0 119 338 251 82 64 170 0 0 158 289 246 91 64 176 0 8 246 310 173 76 88 123 
0 1 133 266 288 214 64 58 0 11 126 217 170 365 46 89 0 15 74 190 228 379 68 70 
0 67 138 171 321 162 111 54 0 43 136 136 181 335 113 80 0 66 127 135 181 358 103 54 
9 241 432 221 109 12 0 0 0 66 347 346 188 75 2 0 8 102 381 310 176 46 1 0 
16 153 327 342 127 59 0 0 0 63 287 269 245 145 15 0 1 124 310 216 228 134 11 0 
55 128 152 259 203 154 18 55 29 114 164 207 169 250 34 57 59 156 159 206 132 231 25 56 
14 70 80 172 295 263 97 33 2 53 83 140 167 408 103 68 8 66 74 155 177 392 101 51 
