0 0 0 0 247 741 36 0 0 0 0 0 608 414 2 0 0 0 0 0 724 300 0 0 
0 0 0 0 489 523 12 0 0 0 0 2 603 419 0 0 0 0 0 5 789 230 0 0 
0 0 0 5 135 546 334 4 0 0 0 18 189 706 111 0 0 0 0 25 258 659 82 0 
44 120 259 78 58 131 60 274 60 98 262 75 81 191 39 218 65 97 242 111 116 148 49 196 
0 0 0 0 0 0 16 1008 0 0 0 0 0 444 91 489 0 0 0 212 273 36 36 467 
0 0 0 0 0 0 0 1024 0 0 0 0 0 751 273 0 0 0 0 509 515 0 0 0 
0 0 0 0 0 0 0 1024 0 0 0 0 0 832 192 0 0 0 0 492 532 0 0 0 
0 0 0 0 0 0 12 1012 0 0 0 0 0 886 138 0 0 0 0 609 415 0 0 0 
0 0 0 0 198 468 195 163 0 0 0 0 384 408 232 0 0 0 0 0 622 402 0 0 
0 0 0 0 351 239 63 371 0 0 0 0 446 205 373 0 0 0 0 0 574 450 0 0 
0 0 0 0 333 340 67 284 0 0 0 0 549 190 285 0 0 0 0 12 720 292 0 0 
19 91 255 239 167 124 110 19 23 90 233 206 237 129 103 3 33 91 214 199 272 127 87 1 
0 0 0 0 78 81 87 778 0 0 0 0 82 79 117 746 0 0 0 0 82 84 155 703 
0 0 0 0 0 0 1 1023 0 0 0 0 0 3 845 176 0 0 0 0 702 137 45 140 
0 0 0 0 0 0 0 1024 0 0 0 0 0 0 1024 0 0 0 0 0 861 163 0 0 
0 0 0 0 0 0 0 1024 0 0 0 0 0 13 1011 0 0 0 0 0 897 127 0 0 
0 0 0 0 0 0 25 999 0 0 0 0 0 0 1024 0 0 0 0 0 0 1024 0 0 
0 0 0 0 0 0 0 1024 0 0 0 0 0 0 1024 0 0 0 0 0 0 1024 0 0 
0 2 3 2 4 10 30 973 1 2 4 3 6 25 883 100 3 4 3 8 37 963 6 0 
115 237 156 111 104 75 51 175 154 178 171 103 106 108 134 70 201 152 176 108 132 177 78 0 
0 0 0 0 0 46 68 910 0 0 0 0 8 73 278 665 0 0 0 0 51 644 279 50 
2 38 73 14 9 4 88 796 2 48 66 17 5 19 381 486 12 75 39 11 7 378 393 109 
0 0 0 0 0 0 0 1024 0 0 0 0 0 0 502 522 0 0 0 0 0 590 434 0 
0 0 0 0 0 0 0 1024 0 0 0 0 0 0 586 438 0 0 0 0 0 692 332 0 
0 0 0 0 0 0 197 827 0 0 0 0 0 3 851 170 0 0 0 0 0 338 535 151 
0 0 0 0 0 0 166 858 0 0 0 0 0 0 1000 24 0 0 0 0 0 260 764 0 
0 1 2 0 2 14 100 905 0 1 2 0 4 18 811 188 1 1 1 2 14 153 852 0 
3 166 277 108 122 45 60 243 24 142 239 119 133 67 199 101 44 133 215 135 104 119 274 0 
0 0 0 0 0 0 23 1001 0 0 0 0 0 0 691 333 0 0 0 0 0 0 1024 0 
0 111 231 10 32 13 21 606 0 91 245 16 32 14 310 316 0 172 175 37 0 32 608 0 
0 0 0 0 0 0 15 1009 0 0 0 0 0 0 365 659 0 0 0 0 0 0 1024 0 
0 0 0 0 0 0 9 1015 0 0 0 0 0 0 292 732 0 0 0 0 0 0 1024 0 
0 0 0 20 36 69 174 725 0 0 0 11 24 114 173 702 0 0 2 22 64 125 137 674 
0 0 0 207 172 149 453 43 0 0 0 46 125 317 354 182 0 0 0 77 320 174 192 261 
0 0 2 240 196 144 388 54 0 0 0 38 123 377 212 274 0 0 0 53 333 224 115 299 
30 149 139 255 283 122 42 4 8 99 153 139 227 323 66 9 22 99 142 136 232 286 98 9 
6 12 30 347 421 147 61 0 2 8 12 23 173 739 67 0 2 8 17 23 240 647 87 0 
55 189 172 213 207 164 24 0 45 148 181 77 89 406 78 0 44 157 179 87 146 322 89 0 
0 0 51 293 305 331 44 0 0 0 6 49 162 595 212 0 0 0 0 58 239 509 218 0 
0 0 94 456 331 105 38 0 0 0 73 86 208 576 77 4 0 0 29 136 277 557 21 4 
0 2 1 3 4 2 10 1002 0 2 1 4 3 2 10 1002 0 2 1 4 3 2 10 1002 
0 0 2 559 76 34 91 262 0 0 0 129 500 44 120 231 0 0 0 1 487 205 136 195 
0 9 69 851 95 0 0 0 0 1 36 87 870 30 0 0 0 1 13 67 486 457 0 0 
41 98 188 241 355 97 4 0 23 85 140 170 363 199 44 0 20 75 124 161 168 361 104 11 
0 0 1 171 852 0 0 0 0 0 0 10 760 254 0 0 0 0 0 3 46 968 7 0 
0 144 213 54 496 117 0 0 0 93 212 82 54 577 6 0 0 76 205 105 31 426 181 0 
0 0 2 35 175 811 1 0 0 0 0 9 40 565 410 0 0 0 1 4 43 83 892 1 
0 4 80 476 261 185 18 0 0 0 8 69 349 423 172 3 0 0 8 91 337 363 192 33 
503 137 21 20 19 28 40 256 549 94 23 15 22 27 45 249 591 55 23 13 29 24 46 243 
230 129 122 157 22 43 167 154 241 99 59 196 71 57 178 123 277 50 63 52 226 105 167 84 
222 241 165 396 0 0 0 0 288 157 71 299 209 0 0 0 329 111 53 110 418 3 0 0 
99 328 457 84 46 7 3 0 70 265 534 43 80 27 4 1 96 265 499 42 64 52 4 2 
17 52 384 144 383 43 1 0 7 35 341 130 191 304 16 0 3 32 316 129 112 357 74 1 
75 239 330 201 73 106 0 0 40 210 287 137 164 120 66 0 69 173 258 164 181 52 125 2 
65 176 163 371 96 149 4 0 34 141 84 142 303 203 117 0 54 124 62 117 258 235 156 18 
0 36 116 227 228 230 100 87 0 7 54 183 162 262 220 136 0 5 23 141 168 246 166 275 
504 170 51 31 100 166 2 0 497 160 61 31 27 217 31 0 540 120 58 27 27 186 66 0 
527 306 99 23 53 14 2 0 508 273 139 28 27 43 6 0 550 228 145 24 23 47 7 0 
525 296 179 24 0 0 0 0 508 263 207 45 1 0 0 0 547 242 191 44 0 0 0 0 
207 496 308 13 0 0 0 0 138 486 372 27 1 0 0 0 179 437 378 30 0 0 0 0 
463 310 240 11 0 0 0 0 402 317 272 33 0 0 0 0 431 291 271 30 1 0 0 0 
250 511 181 50 16 15 1 0 226 473 219 50 36 17 3 0 230 468 212 45 42 16 11 0 
488 342 96 56 21 21 0 0 484 304 108 72 25 23 8 0 522 256 103 63 43 13 24 0 
61 439 296 104 105 19 0 0 31 381 331 120 110 50 1 0 33 364 324 113 111 60 19 0 
