0 0 0 0 0 0 0 1024 0 0 0 0 0 0 0 1024 0 0 0 0 0 0 0 1024 
31 75 21 42 71 154 178 452 7 93 31 18 38 134 200 503 0 0 0 0 0 53 232 739 
4 1 125 361 81 34 2 416 3 1 55 310 188 50 1 416 3 1 21 208 276 64 35 416 
0 0 0 0 0 0 0 1024 0 0 0 0 0 0 0 1024 0 0 0 0 0 0 0 1024 
0 0 0 3 35 123 199 664 0 0 0 0 2 54 171 797 0 0 0 0 0 3 68 953 
0 1 65 492 249 69 7 141 0 0 32 293 388 140 32 139 0 0 15 130 473 154 98 154 
0 0 0 1 1 8 11 1003 0 0 0 2 0 12 10 1000 0 0 0 1 1 6 11 1005 
0 0 0 0 6 14 11 993 0 0 0 1 4 14 14 991 0 0 0 0 5 10 16 993 
0 0 0 1 1 3 2 1017 0 0 0 1 1 3 2 1017 0 0 0 0 0 3 5 1016 
0 1 27 86 165 184 182 379 0 2 30 107 86 153 179 467 0 2 66 95 40 76 156 589 
0 2 150 407 102 19 27 317 0 1 30 393 244 24 17 315 0 2 26 147 423 86 27 313 
0 0 0 0 0 0 0 1024 0 0 0 0 0 0 0 1024 0 0 0 0 0 0 0 1024 
0 0 0 0 10 129 198 687 0 0 0 0 0 28 167 829 0 0 0 0 0 0 43 981 
6 47 48 489 359 62 2 11 5 49 43 221 554 119 24 9 13 47 41 79 517 225 86 16 
28 115 89 92 46 35 174 445 25 121 95 93 46 29 30 585 37 119 89 89 35 30 26 599 
0 0 2 5 29 39 58 891 0 1 1 7 39 27 59 890 0 1 0 6 33 29 52 903 
2 32 145 158 98 84 66 439 0 27 147 157 111 74 76 432 0 29 138 171 98 78 62 448 
0 0 12 96 162 171 191 392 0 0 10 106 96 148 190 474 0 0 39 100 51 87 146 601 
1 20 193 413 147 48 39 163 0 15 58 381 276 80 50 164 0 13 47 128 418 175 59 184 
2 30 45 49 80 94 109 615 0 18 58 40 72 98 140 598 0 19 46 38 60 74 152 635 
0 0 0 4 42 172 219 587 0 0 0 0 6 68 219 731 0 0 0 0 1 8 97 918 
9 37 45 460 327 51 15 80 6 34 31 147 568 128 18 92 7 29 31 40 423 316 72 106 
12 62 65 36 180 124 130 415 4 62 58 43 31 187 161 478 6 39 66 43 27 41 203 599 
0 8 56 79 175 174 94 438 0 6 43 68 139 195 130 443 0 2 29 46 110 158 178 501 
174 286 144 136 101 50 74 59 62 148 261 174 100 72 110 97 90 73 127 108 162 180 80 204 
70 132 168 168 123 124 147 92 35 122 145 180 122 105 142 173 10 48 144 172 117 120 112 301 
33 105 222 286 265 104 8 1 19 62 170 273 290 181 25 4 9 28 94 222 266 262 126 17 
6 101 194 215 180 137 96 95 6 64 195 214 212 110 92 131 6 38 167 218 199 117 69 210 
0 5 10 43 92 200 247 427 0 0 16 39 64 123 243 539 0 1 27 11 49 60 154 722 
0 5 31 299 524 120 34 11 0 1 21 120 608 206 55 13 0 3 35 39 276 523 106 42 
0 1 12 54 468 177 52 260 0 0 5 11 157 478 97 276 0 0 1 5 47 229 366 376 
10 62 75 115 196 220 181 165 4 47 77 78 140 178 291 209 1 34 66 66 103 141 203 410 
187 250 225 196 99 47 19 1 49 122 363 214 153 74 44 5 55 87 220 182 216 125 65 74 
28 123 130 118 100 151 167 207 5 83 134 127 96 105 131 343 5 66 99 110 108 94 114 428 
32 72 126 135 143 85 95 336 3 62 83 176 115 122 82 381 2 31 56 118 163 114 117 423 
13 71 104 157 140 95 83 361 7 53 95 159 136 103 85 386 5 43 86 117 132 84 110 447 
8 56 133 216 162 160 141 148 5 41 124 196 147 148 121 242 4 28 129 135 138 111 150 329 
45 132 292 291 146 100 16 2 23 131 272 344 143 59 48 4 21 129 257 280 189 71 35 42 
9 40 132 181 185 203 93 181 4 46 148 144 144 172 160 206 6 37 141 135 98 122 176 309 
2 29 63 113 174 170 238 235 1 20 71 146 145 105 283 253 1 16 65 144 134 108 123 433 
124 221 173 177 165 108 30 26 131 204 189 173 166 107 31 23 201 167 160 143 175 126 38 14 
75 183 233 191 131 153 31 27 76 209 194 177 133 114 82 39 149 201 170 144 110 91 69 90 
14 44 147 260 167 295 68 29 13 23 49 140 207 183 238 171 15 24 50 99 124 174 163 375 
15 44 102 613 86 75 48 41 5 34 65 62 157 614 50 37 3 29 47 73 78 197 561 36 
96 41 83 596 136 34 18 20 90 31 23 35 203 579 36 27 90 23 22 15 38 235 553 48 
113 131 196 173 210 179 22 0 85 112 151 159 160 288 50 19 65 111 115 90 160 167 267 49 
51 137 237 235 106 90 118 50 35 113 156 200 204 74 95 147 36 105 104 118 197 148 84 232 
6 70 162 186 208 196 128 68 5 45 114 189 187 203 163 118 5 38 87 133 200 177 165 219 
211 248 152 147 84 55 55 72 180 265 156 157 95 50 59 62 189 249 148 171 93 51 64 59 
48 80 90 137 286 181 123 79 49 72 82 116 269 203 147 86 75 59 71 92 233 206 163 125 
166 245 233 146 49 23 18 144 215 280 209 86 50 20 19 145 354 267 122 70 33 16 23 139 
277 250 252 155 70 12 6 2 328 316 232 98 35 10 2 3 461 311 139 65 36 5 4 3 
80 148 204 179 137 107 96 73 78 149 172 169 165 119 91 81 75 119 176 146 149 142 103 114 
59 113 140 188 170 134 103 117 35 82 126 166 188 160 132 135 35 56 91 148 194 173 143 184 
13 32 55 59 100 174 241 350 4 19 37 41 67 95 208 553 1 7 17 39 34 74 132 720 
13 35 42 48 63 109 267 447 1 24 28 35 53 49 123 711 0 11 23 30 26 54 59 821 
153 231 150 126 110 104 94 56 91 238 185 148 125 107 91 39 90 199 184 150 150 102 102 47 
86 249 193 138 122 94 79 63 57 204 232 129 135 127 98 42 57 150 230 162 134 132 113 46 
41 30 15 34 65 118 129 592 35 32 11 19 47 105 110 665 36 27 14 12 27 68 129 711 
117 257 227 98 56 23 35 211 72 236 244 121 76 28 14 233 89 233 212 124 76 40 14 236 
59 184 151 176 198 129 86 41 23 144 205 173 191 124 100 64 16 131 170 192 143 143 106 123 
14 59 121 179 201 189 138 123 1 48 135 177 210 173 154 126 0 40 126 188 158 160 149 203 
8 32 137 224 221 138 136 128 5 21 80 213 237 172 132 164 3 23 54 159 208 191 142 244 
0 23 113 192 244 155 95 202 0 1 20 114 176 178 218 317 0 0 2 40 104 156 160 562 
