0 0 0 0 0 1024 0 0 0 0 0 0 0 1024 0 0 0 0 0 0 1024 0 0 0 
0 0 0 0 0 1024 0 0 0 0 0 0 0 1024 0 0 0 0 0 0 1024 0 0 0 
0 0 0 0 0 1024 0 0 0 0 0 0 0 1024 0 0 0 0 0 0 1024 0 0 0 
0 0 0 0 0 1024 0 0 0 0 0 0 0 1024 0 0 0 0 0 0 1024 0 0 0 
0 0 0 0 0 1024 0 0 0 0 0 0 0 1024 0 0 0 0 0 0 1024 0 0 0 
0 0 0 0 0 1024 0 0 0 0 0 0 0 1024 0 0 0 0 0 0 1024 0 0 0 
0 0 0 0 0 1024 0 0 0 0 0 0 0 1024 0 0 0 0 0 0 1024 0 0 0 
0 0 0 0 0 1024 0 0 0 0 0 0 0 1024 0 0 0 0 0 0 1024 0 0 0 
0 0 0 0 0 1024 0 0 0 0 0 0 0 1024 0 0 0 0 0 0 1024 0 0 0 
0 0 0 0 0 1024 0 0 0 0 0 0 0 1024 0 0 0 0 0 0 1024 0 0 0 
0 0 0 0 0 1023 1 0 0 0 0 0 0 1024 0 0 0 0 0 0 1024 0 0 0 
0 0 0 0 0 1024 0 0 0 0 0 0 0 1024 0 0 0 0 0 0 1024 0 0 0 
0 0 0 0 0 1016 8 0 0 0 0 0 0 1024 0 0 0 0 0 0 1024 0 0 0 
0 0 0 0 0 972 52 0 0 0 0 0 0 1024 0 0 0 0 0 0 1024 0 0 0 
0 0 0 0 0 1024 0 0 0 0 0 0 0 1024 0 0 0 0 0 0 1024 0 0 0 
0 0 0 0 0 1024 0 0 0 0 0 0 0 1024 0 0 0 0 0 0 1024 0 0 0 
0 0 0 0 0 1024 0 0 0 0 0 0 0 1024 0 0 0 0 0 0 1024 0 0 0 
0 0 0 0 0 1024 0 0 0 0 0 0 0 1024 0 0 0 0 0 81 943 0 0 0 
0 0 0 0 0 1024 0 0 0 0 0 0 0 1024 0 0 0 0 0 0 1024 0 0 0 
0 0 0 0 0 1024 0 0 0 0 0 0 0 1024 0 0 0 0 0 19 1005 0 0 0 
0 0 0 0 0 1011 13 0 0 0 0 0 0 1024 0 0 0 0 0 25 993 6 0 0 
0 0 0 0 0 1024 0 0 0 0 0 0 0 1024 0 0 0 0 0 3 1021 0 0 0 
0 0 0 0 0 1024 0 0 0 0 0 0 0 1024 0 0 0 0 0 0 1024 0 0 0 
0 0 0 0 0 1024 0 0 0 0 0 0 0 1024 0 0 0 0 0 0 1024 0 0 0 
0 0 0 0 34 990 0 0 0 0 0 0 323 701 0 0 0 0 24 568 432 0 0 0 
0 0 0 0 0 969 55 0 0 0 0 0 179 821 24 0 0 0 0 431 537 56 0 0 
0 0 0 0 3 1020 1 0 0 0 0 0 267 757 0 0 0 0 2 572 450 0 0 0 
0 0 0 0 0 1018 6 0 0 0 0 0 287 737 0 0 0 0 0 600 424 0 0 0 
0 0 0 0 268 525 231 0 0 0 0 141 178 578 127 0 0 0 137 192 418 277 0 0 
0 0 0 0 1 1017 6 0 0 0 0 1 243 780 0 0 0 0 7 478 539 0 0 0 
0 0 0 0 214 810 0 0 0 0 0 123 207 694 0 0 0 0 132 245 607 40 0 0 
0 0 0 0 0 1024 0 0 0 0 0 0 238 786 0 0 0 0 0 450 574 0 0 0 
0 0 0 0 743 274 4 3 0 0 0 177 789 52 2 4 0 0 426 531 60 2 4 1 
0 0 0 0 545 436 36 7 0 0 0 122 715 120 35 32 0 0 219 582 100 78 33 12 
0 0 0 5 363 521 125 10 0 0 0 178 432 167 160 87 0 0 284 301 77 244 41 77 
0 0 0 11 556 436 16 5 0 0 0 445 538 23 13 5 0 38 573 364 24 19 6 0 
0 0 0 0 444 576 4 0 0 0 0 152 465 402 5 0 0 0 126 282 408 208 0 0 
0 0 0 0 480 544 0 0 0 0 0 219 770 35 0 0 0 0 476 492 37 19 0 0 
0 0 0 0 662 362 0 0 0 0 0 260 478 286 0 0 0 0 366 250 217 191 0 0 
0 0 0 0 616 408 0 0 0 0 0 451 571 2 0 0 0 11 781 230 2 0 0 0 
0 0 0 170 669 163 21 1 0 0 22 399 436 148 17 2 0 55 327 436 178 22 6 0 
0 0 0 158 637 200 29 0 0 0 13 527 299 147 24 14 0 96 422 307 137 43 19 0 
0 0 0 20 495 502 7 0 0 0 0 126 475 382 41 0 0 1 220 341 264 198 0 0 
0 0 0 104 618 260 41 1 0 0 10 518 297 151 46 2 0 97 426 254 171 42 32 2 
0 0 0 101 753 150 18 2 0 0 13 579 357 61 12 2 0 44 442 376 126 30 5 1 
0 0 0 51 604 350 19 0 0 0 0 446 439 126 11 2 0 8 414 449 108 36 9 0 
0 0 0 36 863 111 14 0 0 0 0 548 379 81 16 0 0 5 506 325 148 32 8 0 
0 0 0 115 751 151 5 2 0 0 52 630 255 82 4 1 0 75 647 215 68 17 2 0 
0 0 0 342 331 299 50 2 0 0 71 392 213 282 66 0 0 90 297 207 286 144 0 0 
0 0 22 446 271 179 57 49 0 0 220 328 176 159 70 71 78 183 159 224 162 126 35 57 
0 0 15 436 320 164 39 50 0 0 200 339 220 166 41 58 32 194 216 213 180 106 25 58 
0 0 0 572 220 136 85 11 0 0 182 469 165 91 102 15 0 165 349 226 135 129 13 7 
0 0 0 566 184 165 77 32 0 0 51 564 152 88 134 35 0 35 311 332 129 162 28 27 
0 0 0 489 312 145 63 15 0 0 32 547 221 126 80 18 0 0 286 432 157 93 53 3 
0 0 0 397 282 127 169 49 0 0 0 318 305 115 134 152 0 0 156 276 263 118 131 80 
0 0 2 511 313 88 45 65 0 0 31 522 278 58 62 73 0 11 309 355 178 90 17 64 
0 99 584 311 21 5 4 0 1 128 584 276 25 4 6 0 59 251 467 220 17 5 5 0 
0 60 576 323 49 8 8 0 16 139 517 275 56 13 7 1 98 301 413 112 58 35 7 0 
0 16 335 438 229 6 0 0 0 63 387 301 222 46 5 0 22 106 392 334 57 60 34 19 
0 75 616 305 28 0 0 0 2 175 592 220 12 16 7 0 68 265 519 135 12 2 9 14 
0 21 431 393 80 22 24 53 1 187 416 252 73 22 23 50 137 247 299 218 36 21 16 50 
0 43 465 372 42 24 17 61 0 82 611 191 41 20 24 55 31 371 428 80 22 18 22 52 
0 15 677 267 35 21 9 0 0 109 679 166 35 24 11 0 53 478 297 143 33 17 3 0 
0 2 590 347 37 10 4 34 0 158 663 121 33 9 5 35 61 490 353 67 12 6 2 33 
