0 0 0 0 0 1024 0 0 0 0 0 0 0 1024 0 0 0 0 0 569 455 0 0 0 
0 0 0 0 0 1024 0 0 0 0 0 0 0 1024 0 0 0 0 0 396 628 0 0 0 
0 0 0 0 0 1024 0 0 0 0 0 0 0 1024 0 0 0 0 0 272 752 0 0 0 
0 0 0 0 0 1024 0 0 0 0 0 0 0 1024 0 0 0 0 0 18 1006 0 0 0 
0 0 0 0 0 1024 0 0 0 0 0 0 0 1024 0 0 0 0 0 0 1024 0 0 0 
0 0 0 0 0 1024 0 0 0 0 0 0 0 1024 0 0 0 0 0 0 1024 0 0 0 
0 0 0 0 0 1024 0 0 0 0 0 0 0 1024 0 0 0 0 0 0 1021 3 0 0 
0 0 0 0 0 1024 0 0 0 0 0 0 0 1016 8 0 0 0 0 0 1013 11 0 0 
0 0 0 0 126 898 0 0 0 0 0 0 0 1022 2 0 0 0 0 0 976 48 0 0 
0 0 0 0 80 944 0 0 0 0 0 0 0 871 153 0 0 0 0 0 706 295 23 0 
0 0 0 0 99 922 3 0 0 0 0 0 0 935 89 0 0 0 0 0 837 162 25 0 
0 0 0 0 15 989 20 0 0 0 0 0 0 923 89 12 0 0 0 0 728 270 20 6 
0 0 0 0 3 1005 16 0 0 0 0 0 0 918 102 4 0 0 0 0 636 356 32 0 
0 0 0 0 0 1016 8 0 0 0 0 0 0 997 27 0 0 0 0 0 469 543 12 0 
0 0 0 0 0 1024 0 0 0 0 0 0 0 1024 0 0 0 0 0 0 283 741 0 0 
0 0 0 0 0 1024 0 0 0 0 0 0 0 1000 24 0 0 0 0 0 272 752 0 0 
0 0 0 0 278 746 0 0 0 0 0 0 44 980 0 0 0 0 0 23 1001 0 0 0 
0 0 0 0 307 717 0 0 0 0 0 0 78 946 0 0 0 0 0 29 978 17 0 0 
0 0 0 108 169 747 0 0 0 0 0 76 121 803 24 0 0 0 36 127 774 84 3 0 
0 0 0 159 450 387 28 0 0 0 0 30 427 470 78 19 0 0 2 347 453 171 45 6 
0 0 0 130 231 598 64 1 0 0 0 68 124 623 172 37 0 0 27 111 494 255 118 19 
0 0 1 37 151 751 84 0 0 0 0 20 43 740 189 32 0 0 9 30 502 364 107 12 
0 6 12 11 22 961 12 0 0 2 14 9 7 928 64 0 0 15 7 8 386 580 28 0 
0 0 0 0 0 1024 0 0 0 0 0 0 0 1024 0 0 0 0 0 0 173 851 0 0 
0 0 0 0 758 266 0 0 0 0 0 0 0 1024 0 0 0 0 0 0 1024 0 0 0 
0 0 0 0 347 677 0 0 0 0 0 0 0 1024 0 0 0 0 0 0 1024 0 0 0 
0 0 0 0 24 1000 0 0 0 0 0 0 0 1024 0 0 0 0 0 0 1024 0 0 0 
0 0 0 0 2 1022 0 0 0 0 0 0 0 1024 0 0 0 0 0 0 1024 0 0 0 
0 0 0 0 0 1024 0 0 0 0 0 0 0 1024 0 0 0 0 0 0 1024 0 0 0 
0 6 20 23 79 896 0 0 0 0 23 11 44 946 0 0 0 17 12 28 842 125 0 0 
0 7 40 40 74 863 0 0 0 0 43 25 71 885 0 0 0 37 24 52 824 87 0 0 
0 0 0 0 0 1024 0 0 0 0 0 0 0 1024 0 0 0 0 0 0 998 26 0 0 
0 3 1 0 1020 0 0 0 0 3 1 0 14 1006 0 0 0 4 0 2 1018 0 0 0 
12 27 8 11 965 1 0 0 0 38 7 5 31 943 0 0 22 21 7 20 954 0 0 0 
22 11 10 23 806 152 0 0 8 23 5 23 18 947 0 0 28 5 15 18 958 0 0 0 
24 40 7 5 676 272 0 0 18 43 4 9 15 935 0 0 40 24 8 10 942 0 0 0 
0 11 9 13 675 316 0 0 0 7 9 8 42 958 0 0 3 11 8 11 921 70 0 0 
1 131 185 231 288 188 0 0 0 82 134 212 248 348 0 0 24 127 174 217 442 40 0 0 
0 65 135 194 306 314 10 0 0 18 117 125 298 368 96 2 0 94 111 219 312 248 40 0 
0 22 1 12 76 765 148 0 0 21 1 13 9 743 129 108 18 4 11 4 680 101 156 50 
171 175 42 77 559 0 0 0 152 185 42 67 149 429 0 0 314 58 69 56 527 0 0 0 
1016 8 0 0 0 0 0 0 967 57 0 0 0 0 0 0 1024 0 0 0 0 0 0 0 
460 523 41 0 0 0 0 0 361 151 497 15 0 0 0 0 503 16 500 5 0 0 0 0 
411 355 113 54 91 0 0 0 326 347 147 89 50 65 0 0 475 255 147 59 88 0 0 0 
424 146 62 66 326 0 0 0 368 131 115 47 81 282 0 0 471 76 83 54 338 2 0 0 
158 507 111 157 91 0 0 0 11 378 333 126 142 34 0 0 209 277 288 143 98 9 0 0 
122 660 97 60 79 6 0 0 5 397 427 70 75 50 0 0 251 216 396 59 83 19 0 0 
191 500 23 19 121 137 33 0 46 471 184 23 27 201 40 32 461 89 166 11 178 61 38 20 
641 373 10 0 0 0 0 0 349 440 234 1 0 0 0 0 728 291 5 0 0 0 0 0 
948 76 0 0 0 0 0 0 400 396 228 0 0 0 0 0 743 281 0 0 0 0 0 0 
784 240 0 0 0 0 0 0 53 681 290 0 0 0 0 0 537 458 29 0 0 0 0 0 
722 294 8 0 0 0 0 0 278 371 373 2 0 0 0 0 454 509 61 0 0 0 0 0 
892 115 17 0 0 0 0 0 420 321 280 3 0 0 0 0 619 347 57 1 0 0 0 0 
550 446 28 0 0 0 0 0 116 519 375 14 0 0 0 0 341 562 110 11 0 0 0 0 
669 353 2 0 0 0 0 0 267 361 395 1 0 0 0 0 394 428 201 1 0 0 0 0 
924 100 0 0 0 0 0 0 579 212 233 0 0 0 0 0 748 192 84 0 0 0 0 0 
1024 0 0 0 0 0 0 0 0 14 1010 0 0 0 0 0 3 1020 1 0 0 0 0 0 
1024 0 0 0 0 0 0 0 0 20 1004 0 0 0 0 0 4 1014 6 0 0 0 0 0 
1024 0 0 0 0 0 0 0 0 3 1021 0 0 0 0 0 0 1011 13 0 0 0 0 0 
1024 0 0 0 0 0 0 0 0 3 1021 0 0 0 0 0 0 974 50 0 0 0 0 0 
1024 0 0 0 0 0 0 0 0 0 1024 0 0 0 0 0 0 952 72 0 0 0 0 0 
1024 0 0 0 0 0 0 0 0 0 1024 0 0 0 0 0 0 885 139 0 0 0 0 0 
1024 0 0 0 0 0 0 0 0 0 1019 5 0 0 0 0 0 908 116 0 0 0 0 0 
1023 1 0 0 0 0 0 0 0 0 1023 1 0 0 0 0 0 892 132 0 0 0 0 0 
