0 0 0 0 0 233 756 35 0 0 0 0 0 0 345 679 0 0 0 0 0 0 3 1021 
0 0 0 0 0 194 765 65 0 0 0 0 0 0 517 507 0 0 0 0 0 0 15 1009 
0 0 13 13 93 217 617 71 0 0 2 19 6 142 393 462 0 0 13 9 6 8 156 832 
0 0 0 0 147 454 377 46 0 0 0 0 15 384 355 270 0 0 0 0 0 75 408 541 
0 0 0 0 57 636 331 0 0 0 0 0 0 584 437 3 0 0 0 0 0 0 835 189 
0 0 0 0 1 815 208 0 0 0 0 0 251 586 187 0 0 0 0 71 129 284 510 30 
0 0 0 0 17 997 10 0 0 0 0 0 612 412 0 0 0 0 0 189 398 428 9 0 
0 0 0 0 49 964 11 0 0 0 0 0 120 904 0 0 0 0 0 3 101 686 234 0 
0 0 0 0 400 624 0 0 0 0 0 0 0 481 543 0 0 0 0 0 7 50 149 818 
0 0 0 0 113 911 0 0 0 0 0 0 17 613 394 0 0 0 0 0 89 156 381 398 
0 0 8 200 73 728 15 0 0 0 1 206 224 443 150 0 0 0 185 76 171 254 222 116 
0 0 0 0 112 911 1 0 0 0 0 0 105 768 151 0 0 0 0 0 60 309 535 120 
0 0 0 0 35 976 13 0 0 0 0 0 423 521 80 0 0 0 0 83 303 444 158 36 
0 0 0 0 0 1024 0 0 0 0 0 0 1021 3 0 0 0 0 6 980 35 3 0 0 
0 0 0 0 27 997 0 0 0 0 0 0 986 38 0 0 0 0 0 888 105 31 0 0 
0 0 0 0 183 841 0 0 0 0 0 0 718 306 0 0 0 0 0 413 252 253 106 0 
0 0 48 473 372 131 0 0 0 0 30 42 485 467 0 0 0 0 13 20 68 103 407 413 
0 1 54 502 414 53 0 0 0 0 19 58 564 383 0 0 0 0 2 18 43 70 503 388 
0 0 73 515 356 80 0 0 0 0 6 217 628 173 0 0 0 0 154 59 58 89 420 244 
0 0 0 523 456 45 0 0 0 0 0 0 761 263 0 0 0 0 0 0 0 29 727 268 
0 0 13 378 462 171 0 0 0 0 0 9 931 84 0 0 0 0 0 34 67 200 702 21 
0 0 2 396 498 128 0 0 0 0 0 0 1024 0 0 0 0 0 0 112 77 76 748 11 
0 0 0 426 472 126 0 0 0 0 0 0 1024 0 0 0 0 0 0 37 84 147 756 0 
0 0 1 605 418 0 0 0 0 0 0 0 1024 0 0 0 0 0 0 0 6 92 926 0 
0 2 278 96 385 263 0 0 0 0 236 98 610 80 0 0 0 118 188 61 605 28 22 2 
0 1 198 456 306 63 0 0 0 0 130 219 658 17 0 0 0 12 208 184 244 77 271 28 
0 0 112 387 405 120 0 0 0 0 0 283 733 8 0 0 0 0 244 140 378 54 195 13 
0 0 17 293 630 84 0 0 0 0 0 32 985 7 0 0 0 0 25 86 529 105 257 22 
0 0 53 193 757 21 0 0 0 0 0 128 896 0 0 0 0 0 68 211 545 45 154 1 
0 0 173 355 496 0 0 0 0 0 128 163 733 0 0 0 0 0 127 262 213 195 226 1 
0 0 0 249 775 0 0 0 0 0 0 0 1024 0 0 0 0 0 0 0 238 569 217 0 
0 0 1 559 462 2 0 0 0 0 0 0 1024 0 0 0 0 0 0 0 184 699 141 0 
4 269 307 172 237 35 0 0 0 58 382 164 260 152 7 1 4 361 215 222 209 11 2 0 
15 191 374 266 133 40 5 0 0 23 292 273 289 102 33 12 5 244 328 256 141 37 12 1 
5 91 374 304 213 23 12 2 0 2 109 434 346 89 23 21 2 120 421 285 142 31 13 10 
8 90 260 290 342 32 2 0 0 9 139 213 504 130 19 10 5 88 239 346 311 23 8 4 
19 108 306 283 284 22 2 0 0 40 148 295 389 117 24 11 2 120 315 315 216 37 12 7 
57 190 277 279 194 26 1 0 7 116 206 183 358 93 38 23 35 201 226 331 154 50 8 19 
20 122 190 244 433 15 0 0 5 32 117 144 566 131 20 9 9 75 166 368 350 43 12 1 
138 243 162 275 201 4 1 0 75 215 146 105 427 44 11 1 109 270 117 254 256 15 2 1 
109 685 194 20 11 4 1 0 33 609 320 23 13 16 6 4 155 757 64 19 15 10 3 1 
81 415 470 42 9 5 2 0 10 306 590 67 29 12 6 4 61 725 168 35 18 8 3 6 
42 254 661 59 6 1 1 0 12 149 699 137 12 8 2 5 40 703 251 15 5 4 4 2 
81 530 341 52 15 3 2 0 40 321 508 60 55 31 4 5 83 711 140 57 21 3 6 3 
128 655 193 29 14 4 1 0 34 569 322 28 32 22 11 6 76 744 115 42 22 14 7 4 
108 325 340 193 50 5 3 0 33 175 183 190 156 142 94 51 27 151 218 166 126 118 111 107 
161 323 288 191 58 3 0 0 75 210 179 198 165 91 58 48 64 237 227 182 105 76 54 79 
315 401 197 68 34 8 1 0 211 372 209 100 62 32 21 17 193 399 203 97 47 42 26 17 
799 209 16 0 0 0 0 0 754 246 24 0 0 0 0 0 801 221 2 0 0 0 0 0 
912 97 15 0 0 0 0 0 893 100 31 0 0 0 0 0 914 95 13 2 0 0 0 0 
850 103 71 0 0 0 0 0 840 85 98 1 0 0 0 0 857 167 0 0 0 0 0 0 
764 234 24 2 0 0 0 0 748 212 54 2 1 2 2 3 751 228 33 2 3 1 3 3 
845 161 14 1 3 0 0 0 818 159 41 2 4 0 0 0 837 153 26 5 3 0 0 0 
869 83 32 25 15 0 0 0 886 58 30 24 6 6 14 0 852 83 23 31 12 5 5 13 
749 175 53 37 10 0 0 0 765 124 43 25 19 33 15 0 685 171 60 22 11 23 31 21 
577 231 132 61 19 4 0 0 602 147 52 52 77 60 24 10 490 201 99 47 33 34 65 55 
570 318 48 30 26 0 13 19 480 392 54 10 14 33 28 13 584 277 48 8 16 18 56 17 
576 334 47 28 6 1 24 8 597 255 69 14 36 31 22 0 603 214 79 26 25 31 24 22 
628 268 47 31 18 5 27 0 607 245 56 50 26 20 16 4 595 221 64 36 40 23 26 19 
589 274 85 18 15 30 13 0 543 278 72 43 43 21 22 2 516 251 83 22 34 29 43 46 
604 191 137 49 29 14 0 0 583 169 99 105 23 17 28 0 556 148 58 46 34 46 76 60 
563 226 213 14 7 1 0 0 571 134 152 126 20 7 13 1 487 171 66 55 51 64 77 53 
501 299 206 18 0 0 0 0 536 227 125 113 23 0 0 0 422 255 83 37 40 73 82 32 
512 373 136 3 0 0 0 0 508 336 119 59 2 0 0 0 415 355 46 39 34 64 67 4 
