0 0 0 0 0 410 511 103 0 0 0 877 114 33 0 0 0 0 870 127 27 0 0 0 
0 0 0 0 0 0 601 423 0 0 0 400 526 94 4 0 0 0 431 508 81 4 0 0 
0 0 0 0 0 0 901 123 0 0 0 482 542 0 0 0 0 0 801 223 0 0 0 0 
0 0 0 0 0 0 161 863 0 0 0 35 989 0 0 0 0 0 130 894 0 0 0 0 
0 0 0 0 0 0 69 955 0 0 0 5 995 24 0 0 0 0 297 723 4 0 0 0 
0 0 0 0 0 0 0 1024 0 0 0 0 898 126 0 0 0 0 95 918 11 0 0 0 
0 0 0 0 0 0 0 1024 0 0 0 0 1024 0 0 0 0 0 130 894 0 0 0 0 
0 0 0 0 0 0 0 1024 0 0 0 0 1024 0 0 0 0 0 3 1021 0 0 0 0 
0 0 0 0 0 1 1021 2 0 0 0 868 156 0 0 0 0 0 1013 11 0 0 0 0 
0 0 0 0 0 0 781 243 0 0 0 347 677 0 0 0 0 0 746 278 0 0 0 0 
0 0 0 0 0 0 92 932 0 0 0 19 1005 0 0 0 0 0 251 773 0 0 0 0 
0 0 1 1 1 0 4 1017 0 0 2 1 887 132 1 1 0 0 4 961 56 1 1 1 
0 0 0 0 0 0 0 1024 0 0 0 0 918 106 0 0 0 0 1 979 44 0 0 0 
0 0 0 0 0 0 0 1024 0 0 0 0 418 605 1 0 0 0 0 776 248 0 0 0 
0 0 0 0 0 0 0 1024 0 0 0 0 670 354 0 0 0 0 0 1024 0 0 0 0 
0 0 0 0 0 0 0 1024 0 0 0 0 443 581 0 0 0 0 0 993 31 0 0 0 
0 0 0 0 0 0 231 793 0 0 0 19 1005 0 0 0 0 0 199 825 0 0 0 0 
0 0 0 0 0 0 24 1000 0 0 0 0 1024 0 0 0 0 0 11 1013 0 0 0 0 
0 0 0 0 0 0 0 1024 0 0 0 0 820 204 0 0 0 0 1 1022 1 0 0 0 
0 3 111 39 41 40 32 758 0 5 97 17 345 417 25 118 0 0 88 697 44 16 34 145 
0 0 0 0 0 0 0 1024 0 0 0 0 217 807 0 0 0 0 0 795 229 0 0 0 
0 0 40 32 25 22 29 876 0 3 38 14 30 821 54 64 0 0 38 442 426 26 12 80 
0 0 0 0 0 0 0 1024 0 0 0 0 1 807 216 0 0 0 0 342 682 0 0 0 
0 0 0 0 0 0 0 1024 0 0 0 0 0 620 404 0 0 0 0 81 856 87 0 0 
0 0 2 1 12 5 6 998 0 0 1 2 597 385 24 15 0 0 0 819 159 8 10 28 
0 3 78 37 38 39 43 786 0 7 64 51 293 585 15 9 0 0 55 666 226 45 8 24 
0 1 21 5 3 5 15 974 0 2 16 8 19 880 84 15 0 1 13 356 556 66 27 5 
0 0 86 65 48 50 22 753 0 0 83 45 25 422 196 253 0 0 67 60 480 102 65 250 
0 0 0 0 0 0 0 1024 0 0 0 0 0 326 505 193 0 0 0 2 614 196 93 119 
0 0 64 42 44 49 29 796 0 0 64 25 33 43 587 272 0 0 39 57 257 357 106 208 
0 0 0 0 0 0 0 1024 0 0 0 0 0 0 993 31 0 0 0 0 180 814 20 10 
0 0 0 0 0 0 0 1024 0 0 0 0 0 0 910 114 0 0 0 0 21 828 175 0 
0 0 1 5 18 17 45 938 0 0 1 1 10 496 88 428 0 0 1 0 440 96 47 440 
0 7 121 141 192 148 57 358 0 6 106 201 239 126 104 242 0 0 97 233 268 111 49 266 
0 17 158 167 169 185 22 306 0 7 159 228 288 70 267 5 0 0 150 262 299 297 6 10 
0 4 186 152 142 93 63 384 0 2 134 157 116 47 276 292 0 0 59 197 92 248 81 347 
0 7 331 189 38 30 11 418 0 9 388 137 49 17 408 16 0 0 332 200 46 395 45 6 
0 10 162 113 83 81 73 502 0 2 134 87 55 73 334 339 0 0 46 109 74 280 148 367 
0 2 159 130 22 10 16 685 0 0 136 144 32 22 659 31 0 0 109 135 55 321 402 2 
0 3 211 31 12 12 19 736 0 0 96 124 29 20 663 92 0 0 22 137 68 116 679 2 
0 519 348 23 17 17 27 73 0 382 414 73 21 21 33 80 0 120 654 76 25 18 21 110 
0 452 374 22 18 10 31 117 0 239 562 22 13 21 24 143 0 106 660 43 13 12 26 164 
0 644 244 64 47 18 2 5 0 581 308 89 30 5 5 6 0 299 572 101 31 7 6 8 
0 320 568 78 49 9 0 0 0 195 585 219 25 0 0 0 0 34 568 333 75 11 3 0 
0 174 746 104 0 0 0 0 0 32 707 268 17 0 0 0 0 0 583 385 48 6 2 0 
0 247 763 14 0 0 0 0 0 65 787 161 10 1 0 0 0 1 687 303 30 2 1 0 
0 157 866 1 0 0 0 0 0 24 802 195 3 0 0 0 0 0 542 464 17 1 0 0 
0 139 885 0 0 0 0 0 0 13 823 188 0 0 0 0 0 0 545 417 54 7 1 0 
0 987 37 0 0 0 0 0 0 998 26 0 0 0 0 0 0 780 244 0 0 0 0 0 
0 824 200 0 0 0 0 0 0 814 210 0 0 0 0 0 0 698 326 0 0 0 0 0 
0 253 737 34 0 0 0 0 0 270 738 16 0 0 0 0 0 195 798 20 11 0 0 0 
0 97 854 66 5 2 0 0 0 80 862 66 12 4 0 0 0 29 862 71 33 20 9 0 
0 510 500 14 0 0 0 0 0 404 598 22 0 0 0 0 0 43 920 48 9 3 1 0 
0 684 340 0 0 0 0 0 0 575 425 21 3 0 0 0 0 157 706 97 29 22 10 3 
0 764 260 0 0 0 0 0 0 624 394 6 0 0 0 0 0 200 814 10 0 0 0 0 
0 786 238 0 0 0 0 0 0 639 382 3 0 0 0 0 0 168 843 13 0 0 0 0 
0 694 327 3 0 0 0 0 0 664 360 0 0 0 0 0 0 138 886 0 0 0 0 0 
0 76 871 77 0 0 0 0 0 68 955 1 0 0 0 0 0 12 1012 0 0 0 0 0 
0 1 1004 19 0 0 0 0 0 28 968 28 0 0 0 0 0 0 1006 18 0 0 0 0 
0 0 1024 0 0 0 0 0 0 1 1023 0 0 0 0 0 0 0 1024 0 0 0 0 0 
0 1 1010 13 0 0 0 0 0 2 1010 12 0 0 0 0 0 0 1009 15 0 0 0 0 
0 257 744 23 0 0 0 0 0 161 840 23 0 0 0 0 0 1 999 24 0 0 0 0 
0 528 485 11 0 0 0 0 0 485 527 12 0 0 0 0 0 54 958 12 0 0 0 0 
0 708 316 0 0 0 0 0 0 717 307 0 0 0 0 0 0 245 769 10 0 0 0 0 
