0 0 0 0 86 938 0 0 0 0 1006 18 0 0 0 0 32 992 0 0 0 0 0 0 
0 0 0 0 93 931 0 0 0 0 935 89 0 0 0 0 14 1010 0 0 0 0 0 0 
0 0 0 0 34 990 0 0 0 0 801 223 0 0 0 0 0 1024 0 0 0 0 0 0 
1 3 5 6 69 937 3 0 3 3 716 296 6 0 0 0 11 976 29 2 3 3 0 0 
15 28 18 26 103 805 28 1 24 21 632 301 19 8 8 11 44 883 34 21 14 10 8 10 
36 28 50 63 104 715 28 0 51 36 542 324 31 26 9 5 67 803 56 25 23 28 17 5 
0 0 0 0 20 1004 0 0 0 0 519 505 0 0 0 0 11 1013 0 0 0 0 0 0 
0 0 0 0 56 968 0 0 0 0 416 608 0 0 0 0 32 991 1 0 0 0 0 0 
0 0 0 0 20 1001 3 0 0 0 446 578 0 0 0 0 0 1006 18 0 0 0 0 0 
5 4 8 15 61 913 18 0 7 10 206 791 6 4 0 0 12 877 120 8 3 4 0 0 
46 55 37 50 66 740 26 4 75 48 203 654 21 12 7 4 88 768 95 26 19 13 11 4 
63 70 85 87 136 461 85 37 77 84 191 441 76 52 61 42 109 462 166 56 58 57 67 49 
30 29 41 13 59 692 134 26 23 45 86 719 26 32 45 48 36 720 85 30 21 52 37 43 
5 17 58 34 121 652 125 12 17 50 103 700 18 43 49 44 46 621 165 31 20 52 36 53 
0 0 0 0 6 1015 3 0 0 0 54 970 0 0 0 0 1 992 31 0 0 0 0 0 
0 0 0 0 4 990 30 0 0 0 23 1001 0 0 0 0 0 948 76 0 0 0 0 0 
1 4 2 5 62 744 196 10 5 2 69 915 6 13 9 5 8 515 457 15 5 11 9 4 
79 80 60 54 101 436 184 30 105 86 117 526 52 44 52 42 130 300 353 56 53 43 57 32 
44 68 68 64 71 539 155 15 57 89 74 635 45 54 43 27 105 335 369 46 37 52 40 40 
12 56 65 58 98 318 331 86 12 102 70 534 52 78 68 108 53 296 312 52 62 74 68 107 
0 34 37 20 41 393 427 72 3 43 26 779 22 35 53 63 22 272 538 23 21 53 33 62 
7 27 39 45 94 375 369 68 23 47 53 720 45 46 23 67 49 269 524 20 35 35 22 70 
0 0 0 0 0 303 721 0 0 0 0 1023 1 0 0 0 0 234 790 0 0 0 0 0 
0 0 0 0 0 177 847 0 0 0 11 1013 0 0 0 0 0 123 901 0 0 0 0 0 
0 0 3 0 17 109 861 34 0 0 1 897 41 18 36 31 0 38 863 19 27 18 27 32 
1 69 74 47 55 221 467 90 22 88 76 551 85 52 65 85 72 82 593 48 41 51 62 75 
17 34 86 67 66 155 553 46 21 89 78 595 137 28 34 42 63 144 616 59 38 27 34 43 
1 38 58 87 80 262 362 136 9 70 79 449 141 76 81 119 34 111 482 79 53 72 81 112 
0 17 47 21 34 172 644 89 1 34 31 618 191 35 53 61 22 41 748 32 32 49 39 61 
0 9 46 37 61 164 631 76 4 53 27 495 287 52 26 80 35 43 724 36 54 21 48 63 
0 0 0 0 0 30 994 0 0 0 0 563 461 0 0 0 0 11 1013 0 0 0 0 0 
0 0 0 0 0 2 1022 0 0 0 0 505 519 0 0 0 0 2 1022 0 0 0 0 0 
13 14 26 22 15 64 832 38 13 22 22 241 642 32 18 34 15 23 819 66 25 25 24 27 
13 30 91 51 72 135 514 118 27 99 49 156 481 56 62 94 62 96 469 143 60 49 69 76 
0 37 106 35 43 83 661 59 6 108 74 91 626 32 37 50 53 114 590 129 29 31 35 43 
48 75 95 78 131 207 317 73 59 103 88 160 392 93 64 65 77 117 312 216 80 97 65 60 
24 43 87 103 146 182 393 46 35 67 109 223 479 58 35 18 51 94 469 238 58 61 36 17 
40 78 102 115 206 203 247 33 57 91 137 254 362 72 29 22 66 127 348 252 113 57 42 19 
30 38 24 16 35 98 750 33 42 34 21 121 748 15 41 2 23 59 692 186 9 4 45 6 
0 0 0 0 0 2 1013 9 0 0 0 34 990 0 0 0 0 0 862 162 0 0 0 0 
14 51 51 41 41 71 717 38 12 47 49 47 772 52 26 19 17 49 210 594 73 39 28 14 
54 93 181 187 158 121 194 36 67 77 186 235 331 66 37 25 72 112 206 292 185 91 43 23 
46 139 289 127 95 116 203 9 58 68 145 343 318 54 32 6 70 68 99 338 290 112 38 9 
22 68 506 141 131 98 54 4 20 28 116 560 159 80 53 8 19 33 73 179 537 98 63 22 
18 89 545 163 96 74 35 4 11 21 147 615 147 50 31 2 8 24 65 214 564 97 39 13 
16 119 660 127 56 40 6 0 8 22 176 680 64 35 36 3 3 15 39 157 627 123 33 27 
756 84 158 19 4 3 0 0 777 53 37 151 3 1 2 0 773 52 19 24 145 8 1 2 
397 54 18 16 8 36 403 92 434 37 14 23 456 60 0 0 442 34 103 426 19 0 0 0 
111 224 422 145 37 24 61 0 5 85 258 524 142 9 1 0 1 38 130 315 474 64 2 0 
10 95 519 373 27 0 0 0 2 12 114 647 248 1 0 0 0 6 36 141 544 297 0 0 
33 167 651 161 12 0 0 0 5 27 136 742 113 1 0 0 1 10 41 192 553 227 0 0 
23 82 672 233 14 0 0 0 0 24 106 661 227 6 0 0 0 13 42 135 464 361 9 0 
5 34 523 299 143 20 0 0 1 6 72 550 312 83 0 0 1 2 17 104 347 547 6 0 
1 34 708 261 19 1 0 0 0 3 72 712 236 1 0 0 0 0 13 161 469 381 0 0 
817 15 176 16 0 0 0 0 816 16 0 191 1 0 0 0 797 24 11 0 180 12 0 0 
851 58 5 14 19 20 51 6 892 17 8 10 51 40 6 0 893 13 14 45 35 17 7 0 
860 125 33 6 0 0 0 0 762 166 72 22 2 0 0 0 739 181 74 28 2 0 0 0 
645 208 114 57 0 0 0 0 462 116 158 205 82 1 0 0 440 91 115 175 157 45 1 0 
698 276 47 3 0 0 0 0 363 261 242 142 16 0 0 0 333 220 205 203 60 3 0 0 
699 275 45 5 0 0 0 0 441 225 207 128 23 0 0 0 409 198 184 164 62 7 0 0 
542 220 161 75 24 2 0 0 303 182 185 191 134 29 0 0 271 170 154 120 170 121 18 0 
455 328 196 30 12 3 0 0 121 150 212 386 141 14 0 0 81 127 130 227 301 144 14 0 
672 305 45 2 0 0 0 0 271 280 279 178 16 0 0 0 222 235 266 208 89 4 0 0 
789 194 39 2 0 0 0 0 519 179 149 138 39 0 0 0 498 157 129 130 95 15 0 0 
