0 0 0 0 0 0 160 864 0 0 0 0 0 76 948 0 0 0 0 0 0 438 586 0 
0 0 0 0 0 0 0 1024 0 0 0 0 0 0 1024 0 0 0 0 0 0 16 1008 0 
0 0 0 0 0 0 0 1024 0 0 0 0 0 0 1024 0 0 0 0 0 0 0 1024 0 
0 0 0 0 0 0 0 1024 0 0 0 0 0 0 952 72 0 0 0 0 0 0 1024 0 
0 0 0 0 0 0 0 1024 0 0 0 0 0 0 470 554 0 0 0 0 0 0 1024 0 
0 0 0 0 0 0 0 1024 0 0 0 0 0 0 53 971 0 0 0 0 0 0 1024 0 
0 20 44 52 64 98 252 494 6 55 68 69 88 182 269 287 8 53 69 73 94 225 502 0 
6 536 292 140 50 0 0 0 368 468 162 26 0 0 0 0 394 446 154 30 0 0 0 0 
0 0 179 261 274 150 144 16 0 197 270 267 126 125 39 0 0 186 278 268 131 131 30 0 
0 0 41 116 218 302 263 84 0 46 132 225 271 221 126 3 0 33 138 220 284 237 112 0 
0 0 0 37 116 178 211 482 0 0 51 113 163 160 373 164 0 0 41 121 166 223 460 13 
0 0 0 0 0 0 7 1017 0 0 0 0 0 2 60 962 0 0 0 0 0 9 311 704 
0 0 0 0 0 0 0 1024 0 0 0 0 0 0 216 808 0 0 0 0 0 0 818 206 
0 0 0 0 0 0 559 465 0 0 0 0 0 436 587 1 0 0 0 0 0 508 516 0 
0 0 0 0 0 1 645 378 0 0 0 0 1 390 633 0 0 0 0 0 1 422 601 0 
0 0 0 0 0 0 313 711 0 0 0 0 0 207 817 0 0 0 0 0 0 50 974 0 
0 0 0 0 0 0 289 735 0 0 0 0 0 0 1024 0 0 0 0 0 0 8 1016 0 
0 0 0 0 0 0 0 1024 0 0 0 0 0 0 1024 0 0 0 0 0 0 0 1024 0 
0 0 0 0 0 0 0 1024 0 0 0 0 0 0 926 98 0 0 0 0 0 0 1024 0 
0 0 0 0 0 0 0 1024 0 0 0 0 0 0 251 773 0 0 0 0 0 0 1024 0 
0 0 0 0 0 9 25 990 0 0 0 0 7 11 45 961 0 0 0 0 7 12 891 114 
0 30 199 185 138 74 114 284 1 222 195 129 76 89 128 184 1 226 187 125 82 100 303 0 
0 106 191 198 143 153 193 40 29 254 210 149 143 156 83 0 43 227 195 161 162 179 57 0 
0 163 217 107 131 136 180 90 47 320 113 125 126 144 129 20 65 293 106 121 131 156 146 6 
0 303 210 101 55 86 192 77 191 304 118 52 60 175 107 17 202 286 119 55 64 192 100 6 
0 0 0 5 7 20 255 737 0 0 5 7 9 100 492 411 0 0 3 7 10 115 660 229 
0 0 0 0 0 0 0 1024 0 0 0 0 0 0 26 998 0 0 0 0 0 0 139 885 
0 0 0 0 0 0 84 940 0 0 0 0 0 0 155 869 0 0 0 0 0 0 154 870 
0 0 0 0 0 22 551 451 0 0 0 0 1 218 681 124 0 0 0 0 0 41 945 38 
0 0 0 0 0 3 561 460 0 0 0 0 0 145 853 26 0 0 0 0 0 26 969 29 
0 0 0 0 0 0 271 753 0 0 0 0 0 32 590 402 0 0 0 0 0 2 576 446 
0 0 0 0 0 0 304 720 0 0 0 0 0 136 848 40 0 0 0 0 0 0 885 139 
0 0 0 0 0 0 771 253 0 0 0 0 0 0 1024 0 0 0 0 0 0 0 1024 0 
0 0 0 0 0 0 127 897 0 0 0 0 0 0 1010 14 0 0 0 0 0 0 1020 4 
0 0 0 0 0 0 0 1024 0 0 0 0 0 0 285 739 0 0 0 0 0 0 774 250 
0 0 0 0 0 0 1 1023 0 0 0 0 0 0 3 1021 0 0 0 0 0 0 364 660 
4 228 134 72 35 29 36 486 181 173 80 35 26 26 40 463 183 154 92 36 24 27 112 396 
498 166 147 91 38 30 43 11 635 166 100 35 26 34 24 4 646 155 92 43 20 39 27 2 
230 532 158 65 25 14 0 0 646 264 73 26 15 0 0 0 652 249 75 31 16 1 0 0 
0 250 195 85 102 88 140 164 145 286 79 93 87 90 135 109 147 261 87 86 91 90 166 96 
0 329 218 115 60 68 160 74 147 362 130 62 55 78 154 36 142 353 132 61 52 85 170 29 
0 0 8 18 33 107 398 460 0 6 16 25 58 188 392 339 0 2 16 19 43 172 463 309 
0 0 0 0 0 0 39 985 0 0 0 0 0 0 124 900 0 0 0 0 0 0 161 863 
0 0 0 0 0 0 65 959 0 0 0 0 0 0 115 909 0 0 0 0 0 0 120 904 
0 0 0 0 0 22 374 628 0 0 0 0 5 77 514 428 0 0 0 0 0 38 526 460 
0 0 0 0 0 0 114 910 0 0 0 0 0 15 129 880 0 0 0 0 0 0 153 871 
0 0 0 0 0 0 39 985 0 0 0 0 0 0 47 977 0 0 0 0 0 0 6 1018 
0 0 0 0 0 0 13 1011 0 0 0 0 0 0 159 865 0 0 0 0 0 0 10 1014 
0 0 0 0 0 0 1024 0 0 0 0 0 0 0 1024 0 0 0 0 0 0 0 924 100 
0 0 0 0 0 0 976 48 0 0 0 0 0 0 997 27 0 0 0 0 0 0 399 625 
0 0 0 0 0 0 669 355 0 0 0 0 0 0 167 857 0 0 0 0 0 0 4 1020 
8 64 21 17 10 16 196 692 47 43 17 9 11 13 17 867 43 35 20 13 9 14 14 876 
170 472 113 85 72 61 39 12 548 172 94 66 62 37 32 13 546 150 88 65 59 57 31 28 
820 185 10 5 1 1 2 0 981 29 5 5 1 3 0 0 980 30 5 4 2 0 3 0 
171 234 109 36 34 51 90 299 290 186 54 32 29 48 69 316 263 191 67 31 30 44 73 325 
0 4 10 19 26 37 172 756 0 9 15 22 28 35 116 799 0 7 10 24 23 33 126 801 
0 0 0 4 5 37 73 905 0 0 3 5 12 40 72 892 0 0 3 4 5 40 88 884 
0 0 0 0 0 0 1 1023 0 0 0 0 0 0 2 1022 0 0 0 0 0 0 5 1019 
0 0 0 0 0 0 1 1023 0 0 0 0 0 0 2 1022 0 0 0 0 0 0 5 1019 
0 0 0 2 3 2 27 990 0 0 2 0 3 3 4 1012 0 0 0 2 1 4 4 1013 
0 0 6 6 3 45 593 371 0 4 3 5 6 53 378 575 0 2 4 4 3 12 184 815 
0 0 0 0 1 147 435 441 0 0 0 0 1 116 324 583 0 0 0 0 0 1 273 750 
0 0 0 0 15 463 466 80 0 0 0 0 17 472 426 109 0 0 0 0 0 1 638 385 
0 0 0 0 0 0 384 640 0 0 0 0 0 0 326 698 0 0 0 0 0 0 0 1024 
0 0 0 0 0 300 724 0 0 0 0 0 0 0 1024 0 0 0 0 0 0 0 358 666 
0 0 0 0 0 88 936 0 0 0 0 0 0 0 1024 0 0 0 0 0 0 0 0 1024 
0 0 0 0 0 0 1024 0 0 0 0 0 0 0 737 287 0 0 0 0 0 0 0 1024 
71 237 69 55 44 54 480 14 205 146 47 47 38 40 104 397 184 141 49 43 38 32 49 488 
397 87 50 52 45 74 285 34 445 67 46 36 44 63 138 185 428 70 34 42 37 44 83 286 
632 101 42 27 49 39 128 6 693 58 30 31 38 33 42 99 671 62 36 21 33 35 45 121 
0 4 3 3 3 10 957 44 0 5 2 4 2 3 35 973 0 3 4 0 4 3 12 998 
1 27 20 17 22 34 666 237 19 18 18 19 13 23 66 848 8 23 15 13 17 17 32 899 
0 0 0 0 0 0 395 629 0 0 0 0 0 0 2 1022 0 0 0 0 0 0 0 1024 
85 19 8 11 8 5 50 838 95 12 10 5 9 5 10 878 90 15 8 8 6 6 9 882 
161 83 25 7 7 11 18 712 237 15 18 7 9 8 17 713 233 17 20 6 7 6 16 719 
534 171 25 17 27 24 44 182 688 34 23 12 23 20 25 199 678 38 23 8 13 29 19 216 
112 435 108 89 80 66 97 37 449 176 85 64 62 50 52 86 307 244 71 59 66 59 84 134 
0 95 160 204 224 310 31 0 25 181 103 197 169 275 67 7 0 59 109 94 71 236 361 94 
0 0 0 18 232 635 139 0 0 0 0 25 140 526 250 83 0 0 0 0 0 40 552 432 
0 0 0 0 10 641 373 0 0 0 0 2 9 461 420 132 0 0 0 0 0 6 209 809 
0 0 0 0 271 753 0 0 0 0 0 0 0 542 482 0 0 0 0 0 0 0 206 818 
0 0 0 0 170 854 0 0 0 0 0 0 0 153 871 0 0 0 0 0 0 0 0 1024 
0 0 0 0 46 871 107 0 0 0 0 0 0 2 1022 0 0 0 0 0 0 0 0 1024 
8 5 32 44 71 721 143 0 8 20 23 40 39 85 807 2 8 9 19 20 35 40 80 813 
375 12 13 14 15 327 265 3 374 13 10 13 10 20 388 196 359 19 12 12 12 11 18 581 
253 187 100 64 61 267 91 1 340 145 73 56 44 77 249 40 302 139 80 55 44 42 79 283 
250 58 61 62 60 257 276 0 277 50 56 53 42 55 249 242 261 40 44 47 47 46 54 485 
4 37 43 66 55 388 431 0 16 44 52 49 36 36 116 675 7 31 34 48 41 36 41 786 
41 82 16 47 58 159 621 0 104 26 22 45 39 54 98 636 100 25 6 22 35 41 67 728 
581 101 11 11 19 52 226 23 660 24 11 10 15 22 55 227 644 37 11 9 11 15 20 277 
1004 14 4 2 0 0 0 0 1012 7 5 0 0 0 0 0 1008 7 4 2 3 0 0 0 
540 98 42 69 210 65 0 0 581 65 36 41 76 138 87 0 522 77 30 33 31 35 84 212 
56 247 204 162 355 0 0 0 170 213 148 105 109 279 0 0 76 129 124 110 88 87 198 212 
5 33 15 74 321 576 0 0 23 21 12 49 92 295 529 3 4 22 12 11 14 45 200 716 
0 0 0 0 5 448 571 0 0 0 0 0 0 36 221 767 0 0 0 0 0 0 8 1016 
0 0 0 0 0 7 1017 0 0 0 0 0 0 0 5 1019 0 0 0 0 0 0 0 1024 
0 0 0 537 487 0 0 0 0 0 0 81 525 418 0 0 0 0 0 0 0 0 873 151 
0 0 0 402 622 0 0 0 0 0 0 3 402 619 0 0 0 0 0 0 0 0 459 565 
0 0 0 295 718 11 0 0 0 0 0 0 264 667 93 0 0 0 0 0 0 0 194 830 
169 22 4 109 611 109 0 0 158 22 12 6 109 481 236 0 137 28 19 8 0 9 50 773 
527 13 22 38 295 129 0 0 525 12 18 19 29 221 198 2 515 16 5 16 17 24 3 428 
470 81 47 75 243 108 0 0 475 70 49 50 73 163 144 0 440 58 53 30 43 41 95 264 
95 47 37 49 560 236 0 0 117 25 21 46 49 390 376 0 95 35 16 19 19 49 79 712 
55 4 5 10 497 453 0 0 54 3 4 5 30 265 641 22 51 4 3 4 3 6 53 900 
649 148 27 24 63 112 1 0 768 42 15 21 24 45 84 25 745 43 22 13 13 18 25 145 
1024 0 0 0 0 0 0 0 1024 0 0 0 0 0 0 0 1024 0 0 0 0 0 0 0 
471 177 111 135 130 0 0 0 554 135 81 87 84 83 0 0 484 107 78 58 51 50 104 92 
0 14 57 282 669 2 0 0 0 36 42 125 236 463 122 0 0 6 21 27 25 114 290 541 
0 0 0 0 990 34 0 0 0 0 0 0 0 542 482 0 0 0 0 0 0 0 0 1024 
0 0 0 0 511 513 0 0 0 0 0 0 0 97 916 11 0 0 0 0 0 0 0 1024 
0 0 0 0 395 629 0 0 0 0 0 0 0 87 496 441 0 0 0 0 0 0 0 1024 
0 14 26 43 570 364 7 0 1 33 19 23 36 565 224 123 0 16 16 10 12 23 532 415 
58 357 334 275 0 0 0 0 348 126 244 303 3 0 0 0 245 125 61 40 59 192 302 0 
8 377 256 383 0 0 0 0 298 99 274 310 43 0 0 0 246 121 19 13 60 219 346 0 
14 431 66 513 0 0 0 0 425 22 127 303 147 0 0 0 407 20 18 5 19 73 481 1 
373 198 39 397 17 0 0 0 519 51 82 173 198 1 0 0 482 41 32 26 23 45 307 68 
882 37 5 84 16 0 0 0 900 19 14 40 49 2 0 0 886 10 15 10 4 8 50 41 
980 25 3 4 9 3 0 0 996 10 2 2 4 10 0 0 993 5 4 5 3 2 5 7 
764 224 22 7 7 0 0 0 901 87 22 7 5 2 0 0 854 118 14 20 8 6 2 2 
527 74 31 290 101 1 0 0 566 34 36 136 146 105 1 0 529 48 16 14 23 43 144 207 
957 30 12 24 1 0 0 0 970 21 10 21 2 0 0 0 952 24 8 8 6 5 20 1 
996 28 0 0 0 0 0 0 1022 2 0 0 0 0 0 0 1002 22 0 0 0 0 0 0 
325 263 223 213 0 0 0 0 394 243 207 162 18 0 0 0 344 192 60 60 96 104 168 0 
0 257 86 642 39 0 0 0 15 254 151 324 262 18 0 0 0 224 30 15 38 113 400 204 
0 157 134 589 144 0 0 0 37 133 181 184 270 219 0 0 0 142 12 20 16 102 284 448 
31 135 129 564 165 0 0 0 75 99 165 187 290 208 0 0 28 103 27 14 25 96 261 470 
0 122 174 526 202 0 0 0 33 127 231 180 208 245 0 0 1 102 23 31 57 135 247 428 
0 44 61 589 330 0 0 0 20 48 74 316 383 183 0 0 0 39 5 17 41 138 358 426 
355 654 8 2 2 1 1 1 796 215 6 2 2 1 1 1 744 265 8 0 4 1 1 1 
416 608 0 0 0 0 0 0 910 114 0 0 0 0 0 0 851 173 0 0 0 0 0 0 
607 415 2 0 0 0 0 0 937 87 0 0 0 0 0 0 920 104 0 0 0 0 0 0 
922 90 7 2 2 0 1 0 1006 8 5 2 2 0 1 0 1009 6 5 1 2 0 1 0 
995 20 5 3 1 0 0 0 996 19 5 3 1 0 0 0 1004 12 6 2 0 0 0 0 
1020 0 3 1 0 0 0 0 1020 0 3 1 0 0 0 0 1020 0 3 1 0 0 0 0 
1019 2 1 1 0 1 0 0 1019 2 1 1 0 1 0 0 1019 2 1 1 0 1 0 0 
1024 0 0 0 0 0 0 0 1024 0 0 0 0 0 0 0 1024 0 0 0 0 0 0 0 
1024 0 0 0 0 0 0 0 1024 0 0 0 0 0 0 0 1024 0 0 0 0 0 0 0 
1021 3 0 0 0 0 0 0 1024 0 0 0 0 0 0 0 1024 0 0 0 0 0 0 0 
920 94 7 0 0 0 1 2 949 70 2 0 0 0 2 1 943 78 0 0 0 1 2 0 
741 276 1 4 1 1 0 0 860 157 4 2 0 1 0 0 817 200 4 2 1 0 0 0 
572 436 13 1 2 0 0 0 778 231 12 1 2 0 0 0 716 294 11 1 2 0 0 0 
745 263 8 4 2 1 0 1 864 144 8 4 2 0 1 1 803 207 6 4 2 0 1 1 
730 291 2 0 0 1 0 0 867 154 2 0 0 1 0 0 734 288 1 0 0 1 0 0 
579 443 2 0 0 0 0 0 838 185 1 0 0 0 0 0 696 328 0 0 0 0 0 0 
32 40 115 308 528 1 0 0 38 97 252 314 323 0 0 0 36 100 156 194 261 277 0 0 
33 43 131 329 458 30 0 0 55 93 256 301 313 6 0 0 47 105 197 199 241 233 2 0 
32 34 122 307 427 102 0 0 36 114 241 308 284 41 0 0 33 123 183 192 237 226 30 0 
44 31 141 432 302 74 0 0 59 101 298 397 136 33 0 0 55 113 221 260 226 136 13 0 
111 99 403 358 53 0 0 0 137 376 367 122 22 0 0 0 137 415 271 102 76 23 0 0 
136 240 608 40 0 0 0 0 236 687 79 22 0 0 0 0 228 672 63 38 23 0 0 0 
64 36 558 325 41 0 0 0 80 362 373 202 7 0 0 0 78 357 304 148 132 5 0 0 
68 23 369 340 198 26 0 0 74 221 354 230 124 21 0 0 72 184 338 120 187 103 20 0 
96 45 329 380 169 5 0 0 114 217 406 189 98 0 0 0 114 192 392 107 174 45 0 0 
112 62 229 483 133 5 0 0 153 143 523 163 40 2 0 0 155 163 479 133 88 6 0 0 
115 33 121 572 182 1 0 0 139 74 548 234 29 0 0 0 128 93 501 186 116 0 0 0 
96 34 95 467 326 6 0 0 104 79 462 317 62 0 0 0 99 116 330 219 233 27 0 0 
105 25 69 478 345 2 0 0 119 64 436 366 39 0 0 0 105 83 316 198 257 65 0 0 
128 17 60 441 364 14 0 0 128 71 394 233 191 7 0 0 128 56 315 168 165 174 18 0 
130 29 24 409 341 91 0 0 138 48 334 231 224 49 0 0 128 46 235 213 155 161 86 0 
151 75 210 447 81 60 0 0 182 169 443 150 55 25 0 0 150 89 314 347 53 35 36 0 
0 27 980 17 0 0 0 0 3 963 58 0 0 0 0 0 5 968 51 0 0 0 0 0 
0 23 950 51 0 0 0 0 4 918 102 0 0 0 0 0 11 933 80 0 0 0 0 0 
0 11 935 74 4 0 0 0 1 898 119 6 0 0 0 0 3 913 101 7 0 0 0 0 
0 4 921 99 0 0 0 0 0 901 123 0 0 0 0 0 3 923 98 0 0 0 0 0 
0 19 965 40 0 0 0 0 6 967 51 0 0 0 0 0 20 974 30 0 0 0 0 0 
0 30 992 2 0 0 0 0 8 1013 3 0 0 0 0 0 35 989 0 0 0 0 0 0 
0 21 985 18 0 0 0 0 5 997 22 0 0 0 0 0 14 996 14 0 0 0 0 0 
0 25 989 10 0 0 0 0 2 994 28 0 0 0 0 0 8 986 30 0 0 0 0 0 
0 13 987 24 0 0 0 0 2 974 48 0 0 0 0 0 4 979 41 0 0 0 0 0 
0 5 923 96 0 0 0 0 2 905 117 0 0 0 0 0 5 936 83 0 0 0 0 0 
0 0 903 120 1 0 0 0 0 122 901 1 0 0 0 0 2 938 83 1 0 0 0 0 
0 1 94 923 6 0 0 0 0 103 919 2 0 0 0 0 1 905 118 0 0 0 0 0 
0 3 101 914 6 0 0 0 1 108 913 2 0 0 0 0 4 897 122 1 0 0 0 0 
0 26 71 914 13 0 0 0 15 90 912 7 0 0 0 0 20 868 129 7 0 0 0 0 
0 3 83 931 7 0 0 0 1 85 933 5 0 0 0 0 2 81 932 9 0 0 0 0 
0 0 19 1001 4 0 0 0 0 24 997 3 0 0 0 0 0 22 999 3 0 0 0 0 
