0 1024 0 0 0 0 0 0 0 0 0 0 1024 0 0 0 0 0 0 0 0 0 1024 0 
0 1024 0 0 0 0 0 0 0 0 0 0 1024 0 0 0 0 0 0 0 0 0 1024 0 
0 1024 0 0 0 0 0 0 0 0 0 0 1024 0 0 0 0 0 0 0 0 0 1024 0 
0 1024 0 0 0 0 0 0 0 0 0 0 1024 0 0 0 0 0 0 0 0 0 1024 0 
0 1024 0 0 0 0 0 0 0 0 0 0 1024 0 0 0 0 0 0 0 0 0 1024 0 
0 1024 0 0 0 0 0 0 0 0 0 0 1024 0 0 0 0 0 0 0 0 0 1024 0 
0 1024 0 0 0 0 0 0 0 0 0 0 1024 0 0 0 0 0 0 0 0 0 1024 0 
0 1024 0 0 0 0 0 0 0 0 0 0 1024 0 0 0 0 0 0 0 0 0 858 166 
0 1024 0 0 0 0 0 0 0 0 0 2 1022 0 0 0 0 0 0 0 0 0 1024 0 
0 1024 0 0 0 0 0 0 0 0 0 0 1024 0 0 0 0 0 0 0 0 0 1024 0 
0 1024 0 0 0 0 0 0 0 0 0 0 1024 0 0 0 0 0 0 0 0 0 1024 0 
0 1024 0 0 0 0 0 0 0 0 0 0 1024 0 0 0 0 0 0 0 0 0 1024 0 
0 1024 0 0 0 0 0 0 0 0 0 0 1024 0 0 0 0 0 0 0 0 0 1024 0 
0 1024 0 0 0 0 0 0 0 0 0 0 1024 0 0 0 0 0 0 0 0 0 1024 0 
0 1024 0 0 0 0 0 0 0 0 0 0 1024 0 0 0 0 0 0 0 0 0 1024 0 
0 1024 0 0 0 0 0 0 0 0 0 0 1024 0 0 0 0 0 0 0 0 0 1024 0 
143 881 0 0 0 0 0 0 54 74 26 559 311 0 0 0 0 65 53 18 23 85 780 0 
194 830 0 0 0 0 0 0 94 56 42 127 705 0 0 0 0 76 62 25 40 51 770 0 
9 1015 0 0 0 0 0 0 0 1 4 26 993 0 0 0 0 0 0 2 3 24 995 0 
65 959 0 0 0 0 0 0 10 25 20 42 927 0 0 0 0 7 20 14 21 30 932 0 
139 882 3 0 0 0 0 0 37 80 27 38 842 0 0 0 0 47 36 42 26 27 846 0 
0 1024 0 0 0 0 0 0 0 0 0 0 1024 0 0 0 0 0 0 0 0 0 1024 0 
0 1024 0 0 0 0 0 0 0 0 0 0 1024 0 0 0 0 0 0 0 0 0 1024 0 
109 915 0 0 0 0 0 0 1 93 15 32 883 0 0 0 0 0 79 24 12 26 883 0 
263 761 0 0 0 0 0 0 137 85 25 768 9 0 0 0 0 133 87 10 54 211 529 0 
338 686 0 0 0 0 0 0 193 74 59 623 75 0 0 0 0 174 76 36 53 79 606 0 
94 928 2 0 0 0 0 0 36 25 19 285 659 0 0 0 0 27 25 15 17 71 869 0 
117 907 0 0 0 0 0 0 31 48 37 236 672 0 0 0 0 25 48 19 32 47 853 0 
226 795 3 0 0 0 0 0 101 105 26 35 757 0 0 0 0 123 65 33 14 30 759 0 
0 1024 0 0 0 0 0 0 0 0 0 0 1024 0 0 0 0 0 0 0 0 0 1024 0 
30 994 0 0 0 0 0 0 5 13 4 27 975 0 0 0 0 4 11 3 6 15 985 0 
268 756 0 0 0 0 0 0 43 142 78 76 685 0 0 0 0 5 173 29 62 73 682 0 
778 246 0 0 0 0 0 0 475 114 78 357 0 0 0 0 0 481 84 58 76 325 0 0 
807 217 0 0 0 0 0 0 531 130 51 312 0 0 0 0 0 526 108 47 41 294 8 0 
654 369 1 0 0 0 0 0 397 100 48 479 0 0 0 0 0 407 82 48 13 334 140 0 
394 630 0 0 0 0 0 0 138 144 99 641 2 0 0 0 0 117 96 102 86 406 217 0 
533 489 2 0 0 0 0 0 247 203 93 425 56 0 0 0 0 258 159 68 66 220 253 0 
0 1024 0 0 0 0 0 0 0 0 0 667 357 0 0 0 0 0 0 0 0 243 781 0 
477 547 0 0 0 0 0 0 273 136 58 384 173 0 0 0 0 248 138 39 80 179 340 0 
773 246 5 0 0 0 0 0 509 201 53 115 146 0 0 0 0 543 145 39 48 89 160 0 
1005 19 0 0 0 0 0 0 881 122 20 1 0 0 0 0 0 929 70 19 6 0 0 0 
1008 16 0 0 0 0 0 0 837 164 21 2 0 0 0 0 0 859 123 37 5 0 0 0 
973 51 0 0 0 0 0 0 608 123 127 166 0 0 0 0 0 622 76 99 67 160 0 0 
873 150 1 0 0 0 0 0 405 186 125 308 0 0 0 0 0 404 134 112 85 289 0 0 
893 131 0 0 0 0 0 0 387 224 68 345 0 0 0 0 0 390 197 69 33 335 0 0 
784 239 1 0 0 0 0 0 13 13 16 982 0 0 0 0 0 8 14 14 18 970 0 0 
862 162 0 0 0 0 0 0 533 145 82 264 0 0 0 0 0 550 91 63 94 226 0 0 
1012 9 3 0 0 0 0 0 926 85 10 3 0 0 0 0 0 934 65 21 3 1 0 0 
1024 0 0 0 0 0 0 0 1024 0 0 0 0 0 0 0 0 1024 0 0 0 0 0 0 
1024 0 0 0 0 0 0 0 1024 0 0 0 0 0 0 0 0 1024 0 0 0 0 0 0 
1024 0 0 0 0 0 0 0 1016 8 0 0 0 0 0 0 0 1019 5 0 0 0 0 0 
1024 0 0 0 0 0 0 0 1002 22 0 0 0 0 0 0 0 1011 13 0 0 0 0 0 
1020 4 0 0 0 0 0 0 1007 8 7 2 0 0 0 0 0 1008 5 8 2 1 0 0 
992 31 1 0 0 0 0 0 873 50 54 47 0 0 0 0 0 877 39 33 44 31 0 0 
1016 8 0 0 0 0 0 0 985 36 3 0 0 0 0 0 0 992 28 4 0 0 0 0 
1024 0 0 0 0 0 0 0 1022 2 0 0 0 0 0 0 0 1024 0 0 0 0 0 0 
1024 0 0 0 0 0 0 0 446 578 0 0 0 0 0 0 20 948 56 0 0 0 0 0 
1024 0 0 0 0 0 0 0 452 572 0 0 0 0 0 0 0 946 78 0 0 0 0 0 
1024 0 0 0 0 0 0 0 451 573 0 0 0 0 0 0 1 897 126 0 0 0 0 0 
1020 4 0 0 0 0 0 0 449 575 0 0 0 0 0 0 1 825 198 0 0 0 0 0 
1022 2 0 0 0 0 0 0 448 576 0 0 0 0 0 0 0 793 231 0 0 0 0 0 
1014 10 0 0 0 0 0 0 448 576 0 0 0 0 0 0 0 677 347 0 0 0 0 0 
1022 2 0 0 0 0 0 0 448 576 0 0 0 0 0 0 0 652 372 0 0 0 0 0 
1022 2 0 0 0 0 0 0 451 573 0 0 0 0 0 0 0 668 356 0 0 0 0 0 
