0 0 0 0 0 832 192 0 0 0 0 0 606 418 0 0 0 0 0 787 237 0 0 0 
0 0 0 0 0 979 45 0 0 0 0 0 950 74 0 0 0 0 0 976 48 0 0 0 
0 0 0 0 0 651 373 0 0 0 0 0 422 602 0 0 0 0 0 581 443 0 0 0 
0 0 0 0 0 184 840 0 0 0 0 0 55 876 93 0 0 0 0 151 873 0 0 0 
0 0 0 0 0 1 1023 0 0 0 0 0 0 831 193 0 0 0 0 6 1018 0 0 0 
0 0 0 0 0 0 1024 0 0 0 0 0 0 763 261 0 0 0 0 26 998 0 0 0 
0 0 0 0 0 0 1024 0 0 0 0 0 0 793 231 0 0 0 0 8 1016 0 0 0 
0 0 0 0 0 0 1001 23 0 0 0 0 0 429 595 0 0 0 0 12 1012 0 0 0 
0 0 0 0 0 1024 0 0 0 0 0 0 972 52 0 0 0 0 2 1022 0 0 0 0 
0 0 0 0 9 1015 0 0 0 0 0 0 1024 0 0 0 0 0 0 1024 0 0 0 0 
0 0 0 0 0 1024 0 0 0 0 0 0 930 94 0 0 0 0 0 1024 0 0 0 0 
0 0 0 0 0 1024 0 0 0 0 0 0 576 448 0 0 0 0 0 774 250 0 0 0 
0 0 0 0 26 598 400 0 0 0 0 0 377 647 0 0 0 0 0 870 92 62 0 0 
0 0 0 0 14 260 750 0 0 0 0 0 208 816 0 0 0 0 0 912 99 13 0 0 
0 0 0 0 15 224 785 0 0 0 0 2 146 876 0 0 0 0 0 859 161 4 0 0 
0 0 0 0 20 399 603 2 0 0 0 3 268 750 2 1 0 0 6 757 255 6 0 0 
0 0 0 102 568 352 2 0 0 0 0 261 719 39 5 0 0 0 144 614 212 42 12 0 
0 0 0 187 346 444 44 3 0 0 81 171 575 129 59 9 0 7 164 469 217 95 35 37 
0 0 0 416 50 558 0 0 0 0 25 417 582 0 0 0 0 0 417 607 0 0 0 0 
0 0 12 404 72 536 0 0 0 0 118 327 568 11 0 0 0 52 375 587 10 0 0 0 
0 0 0 58 497 453 16 0 0 0 28 140 632 203 18 3 0 7 104 258 565 73 17 0 
0 0 0 12 802 210 0 0 0 0 0 157 681 186 0 0 0 0 57 280 563 124 0 0 
0 0 0 14 611 399 0 0 0 0 1 232 533 258 0 0 0 0 116 468 282 158 0 0 
0 0 0 52 651 317 4 0 0 0 18 376 534 91 5 0 0 7 242 463 266 41 5 0 
0 0 5 357 448 170 43 1 0 0 157 252 406 94 106 9 0 137 126 339 271 59 83 9 
0 0 0 479 369 165 11 0 0 0 53 480 317 155 19 0 0 31 384 277 254 72 6 0 
0 0 0 1024 0 0 0 0 0 0 0 1024 0 0 0 0 0 0 548 476 0 0 0 0 
0 0 107 917 0 0 0 0 0 0 399 625 0 0 0 0 0 167 589 268 0 0 0 0 
0 0 4 256 494 262 8 0 0 0 71 245 476 216 16 0 0 45 183 216 432 148 0 0 
0 0 2 71 552 361 38 0 0 0 12 72 351 495 94 0 0 8 38 178 432 368 0 0 
0 0 20 166 422 404 12 0 0 0 71 202 369 367 15 0 0 31 151 356 319 160 7 0 
0 0 0 221 440 357 4 2 0 0 64 283 458 213 3 3 0 21 249 417 326 5 3 3 
0 0 132 781 111 0 0 0 0 14 730 241 39 0 0 0 25 770 162 67 0 0 0 0 
0 0 49 732 243 0 0 0 0 1 281 738 4 0 0 0 0 264 667 93 0 0 0 0 
0 0 0 941 83 0 0 0 0 0 0 929 95 0 0 0 0 0 144 880 0 0 0 0 
0 0 0 989 35 0 0 0 0 0 6 976 42 0 0 0 0 0 254 770 0 0 0 0 
0 0 9 725 168 106 16 0 0 0 525 277 102 103 17 0 0 458 225 182 73 85 1 0 
0 0 7 744 257 16 0 0 0 0 646 235 79 64 0 0 0 471 321 121 68 43 0 0 
0 0 30 613 274 100 7 0 0 0 604 214 105 89 11 1 0 344 393 163 58 60 6 0 
0 0 40 734 157 88 5 0 0 2 554 276 90 79 23 0 0 392 275 204 101 49 3 0 
0 0 544 455 25 0 0 0 0 106 872 46 0 0 0 0 158 811 55 0 0 0 0 0 
0 0 189 634 201 0 0 0 0 29 547 244 190 14 0 0 52 516 118 231 95 12 0 0 
0 0 15 252 756 1 0 0 0 0 11 143 804 66 0 0 0 0 29 445 498 52 0 0 
0 1 35 560 353 50 25 0 0 3 27 340 574 44 36 0 0 8 77 753 130 51 5 0 
0 0 125 807 25 16 34 17 0 0 708 229 23 18 41 5 5 689 100 160 17 26 27 0 
0 0 250 742 28 4 0 0 0 6 906 90 18 4 0 0 20 741 192 56 15 0 0 0 
0 0 146 857 21 0 0 0 0 11 935 76 2 0 0 0 14 824 179 7 0 0 0 0 
0 0 251 731 42 0 0 0 0 40 889 95 0 0 0 0 52 739 229 4 0 0 0 0 
0 0 241 690 93 0 0 0 0 3 513 508 0 0 0 0 0 415 607 2 0 0 0 0 
0 0 85 303 617 19 0 0 0 0 160 270 125 469 0 0 0 92 324 40 139 429 0 0 
0 0 91 332 560 41 0 0 0 0 99 306 195 424 0 0 0 32 216 244 134 395 3 0 
0 2 183 328 254 188 66 3 0 39 190 301 214 216 63 1 14 118 266 271 160 178 17 0 
0 0 71 249 155 232 256 61 0 2 113 205 153 220 296 35 2 65 193 126 213 265 160 0 
0 25 212 399 318 70 0 0 0 81 206 368 244 125 0 0 47 147 273 340 162 55 0 0 
0 0 265 553 121 83 2 0 0 16 559 256 112 64 17 0 18 398 334 164 57 53 0 0 
0 0 316 645 63 0 0 0 0 19 718 285 2 0 0 0 1 589 426 8 0 0 0 0 
0 0 182 300 233 187 53 69 0 0 281 185 203 230 67 58 0 218 205 216 251 127 7 0 
0 0 104 261 283 119 68 189 0 0 82 186 283 211 109 153 0 55 114 369 390 89 7 0 
0 7 81 358 399 155 22 2 0 0 57 303 383 241 36 4 0 24 175 360 350 94 20 1 
0 1 109 398 370 130 16 0 0 0 89 275 397 233 26 4 0 35 160 327 334 143 25 0 
0 3 132 421 343 106 19 0 0 2 128 317 365 172 39 1 0 66 260 266 306 97 28 1 
0 7 257 362 338 59 1 0 0 41 241 295 211 235 1 0 19 167 273 179 231 155 0 0 
0 16 220 300 202 252 34 0 0 52 192 255 209 254 62 0 13 163 205 195 248 190 10 0 
0 0 54 371 406 121 41 31 0 0 119 334 338 151 74 8 0 73 251 362 244 79 13 2 
