0 0 0 0 0 1024 0 0 0 0 0 1024 0 0 0 0 0 869 155 0 0 0 0 0 
0 0 0 0 0 1024 0 0 0 0 0 1024 0 0 0 0 0 789 235 0 0 0 0 0 
0 0 0 0 0 1024 0 0 0 0 0 1024 0 0 0 0 0 746 278 0 0 0 0 0 
0 0 0 0 0 1024 0 0 0 0 0 1024 0 0 0 0 0 594 430 0 0 0 0 0 
0 0 0 0 0 1024 0 0 0 0 0 1024 0 0 0 0 0 265 759 0 0 0 0 0 
0 0 0 0 0 1024 0 0 0 0 0 1024 0 0 0 0 0 35 989 0 0 0 0 0 
0 0 0 0 0 1024 0 0 0 0 0 1024 0 0 0 0 0 16 1008 0 0 0 0 0 
0 0 0 0 0 1020 4 0 0 0 0 1024 0 0 0 0 0 5 1019 0 0 0 0 0 
0 0 0 0 0 457 567 0 0 0 0 1024 0 0 0 0 0 298 726 0 0 0 0 0 
0 0 0 0 0 484 540 0 0 0 0 959 65 0 0 0 0 167 857 0 0 0 0 0 
0 0 0 0 0 456 568 0 0 0 0 905 119 0 0 0 0 68 956 0 0 0 0 0 
0 0 0 0 0 428 596 0 0 0 0 840 184 0 0 0 0 23 1001 0 0 0 0 0 
0 0 0 0 0 392 632 0 0 0 0 776 248 0 0 0 0 4 1020 0 0 0 0 0 
0 0 0 0 0 380 644 0 0 0 0 678 346 0 0 0 0 0 1024 0 0 0 0 0 
3 12 10 12 7 354 626 0 8 18 10 622 366 0 0 0 24 13 968 19 0 0 0 0 
0 13 8 8 7 395 593 0 3 14 9 634 364 0 0 0 15 15 982 12 0 0 0 0 
0 0 0 0 0 0 1024 0 0 0 0 25 999 0 0 0 0 0 756 268 0 0 0 0 
0 0 0 0 0 0 1024 0 0 0 0 1 1023 0 0 0 0 0 674 350 0 0 0 0 
0 0 0 0 0 0 1024 0 0 0 0 0 1024 0 0 0 0 0 667 357 0 0 0 0 
0 0 0 0 0 0 1024 0 0 0 0 0 1024 0 0 0 0 0 578 446 0 0 0 0 
0 0 0 0 0 0 1024 0 0 0 0 0 1012 12 0 0 0 0 471 553 0 0 0 0 
0 0 0 0 0 0 1020 4 0 0 0 0 915 109 0 0 0 0 394 628 2 0 0 0 
29 173 41 10 12 24 710 25 45 165 36 27 608 143 0 0 154 84 245 528 13 0 0 0 
17 101 98 47 67 134 472 88 8 90 110 108 418 246 29 15 50 104 240 494 70 35 17 14 
0 0 0 0 0 145 879 0 0 0 0 0 941 83 0 0 0 0 5 983 36 0 0 0 
0 0 0 0 0 70 954 0 0 0 0 0 801 223 0 0 0 0 0 973 51 0 0 0 
0 3 13 8 22 96 882 0 0 8 14 21 712 265 4 0 4 13 17 888 96 5 1 0 
0 0 0 0 0 9 1015 0 0 0 0 0 477 547 0 0 0 0 0 946 78 0 0 0 
0 0 0 0 0 0 1024 0 0 0 0 0 242 782 0 0 0 0 0 659 365 0 0 0 
7 70 60 71 53 90 641 32 3 65 90 74 129 633 26 4 18 109 77 391 391 27 11 0 
15 211 56 31 40 46 559 66 6 215 73 60 51 608 11 0 124 151 64 200 464 21 0 0 
15 112 83 87 60 87 425 155 1 103 95 100 88 571 51 15 12 128 112 140 511 88 19 14 
60 250 237 148 122 168 34 5 10 156 296 202 252 59 38 11 17 189 276 310 98 72 52 10 
75 188 222 161 110 213 39 16 12 162 271 185 261 72 38 23 11 201 286 308 98 63 37 20 
88 223 218 171 106 131 63 24 39 208 248 205 225 49 37 13 48 257 251 286 87 61 30 4 
119 255 257 113 66 79 126 9 69 240 289 158 216 23 15 14 80 303 248 295 47 20 20 11 
199 244 211 107 69 84 110 0 87 253 281 149 217 31 6 0 99 326 240 267 66 20 5 1 
230 320 251 108 50 40 24 1 107 327 290 158 85 48 8 1 152 346 262 141 89 25 8 1 
268 319 203 105 71 30 27 1 188 348 218 139 71 54 6 0 330 294 185 107 76 29 3 0 
435 320 117 64 45 27 13 3 391 305 145 79 53 41 7 3 517 246 99 79 57 19 4 3 
64 292 371 197 43 49 8 0 17 137 357 276 144 67 24 2 27 155 324 245 170 74 27 2 
114 383 327 153 40 4 3 0 53 271 342 251 78 23 3 3 92 298 279 240 85 22 5 3 
173 426 305 77 23 17 3 0 122 417 213 214 28 18 11 1 267 362 149 194 23 20 8 1 
431 364 178 48 2 1 0 0 383 363 159 109 8 2 0 0 459 345 127 89 2 2 0 0 
461 351 175 21 16 0 0 0 382 369 202 49 17 5 0 0 519 310 138 37 15 5 0 0 
389 415 174 33 10 2 1 0 249 470 198 79 22 3 3 0 398 377 151 77 17 2 2 0 
236 499 225 40 9 5 4 6 97 405 365 122 16 7 2 10 179 409 308 95 14 7 5 7 
200 543 258 15 7 1 0 0 155 494 318 45 9 3 0 0 338 430 215 32 8 1 0 0 
116 268 548 89 2 1 0 0 5 166 248 509 93 3 0 0 3 151 209 372 285 4 0 0 
48 190 629 156 1 0 0 0 2 67 220 627 108 0 0 0 0 46 209 569 199 1 0 0 
26 160 711 107 20 0 0 0 0 36 255 674 51 8 0 0 0 31 252 660 68 13 0 0 
11 168 800 42 2 0 1 0 0 40 250 724 7 2 1 0 0 44 271 699 7 2 1 0 
21 284 680 39 0 0 0 0 38 166 254 565 1 0 0 0 119 113 356 432 4 0 0 0 
60 492 443 29 0 0 0 0 194 310 351 169 0 0 0 0 384 166 391 83 0 0 0 0 
144 654 219 7 0 0 0 0 473 320 173 58 0 0 0 0 692 149 159 24 0 0 0 0 
660 344 19 1 0 0 0 0 596 416 11 1 0 0 0 0 952 67 5 0 0 0 0 0 
185 405 390 39 5 0 0 0 139 284 479 110 11 1 0 0 199 425 295 92 12 1 0 0 
211 458 332 23 0 0 0 0 55 342 539 85 3 0 0 0 70 478 395 80 1 0 0 0 
260 427 320 10 6 1 0 0 50 368 402 194 6 4 0 0 35 388 361 228 9 3 0 0 
257 326 409 25 3 4 0 0 35 327 299 348 9 4 2 0 31 288 314 373 11 4 3 0 
120 312 575 10 5 2 0 0 19 170 334 491 6 4 0 0 18 161 279 555 6 5 0 0 
29 286 695 14 0 0 0 0 0 69 521 434 0 0 0 0 0 66 438 520 0 0 0 0 
77 475 471 1 0 0 0 0 3 165 711 145 0 0 0 0 19 166 700 139 0 0 0 0 
176 511 332 4 1 0 0 0 147 214 604 58 1 0 0 0 208 185 607 23 1 0 0 0 
