0 0 0 0 0 1024 0 0 0 0 0 0 0 1024 0 0 0 0 0 0 1024 0 0 0 
0 0 0 0 0 1024 0 0 0 0 0 0 0 1024 0 0 0 0 0 0 1024 0 0 0 
0 0 0 0 0 1024 0 0 0 0 0 0 0 1024 0 0 0 0 0 0 1024 0 0 0 
0 0 0 0 0 1024 0 0 0 0 0 0 0 1024 0 0 0 0 0 0 1024 0 0 0 
0 0 0 0 0 1024 0 0 0 0 0 0 0 1024 0 0 0 0 0 1 1023 0 0 0 
0 0 0 0 0 1024 0 0 0 0 0 0 0 1024 0 0 0 0 0 0 1024 0 0 0 
0 0 0 0 0 1024 0 0 0 0 0 0 0 1024 0 0 0 0 0 0 1024 0 0 0 
0 0 0 0 0 1024 0 0 0 0 0 0 0 1024 0 0 0 0 0 0 1024 0 0 0 
0 0 0 0 0 1024 0 0 0 0 0 0 0 1024 0 0 0 0 0 288 736 0 0 0 
0 0 0 0 0 1024 0 0 0 0 0 0 0 1024 0 0 0 0 0 267 757 0 0 0 
0 0 0 0 0 1024 0 0 0 0 0 0 0 1024 0 0 0 0 0 201 823 0 0 0 
0 0 0 0 0 1024 0 0 0 0 0 0 0 1024 0 0 0 0 0 300 724 0 0 0 
0 0 0 0 0 1024 0 0 0 0 0 0 0 1024 0 0 0 0 0 217 807 0 0 0 
0 0 0 0 0 1024 0 0 0 0 0 0 0 1024 0 0 0 0 0 381 643 0 0 0 
0 0 0 0 0 1024 0 0 0 0 0 0 0 1024 0 0 0 0 0 402 622 0 0 0 
0 0 0 0 0 1024 0 0 0 0 0 0 0 1024 0 0 0 0 0 382 642 0 0 0 
0 0 0 0 39 984 1 0 0 0 0 0 753 271 0 0 0 0 24 1000 0 0 0 0 
0 0 0 0 5 1017 2 0 0 0 0 0 603 421 0 0 0 0 16 934 72 2 0 0 
0 0 0 0 0 1024 0 0 0 0 0 0 803 221 0 0 0 0 61 945 18 0 0 0 
0 0 0 0 0 1024 0 0 0 0 0 0 788 236 0 0 0 0 19 1004 1 0 0 0 
0 0 0 0 63 949 12 0 0 0 0 30 487 507 0 0 0 0 51 631 334 8 0 0 
0 0 0 0 3 1021 0 0 0 0 0 0 869 155 0 0 0 0 8 1003 10 3 0 0 
0 0 0 0 74 950 0 0 0 0 0 45 869 110 0 0 0 0 53 960 10 1 0 0 
0 0 0 0 1 1023 0 0 0 0 0 0 930 94 0 0 0 0 1 1023 0 0 0 0 
0 0 0 0 384 635 5 0 0 0 0 14 968 40 2 0 0 0 101 888 34 1 0 0 
0 0 0 0 510 491 23 0 0 0 0 105 762 151 6 0 0 0 370 479 105 70 0 0 
0 0 0 0 322 701 1 0 0 0 0 57 822 145 0 0 0 0 161 683 141 39 0 0 
0 0 0 0 233 770 21 0 0 0 0 27 935 48 14 0 0 0 110 840 42 32 0 0 
0 0 0 0 392 626 6 0 0 0 0 197 475 303 49 0 0 0 254 343 179 220 28 0 
0 0 0 0 269 752 3 0 0 0 0 49 879 95 1 0 0 0 167 751 32 74 0 0 
0 0 0 0 491 533 0 0 0 0 0 194 655 175 0 0 0 0 308 480 137 99 0 0 
0 0 0 0 458 566 0 0 0 0 0 39 976 9 0 0 0 0 214 800 10 0 0 0 
0 0 0 1 665 338 20 0 0 0 0 150 670 177 27 0 0 0 193 611 176 44 0 0 
0 0 0 5 405 529 84 1 0 0 0 111 421 381 110 1 0 0 186 324 184 300 30 0 
0 0 0 1 511 464 48 0 0 0 0 323 341 292 68 0 0 0 347 267 216 180 14 0 
0 0 0 1 724 291 7 1 0 0 0 418 560 42 4 0 0 0 540 423 56 4 1 0 
0 0 0 0 604 411 9 0 0 0 0 343 555 125 1 0 0 0 322 485 191 26 0 0 
0 0 0 0 708 303 13 0 0 0 0 531 409 72 12 0 0 0 605 294 100 25 0 0 
0 0 0 0 816 208 0 0 0 0 0 534 459 31 0 0 0 0 588 360 73 3 0 0 
0 0 0 0 689 332 3 0 0 0 0 368 572 84 0 0 0 0 446 518 60 0 0 0 
0 0 0 44 573 407 0 0 0 0 0 222 438 364 0 0 0 9 184 410 421 0 0 0 
0 0 0 35 723 234 25 7 0 0 0 503 297 184 33 7 0 4 494 263 200 48 12 3 
0 0 0 29 883 97 11 4 0 0 0 654 344 19 4 3 0 2 605 380 25 8 3 1 
0 0 0 4 456 542 22 0 0 0 0 322 416 271 15 0 0 2 337 394 269 13 9 0 
0 0 0 4 537 483 0 0 0 0 0 296 483 245 0 0 0 0 305 400 316 3 0 0 
0 0 0 27 560 436 1 0 0 0 4 425 379 216 0 0 0 35 471 299 219 0 0 0 
0 0 0 5 803 216 0 0 0 0 0 396 595 32 1 0 0 7 428 493 94 2 0 0 
0 0 0 24 841 157 2 0 0 0 0 572 425 27 0 0 0 6 462 526 30 0 0 0 
0 0 0 480 508 20 16 0 0 0 8 806 182 11 11 6 0 154 492 352 6 10 10 0 
0 0 0 387 567 61 8 1 0 0 8 705 248 45 17 1 0 20 285 619 60 36 4 0 
0 0 0 270 745 9 0 0 0 0 0 744 277 3 0 0 0 0 472 504 45 3 0 0 
0 0 0 210 725 63 26 0 0 0 0 616 324 56 26 2 0 0 305 501 154 46 18 0 
0 0 0 134 765 125 0 0 0 0 14 559 396 54 1 0 0 4 332 487 136 62 3 0 
0 0 0 280 607 131 6 0 0 0 9 630 294 87 4 0 0 4 395 486 99 33 7 0 
0 0 0 312 580 46 79 7 0 0 6 605 305 23 43 42 0 4 326 525 70 45 54 0 
0 0 0 167 514 108 177 58 0 0 41 478 216 51 60 178 0 85 421 240 38 49 191 0 
0 0 4 523 284 99 109 5 0 0 109 501 203 68 93 50 0 97 367 281 112 68 99 0 
0 0 6 432 376 106 98 6 0 0 128 357 307 106 63 63 0 120 163 354 211 82 88 6 
0 0 4 403 534 46 16 21 0 0 73 563 299 49 18 22 0 43 168 541 210 31 19 12 
0 0 3 401 463 139 18 0 0 0 82 530 296 115 1 0 1 60 256 457 209 41 0 0 
0 0 8 578 389 45 2 2 0 0 301 507 193 20 3 0 0 239 389 273 111 11 1 0 
0 0 1 476 348 75 107 17 0 0 183 470 188 49 74 60 0 103 421 229 119 21 115 16 
0 0 0 361 476 104 82 1 0 0 54 705 97 88 49 31 0 57 483 297 103 23 61 0 
0 0 0 299 476 91 122 36 0 0 185 458 144 73 101 63 1 201 384 144 104 63 127 0 
