0 0 0 0 5 589 400 30 0 0 0 0 0 481 426 117 0 0 0 0 0 408 395 221 
0 0 0 0 1 618 280 125 0 0 0 0 0 182 635 207 0 0 0 0 0 63 719 242 
0 0 0 0 0 460 496 68 0 0 0 0 0 23 868 133 0 0 0 0 0 5 837 182 
0 0 0 0 0 117 831 76 0 0 0 0 0 0 833 191 0 0 0 0 0 0 735 289 
0 0 0 0 0 51 867 106 0 0 0 0 0 0 694 330 0 0 0 0 0 0 647 377 
0 0 0 0 0 24 974 26 0 0 0 0 0 8 1013 3 0 0 0 0 0 36 978 10 
0 0 0 0 0 25 869 130 0 0 0 0 0 52 941 31 0 0 0 0 0 188 834 2 
0 0 0 0 0 38 725 261 0 0 0 0 0 206 740 78 0 0 0 0 0 482 531 11 
0 0 0 0 39 575 371 39 0 0 0 0 5 518 399 102 0 0 0 0 0 431 418 175 
0 0 0 0 0 103 540 381 0 0 0 0 0 46 459 519 0 0 0 0 0 19 250 755 
0 0 0 0 0 0 413 611 0 0 0 0 0 0 252 772 0 0 0 0 0 0 114 910 
33 11 14 16 20 21 528 381 33 12 15 10 22 13 298 621 35 8 10 11 17 21 152 770 
0 0 0 0 0 4 933 87 0 0 0 0 0 0 829 195 0 0 0 0 0 0 619 405 
0 0 0 0 0 126 897 1 0 0 0 0 0 84 940 0 0 0 0 0 0 179 845 0 
0 0 0 0 0 113 910 1 0 0 0 0 0 365 659 0 0 0 0 0 0 685 339 0 
0 0 0 0 0 353 671 0 0 0 0 0 0 939 85 0 0 0 0 0 9 1003 12 0 
0 0 0 0 309 711 4 0 0 0 0 0 177 844 3 0 0 0 0 0 52 954 18 0 
0 0 0 0 2 639 383 0 0 0 0 0 0 512 512 0 0 0 0 0 0 256 766 2 
0 0 0 0 0 191 701 132 0 0 0 0 0 82 795 147 0 0 0 0 0 6 738 280 
0 0 19 129 106 26 347 397 0 0 12 62 179 20 302 449 0 0 4 59 183 27 157 594 
0 0 0 0 0 326 670 28 0 0 0 0 1 301 683 39 0 0 0 0 1 262 664 97 
0 0 1 4 37 693 289 0 0 0 0 6 89 740 189 0 0 0 0 8 119 693 204 0 
0 0 0 0 2 744 278 0 0 0 0 0 6 918 100 0 0 0 0 0 114 843 67 0 
0 0 0 0 0 551 473 0 0 0 0 0 12 998 14 0 0 0 0 0 114 908 2 0 
0 0 0 1 503 516 4 0 0 0 0 0 582 442 0 0 0 0 0 0 502 522 0 0 
0 0 0 0 151 808 65 0 0 0 0 0 262 700 62 0 0 0 0 0 167 730 127 0 
0 0 0 2 29 538 336 119 0 0 0 1 50 549 298 126 0 0 0 1 15 485 352 171 
0 0 42 548 101 18 118 197 0 2 19 358 314 16 106 209 0 1 16 139 528 18 86 236 
0 0 27 746 125 53 68 5 0 0 15 526 355 60 61 7 0 0 15 332 547 48 74 8 
392 68 67 326 95 60 11 5 374 80 48 279 179 45 11 8 360 89 46 216 256 40 13 4 
242 32 19 32 47 554 89 9 222 55 15 31 193 483 20 5 227 47 22 34 330 343 17 4 
18 7 14 22 212 684 60 7 21 11 17 24 641 294 13 3 22 16 16 50 789 119 9 3 
0 0 0 0 676 348 0 0 0 0 0 1 980 43 0 0 0 0 0 7 953 64 0 0 
0 0 0 1 580 443 0 0 0 0 0 0 955 69 0 0 0 0 0 1 873 150 0 0 
0 0 0 1 378 621 24 0 0 0 0 0 645 378 1 0 0 0 0 0 597 423 4 0 
0 0 21 851 117 32 3 0 0 0 0 707 294 23 0 0 0 0 0 381 619 22 2 0 
0 0 16 892 116 0 0 0 0 0 0 805 219 0 0 0 0 0 0 642 382 0 0 0 
383 51 72 410 107 1 0 0 372 57 34 399 162 0 0 0 366 59 34 349 216 0 0 0 
526 65 31 64 224 114 0 0 500 82 28 89 314 11 0 0 509 72 28 163 242 10 0 0 
1 1 10 91 639 281 1 0 1 4 39 167 798 15 0 0 1 12 59 459 489 4 0 0 
6 5 10 162 796 45 0 0 6 7 19 526 465 1 0 0 6 8 39 561 409 1 0 0 
63 12 28 165 704 51 1 0 60 16 33 403 479 32 1 0 59 17 29 421 475 19 4 0 
50 14 44 302 478 130 6 0 50 10 10 423 490 39 2 0 51 6 12 428 486 29 11 1 
9 4 79 767 149 13 3 0 9 2 8 842 156 4 3 0 11 2 7 720 276 5 3 0 
0 1 21 776 226 0 0 0 0 1 29 776 218 0 0 0 0 8 31 708 277 0 0 0 
8 1 57 752 206 0 0 0 5 4 19 841 155 0 0 0 4 5 24 856 135 0 0 0 
422 52 97 275 172 5 1 0 409 60 51 397 103 3 1 0 413 58 72 423 55 3 0 0 
2 29 81 281 555 76 0 0 3 35 110 525 345 6 0 0 4 73 199 619 126 3 0 0 
177 383 139 189 126 9 1 0 218 351 136 218 95 3 2 1 273 311 121 207 99 9 2 2 
282 277 71 234 150 8 2 0 309 247 85 247 120 15 1 0 340 217 80 218 146 21 2 0 
261 244 93 389 29 7 1 0 259 256 37 438 25 7 2 0 297 216 37 418 47 8 1 0 
422 71 168 324 28 7 3 1 412 85 58 436 23 7 2 1 421 71 61 435 21 11 2 2 
214 40 90 588 80 10 2 0 207 43 55 660 48 10 1 0 208 45 83 631 43 14 0 0 
60 103 206 491 145 13 6 0 64 77 184 537 130 24 8 0 71 102 203 516 109 16 7 0 
319 76 141 322 106 34 23 3 309 77 113 373 90 39 16 7 317 80 122 379 89 28 9 0 
129 115 153 320 268 32 3 4 102 112 158 476 123 42 8 3 121 131 248 410 87 21 6 0 
362 427 180 41 9 5 0 0 329 415 201 61 7 10 1 0 357 377 157 91 30 4 7 1 
346 555 100 19 3 1 0 0 311 547 119 43 4 0 0 0 397 463 77 60 22 5 0 0 
318 565 107 29 5 0 0 0 307 561 103 47 6 0 0 0 389 476 84 45 27 3 0 0 
248 338 199 176 55 7 1 0 230 366 217 173 33 5 0 0 265 357 226 137 34 5 0 0 
235 294 187 221 74 12 1 0 195 319 207 253 40 10 0 0 208 318 233 227 29 9 0 0 
333 275 144 193 66 11 2 0 274 315 163 203 55 11 2 1 279 324 171 200 38 10 2 0 
325 377 107 101 90 22 2 0 202 480 132 86 94 29 1 0 231 475 125 127 54 12 0 0 
454 397 81 52 32 7 1 0 283 538 77 69 33 17 7 0 323 510 85 66 24 16 0 0 
