67 313 170 238 172 60 4 0 3 36 100 232 466 105 75 7 9 79 192 260 173 216 87 8 
203 476 221 54 36 21 12 1 75 246 115 277 233 41 24 13 80 268 312 239 47 40 25 13 
194 224 225 109 82 120 67 3 86 108 90 209 232 90 93 116 101 110 166 224 119 99 72 133 
31 301 134 70 108 229 148 3 5 25 57 286 145 86 228 192 4 28 243 200 53 104 211 181 
41 240 137 88 103 285 128 2 18 26 53 272 132 73 177 273 17 31 178 185 95 76 193 249 
38 198 204 92 203 254 35 0 5 29 70 293 103 85 334 105 8 31 219 174 73 96 295 128 
11 74 180 106 161 453 39 0 1 6 15 140 141 115 351 255 0 5 46 161 85 107 326 294 
6 189 304 248 136 138 3 0 0 9 60 290 322 124 158 61 0 4 84 289 194 226 153 74 
16 10 42 128 255 328 226 19 5 13 21 43 158 250 327 207 4 11 22 38 119 191 312 327 
18 61 87 81 133 287 254 103 5 33 72 73 75 124 255 387 5 21 64 76 71 115 244 428 
8 27 94 175 188 303 225 4 2 10 24 89 177 186 231 305 0 5 23 57 158 186 183 412 
2 17 79 233 265 239 177 12 0 2 18 53 203 260 203 285 0 2 17 42 169 275 198 321 
44 59 102 118 141 316 169 75 19 59 48 74 131 144 274 275 10 57 52 79 126 111 294 295 
64 83 72 73 164 315 212 41 18 77 77 54 83 87 335 293 11 71 83 56 76 86 320 321 
42 105 83 86 125 296 215 72 26 68 85 61 74 85 212 413 20 69 81 59 80 84 207 424 
40 65 74 93 205 348 141 58 13 45 46 61 92 118 359 290 8 35 49 58 78 103 281 412 
88 148 142 177 324 112 32 1 82 137 125 147 199 187 104 43 64 166 182 154 129 147 113 69 
4 21 88 162 321 320 89 19 0 5 23 66 105 268 338 219 0 4 19 46 83 221 297 354 
23 69 159 251 199 212 106 5 7 34 88 153 227 198 181 136 3 27 56 136 212 195 197 198 
21 56 121 298 397 88 34 9 8 35 75 187 434 189 68 28 4 21 78 363 233 221 70 34 
36 170 108 208 198 66 59 179 91 96 88 96 202 172 45 234 34 148 98 133 111 174 79 247 
0 22 46 56 169 245 196 290 0 5 41 38 54 134 313 439 1 20 44 38 63 131 338 389 
7 23 110 148 225 256 197 58 1 8 35 92 150 191 292 255 1 10 43 90 162 206 296 216 
5 20 74 147 243 392 120 23 0 2 24 42 133 210 409 204 1 2 22 38 129 158 351 323 
33 144 142 275 232 133 43 22 17 106 101 197 257 200 109 37 20 102 113 243 214 194 89 49 
26 113 262 257 176 121 45 24 16 58 157 227 273 141 111 41 15 49 150 191 281 162 125 51 
7 31 84 156 154 272 275 45 2 15 21 76 159 155 232 364 0 12 19 50 134 165 192 452 
19 15 30 60 114 122 268 396 14 15 16 41 93 100 180 565 9 16 24 58 130 131 189 467 
40 103 173 250 214 153 71 20 28 87 167 247 216 163 83 33 23 94 174 250 212 159 80 32 
26 81 184 221 155 81 67 209 11 45 112 184 216 127 80 249 13 43 122 161 189 163 82 251 
17 33 77 74 53 97 147 526 10 20 61 68 57 73 134 601 10 19 60 66 62 73 148 586 
6 32 79 71 69 96 160 511 4 20 71 72 51 63 124 619 5 19 77 80 58 80 172 533 
107 98 123 183 182 179 120 32 58 95 96 151 187 136 181 120 63 95 98 153 161 162 175 117 
105 229 185 196 162 80 48 19 131 212 185 186 156 81 41 32 136 227 173 183 153 78 48 26 
41 83 105 107 116 214 278 80 29 64 91 99 93 104 205 339 25 50 92 103 99 90 178 387 
46 110 59 56 55 200 323 175 41 115 54 38 46 53 161 516 18 119 64 39 48 48 132 556 
61 200 175 167 192 145 63 21 77 182 159 146 189 159 86 26 67 167 165 179 196 160 74 16 
72 288 241 197 98 66 49 13 140 250 243 165 88 54 49 35 97 277 256 180 79 55 50 30 
59 216 218 183 173 90 54 31 59 209 197 148 162 118 73 58 60 212 206 152 162 105 73 54 
52 137 198 211 154 132 104 36 35 117 171 212 163 120 106 100 45 131 180 202 156 98 117 95 
28 43 54 87 121 195 299 197 11 29 51 54 96 130 202 451 13 27 51 56 98 127 197 455 
93 96 201 160 90 104 230 50 36 113 122 235 105 62 141 210 60 106 144 207 105 66 174 162 
71 111 99 96 97 113 181 256 72 103 85 102 85 103 132 342 52 112 92 109 89 110 141 319 
8 40 137 196 110 108 89 336 4 49 206 114 114 94 85 358 6 101 180 106 101 103 96 331 
46 182 250 232 100 77 79 58 44 181 277 174 98 88 69 93 26 172 267 197 95 96 69 102 
82 155 121 139 135 124 186 82 50 124 134 96 123 133 116 248 32 118 126 103 126 139 121 259 
12 51 53 133 88 120 141 426 10 44 62 104 77 107 148 472 9 43 100 79 79 124 154 436 
36 69 124 439 81 54 61 160 38 60 380 192 62 52 69 171 45 84 445 94 62 62 73 159 
0 0 7 49 297 302 325 44 0 0 1 4 19 103 406 491 0 0 1 2 12 42 265 702 
7 10 10 13 23 83 440 438 2 7 9 14 7 20 54 911 2 5 10 15 7 16 52 917 
11 27 50 84 132 164 263 293 4 14 27 61 92 125 188 513 3 15 30 53 97 132 194 500 
137 212 152 260 63 44 39 117 180 156 337 60 64 47 37 143 98 266 314 52 64 49 38 143 
86 129 206 152 83 87 156 125 126 68 213 137 74 78 94 234 114 126 165 152 81 70 95 221 
31 43 61 97 85 112 417 178 21 29 49 63 95 76 138 553 18 32 57 65 90 83 133 546 
33 72 84 86 86 117 421 125 11 66 56 84 79 83 120 525 9 63 58 76 92 79 119 528 
218 137 87 113 49 65 198 157 227 120 81 102 42 54 82 316 213 137 85 105 45 53 95 291 
0 11 72 242 516 181 2 0 0 0 1 88 194 280 446 15 0 0 0 5 40 200 569 210 
0 2 49 84 434 288 167 0 0 0 0 23 75 182 553 191 0 0 0 1 45 88 417 473 
0 0 8 34 218 370 311 83 0 0 0 0 24 72 371 557 0 0 0 0 9 35 225 755 
28 26 18 5 10 197 328 412 15 27 24 10 5 8 126 809 8 30 27 8 7 6 32 906 
11 33 34 20 14 215 327 370 9 23 39 19 16 19 147 752 9 26 37 18 16 23 46 849 
12 53 18 30 107 310 457 37 9 47 13 17 28 85 246 579 9 48 14 16 25 58 205 649 
13 25 47 86 241 360 246 6 0 11 22 37 72 189 309 384 0 4 19 27 58 128 281 507 
9 11 31 108 343 359 158 5 1 7 12 24 89 218 453 220 1 6 7 19 69 161 383 378 
