0 0 56 968 0 0 0 0 0 12 1012 0 0 0 0 0 1 1023 0 0 0 0 0 0 
0 0 0 1024 0 0 0 0 0 0 1024 0 0 0 0 0 0 1024 0 0 0 0 0 0 
0 0 0 1024 0 0 0 0 0 0 1024 0 0 0 0 0 0 1024 0 0 0 0 0 0 
0 0 0 1024 0 0 0 0 0 0 1024 0 0 0 0 0 0 1024 0 0 0 0 0 0 
0 0 0 1024 0 0 0 0 0 51 973 0 0 0 0 0 105 919 0 0 0 0 0 0 
0 0 64 960 0 0 0 0 0 419 605 0 0 0 0 0 486 538 0 0 0 0 0 0 
0 0 551 473 0 0 0 0 0 863 161 0 0 0 0 0 898 126 0 0 0 0 0 0 
0 0 937 87 0 0 0 0 0 1022 2 0 0 0 0 0 1024 0 0 0 0 0 0 0 
0 0 0 1024 0 0 0 0 0 0 1024 0 0 0 0 0 0 736 288 0 0 0 0 0 
0 4 42 958 5 4 10 1 1 11 977 14 5 3 10 3 5 708 281 6 8 2 3 11 
0 0 0 1024 0 0 0 0 0 0 1024 0 0 0 0 0 0 933 91 0 0 0 0 0 
0 4 37 983 0 0 0 0 2 27 995 0 0 0 0 0 11 970 43 0 0 0 0 0 
167 136 214 494 5 2 4 2 195 174 605 27 13 7 1 2 181 615 140 42 29 13 2 2 
0 0 4 1020 0 0 0 0 0 8 1016 0 0 0 0 0 15 1009 0 0 0 0 0 0 
0 0 192 832 0 0 0 0 0 283 741 0 0 0 0 0 418 606 0 0 0 0 0 0 
0 0 890 134 0 0 0 0 0 997 27 0 0 0 0 0 1024 0 0 0 0 0 0 0 
134 116 193 553 14 7 4 3 135 141 680 33 20 6 4 5 155 592 198 35 22 8 8 6 
136 163 144 559 18 3 1 0 166 151 653 29 14 7 4 0 175 541 228 46 16 8 9 1 
0 0 0 1024 0 0 0 0 0 0 1024 0 0 0 0 0 0 854 170 0 0 0 0 0 
76 72 208 639 11 12 4 2 79 114 781 20 12 8 8 2 77 661 219 33 16 6 10 2 
203 418 157 244 2 0 0 0 498 241 271 9 5 0 0 0 611 334 61 6 9 3 0 0 
0 0 54 970 0 0 0 0 0 337 687 0 0 0 0 0 622 402 0 0 0 0 0 0 
0 0 367 657 0 0 0 0 0 783 241 0 0 0 0 0 926 98 0 0 0 0 0 0 
0 0 951 73 0 0 0 0 0 968 56 0 0 0 0 0 1013 11 0 0 0 0 0 0 
124 51 724 125 0 0 0 0 167 727 130 0 0 0 0 0 779 232 13 0 0 0 0 0 
5 291 179 549 0 0 0 0 266 159 599 0 0 0 0 0 519 505 0 0 0 0 0 0 
0 0 0 1024 0 0 0 0 0 0 1024 0 0 0 0 0 0 1024 0 0 0 0 0 0 
0 37 352 635 0 0 0 0 3 165 856 0 0 0 0 0 129 688 190 17 0 0 0 0 
98 557 304 65 0 0 0 0 419 490 115 0 0 0 0 0 757 203 63 1 0 0 0 0 
0 0 581 443 0 0 0 0 0 863 161 0 0 0 0 0 989 35 0 0 0 0 0 0 
0 0 749 275 0 0 0 0 0 958 66 0 0 0 0 0 1024 0 0 0 0 0 0 0 
0 0 1011 13 0 0 0 0 0 1020 4 0 0 0 0 0 1024 0 0 0 0 0 0 0 
103 80 481 339 14 2 5 0 93 261 460 148 34 15 10 3 224 361 216 125 36 27 22 13 
83 207 201 532 1 0 0 0 99 211 699 14 1 0 0 0 179 700 124 14 6 1 0 0 
0 0 13 1011 0 0 0 0 0 0 1024 0 0 0 0 0 0 923 101 0 0 0 0 0 
28 81 254 661 0 0 0 0 38 80 830 65 11 0 0 0 45 522 340 47 29 31 10 0 
154 512 215 143 0 0 0 0 294 428 288 4 7 3 0 0 370 523 91 28 3 6 3 0 
0 0 411 613 0 0 0 0 0 153 871 0 0 0 0 0 210 810 4 0 0 0 0 0 
0 0 623 401 0 0 0 0 0 298 726 0 0 0 0 0 287 737 0 0 0 0 0 0 
0 0 901 123 0 0 0 0 0 442 582 0 0 0 0 0 339 685 0 0 0 0 0 0 
125 171 450 278 0 0 0 0 48 303 465 199 5 4 0 0 131 439 225 202 17 4 5 1 
94 124 347 440 12 2 5 0 21 150 576 153 45 30 34 15 34 502 210 121 31 42 37 47 
59 150 334 388 51 26 12 4 29 113 624 123 46 33 28 28 15 348 354 142 52 39 29 45 
67 185 444 306 10 8 1 3 47 157 554 174 78 5 6 3 32 313 293 190 79 51 60 6 
328 317 225 125 19 6 2 2 263 329 315 69 19 13 13 3 149 441 287 84 19 18 12 14 
0 1 571 452 0 0 0 0 0 9 803 212 0 0 0 0 1 677 167 179 0 0 0 0 
0 0 621 403 0 0 0 0 0 11 740 273 0 0 0 0 0 656 118 250 0 0 0 0 
0 7 751 266 0 0 0 0 0 92 765 167 0 0 0 0 20 637 193 174 0 0 0 0 
135 321 273 295 0 0 0 0 66 298 282 377 1 0 0 0 177 140 214 267 226 0 0 0 
237 253 263 251 11 4 5 0 63 166 260 407 86 33 4 5 24 73 171 306 304 88 48 10 
215 388 247 149 16 7 1 1 18 152 388 317 57 43 36 13 0 56 163 370 262 69 52 52 
216 407 293 68 23 13 3 1 90 264 285 219 83 42 27 14 12 177 254 204 140 110 85 42 
493 380 139 7 3 2 0 0 359 366 259 28 5 4 2 1 190 409 286 102 25 5 4 3 
90 71 492 371 0 0 0 0 101 80 600 243 0 0 0 0 114 370 231 309 0 0 0 0 
0 6 715 303 0 0 0 0 4 4 897 119 0 0 0 0 6 402 441 175 0 0 0 0 
214 209 445 156 0 0 0 0 219 238 559 8 0 0 0 0 240 345 429 10 0 0 0 0 
10 436 504 74 0 0 0 0 10 407 489 111 7 0 0 0 325 181 365 127 24 2 0 0 
153 322 441 92 14 2 0 0 63 300 352 155 109 32 13 0 202 138 279 133 121 81 54 16 
224 444 241 75 28 11 1 0 107 291 235 166 123 49 37 16 206 132 161 144 144 112 64 61 
386 434 129 49 17 7 2 0 230 415 195 96 42 30 15 1 216 274 232 127 77 47 32 19 
510 399 68 28 10 7 1 1 265 455 185 41 24 16 23 15 95 376 321 102 44 25 28 33 
96 193 591 112 11 14 5 2 79 171 703 32 11 17 6 5 79 275 563 44 31 18 8 6 
155 253 450 166 0 0 0 0 190 200 598 33 3 0 0 0 175 302 483 10 25 29 0 0 
304 261 452 7 0 0 0 0 214 386 424 0 0 0 0 0 253 680 91 0 0 0 0 0 
177 407 370 22 19 21 8 0 179 654 70 37 25 23 21 15 750 91 53 35 24 26 23 22 
210 508 306 0 0 0 0 0 364 660 0 0 0 0 0 0 1024 0 0 0 0 0 0 0 
45 979 0 0 0 0 0 0 173 851 0 0 0 0 0 0 1024 0 0 0 0 0 0 0 
156 851 17 0 0 0 0 0 329 669 22 4 0 0 0 0 957 39 22 5 1 0 0 0 
569 317 97 28 12 1 0 0 390 245 215 101 48 19 6 0 351 162 157 154 118 54 16 12 
482 300 185 46 10 0 1 0 330 216 194 159 102 17 5 1 256 145 180 150 150 106 31 6 
523 280 148 47 14 11 1 0 313 310 215 95 52 20 14 5 205 219 278 155 89 43 18 17 
616 249 117 23 10 9 0 0 468 311 150 53 23 15 4 0 271 393 197 79 41 25 16 2 
185 617 212 8 1 1 0 0 179 756 65 16 6 1 1 0 826 103 49 33 10 2 1 0 
178 843 3 0 0 0 0 0 289 735 0 0 0 0 0 0 1024 0 0 0 0 0 0 0 
112 912 0 0 0 0 0 0 128 896 0 0 0 0 0 0 1024 0 0 0 0 0 0 0 
169 833 15 7 0 0 0 0 208 790 18 7 1 0 0 0 950 49 17 8 0 0 0 0 
858 158 7 1 0 0 0 0 820 183 19 2 0 0 0 0 891 111 19 3 0 0 0 0 
383 309 97 52 28 25 75 55 342 69 203 78 42 44 66 180 329 58 145 104 57 37 69 225 
379 300 162 31 32 6 62 52 225 71 128 207 137 91 49 116 197 43 60 122 156 132 141 173 
322 331 179 103 58 30 1 0 136 108 167 154 164 137 107 51 102 69 90 105 135 190 169 164 
575 387 62 0 0 0 0 0 657 360 6 1 0 0 0 0 999 15 9 1 0 0 0 0 
594 430 0 0 0 0 0 0 683 341 0 0 0 0 0 0 1024 0 0 0 0 0 0 0 
531 493 0 0 0 0 0 0 613 411 0 0 0 0 0 0 1024 0 0 0 0 0 0 0 
539 480 5 0 0 0 0 0 594 419 10 1 0 0 0 0 988 26 9 1 0 0 0 0 
946 78 0 0 0 0 0 0 970 50 4 0 0 0 0 0 1004 15 5 0 0 0 0 0 
767 27 75 57 35 32 25 6 718 33 28 15 20 32 61 117 691 51 20 18 14 16 24 190 
821 51 51 23 29 29 13 7 753 34 32 21 50 47 18 69 719 50 21 22 25 40 52 95 
860 83 71 10 0 0 0 0 807 20 24 58 41 34 40 0 768 34 20 18 31 63 40 50 
1024 0 0 0 0 0 0 0 1024 0 0 0 0 0 0 0 1024 0 0 0 0 0 0 0 
1024 0 0 0 0 0 0 0 1024 0 0 0 0 0 0 0 1024 0 0 0 0 0 0 0 
1024 0 0 0 0 0 0 0 1024 0 0 0 0 0 0 0 1024 0 0 0 0 0 0 0 
1019 5 0 0 0 0 0 0 1024 0 0 0 0 0 0 0 1024 0 0 0 0 0 0 0 
999 25 0 0 0 0 0 0 1018 6 0 0 0 0 0 0 1024 0 0 0 0 0 0 0 
1024 0 0 0 0 0 0 0 1024 0 0 0 0 0 0 0 1024 0 0 0 0 0 0 0 
1024 0 0 0 0 0 0 0 1024 0 0 0 0 0 0 0 1024 0 0 0 0 0 0 0 
1024 0 0 0 0 0 0 0 1024 0 0 0 0 0 0 0 1024 0 0 0 0 0 0 0 
