0 0 1 64 157 175 617 10 0 0 0 65 181 201 492 85 0 0 21 178 186 431 112 96 
0 0 14 83 88 168 628 43 0 0 44 73 103 227 546 31 13 41 33 94 178 468 161 36 
1 43 233 296 77 83 241 50 0 58 156 203 217 115 258 17 20 92 105 157 199 236 215 0 
1 21 317 510 148 12 10 5 0 22 229 360 362 36 13 2 6 69 228 247 273 174 27 0 
0 8 207 524 264 18 3 0 0 14 192 459 321 33 5 0 7 120 307 268 215 88 17 2 
0 11 126 382 285 106 95 19 0 26 176 445 165 76 37 99 30 198 365 173 70 34 41 113 
0 6 114 327 299 166 79 33 0 22 202 430 213 51 39 67 110 335 234 143 74 31 41 56 
2 20 80 234 388 149 93 58 2 35 240 350 198 96 42 61 245 267 191 160 44 40 41 36 
0 9 138 206 177 378 95 21 0 8 125 209 171 397 80 34 4 48 124 205 214 316 95 18 
0 36 214 375 224 130 45 0 0 41 270 357 197 125 34 0 11 177 334 252 143 88 19 0 
1 39 144 317 220 75 210 18 1 55 229 315 132 80 205 7 41 221 254 183 70 137 113 5 
0 5 93 291 160 84 314 77 0 14 140 248 151 82 310 79 35 169 144 81 94 173 277 51 
0 11 65 305 308 85 147 103 0 16 135 425 147 88 161 52 32 239 339 129 113 101 48 23 
0 7 43 193 409 289 59 24 0 21 153 385 331 78 49 7 184 314 331 118 49 24 4 0 
0 3 37 190 527 167 50 50 0 24 192 523 162 33 44 46 341 343 194 26 24 33 38 25 
0 1 48 191 604 127 46 7 0 17 252 537 126 32 41 19 498 210 147 61 23 25 35 25 
1 22 161 204 128 151 270 87 0 34 164 177 138 145 246 120 11 160 142 102 130 177 253 49 
0 18 49 103 89 255 370 140 0 13 54 82 82 236 310 247 3 36 53 65 88 237 287 255 
1 8 130 290 162 123 283 27 1 4 121 305 153 99 266 75 5 71 204 193 95 104 216 136 
0 69 290 330 166 40 57 72 3 17 163 348 305 41 21 126 10 66 174 225 214 119 38 178 
6 57 292 344 146 24 38 117 8 69 271 339 156 26 22 133 36 133 304 231 130 47 33 110 
8 57 196 312 248 102 95 6 6 42 224 389 130 60 104 69 94 120 204 234 117 65 73 117 
6 39 203 284 248 121 99 24 2 39 198 396 112 80 91 106 114 106 240 156 93 71 82 162 
3 34 169 299 276 130 98 15 1 22 144 381 209 87 82 98 77 63 222 267 124 71 76 124 
23 460 498 38 2 2 1 0 92 719 200 9 2 1 1 0 606 357 53 5 2 1 0 0 
63 208 151 72 24 105 394 7 97 245 94 56 27 26 447 32 265 126 68 45 22 26 269 203 
2 33 25 51 72 101 703 37 0 2 35 53 52 103 255 524 0 1 6 29 34 97 221 636 
11 49 176 116 58 25 529 60 9 19 69 140 144 35 49 559 8 21 28 54 120 78 63 652 
35 301 488 172 12 0 0 16 20 190 208 314 262 14 0 16 33 182 169 208 208 163 42 19 
15 198 466 297 47 1 0 0 4 32 142 412 393 38 3 0 5 15 102 243 304 269 76 10 
12 235 414 253 102 8 0 0 0 14 162 377 394 77 0 0 0 21 121 194 290 313 85 0 
7 172 430 304 105 6 0 0 1 52 275 398 253 45 0 0 2 65 213 233 318 165 27 1 
194 490 80 63 40 36 114 7 377 356 19 59 46 27 56 84 694 35 22 59 38 26 36 114 
31 150 85 202 91 95 366 4 70 107 61 197 93 81 225 190 155 27 73 184 106 56 169 254 
10 101 113 56 74 148 482 40 5 54 108 90 63 67 283 354 8 57 55 62 74 85 184 499 
9 82 193 100 82 158 356 44 10 74 103 125 105 93 115 399 13 80 56 65 68 103 195 444 
51 280 278 124 99 91 70 31 68 326 234 107 61 62 62 104 203 328 143 71 46 55 57 121 
33 327 297 204 87 38 31 7 41 318 300 199 69 19 39 39 196 351 180 123 55 33 25 61 
45 362 336 113 62 62 42 2 37 260 259 234 110 31 69 24 83 249 215 174 129 72 57 45 
73 400 458 91 2 0 0 0 40 211 285 304 176 8 0 0 52 182 198 225 213 131 23 0 
82 240 138 169 102 134 150 9 150 173 137 138 104 71 126 125 227 150 123 136 62 56 71 199 
20 109 161 109 87 146 363 29 25 97 122 127 82 89 313 169 42 105 107 113 85 82 152 338 
20 62 280 87 84 167 266 58 19 94 238 73 69 101 302 128 25 180 151 72 59 89 214 234 
14 146 321 71 83 122 128 139 18 184 223 103 67 79 164 186 33 297 88 57 60 92 128 269 
25 116 152 73 114 146 89 309 26 127 140 50 61 131 119 370 61 149 88 42 53 74 152 405 
25 356 337 96 49 81 31 49 44 435 246 81 26 83 43 66 233 369 119 75 32 63 56 77 
5 50 72 68 66 96 445 222 7 48 64 75 50 85 164 531 26 64 72 54 52 66 208 482 
29 331 412 152 67 12 7 14 16 281 390 209 88 14 7 19 33 345 324 175 75 39 10 23 
21 274 443 74 48 157 7 0 18 149 429 226 156 45 1 0 102 463 267 130 57 5 0 0 
20 235 407 179 119 46 7 11 20 142 453 209 119 58 10 13 82 440 217 149 78 42 14 2 
29 141 256 188 109 60 140 101 26 84 287 185 115 71 71 185 47 207 215 119 116 67 76 177 
2 47 107 213 144 100 176 235 2 40 91 214 136 86 138 317 15 84 109 137 127 125 146 281 
25 88 140 225 155 83 147 161 23 66 135 179 142 102 80 297 24 69 150 159 98 74 95 355 
10 140 268 210 97 86 176 37 9 95 195 251 152 42 119 161 20 137 152 156 172 70 67 250 
65 401 350 102 49 46 11 0 51 311 315 196 136 12 3 0 99 394 218 158 94 48 13 0 
110 392 226 44 43 165 44 0 114 329 206 146 215 13 1 0 316 443 93 61 62 43 6 0 
2 21 38 46 162 754 1 0 0 2 17 82 877 46 0 0 72 766 47 21 38 70 10 0 
17 122 159 186 422 117 1 0 13 108 241 478 168 15 1 0 129 662 116 56 37 19 5 0 
10 130 319 448 116 1 0 0 6 94 350 430 143 1 0 0 23 221 245 378 143 14 0 0 
36 124 246 232 373 13 0 0 38 115 240 298 274 59 0 0 50 235 206 350 104 40 39 0 
41 36 77 99 139 593 39 0 33 33 53 79 634 180 12 0 199 172 235 111 88 100 117 2 
33 164 141 59 50 405 172 0 31 111 172 90 531 78 11 0 302 388 196 68 31 19 20 0 
57 390 253 46 53 170 54 1 19 150 247 234 280 86 8 0 37 225 236 172 154 126 74 0 
27 385 348 54 26 128 55 1 7 141 402 228 201 43 2 0 124 169 316 238 112 54 11 0 
