0 0 0 0 0 0 100 924 0 0 0 0 0 117 574 333 0 0 0 50 68 224 386 296 
0 0 0 0 0 0 105 919 0 0 0 0 0 0 570 454 0 0 0 0 0 161 425 438 
0 0 0 0 0 0 128 896 0 0 0 0 0 0 829 195 0 0 0 0 0 178 682 164 
0 0 0 0 0 0 20 1004 0 0 0 0 0 0 575 449 0 0 0 0 0 8 695 321 
0 0 0 0 0 0 0 1024 0 0 0 0 0 0 121 903 0 0 0 0 0 0 194 830 
0 0 0 0 0 0 10 1014 0 0 0 0 0 0 86 938 0 0 0 0 0 33 76 915 
0 0 0 0 0 0 159 865 0 0 0 0 0 26 756 242 0 0 0 0 37 303 484 200 
0 0 0 0 0 0 66 958 0 0 0 0 0 0 428 596 0 0 0 0 0 70 430 524 
0 0 0 0 0 0 402 622 0 0 0 0 0 265 708 51 0 0 0 0 88 756 126 54 
0 0 0 0 0 0 445 579 0 0 0 0 0 174 802 48 0 0 0 0 17 423 551 33 
0 0 0 0 0 0 493 531 0 0 0 0 0 72 916 36 0 0 0 0 2 563 421 38 
0 0 0 0 0 0 139 885 0 0 0 0 0 0 757 267 0 0 0 0 0 47 673 304 
0 0 0 0 0 0 16 1008 0 0 0 0 0 0 329 695 0 0 0 0 0 0 237 787 
0 0 0 0 0 0 16 1008 0 0 0 0 0 0 362 662 0 0 0 0 0 0 391 633 
0 0 0 0 0 0 83 941 0 0 0 0 0 0 793 231 0 0 0 0 0 0 822 202 
0 0 0 0 0 0 243 781 0 0 0 0 0 0 777 247 0 0 0 0 0 68 738 218 
0 0 0 0 0 0 987 37 0 0 0 0 0 1001 23 0 0 0 0 0 500 524 0 0 
0 0 0 0 0 0 734 290 0 0 0 0 0 681 119 224 0 0 0 0 384 356 99 185 
0 0 0 0 0 1 714 309 0 0 0 0 0 483 476 65 0 0 0 0 31 737 202 54 
0 0 0 0 0 0 634 390 0 0 0 0 0 64 898 62 0 0 0 0 0 273 693 58 
0 0 0 0 0 0 310 714 0 0 0 0 0 2 838 184 0 0 0 0 0 4 846 174 
0 0 0 0 0 0 465 559 0 0 0 0 0 57 881 86 0 0 0 0 0 124 820 80 
0 0 0 0 0 0 168 856 0 0 0 0 0 8 423 593 0 0 0 0 0 23 497 504 
0 0 0 0 0 1 705 318 0 0 0 0 0 389 455 180 0 0 0 0 107 505 244 168 
0 3 16 48 9 28 903 17 23 27 18 11 7 920 13 5 38 13 16 12 353 581 10 1 
0 5 16 23 58 53 639 230 24 8 11 30 45 515 337 54 28 1 11 24 87 575 273 25 
0 8 61 72 77 77 344 385 62 42 43 49 59 262 224 283 69 38 39 37 60 280 186 315 
1 7 31 68 28 24 360 505 34 33 38 20 26 134 340 399 41 25 35 15 24 107 369 408 
0 2 9 25 16 23 352 597 9 5 24 15 18 49 572 332 10 5 23 15 15 45 501 410 
0 0 0 0 0 1 394 629 0 0 0 0 0 103 454 467 0 0 0 0 0 68 455 501 
0 0 0 0 0 5 307 712 0 0 0 0 0 218 170 636 0 0 0 0 1 219 140 664 
0 0 0 0 0 0 988 36 0 0 0 0 0 935 57 32 0 0 0 0 11 947 36 30 
0 14 73 123 150 274 388 2 67 69 75 89 241 482 1 0 97 49 60 140 577 86 14 1 
0 9 111 163 214 306 217 4 100 60 59 143 244 388 30 0 114 40 38 81 408 189 117 37 
1 20 206 305 336 151 5 0 155 158 183 196 193 126 13 0 171 132 144 115 157 157 126 22 
0 14 115 188 261 353 86 7 122 78 88 101 183 324 125 3 141 55 66 74 75 184 260 169 
0 2 122 281 182 217 186 34 59 140 211 125 100 174 167 48 114 96 189 119 83 136 84 203 
1 8 96 228 114 157 408 12 87 127 131 64 69 434 110 2 150 85 104 49 105 377 65 89 
0 0 0 0 0 32 989 3 0 0 0 0 17 1004 3 0 0 0 0 3 117 900 4 0 
0 0 0 0 0 4 1020 0 0 0 0 0 2 1022 0 0 0 0 0 0 60 964 0 0 
2 186 465 133 90 113 21 14 129 240 435 68 86 44 8 14 260 153 131 127 274 31 23 25 
9 272 347 163 109 81 32 11 110 298 352 97 69 52 35 11 196 149 113 139 292 46 60 29 
25 253 367 183 116 69 11 0 211 252 294 122 63 60 22 0 196 139 93 119 308 101 48 20 
20 235 304 195 107 129 29 5 101 225 319 139 82 84 71 3 128 69 75 146 319 103 101 83 
40 210 264 203 126 110 65 6 80 198 331 153 78 68 87 29 66 79 83 157 339 98 74 128 
42 214 291 130 90 139 101 17 63 191 337 137 64 108 87 37 53 49 134 196 323 83 58 128 
21 217 307 124 93 114 129 19 85 243 334 86 96 163 11 6 86 183 122 159 357 94 13 10 
66 167 267 129 71 150 158 16 58 216 326 92 115 184 22 11 46 156 122 222 298 141 25 14 
51 857 116 0 0 0 0 0 7 751 266 0 0 0 0 0 0 0 0 246 731 47 0 0 
85 885 54 0 0 0 0 0 23 778 223 0 0 0 0 0 0 0 0 315 634 75 0 0 
85 861 78 0 0 0 0 0 17 766 241 0 0 0 0 0 0 0 0 250 646 128 0 0 
176 761 87 0 0 0 0 0 18 759 247 0 0 0 0 0 0 0 0 207 667 150 0 0 
133 782 109 0 0 0 0 0 17 752 215 40 0 0 0 0 0 0 0 143 763 108 10 0 
221 698 105 0 0 0 0 0 33 743 190 58 0 0 0 0 0 0 0 151 729 127 17 0 
266 716 42 0 0 0 0 0 60 749 213 2 0 0 0 0 0 0 1 171 725 125 2 0 
354 666 4 0 0 0 0 0 49 846 129 0 0 0 0 0 0 0 0 237 748 39 0 0 
499 486 35 4 0 0 0 0 426 517 76 3 2 0 0 0 0 89 164 420 327 22 2 0 
496 501 27 0 0 0 0 0 345 598 78 3 0 0 0 0 0 28 148 419 404 25 0 0 
423 583 18 0 0 0 0 0 238 734 52 0 0 0 0 0 0 85 97 348 488 6 0 0 
278 731 15 0 0 0 0 0 160 783 78 3 0 0 0 0 0 80 63 180 684 17 0 0 
143 838 43 0 0 0 0 0 54 802 166 2 0 0 0 0 0 6 36 128 812 42 0 0 
233 752 38 1 0 0 0 0 11 816 188 9 0 0 0 0 0 0 1 75 859 85 4 0 
334 680 10 0 0 0 0 0 17 901 105 1 0 0 0 0 0 0 0 130 863 31 0 0 
400 610 13 1 0 0 0 0 60 911 52 1 0 0 0 0 0 0 0 211 794 18 1 0 
