0 0 0 0 0 0 0 1024 0 0 0 0 0 0 0 1024 0 0 0 0 0 0 0 1024 
0 0 0 0 0 0 0 1024 0 0 0 0 0 0 2 1022 0 0 0 0 0 0 0 1024 
0 0 0 0 0 0 44 980 0 0 0 0 0 0 461 563 0 0 0 0 0 0 364 660 
0 0 0 0 0 0 599 425 0 0 0 0 0 1 799 224 0 0 0 0 0 0 765 259 
23 44 24 16 38 44 659 176 19 46 24 16 43 87 709 80 16 39 32 16 45 75 703 98 
25 116 84 76 83 51 409 180 17 100 104 81 84 48 542 48 15 85 117 88 79 49 518 73 
9 18 6 7 18 28 756 182 7 17 8 9 19 30 909 25 7 17 7 10 22 28 890 43 
0 0 0 0 0 0 849 175 0 0 0 0 0 0 1024 0 0 0 0 0 0 0 1024 0 
0 0 0 0 0 0 0 1024 0 0 0 0 0 0 0 1024 0 0 0 0 0 0 0 1024 
0 0 0 0 0 0 65 959 0 0 0 0 0 0 228 796 0 0 0 0 0 0 177 847 
0 0 0 0 0 0 755 269 0 0 0 0 0 0 1017 7 0 0 0 0 0 0 1015 9 
0 0 0 0 0 281 742 1 0 0 0 0 0 537 487 0 0 0 0 0 0 525 499 0 
29 33 70 68 177 573 73 1 20 38 68 79 207 593 18 1 17 32 69 89 209 588 19 1 
34 52 55 200 643 40 0 0 12 60 64 218 634 36 0 0 0 43 80 266 607 28 0 0 
29 29 24 20 36 27 850 9 22 31 24 25 35 39 845 3 18 29 30 17 37 40 849 4 
0 0 0 0 0 0 1024 0 0 0 0 0 0 0 1024 0 0 0 0 0 0 0 1024 0 
0 0 0 0 0 0 0 1024 0 0 0 0 0 0 0 1024 0 0 0 0 0 0 0 1024 
0 0 0 0 0 0 187 837 0 0 0 0 0 0 169 855 0 0 0 0 0 0 110 914 
0 0 0 0 0 0 1024 0 0 0 0 0 0 0 1024 0 0 0 0 0 0 0 1024 0 
0 0 0 0 0 85 808 131 0 0 0 0 0 210 662 152 0 0 0 0 0 183 651 190 
16 29 59 114 210 253 282 61 10 31 47 144 207 271 223 91 4 33 40 155 194 266 216 116 
25 45 46 258 593 57 0 0 6 51 46 289 570 61 1 0 0 39 53 343 544 45 0 0 
5 8 3 11 39 71 884 3 5 8 3 3 42 255 705 3 4 7 2 5 44 192 767 3 
0 0 0 0 0 412 612 0 0 0 0 0 0 642 382 0 0 0 0 0 0 596 428 0 
0 0 0 0 0 0 0 1024 0 0 0 0 0 0 0 1024 0 0 0 0 0 0 0 1024 
0 0 1 3 7 36 296 681 0 0 1 2 9 38 391 583 0 0 0 2 10 42 375 595 
0 0 1 2 15 28 953 25 0 0 1 2 17 25 967 12 0 0 1 1 16 27 951 28 
0 0 1 2 1 20 672 328 0 0 0 2 1 18 553 450 0 0 0 2 1 17 418 586 
5 15 28 209 154 112 107 394 4 13 25 221 143 107 95 416 3 14 29 234 121 98 100 425 
17 21 29 414 501 42 0 0 6 25 31 406 521 35 0 0 0 23 51 414 492 44 0 0 
2 3 6 22 43 95 845 8 2 3 5 19 46 163 780 6 2 2 5 18 48 157 787 5 
0 0 0 5 11 849 159 0 0 0 0 6 12 965 41 0 0 0 0 4 13 960 47 0 
0 4 11 12 46 140 113 698 0 3 12 10 36 145 117 701 0 2 7 13 33 138 104 727 
186 189 110 69 64 307 86 13 189 191 99 61 64 312 99 9 346 115 49 39 88 312 74 1 
18 58 98 313 63 117 311 46 15 47 55 92 331 126 316 42 43 104 307 27 57 146 279 61 
36 50 205 231 82 187 187 46 34 35 52 163 318 142 219 61 47 163 224 77 104 125 186 98 
221 162 207 172 120 125 16 1 196 160 169 207 137 133 20 2 185 197 174 182 124 133 24 5 
199 209 297 181 87 50 1 0 181 168 290 229 99 55 2 0 166 149 303 245 105 54 2 0 
192 142 159 214 129 112 70 6 167 133 115 177 238 124 64 6 163 161 211 146 148 122 66 7 
23 74 167 222 47 187 284 20 15 58 53 135 269 243 241 10 24 117 308 39 41 238 230 27 
59 48 102 118 304 290 76 27 49 35 96 105 151 468 92 28 39 39 60 122 131 282 319 32 
169 318 191 71 91 160 19 5 122 315 210 75 76 194 26 6 368 192 125 119 96 92 24 8 
273 236 218 170 81 16 18 12 108 405 204 169 84 24 17 13 508 113 107 142 88 34 14 18 
295 164 160 199 120 59 24 3 157 301 157 192 127 62 24 4 382 98 138 171 148 55 24 8 
183 162 223 214 156 71 15 0 164 157 204 225 173 74 27 0 157 137 204 233 179 80 34 0 
125 149 271 301 116 49 13 0 102 141 238 329 140 51 23 0 86 119 208 357 146 76 31 1 
203 170 184 197 175 76 19 0 153 184 188 178 206 94 21 0 225 136 136 184 214 101 27 1 
345 253 162 103 78 80 3 0 251 313 200 90 69 97 4 0 593 109 73 89 55 101 4 0 
152 107 179 213 156 202 14 1 121 121 120 142 253 242 24 1 149 109 96 139 163 299 67 2 
326 292 188 87 83 41 7 0 198 317 237 101 104 53 14 0 293 205 197 139 128 34 20 8 
124 119 208 353 195 25 0 0 95 105 186 86 183 369 0 0 121 75 111 153 94 154 316 0 
39 64 103 611 110 93 4 0 21 51 59 55 205 613 20 0 15 32 57 44 64 267 544 1 
174 243 307 208 44 41 7 0 140 212 309 255 54 29 24 1 115 199 325 251 62 39 21 12 
11 153 349 471 40 0 0 0 0 106 284 510 124 0 0 0 1 64 255 525 169 5 5 0 
189 267 208 218 99 36 5 2 113 223 218 253 144 64 7 2 104 177 225 261 140 79 31 7 
564 236 135 52 31 5 1 0 440 210 215 87 49 21 1 1 515 80 120 182 71 38 17 1 
226 504 143 73 47 27 3 1 33 148 450 230 86 38 24 15 26 139 425 246 64 65 31 28 
131 198 195 127 151 176 46 0 76 111 161 174 137 111 232 22 62 63 126 199 143 129 168 134 
40 73 149 279 185 157 133 8 26 54 130 240 188 157 216 13 15 39 121 243 178 76 311 41 
30 115 223 326 252 55 14 9 13 65 160 314 310 128 18 16 10 52 152 296 270 134 92 18 
82 184 225 246 240 45 2 0 30 108 234 246 323 76 7 0 29 98 220 240 298 108 27 4 
104 157 250 245 216 50 2 0 21 85 272 282 271 90 3 0 20 75 250 275 241 133 30 0 
276 191 204 162 158 28 5 0 75 115 195 194 329 105 11 0 72 89 176 185 178 119 204 1 
220 130 218 219 206 30 1 0 56 77 138 223 371 143 16 0 65 56 98 131 308 134 204 28 
