0 0 205 819 0 0 0 0 0 0 582 442 0 0 0 0 0 0 826 198 0 0 0 0 
0 0 7 974 43 0 0 0 0 0 376 648 0 0 0 0 0 0 622 402 0 0 0 0 
0 0 0 828 196 0 0 0 0 0 270 754 0 0 0 0 0 0 507 517 0 0 0 0 
0 0 0 742 282 0 0 0 0 0 224 800 0 0 0 0 0 0 451 573 0 0 0 0 
0 0 0 664 360 0 0 0 0 0 133 891 0 0 0 0 0 0 364 660 0 0 0 0 
127 18 15 616 248 0 0 0 130 15 58 821 0 0 0 0 134 11 292 587 0 0 0 0 
25 6 10 707 276 0 0 0 25 10 154 834 1 0 0 0 25 15 355 629 0 0 0 0 
0 0 26 978 20 0 0 0 0 0 334 690 0 0 0 0 0 0 611 413 0 0 0 0 
0 0 0 270 754 0 0 0 0 0 0 564 460 0 0 0 0 0 0 837 187 0 0 0 
0 0 0 47 977 0 0 0 0 0 0 345 679 0 0 0 0 0 0 617 407 0 0 0 
0 0 0 0 1024 0 0 0 0 0 0 284 740 0 0 0 0 0 0 520 504 0 0 0 
0 0 0 0 1024 0 0 0 0 0 0 208 816 0 0 0 0 0 0 469 555 0 0 0 
0 0 0 0 1024 0 0 0 0 0 0 176 848 0 0 0 0 0 0 436 588 0 0 0 
298 52 19 15 640 0 0 0 299 53 19 148 505 0 0 0 296 59 18 333 318 0 0 0 
24 48 24 0 920 8 0 0 19 61 16 139 789 0 0 0 20 69 7 418 510 0 0 0 
0 0 0 97 927 0 0 0 0 0 0 412 612 0 0 0 0 0 0 724 300 0 0 0 
0 0 0 0 1015 9 0 0 0 0 0 0 652 372 0 0 0 0 0 0 800 224 0 0 
0 0 0 0 767 257 0 0 0 0 0 0 456 568 0 0 0 0 0 0 640 384 0 0 
0 0 0 0 585 439 0 0 0 0 0 0 380 644 0 0 0 0 0 0 568 456 0 0 
0 0 0 0 453 571 0 0 0 0 0 0 316 708 0 0 0 0 0 0 478 546 0 0 
0 0 0 0 223 801 0 0 0 0 0 0 211 813 0 0 0 0 0 0 396 628 0 0 
79 282 31 13 182 437 0 0 65 292 34 13 156 464 0 0 56 302 30 18 294 324 0 0 
0 55 41 9 66 853 0 0 0 45 51 3 131 794 0 0 0 44 52 7 374 547 0 0 
0 0 0 0 392 632 0 0 0 0 0 0 323 701 0 0 0 0 0 0 587 437 0 0 
0 0 0 0 438 586 0 0 0 0 0 0 0 712 312 0 0 0 0 0 0 650 374 0 
0 0 0 0 0 1024 0 0 0 0 0 0 0 495 529 0 0 0 0 0 0 493 531 0 
0 0 0 0 0 1024 0 0 0 0 0 0 0 389 635 0 0 0 0 0 0 391 633 0 
0 0 0 0 0 1024 0 0 0 0 0 0 0 257 767 0 0 0 0 0 0 326 698 0 
0 0 0 0 0 1024 0 0 0 0 0 0 0 216 808 0 0 0 0 0 0 289 735 0 
0 200 210 27 14 573 0 0 0 145 239 46 16 150 428 0 0 132 247 50 18 181 396 0 
0 8 80 40 3 893 0 0 0 1 65 62 0 141 755 0 0 1 64 63 0 207 689 0 
0 0 0 0 0 1024 0 0 0 0 0 0 0 247 777 0 0 0 0 0 0 324 700 0 
0 0 0 285 714 25 0 0 0 0 0 0 0 151 873 0 0 0 0 0 0 0 741 283 
0 0 0 286 620 118 0 0 0 0 0 0 0 42 982 0 0 0 0 0 0 0 237 787 
0 0 0 257 571 196 0 0 0 0 0 0 0 10 1014 0 0 0 0 0 0 0 118 906 
0 0 0 158 476 390 0 0 0 0 0 0 0 4 1020 0 0 0 0 0 0 0 24 1000 
0 0 0 62 506 456 0 0 0 0 0 0 0 0 1024 0 0 0 0 0 0 0 44 980 
0 228 218 61 314 203 0 0 0 91 307 66 13 13 534 0 0 31 360 67 15 12 232 307 
0 2 113 33 403 473 0 0 0 0 68 63 12 17 593 271 0 0 47 81 11 21 73 791 
0 0 0 8 443 573 0 0 0 0 0 0 0 11 834 179 0 0 0 0 0 0 277 747 
7 319 519 179 0 0 0 0 14 250 79 20 347 314 0 0 15 232 72 20 10 16 383 276 
0 39 729 255 1 0 0 0 0 24 158 113 31 522 171 5 0 27 119 88 50 23 12 705 
0 31 700 293 0 0 0 0 0 12 130 144 53 371 292 22 0 5 89 130 52 34 13 701 
0 180 598 246 0 0 0 0 0 104 297 25 127 447 24 0 0 79 290 32 18 9 85 511 
11 221 475 317 0 0 0 0 9 184 275 55 179 292 30 0 6 171 275 49 20 46 428 29 
57 559 228 180 0 0 0 0 9 545 139 14 121 181 15 0 2 510 165 20 12 33 281 1 
95 350 206 343 30 0 0 0 85 306 81 29 160 320 43 0 111 261 90 25 17 111 398 11 
235 144 270 372 3 0 0 0 233 130 16 34 250 355 6 0 238 114 17 12 26 258 359 0 
745 279 0 0 0 0 0 0 700 323 1 0 0 0 0 0 757 267 0 0 0 0 0 0 
277 560 165 20 2 0 0 0 242 590 173 18 1 0 0 0 275 576 154 18 1 0 0 0 
0 144 718 138 24 0 0 0 0 230 674 113 7 0 0 0 0 222 674 118 10 0 0 0 
2 213 769 40 0 0 0 0 3 343 670 8 0 0 0 0 1 324 687 12 0 0 0 0 
64 654 306 0 0 0 0 0 73 808 143 0 0 0 0 0 67 800 157 0 0 0 0 0 
202 595 227 0 0 0 0 0 210 736 78 0 0 0 0 0 184 745 95 0 0 0 0 0 
494 455 75 0 0 0 0 0 471 487 66 0 0 0 0 0 432 525 67 0 0 0 0 0 
683 336 5 0 0 0 0 0 677 341 6 0 0 0 0 0 642 371 11 0 0 0 0 0 
611 264 144 5 0 0 0 0 654 269 97 4 0 0 0 0 664 275 84 1 0 0 0 0 
273 464 284 3 0 0 0 0 307 557 159 1 0 0 0 0 324 584 116 0 0 0 0 0 
6 478 540 0 0 0 0 0 12 560 452 0 0 0 0 0 13 609 402 0 0 0 0 0 
1 327 695 1 0 0 0 0 7 461 556 0 0 0 0 0 7 503 514 0 0 0 0 0 
77 573 374 0 0 0 0 0 83 642 299 0 0 0 0 0 66 674 284 0 0 0 0 0 
249 617 158 0 0 0 0 0 221 765 38 0 0 0 0 0 48 913 63 0 0 0 0 0 
393 585 46 0 0 0 0 0 352 640 32 0 0 0 0 0 74 882 68 0 0 0 0 0 
245 723 56 0 0 0 0 0 205 775 44 0 0 0 0 0 42 839 143 0 0 0 0 0 
