0 0 0 0 0 0 539 485 0 0 0 0 0 19 878 127 0 0 0 0 0 73 949 2 
0 0 0 0 0 0 553 471 0 0 0 0 0 49 867 108 0 0 0 0 0 121 884 19 
0 0 0 0 0 0 55 969 0 0 0 0 0 3 177 844 0 0 0 0 0 40 945 39 
0 0 0 0 0 0 0 1024 0 0 0 0 0 0 9 1015 0 0 0 0 0 0 1024 0 
0 0 0 0 0 0 0 1024 0 0 0 0 0 0 0 1024 0 0 0 0 0 0 1024 0 
0 0 0 0 0 0 0 1024 0 0 0 0 0 0 0 1024 0 0 0 0 0 0 1024 0 
0 0 0 0 0 0 0 1024 0 0 0 0 0 0 0 1024 0 0 0 0 0 0 1024 0 
0 0 0 0 0 0 0 1024 0 0 0 0 0 0 0 1024 0 0 0 0 0 0 1024 0 
0 49 191 16 4 25 24 715 2 89 150 16 14 24 21 708 4 83 129 41 18 21 87 641 
0 0 0 0 0 0 91 933 0 0 0 0 0 8 255 761 0 0 0 0 0 11 351 662 
0 0 0 0 0 8 527 489 0 0 0 0 0 148 468 408 0 0 0 0 0 190 487 347 
0 0 0 0 0 1 455 568 0 0 0 0 0 172 446 406 0 0 0 0 0 228 625 171 
0 0 0 0 0 0 39 985 0 0 0 0 0 28 25 971 0 0 0 0 0 38 399 587 
0 6 36 16 42 21 32 871 2 24 20 40 20 27 30 861 3 26 21 37 21 29 402 485 
0 0 0 0 0 0 0 1024 0 0 0 0 0 0 0 1024 0 0 0 0 0 0 457 567 
0 0 0 0 0 0 0 1024 0 0 0 0 0 0 0 1024 0 0 0 0 0 0 478 546 
0 41 262 17 12 11 14 667 0 49 254 17 14 11 17 662 0 15 223 76 15 14 20 661 
0 0 0 0 0 0 0 1024 0 0 0 0 0 0 0 1024 0 0 0 0 0 0 0 1024 
0 0 0 0 7 30 32 955 0 0 0 2 11 31 26 954 0 0 0 3 12 41 21 947 
0 0 0 0 0 0 17 1007 0 0 0 0 0 5 16 1003 0 0 0 0 0 4 24 996 
0 2 31 38 45 25 57 826 0 5 25 51 33 49 70 791 0 5 23 56 25 56 75 784 
0 0 0 1 68 62 61 832 0 0 0 55 45 45 47 832 0 0 0 66 48 28 52 830 
0 0 0 0 0 0 0 1024 0 0 0 0 0 0 0 1024 0 0 0 0 0 0 0 1024 
0 0 0 0 0 0 0 1024 0 0 0 0 0 0 0 1024 0 0 0 0 0 0 0 1024 
0 175 177 2 7 26 25 612 0 172 177 3 8 29 23 612 0 27 201 113 16 27 28 612 
0 0 0 0 0 0 0 1024 0 0 0 0 0 0 0 1024 0 0 0 0 0 0 0 1024 
0 0 0 57 14 16 46 891 0 0 0 56 24 12 59 873 0 0 0 0 75 17 66 866 
0 101 43 35 85 28 70 662 0 103 52 95 36 12 68 658 0 102 77 80 27 13 69 656 
0 287 79 84 56 54 47 417 0 298 69 82 78 32 91 374 0 234 87 72 115 46 142 328 
0 221 139 65 97 98 99 305 0 229 154 64 106 69 120 282 0 226 69 173 94 68 134 260 
0 349 12 10 6 5 8 634 0 350 14 9 4 6 8 633 0 350 14 11 3 7 6 633 
0 0 0 0 0 0 0 1024 0 0 0 0 0 0 0 1024 0 0 0 0 0 0 0 1024 
0 266 130 19 23 14 43 529 0 236 147 37 18 10 28 548 0 82 174 118 58 15 24 553 
4 136 198 76 24 12 16 558 6 142 191 81 22 11 13 558 1 137 61 162 69 22 14 558 
0 130 226 253 78 68 79 190 0 133 194 283 90 78 51 195 0 56 130 189 315 85 48 201 
0 235 117 137 294 169 72 0 2 268 158 318 168 40 70 0 3 278 195 319 126 29 74 0 
1 867 91 5 60 0 0 0 5 910 49 60 0 0 0 0 6 904 53 61 0 0 0 0 
2 227 111 133 483 68 0 0 10 235 152 481 112 34 0 0 8 237 177 470 99 33 0 0 
0 38 17 116 565 6 19 263 0 47 20 669 0 12 16 260 0 46 128 562 2 15 13 258 
0 0 1 0 0 3 4 1016 0 0 0 0 0 1 7 1016 0 0 0 0 0 1 7 1016 
9 508 258 67 41 40 20 81 8 393 354 90 48 35 16 80 2 308 165 244 163 30 32 80 
44 561 298 85 21 11 2 2 54 523 342 65 20 16 2 2 41 473 190 204 86 23 5 2 
31 483 187 32 89 199 2 1 57 460 130 87 154 133 2 1 14 433 155 57 226 133 5 1 
9 248 81 164 520 2 0 0 11 264 170 487 89 1 2 0 13 248 250 453 56 2 2 0 
122 690 173 36 3 0 0 0 172 664 159 24 4 1 0 0 35 753 208 22 3 3 0 0 
14 361 336 184 108 14 7 0 4 125 638 187 44 17 9 0 0 133 203 330 315 31 12 0 
564 183 81 43 74 21 11 47 94 461 274 111 14 14 14 42 4 415 306 102 131 10 14 42 
26 79 133 133 196 32 10 415 10 82 154 85 98 167 13 415 19 78 143 87 75 194 13 415 
264 197 273 161 85 33 11 0 31 239 387 204 82 56 24 1 37 206 383 215 92 59 27 5 
349 446 103 46 34 38 7 1 158 579 143 47 27 43 25 2 141 551 166 58 27 44 34 3 
323 224 203 117 70 56 27 4 156 277 201 175 105 48 56 6 164 255 55 96 279 94 65 16 
47 455 303 112 63 38 5 1 6 134 459 235 117 40 29 4 2 84 186 297 345 63 42 5 
105 577 167 74 37 49 7 8 38 556 221 74 43 46 34 12 6 506 260 107 37 40 53 15 
476 343 91 40 20 35 19 0 104 659 147 29 13 32 32 8 24 633 238 42 9 29 38 11 
965 11 9 9 8 17 5 0 202 610 164 12 9 10 17 0 234 510 228 17 8 9 17 1 
403 93 97 292 138 1 0 0 44 355 143 267 135 80 0 0 47 319 156 260 129 113 0 0 
225 346 236 126 43 21 23 4 23 196 407 247 80 35 26 10 15 131 398 294 97 42 29 18 
325 391 164 59 45 26 10 4 32 227 419 183 80 51 23 9 16 136 426 238 101 55 41 11 
226 387 255 109 34 10 3 0 26 286 401 210 65 24 12 0 7 157 349 314 135 43 17 2 
190 625 175 28 5 0 1 0 2 94 559 313 44 11 0 1 1 30 373 458 143 15 3 1 
253 435 215 84 34 3 0 0 70 208 403 282 49 10 2 0 27 127 365 382 89 29 5 0 
437 386 111 42 15 16 17 0 33 277 455 173 38 23 20 5 12 161 432 265 94 27 19 14 
483 217 105 68 58 54 38 1 117 291 322 124 42 45 71 12 126 271 298 146 45 49 77 12 
523 183 81 67 61 56 53 0 113 367 240 119 35 64 72 14 145 291 256 116 57 58 76 25 
