0 0 0 0 879 145 0 0 0 0 0 586 361 77 0 0 0 0 0 480 451 93 0 0 
0 0 0 0 603 421 0 0 0 0 0 352 528 144 0 0 0 0 0 261 570 193 0 0 
0 0 0 0 393 626 5 0 0 0 0 92 791 141 0 0 0 0 0 61 749 213 1 0 
0 0 0 0 31 762 231 0 0 0 0 0 312 561 151 0 0 0 0 0 268 574 182 0 
0 0 0 0 0 8 753 263 0 0 0 0 1 17 811 195 0 0 0 0 0 8 797 219 
0 0 0 3 190 537 244 50 0 0 38 364 313 184 118 7 0 17 311 100 325 155 99 17 
0 0 0 0 365 597 62 0 0 0 25 393 504 102 0 0 0 42 132 308 433 109 0 0 
0 0 0 3 213 731 77 0 0 0 0 196 579 224 25 0 0 0 0 214 504 276 30 0 
0 0 0 0 26 451 477 70 0 0 0 1 174 441 372 36 0 0 0 1 122 475 386 40 
0 0 0 0 14 527 245 238 0 0 0 343 111 246 165 159 0 0 192 197 77 220 164 174 
0 0 0 0 10 548 317 149 0 0 0 295 261 100 283 85 0 0 82 414 69 85 282 92 
0 0 0 0 1 893 92 38 0 0 0 621 291 51 52 9 0 0 332 537 61 41 42 11 
0 0 0 0 615 409 0 0 0 0 50 444 447 83 0 0 0 7 161 322 416 118 0 0 
0 0 0 0 653 371 0 0 0 0 0 426 439 159 0 0 0 0 0 377 461 186 0 0 
0 0 0 0 1014 10 0 0 0 0 0 596 428 0 0 0 0 0 0 418 606 0 0 0 
0 0 0 0 711 313 0 0 0 0 0 25 969 30 0 0 0 0 0 0 986 38 0 0 
0 0 0 0 37 639 345 3 0 0 0 0 423 293 308 0 0 0 0 0 371 308 337 8 
0 0 0 0 335 433 252 4 0 0 0 39 562 325 98 0 0 0 0 24 577 313 109 1 
8 83 78 51 780 24 0 0 43 80 66 559 276 0 0 0 39 77 73 509 326 0 0 0 
0 0 0 36 971 17 0 0 0 0 0 831 193 0 0 0 0 0 0 781 243 0 0 0 
0 0 0 58 759 207 0 0 0 0 2 352 670 0 0 0 0 0 0 308 701 15 0 0 
0 0 0 0 548 438 36 2 0 0 0 163 661 178 22 0 0 0 0 149 658 189 28 0 
0 0 0 0 0 166 526 332 0 0 0 0 21 203 463 337 0 0 0 0 17 193 467 347 
0 0 0 0 26 275 634 89 0 0 0 10 98 614 251 51 0 0 0 12 71 618 269 54 
0 0 0 0 491 533 0 0 0 0 9 517 498 0 0 0 0 0 216 710 98 0 0 0 
0 0 0 0 822 202 0 0 0 0 0 448 576 0 0 0 0 0 0 517 507 0 0 0 
0 0 0 0 619 404 1 0 0 0 0 101 888 35 0 0 0 0 0 83 885 56 0 0 
0 0 0 0 358 666 0 0 0 0 0 5 1019 0 0 0 0 0 0 170 854 0 0 0 
0 0 0 0 602 422 0 0 0 0 0 169 833 22 0 0 0 0 0 264 727 33 0 0 
0 0 0 83 815 126 0 0 0 0 3 477 509 35 0 0 0 0 0 425 560 39 0 0 
14 48 73 469 346 74 0 0 38 47 122 620 178 19 0 0 35 46 112 624 173 34 0 0 
0 0 0 884 140 0 0 0 0 0 88 936 0 0 0 0 0 0 6 1018 0 0 0 0 
0 45 74 479 271 122 28 5 1 58 144 491 219 84 26 1 1 55 113 507 222 96 27 3 
0 0 0 33 636 355 0 0 0 0 1 99 818 106 0 0 0 0 0 68 804 152 0 0 
0 0 0 0 247 644 133 0 0 0 0 1 393 537 93 0 0 0 0 0 314 579 131 0 
0 0 0 0 239 586 199 0 0 0 0 11 414 478 121 0 0 0 0 6 360 501 157 0 
0 0 0 8 734 282 0 0 0 0 0 615 406 3 0 0 0 0 0 826 196 2 0 0 
0 3 29 115 813 64 0 0 0 13 95 610 306 0 0 0 0 13 84 655 272 0 0 0 
0 8 28 46 675 236 31 0 1 15 48 353 541 53 13 0 1 14 47 380 512 55 15 0 
0 0 0 0 195 711 116 2 0 0 0 49 740 186 47 2 0 0 0 118 662 191 51 2 
0 8 34 44 63 855 20 0 2 17 42 61 864 38 0 0 2 17 41 136 807 21 0 0 
0 0 0 0 154 855 15 0 0 0 0 82 942 0 0 0 0 0 0 143 881 0 0 0 
16 23 102 216 408 201 57 1 24 66 119 421 317 72 5 0 29 71 110 431 317 65 1 0 
114 253 181 400 73 3 0 0 174 242 191 378 33 6 0 0 167 226 155 387 59 25 5 0 
232 104 150 265 139 66 65 3 234 116 194 199 141 115 25 0 226 104 158 227 109 154 46 0 
1 16 62 577 235 89 42 2 1 20 371 372 168 89 3 0 1 20 317 406 180 100 0 0 
0 0 0 155 498 329 41 1 0 0 30 226 554 187 27 0 0 0 4 192 554 240 34 0 
0 0 0 0 521 476 27 0 0 0 0 76 547 380 21 0 0 0 0 20 578 365 61 0 
0 0 0 3 775 246 0 0 0 0 0 439 585 0 0 0 0 0 0 473 551 0 0 0 
0 0 2 56 404 489 73 0 0 0 17 309 313 373 12 0 0 0 13 270 325 393 23 0 
57 50 38 30 246 587 16 0 69 63 13 75 655 146 3 0 61 60 23 39 652 184 5 0 
0 0 0 0 54 685 281 4 0 0 0 0 426 402 194 2 0 0 0 0 351 463 208 2 
86 92 116 109 287 276 55 3 95 107 125 217 319 140 19 2 85 107 124 200 320 162 23 3 
0 5 8 6 227 623 155 0 3 3 11 130 467 344 66 0 3 2 12 174 409 345 79 0 
98 142 158 198 186 158 75 9 143 148 231 193 179 88 42 0 152 134 232 193 179 94 39 1 
306 324 211 99 44 29 11 0 384 257 173 102 51 41 15 1 363 222 149 131 65 56 29 9 
394 129 187 158 85 31 33 7 361 116 155 176 116 69 31 0 329 108 118 108 163 140 49 9 
200 78 55 41 62 130 406 52 209 83 50 50 85 350 183 14 202 96 49 52 95 378 140 12 
36 22 23 216 227 97 365 38 43 20 45 241 196 154 302 23 41 21 29 189 246 221 253 24 
80 137 165 153 132 286 67 4 95 165 147 155 129 285 46 2 96 156 139 144 128 269 89 3 
13 29 12 357 490 123 0 0 23 22 78 615 286 0 0 0 22 23 76 580 323 0 0 0 
0 0 2 19 288 714 1 0 0 0 4 162 468 390 0 0 0 0 4 160 404 456 0 0 
47 110 88 174 443 162 0 0 75 107 95 395 284 68 0 0 71 107 113 359 286 88 0 0 
6 25 64 252 593 81 3 0 15 35 120 618 200 36 0 0 12 38 131 553 249 41 0 0 
162 223 212 264 136 27 0 0 174 259 240 285 62 4 0 0 167 250 235 309 59 4 0 0 
16 48 176 128 286 317 52 1 34 82 204 134 342 220 8 0 35 84 203 113 336 240 13 0 
280 296 271 76 49 47 5 0 383 340 178 37 48 36 2 0 385 365 148 37 46 41 2 0 
247 351 214 151 58 3 0 0 311 298 214 135 61 5 0 0 326 251 197 152 86 12 0 0 
314 241 270 130 29 25 15 0 343 262 273 83 23 21 19 0 323 268 265 97 28 20 20 3 
431 191 105 126 91 35 42 3 457 177 122 113 67 45 40 3 444 180 111 118 70 46 50 5 
476 106 59 121 69 57 119 17 507 86 87 100 80 41 112 11 503 88 73 112 79 42 115 12 
699 195 87 16 13 6 3 5 747 175 61 15 14 5 2 5 746 176 58 17 14 6 2 5 
283 295 217 127 97 5 0 0 359 314 178 141 32 0 0 0 377 301 165 153 28 0 0 0 
260 162 124 128 288 62 0 0 315 190 142 247 128 2 0 0 317 233 100 268 103 3 0 0 
278 293 208 90 155 0 0 0 419 347 81 177 0 0 0 0 522 266 82 154 0 0 0 0 
607 256 71 59 31 0 0 0 730 182 52 60 0 0 0 0 797 116 54 57 0 0 0 0 
266 352 245 84 69 8 0 0 377 287 220 44 51 43 2 0 423 244 215 43 27 61 11 0 
92 145 350 257 79 71 19 11 105 229 430 106 63 68 15 8 111 251 406 95 58 73 23 7 
326 289 235 28 52 45 40 9 457 332 78 32 45 48 29 3 508 319 42 32 43 49 28 3 
366 212 444 1 1 0 0 0 466 421 136 1 0 0 0 0 534 476 13 1 0 0 0 0 
227 172 592 33 0 0 0 0 290 629 105 0 0 0 0 0 451 552 21 0 0 0 0 0 
249 214 560 1 0 0 0 0 289 707 28 0 0 0 0 0 513 510 1 0 0 0 0 0 
242 184 450 110 33 3 2 0 265 265 325 100 60 7 2 0 296 306 236 81 87 16 2 0 
355 353 191 116 9 0 0 0 449 380 100 58 35 2 0 0 590 280 47 44 45 18 0 0 
0 0 62 539 117 303 3 0 0 306 300 108 305 5 0 0 17 498 101 107 278 23 0 0 
0 0 25 518 179 299 3 0 0 200 351 127 296 49 1 0 15 395 156 128 229 101 0 0 
0 0 33 442 230 299 20 0 0 163 333 179 211 137 1 0 10 290 219 160 170 174 1 0 
2 12 54 351 214 317 73 1 9 95 334 132 220 224 10 0 29 161 253 140 194 236 11 0 
0 2 38 295 256 357 76 0 2 58 287 197 228 251 1 0 11 101 282 161 217 249 3 0 
0 0 24 242 287 380 91 0 0 63 308 159 188 303 3 0 0 133 279 132 174 303 3 0 
0 6 67 238 188 355 170 0 5 87 225 164 123 405 15 0 17 123 205 146 109 408 16 0 
10 60 68 157 282 370 77 0 59 88 206 205 129 335 2 0 97 66 243 166 122 327 3 0 
0 12 123 139 306 366 78 0 5 145 169 214 166 317 8 0 107 66 194 191 120 339 7 0 
0 22 123 167 194 444 73 1 5 145 144 169 253 303 4 1 92 70 160 156 234 305 6 1 
5 33 55 210 188 408 125 0 21 108 163 153 178 393 8 0 29 138 144 148 158 397 10 0 
0 5 96 180 202 453 86 2 2 112 133 164 311 296 5 1 18 137 106 144 285 327 6 1 
