0 943 81 0 0 0 0 0 0 0 0 0 0 1024 0 0 0 0 0 0 0 0 0 1024 
0 1012 12 0 0 0 0 0 0 0 0 0 0 1024 0 0 0 0 0 0 0 0 0 1024 
0 1024 0 0 0 0 0 0 0 0 0 0 2 1022 0 0 0 0 0 0 0 0 0 1024 
126 894 4 0 0 0 0 0 0 95 9 61 342 517 0 0 0 0 0 96 6 61 46 815 
0 1024 0 0 0 0 0 0 0 0 0 0 1024 0 0 0 0 0 0 0 0 0 402 622 
53 971 0 0 0 0 0 0 0 2 3 6 1013 0 0 0 0 0 0 1 4 5 1013 1 
729 295 0 0 0 0 0 0 0 0 0 668 356 0 0 0 0 0 0 0 0 167 857 0 
707 317 0 0 0 0 0 0 0 0 0 568 456 0 0 0 0 0 0 0 0 314 710 0 
5 1019 0 0 0 0 0 0 0 0 0 4 244 776 0 0 0 0 0 0 0 1 12 1011 
187 834 3 0 0 0 0 0 0 89 44 61 440 390 0 0 0 0 0 97 46 50 48 783 
44 980 0 0 0 0 0 0 0 13 27 6 554 424 0 0 0 0 0 21 19 6 24 954 
175 842 7 0 0 0 0 0 3 105 46 77 677 116 0 0 0 0 10 99 41 75 168 631 
0 1024 0 0 0 0 0 0 0 0 0 0 1024 0 0 0 0 0 0 0 0 0 475 549 
332 692 0 0 0 0 0 0 0 9 54 102 859 0 0 0 0 0 0 7 51 67 899 0 
1019 5 0 0 0 0 0 0 0 0 0 922 102 0 0 0 0 0 0 0 7 759 258 0 
1024 0 0 0 0 0 0 0 0 0 0 1024 0 0 0 0 0 0 0 0 0 1024 0 0 
446 578 0 0 0 0 0 0 0 262 86 114 562 0 0 0 0 0 7 286 64 91 343 233 
405 619 0 0 0 0 0 0 0 185 95 93 651 0 0 0 0 0 4 195 90 76 484 175 
330 694 0 0 0 0 0 0 6 134 52 46 786 0 0 0 0 6 36 100 55 29 648 150 
459 563 2 0 0 0 0 0 31 231 97 121 544 0 0 0 0 21 131 128 82 106 519 37 
468 556 0 0 0 0 0 0 0 54 24 105 841 0 0 0 0 0 0 55 23 23 922 1 
788 236 0 0 0 0 0 0 0 37 79 487 421 0 0 0 0 0 17 17 79 202 709 0 
991 33 0 0 0 0 0 0 15 345 20 642 2 0 0 0 0 1 328 31 62 587 15 0 
1024 0 0 0 0 0 0 0 0 0 24 1000 0 0 0 0 0 0 0 0 31 971 22 0 
950 74 0 0 0 0 0 0 0 830 64 81 49 0 0 0 0 0 703 146 54 63 58 0 
970 54 0 0 0 0 0 0 0 887 45 56 36 0 0 0 0 0 739 169 29 37 50 0 
948 76 0 0 0 0 0 0 69 746 42 81 86 0 0 0 0 58 688 84 29 45 120 0 
954 70 0 0 0 0 0 0 300 609 49 50 16 0 0 0 46 233 604 38 39 40 24 0 
971 53 0 0 0 0 0 0 34 710 26 183 71 0 0 0 0 25 630 95 19 82 155 18 
993 31 0 0 0 0 0 0 4 641 207 170 2 0 0 0 0 5 579 128 155 99 58 0 
1013 11 0 0 0 0 0 0 116 664 145 99 0 0 0 0 0 86 657 101 81 86 13 0 
1010 14 0 0 0 0 0 0 33 350 239 402 0 0 0 0 0 41 242 279 101 360 1 0 
1024 0 0 0 0 0 0 0 366 658 0 0 0 0 0 0 0 439 585 0 0 0 0 0 
1022 2 0 0 0 0 0 0 394 630 0 0 0 0 0 0 0 395 629 0 0 0 0 0 
1022 2 0 0 0 0 0 0 595 429 0 0 0 0 0 0 9 551 464 0 0 0 0 0 
1020 4 0 0 0 0 0 0 802 222 0 0 0 0 0 0 36 561 427 0 0 0 0 0 
1024 0 0 0 0 0 0 0 563 461 0 0 0 0 0 0 43 689 292 0 0 0 0 0 
1024 0 0 0 0 0 0 0 559 465 0 0 0 0 0 0 0 911 113 0 0 0 0 0 
1024 0 0 0 0 0 0 0 642 382 0 0 0 0 0 0 1 935 88 0 0 0 0 0 
1024 0 0 0 0 0 0 0 637 387 0 0 0 0 0 0 0 1013 11 0 0 0 0 0 
998 26 0 0 0 0 0 0 325 684 15 0 0 0 0 0 123 493 395 13 0 0 0 0 
984 40 0 0 0 0 0 0 482 521 21 0 0 0 0 0 278 305 426 15 0 0 0 0 
942 78 4 0 0 0 0 0 850 72 61 41 0 0 0 0 650 199 61 61 38 15 0 0 
1017 6 1 0 0 0 0 0 1009 12 3 0 0 0 0 0 988 29 6 1 0 0 0 0 
1012 12 0 0 0 0 0 0 711 313 0 0 0 0 0 0 374 608 42 0 0 0 0 0 
1020 4 0 0 0 0 0 0 505 519 0 0 0 0 0 0 53 893 78 0 0 0 0 0 
1015 9 0 0 0 0 0 0 707 313 4 0 0 0 0 0 213 768 43 0 0 0 0 0 
1016 8 0 0 0 0 0 0 555 469 0 0 0 0 0 0 10 960 54 0 0 0 0 0 
936 88 0 0 0 0 0 0 512 464 48 0 0 0 0 0 122 677 219 6 0 0 0 0 
1010 14 0 0 0 0 0 0 964 56 4 0 0 0 0 0 910 94 17 3 0 0 0 0 
1024 0 0 0 0 0 0 0 1024 0 0 0 0 0 0 0 1024 0 0 0 0 0 0 0 
1024 0 0 0 0 0 0 0 1024 0 0 0 0 0 0 0 1023 1 0 0 0 0 0 0 
1018 6 0 0 0 0 0 0 960 64 0 0 0 0 0 0 839 176 9 0 0 0 0 0 
1009 15 0 0 0 0 0 0 918 99 7 0 0 0 0 0 750 244 25 5 0 0 0 0 
966 57 1 0 0 0 0 0 852 150 22 0 0 0 0 0 638 318 58 10 0 0 0 0 
947 77 0 0 0 0 0 0 593 420 11 0 0 0 0 0 74 785 165 0 0 0 0 0 
946 74 4 0 0 0 0 0 593 389 39 3 0 0 0 0 354 460 181 24 5 0 0 0 
1011 11 2 0 0 0 0 0 902 112 7 3 0 0 0 0 773 198 45 5 3 0 0 0 
1022 2 0 0 0 0 0 0 1014 10 0 0 0 0 0 0 967 57 0 0 0 0 0 0 
1024 0 0 0 0 0 0 0 1024 0 0 0 0 0 0 0 989 35 0 0 0 0 0 0 
1018 6 0 0 0 0 0 0 994 30 0 0 0 0 0 0 885 139 0 0 0 0 0 0 
1024 0 0 0 0 0 0 0 1010 14 0 0 0 0 0 0 936 88 0 0 0 0 0 0 
1024 0 0 0 0 0 0 0 1017 7 0 0 0 0 0 0 938 86 0 0 0 0 0 0 
1000 24 0 0 0 0 0 0 466 544 14 0 0 0 0 0 210 456 299 59 0 0 0 0 
