1024 794 230 241 436 553 504 514 0 1024 985 62 385 493 501 498 0 30 558 462 570 469 519 493 
1024 1024 1 357 512 480 544 530 41 983 983 453 510 535 504 515 0 407 608 420 524 465 497 523 
1024 1024 8 840 397 453 504 516 164 860 860 703 476 470 501 542 0 501 676 586 496 536 514 519 
1013 971 81 847 434 542 483 530 253 761 746 738 475 503 482 528 9 682 475 523 523 506 504 520 
1012 978 125 879 605 496 517 492 327 688 685 698 574 546 514 510 8 848 295 503 447 624 512 515 
1024 1024 3 1021 867 397 473 484 401 623 623 629 620 500 530 517 0 930 152 449 434 548 511 505 
1024 1024 7 1012 937 425 540 535 382 642 642 642 610 453 510 540 0 832 196 491 514 573 507 496 
1016 1002 85 909 536 530 474 497 244 770 776 771 511 490 487 518 3 615 419 544 475 536 522 491 
1017 875 172 813 403 506 477 493 241 946 862 829 580 550 490 512 233 593 480 485 489 499 518 528 
403 677 644 468 467 526 513 532 119 669 487 461 492 517 532 510 107 606 389 439 512 531 504 507 
493 618 363 396 490 508 494 517 79 524 699 393 415 483 465 524 85 155 417 477 542 534 508 527 
1024 876 148 148 180 595 486 553 0 1024 536 488 491 493 508 493 0 0 0 86 946 169 522 476 
1000 924 105 206 596 539 508 497 29 983 945 451 568 474 485 490 3 416 625 597 531 544 533 530 
1022 1018 5 933 320 443 550 494 15 1006 1006 983 654 544 534 498 0 963 60 287 452 506 551 524 
1024 1024 3 1021 867 314 503 570 451 573 573 573 571 651 463 502 0 1024 0 736 496 417 588 600 
802 761 343 651 583 540 488 521 577 335 387 387 415 503 430 542 170 740 384 671 498 508 498 487 
867 836 303 711 648 626 424 527 731 152 176 272 632 426 542 487 12 838 596 518 512 527 514 493 
1024 1024 172 852 834 771 544 503 1024 0 1 137 786 443 471 548 64 960 721 336 349 483 503 500 
799 848 363 629 572 504 510 494 729 208 223 345 638 519 500 506 205 729 586 443 496 512 542 523 
817 848 377 592 544 515 460 514 667 166 265 372 442 500 477 519 95 719 466 584 527 481 487 498 
1019 901 242 770 724 523 542 518 905 262 250 317 370 532 518 509 321 860 255 651 588 487 507 524 
423 562 535 519 515 497 509 525 180 546 482 454 527 499 503 515 134 588 432 511 537 522 554 487 
498 635 390 469 484 519 512 505 135 550 607 585 464 493 483 543 107 440 540 543 494 491 496 495 
1024 1006 18 173 459 511 494 485 27 997 997 272 583 515 479 539 0 293 724 489 483 549 509 513 
647 713 373 523 491 523 504 509 132 712 704 660 535 487 534 471 74 770 384 522 540 536 503 511 
1005 923 83 884 620 399 498 534 632 374 356 340 389 492 496 512 52 942 399 619 592 502 504 512 
1024 1024 0 1024 907 509 534 550 1015 9 9 49 603 454 476 511 28 996 754 471 479 537 525 477 
930 753 314 620 634 572 502 479 738 334 236 480 560 412 498 508 268 815 668 494 450 496 510 496 
992 878 436 627 568 575 493 525 885 107 145 668 635 592 499 492 260 732 730 385 608 491 488 531 
1021 1019 513 510 560 577 574 493 1016 6 249 629 498 549 511 482 500 519 521 353 543 465 529 516 
847 790 579 434 483 511 518 513 767 277 462 480 494 522 517 507 646 405 356 438 570 487 508 530 
886 797 613 370 438 458 520 518 701 248 420 531 600 536 491 528 624 270 376 391 538 517 512 511 
1023 944 539 461 482 493 535 520 1023 176 500 386 576 516 511 479 890 313 397 436 490 500 479 514 
420 637 585 560 519 458 503 510 287 560 435 520 476 529 536 518 286 612 450 543 503 516 507 504 
465 607 466 635 492 517 499 487 399 267 471 501 520 557 515 495 385 357 434 451 483 505 506 523 
1024 1024 0 675 416 469 523 522 823 201 222 548 534 485 516 487 659 314 267 609 523 532 498 490 
672 613 450 436 535 524 516 518 276 627 626 559 602 550 499 514 229 677 695 552 486 501 495 521 
999 881 121 663 373 495 538 527 870 133 117 168 646 484 513 502 600 402 376 476 501 498 513 520 
1024 1024 4 1020 674 403 529 470 1024 0 0 314 707 573 475 520 167 857 857 825 316 506 511 480 
805 806 302 657 645 489 527 505 729 275 246 717 333 393 506 527 298 717 683 679 473 504 505 511 
917 884 664 353 321 357 460 527 829 126 203 802 792 637 423 522 603 340 338 378 465 529 525 467 
797 736 589 427 459 510 510 492 729 133 495 535 519 561 520 511 684 180 271 427 466 491 520 516 
825 763 605 379 415 509 536 492 757 266 610 383 409 501 499 505 749 279 257 397 527 530 495 510 
773 771 524 478 482 545 492 513 619 241 405 567 604 480 545 524 442 408 360 512 536 527 534 536 
1023 954 400 568 574 554 532 493 1023 138 186 811 690 412 513 541 791 376 345 394 441 453 518 520 
318 585 611 554 504 517 506 516 252 656 351 504 486 505 498 493 303 658 289 608 457 485 535 518 
404 476 382 603 417 533 529 519 349 201 277 426 467 449 509 516 130 415 595 466 478 504 517 505 
1024 1024 0 736 288 346 547 501 236 788 788 788 702 501 484 561 29 995 371 688 533 521 505 526 
283 322 564 530 503 525 519 508 147 308 561 527 492 510 498 509 175 313 540 501 500 487 492 495 
989 912 106 749 246 586 490 501 877 116 111 90 674 454 487 506 9 977 954 891 384 472 479 503 
984 940 100 893 552 522 501 536 936 61 71 530 496 561 482 491 204 794 792 790 634 535 471 491 
917 766 214 650 613 465 519 534 753 326 152 793 388 594 516 521 678 413 267 408 425 485 503 502 
993 893 614 346 355 355 516 534 864 154 543 482 476 559 553 520 868 143 122 164 721 566 534 532 
758 780 606 373 399 509 508 496 743 158 763 374 355 564 491 480 716 228 385 584 552 529 488 523 
833 687 468 370 521 490 505 513 653 585 717 336 455 558 511 463 655 586 538 495 518 517 545 516 
824 862 517 513 486 537 500 543 691 274 471 503 544 535 509 497 602 350 352 432 489 494 518 540 
1023 966 207 771 721 595 509 517 1024 150 350 796 648 434 499 494 830 364 467 479 564 542 506 508 
363 489 486 534 518 532 488 494 337 473 387 476 466 504 500 491 367 495 376 532 481 503 507 511 
508 489 373 478 487 495 512 517 513 242 367 454 476 506 495 500 384 417 562 482 499 484 537 529 
991 741 287 488 539 502 521 514 756 388 636 576 572 482 517 517 569 630 649 488 541 485 537 503 
222 484 498 468 523 514 508 531 181 291 658 465 499 519 504 500 206 326 632 458 524 513 514 534 
997 816 167 359 474 494 478 539 920 99 461 413 507 466 441 532 658 370 726 760 591 553 498 512 
823 737 304 577 502 485 550 510 731 284 392 448 576 542 497 507 635 401 497 553 502 559 480 515 
643 721 396 611 548 505 475 506 579 356 384 609 434 546 499 503 564 410 410 481 451 497 477 482 
852 936 193 707 673 569 517 524 820 139 428 618 644 601 529 526 813 172 270 436 604 575 492 542 
694 646 422 501 480 479 512 505 669 212 581 517 522 512 536 514 667 271 434 562 486 506 525 491 
684 654 421 400 396 502 512 516 495 865 648 320 469 534 518 500 499 873 745 440 493 504 559 518 
622 863 431 636 552 534 542 521 547 363 422 560 554 531 521 537 530 388 383 415 513 531 517 502 
849 733 300 580 517 530 505 555 807 169 402 613 539 527 490 506 795 201 352 519 508 522 511 493 
243 728 676 562 512 516 495 490 216 670 345 379 550 480 506 538 237 706 301 495 527 509 531 524 
358 378 484 555 474 492 525 508 366 326 465 539 529 499 484 531 414 323 475 576 510 509 528 526 
612 215 657 577 512 504 494 516 626 174 498 462 486 500 471 488 640 181 639 414 547 525 526 509 
95 315 528 538 520 511 523 522 93 267 488 445 490 505 493 483 96 311 508 463 516 501 526 507 
923 231 766 699 485 500 507 531 916 90 771 326 704 599 503 483 921 90 834 740 305 615 478 491 
729 480 573 558 511 486 536 510 696 290 602 394 629 477 538 503 713 305 630 615 404 560 487 515 
290 655 572 559 505 512 493 501 268 624 363 417 483 489 527 491 276 681 360 470 547 483 507 543 
883 682 414 571 580 509 537 524 861 151 853 558 492 561 516 520 861 215 827 608 568 501 500 530 
501 355 462 556 517 514 493 526 494 244 514 583 525 536 513 523 507 270 526 577 548 527 509 520 
497 728 604 520 540 494 494 483 451 858 407 541 577 518 545 497 483 860 649 293 455 518 522 510 
343 590 563 472 503 510 520 487 330 453 459 565 490 502 493 508 335 498 527 505 481 501 533 516 
300 354 490 519 524 502 508 495 252 377 460 525 504 507 509 508 292 390 452 543 464 523 521 523 
25 618 510 498 523 523 545 503 24 234 636 572 458 538 537 510 25 279 657 569 564 563 522 511 
98 271 462 560 505 508 526 519 97 256 429 504 499 547 526 508 118 263 457 540 470 519 528 500 
444 207 500 455 484 511 518 494 413 244 403 493 537 512 487 514 476 218 416 452 478 490 502 504 
27 232 634 539 540 503 499 533 24 86 583 551 520 481 513 508 29 170 635 486 478 497 512 511 
467 238 584 492 491 487 523 510 454 218 455 592 524 533 490 508 473 219 566 498 449 537 510 525 
581 269 520 524 517 510 519 492 545 286 416 544 547 526 518 526 565 277 483 502 505 541 520 527 
170 542 516 503 517 505 511 521 161 381 499 520 542 532 523 503 187 509 367 459 515 524 534 494 
428 223 602 510 522 511 515 479 421 186 600 475 519 508 478 496 433 220 617 506 514 487 533 517 
352 264 501 507 518 522 502 503 353 247 456 536 519 533 513 492 363 260 496 557 522 533 524 473 
311 678 525 525 507 484 512 528 62 930 286 569 487 492 512 497 72 924 484 579 508 520 514 481 
86 481 404 585 502 495 495 529 89 411 406 440 496 514 522 519 93 456 426 506 532 519 528 518 
122 236 457 516 523 522 514 492 105 260 403 511 486 507 482 507 126 265 448 546 544 523 512 515 
0 783 608 497 488 499 505 518 0 97 727 630 526 489 499 525 0 144 715 632 502 474 530 525 
22 570 261 457 617 472 549 535 22 33 321 646 550 482 505 510 24 43 322 662 528 526 515 518 
97 291 495 503 484 507 500 491 102 128 247 675 497 528 506 490 122 131 337 637 500 482 530 524 
