1024 933 91 91 334 397 534 522 1024 191 833 813 333 511 475 491 1024 76 948 340 493 500 495 514 
1024 977 47 47 84 434 523 559 1024 13 1011 1011 402 447 543 543 1024 0 1024 192 631 536 474 554 
1024 1022 2 2 12 551 475 517 1024 0 1024 1024 340 492 552 519 1024 0 1024 108 713 490 570 515 
1024 1024 0 0 7 627 448 528 1024 0 1024 1024 451 478 540 552 1024 0 1024 222 698 504 540 539 
1024 1024 0 0 13 754 407 486 1024 0 1024 1024 584 477 510 485 1024 0 1024 146 878 518 648 480 
1024 1024 0 0 362 570 529 482 1024 133 891 891 796 481 561 487 1024 22 1002 795 403 454 483 518 
1024 1024 0 0 379 609 561 472 1024 91 933 933 885 620 457 488 1024 0 1024 964 269 621 472 503 
1024 1007 17 17 249 630 532 541 1024 174 850 850 792 505 530 498 1024 0 1024 863 517 506 474 532 
1024 941 83 83 89 428 549 492 1024 0 1024 1024 556 474 543 478 1024 0 1024 639 362 378 474 558 
1024 991 33 33 63 612 484 573 1024 4 1020 1020 746 447 503 563 1024 0 1024 678 335 550 523 572 
1024 1024 0 0 131 680 503 509 1024 8 1016 1016 1000 401 572 456 1024 0 1024 864 211 572 411 474 
1024 1024 0 0 38 787 493 471 1024 1 1023 1023 982 279 509 495 1024 0 1024 708 328 547 445 472 
1024 1024 0 0 0 833 311 556 1024 0 1024 1024 667 359 523 565 1024 0 1024 173 849 523 547 562 
1024 1001 23 23 27 565 449 503 1024 0 1024 1024 281 673 468 434 1024 0 1024 94 669 452 590 468 
1024 583 441 441 441 501 485 521 1024 0 1024 787 352 554 487 505 1024 0 995 38 468 408 485 516 
1024 97 927 927 847 594 449 478 1024 0 1024 526 531 569 481 489 1024 0 986 76 174 483 482 478 
918 899 181 153 131 570 406 457 888 136 949 909 250 769 705 564 880 144 901 118 858 167 316 557 
873 866 219 191 168 601 504 543 826 201 921 837 613 414 437 485 804 223 880 162 822 223 629 470 
866 923 223 84 136 634 507 426 852 172 850 906 708 315 362 548 845 176 826 84 860 465 576 512 
933 961 118 85 86 900 521 361 926 98 951 950 890 134 252 610 925 97 942 53 864 281 601 611 
1024 1024 0 0 0 998 222 672 1024 0 1024 1024 852 172 174 343 1024 0 1024 0 973 109 552 347 
1024 532 492 492 416 481 444 571 1024 0 1024 800 425 588 517 466 1024 0 1024 0 562 396 498 469 
971 108 950 915 567 459 512 481 969 55 957 304 731 560 532 484 962 61 923 59 266 497 513 481 
1024 455 569 569 345 666 464 533 1024 0 1024 613 705 509 433 452 1024 0 1023 1 431 342 647 439 
29 995 980 490 429 463 518 534 18 1006 165 819 632 515 498 498 8 1012 25 480 461 456 508 530 
36 988 946 332 588 569 527 515 3 1021 329 707 577 492 507 479 1 1021 163 468 520 521 510 533 
637 549 684 411 613 564 537 484 607 424 568 764 470 525 544 502 595 430 518 480 459 507 534 485 
933 680 346 335 343 501 445 378 928 96 933 908 152 651 589 598 928 96 908 105 435 724 620 587 
997 689 357 345 352 545 454 476 994 30 1006 1006 161 761 473 557 994 30 1002 43 407 594 610 545 
998 488 551 536 528 393 502 509 992 41 990 913 268 590 511 514 991 33 994 196 406 525 480 509 
892 763 292 241 251 508 480 458 818 207 897 847 373 657 575 510 799 224 837 228 607 476 510 509 
1024 1008 16 16 16 892 100 753 1024 0 1024 1024 725 286 281 258 1024 0 1024 3 978 87 792 245 
1 1023 478 555 273 595 520 516 0 1024 8 395 220 531 493 485 0 571 458 462 694 480 519 535 
4 1020 679 363 373 486 506 531 0 1024 36 544 237 432 531 528 0 767 283 303 468 510 496 522 
118 909 839 363 646 557 495 492 71 955 298 666 361 560 542 514 53 933 193 329 468 571 585 486 
972 155 756 795 687 561 520 492 955 138 744 555 476 495 474 510 933 140 723 252 400 537 499 488 
884 267 838 802 730 508 526 512 857 254 819 444 472 466 486 490 832 260 634 327 348 454 544 546 
932 155 925 918 860 556 513 492 900 124 1012 651 301 404 416 478 897 127 945 92 356 463 582 506 
928 212 800 773 725 519 570 474 895 129 887 619 337 498 483 505 869 155 822 187 611 494 545 484 
1024 275 742 741 739 652 510 519 1019 5 1019 942 81 322 469 525 1018 6 1016 6 610 477 532 534 
0 1024 0 846 194 277 432 578 0 548 476 476 476 507 576 452 0 5 1019 1019 408 644 569 572 
0 1024 161 841 374 287 525 497 0 943 81 145 502 306 430 498 0 360 664 664 441 451 526 521 
51 973 592 480 560 607 543 524 13 1011 136 498 571 537 470 551 0 945 184 250 350 435 507 483 
415 777 378 635 608 565 536 517 340 841 399 393 572 476 525 516 316 735 527 458 492 517 524 517 
888 294 597 585 521 505 514 524 817 320 550 473 567 518 490 510 744 377 494 500 484 521 531 513 
982 44 887 792 448 538 442 508 962 62 746 238 756 381 580 520 939 85 209 698 721 677 483 533 
571 453 715 696 569 436 508 468 549 475 605 342 682 499 524 511 537 482 396 561 559 556 522 499 
636 389 848 773 640 469 556 491 613 411 738 327 682 562 475 493 596 428 634 380 397 386 496 493 
154 888 325 478 582 492 492 489 137 554 675 616 625 638 510 524 129 497 709 636 470 572 535 521 
0 1018 48 750 577 509 454 536 0 789 290 294 528 603 562 491 0 267 804 813 619 684 469 534 
12 1012 296 666 644 497 488 503 2 942 238 347 563 475 514 465 3 715 427 430 486 453 526 516 
40 984 244 692 409 528 488 491 25 901 284 302 414 506 517 498 17 558 636 587 595 529 524 496 
298 726 494 515 540 526 506 542 280 744 138 524 578 530 498 487 268 747 105 345 304 509 518 520 
337 687 388 631 569 534 474 523 313 711 154 495 593 499 546 519 303 698 124 389 423 491 524 497 
55 969 303 535 546 520 532 534 39 922 254 493 507 566 513 522 63 838 317 510 506 507 518 552 
95 929 311 592 536 503 508 525 85 819 353 471 502 506 496 494 90 693 476 553 547 496 530 516 
242 783 461 616 530 515 513 506 201 823 692 512 487 499 535 519 203 821 636 451 508 511 521 544 
293 731 461 588 529 470 518 502 219 805 737 550 480 527 506 513 224 800 754 423 511 505 513 526 
328 696 432 569 509 543 516 514 246 778 707 607 468 549 502 483 246 778 742 420 523 493 514 512 
311 710 403 494 515 508 517 500 224 800 583 656 499 518 533 493 238 783 614 431 499 536 496 496 
342 641 352 485 524 531 527 503 216 770 556 667 467 538 531 521 219 761 621 495 511 489 531 495 
326 658 324 473 482 512 501 504 223 725 564 626 536 499 501 527 210 720 628 502 528 524 518 535 
325 603 336 417 468 499 513 508 186 690 599 585 610 513 496 543 178 665 680 497 497 504 505 492 
250 693 339 386 475 514 517 501 105 755 596 642 544 522 505 506 121 708 551 577 483 523 495 526 
