354 433 414 503 535 493 504 507 181 523 530 512 501 519 510 520 132 591 529 491 508 519 507 508 
465 548 372 526 493 509 512 533 361 578 460 510 482 523 486 509 301 662 449 558 480 549 513 517 
381 436 430 503 521 504 509 502 280 498 476 496 496 535 488 511 204 577 496 494 530 533 520 510 
531 456 425 488 511 502 514 507 481 478 425 544 488 527 511 510 425 536 428 472 508 508 477 521 
599 483 397 485 485 520 519 524 558 475 430 528 552 508 530 522 465 554 530 484 506 517 481 526 
604 469 446 511 512 500 498 524 577 461 440 560 544 515 518 545 486 530 498 501 519 509 531 536 
647 408 506 465 548 520 525 527 556 489 544 527 541 516 514 488 470 560 592 477 518 503 497 533 
549 484 532 551 534 517 488 520 446 550 588 509 508 521 532 526 367 620 576 472 495 534 510 505 
498 547 575 626 496 519 506 537 383 628 643 537 508 491 524 475 353 658 564 458 500 526 515 516 
503 504 616 589 470 535 503 507 367 628 631 538 483 504 495 524 340 659 524 481 495 548 519 538 
462 516 714 617 482 526 496 507 351 621 720 531 496 509 514 507 323 654 583 519 480 504 508 515 
477 481 720 573 505 519 507 505 371 583 715 538 512 488 481 538 372 588 560 474 471 449 527 487 
309 449 435 525 511 513 513 509 10 757 692 626 478 496 508 534 10 801 664 430 523 523 494 511 
445 681 386 565 476 515 510 507 289 858 539 582 489 505 513 526 275 918 563 517 510 536 499 513 
317 668 441 527 532 525 529 496 187 835 551 525 517 570 517 536 166 906 614 508 532 523 512 483 
444 573 447 542 505 497 485 499 416 770 316 404 507 504 505 520 395 859 314 582 462 486 506 532 
408 845 266 363 446 547 510 509 417 869 272 568 498 507 518 499 433 893 328 658 417 512 512 514 
254 703 335 520 510 500 495 509 258 727 355 581 499 509 530 546 272 776 414 537 514 522 497 498 
17 774 435 493 519 518 506 532 28 817 455 494 496 543 501 512 49 839 492 543 532 529 520 500 
11 545 495 502 519 502 474 517 19 591 473 505 501 524 514 519 28 652 500 524 520 536 531 491 
3 537 485 534 513 496 512 504 3 573 474 530 531 500 494 500 17 652 504 517 512 501 511 507 
8 589 498 503 494 520 527 521 13 602 506 513 507 473 516 492 50 655 539 514 511 519 507 507 
7 605 486 511 506 506 536 489 8 656 482 485 525 521 522 506 24 763 494 518 528 516 523 513 
6 603 479 489 515 474 527 524 6 621 501 502 518 515 536 515 22 730 527 541 520 507 527 514 
15 405 567 531 521 556 514 516 28 447 560 519 522 505 515 526 64 540 542 532 526 524 498 516 
332 689 434 544 479 530 523 500 338 700 445 556 501 511 538 511 373 737 461 511 551 491 528 498 
264 681 531 521 505 558 502 540 262 630 441 486 496 503 500 486 272 690 404 484 526 532 522 517 
779 522 473 454 540 517 558 486 779 645 361 471 549 526 518 484 793 724 321 603 466 489 511 496 
935 763 254 337 584 518 545 503 938 942 96 639 386 458 522 538 941 978 119 751 451 531 538 540 
979 950 205 582 496 512 537 510 980 981 278 686 445 486 529 513 983 987 325 677 530 480 509 511 
681 773 502 529 494 497 502 511 774 732 522 504 462 520 532 517 882 665 493 496 488 544 526 512 
468 551 563 550 511 520 519 520 664 459 472 496 499 515 482 530 800 431 459 559 509 515 503 521 
459 518 563 516 520 515 527 508 623 454 447 496 467 531 501 500 739 454 461 529 516 545 542 528 
365 377 469 483 481 527 522 499 424 412 439 504 488 525 498 491 522 433 466 513 500 534 529 531 
354 333 481 482 484 495 504 507 377 387 505 530 491 522 501 490 409 547 472 530 505 493 521 496 
266 299 482 501 508 508 504 506 295 316 496 542 488 544 507 508 368 415 518 479 518 525 521 504 
492 505 540 532 501 514 523 495 578 481 520 520 517 507 495 529 797 382 493 501 500 511 492 511 
836 505 459 528 552 507 449 492 858 521 472 573 518 546 516 514 929 621 448 483 527 498 516 497 
357 749 841 580 481 511 550 496 337 810 364 630 532 517 505 503 343 885 337 598 481 511 537 531 
990 323 512 457 523 498 517 499 946 454 468 487 489 489 531 497 964 575 354 537 481 507 529 520 
1024 1011 24 683 504 509 529 506 1024 1018 77 875 478 510 501 509 1024 1022 132 872 644 479 503 530 
970 988 550 454 405 490 515 526 971 989 685 328 343 487 479 509 975 991 734 308 336 501 472 541 
614 568 613 409 383 498 522 533 636 571 633 366 335 559 501 538 658 626 678 351 387 587 491 536 
180 565 161 785 500 539 507 526 189 563 547 451 365 515 553 496 228 554 762 680 563 516 533 494 
234 556 392 651 520 528 492 508 294 508 432 554 474 512 546 530 468 363 450 567 484 487 487 514 
371 648 319 534 387 511 491 527 431 591 276 569 536 498 535 522 636 394 413 509 487 506 494 500 
318 680 374 369 589 482 538 519 358 671 340 595 396 536 505 518 531 562 505 388 447 484 517 517 
513 447 517 339 471 536 532 495 543 442 535 466 544 526 520 493 651 588 424 444 503 479 494 547 
583 303 428 552 492 527 529 522 617 368 336 494 486 514 488 508 740 309 437 541 513 499 511 509 
358 268 365 635 511 518 532 513 375 283 276 442 556 559 516 488 450 266 258 524 550 587 488 507 
160 763 684 682 565 504 513 542 134 752 285 584 533 504 508 478 147 748 263 541 514 502 484 509 
992 368 512 448 557 498 495 484 966 469 454 533 503 530 525 528 970 641 309 575 470 515 529 509 
1024 1024 71 766 494 509 520 504 1024 1024 137 865 494 503 494 505 1024 1024 291 733 595 469 508 506 
979 973 755 270 283 507 493 600 980 972 833 194 232 603 430 538 986 968 883 156 257 549 478 539 
423 453 497 382 371 566 535 534 426 450 481 410 344 553 499 543 445 437 570 477 320 512 535 520 
30 306 213 622 489 553 521 516 39 300 325 629 372 464 500 510 109 241 471 684 479 520 547 515 
133 604 227 621 550 517 506 527 137 611 472 457 476 539 511 512 170 612 652 740 456 524 493 479 
0 1024 0 698 370 515 470 517 0 1024 25 996 751 505 532 506 0 1024 1022 305 694 523 534 507 
0 1024 0 71 810 605 523 503 0 1024 0 774 272 649 539 521 0 1024 1024 0 421 375 539 521 
348 725 206 239 285 681 530 492 358 738 198 282 751 582 475 499 422 706 601 449 430 416 433 552 
21 51 50 234 812 687 603 441 22 52 22 75 839 219 408 550 22 53 41 97 884 239 636 395 
6 54 136 506 579 580 518 549 0 25 35 172 761 374 519 502 0 26 35 208 793 467 470 506 
185 676 576 582 526 503 512 506 128 629 313 517 626 519 506 508 128 625 290 550 560 520 495 536 
1000 319 471 407 547 504 494 511 897 507 501 493 548 517 529 519 947 617 320 552 459 518 524 513 
1024 1024 3 738 469 525 503 521 1024 1024 22 969 463 514 523 517 1024 1024 124 898 726 490 556 513 
962 991 483 481 426 515 488 482 966 991 554 449 393 526 484 517 973 990 656 371 386 489 535 518 
440 687 485 387 511 488 548 482 452 692 598 401 433 537 467 521 654 525 440 363 492 500 506 529 
177 320 395 567 490 521 513 512 152 345 475 545 506 519 522 530 294 240 530 503 505 492 505 513 
255 817 353 641 453 485 508 459 252 827 468 630 557 498 481 525 439 671 604 448 546 557 504 515 
143 848 400 513 566 532 516 545 148 848 442 697 553 525 504 530 275 761 717 396 621 479 516 498 
112 887 389 311 537 552 522 513 111 907 384 511 490 539 537 487 179 882 758 395 445 458 495 508 
150 690 486 395 457 558 514 499 145 850 303 264 540 504 497 528 175 842 462 668 623 543 529 542 
57 318 295 600 587 516 512 517 58 531 74 267 667 504 470 517 67 532 94 348 664 477 518 512 
22 278 239 466 578 522 514 521 26 276 102 303 662 429 489 509 28 277 120 369 653 430 490 487 
120 695 477 549 524 501 490 509 110 543 332 569 544 522 522 498 119 534 346 485 531 506 493 518 
855 417 581 473 527 516 517 525 826 549 513 533 529 507 484 529 864 695 321 532 465 503 515 489 
1024 1024 0 509 481 480 481 523 1024 1024 0 934 355 556 555 493 1024 1024 42 970 694 425 502 523 
960 962 272 527 401 526 523 490 960 979 305 641 488 503 522 520 960 989 428 597 494 465 546 521 
372 311 380 560 529 500 526 525 374 359 382 538 515 520 526 517 385 453 385 477 481 500 527 503 
57 338 191 705 385 535 522 504 62 357 205 707 577 585 534 551 68 403 541 624 481 508 535 499 
212 907 93 523 497 475 497 498 218 954 94 841 703 494 493 524 227 957 861 377 625 544 480 515 
244 845 174 236 557 513 574 514 255 912 116 697 409 496 451 518 273 934 727 276 378 521 562 481 
438 785 311 352 424 513 502 529 444 889 245 526 540 518 487 512 478 905 493 564 502 484 524 487 
272 530 613 538 508 510 548 506 290 874 264 273 502 477 505 489 385 857 150 766 640 504 463 504 
121 411 671 572 526 542 519 528 132 761 320 423 501 485 533 525 168 786 296 501 539 531 515 519 
99 587 550 446 488 497 496 528 101 859 288 443 531 520 523 501 108 895 276 564 507 506 501 505 
144 489 524 534 523 502 508 515 151 853 195 414 511 532 522 516 154 907 182 460 519 533 544 525 
230 657 378 377 485 505 507 513 239 858 192 562 512 515 513 521 245 906 227 642 529 522 502 516 
290 889 153 309 532 544 510 508 297 993 160 707 482 513 480 508 301 1001 344 625 468 516 530 525 
210 864 135 286 546 524 516 516 220 943 169 732 531 513 507 522 223 945 463 538 499 532 534 501 
159 803 120 315 534 492 511 516 164 861 201 686 536 529 529 526 172 864 492 533 502 515 511 500 
547 448 262 337 478 508 494 509 634 415 153 454 484 494 505 525 693 372 268 652 487 486 517 517 
819 219 229 238 385 514 510 515 915 138 126 158 482 557 521 534 1019 38 75 809 516 517 518 538 
298 353 456 487 480 490 523 483 385 347 318 390 487 552 498 502 547 218 211 485 463 534 502 493 
426 545 648 495 546 510 506 519 553 560 426 385 455 495 554 496 650 557 272 536 480 569 515 473 
153 572 804 646 552 499 515 507 204 774 548 597 541 525 486 522 507 566 214 379 546 508 480 516 
