1024 1024 309 715 498 575 537 508 1024 1024 183 585 469 511 527 502 1024 894 209 398 526 504 501 516 
1024 1024 348 693 446 539 530 544 1024 1024 274 417 595 443 529 510 1024 798 459 420 507 568 509 522 
880 874 606 581 648 421 503 515 874 866 526 609 446 435 480 513 868 870 495 253 426 584 520 493 
766 801 717 650 602 517 484 494 764 772 646 654 506 491 528 512 761 744 625 428 543 491 512 512 
896 899 745 441 638 465 478 509 895 893 599 542 529 473 536 487 894 890 528 306 556 518 485 499 
1020 1018 962 164 453 459 516 531 1019 1018 695 491 669 525 497 533 1017 1020 620 500 540 546 525 523 
1024 1024 374 650 682 402 520 506 1024 1024 213 802 404 441 520 534 1024 1024 182 406 640 516 499 517 
1024 1024 0 1021 533 484 523 526 1024 1024 0 418 477 444 538 505 1024 631 393 393 584 478 491 502 
1024 1024 0 651 376 425 508 502 1024 994 30 31 326 499 510 473 1024 19 1005 958 473 494 523 522 
1024 1024 0 608 455 499 492 516 1024 976 48 81 442 506 516 551 1024 135 889 863 545 515 505 488 
672 652 343 829 516 552 529 516 668 590 410 347 604 573 514 511 647 393 647 303 415 528 510 524 
346 411 632 660 581 554 531 518 345 379 631 237 480 458 509 534 342 196 521 540 607 442 506 534 
373 521 510 683 562 506 511 523 372 334 687 487 423 501 511 504 370 154 770 388 536 480 554 509 
351 508 642 737 624 515 516 490 350 380 735 623 482 540 516 492 346 302 790 349 527 550 540 523 
1020 1015 65 718 588 538 522 505 1020 947 112 577 434 468 501 519 1019 668 369 516 574 507 528 518 
1024 1024 0 317 455 509 515 524 1024 500 524 530 507 529 499 528 1024 67 924 479 485 453 522 513 
1024 1009 15 18 340 534 499 517 1024 211 813 813 567 558 492 499 1024 0 1023 307 443 503 507 513 
1024 889 135 196 537 524 549 505 1024 371 653 667 447 494 514 519 1024 184 697 386 585 544 468 505 
670 553 443 440 384 510 489 525 665 93 913 592 593 507 512 538 640 37 897 292 565 495 523 502 
317 316 722 232 646 470 510 530 310 113 843 354 372 424 488 534 306 45 438 650 607 412 471 539 
333 298 720 499 596 473 534 520 329 56 913 551 366 480 518 498 327 23 641 457 644 470 521 522 
300 442 600 603 546 469 524 509 293 83 962 691 453 568 498 521 288 49 925 207 477 548 507 526 
967 888 132 136 335 463 518 516 962 125 895 872 344 590 509 528 953 36 888 254 356 566 502 526 
1024 787 237 395 484 556 502 523 1024 353 671 542 562 542 484 504 1024 160 593 515 543 511 505 501 
1024 653 371 371 358 459 488 524 1024 118 906 821 628 473 517 503 1024 0 938 423 461 560 529 505 
1024 588 436 436 405 492 513 502 1024 42 982 880 626 514 511 535 1024 0 923 322 517 520 527 518 
672 329 663 627 392 535 506 530 669 17 981 625 676 567 490 495 644 28 924 355 578 515 496 513 
303 107 906 432 607 437 516 504 300 15 834 373 550 501 508 525 291 22 414 616 559 519 518 551 
289 134 917 789 392 498 515 519 286 76 953 299 697 500 517 490 283 65 796 278 520 538 506 511 
287 220 788 790 565 497 554 536 286 93 912 514 522 543 492 509 275 82 833 292 474 531 503 499 
877 351 609 563 523 541 490 539 858 288 673 387 519 505 521 485 833 291 403 507 487 489 520 506 
1024 316 708 708 522 506 493 521 1024 290 734 191 605 340 515 519 1024 132 356 621 461 517 554 495 
1024 631 393 405 463 568 508 526 1024 731 327 516 530 479 476 508 1024 653 485 476 537 520 514 530 
966 756 273 249 310 543 509 518 964 747 290 501 574 519 495 504 963 714 354 541 505 480 523 519 
155 114 846 307 517 509 545 512 154 85 695 441 501 514 495 515 148 71 556 536 542 517 495 522 
29 69 922 257 480 542 526 527 28 59 702 393 493 518 514 529 27 47 545 552 497 535 534 495 
118 106 916 343 522 513 527 514 116 78 855 243 515 502 555 496 112 46 739 406 469 483 542 532 
88 129 864 425 435 510 494 506 88 117 628 457 579 524 528 518 88 86 459 612 527 528 504 511 
680 391 608 399 468 529 510 511 680 384 536 434 574 566 517 528 680 344 498 428 533 521 522 500 
1024 720 294 291 326 513 511 502 1024 612 401 428 489 509 526 536 1024 333 681 564 496 524 489 508 
946 65 941 905 376 568 534 516 934 76 938 349 757 486 511 512 914 95 401 653 475 549 489 506 
608 41 984 583 404 523 495 520 608 38 960 212 561 580 486 539 608 19 446 608 622 533 538 503 
0 0 1021 4 660 415 504 487 0 0 1001 23 66 624 520 492 0 0 827 197 251 594 537 533 
0 2 1016 49 523 561 543 498 0 1 927 113 199 483 513 527 0 1 676 357 412 561 510 506 
0 166 913 175 534 504 530 467 6 161 783 288 363 527 501 519 0 149 614 452 447 525 515 510 
2 71 965 297 524 530 489 490 7 57 871 289 407 462 523 508 1 78 626 481 547 534 491 510 
49 72 955 385 519 472 505 501 48 65 895 311 377 466 501 535 47 59 620 530 596 533 520 505 
461 121 895 519 706 542 472 521 458 173 838 391 520 524 505 528 457 124 701 539 521 506 513 530 
112 261 747 416 454 491 507 514 119 248 768 468 509 483 504 522 107 243 671 441 536 520 515 541 
91 364 647 374 492 532 488 490 88 366 584 443 492 524 518 523 87 344 479 559 541 523 499 512 
0 86 891 204 433 537 557 519 0 82 785 287 426 503 539 487 0 65 646 437 527 508 516 518 
0 48 937 149 406 547 503 509 0 40 810 288 395 455 528 524 0 36 697 406 500 518 508 483 
0 1 862 191 441 549 473 532 0 4 640 408 517 490 496 494 0 17 548 498 500 473 528 496 
0 76 873 268 447 518 528 501 0 97 702 401 488 501 520 522 0 156 511 546 578 507 484 540 
0 78 941 361 479 532 552 499 0 117 793 398 408 519 513 540 0 114 617 565 521 549 524 521 
0 113 904 431 472 513 503 501 0 133 806 427 437 500 510 486 0 105 660 564 548 529 503 512 
489 98 828 643 636 539 489 495 501 380 563 365 428 527 518 521 493 338 556 439 429 532 498 523 
512 141 849 574 584 509 509 515 512 364 643 404 403 565 502 537 512 321 673 419 416 524 515 512 
528 40 830 473 532 523 533 511 541 157 724 383 473 523 500 508 534 114 736 431 537 495 533 508 
519 61 674 455 437 531 514 500 527 83 637 513 499 527 503 525 524 101 606 534 471 493 524 520 
569 53 772 509 529 525 493 504 578 111 697 538 497 505 506 508 576 103 693 563 502 501 509 493 
620 108 737 581 572 526 532 487 625 210 632 549 502 527 515 542 620 159 666 593 591 527 514 504 
671 284 736 595 467 512 518 544 673 434 584 468 439 524 529 511 670 283 736 548 488 548 527 503 
720 635 382 369 373 528 521 531 723 692 332 301 533 510 518 509 721 571 445 397 380 527 535 505 
