1024 34 946 621 501 516 531 497 270 754 752 507 468 523 510 497 12 1012 604 605 506 509 500 522 
1024 689 335 421 536 488 518 517 716 308 308 495 517 486 496 502 163 861 766 491 517 498 535 500 
1024 974 55 538 462 483 446 489 985 39 77 505 483 524 517 517 381 643 637 394 548 490 515 500 
1024 1020 44 619 604 555 501 533 1015 9 199 462 460 511 497 499 499 525 528 512 495 552 515 501 
1024 1024 37 717 644 512 487 521 1024 0 161 549 573 505 482 511 528 496 496 505 539 525 506 495 
1024 989 55 629 503 427 552 517 1022 2 100 535 509 522 502 539 516 508 518 480 528 542 522 551 
1024 940 84 710 503 502 488 521 1011 13 116 515 466 531 531 524 519 505 505 454 530 477 522 543 
1024 908 127 452 530 536 490 526 966 59 85 523 461 477 518 508 440 584 595 441 503 502 479 505 
1024 713 311 328 635 513 509 509 843 181 193 462 498 491 506 530 364 660 662 400 498 529 488 547 
1024 539 538 469 397 531 532 504 697 381 394 465 552 488 504 514 373 685 664 508 511 489 525 551 
1024 55 926 675 485 542 508 514 348 676 684 569 500 533 513 517 70 954 840 498 516 445 513 500 
1024 24 888 351 520 556 490 496 103 921 919 610 542 533 509 499 81 943 607 544 465 478 504 525 
632 651 552 531 492 510 528 521 571 304 153 218 508 496 515 525 414 462 233 393 532 531 488 515 
678 953 334 506 459 531 514 546 608 290 215 800 519 512 515 469 604 291 154 610 492 504 489 516 
701 931 413 750 508 508 526 496 608 310 563 565 474 511 499 504 608 285 306 651 494 509 498 513 
734 880 548 628 559 513 520 509 637 317 719 383 500 506 506 528 645 285 494 587 574 523 516 507 
803 841 367 582 568 525 505 501 697 313 611 445 551 501 481 526 775 271 498 620 526 517 499 520 
806 826 460 568 450 507 507 484 608 426 668 322 632 486 510 519 608 297 639 587 532 499 535 515 
721 911 358 748 569 485 528 504 608 330 645 373 467 547 517 532 611 253 500 577 576 510 540 508 
644 963 313 753 451 513 533 528 608 228 488 599 523 517 523 539 610 212 370 635 567 470 508 509 
636 960 389 464 535 502 483 514 589 310 250 783 523 498 514 501 591 300 251 713 526 523 511 503 
608 889 414 310 501 489 525 536 575 262 221 679 422 539 527 505 576 257 203 622 495 511 511 521 
611 562 647 623 555 533 528 502 563 287 195 348 575 531 517 528 562 281 157 449 589 546 524 488 
593 461 703 829 376 534 489 502 481 425 228 258 403 520 505 517 440 459 270 342 490 498 506 528 
0 991 72 773 557 522 533 532 0 139 907 116 633 480 514 507 4 164 161 723 346 525 523 536 
38 977 546 455 477 492 536 516 34 168 917 638 388 467 517 498 46 167 243 845 529 506 478 539 
94 930 758 284 350 533 527 525 79 217 851 853 234 498 490 534 131 166 239 772 664 424 520 470 
81 915 771 329 426 531 501 495 74 229 819 785 335 554 543 522 114 220 435 608 647 473 515 517 
281 832 636 486 509 510 535 491 264 492 653 568 553 502 496 524 466 491 665 464 584 555 528 511 
5 1019 908 287 650 493 549 536 0 294 736 808 740 530 492 494 0 152 923 227 489 471 505 514 
0 1021 912 219 518 558 531 513 0 260 768 846 595 530 489 481 0 159 823 257 403 525 539 509 
0 1024 907 173 433 534 540 510 0 195 829 878 691 392 518 516 0 148 845 170 403 492 537 519 
0 1024 741 293 456 546 488 503 0 112 912 919 300 624 518 524 0 86 609 428 469 519 475 501 
3 1020 401 624 585 482 506 525 1 117 911 615 404 523 523 540 1 76 200 829 643 503 520 497 
5 1019 144 875 705 489 516 507 3 44 988 287 789 673 512 524 4 34 169 903 592 473 508 518 
0 1024 11 989 401 502 480 524 0 0 1024 195 782 464 492 505 0 0 223 801 745 476 512 473 
2 593 341 576 493 539 522 520 0 557 246 538 527 550 494 534 2 604 470 552 475 474 505 495 
10 751 552 471 485 466 515 499 0 716 458 486 535 505 551 534 20 744 680 541 513 505 531 526 
42 627 504 590 521 518 525 520 19 601 406 598 497 515 518 500 96 568 555 540 495 503 536 520 
162 555 624 538 517 495 476 510 85 604 514 643 519 521 503 531 228 483 575 502 503 489 533 513 
695 694 526 489 536 540 521 524 667 693 513 482 469 480 513 502 749 672 529 496 498 508 503 518 
511 459 425 549 507 525 495 519 414 532 437 504 514 537 493 517 575 454 517 511 498 532 510 505 
540 460 426 531 496 524 483 526 430 569 491 533 483 539 496 507 609 492 590 475 517 531 502 519 
250 710 394 493 517 509 530 514 246 722 397 504 483 517 498 513 450 636 544 526 504 526 512 531 
88 881 405 516 515 516 485 519 71 681 496 569 447 506 513 501 204 550 651 520 519 537 488 525 
15 642 531 567 501 527 485 519 10 726 345 451 476 510 506 516 17 835 460 569 491 493 482 508 
0 563 532 533 506 513 526 521 0 762 284 484 509 494 501 518 0 941 513 546 514 518 507 499 
0 365 575 523 534 503 481 501 0 325 668 575 490 518 500 515 2 692 441 495 513 508 510 508 
14 134 376 562 546 485 533 505 11 91 364 571 483 503 522 537 16 150 538 463 539 489 520 527 
3 44 210 601 462 468 521 520 2 30 165 332 599 530 509 521 3 49 228 623 445 490 484 490 
14 56 78 856 488 457 497 487 14 49 62 541 480 590 526 525 15 64 78 779 441 533 511 512 
58 334 497 580 533 483 505 525 34 317 449 624 467 534 504 506 92 358 424 573 507 525 528 511 
650 521 540 497 516 512 503 526 605 544 503 500 520 497 530 488 755 481 450 493 525 522 498 511 
630 346 368 419 510 516 501 488 411 557 568 593 514 483 502 508 709 330 402 469 486 500 499 506 
409 344 464 492 538 505 502 503 266 475 597 533 557 500 495 514 488 363 500 538 531 513 495 533 
523 453 482 476 504 519 526 502 439 540 577 532 519 520 512 495 831 257 440 481 518 515 518 511 
307 727 647 556 514 531 535 496 231 800 711 563 514 487 510 522 763 301 334 471 483 502 523 521 
243 730 583 495 488 514 532 500 240 759 584 473 468 517 532 508 510 561 530 538 499 518 486 503 
309 596 498 536 501 494 529 504 294 620 462 524 523 499 544 499 431 538 619 521 501 513 503 519 
255 525 444 489 521 517 523 511 236 601 401 508 488 513 515 503 342 618 515 498 515 502 475 484 
100 880 417 522 504 518 526 494 86 886 370 479 508 508 518 491 161 831 538 600 516 537 503 482 
122 726 631 472 511 491 511 529 80 748 573 471 533 524 523 528 193 670 666 557 514 552 519 542 
80 583 452 612 517 492 507 543 44 613 407 587 464 496 529 511 107 590 514 607 502 501 531 528 
80 702 536 550 547 493 540 502 57 708 493 540 543 511 516 506 179 686 607 504 551 482 513 489 
248 612 517 477 468 509 507 515 222 656 495 493 511 522 503 506 382 645 531 491 498 470 528 525 
327 659 616 478 521 466 516 488 246 739 660 494 546 499 492 538 456 602 585 543 536 513 525 503 
203 726 673 512 501 517 478 510 187 727 645 520 486 513 511 493 479 482 557 519 489 503 506 512 
177 755 662 569 531 523 500 516 124 814 726 581 509 480 528 515 591 425 388 500 511 527 529 516 
326 712 592 528 544 501 537 529 215 815 701 512 489 533 486 517 532 523 532 496 511 508 508 512 
201 768 574 426 513 485 515 518 161 820 631 453 525 510 508 552 401 631 604 551 538 519 484 537 
50 567 521 596 534 514 501 508 46 541 559 467 508 526 497 492 145 525 564 561 540 525 500 533 
3 334 565 497 492 508 498 514 3 312 437 536 504 503 529 512 3 452 356 518 515 533 507 487 
19 963 500 446 530 526 526 514 14 983 574 477 509 504 517 507 242 774 668 502 491 487 519 502 
43 960 916 578 461 499 514 520 47 955 899 589 554 501 500 501 607 401 414 452 544 506 488 506 
211 818 777 569 467 510 537 518 231 798 745 527 543 547 514 516 707 333 345 617 493 519 532 527 
310 713 627 546 482 508 487 506 208 815 717 577 501 547 542 481 741 283 334 416 507 513 503 509 
41 970 828 428 556 515 513 500 28 984 833 396 581 488 528 545 411 612 572 597 545 515 547 550 
70 761 713 409 509 510 503 516 45 808 780 372 540 524 485 506 520 484 454 507 534 518 491 531 
111 718 609 445 499 515 538 542 108 747 655 444 474 503 453 500 515 486 492 551 505 513 507 521 
11 699 485 511 495 504 521 508 18 719 596 453 505 521 522 516 346 659 557 534 513 506 510 524 
4 796 643 455 528 522 506 491 8 811 689 494 501 520 507 513 389 610 530 531 530 502 529 511 
13 804 634 430 522 503 515 514 22 834 718 404 518 512 522 526 323 646 586 551 519 525 514 526 
56 742 428 503 505 533 528 510 37 792 499 472 556 519 510 509 150 781 639 571 528 509 541 505 
1 843 206 607 490 495 514 524 1 933 171 626 483 524 494 491 9 990 746 441 525 515 496 531 
0 995 371 590 576 499 507 499 0 1001 840 267 573 514 535 546 218 802 749 682 531 528 498 520 
36 988 920 308 521 530 522 518 52 972 944 689 482 539 528 499 824 200 197 311 565 485 495 528 
4 847 827 604 438 528 531 521 4 847 829 603 438 524 518 516 561 298 311 372 506 500 523 516 
3 530 446 712 406 524 526 505 14 523 477 713 357 488 519 531 319 223 234 538 501 525 512 511 
120 405 385 640 399 521 509 531 197 332 328 655 350 572 512 532 433 107 211 684 366 518 529 560 
157 677 509 494 487 531 499 506 165 747 520 486 503 494 495 504 423 507 526 550 493 507 500 498 
100 315 178 288 566 474 522 478 97 321 204 255 363 370 565 540 192 243 265 315 332 490 526 448 
59 521 424 428 485 511 530 499 61 534 401 431 455 443 510 496 180 472 499 436 461 501 499 480 
10 156 331 523 527 523 497 521 10 154 336 592 509 524 483 517 37 175 514 562 540 523 521 510 
8 155 382 476 509 478 474 528 6 177 395 530 505 485 485 481 25 293 412 570 522 517 517 492 
0 84 281 578 480 486 486 505 0 94 350 616 555 513 525 554 0 140 323 700 529 507 487 488 
0 9 129 691 443 518 497 504 0 14 149 874 480 522 523 528 0 21 91 698 479 451 520 507 
