800 509 529 688 524 652 600 588 660 625 600 622 600 702 628 570 524 690 647 480 424 549 517 544 
1024 1016 874 833 814 780 693 656 1024 930 820 757 696 640 642 608 1024 814 660 463 507 550 498 552 
1024 72 967 154 281 739 667 448 1024 45 136 226 796 305 673 478 245 788 831 337 728 651 409 467 
757 255 755 190 302 689 446 578 781 242 234 169 823 273 650 566 114 917 903 196 772 670 337 539 
608 236 820 197 350 618 588 604 608 335 113 220 804 532 502 597 0 817 822 400 664 551 583 453 
489 404 678 314 516 433 422 450 678 299 314 273 670 532 503 428 293 733 787 488 551 634 543 479 
936 58 852 184 220 386 516 493 928 50 78 86 754 334 439 584 0 960 999 117 922 482 604 516 
992 64 67 828 679 522 488 495 803 253 223 251 283 572 449 473 32 1024 933 91 504 471 502 519 
800 744 729 747 729 775 670 632 765 784 746 695 731 749 689 630 722 789 733 631 501 545 500 544 
1024 861 633 661 670 639 559 570 1024 692 618 603 544 523 541 536 1021 426 621 494 494 512 523 480 
1024 1 814 284 307 544 546 438 1024 0 62 179 824 409 419 474 120 904 904 488 600 571 468 475 
724 278 587 383 284 458 553 513 705 310 282 188 754 593 439 563 14 997 902 606 435 417 525 496 
597 297 629 262 282 440 527 562 590 413 41 215 693 646 441 539 9 762 836 759 351 392 512 571 
406 442 534 463 466 498 522 485 537 456 335 378 562 509 504 522 254 676 693 627 436 500 506 540 
594 373 502 494 471 508 493 470 553 397 282 322 647 418 575 532 40 773 758 552 531 532 516 522 
736 292 290 596 595 552 525 545 607 413 349 332 467 530 501 550 44 921 789 332 556 575 486 501 
800 851 817 735 681 668 569 590 800 862 781 512 581 647 630 565 800 842 478 527 545 507 553 530 
1007 358 469 602 605 468 510 496 984 283 318 410 462 521 483 532 573 552 647 419 556 530 528 491 
1024 0 36 988 983 779 549 370 1023 1 1 1 351 656 416 390 0 1024 1024 4 723 579 465 372 
693 318 143 791 733 630 576 443 684 336 287 131 552 451 466 431 24 978 816 263 679 584 412 439 
595 320 392 415 551 484 529 484 560 464 48 181 599 446 498 483 0 773 837 357 744 566 449 520 
424 468 441 604 551 504 520 499 617 446 339 355 518 528 505 523 346 697 702 463 525 524 525 515 
466 495 377 559 538 495 506 521 373 583 391 399 521 531 543 511 45 695 680 476 543 488 518 508 
877 179 155 647 555 478 557 516 514 538 500 445 464 586 570 534 32 986 703 382 563 536 479 492 
800 799 674 618 586 567 556 554 800 806 591 472 510 513 488 519 800 705 358 467 508 542 505 497 
893 331 332 641 473 536 531 501 775 428 391 471 480 447 543 505 433 652 620 410 439 517 508 517 
1024 0 20 977 751 371 483 537 879 145 145 145 173 366 579 600 0 1024 861 170 252 616 468 580 
635 354 174 747 605 522 507 533 541 462 379 273 394 488 522 512 32 947 666 386 394 583 493 515 
562 412 112 570 581 506 532 521 445 579 141 273 443 497 523 516 1 780 731 337 308 553 496 514 
357 561 411 608 528 540 512 551 534 534 421 410 442 513 499 486 370 656 561 530 470 504 548 496 
409 527 391 583 455 511 513 502 256 682 465 475 489 493 492 505 5 699 597 516 502 516 529 537 
728 316 254 524 498 529 507 523 186 841 777 718 621 519 504 517 32 917 352 676 567 563 477 511 
730 605 416 499 462 488 485 520 719 582 363 480 489 535 568 503 691 376 422 477 452 566 478 518 
834 330 384 528 496 524 530 505 701 468 520 585 557 492 526 501 494 601 528 491 525 512 508 513 
1024 15 60 707 437 522 535 494 413 621 625 661 631 499 498 519 44 987 396 648 587 510 522 529 
607 410 249 721 469 525 536 504 433 577 581 504 511 540 539 502 197 789 398 579 576 549 520 470 
574 389 63 601 526 405 532 538 218 806 358 492 641 466 555 494 0 735 515 639 513 500 554 482 
295 596 481 571 540 541 509 482 461 559 527 518 528 510 522 519 350 703 520 544 514 505 544 546 
331 603 461 467 506 493 527 501 130 791 592 551 560 524 541 498 6 685 447 543 506 508 524 508 
606 441 376 342 479 544 507 528 66 970 884 753 435 526 539 523 32 909 177 817 429 540 487 489 
424 422 546 455 449 506 506 528 409 428 519 360 492 575 542 519 365 363 318 415 430 491 466 489 
734 401 502 519 508 528 535 483 600 527 575 536 519 503 505 548 445 610 419 483 482 498 508 527 
815 336 309 382 533 522 482 493 398 738 685 655 485 514 534 500 254 821 337 661 451 514 526 488 
546 499 291 498 508 503 511 483 314 734 643 577 493 515 535 512 224 791 213 594 616 513 529 523 
426 601 205 255 472 516 504 557 179 868 447 508 648 481 486 528 130 521 555 776 501 517 476 500 
326 593 529 531 567 506 522 542 483 677 548 533 547 492 507 517 479 665 456 589 517 469 503 510 
235 701 542 543 557 510 500 499 170 771 605 560 510 508 477 515 52 674 445 565 511 486 536 487 
102 954 909 824 517 589 529 516 40 1016 954 281 669 576 483 541 32 976 91 377 628 534 456 511 
20 330 486 417 433 509 505 492 36 401 484 410 457 531 495 502 19 289 468 460 460 487 520 493 
19 444 546 499 514 508 526 504 40 551 533 502 537 524 499 508 80 446 523 520 517 525 538 528 
10 237 713 489 497 524 517 543 13 283 675 498 550 524 526 519 7 175 451 518 520 483 521 532 
21 443 538 517 550 520 521 508 34 550 565 499 508 507 517 508 49 386 491 496 502 492 521 516 
4 347 625 444 472 503 513 529 5 428 546 455 523 525 521 511 4 113 636 568 496 496 526 517 
169 421 583 501 509 490 527 532 268 475 539 478 491 502 508 512 233 330 567 518 529 538 493 510 
53 593 477 523 528 504 505 510 65 633 458 505 516 521 548 500 28 308 595 497 535 496 513 512 
54 712 700 546 540 523 512 503 56 714 661 439 590 510 538 538 33 540 411 437 486 503 507 506 
15 194 365 409 406 515 478 507 23 256 369 407 467 566 540 499 14 175 286 333 380 470 454 470 
0 92 417 657 544 502 514 528 0 134 323 551 527 513 517 511 0 62 226 296 394 419 437 430 
43 176 464 556 523 527 496 482 65 222 494 493 495 536 507 517 52 153 323 474 485 484 482 497 
12 279 597 505 520 512 498 523 34 402 605 492 514 513 512 501 28 301 480 536 503 501 497 491 
17 80 705 435 505 510 520 521 21 85 569 550 479 511 524 510 13 44 198 412 441 475 470 478 
23 158 577 477 507 503 501 514 26 156 396 637 519 487 523 497 2 101 220 292 446 451 454 462 
28 324 620 516 511 503 508 524 39 381 618 525 493 537 495 510 26 208 452 482 491 507 490 489 
44 184 595 550 523 487 528 519 44 269 585 549 518 521 537 536 42 118 453 481 458 478 505 535 
