0 1 40 261 302 500 402 446 52 368 368 370 551 407 469 484 444 446 434 466 558 550 510 490 
0 0 53 477 346 403 406 471 95 618 613 624 385 552 456 487 719 726 726 734 419 474 491 512 
0 0 8 600 266 362 505 480 137 670 691 700 674 464 535 511 817 836 965 818 406 537 525 521 
0 0 0 990 41 330 503 516 407 617 617 617 617 503 471 494 1024 1024 1024 1024 683 449 583 524 
0 0 0 1023 17 559 517 542 809 215 215 215 287 558 510 519 1024 1024 1024 1024 960 415 472 541 
0 0 60 481 330 492 431 462 452 179 200 255 469 483 487 503 666 662 860 759 682 569 557 545 
0 1 31 912 145 592 492 523 864 140 131 147 486 476 518 513 1010 998 985 977 933 555 494 528 
0 271 315 674 438 629 516 531 909 59 278 276 434 504 473 499 970 975 973 979 878 471 552 540 
0 0 1 101 219 555 375 503 34 186 208 216 671 367 444 475 235 242 289 567 517 494 426 497 
0 0 11 229 425 430 444 453 144 517 467 488 564 491 492 500 661 636 647 845 591 569 554 518 
0 0 2 155 612 641 385 468 120 646 600 626 844 482 558 555 766 725 986 768 843 334 508 570 
0 0 0 384 638 588 510 512 974 50 50 63 102 441 480 511 1024 1024 1024 1024 1005 793 474 517 
0 0 7 787 179 377 538 462 867 41 55 195 664 468 497 503 916 940 966 948 935 791 507 544 
0 0 20 202 220 399 499 501 239 61 74 173 779 509 496 530 312 348 940 832 494 529 537 545 
0 0 40 828 266 502 504 494 853 85 66 446 621 624 485 514 945 940 963 915 907 867 611 593 
0 270 217 712 424 563 523 487 781 42 436 426 529 512 534 523 827 965 834 842 856 819 610 582 
0 0 3 54 217 548 411 451 56 141 188 178 634 394 429 450 218 255 265 531 610 538 458 543 
0 0 0 66 373 429 453 471 152 360 426 398 584 392 514 498 525 573 603 779 661 571 547 577 
0 0 5 118 250 487 414 480 209 200 230 280 676 392 478 500 419 476 866 457 542 533 526 570 
0 0 17 328 671 614 465 507 984 35 29 169 614 527 518 509 1020 1018 1000 1005 980 804 601 547 
0 0 104 427 379 417 459 438 494 42 320 406 560 528 533 486 558 742 805 783 735 661 597 588 
0 0 49 89 121 327 413 443 107 85 129 370 656 607 495 524 211 636 556 615 499 538 516 540 
7 14 347 463 548 466 478 476 767 125 643 491 495 528 517 499 858 944 877 900 863 805 577 540 
0 287 367 550 547 489 513 521 805 54 720 508 552 492 529 507 851 985 872 902 877 817 638 610 
0 0 1 54 151 531 414 415 50 167 196 221 645 345 429 504 248 248 261 452 690 562 466 523 
0 0 0 54 288 419 455 471 239 311 316 374 545 494 484 471 577 532 595 844 619 545 552 555 
0 0 0 85 226 470 445 467 280 87 113 165 625 380 484 506 393 349 759 578 561 577 543 559 
0 0 35 508 430 430 481 493 927 52 152 676 456 537 488 574 999 989 951 956 922 814 681 621 
0 4 172 222 294 370 428 452 351 125 373 432 621 503 530 521 480 776 593 645 643 575 561 536 
0 0 37 87 153 317 431 448 74 145 302 435 573 498 529 476 394 572 647 551 533 525 532 510 
47 60 467 244 402 408 457 449 612 558 352 501 566 514 544 536 785 906 799 801 751 632 582 590 
0 267 519 355 431 489 493 534 667 199 719 637 470 549 506 458 745 944 741 800 796 719 573 623 
0 0 3 47 118 440 450 447 23 133 169 151 632 374 456 511 181 214 161 256 741 484 429 497 
0 0 4 107 318 382 420 423 194 255 200 252 508 479 507 472 479 398 450 631 563 564 548 540 
0 0 8 63 137 365 504 397 69 51 44 84 568 467 510 526 126 109 152 421 635 449 452 482 
0 0 14 150 235 400 469 452 166 102 153 254 612 416 484 536 284 297 383 704 568 549 522 529 
0 0 30 124 196 332 454 483 147 77 176 160 698 346 483 505 230 228 481 658 552 533 583 540 
0 1 25 66 137 408 447 472 115 71 130 108 785 281 455 487 191 165 569 553 550 577 524 540 
0 0 66 116 211 400 406 441 128 112 131 170 630 396 481 511 193 262 545 607 541 535 503 543 
0 181 279 392 442 504 514 531 108 213 366 448 553 506 528 507 149 361 514 636 552 538 541 553 
0 0 0 23 49 125 781 298 6 24 24 39 559 442 458 475 39 31 47 67 593 465 503 547 
0 0 6 28 55 85 858 101 0 11 27 31 782 223 230 227 14 31 33 53 257 756 771 790 
0 0 0 0 0 3 996 44 0 0 0 0 645 377 373 361 0 0 0 0 383 640 640 663 
0 0 0 0 0 129 820 302 0 0 0 0 537 487 508 493 0 0 0 25 717 415 424 529 
0 1 6 40 94 415 493 445 11 18 26 44 666 356 385 475 29 41 68 232 774 460 329 550 
0 1 5 30 54 303 568 409 27 7 34 37 601 399 512 560 38 44 62 306 654 441 399 462 
0 0 11 109 181 421 444 437 37 72 84 148 528 448 485 511 108 140 188 317 636 493 499 498 
0 192 224 324 411 512 472 500 0 192 256 398 693 497 494 537 0 192 265 584 528 525 628 492 
0 0 0 0 0 0 1024 0 0 0 0 0 1024 0 0 0 0 0 0 0 0 1024 1024 1024 
0 0 0 0 0 0 1024 0 0 0 0 0 1024 0 0 0 0 0 0 0 0 1024 1024 1024 
0 0 0 0 0 0 1018 28 0 0 0 0 1018 6 6 28 0 0 0 0 22 1002 1002 996 
0 0 0 0 0 1 1022 17 0 0 0 0 973 51 52 71 0 0 0 0 67 957 957 953 
0 0 0 0 0 9 882 219 0 0 0 0 163 861 859 745 0 0 0 0 825 199 208 279 
0 0 0 0 0 92 819 295 0 0 0 0 302 722 743 686 0 0 0 0 831 269 247 338 
0 0 0 6 27 189 625 404 0 1 3 6 422 601 623 593 3 3 10 57 713 405 398 435 
0 184 232 305 415 477 508 587 0 192 258 390 669 507 497 545 0 192 264 467 617 500 606 483 
0 172 244 308 380 562 532 468 0 192 256 438 647 492 532 446 0 192 281 391 643 361 460 574 
0 182 234 306 367 549 552 428 0 192 261 431 650 508 479 538 0 192 275 386 643 440 485 486 
0 189 227 291 357 542 540 476 0 192 261 440 632 531 446 476 0 192 285 387 632 428 400 548 
0 192 224 304 373 485 563 483 0 192 258 429 632 465 473 609 0 200 276 396 635 441 491 409 
0 179 237 307 379 545 580 446 0 192 259 425 612 472 516 514 0 192 277 416 655 425 464 462 
0 187 223 315 358 547 586 394 0 192 256 436 585 462 526 606 0 192 272 422 643 444 504 426 
0 174 242 339 369 496 548 432 0 192 262 416 639 482 473 610 0 192 277 390 668 449 492 413 
24 388 415 459 498 527 500 477 35 409 448 531 531 494 527 515 34 404 446 516 547 529 516 517 
