1024 1024 823 206 424 469 520 530 1024 617 407 578 497 516 484 494 1024 283 741 392 392 503 529 524 
1024 1024 743 281 384 503 500 530 1024 525 499 540 599 531 535 485 1024 182 836 464 563 583 481 507 
1024 1024 761 266 452 558 508 510 1024 693 331 472 477 530 487 523 1024 295 724 638 545 476 535 500 
1024 1024 757 268 433 496 516 531 1024 646 378 507 565 482 484 504 1024 342 682 517 616 536 527 505 
1024 1024 721 303 319 454 522 514 1024 672 352 352 470 514 536 482 1024 183 841 840 431 493 511 528 
1024 1024 516 508 508 552 501 535 1024 451 573 573 621 513 502 499 1024 124 900 792 456 495 517 517 
1024 1024 121 903 901 647 462 508 1024 31 993 991 543 519 508 518 1024 0 1024 189 647 487 517 515 
898 977 177 823 776 510 520 491 892 115 941 939 370 503 498 512 909 108 937 180 495 540 509 473 
1024 1024 1024 198 826 816 608 506 1024 1024 871 153 156 689 463 583 1024 1024 718 306 289 633 457 517 
1024 1024 1024 90 926 819 506 545 1024 1024 533 478 417 557 512 538 1024 1024 632 365 333 465 534 494 
1024 1024 1024 25 955 731 478 522 1024 1024 335 666 512 519 498 491 1024 1024 479 496 350 381 471 505 
956 988 974 97 847 592 517 525 956 993 96 875 690 538 509 518 956 998 147 821 584 539 492 516 
398 907 472 204 528 500 524 516 399 950 170 533 569 500 525 519 417 940 195 633 518 525 514 513 
498 759 655 369 430 537 537 524 832 479 416 426 515 514 522 479 938 563 366 446 492 508 536 510 
953 628 683 375 401 453 513 506 964 824 250 387 486 490 511 526 978 635 707 595 498 558 506 521 
790 914 648 438 482 528 512 497 842 571 623 516 532 502 515 488 877 508 713 527 506 535 521 495 
1024 1024 1024 154 870 823 491 657 1024 1024 680 344 349 545 584 549 1024 1024 635 389 370 260 524 628 
1024 1024 1024 35 989 720 522 541 1024 1024 602 422 422 433 448 541 1024 1024 632 392 392 347 486 557 
1024 1024 1024 5 1016 587 494 423 1024 1024 163 861 861 495 622 442 1024 1024 233 791 791 546 446 587 
891 1009 874 76 905 280 448 510 890 1010 143 813 798 313 510 522 891 1009 161 842 815 446 562 518 
0 897 144 284 464 537 548 530 5 1019 170 547 524 506 514 522 61 963 245 768 484 495 514 480 
292 732 539 489 511 524 507 499 840 288 538 496 503 526 508 508 996 486 436 503 512 504 528 512 
1017 274 798 599 533 527 516 503 1022 990 511 409 572 558 525 502 1022 1022 988 680 533 515 510 510 
798 942 804 469 603 558 493 501 883 867 944 211 653 491 501 503 918 951 865 491 548 579 529 514 
1024 1024 1024 296 728 728 500 532 1024 1024 1024 218 250 683 580 523 1024 1024 1018 221 273 662 575 529 
1024 1024 985 54 964 568 513 571 1024 1024 844 180 224 543 497 542 1024 1024 827 197 288 475 548 518 
301 888 464 349 553 475 521 521 369 903 299 513 610 523 492 484 493 791 245 619 596 487 514 509 
438 666 701 387 549 525 507 530 771 501 462 545 524 500 528 513 808 664 628 525 504 516 535 495 
0 422 623 399 585 505 531 491 0 586 533 676 536 490 524 516 37 718 437 580 465 485 508 532 
189 736 621 493 548 491 509 486 671 395 513 489 507 481 490 496 809 455 581 535 527 504 506 501 
941 326 438 463 525 503 508 502 1024 719 381 533 527 484 517 506 1024 989 639 543 490 519 517 487 
795 894 694 308 535 519 507 511 855 858 643 470 507 513 534 506 895 936 651 558 476 502 521 529 
977 1013 944 173 761 583 508 536 977 1015 530 503 662 508 498 496 977 1015 421 433 571 506 558 506 
267 986 466 391 581 535 516 530 534 727 358 646 482 520 514 535 648 644 531 556 557 515 531 524 
18 761 483 494 513 545 522 524 221 700 369 560 507 512 515 523 342 651 387 567 486 499 505 499 
261 406 761 641 397 557 496 522 650 243 575 614 568 523 514 511 665 742 385 364 483 494 506 562 
0 224 800 716 383 564 493 496 0 830 346 393 447 441 526 528 41 973 296 298 584 449 532 508 
0 1007 173 490 514 541 486 514 423 601 600 478 493 516 505 511 960 64 419 460 520 509 512 505 
258 875 766 516 502 545 511 507 1006 138 500 507 489 530 509 518 1024 576 454 519 541 519 529 518 
758 898 510 505 445 545 506 521 848 835 426 661 396 609 507 517 885 919 402 707 454 548 518 513 
149 393 344 437 524 508 509 471 191 677 378 566 534 510 507 511 225 560 435 507 511 520 508 507 
33 456 332 569 501 494 526 497 229 487 480 477 531 535 500 529 285 477 514 463 538 486 535 531 
0 152 391 585 486 496 504 524 4 449 524 583 623 529 497 483 93 472 376 474 493 519 518 501 
1 200 373 554 494 485 508 495 164 334 379 514 499 523 488 515 195 362 383 423 503 520 507 530 
0 121 294 542 485 515 487 488 0 491 410 478 446 523 537 523 40 431 393 522 558 526 503 514 
0 297 233 542 506 495 507 519 169 370 529 538 493 517 485 512 294 240 527 532 526 532 538 532 
23 101 227 524 515 491 515 538 118 312 587 525 502 516 535 511 129 328 573 540 491 501 498 518 
109 130 254 527 498 496 520 529 125 352 623 488 491 518 508 538 138 316 629 502 488 517 502 497 
0 0 140 419 468 478 488 492 0 347 374 485 517 518 494 515 0 188 438 460 495 509 507 510 
0 0 18 153 485 490 476 524 0 20 71 367 611 469 490 487 0 9 58 262 560 509 503 472 
0 0 10 94 487 520 519 485 0 1 29 248 692 527 515 535 0 0 20 174 613 513 523 521 
0 0 50 233 445 501 513 483 0 11 202 403 581 482 508 508 0 4 164 341 538 511 471 536 
0 0 52 229 494 507 506 483 0 10 169 480 592 515 524 530 0 5 143 380 602 511 495 513 
0 0 107 365 467 499 511 502 0 52 419 511 527 525 511 539 0 32 392 471 489 504 511 489 
0 0 65 309 470 516 508 482 0 7 285 487 552 486 513 535 0 3 231 421 555 520 518 505 
0 0 58 230 434 490 463 486 0 27 212 397 580 498 499 538 0 10 196 321 537 520 507 521 
1 615 306 511 497 501 519 546 624 197 572 475 506 517 532 491 638 519 439 505 523 512 526 511 
0 541 158 356 465 496 512 488 571 43 261 429 580 523 505 498 593 246 376 409 530 520 526 513 
0 480 129 323 446 503 505 506 510 58 168 384 577 503 511 530 550 155 369 327 545 535 511 539 
0 315 231 382 457 511 507 475 311 212 261 440 572 496 481 509 431 128 381 413 500 507 504 493 
0 162 325 330 480 493 526 503 121 361 293 490 545 498 533 511 231 270 359 383 555 487 509 531 
0 40 390 290 424 469 514 486 8 440 174 486 507 548 522 496 47 402 361 275 516 525 486 517 
0 12 393 269 434 492 490 503 0 404 73 471 538 532 500 493 0 406 316 223 549 527 534 492 
0 1 379 244 443 465 497 509 0 375 31 412 546 539 514 478 0 374 249 233 499 536 517 516 
