1024 917 107 107 333 630 600 406 1024 0 1024 1024 601 413 384 493 1024 0 0 0 1013 216 313 539 
1024 1024 0 0 250 706 499 485 1024 0 1024 1024 505 508 388 431 1024 0 0 22 1000 332 603 407 
838 913 245 133 617 415 580 373 809 215 875 880 523 450 353 334 771 125 176 122 875 353 644 515 
1024 1024 0 0 683 542 552 574 1024 0 1024 1024 647 358 281 557 1024 0 0 11 1012 327 784 307 
1024 1024 0 0 781 369 654 635 1024 0 1024 1024 613 412 349 463 1024 0 0 44 980 334 779 574 
1024 995 198 196 610 483 551 497 1024 446 709 643 561 483 501 507 1024 168 264 449 639 516 538 555 
1024 1024 607 445 531 502 513 526 1024 1024 439 524 555 527 521 521 1024 628 396 434 532 483 481 491 
1024 1013 195 335 413 594 577 509 1024 502 689 695 440 627 550 491 1024 171 286 365 699 450 519 515 
1024 1024 0 1 438 616 637 531 1024 19 1005 1005 598 499 559 572 1024 0 3 246 811 296 327 577 
1024 1024 0 238 539 522 560 536 1024 390 634 712 458 596 556 502 1024 0 325 359 620 528 488 518 
1024 751 210 197 759 348 604 493 1022 40 870 898 546 507 552 516 950 74 123 455 624 537 503 461 
1024 1024 0 90 931 809 643 503 1024 25 999 999 827 225 260 460 1024 0 8 43 910 249 371 405 
1024 1024 108 522 624 578 494 531 1024 497 527 705 778 419 509 514 1024 0 458 408 673 437 529 516 
1024 1024 78 503 592 556 453 522 1024 548 505 690 673 397 479 535 1024 67 426 521 560 461 538 502 
1024 1023 492 507 513 559 521 485 1024 1015 350 525 504 480 534 513 1024 596 423 382 473 498 486 516 
927 805 578 552 479 508 487 544 919 763 571 485 482 482 505 526 819 592 391 598 526 511 513 484 
1024 979 45 212 552 472 542 511 1024 529 495 513 685 470 541 509 1024 0 456 587 519 510 488 520 
1024 966 67 536 478 498 516 509 1024 763 261 447 572 535 520 516 1024 10 727 514 553 514 541 488 
1024 1009 226 618 451 531 510 511 1024 882 216 582 585 496 524 492 1024 224 632 534 475 561 517 522 
1024 1022 399 530 484 432 514 500 1024 696 577 497 529 562 517 524 1024 306 335 443 540 511 526 497 
1024 1024 810 421 532 474 502 512 1024 1009 639 275 546 508 534 526 1024 703 305 441 505 528 530 526 
1024 1024 794 205 391 475 509 520 1024 1000 310 684 574 538 536 517 1024 520 470 478 534 571 529 506 
961 944 336 518 520 541 509 504 959 849 313 458 570 498 503 495 945 304 605 428 490 517 485 538 
834 713 602 407 486 533 538 504 817 708 514 482 501 484 537 480 681 655 392 374 494 510 516 499 
1024 683 341 341 342 502 508 529 1024 49 975 906 377 445 505 527 1024 0 48 654 525 566 529 548 
1024 977 152 500 497 509 502 540 1024 737 352 688 473 509 495 539 1024 183 549 615 445 520 524 520 
1024 1024 46 651 475 474 510 493 1024 935 107 331 552 500 544 481 1024 55 913 433 484 514 503 547 
1024 1013 671 568 552 505 507 534 1024 1010 474 619 472 489 549 493 1024 665 389 582 536 502 520 505 
1024 1015 743 456 494 525 529 487 1024 1002 436 572 521 522 508 509 1024 717 301 465 496 493 515 532 
1024 1018 922 370 455 453 497 507 1024 1012 681 368 560 513 495 495 1024 851 167 447 457 492 517 526 
1006 974 849 414 565 510 517 540 1006 964 759 381 507 547 532 542 998 834 207 507 529 515 521 544 
866 747 683 466 519 529 522 513 855 737 593 512 517 513 503 489 757 670 375 497 517 483 480 519 
1024 629 343 365 424 517 522 515 1024 296 632 616 464 470 501 484 955 69 375 499 545 537 512 507 
1024 720 295 390 583 548 529 501 1024 512 487 431 475 524 511 481 1006 18 599 463 490 482 515 507 
1024 659 335 587 471 515 520 486 1024 491 448 461 554 493 515 515 972 56 638 530 480 521 515 517 
1012 456 450 537 517 502 523 490 1001 267 577 558 481 509 510 523 903 153 425 536 514 525 540 479 
1024 828 242 573 522 511 530 538 1024 587 438 451 614 470 502 523 1024 76 742 577 409 517 498 499 
1024 957 671 431 572 480 517 530 1024 962 456 499 549 505 501 512 1024 631 385 496 527 516 512 543 
974 935 823 530 517 529 517 518 975 971 733 529 500 530 506 516 965 824 331 624 528 492 510 534 
793 661 669 565 447 534 486 516 787 678 674 585 449 506 510 522 702 638 387 648 590 526 511 511 
605 470 575 550 529 490 519 540 606 456 586 630 502 510 509 490 458 569 641 408 508 536 498 498 
968 113 649 390 534 496 519 519 961 105 585 525 518 508 517 514 845 176 269 368 450 514 509 479 
800 272 531 460 493 491 501 500 770 305 406 571 502 490 498 485 359 680 630 569 511 532 512 515 
792 257 466 438 490 492 509 527 818 275 467 496 534 513 520 484 699 334 443 479 482 530 532 502 
997 27 57 772 541 494 508 500 1024 0 798 442 473 529 487 516 1021 3 746 426 499 549 518 548 
1016 8 326 670 628 545 517 514 1024 163 842 811 604 541 497 512 1024 215 792 761 543 540 527 501 
933 70 433 558 518 520 523 508 986 500 481 454 487 501 511 506 986 628 353 327 397 470 522 510 
642 325 464 539 536 506 496 534 753 430 594 556 522 555 501 527 727 409 616 556 533 538 498 508 
386 616 557 530 478 500 515 520 438 527 556 539 484 550 531 494 243 607 587 506 498 497 519 508 
503 512 505 494 508 516 494 495 422 591 551 500 500 538 525 532 209 672 603 508 520 517 480 533 
404 714 567 501 562 506 498 517 429 716 566 485 522 516 529 489 388 652 508 536 516 533 485 505 
503 539 462 510 534 526 500 513 516 529 429 501 478 510 536 519 449 465 395 525 516 501 537 500 
990 34 332 640 480 512 505 518 1024 28 890 619 468 497 522 521 1019 48 835 598 502 534 512 525 
1001 23 814 172 332 522 521 516 1024 661 328 303 412 528 507 494 1024 710 289 278 568 514 560 508 
928 77 827 186 468 499 515 505 961 857 172 156 493 565 534 483 957 892 143 234 592 484 509 511 
523 417 640 411 531 498 532 502 645 632 414 404 541 470 523 525 610 598 470 441 555 503 528 499 
202 772 545 488 487 538 533 485 165 688 582 508 510 510 534 517 72 510 442 509 497 514 501 498 
357 647 630 527 490 499 483 503 332 658 624 513 520 521 524 509 202 665 454 526 490 496 519 514 
428 648 551 536 515 499 516 533 388 684 579 556 482 533 521 487 208 786 550 490 533 512 491 512 
550 497 340 583 442 519 474 496 515 506 498 469 494 491 502 518 393 480 553 480 526 507 517 534 
993 31 366 659 605 509 490 512 1016 172 834 659 499 527 499 523 1019 330 672 529 525 514 511 495 
985 35 857 153 469 474 528 510 1013 825 171 228 512 513 510 524 1013 921 89 476 499 503 517 498 
951 50 925 267 628 500 558 507 986 904 96 418 602 545 525 490 986 916 148 690 502 504 537 512 
682 289 715 425 554 544 512 512 781 681 344 447 506 501 512 494 764 682 363 518 475 505 487 515 
