1024 1024 0 50 771 432 550 493 1024 0 414 601 539 477 510 519 0 1024 732 279 495 535 486 508 
1024 994 30 32 270 546 527 494 1024 0 123 821 516 504 539 533 0 1024 368 510 459 416 532 513 
1024 856 168 170 387 512 506 507 1024 0 26 822 679 475 528 516 0 1018 458 329 333 425 504 500 
1024 934 90 105 399 620 568 547 1024 0 186 804 559 481 517 519 0 1024 427 575 558 495 535 515 
1024 962 62 117 309 530 521 506 1023 1 246 685 437 541 504 488 0 990 446 542 554 457 513 533 
1024 496 528 531 692 450 545 521 987 37 155 314 355 387 509 518 0 587 620 627 472 518 511 524 
1024 513 511 539 701 509 564 532 1006 18 90 401 380 469 527 526 0 596 641 660 539 569 525 522 
1024 603 421 429 473 538 516 560 996 28 60 504 409 477 542 519 0 680 489 680 482 482 530 494 
1024 673 351 376 510 534 527 471 977 47 47 557 419 637 516 461 0 783 244 692 453 534 498 464 
816 547 339 373 587 456 517 488 794 41 41 452 461 486 503 498 0 668 185 559 439 512 481 520 
1024 717 307 308 393 511 542 523 1022 2 2 310 622 508 516 525 0 965 59 292 433 489 525 532 
1024 852 172 215 573 483 530 495 1005 19 19 536 500 497 502 498 0 870 154 416 533 504 502 504 
1024 684 340 340 463 479 495 511 804 220 220 428 746 435 525 511 0 630 417 259 369 502 493 531 
1024 620 404 404 419 507 507 505 996 28 28 123 668 526 507 529 0 793 231 233 516 531 518 490 
1024 446 578 581 537 511 543 521 1005 19 21 64 656 474 544 508 0 863 165 194 530 413 474 501 
1024 380 644 664 700 549 552 480 1022 2 54 209 527 532 509 512 0 975 171 189 425 542 483 488 
1024 360 664 667 652 534 508 495 1020 4 11 105 387 541 514 497 0 693 357 421 609 491 521 509 
1024 318 707 739 719 551 531 527 987 37 116 120 388 420 478 491 8 595 546 547 523 488 530 541 
1024 316 708 711 647 534 510 528 908 116 122 213 419 519 504 503 0 565 473 518 574 536 517 490 
1024 270 754 754 622 495 498 503 949 75 75 131 481 503 504 531 0 771 253 291 468 529 505 509 
1024 318 722 804 666 508 507 519 935 99 224 260 312 536 497 490 70 699 373 453 417 484 493 527 
555 208 554 558 622 496 471 495 485 153 257 326 464 536 536 501 26 447 375 462 497 478 474 499 
1024 737 306 457 443 507 535 495 979 45 306 540 476 540 520 526 131 776 346 600 542 523 498 500 
1024 422 602 558 353 552 484 520 644 380 380 706 416 497 514 496 0 590 437 579 524 489 521 527 
1024 756 550 607 467 522 509 495 772 838 423 582 555 514 482 501 680 232 736 363 537 483 497 507 
1024 899 225 454 534 507 527 500 1009 374 382 597 512 536 499 486 575 543 628 524 506 508 539 494 
1024 604 514 648 489 526 554 487 881 351 360 425 539 510 521 524 361 453 575 476 527 501 509 525 
1024 382 738 650 504 543 533 530 703 446 495 557 453 466 494 507 221 465 618 489 484 523 510 517 
1024 812 544 535 466 491 518 521 931 749 282 663 582 533 512 510 765 566 399 364 523 497 494 498 
1024 645 384 478 564 518 520 512 988 88 473 426 500 541 523 510 341 651 454 508 510 533 539 537 
1024 44 980 776 410 483 520 514 228 796 801 805 381 434 489 498 0 146 901 403 648 517 514 504 
1024 371 851 627 437 493 484 496 610 683 534 635 506 525 547 515 332 315 693 593 598 537 481 514 
1024 960 438 522 441 497 511 505 994 767 271 554 469 504 486 502 927 195 667 519 509 526 536 516 
570 476 516 521 499 538 507 513 578 365 527 490 530 510 483 510 393 465 436 524 534 546 506 536 
1024 690 379 488 510 509 525 511 1011 30 506 479 551 492 519 511 224 794 604 569 525 503 505 499 
1024 754 530 594 520 539 486 527 935 157 653 623 554 502 537 506 511 441 255 498 502 520 496 508 
224 520 542 453 494 518 506 528 451 368 484 507 480 553 512 533 467 388 445 445 494 515 514 524 
826 265 723 710 531 479 493 521 587 358 390 512 503 507 486 490 60 497 525 504 505 521 457 506 
286 304 532 511 502 477 526 527 267 244 536 496 562 519 530 533 250 199 466 412 498 526 515 507 
483 648 668 521 481 495 563 543 799 430 496 562 550 531 532 514 592 683 400 523 495 507 521 492 
428 322 656 555 513 546 540 507 421 359 418 501 509 517 527 515 269 392 478 460 472 483 533 497 
481 209 771 489 518 511 516 509 417 203 613 488 527 497 509 520 142 433 531 460 526 547 521 514 
613 25 883 459 523 540 507 513 77 549 695 660 488 466 528 498 0 172 593 478 442 481 500 519 
208 843 467 498 493 462 522 520 789 475 492 522 529 549 510 508 814 614 368 530 487 514 493 516 
520 228 665 447 491 541 503 539 188 527 667 398 563 496 495 508 146 241 550 443 488 495 517 504 
124 336 507 473 524 521 483 524 276 210 622 484 539 508 503 479 286 246 572 484 538 480 493 523 
730 255 642 473 487 475 510 530 322 624 550 518 528 532 512 500 202 314 510 492 521 509 512 509 
96 650 305 508 501 497 521 514 528 273 497 483 521 517 546 553 581 324 440 529 558 517 507 506 
5 563 468 367 555 498 495 519 361 310 505 462 461 499 519 523 480 211 615 500 459 509 507 520 
580 289 684 655 524 509 498 507 713 143 480 337 485 510 512 504 271 560 441 500 507 499 513 516 
0 1 955 112 511 508 448 508 0 0 598 497 536 531 520 496 0 0 579 485 535 512 490 487 
185 764 731 381 513 551 528 530 872 430 467 438 510 484 527 510 799 762 204 619 517 516 516 529 
182 470 555 474 511 501 512 497 390 304 515 424 455 526 523 475 355 292 610 435 482 526 508 521 
192 278 711 314 602 486 487 518 401 96 662 382 441 533 533 508 311 240 699 390 493 496 494 522 
240 231 756 356 564 443 488 505 333 251 447 622 579 489 490 527 282 251 463 533 503 510 504 500 
64 743 616 496 483 502 491 492 657 321 613 554 510 490 478 536 710 373 508 498 517 504 511 499 
307 375 617 510 564 511 504 503 340 480 648 415 485 506 500 492 331 409 569 577 526 497 525 489 
61 293 639 416 528 529 515 501 190 312 584 445 512 497 496 519 212 282 643 431 499 524 506 491 
413 426 368 543 552 521 491 534 375 451 705 529 485 495 510 502 356 495 360 453 493 489 517 513 
0 754 264 431 508 520 504 525 617 365 427 459 521 498 520 528 770 329 608 507 496 509 491 519 
126 351 533 441 497 502 475 492 202 558 542 502 482 504 504 525 263 523 485 505 466 504 515 483 
530 293 574 451 491 498 508 503 629 461 574 446 477 538 515 487 574 560 302 580 480 478 503 519 
25 103 448 492 452 497 490 523 33 113 208 738 541 537 496 536 33 88 176 711 551 541 529 474 
26 727 420 481 452 490 480 479 739 279 561 525 515 532 514 506 817 459 448 513 516 501 506 487 
9 466 504 538 506 536 515 506 269 592 289 446 464 516 526 496 286 411 590 552 516 532 499 511 
53 335 607 407 491 485 474 487 158 322 594 653 518 505 498 498 162 313 590 523 547 510 513 528 
349 355 410 437 484 511 486 499 686 577 498 499 531 512 504 508 680 580 479 490 528 519 520 517 
56 507 393 446 499 475 476 464 464 405 480 518 508 490 505 501 491 381 460 467 539 510 509 494 
300 269 431 456 493 460 506 472 331 453 416 452 528 484 499 497 327 414 404 466 484 499 517 495 
148 214 343 550 467 477 467 483 173 261 341 525 532 510 509 511 204 267 345 546 493 492 483 518 
24 251 387 431 494 508 480 475 219 98 258 486 511 518 521 498 437 164 439 490 512 494 515 503 
0 300 422 451 451 540 492 509 143 438 412 471 493 500 502 497 632 529 462 526 469 511 528 507 
0 5 127 249 331 362 373 407 16 437 399 320 447 527 488 499 0 100 464 321 423 444 437 488 
1 16 296 360 389 431 419 408 170 515 388 465 545 520 477 510 10 371 547 449 473 477 529 500 
0 8 263 411 413 408 431 442 329 379 346 430 537 518 537 490 1 514 574 390 493 508 503 499 
13 38 271 442 434 429 430 457 345 462 421 497 504 512 517 508 44 653 513 493 482 514 536 508 
0 20 193 509 453 428 472 490 340 420 393 436 526 529 499 519 140 690 447 462 493 452 494 489 
0 5 278 577 528 439 494 500 305 382 308 457 490 509 497 534 341 729 545 429 506 500 480 483 
0 29 308 539 447 456 490 480 224 252 351 468 536 509 516 533 509 608 566 468 510 523 517 537 
0 14 370 514 481 493 514 512 125 163 377 474 491 481 519 509 709 674 486 472 511 532 495 526 
0 21 397 520 497 490 497 514 38 148 386 502 495 480 510 503 928 555 521 511 520 502 515 496 
0 32 346 505 493 499 508 522 0 46 294 454 461 499 485 506 1024 612 467 520 499 506 479 527 
0 34 339 488 499 480 487 502 0 46 312 478 477 506 517 488 1024 638 454 499 544 505 508 528 
0 40 321 458 480 470 479 477 0 76 300 438 480 479 473 472 1024 599 485 518 522 509 491 487 
0 0 227 560 502 508 461 508 523 138 234 449 489 509 497 486 357 667 748 385 555 538 528 517 
0 2 162 513 475 497 477 477 356 153 304 393 514 503 517 516 516 550 661 462 511 499 503 509 
0 3 173 507 452 488 468 487 163 164 354 450 489 499 515 475 742 446 557 492 519 513 523 498 
1 18 235 496 489 469 431 491 24 108 307 486 508 496 522 486 925 403 558 488 512 505 494 536 
0 19 256 494 485 477 482 492 0 51 298 434 463 461 475 469 1018 440 536 531 498 503 528 505 
0 30 257 497 450 466 468 501 0 63 280 464 445 466 473 487 1022 441 534 523 519 506 495 514 
0 44 292 436 449 438 438 495 4 161 326 434 477 488 481 497 1002 476 484 487 526 504 512 515 
1 46 276 436 437 452 446 442 8 169 329 462 472 473 494 463 992 419 477 486 533 534 512 528 
0 44 310 390 385 458 425 435 7 244 403 479 506 506 479 490 930 373 516 504 525 503 530 502 
0 47 258 402 418 429 407 433 22 407 446 480 472 492 508 497 864 355 543 497 505 515 519 532 
0 54 276 347 394 389 410 389 12 405 435 496 483 495 529 542 827 346 524 490 533 489 538 531 
0 45 297 352 400 389 422 401 28 528 497 489 517 483 520 517 783 371 508 496 525 515 533 501 
