192 387 499 497 468 529 519 513 300 421 428 432 522 518 525 511 239 553 521 462 513 549 500 514 
969 33 959 578 415 498 520 495 967 43 44 671 500 428 498 504 26 991 888 211 401 512 486 515 
1024 17 1007 997 544 562 503 512 1024 0 44 970 508 503 520 512 0 1024 1020 290 516 517 483 514 
1024 81 943 943 738 564 541 502 1024 0 170 854 611 490 532 510 0 1024 1024 471 539 466 475 517 
1024 52 972 972 769 626 538 508 1024 0 112 912 619 586 535 547 0 1024 1024 382 554 470 480 485 
1024 4 1020 994 552 527 502 503 1024 0 53 925 442 479 538 524 0 1024 1023 205 502 517 463 508 
1024 0 1019 470 502 444 513 504 1024 0 0 587 492 402 533 479 0 1024 814 264 489 487 521 539 
1024 0 668 357 518 557 517 471 962 62 62 143 466 475 492 519 0 1024 372 652 535 451 540 511 
171 240 542 559 494 516 528 495 216 324 378 601 502 526 510 500 144 447 414 580 496 498 511 523 
476 345 558 601 532 509 532 502 490 300 583 386 455 510 524 482 163 649 601 591 555 517 504 520 
1024 350 674 674 667 577 524 497 1024 0 984 40 339 413 474 515 82 942 942 940 805 480 478 492 
1024 594 430 430 430 445 486 478 1024 0 1018 6 404 476 544 495 138 886 886 886 748 465 479 501 
1024 872 152 152 163 318 507 515 1024 0 978 52 450 523 493 507 316 708 708 708 473 591 465 529 
975 705 316 312 348 461 499 533 997 49 846 299 436 480 464 504 472 582 580 661 457 504 508 518 
1024 168 856 831 437 511 504 505 1024 0 521 673 603 464 498 514 401 623 640 763 394 432 521 495 
1024 3 1021 546 559 488 456 521 1024 0 272 644 441 485 509 527 289 735 739 381 668 561 510 489 
115 260 324 678 463 557 505 534 156 228 346 618 413 446 524 533 149 244 250 486 488 541 528 486 
456 388 545 532 541 526 486 507 564 345 615 448 556 505 506 503 527 448 491 473 491 523 537 532 
1024 483 541 541 541 541 640 536 1024 0 1024 26 986 485 527 516 1010 14 14 14 423 550 490 535 
1024 745 279 279 279 349 510 490 1024 0 1024 33 973 673 588 520 998 26 26 26 464 495 534 496 
1004 873 153 153 161 413 509 536 1006 18 1002 95 893 539 503 494 976 47 46 58 441 469 505 511 
935 762 251 262 241 456 506 525 951 99 935 244 802 469 538 504 917 138 139 229 535 463 459 516 
1024 362 662 662 659 549 509 534 1024 0 1024 80 654 507 565 517 805 219 219 314 604 529 488 517 
1024 4 1020 965 466 453 519 522 1024 0 766 280 560 447 503 500 635 389 389 644 513 535 520 514 
148 210 381 691 458 577 516 508 182 216 371 674 430 466 518 527 208 207 218 551 481 540 489 490 
294 411 535 550 538 518 523 524 513 346 599 495 519 517 531 496 583 431 403 568 504 511 501 527 
1024 271 753 753 751 588 500 500 1024 0 1024 717 307 342 564 517 1024 0 0 706 321 685 488 510 
1024 444 580 580 578 554 515 508 1024 0 1024 785 239 482 578 494 1024 0 0 732 404 624 561 479 
901 586 436 405 418 458 525 498 900 62 960 701 332 372 557 528 893 71 100 585 470 554 494 508 
628 473 613 556 534 487 528 509 735 258 746 481 544 536 519 504 748 281 296 537 485 487 510 504 
1024 147 874 874 645 555 522 500 1023 1 1022 148 843 428 493 520 1021 3 4 340 702 546 487 529 
1024 0 1024 972 194 496 477 518 1024 0 994 30 313 532 534 485 1021 3 3 51 581 537 499 535 
173 177 345 705 476 547 504 495 252 178 340 670 434 484 549 517 259 200 313 572 552 525 504 530 
286 464 534 497 481 532 524 508 550 437 613 535 509 499 520 517 690 461 515 545 509 531 530 514 
980 43 982 886 378 574 516 540 1005 31 984 734 275 341 545 523 1011 25 142 878 753 541 544 515 
846 177 875 816 502 465 470 519 908 127 883 804 266 366 533 477 927 126 356 658 555 528 518 529 
778 185 837 765 571 534 499 511 830 139 870 684 332 404 489 491 842 139 341 688 493 510 494 537 
562 337 736 646 536 533 507 495 683 299 700 561 482 489 508 532 720 299 387 684 493 492 501 498 
886 67 941 742 418 467 532 514 922 46 937 241 801 531 504 518 935 31 156 836 444 476 506 522 
993 24 998 477 526 534 528 502 999 19 1000 27 514 525 503 534 1001 20 19 671 360 478 505 499 
111 207 329 685 478 563 492 501 219 231 331 624 423 467 532 546 268 243 316 548 522 523 535 533 
204 561 431 525 503 535 531 513 545 403 585 512 494 489 551 506 653 523 495 503 507 526 510 508 
854 156 767 272 571 555 507 517 943 102 832 263 689 627 484 513 959 98 533 514 513 545 505 503 
660 320 698 453 467 500 510 502 814 220 735 483 525 483 500 486 870 178 550 454 483 519 502 501 
465 292 648 465 479 485 521 512 529 284 718 459 540 516 519 498 559 296 612 438 423 554 482 523 
196 459 577 505 478 504 532 511 327 472 600 522 520 509 539 518 419 478 537 507 496 503 526 524 
723 186 619 417 623 496 497 487 816 151 810 251 616 465 458 537 889 88 324 691 700 560 477 526 
878 82 575 436 402 566 523 534 895 78 717 306 450 547 494 480 904 71 87 919 496 514 504 493 
35 267 512 559 512 517 517 499 195 358 452 512 501 518 512 543 296 394 488 520 519 502 521 515 
107 561 473 453 514 510 507 500 467 401 652 506 493 487 499 513 571 636 502 513 509 509 541 493 
98 481 505 528 496 497 501 519 300 414 482 525 466 491 541 521 390 403 487 523 499 518 518 482 
334 474 473 535 489 518 500 486 601 334 496 415 546 483 498 545 681 303 525 443 499 532 534 507 
234 390 450 513 523 507 536 513 350 379 562 452 525 514 543 516 415 360 566 472 516 493 516 523 
122 293 483 534 536 533 523 518 219 368 510 515 508 526 505 512 280 425 499 505 520 511 526 501 
235 382 447 534 532 507 482 529 384 423 491 528 484 499 507 519 486 400 504 529 524 492 525 492 
230 337 457 496 511 489 516 513 351 353 453 565 498 501 514 515 419 394 430 566 456 501 509 495 
0 145 438 570 530 527 534 501 78 237 478 516 520 486 508 526 161 289 442 517 509 502 502 511 
53 187 558 485 502 516 538 526 129 297 585 494 526 553 497 492 294 412 545 517 510 500 519 518 
57 228 508 514 500 541 510 505 147 338 463 532 533 497 542 494 176 415 496 542 488 490 505 538 
37 157 703 475 486 469 518 501 78 512 420 470 505 497 502 526 114 552 567 507 506 531 522 543 
16 250 505 539 510 491 516 513 87 358 420 554 523 500 523 521 121 389 462 529 531 498 512 503 
33 197 327 650 498 505 492 536 66 210 351 644 491 513 531 514 83 222 357 572 486 510 532 491 
8 100 335 655 449 540 524 534 44 131 314 611 454 500 497 520 56 155 325 553 513 491 543 511 
19 222 309 642 500 510 526 520 97 241 303 586 440 501 534 499 131 242 365 496 503 524 509 540 
