1024 0 356 668 517 418 479 467 869 155 155 161 653 520 490 575 0 1024 1017 422 325 437 468 487 
1024 0 334 690 444 509 431 488 730 294 294 294 662 462 501 497 0 1024 860 313 649 497 513 478 
1024 0 511 513 471 415 550 472 849 175 175 175 232 711 519 544 0 1024 940 93 652 455 513 459 
1007 47 929 252 465 509 472 502 1001 59 52 350 511 539 516 497 88 972 958 531 524 570 490 507 
1024 434 587 532 451 477 524 486 1024 0 793 226 516 470 480 542 924 100 105 296 649 547 536 533 
1024 645 379 325 270 359 490 469 1024 0 889 161 784 373 425 494 996 28 30 605 410 483 493 489 
1024 63 961 826 374 534 507 494 1024 0 489 535 575 499 527 548 852 172 172 282 462 531 527 534 
1024 69 955 571 637 470 519 499 1024 0 509 573 392 511 540 504 677 347 382 584 613 484 462 512 
1024 48 976 839 547 462 527 532 1024 0 675 389 641 481 533 485 919 105 128 417 416 547 539 544 
1024 0 1024 275 748 728 708 415 1024 0 25 970 929 139 453 631 275 749 749 749 708 736 697 364 
1024 103 476 662 555 513 495 520 659 365 394 571 598 544 474 531 0 1024 678 423 577 570 526 509 
1024 455 513 545 427 518 546 533 819 205 551 431 608 468 540 456 0 1024 841 322 656 450 538 523 
1024 504 559 462 474 509 501 499 940 84 504 300 551 538 521 498 15 1009 958 274 576 541 522 492 
896 379 700 570 528 487 486 525 966 67 251 668 529 516 494 494 191 889 895 645 585 499 525 512 
999 733 574 525 605 484 490 505 999 24 875 419 405 465 531 519 569 441 445 447 426 446 522 475 
1024 1015 253 259 414 524 490 501 1024 0 1024 356 599 443 548 511 720 304 304 616 435 479 486 493 
1024 910 422 292 454 518 471 535 1024 0 968 430 507 509 505 569 555 469 472 712 395 563 449 572 
1024 703 607 473 539 481 495 518 1024 0 834 507 393 480 520 510 495 529 529 445 515 512 491 494 
1024 556 610 539 452 547 495 531 1024 0 554 634 535 563 502 517 348 676 676 620 491 511 479 530 
1024 244 818 396 546 494 549 472 1024 0 196 447 740 669 414 444 73 951 951 901 280 437 498 530 
1024 963 877 165 484 492 485 480 1024 0 928 735 364 511 438 499 10 1014 1014 684 526 609 517 529 
1024 1024 1010 14 686 450 539 479 1024 0 1024 783 453 537 470 510 51 973 973 699 615 617 490 453 
1024 1022 876 138 807 490 593 511 1024 43 913 885 433 494 472 504 99 937 948 820 448 503 624 500 
909 928 845 238 745 535 531 550 968 122 875 827 551 475 484 470 312 776 789 817 402 536 509 552 
982 979 943 272 760 670 439 528 975 162 868 878 489 520 506 530 198 853 865 846 398 581 478 517 
1024 1024 862 272 745 703 487 520 1024 52 972 921 621 516 517 504 243 781 886 880 499 508 445 510 
1024 1020 710 284 748 511 556 576 1024 138 886 847 380 633 552 517 432 592 903 767 532 460 456 517 
1024 1024 403 560 369 442 525 496 1024 109 915 861 533 524 532 512 819 205 739 384 607 444 505 533 
1024 1013 53 711 471 495 492 493 1024 194 830 689 389 500 528 543 1015 9 468 595 474 500 505 517 
1024 992 179 794 654 613 409 485 1024 78 946 868 666 258 704 555 1011 15 546 357 360 388 557 560 
1024 910 433 354 576 489 522 551 1024 8 969 792 541 436 501 500 939 85 282 438 557 527 494 544 
1024 983 280 296 653 502 535 474 1024 121 903 715 491 470 488 514 1007 19 510 458 468 489 512 531 
1024 872 465 584 519 493 500 509 1024 380 592 597 510 488 546 505 988 242 485 512 516 524 513 498 
930 757 411 641 509 500 507 511 991 256 734 600 507 481 497 529 991 208 607 375 513 532 526 497 
951 795 361 603 521 540 485 492 947 276 710 557 447 521 507 506 936 92 614 494 469 503 500 512 
1024 819 218 674 547 546 506 520 1024 152 772 649 547 579 498 476 998 27 684 452 446 468 520 484 
1024 686 338 583 478 539 517 495 1024 43 788 647 568 528 518 518 850 174 597 432 594 519 542 512 
1024 497 527 541 660 415 519 511 1024 0 798 475 487 568 504 525 928 96 241 339 531 515 538 506 
1024 181 843 834 544 474 505 535 1024 0 664 388 540 458 459 496 838 186 186 352 512 531 527 524 
1024 0 1024 1008 161 775 381 745 1024 0 200 824 717 552 470 451 652 372 372 372 364 452 470 467 
1024 20 998 715 423 463 527 511 1016 8 130 757 511 514 489 505 296 728 724 616 524 509 536 543 
1024 266 760 721 537 473 531 513 1023 4 530 512 565 542 514 511 705 319 336 469 458 488 525 529 
1023 452 574 660 567 506 500 498 1022 12 720 507 528 508 497 516 803 221 313 516 554 515 498 513 
896 411 588 597 548 491 511 491 940 129 601 605 554 527 512 530 770 369 417 518 546 491 526 512 
867 570 579 471 445 518 506 517 867 353 598 502 514 497 494 495 693 512 503 598 558 533 517 497 
785 367 613 624 412 497 490 480 796 316 309 618 433 491 508 498 420 702 583 547 512 522 510 472 
823 483 496 528 487 491 535 543 821 203 612 475 524 497 519 522 620 412 399 469 513 516 515 522 
970 724 300 322 490 522 516 496 972 63 886 310 563 492 521 495 940 86 121 409 595 536 507 482 
1013 383 632 633 565 525 500 524 1012 27 827 265 506 512 516 493 899 125 147 400 509 518 519 474 
1022 538 471 481 383 610 537 516 1020 27 819 273 595 607 495 463 884 141 188 584 515 694 453 459 
526 444 673 630 498 498 514 531 663 293 458 576 499 506 514 468 620 345 400 457 497 528 496 489 
721 530 682 614 542 498 523 509 793 454 578 396 456 515 507 520 797 442 405 410 533 513 519 499 
763 725 701 415 558 511 498 511 872 589 494 430 469 501 500 491 855 587 431 520 567 515 505 521 
511 637 605 482 518 508 471 497 606 598 497 487 492 519 500 520 625 614 511 487 493 482 487 508 
711 692 473 494 525 527 495 512 744 726 489 492 480 483 517 524 752 729 525 490 472 495 509 522 
443 784 379 504 507 535 471 494 462 791 398 550 521 494 516 525 464 756 374 533 494 505 494 538 
487 678 484 478 520 527 532 504 496 739 511 468 530 507 510 510 506 695 567 445 537 473 515 504 
583 771 564 515 534 528 524 491 662 732 568 479 536 536 530 527 696 696 595 448 541 528 528 490 
284 306 520 587 462 520 503 525 295 366 597 618 522 500 521 506 314 350 542 565 479 515 520 498 
428 491 644 469 410 479 558 506 522 442 569 509 608 493 547 506 504 464 613 511 523 414 463 449 
2 711 692 403 486 494 495 516 5 710 383 492 480 524 518 506 7 657 190 362 511 538 483 508 
98 623 677 574 492 510 514 516 71 675 586 442 536 529 520 531 72 658 264 510 516 525 512 496 
106 598 647 622 472 544 504 493 58 667 682 459 532 517 488 518 55 680 351 497 534 500 525 500 
99 572 589 512 515 516 514 520 51 646 651 479 473 506 501 500 19 681 411 536 504 520 532 505 
163 504 534 507 467 515 498 512 152 537 565 470 528 513 519 512 99 592 436 525 502 498 501 506 
97 550 618 525 483 516 491 497 68 603 631 457 513 516 515 519 29 636 375 588 521 528 502 523 
273 380 470 465 479 496 486 516 190 475 534 482 492 512 500 528 84 573 434 546 507 497 535 515 
422 212 333 380 490 471 479 474 263 390 506 515 466 490 504 501 119 528 512 467 502 508 532 525 
39 612 660 665 455 492 517 515 36 657 659 378 515 502 493 496 33 652 215 621 480 533 495 496 
1 593 580 524 511 551 457 553 33 676 511 443 541 537 538 565 56 589 361 564 373 579 461 458 
1 1023 936 169 240 773 772 779 0 1021 53 863 239 783 258 747 0 862 163 179 234 250 764 260 
36 988 965 785 251 252 246 267 0 1023 191 819 787 766 271 775 0 925 100 176 248 746 773 244 
78 946 941 803 260 775 263 771 0 1024 843 224 234 237 763 264 0 993 45 204 784 777 268 762 
29 995 977 251 764 759 772 753 0 1022 840 210 261 255 769 259 0 1011 30 792 242 264 262 246 
133 891 878 776 251 752 755 240 10 1014 893 241 760 265 253 246 0 1002 102 800 257 779 282 257 
120 885 880 837 241 758 268 247 51 940 848 197 248 770 256 270 5 945 141 268 763 762 777 778 
196 790 789 764 268 758 251 252 97 857 814 255 257 774 238 764 24 885 218 762 240 261 257 748 
210 772 771 781 251 740 240 236 119 829 805 240 258 755 756 242 23 880 253 765 264 263 784 770 
140 827 842 280 776 775 762 777 79 869 823 230 253 248 755 251 27 876 175 266 770 773 799 766 
29 985 974 357 707 728 820 864 15 994 957 71 155 271 811 107 5 982 49 309 718 751 216 708 
