1024 0 0 291 733 681 676 564 0 1024 1022 5 274 757 684 567 0 0 1024 984 47 219 658 532 
1024 44 46 343 516 589 424 536 53 1007 994 39 249 733 450 577 46 74 959 922 264 333 423 487 
1021 459 437 472 702 583 459 563 487 957 897 279 559 599 472 490 465 489 871 779 560 493 561 505 
1024 96 94 551 623 637 594 527 132 952 936 235 807 712 532 399 96 254 780 806 802 652 400 504 
1024 19 219 525 538 615 617 621 118 906 923 328 741 646 615 420 17 542 536 533 699 657 374 405 
1024 191 514 518 485 511 506 521 576 494 596 535 551 501 511 504 220 801 349 503 484 535 507 507 
877 355 324 604 525 533 499 532 388 734 767 592 487 517 494 522 295 718 305 387 441 478 519 521 
256 476 523 500 518 552 509 507 232 512 600 502 496 545 519 538 191 498 559 512 506 512 514 493 
68 287 569 489 498 506 520 534 88 360 637 502 497 513 516 508 91 381 629 513 537 492 515 503 
99 323 575 481 467 477 522 527 95 382 638 462 510 519 510 479 83 387 621 455 497 535 527 508 
125 449 571 508 454 491 487 524 192 514 588 550 507 525 505 549 181 495 595 519 502 520 508 510 
427 331 460 537 518 514 504 490 117 581 739 622 522 505 521 524 12 545 424 487 529 521 495 474 
433 529 530 658 590 488 507 499 22 910 676 488 490 518 580 565 0 242 734 763 777 272 540 531 
1024 0 0 758 462 452 626 467 0 1024 1024 128 581 446 611 494 0 0 1024 1003 258 445 499 544 
1024 443 528 852 614 688 538 555 499 932 903 648 579 591 496 556 456 673 681 685 622 522 533 539 
1024 1016 1017 1015 966 817 828 774 1023 1016 1015 964 764 502 504 653 1021 1016 1013 1001 886 847 805 714 
1024 903 914 936 905 850 773 719 961 927 943 886 814 661 398 638 914 965 897 876 862 794 716 633 
1024 422 808 526 608 590 565 517 672 708 703 681 632 519 489 484 440 915 413 512 704 603 523 565 
1024 34 972 159 510 535 519 533 703 321 346 374 472 689 462 512 11 1013 94 599 476 561 501 538 
922 386 606 503 517 513 530 512 871 235 376 422 492 483 499 501 360 677 485 578 520 501 528 514 
257 403 510 514 501 496 501 508 279 440 567 501 514 532 529 497 217 491 560 517 494 519 525 523 
105 363 481 483 476 476 493 486 210 431 590 508 511 537 516 520 210 454 581 513 513 519 511 517 
146 255 551 502 527 490 500 518 170 310 576 503 524 495 524 507 140 324 601 532 516 511 501 515 
185 442 451 510 465 504 490 507 281 436 527 499 519 511 530 506 278 429 541 487 502 520 506 498 
252 224 583 506 511 533 505 509 183 321 613 484 507 505 504 516 61 388 582 514 504 490 511 512 
793 144 431 295 542 545 484 471 242 678 745 303 625 655 526 492 13 873 172 234 471 469 305 443 
912 110 370 606 610 484 529 496 114 897 896 719 431 617 454 456 57 338 677 724 578 497 590 500 
998 397 718 461 521 524 543 520 738 513 535 523 507 548 547 520 385 781 380 477 471 515 528 542 
1024 956 560 585 554 538 501 539 1024 805 305 382 512 490 508 523 939 542 676 581 515 508 533 506 
984 871 790 710 502 515 564 498 981 727 667 519 495 514 524 565 863 763 755 568 503 540 494 484 
930 662 723 647 507 525 510 511 919 537 525 499 501 472 486 514 710 634 660 562 538 496 510 516 
919 252 768 621 503 513 537 528 892 185 319 452 569 496 540 508 269 774 546 565 495 489 495 508 
509 520 507 527 512 515 499 498 652 404 521 483 530 520 510 504 444 568 613 516 497 491 526 517 
142 405 519 521 528 496 503 517 235 426 558 496 489 486 513 534 204 445 583 495 488 493 513 525 
147 443 498 483 504 520 508 516 276 435 556 488 494 490 538 513 302 428 543 508 530 521 521 526 
350 417 517 479 505 501 497 538 366 423 519 501 504 530 542 498 228 507 542 525 512 495 502 534 
366 419 466 506 525 502 509 504 439 447 540 522 471 534 521 535 366 471 574 507 506 517 527 505 
435 332 515 529 472 522 505 495 406 347 449 562 518 489 533 519 160 515 540 498 501 482 482 511 
883 60 449 905 279 624 515 495 367 531 648 878 695 288 247 640 0 893 354 758 218 317 514 443 
844 185 663 417 553 506 530 522 569 411 480 489 532 512 515 524 151 740 284 405 493 506 494 521 
836 701 634 581 557 513 512 516 845 644 573 495 533 521 514 514 816 600 569 511 523 511 545 525 
802 681 732 661 595 555 528 521 855 599 575 640 570 555 532 524 754 646 618 629 563 556 499 505 
561 464 541 461 520 500 516 507 744 335 458 534 528 519 495 516 664 385 451 558 515 498 504 487 
653 356 472 495 505 525 538 491 737 490 555 536 521 530 498 513 701 528 550 526 543 506 532 511 
467 383 492 501 500 504 526 480 551 405 529 519 503 530 534 538 432 468 518 535 524 497 509 515 
297 392 491 466 493 514 519 486 475 444 558 531 534 514 515 502 444 475 539 535 527 493 490 495 
136 378 503 517 530 513 498 518 253 432 526 492 506 519 511 501 258 421 536 496 502 508 503 494 
127 433 526 485 479 495 501 507 220 482 554 517 505 514 503 497 262 482 568 541 497 496 510 494 
163 447 515 485 505 491 460 504 234 444 598 512 491 519 543 516 236 451 595 515 489 514 538 491 
323 301 472 454 476 481 493 469 405 375 548 514 509 516 522 501 404 374 546 518 501 513 501 487 
378 313 548 523 496 477 521 500 401 292 552 542 486 498 505 503 226 416 550 528 479 516 525 494 
811 184 329 272 498 660 574 521 289 565 862 791 281 740 322 519 57 777 394 756 239 761 437 563 
658 222 670 474 500 507 559 495 633 314 387 430 490 509 496 510 271 642 423 548 490 507 512 481 
547 412 486 494 522 498 500 496 628 424 508 495 485 517 509 502 509 491 525 482 528 503 515 477 
61 386 505 534 539 491 521 492 146 373 658 372 462 538 557 518 157 371 656 369 499 469 535 544 
135 331 497 451 460 485 523 510 208 400 645 411 520 493 510 530 217 401 657 461 543 491 493 499 
121 463 506 493 478 496 506 520 227 463 683 511 514 537 514 532 256 440 712 542 498 484 516 539 
209 542 492 476 508 519 520 512 417 441 613 485 472 551 526 531 444 421 620 491 478 494 510 513 
476 344 318 362 436 544 491 469 675 309 614 430 415 444 580 459 680 306 653 393 436 450 577 560 
250 473 508 475 499 492 489 518 582 414 496 509 481 505 501 520 592 415 506 506 526 523 515 506 
167 400 507 516 487 491 517 519 338 408 542 505 501 525 506 507 369 451 566 477 523 503 522 516 
276 456 456 472 502 478 505 476 461 436 556 525 532 486 494 539 479 433 571 518 508 528 509 491 
233 297 407 465 479 456 527 501 339 401 581 507 539 534 524 489 335 419 586 482 544 523 506 503 
257 402 484 484 473 505 502 511 368 382 550 520 484 519 506 504 313 373 518 483 531 509 507 507 
212 606 744 549 467 536 474 536 165 618 869 629 349 427 490 570 110 661 324 792 617 711 378 571 
502 388 496 506 507 507 491 512 528 390 452 519 532 511 540 509 384 507 506 510 523 510 527 513 
474 380 447 471 530 526 516 538 594 359 574 505 529 484 521 504 598 368 583 517 506 505 485 499 
235 390 527 507 486 502 513 538 355 362 556 502 526 516 520 511 357 373 540 516 525 533 507 499 
591 222 315 402 554 472 532 481 651 216 715 364 390 607 506 515 663 223 739 354 418 589 593 553 
184 362 541 508 512 530 471 521 235 379 583 523 507 539 476 510 270 443 584 513 507 486 521 488 
110 188 570 427 500 510 502 520 139 209 675 516 557 512 519 498 151 248 693 543 498 487 551 522 
125 228 549 476 499 520 520 509 153 272 611 516 504 528 517 506 162 311 624 535 509 499 517 525 
265 296 421 442 448 455 493 494 438 282 528 511 493 498 499 485 442 287 553 517 501 514 518 497 
390 232 375 402 451 498 497 535 513 182 487 583 570 560 547 503 520 196 598 497 496 484 540 500 
388 307 358 439 447 515 514 487 517 248 461 546 554 520 533 511 531 248 510 521 552 509 511 519 
392 320 398 438 485 519 506 520 522 277 428 608 587 532 526 506 528 296 475 570 559 545 510 522 
230 379 477 473 505 476 463 492 409 411 504 520 499 528 489 514 402 414 475 530 498 521 518 505 
87 493 370 367 363 424 471 530 127 677 304 736 558 400 509 530 124 671 306 703 347 619 558 503 
321 362 412 548 517 482 510 471 413 363 530 521 493 542 485 535 417 383 555 497 516 491 506 532 
686 148 224 307 689 355 613 383 743 127 800 269 705 322 325 309 748 131 821 258 713 322 339 692 
499 292 393 433 584 449 509 514 592 269 668 421 531 488 484 490 601 279 677 422 568 469 451 526 
668 279 407 430 578 461 525 504 723 259 755 420 436 588 540 512 732 268 761 483 460 556 527 504 
231 256 649 599 558 471 529 522 242 379 589 502 540 495 489 515 287 525 522 469 476 542 523 539 
150 258 578 438 474 517 494 519 171 297 665 489 535 493 499 502 179 330 650 498 520 501 525 500 
106 204 770 693 514 514 493 501 125 269 727 698 604 505 526 519 131 424 597 557 535 542 509 535 
149 259 534 430 486 520 485 515 216 278 619 515 511 517 502 503 228 297 628 549 505 493 519 522 
180 331 474 435 504 477 496 509 310 338 612 493 491 506 513 503 318 353 605 516 529 501 515 509 
142 358 522 455 482 497 498 493 189 383 613 501 528 510 517 549 191 392 612 504 512 519 522 515 
273 330 505 510 511 530 505 507 359 358 576 499 500 485 514 495 376 373 571 499 525 538 544 507 
190 331 465 497 510 484 506 492 301 326 583 500 527 538 516 520 306 348 595 522 523 519 512 503 
27 176 822 658 414 480 574 490 41 399 658 575 591 606 437 536 38 552 510 464 458 504 535 549 
630 294 572 482 460 518 503 508 688 485 488 460 496 548 538 509 681 516 471 447 517 539 515 528 
310 285 608 531 468 488 498 509 335 394 608 555 551 543 503 498 339 500 527 505 553 512 517 490 
401 249 774 608 502 515 495 527 420 549 479 442 496 513 505 512 438 669 353 361 463 494 509 516 
600 321 582 494 489 532 529 534 671 337 689 542 512 518 528 521 683 365 676 534 522 513 504 527 
603 193 673 457 523 527 492 520 622 262 741 602 526 500 518 496 634 368 666 567 508 516 542 538 
251 371 519 487 502 493 505 499 324 366 589 540 496 513 532 508 336 387 592 554 493 524 535 523 
232 181 764 675 602 413 485 537 249 275 727 649 619 614 555 485 258 510 501 459 444 399 503 578 
161 330 571 522 518 513 484 489 204 344 640 567 499 507 510 501 221 390 610 547 512 515 526 540 
174 245 561 461 497 495 468 489 231 341 613 531 513 515 510 522 241 391 589 531 514 517 504 515 
128 298 591 474 519 499 524 502 158 330 654 493 518 481 493 512 167 323 635 512 504 515 506 485 
203 484 603 507 499 522 511 541 340 421 613 525 499 513 542 484 370 416 600 537 487 523 499 495 
210 381 492 459 516 511 499 506 292 405 534 514 520 533 521 507 303 409 552 510 488 513 509 500 
64 632 462 339 427 554 517 590 66 649 474 452 533 534 523 479 69 650 411 430 656 463 554 451 
510 398 609 689 634 616 614 602 754 360 239 332 625 407 457 621 768 366 248 369 662 613 402 616 
501 404 556 654 621 412 627 618 729 310 237 460 361 370 624 614 732 348 242 467 419 617 629 636 
809 67 434 360 426 391 609 640 816 251 300 384 585 569 411 662 816 286 276 716 365 437 368 605 
597 311 393 617 650 632 377 410 838 88 237 526 255 332 593 368 847 100 259 508 350 672 667 615 
860 66 199 347 486 466 630 446 863 102 270 527 473 254 463 556 864 127 264 561 507 740 495 637 
482 340 407 284 747 755 450 738 500 335 436 804 246 233 686 314 503 354 437 834 240 781 775 443 
560 333 454 494 719 530 682 498 570 347 471 794 479 483 664 551 795 142 244 597 265 539 772 659 
475 322 423 276 743 476 669 503 480 329 428 570 465 489 680 316 485 343 448 812 255 519 762 446 
496 302 477 373 643 647 585 384 505 307 476 818 245 264 709 382 511 326 470 834 350 670 668 605 
574 333 349 439 567 764 576 757 588 323 350 828 439 469 481 327 599 319 355 842 427 774 667 691 
913 95 139 137 873 568 262 553 935 93 125 635 385 396 714 309 945 92 116 905 151 601 606 702 
649 286 305 360 903 881 445 585 876 67 80 691 118 132 769 244 876 71 83 705 125 860 312 818 
316 544 606 495 738 557 380 668 316 557 596 840 550 465 429 563 556 316 373 597 382 438 362 451 
