978 46 46 98 539 489 503 516 127 897 897 877 687 509 484 490 0 1024 1004 306 619 493 540 490 
1024 0 0 128 604 654 462 499 325 699 699 699 661 434 486 541 0 1024 1024 545 534 417 548 541 
1024 0 822 194 199 608 530 527 1024 0 0 907 790 648 544 544 935 89 89 106 769 436 513 527 
1024 0 913 100 189 541 513 491 1022 2 35 949 831 617 516 527 993 31 31 66 804 551 525 534 
1024 0 397 413 425 456 536 504 927 97 97 648 432 491 499 513 626 398 398 386 425 557 506 512 
1024 0 737 287 368 604 497 505 1024 0 158 859 488 446 531 500 1024 0 0 233 415 494 507 517 
1024 0 1021 3 432 541 470 516 1024 0 464 560 464 549 549 483 1024 0 0 453 417 573 531 532 
1024 0 707 317 475 371 544 549 1024 0 234 690 459 638 492 470 1020 4 4 441 326 567 483 543 
1024 0 6 450 410 569 468 512 536 488 488 537 708 484 488 513 319 705 705 652 309 466 515 531 
1024 0 1 971 309 521 481 517 1009 15 15 246 583 519 473 504 687 337 337 338 483 517 528 497 
1024 0 0 365 565 372 516 545 506 518 518 518 518 584 466 539 77 947 947 752 542 527 498 523 
636 388 388 388 415 553 523 510 0 1024 1024 609 542 516 529 513 0 1024 794 319 382 480 504 506 
940 84 84 84 96 497 500 544 0 1024 1024 1024 502 539 491 506 0 1024 1024 37 811 500 521 514 
1024 0 0 414 515 513 498 494 547 477 477 498 720 511 498 494 126 898 898 677 509 513 498 494 
1024 0 350 616 571 505 488 498 1024 0 0 720 514 492 501 529 895 129 129 141 514 521 496 503 
1024 0 135 307 431 551 509 512 508 516 529 690 599 556 507 493 227 797 797 585 572 441 520 528 
984 40 46 184 561 393 545 504 201 823 823 855 632 572 539 503 84 940 940 527 363 478 496 515 
1019 5 351 474 487 534 526 505 854 170 271 540 630 487 515 508 631 393 393 474 452 535 532 510 
1021 3 609 283 600 378 511 508 908 116 425 532 458 474 510 500 796 228 228 490 408 509 519 478 
1024 0 885 139 679 512 502 537 1024 0 639 343 289 561 578 584 1024 0 0 796 262 544 514 442 
1024 0 30 528 615 529 537 530 751 273 273 633 489 551 532 515 519 505 505 527 549 548 508 507 
1024 0 1 935 583 473 457 472 1012 12 12 388 571 567 509 552 921 103 103 103 380 494 587 472 
1024 0 0 441 580 436 480 518 702 322 322 322 563 547 511 493 185 839 839 839 524 589 530 519 
889 135 135 135 376 564 490 506 0 1024 1024 889 490 417 490 505 0 1024 1020 254 466 339 574 558 
1024 0 0 489 633 579 511 528 783 241 241 463 481 606 544 514 275 749 749 726 326 509 511 496 
1024 0 346 561 467 511 506 526 1015 9 10 628 585 451 498 494 724 300 300 300 557 506 491 512 
1024 0 207 675 557 603 512 517 1024 0 11 506 407 530 516 513 650 374 374 374 543 503 493 507 
1004 20 82 289 585 524 534 467 521 503 503 688 571 590 514 475 223 801 801 683 376 536 494 446 
593 431 455 549 538 504 531 552 168 856 856 711 423 488 486 481 81 943 742 323 528 558 492 457 
725 299 299 542 477 531 505 549 343 681 681 512 546 516 524 519 129 895 709 497 532 483 522 512 
755 269 278 419 465 507 525 503 207 817 817 712 432 528 522 518 85 939 759 333 497 546 515 542 
1024 0 439 401 470 501 468 521 933 91 235 616 519 451 514 538 746 278 278 433 546 521 529 478 
996 28 384 441 485 517 504 514 879 145 202 734 534 527 478 532 774 252 253 411 575 540 506 511 
940 84 89 869 387 519 527 528 912 112 131 306 661 525 572 493 798 249 245 210 326 531 517 519 
1002 22 22 171 572 478 559 519 375 649 649 644 627 535 510 514 32 992 989 895 494 543 509 531 
879 145 145 145 205 645 595 559 0 1024 1024 942 396 411 559 557 0 1024 952 284 487 488 423 535 
901 123 245 817 637 519 498 516 877 147 118 638 406 460 484 486 285 712 642 689 525 527 511 469 
927 97 687 318 320 464 559 540 831 193 184 897 541 585 491 499 568 449 358 360 541 613 496 526 
935 89 571 359 401 466 495 457 808 216 319 713 447 541 476 532 570 454 421 278 446 569 506 547 
933 91 529 383 375 450 451 482 766 258 277 826 624 553 469 515 603 421 415 252 420 437 438 473 
893 131 500 424 433 450 498 505 724 300 370 758 573 425 509 517 550 474 444 308 517 509 521 492 
708 316 463 563 474 499 512 505 479 544 537 633 598 535 512 515 286 725 574 447 548 505 523 508 
539 485 606 563 513 536 519 521 322 702 714 562 498 486 493 511 224 794 469 457 533 499 493 524 
800 224 268 547 551 506 501 512 562 461 438 610 463 524 546 495 252 765 733 458 499 481 475 530 
812 212 222 628 517 525 514 530 610 414 414 498 505 520 492 499 284 740 709 501 519 521 535 506 
664 360 280 660 445 494 483 492 574 449 343 262 514 525 497 494 134 829 731 678 643 487 548 489 
591 433 318 300 503 516 497 516 57 966 722 695 558 532 512 531 0 855 802 492 541 522 513 516 
231 793 705 523 519 502 513 486 0 1022 687 600 447 496 523 503 0 806 573 436 502 510 490 510 
24 997 507 631 514 538 501 491 5 962 452 423 503 538 549 544 0 530 558 550 499 500 502 521 
110 914 721 544 502 542 501 501 46 977 638 480 509 489 551 547 4 860 502 532 508 492 488 494 
149 874 540 497 534 538 511 516 53 967 420 577 493 480 490 503 6 691 588 508 463 521 491 531 
146 878 567 543 478 505 521 501 81 916 548 469 503 504 513 501 22 726 636 497 516 509 519 541 
96 926 528 573 512 531 538 517 50 966 422 510 508 502 505 499 29 643 541 516 510 505 522 532 
26 998 449 583 525 491 502 515 2 991 286 442 550 493 514 508 0 446 607 484 481 529 507 517 
53 971 441 573 497 510 503 512 14 981 343 434 504 530 529 518 5 465 683 458 515 508 510 507 
45 978 322 625 499 533 506 519 22 957 216 412 526 485 509 528 3 301 791 467 525 511 527 523 
58 965 361 635 497 516 521 507 5 969 301 420 557 483 520 507 0 373 769 428 532 526 514 508 
14 1006 257 658 495 508 512 520 7 871 243 383 532 541 507 496 0 188 775 501 508 518 500 498 
2 1020 96 708 457 518 485 493 0 676 366 440 479 517 509 505 0 36 685 421 528 506 541 521 
0 1024 67 622 489 521 519 518 0 442 582 640 510 502 491 502 0 3 427 648 513 511 508 502 
0 938 439 509 482 523 528 513 0 898 404 503 516 493 519 508 0 650 402 524 527 502 513 519 
1 959 567 402 509 532 522 484 1 891 528 458 474 523 519 515 0 703 346 582 517 512 500 525 
6 965 630 467 513 499 496 517 3 921 592 472 527 555 496 512 0 700 549 532 519 508 503 521 
119 857 340 470 480 523 546 514 128 777 366 401 524 495 520 510 122 417 540 517 494 496 513 497 
103 894 274 542 563 487 524 477 104 857 272 504 514 502 482 492 99 433 593 585 486 510 493 516 
3 954 296 516 457 514 523 498 0 891 287 363 526 512 533 542 0 355 638 447 508 540 510 493 
60 881 300 489 519 502 506 506 60 692 462 578 511 501 509 510 54 359 552 487 500 540 525 520 
90 861 274 467 497 522 538 502 93 739 361 432 529 480 506 499 88 335 587 511 523 516 504 514 
12 931 284 510 517 520 514 534 7 804 431 484 491 538 512 509 1 520 465 463 494 542 529 504 
7 894 238 470 537 527 516 545 3 609 475 510 485 519 528 508 0 189 591 459 512 512 514 519 
5 999 193 270 634 516 532 535 0 571 586 539 478 529 495 500 0 184 517 535 497 533 503 500 
0 993 39 346 518 491 505 530 0 434 591 563 483 505 510 519 0 4 587 556 490 537 505 520 
0 990 356 532 497 508 515 481 5 993 478 508 522 512 513 509 2 946 351 554 497 481 508 512 
11 969 653 472 451 526 513 537 63 915 725 431 500 496 501 500 69 892 617 488 460 512 516 519 
5 1018 824 416 503 510 528 504 91 933 758 536 501 496 524 501 96 926 661 481 474 502 525 501 
120 873 617 433 579 490 448 502 145 846 619 598 492 508 523 520 140 818 575 381 468 493 512 489 
178 743 213 657 468 493 507 505 179 722 259 473 504 551 541 509 178 251 679 594 510 457 516 504 
43 865 580 581 521 526 488 527 128 776 591 492 482 493 519 572 124 696 502 520 564 506 497 526 
24 988 655 554 521 527 490 500 117 895 656 547 513 536 514 515 116 857 631 474 506 536 480 488 
2 930 581 583 470 493 539 483 82 783 666 448 513 488 520 501 81 567 740 508 536 499 521 508 
1 946 540 535 520 521 518 521 8 932 693 469 521 508 501 526 5 894 580 519 521 516 509 529 
0 967 529 403 453 517 474 522 0 945 593 436 589 504 506 499 0 769 689 447 510 525 480 518 
0 956 363 365 572 495 515 549 0 779 568 457 470 493 514 521 0 595 377 559 489 534 525 515 
0 931 104 428 538 532 515 523 0 767 262 451 466 496 535 504 0 247 667 539 451 515 532 538 
1 772 429 662 549 468 521 488 1 746 277 631 526 485 547 494 1 146 674 622 522 547 510 518 
0 788 600 474 486 503 521 506 1 770 456 577 500 506 497 518 3 450 456 461 455 515 496 504 
0 939 815 317 556 476 497 503 12 933 782 366 589 550 475 502 55 846 221 381 532 540 478 556 
0 895 664 317 470 522 479 513 20 908 643 334 443 481 503 522 46 674 366 412 566 491 497 506 
1 824 630 315 378 482 515 470 9 799 575 451 452 527 517 529 19 535 457 347 618 496 525 518 
1 805 777 530 462 468 477 515 7 791 727 429 525 478 470 531 0 642 261 602 563 562 493 503 
0 805 812 581 427 496 516 524 0 796 766 436 488 469 536 512 0 647 224 634 500 458 462 524 
0 868 758 545 435 492 507 525 0 867 696 446 529 513 495 548 0 682 295 596 601 456 534 498 
0 886 589 395 562 487 504 486 0 869 523 443 539 513 517 523 0 590 395 466 506 488 521 507 
0 863 533 441 517 500 511 520 0 807 379 607 499 509 529 525 0 334 610 457 524 480 517 486 
0 792 274 752 504 524 497 489 0 669 357 465 525 480 530 499 0 34 710 579 505 527 502 506 
0 693 331 596 466 496 484 492 0 376 591 392 472 507 512 514 0 24 370 409 551 518 502 508 
