849 872 896 910 875 783 643 628 846 634 566 563 543 536 534 536 819 322 493 529 522 534 544 507 
666 763 760 761 766 695 672 626 708 694 489 660 479 527 540 530 665 332 598 617 475 518 484 509 
618 684 748 749 689 674 616 570 605 673 481 660 488 513 542 531 593 330 647 557 489 489 508 503 
711 697 745 732 712 621 604 626 710 660 462 536 521 550 509 548 685 366 555 478 466 501 489 490 
1024 1024 1024 1024 1020 905 758 700 1024 764 631 570 559 514 512 503 1024 366 405 616 523 503 492 502 
966 942 936 934 920 873 729 677 967 770 698 550 556 518 524 511 955 476 407 501 540 507 513 480 
613 600 720 720 656 643 611 601 603 575 476 592 578 551 544 529 578 331 561 552 521 473 501 530 
400 544 625 641 611 601 578 564 386 529 474 582 518 515 552 529 354 365 576 535 522 499 507 495 
857 907 885 896 891 825 722 683 879 893 892 903 874 855 754 696 864 899 720 695 664 579 562 554 
424 546 603 617 575 570 546 541 438 554 615 599 562 528 538 520 398 540 604 562 545 498 488 524 
574 652 735 702 690 628 599 622 603 661 717 706 696 646 624 621 575 667 700 685 635 616 602 543 
625 735 762 718 717 652 653 602 622 728 746 743 689 672 604 573 622 703 662 580 566 531 521 505 
1024 1024 1024 1024 1024 1011 865 678 1024 1024 964 502 579 623 688 553 1024 901 454 221 405 504 517 481 
910 903 879 890 864 820 701 637 906 895 884 694 635 659 641 554 900 881 433 404 490 506 490 506 
544 738 742 750 743 728 663 573 544 702 771 740 748 730 706 585 544 688 768 640 600 565 531 514 
470 539 676 653 593 581 608 562 510 552 678 661 633 623 609 596 476 556 657 624 591 579 574 546 
898 914 915 906 921 892 777 698 913 924 890 910 904 905 851 674 906 923 887 547 550 540 564 501 
356 485 528 555 503 529 532 538 381 482 562 535 507 510 550 513 328 456 572 510 485 503 523 519 
627 669 717 721 676 675 690 660 681 671 731 704 699 678 658 635 651 664 712 702 656 665 660 546 
660 767 779 748 742 683 605 628 664 822 764 743 723 641 613 590 661 804 686 592 541 527 482 493 
1024 1024 1024 1024 1024 965 704 659 1024 1024 1024 546 635 537 506 539 1024 1024 121 594 529 471 531 498 
976 987 971 970 928 910 750 650 979 978 959 915 718 725 640 599 974 971 510 574 463 497 508 523 
524 705 707 689 664 624 590 610 544 743 704 678 682 626 617 597 540 738 681 616 537 529 508 553 
490 686 649 640 669 652 646 637 552 680 644 663 664 665 676 613 504 691 652 653 622 612 624 594 
845 914 905 907 902 842 777 751 876 934 915 768 807 761 701 658 865 948 679 487 518 492 479 555 
386 471 620 572 546 542 540 556 379 530 542 535 512 538 504 500 354 606 510 482 537 502 492 507 
567 734 703 709 686 645 657 642 627 741 690 726 688 671 629 618 617 764 694 678 640 623 577 604 
636 693 699 723 700 649 650 627 633 687 758 711 648 630 617 598 653 690 657 606 465 528 487 553 
1024 1024 1024 1024 1024 1016 891 766 1024 1024 623 479 418 500 452 498 1024 932 92 405 605 492 525 497 
932 861 884 886 870 846 731 625 935 840 764 531 571 511 499 524 936 826 211 661 409 493 519 494 
525 686 730 739 737 740 691 644 540 678 779 734 713 681 688 588 560 737 700 617 403 528 475 534 
438 707 657 649 659 650 647 607 472 796 685 675 657 673 644 627 459 847 686 641 640 567 575 524 
524 582 536 532 521 513 492 496 318 584 517 493 472 517 508 503 171 711 563 522 495 481 492 508 
168 279 488 515 496 484 509 533 138 355 528 550 513 479 536 514 168 474 487 509 536 524 494 505 
212 344 519 496 513 529 509 514 240 467 540 530 521 526 531 553 329 623 505 499 510 475 516 524 
262 291 451 520 527 520 525 479 205 384 545 522 539 500 522 507 205 559 527 522 526 494 523 490 
465 468 545 538 548 517 532 521 253 515 551 536 506 506 501 508 202 607 523 530 512 514 535 502 
433 395 557 512 528 531 530 499 266 462 537 520 523 509 477 516 188 652 518 505 491 527 542 499 
214 247 491 522 551 532 515 499 206 356 531 530 547 500 511 513 228 546 539 492 521 535 523 518 
105 235 548 492 496 507 480 508 142 393 572 509 527 510 507 503 220 665 492 527 499 521 520 503 
43 188 459 477 514 514 481 503 59 308 490 521 488 524 484 515 74 403 560 494 519 536 495 523 
16 164 339 459 473 504 488 463 41 190 382 556 487 513 519 506 74 246 538 545 487 481 501 544 
11 199 352 491 501 489 467 489 58 272 476 497 496 509 499 486 152 393 526 534 509 497 528 502 
17 104 299 469 478 466 499 477 21 189 448 542 514 517 508 525 96 321 540 516 504 511 509 491 
12 30 166 436 529 477 496 510 17 63 263 586 475 505 494 515 30 137 560 568 536 497 514 493 
8 39 191 453 502 497 467 511 29 139 329 596 471 535 494 502 64 255 584 502 505 532 516 491 
17 130 386 462 476 488 505 495 19 178 489 505 544 524 495 496 104 332 504 529 513 502 513 505 
3 138 321 445 494 477 487 497 35 194 389 554 520 518 524 514 118 340 479 529 511 490 472 515 
