993 31 86 424 538 502 490 507 1024 269 756 645 491 493 512 495 1024 1023 188 621 474 533 505 523 
938 86 373 437 517 510 497 485 1023 518 489 620 501 493 496 511 1024 973 478 558 502 537 520 496 
784 269 611 579 501 508 496 494 979 616 423 525 521 502 515 487 1009 818 668 582 504 510 528 517 
538 422 565 568 525 503 478 509 829 453 546 526 509 480 534 513 858 706 597 602 522 527 538 537 
543 437 516 487 503 507 500 542 841 399 445 490 524 513 528 494 798 666 596 519 498 521 527 513 
398 546 555 503 517 505 505 501 534 522 540 527 501 522 491 518 559 585 538 507 510 528 539 498 
491 702 688 403 527 469 515 548 473 706 666 643 467 530 528 537 475 703 641 435 571 516 527 515 
561 763 720 599 443 565 499 501 568 755 716 672 581 543 511 522 575 753 686 646 616 464 517 507 
637 301 466 511 490 518 475 524 716 411 425 496 536 513 514 539 727 567 488 498 506 490 518 490 
728 611 577 578 555 530 524 536 851 519 617 592 570 552 558 517 841 683 555 574 566 562 552 510 
650 684 523 532 495 489 543 512 674 610 526 517 516 546 525 521 672 604 551 503 545 505 547 516 
762 729 696 682 620 488 548 567 740 753 669 670 656 597 573 547 729 721 698 688 668 580 556 517 
972 447 899 637 468 535 517 547 975 942 430 426 517 560 511 508 952 486 914 751 577 561 512 522 
1024 985 1004 541 492 569 456 543 1024 1012 986 968 606 607 539 533 1024 988 1005 741 641 493 509 528 
1024 948 956 734 397 634 504 511 1024 961 982 947 730 541 545 510 1024 953 961 879 579 380 531 515 
962 665 817 536 533 512 527 549 1020 690 855 813 549 497 524 542 1001 634 868 624 459 492 489 519 
765 673 491 522 524 519 513 510 769 612 471 535 559 538 529 500 733 624 481 516 554 561 494 518 
409 561 459 489 523 543 526 513 364 472 486 491 500 521 512 498 345 400 513 464 508 489 477 510 
273 515 529 510 539 511 520 516 194 473 510 516 508 527 524 497 172 435 485 505 475 510 504 517 
352 536 466 520 493 500 523 515 325 450 488 482 475 511 520 517 301 390 489 451 494 492 465 489 
806 243 697 424 503 521 536 519 876 376 683 606 492 535 512 517 839 263 772 416 529 482 514 493 
892 330 611 441 531 504 502 492 924 371 633 593 528 531 545 520 862 305 629 488 545 517 501 493 
877 761 626 652 639 558 551 549 840 761 588 646 619 539 517 510 822 740 582 639 595 553 520 497 
818 525 520 535 523 551 499 499 902 619 481 576 550 522 527 542 876 554 526 560 541 525 513 496 
671 677 392 467 571 507 515 539 661 662 388 422 436 561 529 510 658 631 423 450 464 526 508 519 
741 758 256 233 574 563 493 499 717 513 453 455 404 551 513 526 701 396 554 520 467 482 508 511 
103 513 539 496 521 536 496 507 42 385 535 515 507 510 528 526 26 305 479 462 499 474 509 516 
252 467 501 490 531 494 498 491 208 370 492 489 476 492 500 548 183 288 484 500 491 511 497 536 
264 443 456 496 501 536 481 495 233 409 446 491 507 479 494 526 205 389 433 465 484 484 531 497 
368 387 450 449 508 500 496 481 499 302 377 530 493 509 532 493 342 434 448 472 494 546 512 532 
236 585 545 522 497 490 486 501 381 459 492 501 518 513 494 520 242 553 588 476 511 510 535 537 
378 387 428 448 501 498 527 484 430 447 423 477 489 472 498 497 424 443 432 471 486 483 499 527 
832 393 417 495 542 529 518 511 700 462 480 546 549 507 513 505 621 521 552 598 518 509 529 546 
348 390 553 525 515 528 518 516 333 306 543 499 508 500 517 552 322 282 533 464 471 500 498 467 
298 449 575 568 563 548 540 545 265 413 509 558 533 507 522 526 235 377 507 523 530 520 519 531 
903 932 540 809 610 603 542 553 899 929 477 619 689 582 543 528 897 916 485 619 661 562 563 516 
214 496 475 495 508 496 514 530 177 521 460 517 518 523 535 511 177 527 428 498 512 497 497 508 
449 710 623 495 483 532 493 513 427 716 661 509 543 509 511 508 422 721 614 499 562 507 523 511 
810 740 650 529 500 501 519 541 880 704 749 626 537 557 564 524 852 723 679 630 545 520 522 535 
453 656 466 552 486 522 512 520 492 633 495 557 539 537 524 519 457 662 495 538 501 503 509 505 
502 617 549 524 504 550 498 506 299 787 608 527 519 507 539 497 229 863 650 566 560 534 479 509 
404 674 622 520 553 559 542 531 373 553 621 608 596 561 515 491 379 550 631 617 582 536 538 493 
1021 886 720 715 687 731 651 593 1009 638 982 939 747 697 530 544 1004 640 974 917 635 680 497 517 
704 533 428 423 532 518 533 483 677 364 567 501 536 493 522 527 657 315 597 554 509 499 489 510 
827 867 743 457 432 480 485 510 830 867 826 605 577 520 549 496 808 873 827 476 622 500 504 512 
773 817 756 346 458 461 517 523 770 804 841 572 544 532 500 500 769 804 840 499 576 495 495 507 
606 610 528 469 509 516 524 502 593 607 620 484 511 514 527 533 584 624 610 465 544 492 501 541 
536 485 453 489 522 531 505 528 533 497 474 502 501 534 493 504 524 531 507 487 517 496 525 528 
99 805 541 523 489 546 504 521 211 741 385 531 497 502 487 508 187 763 357 548 524 498 497 536 
261 793 693 557 481 525 499 542 181 769 668 462 491 496 524 507 173 763 442 597 507 514 486 519 
751 206 699 637 517 530 512 507 735 56 777 514 440 522 531 483 725 58 734 389 494 500 509 485 
155 604 531 532 551 494 499 507 135 573 370 519 506 517 506 511 130 557 338 441 501 519 495 514 
268 583 566 485 497 487 519 503 243 518 472 520 497 498 494 500 230 499 443 516 515 517 511 524 
405 432 520 505 519 458 517 509 405 338 585 472 466 509 543 531 404 338 585 489 497 516 511 517 
231 454 436 488 493 519 530 515 307 480 656 540 500 514 515 536 248 534 584 522 508 511 511 504 
29 189 270 493 482 479 496 518 424 454 512 477 525 495 495 530 112 705 616 535 501 481 515 504 
93 359 477 491 517 519 494 527 616 447 529 521 544 528 514 529 433 589 486 547 516 519 530 490 
69 818 322 525 527 525 516 497 116 689 312 510 517 514 497 520 100 685 325 454 483 515 484 503 
48 782 476 550 537 515 504 498 38 683 315 525 507 545 518 540 33 649 345 335 528 495 483 491 
50 826 572 379 528 499 500 547 45 707 301 662 522 489 497 515 44 681 316 498 498 516 490 528 
55 360 511 520 528 488 515 482 116 444 681 615 503 522 480 530 70 419 585 595 515 519 500 529 
23 133 283 561 494 503 490 494 288 563 676 558 526 527 515 511 83 649 675 536 506 500 508 479 
0 10 196 612 492 470 496 510 535 489 468 414 519 521 518 487 80 850 714 584 539 537 520 519 
2 3 214 533 468 482 530 472 442 584 511 477 521 518 518 504 44 943 597 536 535 501 517 516 
