1024 1024 0 0 254 640 473 394 1024 1023 1 1 1 473 588 373 1024 0 0 1024 1024 726 505 454 
1024 953 71 71 145 615 599 523 1024 375 649 649 649 578 468 524 1024 0 0 1024 901 374 557 505 
1024 950 74 74 466 556 602 533 1024 351 673 673 662 487 555 476 1024 0 0 1024 841 541 424 530 
1024 1024 0 250 731 512 503 470 1024 565 459 459 459 756 429 517 1024 0 216 808 782 424 475 504 
1024 1024 0 248 776 680 556 427 1024 1024 0 0 0 772 297 708 1024 0 549 475 475 475 505 456 
1024 1024 0 18 966 595 580 627 1024 1024 0 0 0 335 770 441 1024 0 474 550 550 549 434 428 
1024 1024 0 244 780 767 740 454 1024 1024 0 0 20 969 547 537 1024 0 443 581 581 581 540 434 
1024 1024 0 173 851 848 808 476 1024 1024 0 0 4 941 454 538 1024 0 379 645 645 645 567 442 
1024 1024 0 0 848 186 419 529 1024 1018 6 6 6 221 719 513 1024 0 0 1024 1017 89 695 421 
1024 976 48 48 482 418 446 467 1024 463 561 541 441 378 482 523 1024 0 0 984 741 287 590 486 
1024 1021 3 7 519 570 586 544 1024 101 923 923 821 593 509 477 1024 0 0 1024 697 294 440 539 
1024 1024 0 578 446 505 550 505 1024 484 540 540 540 549 581 484 1024 0 1 1023 869 448 553 599 
1024 1024 0 930 94 133 631 434 1024 1007 17 17 17 52 554 510 1024 0 7 1017 1017 717 615 434 
1024 1024 0 160 864 541 646 443 1024 676 348 348 348 348 485 540 1024 0 2 1022 1015 546 496 435 
1024 1024 0 658 366 251 624 393 1024 940 84 84 84 278 577 533 1024 0 0 1024 998 502 388 424 
1024 1024 0 854 170 176 490 451 1024 1024 0 0 0 135 563 501 1024 0 0 1024 924 390 607 457 
1024 1024 0 170 809 132 626 549 1024 959 65 65 65 165 475 443 1024 0 0 1024 151 862 699 529 
1024 377 647 603 448 519 497 520 1024 27 988 486 561 553 553 491 1001 23 23 476 372 555 493 526 
1008 862 193 358 569 606 591 596 1002 340 717 713 595 577 562 478 992 87 144 856 395 597 564 582 
1017 1008 14 812 211 289 446 496 1011 375 655 650 650 650 492 576 1007 17 17 1003 647 379 415 542 
1024 1024 0 833 195 239 322 406 1024 172 852 852 852 808 744 572 1024 0 0 1024 839 176 326 441 
1024 942 82 151 796 667 513 472 1024 0 1024 1024 913 648 503 506 1024 0 0 1024 631 386 405 542 
1024 1011 13 344 459 419 513 618 1024 342 682 682 660 306 483 598 1024 0 0 1024 300 717 636 538 
1024 1023 1 877 131 181 215 657 1024 531 493 492 472 469 536 668 1024 0 0 1001 97 904 736 468 
1024 1024 4 893 127 146 792 366 1024 998 30 29 36 374 635 639 1024 2 17 1007 66 941 425 643 
976 720 195 292 582 487 511 547 922 356 656 588 441 453 515 489 793 231 122 755 331 559 502 520 
804 814 304 705 401 474 518 533 740 700 489 377 387 393 488 458 639 344 181 817 405 577 551 564 
962 799 105 774 209 602 408 560 836 761 363 332 280 280 495 467 742 282 109 887 419 594 480 543 
403 867 674 826 614 576 515 526 387 816 737 551 424 497 487 498 382 640 592 580 564 513 500 528 
447 636 646 576 550 508 486 516 371 654 746 555 476 507 510 531 327 675 563 524 468 513 503 509 
289 868 787 556 539 589 540 542 247 777 669 491 583 549 475 489 190 555 486 622 596 545 525 506 
334 912 737 674 476 518 498 551 304 853 483 478 486 513 532 497 266 413 425 758 499 531 497 519 
1020 347 654 519 496 505 512 529 1023 324 687 549 532 513 537 511 954 256 400 488 503 521 504 524 
864 423 483 419 543 497 494 492 873 389 496 492 483 482 525 510 635 436 426 590 542 501 519 519 
752 459 451 500 540 525 501 520 741 424 531 538 512 535 514 525 520 529 490 495 547 521 502 487 
461 672 669 539 523 537 514 491 300 779 692 599 513 459 497 523 194 754 503 558 524 472 534 518 
237 789 821 733 536 497 516 500 229 795 772 586 564 533 467 547 172 820 603 705 568 489 521 539 
212 812 844 798 520 538 521 516 370 654 772 432 550 487 496 500 351 679 487 623 553 528 479 531 
29 995 995 951 322 568 478 473 32 992 977 363 635 536 496 488 0 1015 377 713 603 452 526 495 
27 997 996 759 357 571 502 523 6 1018 856 245 665 520 511 504 0 953 120 750 538 494 502 495 
896 266 386 470 506 506 511 504 875 356 422 463 526 525 525 509 531 659 633 538 529 507 525 529 
514 545 582 475 480 523 504 530 505 563 514 493 521 529 491 541 222 772 528 523 503 531 509 507 
774 250 251 362 536 541 520 524 771 253 326 583 444 513 503 509 660 274 252 451 485 465 507 512 
880 144 331 629 580 514 527 482 901 123 764 454 550 495 511 502 802 211 327 598 534 488 518 523 
840 184 414 492 517 489 504 467 842 195 689 551 510 549 504 490 699 259 420 479 510 513 516 520 
534 498 585 495 500 535 498 514 561 486 529 541 477 495 489 519 351 491 581 533 483 503 503 533 
376 671 724 489 540 518 490 518 322 791 532 548 459 523 525 529 200 592 644 512 472 506 496 513 
220 818 762 509 473 500 519 485 109 931 543 580 502 486 516 525 51 631 563 610 492 547 506 526 
346 678 762 464 532 521 501 507 357 709 541 517 523 530 506 542 263 535 614 478 517 496 482 511 
405 619 631 566 487 497 525 514 376 651 542 613 579 519 524 513 214 712 477 492 499 507 517 495 
308 716 709 554 475 500 540 488 276 757 590 473 503 494 526 503 43 929 440 569 540 521 513 521 
265 764 733 433 553 518 504 507 254 780 373 566 545 565 519 509 209 471 578 425 536 517 517 489 
896 128 359 541 516 477 505 502 924 134 677 502 522 536 520 501 829 175 400 521 527 503 496 516 
891 133 351 521 485 519 534 527 914 185 668 458 553 501 512 526 867 154 413 503 514 573 490 502 
980 44 161 771 569 528 508 494 1007 28 916 546 528 491 498 530 999 44 546 442 480 499 532 487 
405 619 697 593 505 535 508 523 432 592 789 563 512 532 483 498 382 598 471 440 525 534 504 495 
162 862 753 336 470 524 507 521 132 892 532 547 535 509 519 506 64 907 278 514 521 527 511 489 
31 995 813 224 384 539 508 498 35 991 291 674 489 507 501 533 26 869 286 385 475 532 485 511 
28 996 862 211 436 560 500 494 26 998 383 489 498 493 494 554 8 842 268 494 576 513 529 518 
138 893 773 307 410 524 520 494 99 931 665 373 527 504 467 541 39 881 558 479 500 507 504 499 
50 976 745 447 530 501 531 504 69 957 667 410 512 494 522 492 30 896 354 510 505 513 512 482 
63 961 609 499 513 523 519 529 71 953 386 642 497 511 523 521 40 653 495 546 546 498 501 516 
55 969 544 511 519 546 510 507 65 945 416 462 462 526 509 514 47 569 474 530 514 490 505 506 
39 985 742 327 486 524 502 516 30 992 524 459 501 487 510 497 18 856 258 595 530 505 516 532 
