1024 987 37 202 505 529 507 500 1024 0 987 411 489 511 522 489 738 286 605 439 610 533 517 485 
1024 1024 0 381 520 554 510 507 1024 19 995 536 631 406 501 496 875 149 580 373 535 608 486 511 
1021 987 46 518 429 512 533 483 1015 41 968 712 578 516 553 515 937 90 649 409 482 499 508 497 
1024 987 38 255 568 552 539 481 1024 16 900 704 492 611 509 503 817 207 781 352 437 513 488 475 
1024 1024 122 715 401 500 469 498 1024 399 626 723 577 527 504 469 1024 221 771 282 394 537 514 518 
1024 1023 40 539 430 469 498 489 1024 111 911 676 502 448 486 520 946 95 527 520 497 523 488 491 
1024 1022 4 205 699 537 508 498 1024 9 1014 622 347 472 465 490 992 32 82 746 447 519 517 521 
1024 996 38 225 645 558 531 482 1024 93 925 472 525 455 529 489 1017 20 187 632 368 506 496 488 
1024 901 232 202 542 553 508 496 1024 158 906 193 597 492 519 505 884 284 243 378 478 515 527 500 
1024 694 343 334 424 548 534 500 1024 14 847 181 371 577 486 506 552 485 481 441 464 467 478 496 
1024 327 697 697 679 564 542 498 1024 0 525 499 417 539 522 508 217 807 777 653 490 506 475 505 
1024 140 884 871 840 526 551 509 1024 0 156 829 559 517 549 489 4 1020 851 706 529 461 534 516 
1024 329 695 712 581 529 483 517 1024 5 466 585 365 507 511 532 161 863 677 762 621 516 483 531 
1024 680 345 409 452 476 476 506 1024 8 771 359 399 500 505 485 538 486 515 501 440 518 500 507 
1019 673 385 514 540 493 532 530 994 185 658 461 461 468 532 494 576 541 595 522 569 573 485 517 
1024 608 416 425 487 493 540 515 1024 0 516 525 547 588 546 568 296 728 729 475 522 544 531 519 
986 692 340 426 531 530 524 498 966 157 683 537 540 510 519 502 657 381 593 548 545 535 501 521 
1022 858 233 317 440 458 508 526 1021 199 763 360 526 476 519 519 806 380 406 515 539 479 538 510 
1024 801 237 416 483 508 499 504 1024 140 712 460 559 545 546 512 772 314 496 519 465 522 521 490 
1024 793 232 421 522 527 490 538 1024 191 773 432 494 511 511 538 933 177 431 559 485 519 525 516 
1024 469 588 694 594 528 526 515 1024 172 468 591 545 519 553 504 588 553 591 450 594 484 542 522 
1024 382 673 732 579 562 538 530 1024 143 496 508 530 533 487 507 479 656 633 561 508 533 528 530 
1024 280 744 723 538 573 528 520 1024 0 599 478 434 435 481 513 432 592 605 558 572 483 494 521 
1024 60 964 889 474 426 485 542 1023 1 123 739 567 560 560 499 77 947 773 628 487 548 522 525 
1024 5 1019 929 217 509 545 538 1024 0 9 889 202 342 509 527 2 1022 723 427 572 578 485 502 
1024 84 943 922 235 480 511 504 1024 11 128 895 229 446 483 514 126 906 924 205 489 573 521 511 
898 292 722 684 497 529 511 513 854 190 400 630 471 496 523 501 340 669 663 510 533 511 518 528 
846 222 809 747 498 502 536 510 808 191 203 776 439 566 501 516 99 853 848 389 568 548 510 495 
903 321 672 616 526 505 499 532 828 219 357 638 581 500 473 516 222 774 710 551 495 484 487 524 
993 581 449 492 520 510 505 504 959 206 593 643 554 504 490 506 688 439 695 600 540 503 506 528 
997 323 661 606 533 499 487 518 964 84 583 542 567 515 527 503 595 435 561 584 531 491 516 509 
985 383 627 602 491 527 486 529 983 38 673 591 575 480 500 517 697 316 556 607 508 514 492 486 
1024 75 949 917 348 543 523 474 1024 1 170 896 604 480 505 517 179 845 888 785 281 501 505 504 
1023 7 1017 912 259 450 478 525 1021 7 11 989 179 581 494 461 12 1013 1013 215 676 452 532 520 
1024 56 968 536 505 557 516 520 1024 1 121 780 307 444 487 550 158 866 898 255 646 587 488 512 
1024 25 985 465 445 502 501 524 1013 11 78 492 534 509 488 506 94 930 802 505 536 520 528 503 
775 321 713 490 512 467 510 521 714 364 359 397 611 537 501 513 308 750 506 502 504 483 514 523 
700 212 752 516 479 473 513 476 646 253 263 394 633 578 539 498 75 797 655 369 443 460 492 542 
402 549 569 520 497 512 530 526 374 544 464 535 474 514 536 512 237 613 566 476 524 517 509 495 
333 529 552 508 522 507 519 506 327 520 481 522 500 518 527 461 242 592 543 493 531 530 522 524 
350 450 490 463 524 497 482 486 342 459 452 490 507 541 478 502 294 487 468 483 540 501 494 524 
436 323 486 500 480 505 518 513 457 327 419 528 517 503 507 497 370 435 498 512 489 518 513 523 
308 565 468 532 484 541 470 530 446 513 513 490 526 506 547 531 485 533 512 493 518 517 517 537 
564 487 589 524 446 533 504 493 550 519 408 578 472 516 507 502 338 700 597 568 472 508 510 517 
809 155 732 518 507 463 542 517 637 330 283 632 395 505 544 519 61 716 798 434 485 495 524 514 
755 182 483 582 440 477 523 524 352 544 531 451 434 455 514 493 18 387 797 327 474 511 504 531 
772 231 364 437 544 523 512 497 234 705 597 269 422 547 550 509 0 274 526 512 571 485 511 527 
768 225 457 295 554 538 501 488 337 576 460 282 404 502 542 479 0 384 435 611 565 485 506 531 
710 639 561 506 538 528 531 530 690 611 587 422 513 496 515 475 798 571 564 515 511 496 528 506 
650 640 544 510 489 533 491 508 613 638 542 460 544 488 497 498 633 635 532 454 528 523 532 499 
539 480 515 469 530 545 521 497 556 519 461 429 520 498 502 509 550 519 452 466 504 509 502 504 
498 567 529 486 500 506 498 509 558 573 494 477 527 508 488 514 576 578 534 446 489 521 516 534 
465 531 494 501 496 493 520 526 467 536 507 484 492 517 546 522 463 535 509 470 481 476 528 523 
250 447 530 509 531 526 517 520 287 466 538 481 517 513 521 536 282 453 531 481 514 529 502 475 
290 459 472 508 498 478 511 532 366 598 489 456 532 510 528 508 382 626 507 470 474 520 504 535 
251 419 587 537 545 521 532 517 321 683 438 517 540 504 494 529 362 673 426 528 509 500 542 517 
181 410 641 524 525 522 522 527 217 800 376 568 530 512 503 518 253 789 379 560 534 496 517 521 
99 490 642 522 506 546 521 505 185 780 367 582 526 508 510 539 179 722 408 527 527 521 531 514 
109 382 655 538 526 533 515 475 165 695 386 501 512 500 463 512 171 670 424 464 521 511 499 515 
69 391 627 474 508 536 534 508 105 655 406 503 548 511 505 525 103 575 426 471 512 501 504 532 
297 264 378 450 491 499 511 522 273 303 398 434 516 502 512 517 663 506 492 502 499 489 507 510 
710 530 478 526 490 480 493 506 674 414 509 503 530 486 508 511 689 420 495 480 524 499 512 521 
508 491 532 508 468 523 511 533 477 459 501 504 503 502 507 546 634 436 481 500 520 494 520 499 
517 496 490 509 529 503 514 506 470 516 503 531 525 525 533 506 513 516 496 524 516 499 528 507 
451 529 482 507 490 520 535 511 397 513 511 473 504 499 493 509 337 509 548 498 488 515 489 511 
355 425 436 501 539 520 478 517 347 466 435 486 493 492 529 495 312 534 472 502 503 507 517 499 
601 402 471 491 460 507 496 491 628 554 430 522 466 516 525 535 613 649 489 513 503 485 496 509 
720 340 498 499 528 526 524 485 840 649 465 496 534 528 506 493 868 774 553 476 501 513 526 514 
833 310 604 500 480 526 530 494 880 747 507 455 489 508 507 526 904 912 502 479 468 525 531 523 
718 439 539 460 523 525 512 504 797 640 550 491 483 528 528 510 846 824 476 475 497 517 509 518 
664 414 538 500 524 487 505 507 768 510 591 481 541 503 514 489 792 763 517 536 493 492 515 519 
621 446 490 466 523 502 511 557 731 425 548 529 498 492 528 500 773 615 506 476 485 522 504 505 
278 234 354 512 515 524 513 548 274 248 378 462 531 500 516 511 618 512 480 498 507 515 531 508 
472 470 478 495 541 497 519 493 466 380 545 505 497 505 505 483 645 568 463 546 504 538 516 511 
631 491 425 503 537 517 526 516 618 344 515 575 516 529 518 524 856 439 516 501 520 496 522 495 
470 449 472 469 548 513 486 497 461 361 476 520 539 495 525 499 762 468 496 520 535 543 553 534 
299 465 419 482 508 529 473 513 313 469 459 492 548 528 479 503 747 575 472 557 524 533 543 521 
395 491 467 432 560 489 510 533 411 462 456 456 489 536 512 521 677 640 539 524 543 492 538 500 
392 558 513 443 487 511 507 500 385 521 521 464 528 513 483 499 583 639 507 498 568 523 493 516 
448 533 575 462 539 507 530 533 410 439 615 462 502 514 520 538 345 535 606 541 477 511 527 495 
453 567 544 421 599 523 507 519 418 487 608 483 512 516 510 514 359 492 698 478 434 510 534 527 
412 518 613 455 467 512 510 501 330 486 635 447 536 536 512 509 264 492 601 468 447 569 510 510 
407 476 566 487 541 496 522 506 377 421 636 510 446 538 539 515 328 424 670 407 488 521 537 497 
606 552 600 490 521 485 505 521 509 549 585 427 517 526 547 520 440 535 529 428 495 506 493 500 
678 346 480 467 491 493 510 508 651 183 603 518 511 505 509 529 595 256 529 514 504 500 503 547 
432 357 304 432 483 495 494 506 405 330 345 441 505 493 496 505 422 469 464 498 511 489 527 528 
405 410 452 467 477 533 515 530 346 374 438 433 501 502 501 515 295 580 458 424 513 477 484 518 
666 454 383 498 521 504 505 495 628 241 530 492 523 509 516 541 597 377 606 454 535 509 509 504 
726 502 483 478 495 527 526 556 672 418 480 445 495 497 487 542 585 560 521 520 490 508 525 499 
568 456 478 478 537 521 505 504 514 350 502 435 492 510 500 519 434 491 526 512 491 483 524 521 
333 665 510 459 506 523 506 518 275 671 462 482 501 523 489 519 282 690 515 515 513 509 520 518 
319 370 387 453 515 479 497 500 277 345 426 460 520 502 526 512 345 440 458 492 486 535 521 503 
293 521 515 506 531 517 502 510 247 452 543 504 506 482 535 518 290 470 551 466 480 486 502 532 
454 618 551 533 521 534 492 510 387 566 573 495 493 533 518 524 313 569 570 484 507 499 503 533 
399 582 446 451 490 523 515 513 328 454 612 557 502 500 524 520 268 431 593 536 510 514 517 503 
463 500 511 527 506 514 496 485 363 408 549 532 471 491 494 473 255 376 504 489 509 514 474 502 
