1024 105 919 919 918 789 423 534 1024 0 1024 486 538 538 542 519 1024 0 0 1024 947 101 437 523 
1024 170 854 854 854 787 462 527 1024 0 1024 358 666 666 604 510 1024 0 0 1024 959 75 408 517 
1024 353 671 671 671 622 483 472 1024 0 1024 300 724 724 636 516 1024 0 0 1024 899 139 419 494 
1024 301 723 723 723 708 557 519 1024 0 1024 228 796 793 632 522 1024 0 0 1024 881 184 372 513 
1024 169 855 855 855 780 609 504 1024 0 1024 97 927 917 590 513 1024 0 0 1024 804 237 318 528 
1024 47 977 977 977 853 617 523 1024 0 1024 28 996 951 462 489 1024 0 0 1024 634 391 414 521 
1024 39 985 985 985 874 625 468 1024 0 1024 35 989 922 398 528 1024 0 0 1024 552 470 467 507 
1024 18 1006 1006 1006 997 548 515 1024 0 1024 13 1011 910 361 517 1024 0 0 1024 516 503 475 502 
1024 37 970 923 916 580 488 495 1024 0 951 319 716 715 651 542 997 27 31 957 752 297 371 550 
1024 39 970 918 916 614 470 511 1024 0 950 361 675 690 619 476 993 31 32 962 837 235 377 492 
1024 50 964 906 908 640 470 514 1024 0 957 243 787 791 688 538 1000 24 25 960 839 215 321 532 
1024 75 943 914 918 669 463 543 1024 0 993 159 856 860 662 504 1008 16 16 992 781 267 350 527 
1024 25 995 961 945 522 584 497 1024 0 986 110 921 891 498 527 1010 14 14 991 605 416 439 488 
1024 13 1003 977 965 338 630 514 1024 0 991 80 941 898 399 525 1012 12 12 989 367 652 633 529 
1024 9 1015 1002 980 431 578 503 1024 0 1011 26 998 912 361 533 1021 3 3 1012 295 724 651 509 
1024 3 1021 1021 1014 686 391 501 1024 0 1024 0 1024 703 390 474 1024 0 0 1024 116 899 699 492 
1024 1 872 756 716 351 616 534 1024 0 544 432 795 742 535 478 571 453 454 885 607 515 500 486 
1024 40 755 839 724 354 591 526 1024 36 530 428 699 695 520 471 584 449 470 863 518 521 529 491 
1017 16 854 729 711 362 598 523 1020 23 686 373 701 730 516 516 840 196 350 748 512 542 554 513 
1017 41 772 714 704 405 547 488 1004 75 740 319 652 635 525 501 917 155 349 709 485 543 533 495 
1013 65 650 707 654 431 532 522 982 116 579 320 675 602 499 517 767 352 317 729 445 585 512 521 
1022 66 669 694 660 374 530 511 1020 96 585 353 643 601 451 502 886 244 273 713 404 615 561 526 
1018 23 559 746 645 399 499 518 960 81 533 376 677 569 462 538 666 390 452 699 384 616 532 532 
1016 18 576 703 624 463 521 515 996 43 504 351 615 522 492 529 630 428 472 677 415 599 516 536 
1016 21 541 570 469 501 509 511 922 111 556 492 512 486 500 525 754 278 420 475 489 490 496 545 
1013 250 452 534 496 540 530 514 965 277 432 530 557 519 529 497 762 351 653 532 493 537 506 524 
999 138 489 509 487 529 497 517 993 210 537 429 476 540 528 524 898 331 604 457 533 518 517 511 
1007 133 560 538 499 531 484 512 973 297 593 419 436 493 495 510 914 362 603 457 538 502 490 512 
975 91 236 481 478 473 490 520 751 380 382 430 443 550 489 472 405 733 714 549 503 533 511 535 
968 145 282 474 532 514 498 510 781 340 467 511 496 540 525 484 590 519 594 461 500 498 523 492 
987 156 241 462 493 527 523 496 805 344 389 494 511 532 516 513 539 579 628 455 548 535 495 495 
970 77 324 405 480 522 509 503 755 295 526 533 484 541 506 496 491 566 617 475 523 541 524 510 
775 382 492 508 516 533 519 541 790 378 589 582 504 540 505 548 702 606 547 488 511 527 537 493 
641 544 588 632 507 534 531 491 694 497 596 490 483 567 516 516 641 555 610 619 481 509 521 516 
595 564 619 542 498 493 507 521 556 638 580 444 437 484 504 549 463 668 450 575 505 471 523 490 
877 372 562 550 543 520 524 493 854 439 541 528 542 524 518 492 728 507 569 562 527 498 523 542 
824 349 476 541 520 513 520 496 835 442 370 515 491 516 524 515 636 627 585 555 514 519 507 494 
826 394 485 543 527 520 489 501 821 415 499 502 543 527 532 543 641 584 535 556 535 512 523 535 
771 400 517 513 522 506 504 479 745 463 510 461 514 510 532 520 523 625 534 577 517 537 514 522 
591 441 640 423 521 496 532 512 591 443 642 441 552 497 530 512 417 607 518 449 511 512 531 490 
802 708 366 364 578 491 524 517 787 628 453 356 452 517 513 482 708 317 660 436 470 499 539 515 
630 719 700 642 551 536 525 542 597 731 735 440 523 513 545 524 551 618 422 515 482 521 488 514 
613 669 825 556 543 531 543 533 595 663 608 545 526 528 506 518 372 537 733 601 517 499 518 527 
466 669 594 495 482 532 499 513 462 664 403 509 509 517 524 501 324 484 598 535 545 538 492 483 
502 633 483 484 511 538 528 501 469 566 530 566 521 515 506 554 390 490 573 476 520 495 527 494 
573 718 662 513 492 495 516 510 600 683 617 498 503 534 498 514 494 740 548 486 514 544 500 496 
740 670 662 577 508 527 543 518 802 605 602 557 523 513 540 518 713 653 607 470 504 537 503 516 
314 717 650 560 524 526 512 515 386 647 582 562 453 487 497 557 350 674 464 479 490 488 515 533 
290 755 408 580 580 493 510 515 405 610 655 505 476 526 509 493 283 625 420 576 469 494 498 515 
316 703 576 494 518 492 517 516 430 722 661 507 499 527 534 513 267 790 595 468 497 506 534 498 
125 880 474 559 552 496 519 504 270 744 630 572 450 534 488 537 136 797 493 602 445 488 529 522 
203 821 514 532 566 523 506 490 375 647 613 630 459 541 528 486 294 707 403 572 510 501 483 529 
255 716 411 629 541 547 505 524 328 676 659 545 481 528 500 530 306 728 401 576 485 523 506 520 
336 737 515 553 533 500 494 525 496 566 728 546 505 498 510 502 483 590 477 572 533 511 493 504 
243 834 642 410 524 516 516 518 404 671 685 626 492 527 517 511 367 711 487 545 499 495 531 514 
163 861 570 464 536 514 505 506 310 714 752 700 477 491 510 498 205 819 343 687 466 517 506 505 
0 426 516 559 558 521 512 502 82 841 597 550 491 526 527 501 5 718 440 568 522 502 510 496 
1 335 615 479 508 496 522 488 44 885 546 498 534 517 536 504 5 654 507 538 517 513 516 503 
0 453 495 573 516 503 486 505 68 824 587 579 456 519 504 523 21 640 433 556 495 533 516 538 
33 980 240 761 595 500 514 499 136 888 901 743 344 493 517 497 43 976 200 682 452 518 524 513 
10 835 296 633 552 490 504 515 55 932 705 600 454 540 505 523 5 902 262 596 485 518 525 518 
0 749 340 516 488 515 482 537 21 919 577 520 497 525 522 501 0 729 322 551 505 481 511 538 
0 930 167 749 526 493 505 509 11 1005 874 656 387 513 498 540 0 940 146 669 477 531 505 497 
0 901 210 800 561 486 510 533 4 1020 950 786 314 483 518 503 0 1000 47 655 472 494 514 522 
