1024 0 1012 715 680 536 385 560 1024 597 427 289 398 599 482 464 1024 186 794 602 535 399 398 457 
1024 0 1024 1024 1024 880 161 667 1024 1024 0 0 194 830 570 417 1024 239 785 785 769 371 259 370 
1024 0 1024 1024 1023 645 335 562 1024 1024 0 0 135 889 493 507 1024 70 954 954 796 561 484 460 
1024 0 1024 1024 1024 395 624 559 1024 1024 0 0 1 1022 277 468 1024 16 1008 1008 766 596 828 640 
1024 0 1024 1024 998 239 752 565 1024 1024 0 0 0 978 64 448 1024 32 992 992 750 623 665 567 
861 163 996 898 790 240 702 542 878 955 183 71 77 599 446 484 859 180 887 957 736 623 579 488 
1023 1 1020 1021 827 226 490 520 1023 1010 13 12 9 219 785 529 1023 3 1018 1014 684 496 251 678 
1024 0 1024 1024 781 243 199 579 1024 1024 0 0 0 34 850 337 1024 0 1024 1024 587 571 215 441 
1024 2 1022 1019 908 195 529 459 1024 1024 0 22 823 238 395 556 1024 1023 16 80 184 588 455 555 
1024 0 1024 1024 979 70 681 428 1024 1024 0 22 830 190 246 608 1024 1024 10 25 88 723 487 585 
1024 0 1024 1024 965 61 380 443 1024 1024 0 0 615 409 418 394 1024 1011 13 13 24 646 488 402 
1024 0 1024 1024 819 261 386 494 1024 1024 0 0 106 917 542 477 1024 967 57 57 57 527 459 537 
1024 0 1024 1024 266 760 740 525 1024 1024 0 0 0 1023 234 575 1024 1023 1 1 1 264 505 633 
866 158 1007 918 89 928 793 417 877 970 188 92 77 921 145 510 866 820 305 319 264 334 569 479 
1024 0 1024 1024 17 989 278 446 1024 1024 0 0 0 579 435 668 1024 842 182 182 182 201 573 470 
1024 0 1024 1024 0 732 310 589 1024 1024 0 0 0 299 723 415 1024 739 285 285 285 285 379 547 
1024 0 975 135 222 331 427 477 1024 145 879 470 575 606 598 512 1024 236 792 495 553 629 493 509 
1024 0 890 534 335 558 541 545 1024 426 598 545 514 583 454 545 1024 476 748 511 582 546 477 470 
1024 0 1001 635 318 630 439 376 1024 626 398 324 735 352 345 447 1024 782 242 195 621 489 565 622 
1024 0 1024 1024 0 775 304 347 1024 1024 0 0 689 335 338 477 1024 1024 0 0 776 448 628 635 
1024 0 1024 1022 2 217 725 441 1024 1023 1 1 2 1019 630 419 1024 1024 0 2 758 713 316 559 
859 165 976 832 111 196 535 522 878 928 195 86 55 843 326 510 878 954 140 102 592 637 469 341 
1024 0 1024 914 110 197 210 463 1024 1024 0 0 0 606 448 516 1024 1024 0 0 543 448 747 514 
1024 0 1024 486 538 550 535 577 1024 1024 0 0 0 273 752 551 1024 1024 0 0 368 452 667 449 
1024 0 820 204 289 406 509 492 1024 158 866 724 433 533 495 521 1024 584 449 512 518 470 513 501 
1024 0 380 644 644 646 591 529 1024 0 1024 690 337 399 405 532 1024 12 1012 811 481 479 543 481 
1024 0 947 238 585 584 415 574 1024 578 446 362 519 488 409 537 1024 691 333 635 477 427 542 507 
1024 0 1024 511 513 483 549 251 1024 1024 0 0 354 670 646 640 1024 1024 0 496 579 600 768 619 
1024 0 1024 452 571 385 466 581 1024 1008 16 16 29 980 514 528 1024 1024 0 415 582 612 551 492 
552 472 649 513 701 580 548 609 586 859 371 270 274 561 503 444 591 907 241 426 653 670 496 422 
1024 0 1024 132 888 705 491 580 1024 1024 0 0 0 370 626 445 1024 1024 0 157 867 723 470 421 
1024 0 1024 0 797 697 706 506 1024 1024 0 0 0 74 882 431 1024 1024 0 59 965 439 660 365 
1024 0 837 188 474 553 489 509 1024 774 250 162 413 534 489 494 1024 895 241 815 425 518 524 508 
1024 0 574 450 454 515 490 513 1024 233 791 789 511 522 519 514 1024 901 131 495 554 472 545 542 
1024 0 375 663 727 625 504 509 1024 117 907 860 221 457 485 491 1024 592 444 544 556 507 469 542 
1024 0 630 394 675 512 564 568 1024 428 596 474 335 607 562 505 1024 802 222 666 473 513 482 493 
1024 0 872 149 744 339 695 489 1024 835 185 122 232 760 400 520 1024 933 88 925 386 451 559 530 
509 515 607 432 698 405 481 529 534 820 404 362 404 582 565 530 546 875 380 637 432 512 598 472 
1024 0 868 147 611 361 292 413 1024 845 179 82 72 474 571 503 1024 919 105 919 334 263 483 526 
1024 0 899 61 158 782 474 595 1024 886 138 32 30 467 555 417 1024 911 113 775 256 551 365 521 
735 289 114 852 355 631 546 549 739 290 783 296 799 398 527 512 739 297 755 520 619 626 525 527 
1024 0 336 650 273 552 492 570 1024 398 622 209 527 557 502 522 1024 559 682 443 616 545 484 514 
863 161 509 490 481 490 532 527 926 448 564 531 487 528 496 487 943 877 355 460 518 484 467 535 
1024 0 184 840 549 508 553 531 1024 65 959 668 566 491 507 525 1024 697 328 490 515 503 507 516 
913 111 175 856 487 466 538 482 972 74 876 416 564 531 510 512 989 355 594 579 546 524 508 518 
433 591 315 730 514 494 547 500 464 560 609 594 558 532 506 508 491 655 526 523 713 631 533 479 
1024 0 20 767 305 392 474 524 1024 0 985 123 277 326 525 484 1024 88 935 372 726 425 540 528 
1024 0 132 371 646 646 556 544 1024 39 851 293 323 391 562 466 1024 207 818 210 666 439 549 530 
0 1024 426 598 598 647 535 505 0 1024 232 792 791 493 522 521 0 1024 101 923 469 565 514 507 
550 474 355 425 533 507 502 493 653 392 340 647 582 514 524 477 664 414 443 597 464 521 528 529 
702 322 358 470 547 507 475 502 826 239 442 558 522 497 545 522 848 350 400 557 519 526 525 542 
836 188 200 578 378 492 514 498 808 216 639 479 531 488 533 520 823 335 559 522 535 534 508 503 
776 248 237 606 434 472 502 501 917 107 575 444 495 494 523 508 947 214 569 550 566 496 530 507 
390 634 119 864 609 503 500 499 396 628 460 668 447 495 552 525 406 737 379 768 387 496 496 521 
1019 5 78 562 443 469 523 535 1023 1 875 315 583 473 518 525 1024 191 809 756 524 500 507 503 
1024 0 170 413 608 496 516 491 1024 25 738 707 641 506 537 499 1024 508 516 448 417 521 524 564 
48 976 268 814 572 503 440 488 139 885 238 804 327 506 492 489 189 835 238 493 556 496 530 504 
22 1002 119 878 521 480 504 519 78 946 67 746 457 524 540 510 84 940 60 414 470 492 525 483 
4 1020 365 808 364 408 469 538 45 979 336 545 562 552 527 563 59 965 282 413 392 589 498 517 
47 977 735 531 582 518 537 517 67 957 654 481 530 523 508 544 86 938 620 482 562 495 529 505 
26 998 436 770 421 512 541 506 45 979 404 565 462 516 497 510 54 973 402 469 535 507 490 532 
82 942 450 616 571 501 501 503 155 869 291 694 416 530 493 535 204 820 267 664 458 492 494 527 
314 710 125 577 471 506 513 548 364 660 175 560 529 511 514 521 377 647 300 454 488 550 514 482 
554 470 227 350 298 577 488 473 707 317 111 700 505 518 494 541 733 291 359 473 576 454 481 536 
