0 0 1024 6 858 256 475 511 0 1024 37 986 803 510 536 489 1024 0 785 239 319 516 512 507 
0 0 678 305 312 567 520 509 0 893 147 749 367 509 504 514 950 74 469 541 578 595 481 490 
0 0 1023 98 509 588 522 506 0 1024 651 373 669 551 475 522 1024 4 1020 742 535 526 503 530 
0 0 1024 312 705 530 502 492 27 997 997 491 554 442 539 531 1024 595 437 469 526 435 502 479 
0 1 1022 546 469 488 502 505 278 746 770 812 370 601 501 494 1024 1020 116 305 436 447 514 521 
0 0 1024 624 408 407 524 513 133 891 891 911 209 711 464 552 1024 1022 44 157 437 415 483 518 
0 0 1024 144 880 766 470 501 0 1024 1024 515 508 441 542 492 1024 576 448 448 479 587 563 540 
0 0 1024 33 984 703 592 489 0 1024 1024 0 876 174 399 500 1024 6 1018 967 473 401 532 488 
0 0 776 84 675 320 511 507 0 806 400 419 430 540 512 488 813 27 754 148 696 530 463 465 
0 0 722 173 578 493 524 500 0 791 772 219 323 563 526 519 839 128 786 775 312 546 515 519 
0 0 890 139 481 539 519 481 170 794 714 292 563 484 506 492 963 433 742 677 576 582 492 480 
0 0 786 398 589 515 521 525 502 363 647 467 546 517 535 530 898 899 543 403 511 508 509 511 
0 1 962 383 525 503 528 532 840 174 671 501 520 511 505 545 1019 1001 727 599 413 499 490 518 
0 5 1003 350 594 521 507 514 658 405 733 682 652 478 494 513 1024 1024 547 719 382 512 488 476 
0 0 1002 85 649 407 523 517 206 818 944 575 504 569 511 511 1024 1024 175 242 555 499 519 494 
0 0 969 58 362 592 549 533 37 987 974 81 437 529 546 486 1024 469 579 609 528 444 531 515 
0 0 671 66 221 555 508 464 0 715 30 544 520 478 496 506 724 12 607 147 531 511 505 514 
0 0 732 99 199 563 518 508 0 794 153 629 598 519 531 503 795 34 818 601 414 490 525 504 
0 0 598 249 412 487 512 511 102 704 412 470 501 487 504 547 811 385 605 676 570 553 528 489 
0 0 130 370 630 414 538 495 25 211 408 380 504 515 518 499 263 531 563 466 484 544 522 494 
62 96 548 362 429 534 506 480 601 280 467 678 498 494 518 543 681 968 718 636 548 556 512 509 
223 289 625 654 492 526 514 517 673 659 563 657 545 494 538 546 937 838 793 767 604 523 526 524 
0 0 402 507 526 539 536 511 324 351 537 477 512 531 511 505 744 699 603 499 514 517 507 519 
0 0 486 461 502 516 480 532 363 404 437 473 544 461 498 543 803 714 491 489 472 506 508 529 
0 0 194 407 571 473 494 490 0 379 187 215 400 504 480 531 446 126 181 513 489 517 477 494 
0 0 150 449 583 545 519 494 0 418 200 213 594 500 533 507 496 136 356 401 543 540 528 491 
0 0 97 659 797 561 504 539 0 648 96 224 593 497 513 502 705 45 592 535 491 493 513 476 
0 0 57 182 878 491 480 496 0 192 18 295 784 746 603 505 197 67 809 456 492 507 519 481 
1 1 159 376 698 487 499 518 135 386 296 623 410 485 525 478 520 665 452 547 475 529 544 527 
19 26 191 475 729 485 495 526 216 460 362 670 373 426 497 523 635 773 442 515 444 542 534 536 
0 0 79 222 845 427 502 493 32 230 111 179 798 749 530 528 277 187 693 431 488 510 531 551 
0 0 49 174 861 230 622 497 17 170 38 97 903 310 625 532 189 61 161 673 442 553 522 537 
0 0 8 47 82 756 347 503 0 1 17 53 68 794 349 483 1 17 36 64 100 773 340 473 
0 0 24 190 426 611 467 513 0 36 122 191 400 598 475 544 91 78 102 174 413 626 469 526 
0 0 16 544 556 485 537 570 0 11 543 476 639 451 508 509 400 192 162 460 531 488 518 439 
0 0 5 55 930 393 586 488 0 3 5 51 963 605 424 502 5 3 62 785 402 564 567 499 
0 0 4 255 808 529 492 489 0 137 70 171 804 745 568 486 180 39 572 553 503 478 527 517 
0 0 6 348 715 571 499 493 0 218 128 266 703 637 576 490 323 37 666 487 519 528 542 494 
0 0 2 58 895 316 596 507 0 14 17 43 947 477 462 531 27 7 78 679 463 528 460 553 
0 0 4 108 861 191 518 512 0 6 6 63 835 277 510 518 7 5 13 222 783 364 633 525 
0 0 84 44 50 589 428 528 0 1 95 98 71 565 487 539 0 87 37 31 36 545 518 535 
0 0 89 42 86 647 405 559 0 12 96 99 106 624 472 540 0 95 60 51 107 645 444 528 
0 0 79 49 275 652 507 461 0 81 47 17 210 729 518 481 26 96 73 57 312 645 492 474 
0 0 27 55 444 499 476 532 0 30 55 43 417 626 519 527 23 65 53 102 588 554 452 497 
2 2 14 55 462 568 566 507 6 24 44 41 478 636 477 534 25 50 63 397 386 589 552 525 
12 5 11 37 416 559 532 510 15 29 30 37 468 603 463 516 40 29 57 301 462 609 557 480 
0 0 0 39 355 562 437 516 0 4 29 45 360 640 478 544 8 26 52 139 411 606 498 535 
0 0 0 35 136 642 501 482 0 0 31 46 100 669 473 510 0 26 37 37 152 664 492 509 
0 0 830 228 542 497 500 519 0 426 598 519 461 499 528 514 6 982 523 536 532 526 488 521 
0 0 852 218 517 485 533 523 0 568 454 410 472 470 522 507 19 986 676 575 504 512 536 524 
0 0 905 197 558 507 541 500 0 779 237 355 529 524 493 476 365 629 499 519 514 530 526 515 
0 0 866 223 518 493 526 490 0 771 251 340 501 517 511 509 347 672 497 569 504 494 518 500 
60 175 714 378 509 506 514 520 303 787 349 511 489 530 539 510 810 564 546 582 492 528 521 515 
235 305 636 449 492 503 502 488 583 793 506 501 531 521 522 484 920 730 682 664 586 568 531 533 
0 2 839 235 520 522 517 492 0 800 226 368 550 506 511 476 469 547 440 493 518 539 541 514 
0 0 796 253 517 504 525 497 0 600 422 425 528 499 522 501 172 849 602 504 500 518 520 517 
0 0 478 516 505 506 515 495 0 472 540 479 448 510 528 513 0 1021 852 544 462 495 501 501 
0 0 497 504 454 542 497 509 0 591 430 385 419 519 498 493 84 939 858 656 533 516 526 535 
0 0 784 240 409 517 502 511 0 969 54 144 615 487 508 503 675 349 355 552 498 495 514 528 
0 0 592 412 455 516 505 503 0 825 196 277 537 507 512 500 644 380 379 467 490 533 532 502 
149 159 499 487 521 501 522 557 292 903 376 499 546 518 530 523 932 475 601 613 560 511 534 490 
327 329 570 490 483 530 521 506 600 902 528 567 560 542 511 540 997 663 687 757 627 547 532 534 
0 0 521 499 524 510 513 528 0 973 51 243 620 505 508 496 916 108 176 531 538 526 510 497 
0 0 464 532 479 507 495 523 0 767 257 260 489 538 540 520 511 513 486 563 494 504 524 514 
