1024 1024 0 2 870 841 571 457 1024 197 827 827 827 825 754 401 1024 0 0 1015 9 184 206 385 
1024 1024 0 0 843 874 492 666 1024 4 1020 1020 1020 1014 761 289 1024 0 0 1012 13 178 279 288 
1024 1024 0 52 876 812 419 541 1024 0 1024 1024 1024 908 302 480 1024 0 0 594 430 608 561 627 
1024 1024 0 83 927 796 371 584 1024 0 1024 1024 1024 772 263 560 1024 0 0 453 571 762 660 751 
1024 1024 0 33 989 834 423 634 1024 0 1024 1024 1024 789 275 578 1024 0 0 426 598 792 684 706 
944 810 161 212 748 591 469 480 915 99 881 880 844 675 376 510 804 165 127 576 452 564 570 557 
630 510 516 452 485 514 526 511 585 395 623 585 551 515 526 499 338 499 392 587 454 510 532 490 
948 762 213 199 741 389 597 575 925 100 856 844 781 353 564 485 761 236 177 539 480 439 529 577 
1024 978 46 430 586 626 649 541 1024 207 791 792 784 776 788 589 973 51 51 590 429 422 446 404 
1024 969 55 702 352 415 433 318 1024 172 834 814 809 815 791 339 973 51 51 339 687 677 632 669 
1022 952 57 854 184 386 567 380 1017 164 828 813 819 782 553 383 944 80 66 397 625 626 658 581 
983 874 155 759 317 419 546 430 979 156 841 795 792 728 562 481 846 170 195 526 526 551 556 528 
961 889 125 746 383 532 522 495 957 199 811 750 749 668 473 450 847 147 157 472 574 562 558 522 
808 696 313 601 455 511 529 527 783 279 696 607 614 515 508 485 561 304 309 491 540 521 498 500 
556 572 450 485 530 508 544 542 514 417 607 565 540 507 522 523 292 426 425 527 482 511 532 536 
772 695 273 642 433 530 557 559 738 272 745 674 642 584 464 515 607 270 205 320 684 623 527 523 
1024 991 33 973 842 576 461 463 1024 921 103 52 73 745 489 484 971 53 53 874 164 163 462 460 
1024 981 88 934 846 697 573 439 1024 912 112 52 69 666 590 459 962 62 62 813 237 241 579 443 
1024 998 459 546 537 386 490 383 1024 940 84 32 50 599 380 615 972 52 52 874 168 170 638 559 
1024 1015 549 406 395 429 580 408 1024 894 126 79 103 520 461 545 970 54 51 778 266 298 537 454 
1024 995 707 287 283 263 592 452 1023 878 129 100 99 384 507 474 948 76 75 739 283 316 604 591 
955 929 597 402 367 366 564 546 943 819 179 167 148 552 387 491 871 94 89 640 388 391 482 583 
674 696 407 571 508 532 515 488 611 556 513 470 446 512 531 538 444 338 314 563 474 514 532 500 
967 912 305 713 676 566 528 461 934 617 434 397 401 443 578 489 874 136 68 406 602 483 508 517 
1024 1024 0 1024 295 322 532 554 1024 295 729 729 729 377 630 554 1024 0 0 2 668 647 630 554 
1024 1024 4 1020 511 508 648 449 1024 192 832 832 832 385 604 538 1024 0 0 0 640 677 637 449 
1024 1024 57 967 845 507 475 499 1024 153 871 871 871 348 491 525 1024 0 0 0 589 723 656 455 
1024 1024 135 888 873 367 503 533 1024 82 942 942 922 299 399 486 1024 0 0 0 604 632 611 465 
919 770 349 634 568 481 506 513 841 245 800 751 697 510 518 513 695 285 184 215 684 536 489 509 
847 728 332 654 614 511 587 505 791 191 808 761 692 537 531 526 628 274 226 260 670 452 452 514 
511 641 454 512 528 518 502 501 439 465 636 541 532 529 490 527 276 417 410 424 510 483 532 493 
857 667 322 617 617 504 519 550 796 217 731 710 578 490 514 473 536 412 298 263 553 491 508 465 
1024 569 395 685 434 330 531 519 967 57 621 744 661 353 469 480 352 672 566 245 379 665 504 551 
1024 528 439 729 422 501 494 541 971 53 558 778 638 351 446 496 340 684 582 245 410 586 477 535 
1000 512 406 699 484 567 512 541 934 90 529 740 685 403 389 503 345 670 555 307 414 581 506 529 
830 532 403 615 544 458 471 512 675 404 594 655 529 463 474 534 358 615 438 375 451 574 523 490 
444 605 437 528 514 538 514 528 341 647 533 543 539 507 519 494 204 627 518 490 502 519 500 496 
489 455 522 534 511 525 486 500 479 425 551 507 513 506 531 526 278 547 517 497 500 513 523 516 
450 503 474 483 481 505 532 498 349 517 519 516 517 525 499 526 116 560 556 490 498 535 533 518 
486 493 625 484 531 525 504 495 432 514 472 516 494 506 504 522 118 668 553 515 534 542 510 526 
766 266 312 517 525 495 506 520 456 576 598 564 499 505 508 534 111 914 791 391 475 518 497 489 
896 130 186 511 474 516 542 502 617 409 430 512 451 508 513 526 206 818 773 392 520 528 507 515 
567 457 431 536 497 494 509 488 485 538 464 497 528 485 501 515 244 730 548 473 529 494 505 490 
668 357 433 468 507 519 485 520 611 423 545 505 511 500 530 534 432 587 587 494 496 499 493 521 
196 770 467 512 511 501 462 531 183 737 438 488 518 493 474 498 127 484 580 530 523 533 509 493 
558 457 490 505 534 521 502 473 566 443 534 512 496 499 508 498 455 421 533 507 507 486 507 524 
185 691 558 484 500 532 517 535 166 688 541 480 547 514 524 507 90 577 477 552 521 538 523 515 
153 821 586 536 514 509 515 510 166 785 503 528 515 512 513 487 91 666 454 488 527 532 516 515 
828 292 522 485 485 512 524 543 855 284 553 473 547 524 499 497 745 356 376 515 565 499 500 511 
724 418 496 508 511 510 525 510 748 419 534 468 474 509 519 522 618 524 481 501 539 522 525 519 
805 525 432 498 493 519 568 500 784 586 460 472 521 521 500 538 689 563 409 521 495 517 512 501 
610 592 468 496 488 524 522 507 611 614 546 537 522 529 506 536 558 579 438 561 480 496 530 517 
265 652 452 482 509 520 501 522 330 665 497 557 522 528 527 494 279 606 517 510 506 508 500 530 
344 603 514 524 489 531 496 503 417 585 573 532 525 508 524 500 343 585 529 532 496 492 498 496 
305 587 531 455 507 482 503 493 354 603 511 501 508 514 506 503 282 511 574 520 499 534 510 494 
263 606 519 513 531 525 540 526 309 664 487 513 548 537 522 483 292 509 512 554 504 505 500 529 
666 610 545 536 519 505 501 508 723 573 509 603 527 532 513 502 620 636 476 490 502 485 507 512 
567 691 590 544 494 534 553 538 577 687 556 598 531 525 556 513 460 767 517 479 458 484 522 515 
624 521 539 482 482 507 516 506 670 478 682 597 554 479 504 523 745 402 654 582 452 523 516 504 
648 474 454 497 468 512 488 511 709 465 594 554 504 497 506 529 696 419 613 538 480 488 500 498 
121 653 474 508 529 518 543 513 265 695 487 524 501 522 499 502 223 692 458 544 520 523 501 550 
186 669 554 495 506 490 524 510 405 571 477 545 530 538 499 524 373 537 474 520 513 518 526 534 
430 484 596 517 490 503 504 536 510 462 628 584 547 539 501 530 444 446 649 550 516 513 501 506 
688 382 538 483 473 505 517 514 746 394 669 614 464 546 509 490 721 381 664 592 469 495 516 514 
