1024 36 741 317 451 532 492 493 1024 2 414 614 585 574 521 543 1024 0 300 700 565 539 535 492 
1024 12 523 549 506 524 507 489 1022 2 421 411 482 464 502 513 1019 5 235 526 523 526 520 505 
1019 343 555 573 514 491 516 486 1006 129 724 528 500 507 513 506 999 107 684 376 507 536 532 512 
523 671 603 577 579 540 544 514 529 594 582 654 567 568 547 530 509 598 552 623 588 552 574 528 
1024 1024 1008 670 771 716 630 535 1024 580 933 909 644 658 579 463 812 715 715 727 714 674 570 463 
1024 1024 1024 632 628 447 462 485 1024 273 751 751 494 385 593 483 515 509 509 513 637 563 512 425 
1024 1024 1024 544 374 550 568 601 1024 192 832 824 472 385 513 576 532 492 492 498 494 541 484 491 
1024 1024 1012 313 455 576 558 528 1024 138 886 618 530 503 504 524 415 609 609 554 548 425 494 556 
1024 358 631 371 516 517 504 522 1024 232 408 477 507 475 492 528 1024 0 402 536 510 526 530 526 
1024 434 610 456 537 531 536 494 1024 373 205 433 620 553 532 535 1024 0 450 424 464 494 535 542 
1024 351 624 565 491 501 551 520 1024 285 190 657 551 533 514 518 1012 12 304 577 497 485 474 546 
420 623 473 538 527 539 531 506 472 545 428 560 527 527 501 490 487 501 418 542 499 516 497 529 
1024 865 859 727 720 657 623 578 1024 863 825 699 696 632 524 499 1024 858 787 718 699 649 632 572 
1024 1024 1023 946 832 731 527 599 1024 1021 179 462 599 560 465 535 1024 185 277 633 666 569 546 481 
1024 1024 1024 1024 976 709 399 577 1024 1024 0 520 435 604 517 451 1024 0 163 709 479 463 503 503 
1024 1024 1024 1024 818 770 625 535 1024 1011 13 398 368 576 521 550 1024 0 127 611 640 539 513 559 
1024 1024 999 294 460 618 507 520 1024 1024 0 685 532 503 555 502 1024 0 1024 399 484 472 507 505 
1024 1024 1024 963 281 701 464 472 1024 1024 0 1022 602 458 534 513 1024 0 1024 583 606 442 531 533 
1017 1008 987 975 556 524 550 446 1014 990 130 883 784 606 528 492 1006 17 975 540 634 483 454 585 
405 493 598 577 537 508 507 523 418 478 459 514 485 517 518 538 387 362 437 481 504 505 534 514 
1024 978 956 896 409 639 506 577 1024 943 738 311 296 345 531 590 1024 329 694 643 609 581 544 494 
897 971 852 783 499 588 529 548 891 950 570 452 480 549 481 487 887 552 573 414 403 454 526 526 
1024 1024 1024 1023 674 484 512 565 1024 1024 522 502 582 647 579 459 1024 434 590 381 527 512 522 496 
1024 1024 1024 1024 630 532 506 521 1024 1024 438 586 561 465 494 528 1024 332 692 355 601 438 525 478 
1024 1024 827 359 577 564 533 548 1024 1021 173 922 771 446 472 486 1024 686 489 477 383 636 547 508 
1024 1024 858 337 560 470 426 457 1024 1024 24 999 819 487 641 521 1024 764 260 260 424 561 519 497 
1021 1007 920 254 549 440 471 424 1021 1001 207 808 629 571 515 459 1019 855 156 163 463 473 490 540 
470 688 562 471 464 548 501 577 500 658 429 593 526 487 516 556 497 624 387 380 479 529 533 517 
1024 1024 1001 38 595 754 647 516 1024 1024 333 691 587 440 546 577 1024 1024 0 0 531 499 524 424 
672 868 740 376 478 480 596 561 672 887 437 440 444 593 440 607 640 820 241 309 637 590 569 509 
1024 1024 1009 453 423 464 585 518 1024 1024 659 365 390 656 548 533 1024 1024 0 299 543 399 497 516 
1024 1024 1015 393 468 461 490 459 1024 1024 732 292 321 769 509 575 1024 1024 0 267 636 444 532 570 
1004 919 814 733 690 641 554 525 1013 886 827 715 675 647 566 549 1000 835 821 763 643 593 565 541 
817 703 399 621 525 497 484 520 978 582 545 496 533 490 519 492 947 530 512 436 528 548 535 536 
782 684 438 639 547 500 529 510 986 524 689 378 433 517 530 527 971 467 576 368 528 508 533 521 
451 440 530 538 534 509 535 510 625 367 570 465 481 511 529 504 625 385 530 494 523 504 494 526 
629 438 506 593 464 513 506 497 979 102 770 582 496 527 520 501 974 127 678 427 520 512 541 509 
395 409 566 550 502 505 510 505 573 336 631 554 536 534 491 508 557 355 566 467 556 510 520 519 
680 388 624 513 553 501 509 526 969 267 644 561 496 507 522 551 966 276 567 422 537 546 502 508 
474 588 561 609 498 522 506 473 865 240 666 580 565 482 501 504 859 190 697 423 458 565 528 500 
1018 1016 1009 876 744 710 591 562 1017 1017 1010 877 743 710 588 557 1017 1017 1010 877 742 711 584 554 
463 914 855 393 572 516 577 506 895 480 404 484 482 503 565 479 1023 332 401 701 499 485 458 454 
95 920 860 474 600 519 528 511 900 123 118 435 482 536 517 510 943 80 525 539 631 498 515 528 
456 433 436 502 511 468 524 502 606 354 454 586 550 479 494 517 644 400 608 443 562 498 516 517 
852 172 171 251 339 525 485 507 1014 10 264 740 746 543 485 499 1021 10 971 306 756 552 514 513 
613 267 315 676 561 531 507 538 637 300 752 407 659 499 528 506 638 491 607 597 594 512 518 490 
987 38 846 394 461 548 494 530 1015 419 574 548 524 553 536 520 1019 898 88 369 596 472 558 517 
464 574 665 474 501 499 517 512 947 252 495 474 526 523 476 552 925 324 487 501 499 488 508 522 
343 337 441 769 494 626 507 505 343 332 385 795 551 547 497 570 342 325 335 829 337 502 461 538 
386 600 483 582 578 517 504 493 429 556 475 651 516 546 502 526 582 366 291 576 520 502 506 505 
0 561 637 459 614 454 491 514 209 370 456 618 416 519 528 515 421 163 224 695 423 465 490 510 
56 544 419 411 465 537 493 485 112 582 336 330 563 487 517 545 122 547 361 371 563 548 502 527 
427 529 239 392 495 524 527 497 511 487 469 381 557 486 542 500 544 520 519 522 499 511 525 508 
179 531 546 512 505 510 497 532 350 490 467 556 524 510 539 509 360 549 391 553 498 513 508 512 
249 538 696 473 520 520 524 506 623 343 486 523 493 518 493 541 667 353 494 544 522 506 503 491 
645 530 580 562 520 518 516 526 780 593 588 577 538 496 527 524 855 605 667 476 541 523 530 493 
268 84 367 498 476 520 490 529 275 123 408 614 451 459 490 512 279 151 333 449 570 538 520 489 
69 124 343 639 534 454 501 557 76 173 344 639 441 573 475 465 77 176 299 662 469 417 467 566 
0 203 320 555 576 443 480 537 1 252 308 595 413 581 451 474 0 235 286 512 466 450 413 565 
0 321 509 449 516 500 519 481 1 399 513 488 495 551 527 511 0 408 467 502 509 508 485 516 
0 251 321 491 516 503 503 520 0 305 350 449 524 546 495 518 1 301 321 421 522 510 492 489 
32 232 576 486 516 489 545 536 56 272 540 496 521 514 538 513 69 268 529 485 533 503 505 506 
42 152 419 557 512 472 515 533 56 188 399 568 524 540 552 499 80 190 332 522 508 494 505 495 
124 400 562 487 527 508 486 512 161 452 551 513 488 511 499 512 190 456 537 526 502 490 503 531 
