1024 1024 1024 1024 1024 1014 1001 989 1024 1024 1024 1024 1024 1021 1006 976 1024 1024 1024 1024 1023 1017 1010 984 
855 693 723 638 647 542 561 576 875 752 748 661 645 629 566 569 1024 971 792 790 747 681 577 563 
533 904 812 726 718 728 679 685 655 782 777 710 724 712 693 689 791 680 689 732 716 715 706 685 
1024 1024 1024 1024 1024 1024 1024 1024 1024 1024 1024 1024 1024 1024 1024 1024 1024 1024 1024 1024 1024 1024 1024 1024 
1021 866 790 708 702 663 621 633 1024 968 851 805 751 739 688 665 1024 1021 956 912 894 824 772 671 
466 705 703 648 571 597 564 509 699 496 572 557 544 571 584 538 879 397 438 582 605 559 535 544 
1023 1015 1012 1011 1003 994 956 924 1022 1012 1014 1008 1004 992 966 933 1023 1017 1012 1005 997 990 967 932 
1024 1004 1007 1001 997 994 971 953 1023 1006 1006 1005 994 1001 971 952 1024 1009 1003 1002 1002 997 972 953 
1023 1020 1021 1016 1012 997 969 937 1023 1020 1021 1016 1012 1001 961 932 1024 1021 1019 1019 1012 997 972 935 
910 674 650 596 606 551 572 486 885 783 729 641 590 554 559 555 861 906 762 730 701 630 589 576 
465 901 745 649 654 645 628 613 600 755 733 667 657 650 639 583 849 513 548 653 647 661 624 611 
1024 1024 1024 1024 1024 1020 1018 1013 1024 1024 1024 1024 1024 1022 1017 1011 1024 1024 1024 1024 1024 1021 1016 1010 
1024 885 816 768 737 640 631 682 1024 996 857 796 809 781 714 678 1024 1024 981 924 895 865 779 719 
434 550 609 554 506 523 512 537 706 297 398 461 497 525 533 533 844 222 367 522 513 499 521 569 
700 800 687 714 645 641 594 584 690 803 828 610 675 669 600 610 690 803 837 796 752 700 641 576 
1017 956 935 925 917 887 837 837 1015 957 925 933 917 901 853 819 1017 961 939 939 928 915 864 830 
687 808 713 686 668 665 631 640 693 812 690 685 691 671 635 582 686 819 726 726 724 658 641 616 
916 691 659 601 573 518 523 537 908 780 728 633 601 574 545 551 885 886 788 729 673 637 589 559 
397 808 644 589 569 551 529 559 570 653 640 549 571 572 549 556 836 418 500 603 607 581 542 557 
898 818 788 724 703 672 598 575 908 836 754 764 683 684 630 603 921 871 766 802 740 710 648 586 
1020 810 763 679 655 603 572 565 1024 950 799 772 729 700 635 557 1024 1015 926 887 880 769 705 603 
473 600 628 590 553 533 543 533 806 288 401 504 563 527 542 507 917 249 491 593 542 556 557 497 
849 646 637 687 650 632 569 639 857 740 770 719 709 664 642 622 870 911 722 796 732 695 644 629 
881 667 699 674 642 598 570 555 907 684 712 695 644 609 570 557 947 754 707 713 693 628 621 589 
284 413 531 559 503 535 544 489 379 642 491 553 565 526 530 514 626 519 565 602 554 546 530 539 
486 575 516 505 495 529 503 548 542 640 580 508 535 513 538 523 650 729 641 591 546 557 536 521 
378 517 496 531 515 508 520 524 500 472 520 529 550 483 486 521 671 459 529 550 493 498 535 532 
508 600 548 517 533 509 528 526 545 632 519 521 544 521 525 491 595 664 583 583 547 542 538 499 
966 727 675 656 608 543 562 543 969 837 701 685 692 655 605 549 985 914 794 774 742 719 668 586 
689 375 435 509 495 529 540 494 882 209 340 502 544 531 509 501 947 222 607 476 484 494 497 517 
957 378 492 606 613 602 579 574 1008 389 765 688 644 608 575 568 1018 748 610 746 689 594 582 558 
762 536 562 570 551 528 525 481 818 655 512 541 544 518 524 516 857 745 651 632 565 555 533 523 
166 441 494 495 504 543 505 499 276 626 415 487 475 483 482 509 480 541 468 508 526 517 532 512 
625 622 599 546 523 535 519 561 675 735 658 573 583 560 533 557 744 751 698 685 646 616 572 549 
659 692 628 624 557 551 518 532 700 722 741 655 612 611 578 550 817 714 686 698 680 608 576 542 
679 705 684 624 605 495 552 556 710 725 701 646 648 630 580 552 773 760 691 688 615 606 559 567 
611 638 580 542 529 562 510 561 658 683 627 546 592 532 526 526 728 743 603 613 574 566 518 540 
264 601 525 486 504 501 504 475 254 668 538 480 498 518 479 527 337 614 522 494 529 521 531 506 
662 587 605 552 543 526 539 512 682 658 568 588 563 554 521 510 705 761 603 622 604 574 548 564 
817 649 547 543 560 547 531 506 786 753 524 610 593 574 535 533 798 765 701 621 608 564 545 547 
329 406 532 522 475 523 562 512 327 416 507 499 509 489 499 516 353 355 450 506 482 518 517 499 
342 482 554 514 500 498 520 515 368 492 539 566 500 493 502 516 360 473 526 528 513 518 526 521 
559 504 628 499 543 521 491 515 799 598 517 484 518 536 517 538 836 687 672 553 566 524 546 558 
250 804 773 561 519 490 546 514 858 214 747 344 554 511 537 504 872 717 335 331 524 541 499 508 
208 717 691 494 523 529 526 501 845 121 672 426 516 522 524 488 874 638 321 422 543 521 535 514 
411 391 483 477 498 481 491 536 517 379 578 574 509 507 504 527 643 521 417 494 514 491 488 508 
364 640 512 497 502 498 532 517 520 598 534 529 514 508 529 506 661 538 603 566 531 550 544 518 
600 544 520 525 496 497 501 503 671 584 555 510 542 523 530 503 761 604 567 561 538 555 537 554 
266 426 522 511 501 527 498 532 266 434 534 505 531 519 533 511 267 442 530 461 489 494 500 492 
669 429 477 537 539 488 521 507 705 431 477 506 510 512 518 509 727 451 482 527 551 525 517 508 
234 541 558 568 562 565 499 481 234 459 531 515 562 547 520 517 211 354 492 542 538 510 535 496 
90 415 419 469 523 493 506 490 50 335 427 488 473 491 497 508 48 211 384 434 466 495 503 507 
413 552 507 534 489 476 482 492 456 513 518 524 486 485 497 511 508 539 521 517 527 522 516 505 
524 548 552 511 509 518 527 502 615 559 543 562 517 517 550 514 694 566 561 530 532 538 499 504 
865 705 615 448 559 507 530 493 923 839 708 661 662 552 571 508 960 908 840 790 752 668 630 608 
886 804 639 464 579 498 508 536 936 897 819 758 715 630 585 517 960 933 916 884 846 751 673 596 
364 426 517 497 504 525 506 531 362 463 532 519 504 534 531 512 401 483 498 505 517 517 528 509 
358 473 544 524 498 507 517 500 402 501 502 545 519 517 526 527 425 551 490 522 542 503 503 494 
904 770 774 708 667 572 550 556 927 805 821 788 739 691 625 580 935 866 818 839 785 713 661 590 
325 571 589 627 575 574 547 536 351 612 618 613 594 567 573 522 366 586 633 631 617 579 554 544 
454 454 530 528 507 511 549 480 479 542 505 527 522 507 517 527 515 591 589 546 521 541 500 528 
651 561 550 563 509 510 493 495 663 592 524 510 545 505 536 530 670 666 591 562 565 548 528 513 
623 625 522 547 515 537 513 526 705 589 570 555 503 522 556 508 785 599 617 563 557 524 533 539 
696 602 572 517 521 497 501 520 889 669 610 593 623 605 561 531 982 764 758 722 662 643 599 519 
