1024 0 1024 1024 5 734 458 556 1024 0 1024 1019 5 6 616 405 1024 0 0 0 1024 669 388 468 
1024 0 1024 1024 60 928 667 673 1024 0 1024 1024 0 0 430 541 1024 0 0 14 1010 936 570 357 
1024 0 1024 1024 821 205 432 324 1024 0 1024 1017 7 7 434 440 1024 0 0 12 1012 957 759 610 
1024 0 1024 1024 993 70 777 355 1024 0 1024 960 64 58 228 688 1024 0 0 39 982 910 830 740 
1024 0 1024 1024 989 278 695 662 1024 0 1024 883 141 116 505 531 1024 0 0 197 806 706 472 591 
1024 0 1024 1024 1024 499 513 529 1024 0 1024 1024 0 8 967 205 1024 0 0 575 449 449 185 313 
1024 0 1024 1024 1020 158 662 570 1024 0 1024 1023 1 20 929 507 1024 0 0 223 801 799 323 429 
1024 0 1024 1024 1005 21 679 393 1024 0 1024 1021 3 11 690 355 1024 0 0 1 1023 931 214 669 
1024 0 1024 1024 45 927 304 552 1024 0 1024 158 866 431 668 731 1024 0 0 0 399 417 558 718 
1024 0 1024 1024 422 598 614 342 1024 0 1024 219 805 412 554 499 1024 0 0 0 500 552 517 505 
1024 1 1023 1023 856 286 518 554 1024 0 1024 201 822 269 524 513 1024 0 0 0 462 618 573 504 
1024 0 1024 1024 1020 465 486 472 1024 0 1024 157 867 358 569 575 1024 0 0 0 495 636 473 517 
1024 8 1016 1016 1007 666 393 545 1024 0 1024 98 862 360 557 489 1024 0 0 0 405 597 477 505 
1024 52 972 972 972 738 482 516 1024 0 1024 246 778 310 541 458 1024 0 0 0 562 597 419 527 
1024 0 1024 1024 1017 354 517 497 1024 0 1024 200 823 335 595 439 1024 0 0 0 475 435 577 572 
1024 0 1024 1024 941 216 632 502 1024 0 1024 165 856 296 321 501 1024 0 0 0 415 378 618 467 
1024 0 1024 1024 255 765 84 930 1024 0 1024 0 1022 49 951 728 1024 0 0 0 0 64 952 922 
1024 0 1024 1024 726 269 330 706 1024 0 1024 0 848 189 443 647 943 81 81 81 81 543 413 440 
1024 0 1024 1024 1006 36 694 750 1024 0 1024 0 990 34 242 618 1024 0 0 0 0 719 297 431 
1024 0 1024 1024 1012 689 295 297 1024 0 1024 0 921 97 185 802 1005 19 19 19 22 718 249 282 
1024 13 1011 1011 843 476 515 550 1024 0 1024 49 633 386 323 497 999 25 31 67 139 418 563 515 
1024 0 1024 1024 1024 350 674 661 1024 0 1024 0 1015 13 116 368 1021 3 3 3 3 81 882 493 
1024 0 1024 1024 1024 22 994 262 1024 0 1024 0 1023 1 97 482 1024 0 0 0 0 67 942 475 
1024 0 1024 1024 1022 16 612 455 1024 0 1024 0 609 415 436 589 1024 0 0 0 0 60 879 435 
1024 0 990 806 357 637 369 558 1024 0 701 266 705 402 530 506 432 592 568 326 347 440 611 570 
1024 55 969 842 453 495 466 570 1024 24 821 260 588 506 499 491 593 431 487 377 344 559 500 490 
1024 1 1020 933 571 424 567 592 1024 0 757 239 631 389 446 535 450 574 572 386 281 573 511 501 
1024 6 1018 954 636 474 482 477 1024 0 737 282 602 383 391 585 424 600 600 377 359 621 445 478 
1024 231 525 722 565 425 570 514 883 268 719 391 497 510 505 492 695 329 469 361 425 438 561 514 
1024 6 1017 957 790 385 573 512 1023 1 781 224 654 417 251 528 539 485 478 322 331 439 510 501 
1024 0 810 860 773 255 696 465 901 123 817 282 650 348 332 369 647 377 285 280 224 262 711 672 
1024 0 1024 912 769 212 550 491 1024 0 786 234 339 647 612 587 574 450 450 267 235 270 718 441 
1024 7 277 691 542 498 514 524 847 183 233 321 463 517 517 542 67 962 534 558 526 532 507 491 
1024 43 443 598 459 469 507 542 902 189 274 322 594 499 485 525 223 846 672 386 423 499 529 532 
1019 140 536 620 502 508 516 524 846 425 432 435 561 544 531 518 439 703 622 534 510 487 536 526 
1013 32 452 411 465 504 526 508 579 463 473 356 582 497 543 510 49 943 421 518 472 513 503 523 
1024 4 576 504 453 488 488 527 872 157 554 531 453 498 503 533 616 408 490 557 484 535 482 516 
1024 0 544 475 435 503 475 508 805 219 254 320 454 492 534 494 56 968 511 535 479 480 508 511 
1024 0 362 634 467 514 538 512 764 260 546 527 494 531 521 489 408 616 441 574 488 521 485 507 
1024 0 408 542 472 512 523 516 573 451 453 459 513 512 519 535 2 1011 241 716 510 522 507 514 
854 192 334 545 496 501 528 534 603 440 549 488 526 512 534 501 206 769 513 535 493 515 500 490 
866 187 358 576 508 509 485 504 484 578 688 558 503 527 517 493 199 748 446 595 564 507 528 497 
1004 27 522 648 555 495 485 518 898 167 508 529 463 503 514 506 462 561 540 522 485 507 512 514 
920 146 365 408 556 515 521 508 496 576 671 388 542 510 518 527 247 714 395 480 511 533 489 509 
923 121 253 516 517 499 490 505 432 606 642 513 509 503 542 523 162 824 451 450 509 539 498 505 
973 70 401 502 495 515 496 511 578 459 574 592 473 518 507 545 153 872 493 602 564 556 530 505 
988 50 147 483 547 518 524 484 476 564 629 645 466 519 517 513 188 839 362 571 518 506 498 498 
909 122 268 553 534 531 506 530 342 687 713 638 541 517 490 511 87 864 307 522 535 512 472 516 
682 394 643 559 556 530 556 501 561 529 674 519 513 519 519 506 430 504 441 535 488 514 520 513 
556 574 674 575 530 482 534 516 476 689 558 562 507 494 506 494 380 475 590 530 547 510 506 520 
573 540 650 606 472 569 510 524 485 638 563 553 490 499 486 493 369 512 571 487 513 544 527 521 
452 668 719 566 526 498 506 524 373 768 575 488 456 498 501 523 284 595 527 485 507 494 552 508 
458 675 763 632 517 507 517 522 409 784 687 447 521 539 499 517 346 698 556 522 517 510 528 528 
535 567 649 611 495 523 510 525 445 677 691 525 507 512 538 496 306 774 528 530 496 528 503 509 
627 615 573 664 525 459 503 494 706 604 585 449 499 516 506 492 592 643 474 554 478 479 501 510 
511 623 664 502 569 531 536 495 471 688 653 421 550 506 551 512 349 745 520 534 512 510 519 527 
30 899 415 476 567 511 514 505 35 866 408 526 547 498 545 524 27 692 476 507 534 510 533 498 
65 907 391 556 532 520 514 505 77 800 428 518 533 523 540 521 100 532 448 517 515 497 500 512 
235 773 460 504 469 549 511 504 273 693 410 515 529 529 494 485 170 779 519 491 487 523 486 517 
28 921 380 506 518 501 512 487 35 819 411 458 502 535 525 497 37 677 416 473 501 520 482 531 
179 901 489 511 519 522 527 514 168 741 511 487 506 506 515 499 123 583 536 466 499 479 481 513 
144 915 500 594 528 526 524 535 140 881 348 531 503 489 517 504 114 582 521 548 468 508 513 520 
65 953 303 577 549 524 482 544 70 856 299 478 511 527 514 518 53 443 638 578 496 482 502 556 
85 975 393 563 520 512 483 511 82 824 323 511 527 521 511 491 53 455 596 545 461 536 546 529 
