1024 0 1024 0 830 230 457 523 1024 0 1024 0 491 612 466 501 455 569 569 569 500 421 475 439 
1024 0 1024 21 1001 622 520 527 1024 0 1024 79 640 645 534 526 628 396 396 396 702 360 514 499 
1024 0 1024 58 966 743 586 492 1024 0 1024 402 592 268 441 554 752 272 272 324 664 533 463 590 
1024 0 1024 446 578 576 558 481 1024 0 1024 687 338 614 382 475 1006 18 18 434 306 357 448 526 
1024 0 1024 990 35 253 531 507 1024 0 1024 1000 272 395 470 465 1024 0 0 589 468 460 484 483 
1024 0 1024 1024 106 709 469 498 1024 0 1024 1024 687 285 607 446 1024 0 0 889 328 615 593 505 
1024 0 1024 1024 506 505 435 461 1024 0 1024 1024 845 375 422 540 1024 0 3 903 500 654 592 576 
1024 0 1024 1024 733 307 478 529 1024 8 1016 1016 1015 474 480 556 1024 0 11 1013 586 542 598 578 
1024 0 898 128 478 510 501 520 1024 2 1022 180 830 562 551 510 1024 0 48 407 526 570 473 476 
1024 0 944 165 652 528 533 520 1024 153 871 397 634 599 476 497 1024 23 295 533 560 448 534 485 
1024 3 922 204 591 568 488 511 1024 89 935 496 529 512 526 497 1024 25 162 640 556 513 525 524 
1024 20 989 199 718 660 454 500 1024 101 935 908 249 517 548 503 1024 26 276 677 481 480 535 511 
1024 16 1005 579 423 452 507 501 1024 106 922 925 711 373 551 502 1024 32 356 703 476 502 501 536 
1024 8 1016 837 184 408 494 572 1024 27 997 1007 1001 339 552 484 1024 12 543 479 466 260 540 449 
1024 0 1024 895 152 500 477 564 1024 0 1024 1024 1024 736 453 474 1024 0 741 283 283 449 526 522 
1024 0 1024 954 131 397 399 582 1024 24 1000 1000 1000 945 551 530 1024 0 752 272 282 706 453 549 
1024 0 746 262 245 386 561 530 1024 0 980 69 887 553 489 504 1001 23 23 796 239 368 502 485 
1024 0 717 276 261 545 505 518 1024 0 946 246 732 555 542 482 995 29 46 783 305 536 467 504 
916 108 855 234 285 682 490 458 948 100 879 499 543 530 535 543 861 166 211 822 418 546 495 539 
865 187 546 409 433 588 490 511 994 127 519 528 435 432 518 512 675 400 524 603 583 493 576 519 
894 195 729 366 469 535 511 489 956 277 728 653 367 505 525 532 886 275 385 641 634 416 528 538 
986 122 788 274 636 488 526 518 1004 241 792 751 404 593 505 494 985 158 406 619 628 405 510 505 
995 35 978 127 885 550 521 512 999 87 939 947 715 305 590 506 994 43 603 432 424 366 490 528 
1024 0 1024 84 940 807 683 424 1024 0 1024 1024 873 525 519 512 1024 0 851 173 173 557 387 508 
1024 0 266 758 758 737 452 470 1024 0 1024 0 996 356 506 503 1024 0 0 804 220 498 602 520 
1024 0 677 347 347 377 499 536 1024 0 1024 135 889 689 563 476 1024 0 0 997 195 768 643 470 
1024 0 1000 24 24 155 552 568 1024 0 1024 629 395 380 308 654 1024 0 0 1024 744 281 332 658 
1024 0 1022 2 28 560 664 530 1024 0 1024 917 107 118 486 583 1024 0 0 1024 1019 51 682 613 
1024 0 1024 0 96 888 385 515 1024 0 1024 1004 20 249 532 535 1024 0 0 1024 1024 498 507 506 
975 43 925 76 396 608 561 512 990 34 957 950 96 656 392 487 967 40 170 847 858 679 484 497 
937 80 910 64 595 386 435 461 956 68 910 940 122 831 478 471 911 76 176 872 858 702 601 478 
1024 0 1024 0 963 85 472 440 1024 0 1024 1024 30 993 847 568 1024 0 26 998 998 938 569 569 
1020 1 3 1018 727 327 597 544 1020 1 1009 17 343 649 459 551 1018 2 6 449 575 542 497 537 
966 19 39 980 913 470 523 555 974 12 986 35 589 437 615 487 954 27 41 831 194 462 492 486 
958 33 186 830 802 550 413 561 965 28 993 36 802 472 493 474 958 33 23 990 102 518 549 462 
948 12 317 707 691 559 479 506 950 13 987 82 841 460 636 506 942 18 34 972 289 498 383 505 
991 22 340 652 588 475 574 514 1000 17 973 281 602 462 514 516 991 19 92 831 513 398 551 506 
476 416 550 429 451 502 528 516 596 346 642 618 400 457 477 503 482 391 384 582 588 514 520 476 
630 339 573 423 482 548 531 536 764 340 513 570 503 499 488 524 600 370 561 499 537 533 531 502 
989 161 799 172 249 620 559 503 989 251 885 838 211 565 447 491 987 221 159 841 739 561 453 498 
559 119 252 617 441 547 508 474 578 109 681 343 385 547 490 476 527 125 114 270 658 600 488 541 
0 0 8 1016 999 318 673 553 0 0 57 967 967 689 518 560 0 0 0 187 839 851 606 555 
0 41 523 917 579 480 563 455 0 512 166 819 552 636 489 534 0 505 21 586 497 502 533 457 
91 167 409 678 634 572 501 505 115 236 501 619 646 626 514 528 88 206 314 518 485 481 548 520 
326 128 212 824 646 690 512 570 363 162 460 547 661 605 493 595 340 137 132 617 425 525 535 531 
91 268 664 582 509 510 510 526 176 459 538 443 459 525 508 524 107 431 429 569 501 528 516 522 
85 157 726 577 435 492 490 507 125 497 517 459 421 483 503 491 102 455 294 599 479 513 516 518 
291 75 656 526 482 497 483 511 300 279 727 375 340 406 492 514 297 235 181 713 415 486 513 546 
0 10 373 516 411 499 506 469 0 235 441 299 563 489 519 532 0 5 291 670 492 539 523 524 
0 0 76 833 606 460 481 485 0 228 396 398 607 506 541 475 0 0 281 806 463 539 513 534 
0 0 240 775 580 484 520 502 0 290 681 146 462 515 497 514 0 29 458 798 597 513 524 490 
0 8 294 765 552 493 509 512 0 375 373 455 642 450 525 535 0 61 509 664 539 496 511 501 
0 17 115 808 623 555 440 529 0 283 324 544 611 599 471 523 0 58 348 659 572 526 558 473 
0 28 446 528 429 472 484 506 0 389 533 383 421 529 517 525 0 121 573 606 535 504 497 530 
0 2 353 673 487 489 507 507 0 396 362 509 605 567 478 503 0 202 429 535 454 500 470 493 
0 0 100 822 721 634 497 482 0 233 212 750 672 688 529 475 0 84 192 680 436 473 496 523 
0 0 0 757 287 505 495 518 0 1010 14 220 669 554 508 522 0 1 1020 892 335 548 504 527 
0 0 0 720 341 510 488 514 0 1004 20 342 618 494 545 520 0 6 1014 925 403 489 530 513 
0 0 0 736 301 490 495 520 0 1021 3 413 590 500 544 516 0 13 1011 962 433 509 518 514 
0 0 0 718 325 496 543 526 0 1021 3 616 437 495 513 534 0 50 974 951 585 517 507 518 
0 0 0 820 238 499 507 489 0 1024 0 752 327 529 505 499 0 72 952 944 721 504 490 487 
0 0 0 873 241 531 532 526 0 1024 0 814 344 518 516 528 0 139 885 884 695 511 499 496 
0 0 0 874 261 508 527 500 0 1024 5 860 321 528 491 499 0 116 908 904 730 516 508 504 
0 0 1 879 288 528 503 499 0 1024 1 865 334 493 535 498 0 132 892 888 721 485 516 504 
