1024 791 268 661 545 503 538 520 1024 1024 679 273 523 463 541 513 1024 1024 1021 746 279 672 524 517 
1024 830 259 632 454 566 557 517 1024 1024 507 310 600 429 540 480 1024 1024 1009 417 393 468 507 514 
998 714 301 598 558 480 521 501 1003 876 623 275 508 463 514 505 1002 1010 849 215 634 633 474 508 
1024 423 500 630 547 492 512 519 1024 625 654 266 488 466 500 505 1024 949 616 234 447 590 499 511 
1024 331 636 475 497 518 501 506 1024 440 587 397 609 488 523 518 1024 1024 189 460 564 500 511 509 
1024 208 815 436 497 499 479 490 1024 187 586 474 548 520 502 529 953 611 385 522 515 526 523 511 
1024 10 997 605 510 495 530 521 1024 0 412 600 426 461 498 517 835 198 617 556 513 505 496 501 
1024 11 964 728 500 490 502 506 1024 0 904 467 401 547 533 512 1021 237 689 577 538 491 497 510 
1024 0 624 609 596 516 488 513 1024 543 481 478 453 505 524 534 1024 967 868 208 434 630 519 518 
1024 0 911 525 471 511 484 513 1024 394 613 333 517 531 509 515 1024 779 554 412 569 473 513 488 
816 223 928 549 486 487 520 496 817 357 649 508 558 506 480 511 763 599 446 530 501 530 489 516 
1024 1 911 606 418 538 508 487 1024 151 768 324 512 492 509 523 1024 655 429 475 463 527 485 510 
1024 13 976 562 523 511 526 532 1024 80 521 497 452 483 541 502 941 277 563 500 508 478 510 527 
1024 0 1024 512 527 530 537 518 1024 0 3 216 803 558 495 512 38 986 983 224 509 458 516 518 
1024 0 997 489 525 544 520 506 1024 0 38 330 724 601 534 516 136 888 919 278 571 501 472 492 
1024 0 841 312 544 495 518 506 1024 0 306 574 545 559 519 499 611 519 666 516 558 502 489 499 
503 521 604 473 516 521 527 509 952 72 509 510 449 481 505 492 991 853 536 435 438 509 494 494 
467 556 556 599 434 527 511 506 947 77 441 561 367 550 508 518 1004 911 476 491 412 423 513 502 
436 588 595 533 487 522 518 487 801 223 390 644 552 487 514 529 811 877 392 550 546 526 507 514 
501 523 568 606 513 490 517 507 1024 0 263 720 452 467 522 496 1024 995 297 660 558 484 530 528 
633 391 549 523 511 488 514 496 1015 9 93 783 463 507 513 516 990 757 255 628 623 505 512 519 
626 398 524 514 539 522 549 510 1024 0 0 653 472 525 504 495 912 871 199 664 562 489 525 526 
598 426 552 534 501 527 525 481 1024 0 0 724 438 516 530 521 987 793 184 747 510 528 536 479 
418 606 605 583 486 536 498 482 1024 0 0 749 473 523 496 505 1024 926 92 595 377 519 514 511 
648 374 361 489 564 502 508 499 690 334 178 772 648 518 499 494 657 273 209 272 703 518 456 508 
369 654 520 617 426 519 514 516 675 349 236 716 503 474 502 488 620 691 301 545 542 535 513 502 
525 499 507 590 542 508 505 502 741 283 291 698 604 462 509 502 640 592 207 494 569 516 521 524 
714 310 377 670 495 513 481 496 992 32 39 804 648 518 503 502 913 390 213 410 497 533 500 518 
778 246 214 782 570 500 493 501 896 128 128 773 379 500 529 508 745 434 257 364 371 546 506 525 
496 528 355 567 487 501 491 503 733 291 163 607 485 475 487 508 635 616 458 572 529 557 454 500 
775 249 249 416 520 504 508 520 1024 0 0 597 441 495 528 520 1024 217 569 394 571 499 524 499 
464 560 561 552 520 540 510 501 1024 0 0 381 607 468 524 525 1024 141 699 507 559 504 500 522 
272 479 476 533 519 532 501 515 420 554 375 522 530 529 527 504 222 439 594 565 513 559 523 513 
178 645 497 521 532 514 499 511 436 610 410 513 532 484 499 531 191 597 538 526 497 510 529 489 
250 692 420 534 510 489 474 529 479 587 546 539 530 539 527 513 196 729 446 488 501 512 512 506 
376 552 412 490 505 522 513 500 663 381 362 618 547 492 489 493 346 597 461 463 479 467 516 515 
308 591 413 510 527 504 531 498 541 478 463 577 504 544 527 533 272 649 479 495 529 521 495 530 
221 557 495 529 494 507 490 529 512 450 415 583 505 530 483 498 231 584 601 508 526 492 499 529 
448 434 381 430 500 534 532 523 726 290 316 601 469 506 513 508 406 547 487 498 485 499 525 512 
206 438 522 490 510 514 510 501 483 263 365 562 450 533 535 512 274 374 540 545 503 513 508 520 
16 215 709 575 490 516 516 503 39 353 652 530 544 512 482 484 29 87 787 522 517 520 503 518 
16 514 462 472 499 495 527 518 51 667 389 470 511 519 502 523 35 212 774 576 491 507 489 486 
8 721 314 489 510 530 515 518 27 843 299 520 525 523 531 531 15 272 724 636 511 516 515 520 
20 395 585 546 515 495 530 510 95 577 417 429 506 509 535 518 33 206 774 624 523 529 501 507 
19 223 688 565 513 486 522 545 71 367 625 528 507 531 525 533 47 168 804 566 497 519 534 506 
58 536 523 524 516 507 493 518 443 518 558 514 511 520 498 515 462 602 542 509 517 534 525 532 
61 479 517 516 492 510 526 530 362 483 547 505 506 511 503 500 314 542 574 531 552 531 489 491 
43 266 477 519 515 548 516 516 132 347 521 527 519 496 504 516 132 343 555 517 507 499 541 496 
0 16 209 401 573 518 531 524 0 24 246 466 570 511 549 498 0 2 221 296 532 488 497 510 
0 15 97 332 583 506 498 522 0 31 100 410 576 512 511 522 0 15 97 284 535 529 535 523 
0 71 103 313 563 484 507 547 0 99 86 398 616 484 516 505 0 0 167 328 562 510 515 484 
0 26 236 380 487 508 499 519 8 61 219 498 562 493 528 516 10 41 234 398 537 531 521 498 
3 15 162 277 503 499 507 517 4 43 161 391 552 529 509 518 3 31 158 343 542 494 514 498 
15 57 108 304 509 493 452 500 26 68 88 458 535 509 481 518 35 72 132 408 554 478 514 494 
10 90 212 437 579 516 520 522 67 83 182 580 482 517 519 531 86 134 237 614 466 452 510 501 
23 193 296 478 498 529 516 489 171 138 269 622 461 495 527 496 187 266 337 642 480 496 519 476 
58 110 367 528 526 533 491 516 88 105 448 602 451 514 507 549 107 129 320 576 541 503 485 491 
39 107 371 514 507 491 535 531 89 105 300 555 520 512 516 520 102 151 293 536 499 515 517 534 
50 105 304 529 529 506 543 522 66 126 319 473 545 466 514 515 108 145 299 477 513 521 495 522 
58 116 322 561 505 532 521 531 88 139 344 537 502 486 531 526 152 194 348 527 494 509 528 514 
43 186 254 474 527 497 519 506 68 232 291 527 522 514 511 522 216 240 300 520 513 517 530 481 
8 227 241 542 522 505 501 504 41 292 268 565 508 516 494 520 245 251 343 572 533 485 506 513 
0 224 317 633 493 513 517 510 23 238 340 627 462 528 512 494 227 234 397 634 466 532 489 520 
0 139 376 503 514 507 500 503 2 178 395 523 466 523 536 527 169 156 462 662 458 509 512 501 
