1024 614 513 519 471 501 516 521 147 877 910 517 517 494 496 504 27 997 127 913 328 559 506 510 
1024 1024 423 609 470 516 502 496 624 404 494 532 616 552 501 512 85 939 512 532 632 508 506 532 
1024 1024 123 805 529 496 509 497 542 482 482 483 497 496 531 510 0 1024 223 801 800 662 538 518 
1024 1024 863 384 462 493 504 515 989 35 35 331 491 540 517 487 0 1024 894 179 516 525 518 517 
1024 1024 955 493 432 499 503 525 1019 5 29 264 406 481 504 521 4 1020 723 347 518 491 510 530 
1024 1024 1024 811 618 498 508 530 1024 0 126 558 487 519 505 517 11 1013 918 309 511 514 535 518 
1024 1024 1024 659 629 479 513 478 1024 0 0 405 548 512 525 493 0 1024 894 130 249 515 517 514 
1024 1024 1024 596 464 503 530 494 1024 0 0 711 376 562 528 516 0 1024 1021 4 445 544 534 529 
1024 1023 3 602 559 488 527 514 156 868 868 868 641 488 546 508 0 1024 11 1013 832 393 484 501 
1024 1024 243 754 546 498 532 517 677 347 347 347 438 502 519 532 0 1024 278 746 744 531 523 509 
1024 1024 932 313 512 514 496 509 1005 19 19 139 538 528 503 500 0 1024 773 251 302 477 538 526 
1022 1023 1018 993 488 461 495 530 1021 5 134 786 370 485 517 512 59 967 963 244 536 495 486 493 
1024 1024 1024 1022 731 514 529 526 1024 0 106 791 500 529 478 502 44 980 979 85 570 561 493 524 
1024 1024 1024 1024 1020 724 538 531 1024 1 605 583 546 499 506 519 248 776 776 436 630 553 520 502 
1024 1024 1024 1024 1024 794 503 511 1024 0 354 670 545 489 514 514 0 1024 1024 326 691 481 518 480 
1024 1024 1024 1023 963 718 554 528 1024 0 581 448 580 495 527 507 31 993 993 720 556 478 522 507 
1024 1024 793 268 624 498 524 506 1005 19 19 230 475 519 506 528 0 1024 825 199 381 512 517 498 
1024 1024 1000 442 540 513 546 500 1024 0 0 605 521 502 546 513 0 1024 1013 40 533 508 535 537 
1024 1024 1024 988 721 442 527 515 1024 0 204 742 487 533 527 527 1 1023 1022 293 583 523 509 521 
871 940 840 853 808 565 532 492 905 257 557 498 631 507 546 487 239 964 858 649 622 564 553 538 
1024 1024 1024 1024 1013 715 512 539 1024 0 807 418 521 524 493 509 229 795 795 620 496 545 534 537 
952 977 930 940 909 785 552 566 969 170 902 472 518 549 531 564 544 572 548 611 524 524 527 521 
1024 1024 1024 1024 1024 893 542 545 1024 216 807 463 506 511 509 485 682 342 342 591 508 512 539 503 
1024 1024 1024 1024 1024 1001 724 643 1024 404 620 505 527 501 516 523 943 81 168 517 490 536 501 500 
1021 1007 1004 914 314 561 524 511 1021 42 402 630 540 512 509 525 205 857 855 549 538 488 513 518 
906 944 865 881 647 478 522 535 902 139 652 410 477 468 487 524 303 753 735 681 494 519 508 498 
997 1015 985 995 977 649 532 538 998 123 905 414 530 522 512 517 654 401 428 520 523 504 535 525 
873 926 868 868 837 635 528 523 896 577 720 711 572 543 577 542 897 442 412 594 565 600 556 509 
1024 1024 1024 1024 1010 747 554 546 1024 698 519 568 490 512 532 500 1022 214 317 603 534 531 529 504 
918 931 887 896 882 700 545 558 935 948 340 454 604 561 585 530 928 410 622 630 556 594 546 548 
1024 1024 1024 1024 1019 802 588 583 1024 1024 31 642 480 542 501 523 1024 30 824 496 473 536 523 504 
1024 1024 1024 1024 1024 971 734 633 1024 1024 114 732 498 498 521 510 1024 175 828 423 543 528 466 500 
1018 989 960 935 701 592 585 589 1022 518 925 812 641 672 645 570 1023 488 536 795 677 650 608 564 
755 677 654 646 643 606 557 549 711 653 575 595 604 610 612 545 694 645 610 622 615 591 566 505 
682 653 675 619 641 565 535 550 630 659 310 376 510 547 515 515 612 428 569 417 494 517 526 529 
682 785 633 695 611 563 526 507 731 859 498 603 645 649 570 541 768 684 792 674 693 589 568 520 
497 949 644 708 699 587 553 533 490 949 179 584 479 527 498 522 492 583 601 657 551 515 519 532 
739 850 706 673 706 615 583 563 801 894 501 804 567 648 627 565 869 670 756 707 610 625 597 558 
733 990 827 835 836 660 540 538 744 970 197 817 600 497 508 527 780 648 458 486 497 509 498 522 
779 997 782 843 860 774 593 573 804 975 236 789 691 522 511 497 865 840 255 348 536 525 511 515 
134 471 632 671 696 469 492 550 155 600 556 649 658 492 542 494 174 861 324 442 466 537 549 547 
176 544 601 596 631 501 510 520 201 751 425 544 611 474 539 538 215 893 325 488 551 575 511 540 
72 315 731 745 703 410 503 515 46 408 681 693 730 397 496 540 52 687 415 469 563 574 511 522 
58 646 407 468 549 500 490 526 25 804 414 515 537 520 520 530 89 904 378 429 519 496 519 515 
0 850 278 375 486 530 506 505 17 975 300 483 524 492 515 502 56 970 391 500 526 562 528 506 
0 777 261 324 452 487 480 503 11 948 227 420 508 537 495 503 33 991 306 578 510 507 517 515 
0 867 158 206 463 524 527 516 3 997 219 508 485 530 477 517 18 1006 465 514 487 495 513 512 
0 885 139 218 475 489 505 529 0 1011 201 514 494 535 523 512 62 963 424 569 533 497 511 500 
0 37 987 989 801 256 397 540 0 26 998 998 966 109 328 521 0 244 780 780 793 778 455 513 
0 200 824 849 645 380 415 506 0 210 814 835 832 206 323 517 0 326 698 736 809 787 408 529 
0 771 287 598 467 507 493 512 0 754 286 360 644 416 502 490 11 818 215 385 732 620 502 502 
7 920 165 822 429 509 510 495 16 928 150 283 712 551 483 516 62 942 120 566 442 479 477 499 
0 514 524 624 628 513 526 515 0 620 426 478 613 551 487 487 13 969 94 236 409 498 523 522 
0 340 684 703 685 438 501 543 3 446 596 671 724 403 528 493 64 816 279 410 447 503 524 538 
0 260 764 764 785 461 462 544 0 400 630 685 742 454 487 518 0 824 210 324 424 500 546 539 
0 238 786 788 817 456 564 498 0 385 642 699 752 449 567 536 0 856 181 274 357 447 503 542 
0 330 697 749 778 400 530 529 0 360 664 719 767 397 559 528 0 886 138 215 303 401 480 530 
0 948 153 644 571 503 483 514 0 956 69 637 513 527 507 489 0 1012 12 690 442 510 529 501 
0 1023 20 518 554 574 555 519 0 996 56 201 479 579 507 501 0 1024 18 276 743 674 529 512 
0 1024 0 546 543 531 533 504 0 1023 1 3 447 573 507 511 0 1024 0 107 916 761 519 523 
0 1023 14 813 310 442 508 511 0 1022 14 40 635 572 559 527 0 1024 15 306 703 680 530 516 
0 767 280 647 478 576 529 542 0 863 184 203 606 489 515 486 0 1023 25 129 572 676 536 555 
0 496 539 608 643 549 509 522 0 539 497 544 637 506 547 517 0 970 66 176 373 538 514 517 
0 316 708 758 796 475 483 524 0 307 717 793 806 452 585 513 0 779 255 368 447 503 533 509 
