1024 0 938 100 676 520 507 585 0 1024 18 950 786 375 427 528 0 0 992 356 594 429 465 498 
1024 0 931 116 549 553 561 517 0 1024 89 891 734 512 495 548 0 0 1010 502 505 465 511 546 
1024 0 990 52 661 525 524 533 0 1024 223 795 671 524 503 520 0 0 1024 441 503 450 528 525 
1009 14 946 148 633 506 498 499 6 1012 299 709 676 547 498 501 6 31 981 638 446 498 530 514 
937 73 860 229 617 531 490 525 46 952 341 634 597 491 494 510 42 73 924 407 590 498 511 544 
847 141 806 420 536 515 506 487 71 880 391 588 558 517 484 512 73 103 861 484 491 488 493 534 
1024 0 1004 468 523 336 516 536 0 1024 505 508 488 497 535 542 0 0 1013 582 435 525 558 459 
1024 0 968 385 591 485 530 553 0 1024 608 376 402 449 547 525 0 1 991 697 358 495 530 451 
1024 3 1001 491 489 514 520 498 0 1024 578 434 409 506 486 517 0 18 1006 897 530 491 499 508 
992 41 932 419 591 611 544 501 10 997 805 215 305 419 528 537 7 128 889 831 480 488 505 488 
836 117 849 487 512 561 540 534 44 868 718 279 464 419 515 513 47 136 811 719 461 454 518 510 
719 294 655 562 527 528 514 532 231 735 619 410 477 508 482 561 231 338 624 574 495 473 514 515 
911 214 760 644 419 480 534 512 151 898 844 226 461 485 485 517 153 195 845 811 515 502 489 520 
910 229 715 630 596 472 524 524 154 896 837 267 546 485 532 527 161 285 757 721 607 529 489 493 
1024 3 1015 943 487 423 511 521 0 1024 970 68 631 582 478 536 0 31 992 943 673 630 475 515 
1024 30 990 970 551 546 451 473 0 1024 1001 89 653 530 431 460 0 76 948 929 728 520 429 590 
1012 213 763 746 481 566 473 474 33 998 935 237 657 515 529 487 29 485 545 531 549 418 484 499 
751 328 600 557 494 526 495 505 190 737 698 439 566 511 500 510 185 498 431 469 475 468 509 517 
780 302 686 652 542 536 527 496 169 779 805 474 491 489 521 478 169 495 473 478 474 473 544 515 
833 540 518 475 509 488 503 501 306 780 822 509 576 544 524 511 311 539 529 536 561 517 514 540 
933 556 519 510 441 466 499 500 173 921 920 534 477 508 513 509 169 656 410 414 424 550 484 503 
906 521 515 515 521 515 536 549 181 863 880 577 485 521 502 497 162 636 394 441 494 523 534 490 
1024 721 303 304 383 606 447 544 1 1023 1023 720 383 618 480 518 0 790 234 235 368 576 502 506 
1024 847 177 164 279 548 471 495 0 1024 1013 883 333 553 505 504 0 901 123 113 247 541 503 522 
1021 898 143 144 233 585 544 474 126 965 946 928 526 395 545 457 104 941 107 139 564 534 511 498 
833 678 427 453 527 498 470 539 287 777 776 702 538 561 513 518 229 778 256 381 578 514 503 494 
820 752 302 323 534 490 538 500 241 749 754 674 602 536 512 539 142 752 273 389 609 520 493 527 
840 643 523 529 510 503 532 523 417 728 714 616 597 530 497 518 318 754 374 491 550 485 500 486 
939 801 299 356 552 479 513 556 340 763 748 704 574 546 522 560 181 880 183 382 558 510 513 537 
932 790 286 402 570 538 531 502 445 628 680 570 531 497 502 537 186 871 163 480 510 502 507 501 
1024 994 30 257 645 499 486 491 461 563 563 551 499 434 474 504 0 1013 11 452 519 465 484 482 
1024 1022 2 409 572 394 521 519 519 505 505 503 495 512 493 495 0 1022 2 451 548 449 534 529 
949 918 138 261 693 450 504 541 726 315 329 320 515 495 525 505 101 936 141 808 430 491 585 497 
839 774 334 565 521 515 502 506 693 361 405 381 546 515 518 534 254 757 364 622 498 513 494 513 
846 861 214 494 547 526 479 517 745 252 281 278 501 510 496 543 138 797 317 728 483 502 482 531 
728 563 433 549 480 518 501 501 614 377 421 421 467 532 505 486 302 653 490 567 499 521 494 501 
767 629 374 489 502 513 501 478 590 385 366 386 440 547 474 528 172 760 410 624 430 531 520 550 
689 497 429 515 532 529 508 509 485 442 439 447 465 496 509 505 231 661 455 501 499 504 505 525 
916 823 185 609 418 484 513 514 806 185 172 257 503 518 539 493 64 929 255 712 480 558 508 565 
1024 1022 11 815 320 595 523 476 990 34 34 310 526 455 526 465 0 1024 162 815 620 537 556 516 
867 847 201 712 304 338 566 532 869 141 165 493 506 507 482 493 154 846 696 375 465 593 495 485 
509 598 437 518 517 504 488 511 459 483 403 454 557 504 499 523 342 564 518 495 509 531 509 495 
423 628 391 542 526 528 484 547 410 526 471 487 538 539 510 504 449 484 527 451 450 528 525 507 
287 705 311 572 522 522 483 509 300 737 676 572 495 514 489 486 720 337 332 589 502 505 497 512 
209 747 330 637 513 527 511 503 230 795 688 598 507 524 508 504 713 331 348 597 524 491 543 528 
102 793 286 541 498 526 546 510 138 895 740 533 509 514 519 517 810 256 322 623 519 521 518 530 
7 177 106 351 622 581 530 496 6 190 205 133 312 516 502 511 156 46 86 214 575 437 543 482 
539 529 198 564 587 539 519 511 516 37 120 426 483 575 493 496 19 529 460 275 442 502 529 490 
122 628 393 475 486 472 511 507 152 783 618 577 511 510 517 516 540 447 417 515 501 502 510 504 
27 892 468 560 501 520 509 523 249 761 660 540 517 502 532 510 841 177 444 510 494 517 494 529 
12 812 328 574 523 534 507 487 114 878 770 617 513 538 498 541 780 233 429 520 530 509 525 473 
14 905 315 599 479 547 536 497 233 767 691 652 476 513 506 535 834 186 509 495 498 519 483 491 
163 822 353 589 513 515 509 505 395 622 639 568 488 498 499 511 900 127 653 461 477 502 505 535 
20 969 296 580 531 510 529 526 237 784 716 563 504 515 511 485 850 174 542 466 527 540 480 513 
0 192 31 255 705 592 589 458 1 191 207 118 282 497 514 518 192 11 36 219 645 410 615 498 
96 76 98 295 695 550 504 488 97 24 67 148 278 523 490 491 59 66 75 147 478 438 492 495 
0 39 131 222 300 352 385 459 2 94 188 290 340 371 441 483 2 102 209 303 360 387 448 513 
0 171 265 292 377 417 460 470 83 363 322 370 420 499 499 479 203 291 311 370 422 498 483 538 
0 50 279 315 411 424 465 441 16 384 403 421 468 473 486 506 63 408 426 422 473 485 508 510 
0 50 280 327 357 420 474 470 23 335 353 424 460 462 487 500 69 348 369 424 483 462 495 501 
26 236 297 341 434 447 495 449 163 376 402 443 421 495 523 523 309 292 411 468 463 504 501 493 
15 226 361 442 456 482 494 480 155 598 550 536 510 508 477 505 459 371 498 478 508 500 506 527 
0 47 307 347 398 444 470 469 16 457 458 457 481 487 517 514 93 474 447 473 495 493 466 528 
0 41 196 331 447 476 505 502 39 287 317 390 451 515 527 490 110 259 302 421 494 488 505 486 
