1024 247 777 777 759 227 550 550 1024 0 1024 189 574 411 528 529 1024 0 226 842 702 446 562 553 
1024 109 915 915 915 647 503 528 1024 0 1024 48 928 315 602 455 1024 0 327 697 710 526 415 562 
1024 60 964 964 964 714 503 516 1024 0 1024 5 985 241 545 524 1024 0 280 744 741 657 478 513 
1024 100 924 924 924 384 691 612 1024 0 1024 89 931 107 642 416 1024 0 165 859 913 872 217 607 
963 109 946 863 852 333 698 463 959 65 912 119 876 273 487 583 938 86 197 786 804 769 371 453 
1024 249 775 775 775 527 541 563 1024 0 1024 219 805 384 640 441 1024 0 653 376 488 604 439 563 
1024 268 756 756 756 638 493 565 1024 0 1024 169 852 641 507 531 1024 0 830 221 314 556 418 548 
1024 8 1016 1016 995 426 522 418 1024 0 1024 3 863 421 505 509 1024 0 311 713 713 536 589 470 
1024 501 523 523 526 628 528 469 1024 0 1024 674 464 697 534 454 1024 0 1012 253 378 533 558 467 
1024 630 394 394 394 386 460 477 1024 0 1024 700 324 542 576 512 1024 0 1017 7 593 393 550 489 
1024 701 323 323 323 326 394 530 1024 0 1024 747 277 306 544 470 1024 0 1023 1 536 272 427 532 
1024 750 274 274 305 474 502 524 1024 37 987 790 409 616 506 510 1024 1 1023 288 541 458 563 536 
960 449 607 524 523 507 559 507 957 71 893 622 448 399 538 506 930 94 849 147 340 534 497 505 
1024 565 459 459 459 434 491 524 1024 0 1024 816 209 375 624 491 1024 0 986 38 654 507 458 535 
1024 243 781 781 781 758 549 539 1024 0 1024 556 468 589 617 455 1024 0 1022 2 406 394 515 535 
1024 158 866 866 866 843 485 567 1024 0 1024 309 747 772 583 454 1024 0 1024 42 143 637 475 549 
1024 0 1024 1024 481 683 631 568 1024 0 1007 40 298 479 468 469 1024 0 139 868 459 357 460 490 
720 318 879 784 678 515 490 522 694 330 695 224 619 540 520 508 688 283 322 567 607 460 505 522 
595 438 798 690 665 447 534 516 542 492 658 329 609 487 540 493 522 505 363 567 551 543 521 522 
951 78 901 872 621 462 498 510 950 90 830 186 540 512 535 509 952 94 197 804 539 485 534 497 
958 187 873 796 669 532 485 528 956 68 892 317 575 531 457 485 950 74 534 402 410 479 483 516 
1024 137 887 887 841 439 508 515 1024 0 1024 299 602 486 548 568 1024 0 637 387 590 473 516 541 
1024 0 1024 1024 795 434 523 487 1024 0 1024 16 616 584 568 538 1024 0 213 811 709 560 589 425 
1024 135 889 870 734 524 518 500 1024 0 1012 399 522 473 497 489 1024 0 723 434 392 561 529 489 
940 104 915 895 411 571 650 573 928 115 853 148 158 562 392 591 925 111 106 888 130 482 498 454 
68 956 483 576 470 482 488 497 49 958 85 284 585 483 494 527 46 684 346 367 344 528 473 501 
91 933 597 457 460 495 498 527 84 935 261 510 476 519 531 518 83 826 327 439 563 532 551 510 
871 153 551 650 421 471 495 474 878 146 548 422 435 431 482 554 846 178 391 635 406 512 489 481 
960 68 964 890 199 572 427 535 957 67 875 112 129 390 526 533 925 98 66 916 132 588 523 542 
1024 0 1024 1024 332 632 496 407 1024 0 1024 0 1 566 519 653 1024 0 0 1024 29 879 514 405 
1024 0 1024 1024 62 935 517 76 1024 0 1024 0 0 619 710 551 1024 0 0 1024 80 913 673 85 
1024 0 1024 969 28 651 526 542 1024 0 969 55 23 257 622 538 1024 0 0 987 52 642 619 480 
546 503 585 494 524 509 506 529 480 558 396 526 588 480 548 480 431 566 427 387 559 504 509 526 
263 819 167 488 639 447 555 534 255 451 521 569 599 450 468 492 271 208 752 740 473 422 487 508 
31 993 196 638 511 465 475 527 31 794 326 420 549 463 524 513 31 542 570 619 474 444 518 499 
692 332 627 500 566 532 539 413 684 340 387 647 591 610 539 442 690 334 308 482 570 589 600 456 
931 94 977 399 577 569 652 411 918 107 358 609 636 631 664 427 873 140 95 466 541 662 662 423 
1003 34 977 897 116 187 386 686 987 37 867 170 151 171 427 553 972 52 58 900 108 387 271 680 
984 251 767 743 303 456 548 486 973 83 892 363 306 371 636 465 952 83 439 780 299 564 525 495 
668 425 742 712 389 460 541 515 653 379 698 369 411 441 491 533 639 370 445 572 406 601 538 488 
262 754 434 496 529 517 516 543 226 763 401 481 505 504 502 487 215 719 479 469 472 534 528 495 
238 759 167 296 486 519 512 494 252 251 683 781 405 604 556 494 274 263 681 555 468 507 485 491 
99 914 120 250 506 496 521 515 106 408 666 716 551 524 526 518 127 305 782 670 450 546 495 534 
133 891 635 475 452 535 520 515 114 768 615 620 451 542 525 516 109 727 638 455 472 526 475 502 
831 225 830 183 736 568 544 476 780 250 170 811 775 571 536 478 732 245 234 276 782 542 539 477 
949 438 521 470 547 507 522 523 935 279 535 493 496 539 529 513 916 266 496 452 475 506 517 535 
974 202 739 587 521 538 506 516 956 80 818 495 488 572 530 522 952 75 817 408 458 493 537 519 
160 835 360 440 503 490 538 515 159 586 505 446 491 521 513 510 158 429 607 516 492 521 512 501 
48 893 238 376 503 499 538 481 82 532 543 598 518 529 493 506 99 517 569 552 542 531 525 479 
97 746 353 467 473 490 507 523 136 500 597 607 484 515 501 474 175 500 554 575 492 510 530 534 
34 779 277 367 508 508 528 518 35 292 768 752 502 506 507 485 49 253 790 660 478 512 475 513 
1 1001 313 256 402 539 523 553 0 488 796 731 398 559 520 523 4 437 840 540 533 564 520 535 
461 543 268 466 462 502 482 523 428 361 329 656 492 519 557 533 400 313 422 552 573 499 508 521 
246 713 227 428 470 535 498 494 200 424 534 573 496 493 524 501 172 405 598 490 508 523 504 513 
198 660 345 458 444 477 507 517 172 313 679 624 354 485 480 500 161 257 733 402 635 502 557 532 
36 574 458 476 565 555 516 519 31 101 922 683 490 510 508 518 29 69 946 351 699 483 505 524 
52 878 327 528 536 515 522 528 192 770 541 483 482 511 514 489 251 716 526 511 522 499 514 500 
58 773 434 499 516 541 494 511 197 654 520 529 511 510 499 515 248 590 542 540 558 509 521 524 
59 768 501 546 559 499 519 547 265 619 436 448 491 504 514 522 311 545 483 508 541 522 505 539 
99 746 442 481 523 528 532 480 265 612 477 484 498 534 505 504 333 537 486 520 469 524 516 500 
129 805 347 477 526 520 487 506 283 665 530 567 532 524 526 504 376 578 565 546 500 536 528 532 
133 781 388 517 511 510 546 506 273 688 587 604 539 523 512 489 444 533 560 470 489 504 529 503 
162 730 256 478 491 511 492 484 227 707 583 534 541 505 511 531 272 659 735 423 572 504 530 506 
152 751 345 531 572 511 505 522 315 613 572 563 517 494 507 503 390 540 649 507 567 495 497 504 
