1024 1024 864 160 172 570 555 493 1024 948 76 135 711 569 517 530 1024 586 438 438 469 486 507 531 
1024 1024 1024 0 731 353 500 485 1024 1024 0 776 248 527 509 506 1024 1008 16 16 406 480 514 532 
1024 1024 1024 31 992 638 539 513 1024 1024 0 991 435 480 500 524 1024 1024 0 68 690 647 508 516 
1024 1024 1024 782 242 280 460 502 1024 1024 72 952 814 463 538 518 1024 1024 0 408 597 480 507 537 
1024 1024 1024 1016 35 586 535 526 1024 1024 554 470 469 419 453 517 1024 1024 0 828 256 568 527 510 
1024 1024 1024 1024 436 577 517 516 1024 1024 971 53 207 504 502 487 1024 1024 0 1012 309 481 510 505 
908 842 664 679 587 436 498 491 826 693 593 409 481 502 505 544 821 644 351 647 483 509 530 491 
50 432 676 492 515 531 513 529 0 188 494 631 508 494 534 517 0 184 476 650 474 501 522 522 
584 600 427 521 529 510 528 499 290 576 589 524 524 500 498 519 292 576 585 523 520 488 492 500 
867 504 502 480 533 518 507 510 621 486 495 515 512 533 497 497 633 470 490 504 479 521 501 506 
987 730 697 576 494 533 527 514 860 701 437 520 502 500 498 512 862 635 357 593 506 487 525 513 
1024 1024 1017 997 970 872 704 592 1024 1022 964 856 182 696 478 515 1024 1015 713 274 262 382 499 529 
1024 1024 1024 899 605 679 575 519 1024 1024 808 485 368 575 536 506 1024 1024 206 774 591 439 544 490 
1024 1024 465 419 504 502 490 488 1024 588 437 600 508 532 511 512 1024 516 508 537 453 529 514 499 
1024 1023 379 534 568 504 541 509 1024 633 390 493 483 511 528 511 1024 601 422 482 476 540 484 522 
1024 1024 711 312 469 541 521 480 1024 817 207 236 376 431 544 496 1024 974 50 71 491 654 680 578 
1024 1024 735 289 289 471 482 494 1024 1024 0 587 348 457 563 505 1024 1016 8 106 732 525 476 515 
1024 1024 1024 0 333 557 487 511 1024 1024 0 1024 349 565 506 530 1024 1024 0 524 500 558 512 538 
1024 1024 1024 18 962 464 490 496 1024 1024 98 926 889 464 522 499 1024 1024 0 952 224 504 502 501 
1024 1024 1024 521 503 458 462 549 1024 1024 773 251 251 392 438 475 1024 1024 0 1024 686 433 524 500 
1024 1015 999 948 73 369 537 482 1024 1006 972 35 345 547 549 445 1024 1005 126 883 777 575 490 466 
610 782 573 594 456 551 547 533 477 636 624 444 461 538 526 511 485 615 451 607 582 463 519 506 
529 622 497 548 484 504 511 532 382 442 559 491 506 521 509 498 398 413 567 497 532 523 503 512 
537 594 496 463 546 515 494 513 419 387 609 483 532 508 502 480 439 379 576 495 507 517 483 515 
410 580 567 467 513 554 494 488 359 294 548 574 541 502 512 497 362 280 539 617 536 505 513 538 
1019 997 762 565 434 514 524 533 1012 915 518 395 613 544 523 534 1014 899 351 514 509 508 513 542 
1024 1024 1024 988 639 403 531 508 1024 1024 998 629 313 324 587 516 1024 1024 885 132 362 549 466 508 
1024 1024 940 899 693 490 526 510 1024 1024 869 607 378 465 496 463 1024 1024 870 122 242 676 512 514 
1024 1002 473 532 417 491 524 506 1024 805 342 506 480 492 510 536 1024 983 79 520 586 509 538 527 
1024 1021 463 486 531 507 507 496 1024 879 171 545 548 494 518 511 1024 998 55 642 432 475 496 512 
1024 1024 753 507 481 521 523 512 1024 992 434 385 535 539 500 492 1024 1022 448 354 517 487 500 514 
1024 1024 720 338 359 606 359 636 1024 888 176 636 430 401 633 391 1024 1024 139 639 731 366 570 552 
1024 1024 253 771 736 552 474 492 1024 1024 0 843 279 554 529 493 1024 1024 0 907 325 505 524 504 
1024 1024 897 127 154 510 550 511 1024 1024 14 1010 938 500 531 517 1024 1024 4 1020 707 544 522 518 
1024 1024 1024 0 570 487 531 466 1024 1024 739 285 285 417 478 516 1024 1024 250 774 731 459 589 495 
1024 1024 1023 144 876 657 465 468 1024 1024 1021 18 433 553 549 504 1024 1024 660 368 481 528 571 532 
586 728 815 667 358 385 516 505 555 618 697 356 709 424 508 500 559 636 613 433 407 545 501 500 
122 292 298 722 473 547 491 512 88 163 239 423 619 543 517 491 88 164 239 334 714 578 505 516 
39 223 611 484 517 533 487 499 15 99 290 713 470 492 482 496 17 106 281 594 522 593 533 497 
494 584 587 442 514 507 523 507 421 416 578 517 517 511 522 528 443 435 533 543 511 491 509 530 
362 567 586 547 510 506 515 506 323 382 538 508 503 512 547 465 336 392 528 547 510 547 508 523 
998 884 585 452 559 517 548 486 977 772 558 431 516 519 482 534 987 807 502 463 440 535 512 498 
1024 1024 985 508 451 476 531 528 1024 1024 900 377 541 509 516 508 1024 1024 863 173 564 510 498 511 
1024 1024 959 753 257 431 496 509 1024 1024 909 558 423 527 528 538 1024 1024 904 147 697 465 542 497 
1024 1002 650 452 487 521 499 518 1024 942 505 487 468 519 525 501 1024 986 498 482 468 513 522 506 
1024 1024 910 733 375 545 529 503 1024 1009 895 612 404 453 508 515 1024 1024 871 290 621 544 486 505 
1024 1024 985 401 533 523 486 502 1024 1024 977 292 579 512 540 513 1024 1024 1018 113 730 565 513 533 
1024 1024 1011 151 793 691 333 427 1024 1024 865 197 289 646 505 609 1024 1024 1014 147 689 418 477 501 
1024 1024 0 812 384 542 516 470 1024 1024 0 857 276 587 504 522 1024 1024 100 924 813 557 470 535 
1024 1024 48 954 604 564 489 518 1024 1024 27 997 975 460 530 527 1024 1024 625 399 399 484 523 510 
1024 1024 355 669 573 609 522 531 1024 1024 857 167 167 392 488 533 1024 1024 1020 4 187 564 458 546 
914 926 789 264 477 532 518 551 908 910 932 128 595 545 522 510 913 923 938 142 723 466 542 488 
184 249 630 464 509 495 503 481 144 205 288 755 374 480 518 530 175 212 300 695 362 472 512 511 
4 17 191 781 393 503 512 527 4 10 37 494 589 549 499 544 5 12 34 383 685 597 527 501 
474 534 620 438 374 516 507 482 462 471 582 418 601 592 559 508 472 496 591 461 587 568 529 514 
991 957 816 187 388 544 513 499 978 952 865 369 546 491 495 552 983 961 865 295 605 519 495 511 
1020 982 946 273 640 456 504 520 1016 972 937 811 485 486 462 521 1017 979 928 644 348 446 507 518 
1024 1024 1023 666 349 327 544 512 1024 1024 1022 934 847 437 515 536 1024 1024 1019 795 195 584 507 536 
1024 1024 1023 879 140 535 456 528 1024 1024 1022 992 961 883 675 461 1024 1024 1019 929 142 637 521 467 
1022 1019 994 882 120 658 501 512 1022 1018 1015 978 897 781 721 582 1022 1019 1019 975 207 518 442 556 
1012 976 422 583 480 518 513 516 1012 961 637 548 537 496 502 508 1014 1007 833 470 437 491 516 517 
1024 876 588 435 505 521 531 515 1024 907 699 450 504 503 517 522 1024 1023 751 471 590 556 526 480 
1024 546 543 494 531 509 493 502 1024 535 581 567 479 497 547 518 1024 1023 386 516 503 521 513 537 
1024 1024 640 307 587 523 504 512 1024 1024 698 293 606 537 486 438 1024 1024 1024 427 559 511 474 399 
1024 724 300 300 529 502 530 514 1024 1024 0 506 407 510 526 532 1024 1024 666 358 358 427 498 505 
1024 936 88 242 552 511 511 515 1024 1024 0 1019 420 521 553 519 1024 1024 1024 0 169 692 461 504 
1024 1024 0 482 350 480 523 524 1024 1024 287 737 680 499 497 520 1024 1024 1024 8 868 383 509 505 
592 618 360 617 489 499 555 508 579 595 630 403 339 517 533 484 607 629 704 467 555 565 556 475 
438 421 247 441 596 493 497 489 430 405 351 331 577 528 510 498 450 445 442 379 509 538 513 535 
222 203 173 706 422 492 489 473 212 202 221 393 628 469 517 496 234 223 239 414 627 498 498 525 
1014 1007 61 929 614 546 511 525 1013 1014 985 38 967 664 528 499 1017 1014 1004 892 133 273 498 502 
959 940 315 680 561 563 543 530 950 951 908 616 402 443 519 485 965 959 952 852 197 473 525 475 
1024 1024 629 386 460 493 488 491 1024 1024 1022 905 586 429 441 517 1024 1024 1024 995 400 619 546 492 
901 907 873 148 574 440 474 516 902 903 900 918 965 558 526 534 903 907 911 911 749 510 569 533 
748 762 813 251 780 547 517 557 747 755 743 835 889 835 681 564 748 761 748 825 824 542 587 584 
277 268 394 628 483 508 501 490 267 259 265 460 686 520 533 533 277 266 291 372 750 484 514 517 
280 331 627 484 490 491 520 529 250 287 376 659 490 529 515 517 343 348 496 552 485 541 477 524 
565 395 609 557 475 529 515 510 518 374 660 537 540 530 539 513 762 658 483 556 503 535 510 525 
1006 157 653 487 544 513 493 499 999 358 634 501 543 515 517 532 1024 984 472 593 486 536 532 508 
1024 373 641 729 485 443 485 474 1022 554 595 491 615 551 443 506 1024 1018 815 377 478 455 458 532 
1024 0 753 532 412 495 538 533 1024 482 542 513 555 550 518 491 1024 1024 818 206 206 445 518 496 
1024 0 854 596 578 541 539 511 1024 871 153 296 514 469 516 507 1024 1024 1024 0 272 719 479 503 
1024 107 871 549 503 497 564 524 1024 1022 2 459 422 537 528 547 1024 1024 1024 2 984 373 509 499 
935 219 770 493 517 519 508 515 933 872 147 619 559 519 508 497 968 932 882 456 547 538 497 506 
610 295 356 308 580 453 508 491 614 607 242 403 427 519 483 475 622 623 623 609 297 479 551 521 
420 256 519 541 509 490 505 536 410 418 318 552 546 510 500 509 448 497 519 568 476 517 516 495 
593 399 377 534 526 530 515 515 588 600 400 399 555 506 502 508 632 630 618 659 445 528 523 508 
874 540 491 576 531 488 512 520 863 892 804 279 436 501 510 517 904 909 901 870 613 437 502 501 
838 684 288 592 475 512 536 489 827 801 761 590 520 477 514 513 871 823 816 860 754 597 532 545 
320 271 187 578 560 535 485 520 319 303 283 386 708 484 492 506 323 317 338 453 691 613 533 553 
0 6 16 218 827 499 526 524 0 5 7 41 371 706 558 486 3 6 9 41 395 695 508 529 
275 111 232 514 544 505 527 513 301 164 244 358 553 526 529 506 362 359 357 347 544 532 499 521 
355 366 409 585 508 516 528 508 388 253 597 583 479 506 507 491 585 644 538 465 507 531 513 488 
897 89 683 607 502 530 503 513 919 593 368 642 625 512 491 513 975 939 794 611 407 511 525 537 
1024 571 448 400 560 511 528 520 1024 988 803 191 776 463 532 518 1024 1024 1016 920 775 626 514 481 
1024 1017 7 350 584 474 448 548 1024 1024 1019 8 1004 520 544 534 1024 1024 1024 1024 1023 889 313 649 
487 537 537 518 496 521 524 496 943 81 499 459 522 502 513 506 1024 1024 151 809 588 494 537 538 
622 402 402 605 450 503 489 526 1021 3 622 550 505 513 513 520 1024 1024 565 457 378 512 528 515 
729 295 306 643 558 500 520 511 1024 93 667 609 507 522 519 530 1024 1024 830 196 577 477 516 520 
720 113 240 441 442 473 463 463 826 254 509 421 466 461 450 465 832 850 818 221 620 525 523 492 
424 60 180 221 268 282 320 423 450 237 254 226 275 276 304 370 472 452 484 333 238 348 432 451 
351 122 264 341 387 430 461 455 380 243 283 290 421 428 454 463 443 442 393 391 417 446 494 491 
796 86 332 430 537 512 509 526 815 443 461 551 473 472 494 526 859 826 815 603 427 559 462 520 
950 15 467 414 503 507 499 496 958 672 295 575 537 497 551 516 962 960 914 842 516 507 502 493 
176 52 284 559 569 549 507 512 178 145 133 420 574 470 524 497 201 205 219 338 720 476 476 515 
0 0 0 678 370 489 537 529 0 0 0 5 968 401 538 486 0 0 0 15 986 487 484 544 
130 246 312 656 424 512 503 522 167 168 305 517 530 527 533 535 297 332 307 499 538 513 507 513 
671 339 298 537 547 504 526 526 821 289 624 487 461 527 524 511 970 879 688 422 586 487 520 493 
1024 0 34 713 589 484 512 485 1024 482 542 509 464 466 522 517 1024 1024 1024 632 384 462 506 509 
1024 0 513 408 496 532 507 521 1024 927 108 623 509 538 521 539 1024 1024 1024 1009 522 454 528 517 
1024 0 629 604 503 499 527 513 1024 937 528 348 386 489 517 544 1024 1024 1024 1018 857 758 588 524 
941 76 421 829 370 539 483 517 948 389 744 331 598 420 438 425 982 973 464 637 571 360 558 622 
0 609 632 368 474 504 533 497 3 547 429 709 493 483 514 501 553 403 357 536 478 529 487 536 
0 639 760 307 536 525 520 504 43 584 409 645 568 472 502 530 625 378 353 558 501 491 499 528 
0 579 944 218 372 444 543 511 147 430 325 699 595 498 513 512 574 505 99 771 504 550 482 540 
17 436 595 341 386 488 460 477 199 255 225 441 392 467 489 511 443 433 180 510 430 533 500 519 
16 89 121 81 149 661 516 413 51 54 61 98 91 163 472 416 103 116 69 79 92 132 264 586 
12 7 32 48 137 686 628 356 14 4 22 31 56 142 533 360 17 21 19 30 64 63 319 651 
7 29 231 448 383 490 506 494 7 29 96 330 417 391 506 485 18 38 146 307 442 373 458 506 
102 321 365 279 385 475 473 507 252 173 275 276 322 373 435 457 417 381 312 287 358 429 447 528 
1 36 54 223 386 453 482 498 2 31 42 81 450 277 395 473 32 37 38 96 443 281 369 546 
0 0 28 306 731 664 467 522 0 0 2 158 616 468 498 496 0 0 22 145 607 473 544 532 
0 436 476 621 471 507 499 513 18 369 405 430 470 514 494 510 368 288 356 426 588 511 508 510 
39 728 899 580 394 490 536 501 280 475 596 428 394 490 555 531 755 649 556 411 514 504 517 501 
144 723 746 585 470 509 501 519 489 365 536 449 493 473 491 522 850 764 712 368 566 516 536 489 
165 693 699 563 529 498 539 499 498 352 494 469 498 499 497 500 852 772 683 411 522 521 501 523 
202 700 648 563 500 510 534 515 453 411 552 481 502 498 517 534 867 729 696 494 483 511 504 512 
330 650 633 518 399 540 438 611 566 390 547 511 542 479 463 494 963 806 620 423 493 489 572 553 
5 12 658 308 498 522 501 514 5 10 219 600 504 440 503 506 7 10 267 495 358 594 495 515 
0 0 608 367 487 523 531 503 0 0 114 724 524 483 529 487 0 0 173 602 443 490 489 481 
0 2 415 329 567 595 499 489 0 0 87 471 627 440 528 529 0 0 104 382 506 565 518 505 
3 10 92 131 729 479 434 502 3 8 10 121 313 658 499 517 3 7 7 108 172 640 539 516 
1 8 23 28 700 484 508 510 1 8 22 24 158 656 541 514 0 8 14 26 60 597 454 486 
0 4 1 1 852 393 355 406 0 4 1 1 66 814 484 396 0 4 1 1 2 502 699 622 
1 2 4 2 788 492 396 442 1 2 4 3 62 768 557 493 1 2 4 3 9 603 561 523 
0 0 0 0 802 385 473 576 0 0 0 0 61 745 548 448 0 0 0 0 9 572 525 578 
0 0 0 3 679 504 376 509 0 0 0 1 85 607 481 478 0 0 0 2 14 442 527 527 
0 0 3 93 905 379 332 519 0 0 0 18 277 765 420 563 0 0 0 20 176 694 485 461 
3 10 96 156 763 432 390 497 3 5 71 59 307 708 468 482 3 2 79 65 206 648 473 532 
2 5 281 194 746 515 490 515 1 6 160 163 387 551 481 485 1 6 202 112 221 633 535 531 
2 14 437 290 639 463 501 543 2 13 232 266 399 505 506 511 2 12 295 207 278 603 503 535 
4 13 269 219 703 490 487 470 4 14 149 196 347 610 531 527 4 12 212 128 193 616 534 487 
1 2 292 316 741 559 424 479 1 2 155 191 480 517 547 534 1 1 289 52 214 555 569 508 
0 2 443 632 614 395 524 594 0 1 185 530 374 450 452 536 0 0 328 456 211 551 452 458 
529 423 349 473 504 519 502 505 323 566 411 460 513 497 519 524 538 350 571 455 508 502 545 485 
488 460 402 565 509 526 527 489 319 557 400 530 496 496 502 486 476 398 537 533 517 526 512 533 
529 429 443 497 543 492 523 510 325 549 463 556 524 479 520 511 493 405 541 543 495 524 522 516 
376 573 537 475 511 484 505 533 169 695 531 498 525 492 503 531 375 494 509 506 500 493 526 534 
53 761 457 520 532 537 507 510 22 489 498 526 519 522 523 530 99 373 540 507 531 520 491 536 
0 648 280 419 539 497 477 537 0 101 709 640 498 492 506 496 23 101 710 420 526 528 527 523 
41 883 361 601 565 475 527 495 7 575 564 499 510 545 533 504 137 452 510 538 497 518 511 536 
224 709 389 531 542 501 485 503 145 584 472 460 505 515 502 504 310 478 407 472 484 540 505 503 
174 709 430 506 540 487 517 510 98 595 406 472 526 518 525 511 219 499 344 460 490 527 506 530 
138 712 550 424 559 531 521 495 42 686 308 455 517 503 527 517 94 612 302 474 501 543 527 481 
183 693 606 452 577 524 510 513 29 782 308 520 504 495 525 517 116 687 279 489 473 509 519 531 
332 562 507 439 555 534 503 509 62 779 396 550 505 539 502 519 260 549 362 534 519 518 519 513 
347 547 505 414 575 542 519 534 39 802 430 609 516 508 497 498 322 514 346 484 472 500 485 519 
378 501 472 466 527 511 524 516 198 627 311 476 509 497 501 496 357 501 398 476 477 528 505 515 
432 433 529 480 548 524 512 514 273 565 328 449 527 494 492 475 402 534 420 407 477 562 497 492 
141 657 582 517 453 537 456 414 80 593 344 466 592 501 482 546 124 697 471 432 519 488 486 483 
0 997 44 122 899 891 125 904 0 58 963 907 127 884 892 148 0 51 968 901 110 901 134 916 
0 1001 74 898 127 136 905 895 0 102 918 884 894 121 898 124 0 80 933 895 917 130 123 129 
4 1009 85 913 898 115 131 906 0 125 904 891 898 900 893 882 0 108 920 899 912 912 897 130 
0 1020 103 893 896 129 891 894 0 123 901 887 914 892 896 121 0 98 923 899 907 903 128 128 
0 1005 59 896 127 125 123 890 0 51 967 905 129 898 121 897 0 30 974 892 142 123 129 128 
0 994 32 113 895 110 891 125 0 3 1013 123 900 906 893 132 0 0 989 88 895 121 127 124 
0 1003 39 118 880 886 127 900 0 22 997 907 133 123 894 128 0 14 996 120 895 898 905 885 
0 999 35 126 902 892 133 890 0 28 994 928 122 897 125 139 0 30 986 913 120 136 895 901 
0 1011 37 908 125 124 134 889 0 48 974 923 132 893 901 892 0 41 979 916 117 904 134 901 
0 1019 101 906 897 120 883 898 0 117 905 896 893 886 121 905 0 83 936 920 897 126 900 130 
1 1023 120 898 888 913 895 122 0 902 123 122 132 114 140 136 0 84 939 912 899 134 888 124 
6 1017 924 120 129 124 892 898 0 921 105 123 139 124 896 130 0 118 905 908 892 904 894 135 
6 1015 917 133 124 124 884 130 0 915 110 124 133 127 133 897 0 123 898 889 914 886 890 135 
13 985 940 120 122 117 114 126 0 919 97 119 117 128 145 132 0 136 875 881 900 891 120 896 
7 1014 934 136 136 908 904 135 0 938 90 125 144 907 124 883 0 941 90 129 133 884 121 899 
4 1020 1001 39 984 40 108 921 0 1000 27 34 89 935 898 136 0 1002 25 39 102 925 927 892 
