0 0 1024 232 792 783 467 512 1024 0 0 0 123 885 368 460 1024 1024 0 0 610 438 556 521 
0 0 1024 447 577 603 569 463 1024 0 0 0 418 608 578 469 1024 1024 0 0 1024 641 435 467 
0 0 1024 843 181 236 441 521 1024 0 0 0 918 281 378 488 1024 1024 0 288 736 726 573 521 
0 0 1024 941 83 203 512 529 1024 0 0 2 1022 598 610 496 1024 1024 0 921 103 229 610 550 
0 0 1024 1023 1 272 463 498 1024 0 0 170 854 853 486 501 1024 1024 0 1024 63 745 548 507 
0 0 1024 1012 14 512 452 454 1024 0 0 747 277 367 449 498 1024 1024 0 1024 784 254 442 552 
0 0 1024 1006 43 363 477 544 1024 0 0 1024 0 440 482 510 1024 1024 0 1024 928 658 425 506 
0 0 1024 1024 14 378 764 640 1024 0 0 1024 3 1008 386 592 1024 1024 166 858 846 647 324 644 
0 0 1024 0 1024 391 616 602 1022 2 2 2 2 259 511 458 1024 1024 0 0 131 870 503 598 
0 0 1024 12 1012 615 601 393 1024 0 0 0 0 626 487 403 1024 1024 0 0 1016 110 556 443 
0 0 1024 96 928 870 334 548 1024 0 0 0 109 910 584 594 1024 1024 0 8 1016 744 431 544 
0 0 1024 198 826 825 618 549 1024 0 0 0 747 287 392 526 1024 1024 0 411 613 614 632 441 
0 0 1024 325 699 699 704 498 1024 0 0 0 1016 147 619 426 1024 1024 0 1020 4 95 683 520 
0 0 1024 336 688 688 704 591 1024 0 0 9 1015 465 773 620 1024 1024 0 1024 118 741 338 400 
0 0 1024 417 607 607 585 395 1024 0 0 174 850 828 396 569 1024 1024 0 1024 358 680 559 513 
0 0 1024 703 321 343 499 520 1024 0 0 529 495 597 549 513 1024 1024 0 1024 825 445 504 454 
0 0 881 37 485 472 521 567 311 585 633 619 618 623 579 548 888 851 168 143 157 707 466 594 
0 0 830 62 799 214 310 420 705 169 183 233 233 228 355 440 861 857 152 157 331 713 733 560 
0 0 1015 27 950 318 600 617 993 30 27 22 24 513 490 568 1022 997 26 19 995 408 570 391 
0 0 959 43 943 638 378 541 927 62 67 52 87 862 530 458 983 966 51 214 802 767 526 505 
0 3 882 96 892 746 330 503 842 65 118 110 659 382 359 574 899 924 116 841 205 199 544 460 
0 0 1024 0 1024 971 581 493 1024 0 0 0 932 92 620 443 1024 1024 0 1024 0 384 640 564 
0 0 1024 4 1020 792 290 503 1024 0 0 0 1024 280 746 546 1024 1024 0 1024 2 1022 243 547 
0 0 915 187 775 773 496 498 883 47 125 30 906 770 523 465 921 986 50 889 443 571 464 405 
0 0 761 51 226 573 488 550 9 793 853 867 855 680 439 544 794 626 354 381 323 414 585 552 
0 0 686 90 298 629 510 487 75 682 697 841 843 659 528 554 738 718 289 301 216 691 521 493 
0 2 928 52 547 422 444 521 659 304 310 326 317 305 458 479 957 909 113 101 656 477 524 491 
0 0 907 44 666 336 583 514 672 273 284 275 263 404 604 534 932 920 91 99 774 716 372 514 
0 3 795 70 765 301 554 549 757 61 140 155 168 775 525 481 803 857 186 395 683 556 519 532 
0 0 1024 0 1024 267 539 575 1024 0 0 0 105 811 671 448 1024 1024 0 748 276 279 553 593 
0 0 994 39 948 226 702 490 975 31 40 27 652 365 575 488 1006 999 22 898 114 449 526 486 
0 0 756 204 704 430 494 467 685 154 218 154 696 385 545 503 817 884 107 732 333 578 456 475 
0 0 246 221 551 447 531 478 0 435 471 813 613 460 559 506 401 142 864 607 557 594 490 479 
0 0 217 200 635 494 504 525 0 363 442 871 712 418 572 482 343 163 867 626 583 591 524 551 
0 1 369 210 481 465 544 462 0 527 579 891 700 551 555 523 487 270 789 751 436 467 495 493 
0 0 630 169 299 444 501 556 2 740 785 831 630 552 525 507 709 415 625 599 504 563 491 421 
0 2 489 191 416 495 503 533 56 518 628 737 727 560 504 490 539 480 546 602 489 515 511 476 
0 0 1024 0 237 441 455 467 357 667 667 667 624 329 393 517 1024 781 243 243 595 484 606 535 
0 0 547 140 379 459 469 501 173 442 520 633 675 547 484 519 599 517 466 508 510 511 506 461 
0 5 246 134 618 463 484 507 146 168 316 652 650 660 484 501 297 344 671 692 433 517 504 523 
0 0 19 84 847 231 565 491 0 21 123 919 751 314 377 599 6 89 948 208 849 397 491 473 
0 0 16 92 843 287 655 522 0 23 166 886 865 212 471 451 5 160 896 222 821 584 494 524 
0 0 51 244 732 374 570 519 0 293 289 787 763 287 472 523 227 175 881 412 621 646 472 474 
0 1 150 362 639 496 499 494 0 433 494 722 621 358 507 491 374 246 805 687 451 469 461 503 
0 0 131 411 648 526 464 483 0 413 569 625 674 502 490 532 368 266 794 646 487 471 527 546 
0 1 239 763 712 462 514 532 0 998 995 544 471 607 528 518 988 28 992 709 583 481 494 513 
0 0 162 221 603 500 506 498 0 346 409 793 703 431 503 540 320 154 839 662 455 470 534 517 
0 3 9 26 900 407 531 501 0 13 88 952 957 396 591 507 4 86 956 509 537 560 443 501 
0 0 0 0 993 83 532 479 0 0 0 1024 238 785 557 559 0 0 1024 1 278 574 620 569 
0 0 0 0 1009 59 549 444 0 0 0 1024 365 666 616 609 0 0 1024 2 417 603 674 604 
0 0 0 8 952 138 536 429 0 0 8 1016 389 662 547 632 0 5 1019 37 389 722 639 606 
0 0 0 14 951 138 553 408 0 0 22 1004 440 593 572 551 0 13 1011 61 548 501 620 537 
0 0 4 13 973 160 535 469 0 9 10 1011 532 505 531 474 3 13 1017 28 828 257 555 514 
0 1 31 87 876 220 506 472 0 101 97 925 546 485 522 513 75 72 941 153 861 248 502 503 
0 0 8 17 910 150 555 509 0 3 36 993 706 331 477 536 0 32 996 85 937 229 537 516 
0 0 0 0 1011 66 768 436 0 0 2 1022 841 196 332 535 0 0 1024 18 997 450 465 430 
0 0 0 577 509 378 541 522 0 0 578 447 207 476 584 529 0 56 948 515 239 394 462 523 
0 0 0 570 554 411 520 523 0 0 572 454 268 604 542 523 0 78 946 499 271 528 470 516 
0 0 0 568 548 405 497 489 0 0 573 463 351 657 483 506 0 126 897 452 311 557 487 525 
0 0 4 565 590 452 489 467 0 0 575 461 426 657 482 535 0 198 825 380 330 575 568 523 
0 0 2 564 515 507 515 493 0 0 576 470 458 643 445 507 0 231 793 345 409 585 540 536 
0 0 10 558 484 509 544 483 0 0 576 531 436 697 497 541 0 347 677 230 402 619 555 571 
0 0 2 561 431 557 575 527 0 0 576 529 405 699 556 528 0 372 652 204 431 568 571 530 
0 0 2 557 667 351 396 442 0 0 573 559 391 727 616 422 0 356 668 221 651 391 434 463 
