1024 192 832 541 525 478 480 472 1024 0 418 733 315 574 547 505 237 787 787 534 571 485 505 563 
1024 45 979 867 302 465 506 542 1024 0 74 973 656 526 496 587 48 976 976 913 305 437 544 462 
1024 373 651 660 432 591 513 502 1024 0 602 636 663 605 493 492 443 581 581 714 589 396 469 502 
1024 840 184 824 304 459 509 498 1024 93 876 764 775 592 517 455 873 151 151 903 203 640 549 538 
1024 1023 1 872 190 453 551 511 1024 193 831 779 723 620 454 555 1018 6 6 830 79 684 499 425 
1024 1024 0 994 284 615 465 535 1024 261 763 712 643 545 461 578 998 26 26 836 109 547 525 617 
1024 1024 0 1014 478 418 495 514 1024 231 793 722 672 572 477 516 1016 8 8 824 162 540 480 515 
1024 1024 23 994 773 501 462 491 1024 595 429 410 267 360 532 531 1012 12 12 818 237 598 507 517 
1024 0 1024 730 549 571 477 477 1024 0 52 913 561 613 518 481 0 1024 1022 90 748 462 529 549 
1024 0 1015 355 452 476 472 531 1024 0 0 827 593 443 532 535 0 1024 1024 568 396 590 556 528 
1024 0 1024 974 70 483 531 515 1024 0 94 930 929 703 519 532 0 1024 1024 1024 916 330 557 462 
1024 0 1024 993 194 578 506 531 1024 0 448 576 576 490 502 521 250 774 774 774 762 448 499 518 
1024 400 598 419 556 555 502 536 1024 0 647 389 592 458 473 504 154 870 932 878 456 437 502 457 
1024 750 260 164 498 546 516 478 1024 0 816 208 489 537 518 494 112 912 925 899 370 466 503 531 
1024 785 224 183 509 500 538 517 1022 2 878 143 455 494 512 517 165 859 863 877 388 487 542 538 
1024 605 401 322 506 548 523 498 1021 6 754 257 549 523 512 526 261 763 763 813 457 528 502 506 
922 104 454 543 468 557 495 547 763 266 300 575 444 569 521 505 266 770 656 339 554 493 523 506 
837 234 634 380 535 530 458 514 772 320 309 612 509 551 538 524 384 705 608 418 576 538 547 530 
608 416 974 107 770 569 513 530 582 442 417 528 497 494 542 499 0 1024 607 778 413 564 521 502 
608 416 940 301 579 518 503 511 579 445 338 603 552 537 525 509 10 962 639 737 577 533 502 523 
966 74 511 370 428 511 511 513 856 189 346 705 472 550 514 491 655 379 338 525 459 484 490 532 
1012 12 222 587 485 485 550 514 867 157 343 537 478 528 520 503 687 337 404 477 532 492 523 502 
1010 14 413 525 485 516 527 513 791 233 490 444 497 519 492 537 440 584 626 469 517 513 505 463 
972 56 369 403 477 509 501 502 630 399 467 517 555 514 519 518 312 710 511 546 523 525 517 536 
662 406 528 476 526 517 511 524 615 524 355 508 509 530 536 522 422 557 544 487 514 511 502 532 
545 490 644 467 550 506 549 546 491 552 635 383 546 559 521 481 332 667 380 624 487 461 512 545 
0 1024 1024 669 376 538 507 534 0 1024 1024 508 522 549 515 524 0 1024 476 548 506 519 509 521 
0 1024 917 497 452 544 522 532 0 1024 625 617 454 546 514 526 0 857 435 470 434 544 526 533 
764 268 518 490 460 549 536 481 708 332 461 583 517 553 534 519 580 399 409 430 474 546 495 510 
951 111 432 515 553 502 513 547 940 178 567 344 569 516 520 517 800 216 554 441 424 533 537 538 
838 198 570 492 504 494 542 504 751 288 569 480 546 504 512 522 486 514 547 462 494 493 500 515 
803 227 580 515 529 511 505 497 677 353 499 500 506 486 527 513 337 672 446 470 512 542 506 516 
111 913 781 440 431 496 503 508 39 971 255 454 549 505 479 515 0 229 837 502 549 523 483 519 
243 781 732 615 416 453 518 496 4 1019 739 431 606 500 538 529 0 760 357 626 552 461 480 528 
83 941 941 928 321 542 542 521 95 929 929 841 367 541 552 514 0 1024 880 272 420 540 525 521 
35 989 989 868 572 521 503 518 42 982 976 741 516 515 520 506 0 1024 770 352 510 506 517 520 
290 750 831 353 508 498 518 495 222 819 380 420 603 528 522 554 159 408 725 437 604 467 521 523 
273 751 760 254 593 484 535 520 143 881 299 499 604 515 511 506 111 442 635 512 530 528 531 537 
381 650 713 280 553 488 539 502 206 830 304 526 582 518 499 541 124 562 567 435 526 507 497 512 
250 779 822 390 532 512 504 518 192 853 357 495 518 506 535 480 153 482 645 490 551 489 517 466 
25 999 455 584 594 522 517 524 0 918 152 375 433 513 512 523 0 55 811 421 494 493 528 509 
201 823 634 466 582 492 500 516 204 791 287 507 525 474 508 509 107 349 759 415 556 497 508 502 
757 267 253 313 462 515 490 523 870 154 209 412 519 516 531 529 550 474 497 539 572 507 538 545 
428 620 611 601 581 523 488 523 654 403 387 363 435 553 520 496 186 835 812 674 580 577 530 497 
92 983 840 556 536 520 521 510 87 983 252 608 518 547 498 511 70 287 875 438 484 503 511 512 
32 992 746 492 489 513 500 503 22 996 100 547 483 508 510 504 15 248 797 548 471 493 498 519 
21 1003 857 368 460 498 488 511 2 1011 87 479 495 545 512 484 0 186 831 494 486 522 514 532 
42 982 731 445 458 520 517 502 0 984 135 449 548 511 532 514 0 233 743 515 506 498 508 515 
93 931 690 612 532 495 509 497 0 1021 511 387 521 500 499 492 0 609 417 402 497 521 490 506 
636 388 322 718 500 504 522 513 594 430 739 531 496 481 484 520 568 364 561 510 468 521 521 500 
601 423 373 644 500 501 490 518 619 405 730 573 513 502 507 491 532 463 671 554 539 512 488 502 
511 580 521 495 524 516 523 530 494 555 557 557 527 512 537 518 355 554 567 494 497 520 521 504 
704 637 542 537 513 525 507 510 704 649 462 500 513 507 500 512 638 479 456 495 516 494 515 505 
388 611 494 555 515 523 527 504 369 574 574 516 539 518 525 481 217 613 542 516 510 510 528 517 
206 820 636 521 573 511 502 534 193 832 336 460 529 488 505 513 110 498 615 439 479 518 500 516 
63 961 645 501 478 544 492 534 2 1003 304 470 536 496 513 489 0 434 597 502 531 513 509 535 
542 604 556 529 548 494 488 493 558 591 473 555 507 505 524 512 385 428 561 500 509 474 512 519 
659 622 569 640 529 541 520 508 756 530 550 541 514 548 543 490 486 490 513 571 532 510 511 521 
578 463 522 502 525 505 466 524 664 400 548 495 533 519 494 498 465 556 479 537 511 538 511 496 
516 523 529 467 496 494 492 511 660 394 512 506 517 545 524 500 502 512 505 536 497 496 490 515 
468 572 530 497 518 518 478 536 577 485 492 510 498 482 529 523 432 555 430 500 539 505 530 520 
398 620 428 575 547 503 494 470 447 537 571 472 516 502 530 539 386 452 501 496 496 515 519 519 
488 554 568 501 490 517 508 521 525 509 561 513 517 552 503 496 448 410 548 511 523 509 518 513 
599 497 523 466 498 536 492 525 571 535 493 532 506 512 510 512 338 628 516 532 532 539 504 484 
