1024 0 1024 679 378 663 499 504 0 1024 1024 108 775 540 584 534 0 155 869 869 849 564 518 471 
1024 0 1024 778 331 673 489 521 0 1024 1024 144 821 570 549 529 0 235 789 789 789 597 527 482 
1024 0 1024 915 199 700 534 516 0 1024 1024 141 882 742 585 500 0 278 746 746 746 692 544 510 
1024 0 1024 1024 152 733 529 467 0 1024 1024 381 643 647 570 495 0 430 594 594 594 597 554 490 
1024 0 1024 1024 344 634 518 509 0 1024 1024 697 327 336 465 503 0 759 265 265 265 272 392 472 
1024 0 1024 1024 519 471 504 491 0 1024 1024 909 115 160 513 470 0 989 35 35 35 50 482 503 
1024 0 1024 1024 387 609 502 533 0 1024 1024 997 27 414 492 491 0 1008 16 16 16 220 641 543 
1024 4 1020 1020 695 402 483 479 0 1024 1024 1024 25 719 528 468 0 1019 5 5 6 692 440 549 
1024 567 457 457 446 457 547 497 0 1024 1024 828 545 562 482 487 0 726 298 298 573 541 504 527 
1024 540 484 484 606 412 527 532 65 959 959 842 504 473 534 482 0 857 167 177 515 532 553 476 
1024 568 456 456 555 403 474 565 119 905 905 837 461 470 491 455 0 956 68 72 487 551 505 455 
1024 596 428 428 569 393 566 520 184 840 840 825 380 373 495 538 0 1001 23 114 369 485 451 534 
1024 632 392 392 639 413 513 504 248 776 776 772 385 516 506 490 0 1020 4 172 419 463 512 490 
1024 644 380 380 650 501 530 509 346 678 678 678 376 593 509 539 0 1024 0 244 414 537 532 529 
987 648 378 406 569 488 515 480 366 632 640 653 521 517 523 519 0 987 32 324 461 551 504 527 
995 609 416 348 541 532 529 492 364 643 648 650 594 502 483 513 0 994 27 403 555 512 507 527 
1024 1024 0 551 473 454 498 539 999 25 25 345 396 547 486 495 0 1024 268 663 343 579 588 453 
1024 1024 0 736 328 612 470 494 1023 1 1 421 354 562 524 518 0 1024 350 665 341 483 533 514 
1024 1024 0 813 330 519 532 437 1024 0 0 444 415 566 528 545 0 1024 357 664 429 450 540 517 
1024 1024 0 828 349 560 533 490 1024 0 0 515 568 498 565 532 0 1024 446 576 477 536 515 554 
1024 1024 0 845 431 533 531 539 1024 0 12 591 664 527 522 488 0 1024 553 497 552 542 511 455 
1024 1024 4 889 517 453 508 488 1024 0 109 609 606 438 475 512 2 1022 628 507 544 494 533 535 
771 786 232 747 463 542 527 521 751 63 335 580 526 463 521 514 13 773 612 501 516 500 471 467 
761 705 370 620 538 518 479 521 708 262 459 491 546 515 493 534 136 765 647 510 515 519 541 501 
1024 879 145 592 320 389 473 542 1024 0 83 779 622 468 516 493 36 988 983 519 492 473 552 481 
1024 954 70 523 317 507 507 527 1024 0 223 689 599 428 509 474 51 973 973 650 569 591 551 524 
1000 903 107 661 454 520 480 522 981 39 294 705 588 576 485 473 102 906 906 713 577 503 530 518 
1024 1015 9 619 447 561 500 500 1024 0 547 477 417 412 548 528 78 946 946 882 663 566 535 473 
1024 1024 0 730 572 472 534 505 1024 0 782 242 298 582 513 547 365 659 659 644 459 433 535 525 
816 804 263 702 564 492 503 523 792 194 776 260 396 545 535 526 429 479 527 545 459 606 509 477 
711 712 354 642 544 531 527 476 670 144 883 330 553 497 513 510 485 264 372 471 541 509 520 531 
727 750 441 583 484 509 506 498 725 261 789 599 456 498 531 528 632 285 370 456 516 517 497 491 
329 424 571 538 497 517 506 497 360 547 428 454 503 494 524 523 232 648 581 483 513 505 535 523 
378 438 578 571 512 506 509 549 394 517 442 424 566 537 520 484 218 651 592 481 557 528 512 507 
324 476 549 534 508 533 488 501 324 503 475 518 502 533 500 532 182 571 608 537 483 517 497 506 
280 505 456 459 492 480 503 473 268 476 435 598 483 522 525 505 98 574 629 617 478 537 494 506 
263 428 435 441 501 505 508 535 254 436 433 554 539 515 519 533 92 513 614 543 538 508 494 509 
115 384 469 481 511 505 497 513 142 457 534 512 523 476 515 503 123 412 513 528 481 516 491 512 
129 336 455 513 487 511 517 531 131 363 541 505 533 506 520 513 108 295 430 496 506 496 493 518 
88 197 414 489 500 516 511 515 104 234 428 473 531 511 485 499 83 185 347 402 443 508 491 497 
100 576 538 486 510 490 513 480 237 659 482 503 492 514 544 512 273 598 476 500 517 518 496 501 
47 483 540 514 500 494 499 498 107 599 548 503 545 519 544 506 115 527 563 511 522 513 518 517 
43 385 520 548 506 520 510 507 58 439 650 451 475 501 518 505 52 352 577 463 525 527 505 528 
3 226 413 471 473 495 483 488 10 268 474 478 509 526 504 532 4 216 436 365 435 458 455 473 
16 196 372 432 433 475 478 495 22 251 423 436 488 499 520 521 20 175 352 429 459 486 513 500 
13 208 450 474 494 494 503 495 28 280 552 500 517 547 471 536 21 230 456 489 508 485 494 498 
24 275 550 478 504 482 500 507 35 499 544 533 534 520 507 527 33 415 518 518 507 525 534 505 
8 273 559 481 534 512 561 503 12 363 542 592 535 504 532 518 9 247 463 440 489 468 484 484 
3 637 358 571 498 519 485 538 96 757 678 550 554 487 541 528 289 581 527 459 509 513 523 497 
1 785 346 502 523 529 512 520 108 847 694 507 505 519 489 501 200 778 616 549 560 498 520 493 
20 818 267 558 488 509 525 529 59 929 718 477 540 545 520 505 81 912 704 658 529 512 488 496 
3 843 210 580 595 493 534 526 10 975 766 264 588 501 503 515 10 971 745 476 429 499 495 496 
0 719 323 616 506 520 517 489 1 819 731 341 471 514 488 523 4 788 545 467 506 519 540 519 
0 472 521 505 497 490 483 510 0 520 479 618 580 506 498 492 0 474 249 512 478 536 499 537 
0 226 661 378 419 473 490 509 0 231 378 661 507 487 505 508 0 183 173 352 333 405 452 453 
0 20 345 510 544 457 518 494 0 12 417 368 449 536 529 538 0 5 67 319 270 383 412 424 
5 429 444 424 489 499 500 497 12 589 395 474 514 484 517 501 13 387 518 487 478 501 500 501 
0 355 481 457 495 528 507 487 3 624 427 420 482 487 523 547 1 475 558 508 490 526 488 500 
7 330 438 441 525 507 508 536 10 596 566 475 499 478 521 498 12 589 619 466 523 503 539 522 
7 434 355 431 548 510 507 530 15 649 679 424 524 496 511 505 18 690 665 467 555 505 532 499 
7 585 324 299 490 498 504 508 10 825 665 370 452 484 510 501 11 834 721 340 534 509 502 518 
0 709 300 306 475 521 521 513 0 955 503 517 506 513 517 529 0 958 586 437 469 515 517 508 
0 472 476 448 497 499 529 514 0 856 310 671 533 520 507 502 0 839 305 615 533 518 499 519 
1 336 515 485 519 526 529 524 1 662 272 687 467 536 527 499 1 630 208 610 440 480 484 490 
