1024 0 1024 961 63 92 764 448 1024 0 1024 0 1024 61 824 612 1024 0 0 0 0 788 245 317 
1024 0 1024 1024 2 174 803 570 1024 0 1024 0 1009 18 568 524 1024 0 0 0 0 911 131 203 
1024 0 1024 1024 298 515 297 681 1024 0 1024 0 1018 6 146 722 1024 0 0 0 0 1005 46 447 
1024 0 1024 1024 695 329 134 900 1024 0 1024 0 1022 2 47 860 1024 0 0 0 0 992 42 464 
1024 0 1024 1024 915 142 350 641 1024 0 1024 0 985 42 256 621 1023 1 1 1 1 919 185 553 
1024 0 1024 1024 602 412 436 626 1024 0 1024 0 1024 0 465 558 1024 0 0 0 0 1020 115 524 
1024 0 1024 1024 89 769 308 878 1024 0 1024 0 1020 6 521 496 1024 0 0 0 0 993 66 607 
1024 0 1024 1024 0 614 423 484 1024 0 1024 0 991 33 491 280 1024 0 0 0 0 974 50 444 
1024 0 1024 1018 12 356 779 670 1024 0 1024 0 971 489 346 406 736 288 288 288 288 714 289 452 
1024 0 1024 1024 94 533 571 748 1024 0 1024 0 851 299 695 347 757 267 267 267 267 865 193 347 
1024 0 1024 1024 293 731 312 796 1024 0 1024 0 746 288 255 713 823 201 201 201 202 846 254 703 
1024 0 1024 1024 839 282 564 616 1024 0 1024 0 710 314 413 589 724 300 300 300 300 951 116 473 
1024 0 1024 1024 785 322 579 469 1024 0 1024 0 487 487 483 492 807 217 217 217 223 574 420 542 
1024 0 1024 1024 720 322 559 654 1024 0 1024 0 659 367 483 566 643 381 381 381 381 855 208 408 
1024 0 1024 1024 212 803 464 806 1024 0 1024 0 619 393 631 395 622 402 402 402 401 784 229 285 
1024 0 1024 1024 112 881 433 468 1024 0 1024 0 514 429 389 529 642 382 382 382 382 626 455 560 
1024 1 984 332 386 590 509 523 1024 0 271 553 531 565 506 508 0 1024 1000 357 410 557 540 543 
1024 2 1017 533 367 436 501 516 1024 0 421 514 460 480 529 488 74 950 936 550 362 509 558 532 
1024 0 1024 480 363 426 468 470 1024 0 221 511 610 601 484 518 18 1006 945 432 351 470 568 522 
1024 0 1024 530 452 434 523 530 1024 0 236 543 546 657 505 516 1 1023 1004 394 373 497 499 497 
1024 12 949 729 531 482 532 509 994 30 537 532 448 560 472 519 342 682 639 562 479 478 515 516 
1024 0 1021 521 402 545 522 547 1024 0 155 692 567 592 527 524 13 1011 1006 334 564 517 501 518 
1024 0 950 489 464 454 532 514 979 45 155 809 604 538 522 524 11 1013 961 390 506 593 516 512 
1024 0 1023 248 550 502 512 509 1024 0 94 743 541 451 488 505 0 1024 1023 299 336 506 509 506 
1024 5 635 412 370 498 513 494 1010 16 54 292 602 522 560 540 35 989 889 169 320 563 508 499 
1024 23 491 584 500 533 541 548 919 111 256 390 502 523 510 496 175 849 549 542 487 530 537 501 
1024 1 701 395 463 500 498 501 967 57 202 314 577 521 519 536 180 844 722 321 464 499 500 511 
1024 21 770 276 353 538 519 494 997 41 75 213 646 496 505 507 74 950 872 196 337 522 494 504 
1024 6 626 510 609 520 515 516 827 246 500 497 575 523 528 536 427 625 563 529 444 521 530 541 
1024 3 752 329 375 527 518 496 975 50 144 199 587 548 543 504 106 918 825 259 291 489 512 527 
1024 0 533 499 535 480 527 505 830 194 369 400 610 501 467 489 236 788 579 485 417 559 528 528 
1024 0 566 466 435 465 507 479 985 39 48 100 537 475 517 521 10 1014 800 291 330 487 529 502 
1023 21 339 687 536 561 535 535 874 177 327 403 504 505 521 496 220 804 655 450 492 516 511 525 
1019 90 535 625 506 530 505 497 913 222 493 573 444 528 503 505 514 540 624 406 524 530 508 495 
1023 49 465 617 501 480 515 520 701 391 615 636 434 486 505 520 410 628 447 388 501 542 542 496 
1023 9 293 677 496 495 496 502 606 422 460 489 447 498 510 540 61 964 427 477 554 514 529 514 
1024 9 411 593 498 503 503 522 681 344 468 559 545 471 495 517 217 807 511 575 498 522 528 501 
1024 13 303 658 539 496 514 529 493 543 603 645 604 511 533 514 125 899 319 677 526 522 515 515 
1024 0 208 719 490 479 557 533 490 534 565 629 610 523 494 515 76 948 363 533 556 525 508 515 
1024 3 332 750 472 496 548 505 656 368 452 463 651 515 538 527 60 964 518 512 585 478 494 514 
980 44 451 500 503 509 533 499 802 222 586 326 581 550 505 524 421 594 419 465 496 471 512 483 
989 67 276 513 468 549 504 501 521 543 694 507 496 486 522 525 263 772 318 449 510 484 512 472 
995 44 130 468 505 504 519 505 370 661 676 507 582 502 525 503 37 989 391 485 535 492 503 505 
1020 26 546 660 413 533 514 513 702 337 593 459 460 522 510 512 291 740 409 419 456 477 540 509 
1020 4 487 543 555 490 532 508 728 296 541 427 537 543 523 506 319 705 403 526 527 484 501 523 
997 28 463 594 461 516 516 518 595 429 641 479 419 506 510 493 219 770 334 478 460 537 507 498 
1019 5 221 595 595 492 485 524 628 397 428 604 539 509 544 531 96 921 502 573 504 498 516 511 
1000 26 181 394 545 508 479 507 452 572 599 582 525 508 502 504 30 988 532 511 497 516 502 514 
544 496 500 572 552 520 505 515 210 831 823 462 441 523 516 514 26 854 516 524 505 506 519 501 
637 396 449 468 493 509 506 537 311 731 751 591 515 500 505 511 100 908 675 400 490 481 505 505 
754 270 279 294 452 523 518 515 280 744 747 587 491 551 498 538 48 976 507 620 586 502 523 517 
814 236 273 350 515 522 501 521 408 644 674 603 541 540 523 490 218 824 547 502 500 543 499 531 
890 134 259 384 499 499 529 508 451 574 613 551 532 521 543 511 201 822 553 542 510 525 502 515 
744 286 411 451 520 511 535 511 385 643 717 512 539 500 508 503 139 888 523 571 492 493 505 480 
712 398 365 450 540 518 493 496 413 696 670 541 483 536 492 534 169 905 574 538 540 526 485 520 
857 402 333 529 514 505 491 512 505 757 707 323 552 523 504 516 278 852 374 462 526 520 534 530 
497 641 627 610 558 469 507 510 414 753 619 451 560 506 481 543 279 747 446 500 497 526 521 516 
586 542 544 557 536 515 514 512 539 611 526 598 465 521 513 520 387 611 562 565 504 537 493 526 
617 444 470 499 487 532 479 502 388 676 634 646 542 516 501 489 272 740 627 456 549 502 500 544 
620 422 540 547 513 540 503 511 412 613 645 532 485 523 517 478 250 713 558 427 479 499 507 538 
438 590 625 544 512 477 503 531 216 811 527 565 460 499 523 551 123 663 523 484 507 503 499 522 
547 601 568 608 474 525 511 513 371 787 579 491 514 503 511 537 271 781 369 450 516 512 509 495 
663 444 466 501 491 511 519 528 265 839 824 435 619 500 517 524 187 841 377 402 478 506 501 511 
725 457 426 437 426 541 537 533 381 807 594 453 620 486 485 539 294 655 408 408 480 516 527 508 
