1024 430 619 477 534 495 503 509 1024 543 598 739 444 509 531 540 1024 616 629 619 538 516 485 522 
1024 405 743 650 504 518 518 519 1024 842 389 351 451 508 489 496 1024 961 305 342 562 533 518 531 
1024 564 528 569 558 488 506 497 1024 1001 156 219 506 520 483 497 1024 1019 187 400 614 476 515 545 
1024 907 193 399 469 528 494 513 1024 1024 191 449 585 498 485 504 1024 1024 289 556 533 541 532 522 
1024 973 157 584 501 515 494 492 1024 1024 330 434 489 478 513 516 1024 1024 377 386 568 530 520 519 
1024 1000 50 528 518 509 519 502 1024 1016 11 600 459 519 496 510 1024 988 46 481 506 499 500 505 
1024 999 155 536 492 508 485 507 1024 972 83 396 527 496 503 515 1024 836 190 316 564 507 507 496 
1024 986 299 519 501 514 524 510 1024 818 284 455 503 519 509 516 1024 542 493 625 529 524 516 492 
1024 410 614 477 504 533 509 540 1024 501 620 535 527 477 521 547 1024 593 606 570 512 520 506 504 
1024 921 484 671 489 500 526 507 1024 978 565 709 680 589 570 538 1024 1005 774 606 635 649 571 522 
1024 1024 611 498 481 513 510 534 1024 1024 772 662 470 579 519 514 1024 1024 910 768 700 584 567 544 
950 939 429 505 495 531 507 503 954 944 656 466 486 485 496 494 960 943 810 572 519 504 535 514 
1024 1020 91 661 505 530 513 505 1024 1024 195 717 531 497 517 535 1024 1024 405 549 436 558 494 509 
1024 898 127 302 479 506 532 555 1024 940 84 184 441 495 521 523 1024 845 179 286 480 524 528 507 
1024 911 114 256 492 507 513 524 1024 659 365 370 465 498 536 479 1024 339 685 685 617 516 505 495 
1024 671 353 402 486 529 512 521 1024 85 939 836 555 531 525 509 1024 12 1003 597 497 533 515 532 
1024 4 711 471 518 494 512 488 1024 3 844 336 503 513 532 510 1024 18 954 384 425 541 497 524 
1024 383 639 553 526 519 492 496 1024 512 512 523 563 481 521 543 1024 768 258 467 496 523 508 485 
1024 833 323 463 516 521 497 485 1024 942 229 378 552 481 536 501 1024 1018 286 476 448 515 482 503 
876 892 552 650 583 539 514 514 950 825 531 640 606 553 550 516 961 814 680 620 602 614 552 531 
1024 698 354 499 543 514 484 516 1024 722 340 422 527 501 462 491 1024 761 359 417 502 523 514 537 
1019 294 697 513 498 512 503 518 1018 195 746 438 531 496 522 510 1016 212 701 440 520 498 521 514 
1024 278 744 635 501 504 526 487 1024 100 918 364 495 502 514 496 1024 67 843 403 500 533 483 527 
1024 473 551 539 536 519 519 531 1024 14 998 644 544 495 515 509 1024 2 908 420 515 540 510 472 
1023 5 517 587 513 520 481 500 1024 0 442 589 496 513 525 500 1024 0 522 672 477 501 533 517 
1024 65 808 503 476 517 515 471 1024 62 700 548 513 511 512 530 1024 127 730 529 509 505 506 506 
1022 457 659 514 523 519 532 510 1023 425 676 470 486 518 506 531 1023 524 657 447 508 505 514 535 
434 905 763 560 513 567 511 521 645 692 585 577 572 546 507 497 868 477 394 440 523 556 527 513 
251 846 804 548 501 521 511 515 483 609 593 585 566 520 505 506 677 429 388 405 460 527 510 515 
171 409 459 439 488 495 475 505 243 346 412 525 473 515 499 507 313 279 349 467 459 501 494 488 
699 149 627 551 483 467 507 511 701 71 574 383 508 498 515 496 694 77 428 440 487 496 519 469 
963 103 720 523 500 508 516 530 951 57 332 567 500 518 496 488 920 78 188 486 534 491 521 498 
1024 0 348 649 506 526 540 512 1023 1 44 700 471 505 501 508 1017 7 71 724 429 491 509 508 
1023 1 444 572 524 497 528 511 1024 0 69 673 571 520 534 506 1023 1 151 607 542 505 504 520 
1023 25 622 554 525 531 509 494 1024 1 378 486 537 532 536 542 1024 4 423 463 453 546 508 502 
152 875 883 567 500 536 515 542 317 707 730 734 614 511 531 515 643 383 403 416 483 526 499 524 
116 908 892 622 507 504 497 527 219 805 805 800 647 505 501 522 382 642 642 642 573 510 504 539 
108 482 462 447 481 510 516 479 162 433 456 525 476 508 491 505 216 383 408 491 482 483 474 482 
338 95 243 381 458 462 513 492 325 117 182 403 476 461 496 510 252 191 245 364 482 468 499 495 
921 102 373 533 509 516 529 519 813 206 186 397 533 485 508 509 493 518 475 492 484 518 519 477 
841 172 212 564 504 493 517 516 466 545 534 467 500 519 516 520 410 600 570 491 491 525 517 530 
756 194 228 512 501 479 489 517 512 437 451 441 510 482 474 530 498 454 457 462 508 445 530 548 
614 352 446 557 513 494 505 477 531 435 472 519 520 469 503 493 527 452 464 553 486 498 537 493 
165 849 784 567 506 507 501 531 163 853 848 727 535 517 502 520 284 730 727 642 566 499 503 500 
226 797 777 575 499 518 542 519 218 805 777 756 563 504 527 517 277 739 716 698 543 503 527 529 
206 809 753 578 467 522 518 506 155 860 845 750 523 502 510 510 135 880 861 654 515 540 487 534 
178 373 332 404 460 471 497 475 107 449 460 523 458 500 515 479 58 495 484 479 457 506 493 500 
631 362 386 477 546 509 483 516 351 635 566 526 518 510 520 532 129 818 695 524 511 508 501 492 
136 329 581 450 520 508 511 478 101 357 573 478 501 479 524 513 112 332 529 515 488 497 487 514 
160 307 519 445 462 475 498 501 136 333 509 471 476 523 498 502 169 300 456 463 480 482 520 517 
37 483 640 501 498 512 495 519 34 477 701 539 464 502 502 512 56 456 642 552 499 513 494 490 
39 496 403 395 482 477 475 482 33 497 529 394 498 458 481 503 36 500 519 420 484 484 489 485 
92 680 638 451 492 488 497 470 59 716 713 492 516 485 490 509 57 714 690 469 477 505 500 517 
164 703 607 499 476 517 494 484 162 729 638 468 492 473 502 504 132 726 634 456 508 502 505 514 
166 489 435 422 476 485 518 510 152 509 496 532 505 485 494 515 126 510 487 453 469 511 505 507 
307 480 471 503 518 508 502 483 176 645 633 547 493 508 507 500 114 664 562 473 512 517 508 497 
14 221 473 474 473 475 500 488 18 263 486 446 486 486 504 491 42 256 473 427 466 490 466 510 
4 119 575 496 508 513 506 488 4 162 590 456 516 494 514 501 27 137 528 461 493 514 491 518 
5 136 594 480 472 501 505 459 6 150 608 491 500 513 538 520 30 129 524 485 510 487 528 505 
63 376 521 485 504 504 535 496 38 390 544 502 476 476 500 505 39 363 499 484 476 519 520 486 
87 409 527 461 513 499 497 510 50 460 582 458 503 528 520 519 38 460 554 448 489 490 503 509 
79 339 479 472 503 491 492 487 69 369 530 502 488 514 500 522 50 373 534 447 496 486 502 498 
114 210 500 504 523 509 507 501 124 219 595 480 522 512 487 492 66 252 614 498 519 519 522 501 
40 134 456 511 468 471 524 514 57 153 624 487 488 501 487 492 40 151 592 512 510 500 506 500 
