236 412 611 508 503 480 520 515 653 414 380 537 532 521 511 519 484 547 563 442 525 491 536 524 
70 288 552 495 504 485 501 509 311 429 577 554 537 523 515 496 125 589 560 537 494 521 495 488 
272 404 456 524 481 501 505 523 531 508 523 523 519 500 503 501 423 595 566 471 529 555 527 516 
488 355 603 564 508 545 506 511 651 763 589 556 490 476 521 517 549 835 513 557 506 540 553 494 
518 355 615 561 523 518 477 532 655 775 644 533 529 501 529 505 613 805 541 526 514 510 510 482 
492 331 544 489 508 515 483 519 627 802 512 587 499 503 517 523 592 816 429 593 519 524 511 482 
653 325 633 465 516 506 513 529 862 761 516 542 530 517 490 512 812 827 567 544 527 527 526 487 
277 555 575 469 507 531 530 527 665 569 484 505 527 508 507 510 647 600 593 489 542 517 512 503 
828 415 485 473 531 502 505 520 942 598 513 516 504 509 494 524 949 699 567 528 496 528 535 531 
777 525 532 531 527 475 512 506 841 787 617 518 543 536 519 551 858 812 640 532 542 537 543 513 
720 498 509 513 506 516 539 500 899 649 590 496 492 519 530 504 939 675 660 569 559 543 530 515 
693 501 501 504 492 523 515 494 951 559 600 500 479 528 508 499 963 578 640 558 516 558 527 543 
701 464 568 535 531 500 510 517 824 671 552 542 524 497 514 503 826 720 542 532 548 548 527 500 
732 398 512 524 509 503 490 504 798 759 511 528 523 546 521 499 803 780 534 511 538 530 520 536 
708 456 559 500 536 500 499 502 784 771 627 521 528 512 514 488 795 771 636 496 521 532 522 524 
752 366 564 501 522 506 516 534 859 756 514 554 513 518 534 513 874 800 608 555 551 523 530 551 
469 352 438 476 507 498 512 542 533 419 514 524 490 516 498 502 458 518 536 494 501 573 529 523 
749 358 522 498 539 514 509 509 930 646 558 546 495 533 551 526 955 716 625 546 524 546 528 507 
522 521 537 496 528 521 501 510 742 558 521 524 474 505 509 497 802 587 556 524 510 501 517 520 
528 462 451 472 509 485 494 526 719 358 439 430 469 542 513 498 558 545 639 531 466 539 530 545 
502 554 623 570 562 549 522 502 653 463 598 612 565 576 553 542 611 557 702 563 507 554 558 546 
900 588 613 613 555 552 531 509 940 831 616 625 637 620 579 575 921 809 578 610 451 577 538 497 
736 513 485 525 496 502 512 522 888 674 546 496 515 493 508 493 880 645 522 529 498 538 541 543 
778 364 582 482 503 525 489 506 956 679 458 509 545 506 530 498 961 734 521 538 540 528 503 501 
430 482 574 497 523 505 526 537 603 444 540 505 532 480 510 482 546 494 588 520 548 493 505 515 
366 588 515 520 511 509 516 517 566 536 467 534 508 563 508 514 619 517 453 519 537 519 518 505 
746 560 504 468 514 520 493 512 910 693 610 512 555 530 489 532 943 713 679 612 566 592 550 528 
900 754 593 599 578 550 564 533 938 802 721 637 654 619 603 568 917 738 672 681 634 580 618 582 
458 514 526 512 515 522 486 514 495 530 530 540 510 506 493 514 483 536 535 538 523 516 536 516 
512 681 592 592 590 566 563 546 672 625 605 586 571 561 508 509 685 616 618 611 534 580 533 527 
823 824 730 707 676 591 530 526 865 864 762 739 690 615 546 521 869 860 744 739 684 618 535 518 
836 821 710 690 668 629 599 543 857 886 774 741 712 594 558 517 843 862 712 705 696 621 489 504 
513 458 492 506 506 507 517 508 624 548 502 540 531 503 548 522 615 543 527 494 510 521 500 514 
309 448 524 480 496 492 502 473 310 444 511 512 514 501 497 502 305 430 514 512 525 492 481 498 
688 570 484 508 512 500 540 518 741 734 606 564 531 554 542 511 754 760 630 547 530 510 537 507 
753 613 541 521 509 510 507 517 776 769 722 535 583 526 560 541 784 791 762 577 579 582 546 518 
421 426 533 498 493 520 501 516 460 417 513 539 502 516 502 517 446 434 522 524 512 505 536 506 
226 500 564 509 537 533 531 512 226 492 504 528 525 523 516 515 214 516 542 520 530 514 517 478 
348 486 520 512 521 510 516 520 411 476 533 495 542 512 513 520 394 485 523 511 524 519 485 507 
426 549 516 493 513 501 514 547 489 589 549 539 550 510 510 519 466 594 526 531 522 504 503 502 
812 637 522 507 525 483 499 513 879 758 664 594 586 553 527 494 877 759 665 596 564 556 518 504 
474 641 410 517 520 515 529 523 518 708 620 515 516 534 537 510 507 687 541 548 589 536 538 523 
647 632 576 586 528 549 506 546 662 661 650 599 549 553 549 533 659 661 650 550 537 531 496 541 
643 758 680 640 601 566 551 536 651 763 615 629 608 599 533 563 631 713 641 601 542 519 525 541 
314 619 549 502 509 532 513 518 348 613 536 543 510 507 536 517 362 635 567 535 548 526 528 509 
527 528 500 538 491 529 531 515 620 594 601 530 543 532 508 531 645 609 619 574 554 529 516 521 
775 753 730 640 584 595 568 560 804 786 727 711 623 619 565 568 793 769 682 651 530 544 516 506 
356 784 722 529 533 507 538 520 354 812 475 584 560 556 531 556 356 771 399 493 541 510 521 525 
968 425 395 493 518 529 520 525 1019 902 598 628 520 552 514 521 1021 970 746 656 592 599 544 512 
984 901 544 429 515 507 502 513 992 988 952 783 658 594 557 548 992 994 953 820 634 556 530 544 
852 690 568 470 538 474 502 496 918 789 713 654 581 546 554 523 923 777 700 641 560 566 546 550 
263 568 633 490 536 529 524 509 291 577 406 600 582 564 532 511 294 547 510 526 541 509 515 559 
451 639 493 515 522 501 525 528 480 678 517 574 546 548 500 524 467 633 569 588 568 521 508 493 
792 753 430 557 517 522 505 515 862 803 721 627 526 549 539 546 852 801 726 613 548 537 527 554 
749 716 400 591 562 561 507 521 807 785 758 681 547 496 481 518 818 781 746 638 467 552 501 527 
469 555 472 549 498 489 536 492 494 581 592 603 525 519 544 505 484 576 586 528 529 522 513 485 
699 316 434 554 516 519 518 504 935 550 383 486 472 513 511 500 1019 784 415 577 497 516 499 514 
889 300 374 513 543 504 514 531 1001 767 396 544 515 556 534 507 1023 891 562 553 549 504 528 539 
982 436 487 496 517 488 528 489 1024 928 629 530 526 486 500 480 1024 980 790 627 554 527 519 511 
947 763 640 391 472 576 546 498 948 969 854 671 512 550 519 510 951 973 950 689 483 555 517 519 
926 751 638 414 428 502 537 441 934 957 813 738 423 472 591 569 934 950 916 658 436 491 445 449 
911 542 430 579 497 509 489 529 938 855 728 510 538 496 535 515 937 884 771 555 546 564 533 489 
853 385 477 503 546 502 510 530 954 752 621 493 536 513 526 518 974 834 666 585 555 516 537 511 
865 302 483 512 542 494 554 507 980 709 469 474 532 537 500 515 991 787 564 489 531 493 535 530 
