0 1024 968 56 513 378 501 534 0 1012 12 30 734 475 540 493 0 0 1023 571 474 501 506 510 
0 1024 1024 4 892 386 614 524 0 1024 0 201 778 538 481 521 0 0 1024 827 350 400 485 454 
0 1024 1024 239 769 584 464 510 0 1024 0 450 574 525 455 492 0 0 1024 998 264 424 565 532 
0 1024 1024 172 852 582 537 503 0 1024 0 315 709 488 524 542 0 0 1024 710 539 560 489 476 
0 1024 1024 0 571 525 499 506 0 973 51 107 502 506 533 505 0 0 919 460 411 504 512 513 
0 1024 960 64 199 367 577 499 0 605 419 419 539 692 487 515 0 0 538 527 570 501 541 488 
0 1024 473 551 557 605 541 467 0 161 863 863 814 434 523 529 0 0 126 830 479 465 510 549 
0 1024 87 937 843 488 495 510 0 2 1022 1022 583 483 448 563 0 0 0 517 566 517 530 567 
0 1024 1024 223 788 605 466 484 0 1024 0 832 352 374 535 564 0 288 736 736 792 370 529 498 
20 1011 967 440 578 472 551 494 21 1004 31 908 170 394 551 508 24 301 727 744 714 494 506 554 
0 1024 1024 778 246 262 433 544 0 1024 0 1004 23 337 605 493 0 91 933 933 825 424 429 525 
0 1020 987 575 434 469 539 538 0 995 27 847 178 262 448 513 0 43 970 962 577 473 555 508 
13 714 634 403 537 479 518 491 23 635 210 361 572 528 483 503 46 186 672 600 467 516 493 495 
0 1024 1020 4 389 630 436 510 0 1016 8 17 617 467 616 515 0 0 1009 80 899 499 454 508 
0 1024 832 192 204 411 553 517 0 741 283 283 285 628 513 504 0 0 606 418 572 498 474 505 
0 1024 134 890 854 538 537 540 0 27 997 997 960 338 602 528 0 0 0 935 490 404 524 502 
28 753 679 336 524 513 482 500 35 722 185 471 495 511 483 502 44 247 641 642 464 530 528 476 
22 704 725 378 550 520 510 505 25 686 187 589 454 492 507 529 34 284 596 547 496 513 488 477 
0 1024 1024 392 631 488 546 509 0 1024 0 610 526 570 524 512 0 170 854 796 412 540 556 520 
29 853 725 318 627 469 498 531 30 811 144 440 556 492 505 510 34 264 702 695 462 467 509 501 
2 401 662 383 462 510 516 538 5 280 250 333 460 507 510 497 12 67 343 271 435 462 447 476 
0 1024 970 54 62 366 448 522 0 687 337 337 340 576 480 509 0 0 402 622 640 477 551 569 
0 1024 657 367 367 362 378 492 0 241 783 783 783 545 419 539 0 0 98 926 566 437 435 481 
0 1024 73 951 887 445 462 552 0 56 968 968 729 420 500 535 0 0 11 797 397 614 517 562 
0 849 176 755 758 704 430 567 0 130 727 806 734 450 542 543 0 13 232 684 437 551 609 532 
0 728 840 203 270 525 544 494 0 599 159 333 245 540 539 560 0 0 505 245 452 471 493 489 
0 1024 1024 3 345 580 493 520 0 1024 0 25 470 594 453 530 0 0 1024 158 511 445 541 506 
0 987 672 309 498 529 487 511 0 856 165 287 369 514 493 512 0 207 705 407 487 494 514 501 
0 369 622 559 613 513 484 553 0 115 490 502 560 575 508 463 0 64 204 410 474 479 497 522 
0 1024 443 581 581 655 579 411 0 161 863 863 863 772 413 536 0 0 35 989 301 623 547 469 
0 1024 275 749 749 734 574 525 0 66 958 958 958 638 480 557 0 0 0 1024 479 559 468 496 
0 1024 13 1011 895 404 488 485 0 4 1020 1020 872 328 512 491 0 0 0 656 452 569 491 500 
21 825 421 558 593 525 518 529 62 621 427 531 531 542 514 525 98 376 526 469 516 516 490 511 
1 733 739 325 428 432 532 506 1 713 225 320 470 487 515 520 7 138 715 436 396 523 535 490 
0 1024 1011 19 282 621 546 568 0 1024 0 221 671 454 509 477 0 101 923 602 506 554 538 536 
0 915 742 241 486 505 524 521 11 895 145 480 514 496 489 496 70 397 600 610 498 505 487 508 
0 358 655 421 479 495 532 516 10 292 435 435 535 490 541 524 12 122 557 480 491 512 487 524 
0 1024 613 411 425 495 488 505 0 871 153 172 584 416 486 474 0 4 810 657 544 460 495 492 
0 1024 401 623 613 529 506 493 0 726 298 298 684 488 490 494 0 0 737 806 380 512 520 482 
0 1024 123 901 705 500 452 500 0 582 442 442 528 482 496 499 0 0 685 532 418 502 548 515 
0 728 449 548 554 528 505 500 9 664 506 375 524 524 553 535 27 433 646 523 526 509 484 500 
19 792 566 446 507 552 503 475 124 778 348 327 551 536 490 515 157 415 712 521 547 450 486 512 
93 738 568 446 472 511 506 454 135 803 297 411 529 514 520 496 165 570 574 516 548 502 534 495 
22 754 502 423 479 489 488 495 92 737 339 450 541 493 529 506 196 549 560 559 491 511 482 498 
29 354 450 405 455 470 493 462 48 400 414 470 519 495 515 506 63 397 557 532 511 487 542 516 
0 1023 453 654 659 547 545 485 0 1015 221 146 371 582 483 534 0 346 856 402 585 490 528 537 
0 1024 403 628 723 466 511 538 0 1013 284 100 454 434 469 512 0 368 906 414 595 371 500 521 
0 1017 273 747 539 478 482 499 0 932 259 264 412 489 515 539 0 367 811 409 551 473 530 511 
0 568 616 486 461 516 506 506 1 659 675 389 569 530 527 498 226 481 407 419 503 498 503 477 
20 519 508 416 507 485 459 467 128 676 611 460 508 525 495 502 450 535 477 454 537 533 506 490 
25 398 545 476 501 486 501 501 149 754 525 493 514 514 495 543 435 637 547 546 509 488 528 513 
40 365 489 470 470 457 489 477 166 545 539 509 550 487 514 532 377 585 533 549 529 506 526 521 
5 146 389 423 461 497 496 484 12 290 399 486 475 477 483 495 37 395 519 522 473 490 541 504 
0 863 442 538 526 498 490 522 0 843 323 339 479 413 515 495 0 540 679 476 505 533 484 505 
0 1018 309 715 639 492 534 488 0 1016 123 421 491 508 523 492 0 616 577 566 393 461 523 465 
0 601 365 584 543 511 524 507 0 567 246 530 410 534 509 497 0 439 355 409 549 472 477 493 
0 578 510 603 478 513 513 494 7 600 518 488 576 524 500 523 26 492 310 398 486 497 484 491 
16 533 416 530 517 496 501 503 154 520 487 497 560 512 523 511 272 482 368 442 499 516 474 491 
40 317 530 514 482 460 481 499 225 454 522 466 503 512 520 512 381 430 449 416 462 490 507 485 
26 180 490 444 491 511 486 459 88 307 542 509 500 511 516 513 175 410 467 458 481 485 464 495 
19 98 435 453 471 478 509 461 78 264 527 547 471 535 477 512 130 484 536 501 520 536 512 504 
32 710 321 668 574 543 504 510 39 746 225 632 402 483 515 515 63 621 343 418 540 537 515 523 
0 616 419 581 566 496 525 530 3 631 233 499 493 548 515 470 54 493 341 386 517 506 499 509 
0 459 268 643 547 491 536 504 0 424 386 306 570 528 494 532 0 91 680 546 614 549 513 524 
48 400 450 410 426 483 466 481 84 143 729 377 572 550 472 486 95 133 174 248 364 411 509 500 
0 306 508 490 411 442 389 438 0 0 660 171 699 593 411 452 0 0 0 6 240 365 496 499 
0 0 979 892 592 367 524 562 0 0 851 61 713 369 514 526 0 0 0 0 152 479 421 508 
0 17 851 612 457 502 480 486 0 26 673 290 503 475 545 524 1 27 44 101 302 425 427 438 
13 125 346 458 473 475 486 474 73 322 365 435 507 491 512 522 200 339 382 426 505 473 465 490 
11 232 346 422 440 465 458 493 125 359 393 456 517 493 506 487 293 367 407 481 494 517 486 539 
26 196 338 429 445 460 464 448 91 329 430 465 478 513 528 492 167 468 434 551 516 518 531 502 
19 140 281 363 423 423 421 422 42 207 379 463 447 477 507 503 84 294 499 550 510 503 521 541 
2 220 626 569 590 500 531 516 8 82 773 284 556 498 479 510 13 83 138 197 300 410 521 437 
0 3 843 793 751 354 533 600 0 0 735 149 647 344 411 486 0 0 0 5 194 337 498 432 
0 0 912 923 342 655 601 578 0 0 896 32 773 206 531 458 0 0 0 0 81 520 460 473 
0 22 840 778 609 503 527 527 1 25 797 402 583 546 482 516 0 25 57 128 286 433 502 471 
0 8 159 399 549 519 504 526 0 21 185 380 479 504 542 509 0 22 114 303 500 468 490 482 
183 279 441 330 496 511 523 461 332 527 371 288 429 491 450 514 388 543 424 399 512 543 530 526 
152 307 389 418 485 486 498 450 393 500 485 398 454 479 509 505 602 496 470 422 510 523 531 502 
89 283 464 408 424 453 475 490 459 479 450 452 478 499 521 504 658 528 528 501 567 505 530 499 
0 62 387 377 427 569 679 660 0 7 361 198 350 700 689 631 0 10 16 79 241 585 561 622 
0 0 430 411 263 747 730 709 0 0 341 110 234 729 699 720 0 0 0 0 114 742 763 713 
0 0 493 404 272 708 576 749 0 0 411 90 188 804 761 751 0 0 0 0 111 705 749 724 
0 5 480 433 341 666 579 734 0 11 420 186 373 753 769 743 0 10 27 55 164 705 719 728 
0 0 78 180 389 663 650 664 0 4 50 165 363 664 608 596 0 5 15 99 276 590 625 611 
98 163 122 131 536 550 487 644 230 221 197 148 222 755 692 593 244 252 275 136 332 669 675 666 
78 94 110 115 229 698 683 699 184 140 171 117 278 744 738 730 212 190 207 185 310 733 745 731 
0 81 93 113 299 660 660 600 115 122 112 125 333 709 655 647 184 128 165 170 355 690 643 638 
0 0 0 0 1 1023 1016 1024 0 0 0 0 3 1021 1021 1021 0 0 0 0 0 1024 1024 1020 
0 0 0 31 307 760 683 838 0 0 0 0 72 952 960 842 0 0 0 0 120 912 928 824 
0 0 0 80 486 629 419 849 0 0 0 0 102 945 897 775 0 0 0 2 231 822 803 717 
0 0 5 240 505 582 427 735 0 0 0 14 217 825 781 626 0 0 0 2 237 775 773 644 
0 0 25 264 538 536 541 572 0 0 6 65 380 666 678 546 0 0 0 17 312 600 586 589 
0 0 0 53 565 544 510 778 0 0 0 3 105 933 904 661 0 0 0 0 268 775 768 704 
0 0 0 65 230 801 710 900 0 0 0 0 85 944 960 888 0 0 0 1 104 927 962 959 
0 0 0 22 414 692 629 698 0 0 0 0 202 854 793 714 0 0 0 0 232 828 800 708 
