959 692 249 666 487 550 514 507 959 642 351 436 473 469 518 500 825 407 705 518 503 511 522 504 
927 768 294 595 481 529 497 527 907 694 331 498 512 512 521 512 843 324 639 498 529 493 512 507 
451 820 472 529 496 531 492 502 607 634 393 573 480 533 489 505 650 477 485 480 548 504 525 516 
175 842 548 481 514 525 504 535 413 604 420 510 494 539 530 523 474 502 490 494 513 505 526 514 
285 734 550 503 495 542 517 541 359 656 506 496 494 488 511 518 322 594 478 489 512 532 495 518 
505 622 518 528 528 506 529 544 377 757 646 517 531 536 475 513 258 692 518 540 543 556 509 538 
577 553 532 534 507 522 516 509 370 738 570 523 473 499 494 524 202 474 565 519 504 518 523 513 
688 465 461 512 513 521 525 514 397 693 542 512 522 548 527 515 161 428 503 545 519 523 528 552 
671 460 614 524 505 500 520 539 682 448 648 517 529 542 534 503 643 442 587 486 553 523 533 513 
399 634 541 499 505 497 498 500 356 661 523 504 500 507 517 508 250 605 517 487 490 547 507 525 
523 689 449 522 481 502 544 489 424 756 457 553 493 483 524 509 325 555 546 479 506 514 539 535 
635 775 457 500 524 507 491 501 622 777 423 581 532 490 498 528 595 553 474 494 527 524 503 514 
643 620 504 503 524 514 486 533 448 773 581 526 505 539 523 528 285 539 492 449 497 526 497 505 
781 319 513 546 521 499 497 523 465 594 491 457 506 523 526 515 77 453 456 515 514 533 520 516 
794 327 410 564 503 504 522 521 285 805 626 515 542 521 540 490 120 283 427 501 504 497 534 479 
784 292 326 533 505 512 505 516 218 849 605 471 532 528 517 489 108 268 321 481 517 500 514 511 
636 722 464 525 502 476 494 515 649 707 476 486 514 510 495 536 609 546 488 507 519 498 512 530 
854 662 516 444 503 522 527 505 875 693 578 483 509 490 495 514 867 660 593 515 502 538 498 519 
595 730 448 522 529 512 523 513 593 767 483 547 527 503 518 496 551 749 504 530 500 501 523 531 
335 749 511 505 534 535 510 507 493 658 532 556 539 549 518 488 549 615 588 549 570 560 547 537 
325 791 542 531 534 512 490 494 337 765 567 548 543 508 530 510 320 678 521 525 501 516 501 504 
451 609 477 507 514 550 540 499 363 786 560 515 512 522 516 538 372 628 536 536 518 545 510 519 
492 610 468 511 506 557 527 533 389 791 621 512 514 533 505 557 408 640 495 543 547 517 538 513 
519 581 478 544 534 501 515 486 476 705 588 503 500 520 532 519 395 689 525 528 533 539 555 513 
5 537 500 567 502 513 515 501 4 210 729 479 483 495 497 513 3 58 363 627 532 490 530 483 
530 624 392 508 546 514 515 486 532 629 359 684 493 516 533 531 520 585 400 401 504 518 533 510 
913 816 222 453 584 529 511 523 934 867 682 730 643 436 472 534 988 892 763 716 658 697 623 588 
672 881 250 472 531 521 535 520 787 817 753 685 679 461 559 540 913 797 805 785 759 710 656 612 
28 676 489 507 557 513 505 511 292 538 534 501 522 497 492 516 432 438 572 510 500 515 502 495 
48 763 496 513 537 492 521 522 434 557 482 531 513 470 526 539 659 431 537 513 526 512 500 496 
110 667 496 525 531 512 527 513 471 539 468 524 512 525 518 512 688 400 528 505 503 519 514 510 
111 734 482 521 528 494 525 508 298 673 495 508 510 503 511 493 511 474 464 508 523 539 511 512 
197 264 596 422 563 557 501 492 213 218 526 533 439 532 489 505 214 231 234 609 454 565 511 516 
556 657 451 448 463 518 515 512 589 673 575 630 468 537 519 529 585 680 521 521 547 578 531 545 
744 691 345 476 517 539 547 520 767 835 565 619 543 490 522 522 842 800 703 620 613 573 557 578 
640 693 384 495 520 516 503 561 712 742 691 667 637 464 557 511 810 760 692 681 659 684 609 552 
291 503 526 511 509 508 491 503 289 507 599 514 542 522 533 515 279 392 575 580 573 576 527 530 
163 539 576 522 505 502 493 500 166 577 575 473 504 518 483 494 174 389 568 545 543 559 537 528 
168 493 539 500 540 536 528 537 234 586 549 519 500 528 514 493 303 491 540 505 484 500 515 484 
2 549 491 501 501 503 489 518 184 589 523 489 503 525 508 517 367 446 538 496 494 452 485 507 
395 466 552 489 489 515 532 502 426 526 507 566 547 531 513 492 388 529 541 535 522 532 528 516 
625 662 393 432 484 483 511 515 653 731 482 590 530 501 532 520 657 710 638 476 538 509 507 544 
575 691 374 472 528 501 524 537 600 741 396 510 514 540 492 511 596 671 575 551 536 524 527 511 
472 659 478 466 502 533 522 526 496 676 552 570 522 538 520 517 549 542 715 587 575 526 508 520 
658 623 644 466 508 524 491 529 681 679 678 668 644 625 576 554 684 687 670 707 632 636 580 533 
210 513 582 530 524 494 508 500 218 436 665 541 543 506 525 510 228 327 584 550 555 543 525 528 
829 807 436 644 465 502 511 469 830 834 739 652 489 522 513 492 808 816 666 625 585 548 540 532 
100 585 509 516 492 521 519 516 128 625 523 512 526 506 538 524 147 532 582 509 529 500 510 508 
212 524 505 538 480 526 518 524 202 656 420 539 518 492 511 524 62 397 598 480 527 484 526 507 
183 604 471 468 495 527 477 529 200 685 422 492 541 490 498 522 136 382 633 472 508 508 501 521 
410 685 490 502 546 545 521 526 442 728 525 493 519 509 521 524 436 587 570 473 475 553 515 541 
655 731 595 476 544 517 492 525 677 760 657 573 570 563 555 519 679 673 627 607 591 571 543 513 
546 673 557 513 523 503 515 549 621 691 644 640 571 559 536 543 622 759 657 623 635 577 547 538 
396 691 473 506 510 463 509 500 474 726 549 541 507 502 518 512 559 625 613 558 549 541 524 534 
106 463 549 522 523 522 533 478 151 514 519 543 497 506 532 488 155 389 600 497 503 529 535 514 
252 314 601 595 524 515 515 489 229 353 488 609 538 515 521 540 111 160 547 507 516 498 515 533 
917 85 821 375 531 540 507 509 923 99 130 515 453 525 518 492 118 78 857 638 516 505 490 495 
540 346 425 527 524 500 498 496 184 720 601 536 509 527 524 502 61 177 737 428 481 482 524 504 
117 767 579 479 523 512 513 507 144 780 525 530 481 521 514 532 157 623 613 476 518 487 531 535 
386 478 369 496 497 509 515 523 333 538 472 447 473 510 513 519 183 595 625 532 498 527 474 538 
771 215 728 650 524 525 510 533 826 144 292 783 442 534 539 520 307 465 385 567 490 476 503 494 
627 372 628 568 534 492 479 504 620 273 279 702 552 516 485 484 70 284 475 500 503 518 538 511 
278 354 607 557 528 499 508 503 374 489 470 547 515 484 512 495 354 482 523 481 535 532 491 532 
210 458 568 524 533 487 538 498 246 632 412 570 519 492 518 533 177 565 461 555 516 501 508 516 
