1024 1024 924 422 507 496 493 510 1024 907 450 530 503 497 534 528 974 732 570 530 520 546 520 526 
1024 1024 919 428 489 519 512 550 1024 1024 454 495 556 520 532 531 1024 863 599 518 555 516 568 522 
1024 1024 896 222 484 547 509 520 1024 1024 195 510 508 549 492 496 1024 846 342 561 521 492 514 487 
1024 1024 1004 173 504 472 506 490 1024 1024 449 498 457 540 520 499 1024 1016 329 523 511 522 513 499 
1024 1024 1024 359 625 529 488 492 1024 1024 903 178 479 505 510 505 1024 1024 830 298 427 509 463 529 
1024 1024 1014 706 369 494 518 492 1024 1024 938 636 507 514 512 526 1024 991 948 800 616 573 538 552 
1024 1024 865 255 462 505 521 502 1024 998 268 387 421 523 496 502 1024 684 503 313 533 480 512 480 
1024 1024 958 297 529 508 494 490 1024 1024 596 345 527 500 509 524 1024 954 594 351 559 559 535 500 
1024 1024 622 447 489 515 492 538 1024 759 316 379 495 511 505 528 1024 180 810 453 487 519 497 488 
1024 1024 579 467 480 512 527 504 1024 850 222 601 567 483 481 528 1024 584 456 598 495 529 502 522 
1024 1024 531 497 493 485 521 540 1024 952 108 317 605 472 514 497 1024 459 601 570 535 495 522 517 
1024 1024 885 201 489 527 523 515 1024 1024 267 626 522 510 507 487 1024 977 351 499 532 523 522 507 
1024 1024 1008 134 659 503 508 497 1024 1024 695 335 458 538 494 540 1024 1024 787 263 487 498 503 494 
1024 1024 1008 335 555 510 495 529 1024 1024 662 438 541 527 496 505 1024 1024 633 550 541 531 545 493 
1024 1024 941 219 389 470 506 507 1024 1024 231 699 469 530 544 523 1024 1024 202 412 539 522 474 512 
1024 1024 781 410 395 516 503 516 1024 1024 247 465 571 522 506 522 1024 956 286 257 542 510 520 517 
1024 1024 37 910 364 532 509 541 1024 23 1001 943 372 540 518 515 1024 0 524 506 449 495 501 508 
1024 1024 290 795 403 508 526 522 1024 343 905 846 466 553 528 529 1024 284 541 680 574 536 498 488 
1024 1023 310 722 544 513 508 507 1024 541 548 599 544 540 524 504 1024 256 791 446 489 504 526 500 
1024 1024 390 669 582 506 540 504 1024 960 126 294 540 534 509 513 1024 751 331 389 518 532 476 508 
1024 1024 714 379 468 485 507 496 1024 1022 186 642 495 492 496 501 1024 1020 178 503 585 543 488 494 
1024 1024 559 483 491 521 526 538 1024 967 143 701 450 518 530 525 1024 900 204 637 453 526 498 517 
1024 1024 856 381 516 523 545 524 1024 1016 601 503 476 491 519 502 1024 1001 527 513 478 501 530 512 
1024 1023 319 613 550 499 542 512 1024 635 569 569 470 525 503 517 1024 412 673 505 530 485 531 526 
957 984 96 514 497 525 507 488 945 47 963 512 494 486 472 530 945 39 607 395 422 491 497 527 
980 908 311 480 473 526 511 523 951 432 607 497 540 516 521 514 960 333 625 446 488 517 493 513 
883 862 542 619 565 552 553 533 828 599 636 597 524 534 537 526 841 577 670 515 520 519 483 532 
917 964 604 701 549 527 514 522 899 797 586 565 545 569 522 542 908 827 555 560 557 573 552 541 
988 983 647 425 541 507 499 477 971 943 401 555 529 519 501 507 971 949 475 523 509 484 490 518 
1024 1023 630 595 605 498 517 555 1024 921 570 621 620 632 568 508 1024 956 569 621 604 606 566 523 
1024 1019 717 580 586 525 540 518 1024 806 854 779 594 563 551 551 1024 804 883 679 644 600 565 512 
1024 1024 36 399 606 511 497 535 1024 89 967 935 445 523 502 501 1024 66 977 291 469 514 510 533 
814 586 413 413 496 523 496 513 724 165 640 302 458 499 513 516 678 215 276 638 457 493 517 487 
741 495 482 489 529 506 484 500 662 232 591 455 522 515 512 519 751 273 347 531 496 508 508 509 
492 516 476 506 477 498 510 503 332 392 480 481 486 515 524 527 462 407 426 460 486 478 496 491 
707 396 562 505 522 554 515 529 635 317 506 504 532 512 496 544 688 569 482 495 494 520 516 500 
619 623 534 535 510 514 524 517 489 551 487 512 500 517 507 522 506 595 554 548 554 514 504 523 
691 744 405 484 536 496 534 519 615 307 627 578 515 523 473 511 636 307 600 410 536 492 532 535 
1024 992 35 182 756 547 473 511 1024 3 1004 599 442 521 486 522 1021 7 903 135 395 563 526 520 
1024 1020 4 102 754 526 491 515 1024 0 1022 570 501 556 501 563 1024 0 964 174 384 529 510 502 
238 633 446 537 549 524 550 539 152 525 366 439 552 496 493 514 353 306 336 451 459 487 488 478 
233 553 527 515 533 533 509 516 167 495 458 472 496 511 498 525 427 341 363 474 475 501 494 487 
196 561 505 502 498 532 531 520 145 438 434 465 504 518 502 516 477 280 379 451 487 495 483 493 
270 533 564 505 516 493 494 490 240 532 451 461 498 513 523 518 606 405 401 533 479 503 539 510 
307 538 529 513 537 524 495 526 262 600 448 474 487 516 503 501 639 442 462 559 543 533 529 522 
347 539 500 538 517 518 481 526 296 598 473 455 496 498 484 506 592 516 456 585 514 538 522 508 
355 579 474 478 517 523 491 523 276 437 498 439 467 490 509 528 474 304 446 478 521 486 501 478 
395 570 462 486 522 504 497 491 332 451 503 476 531 482 497 520 478 383 533 494 526 517 509 497 
0 116 857 424 492 489 547 528 0 266 751 527 552 487 539 527 778 246 293 486 526 510 531 496 
0 54 885 348 521 533 539 490 0 223 778 461 529 533 508 506 709 315 390 478 539 517 535 508 
0 78 861 397 529 523 512 506 0 241 766 552 506 499 510 488 774 250 378 404 516 532 527 528 
0 87 761 443 523 493 520 555 0 247 759 495 493 510 532 493 817 207 357 399 494 522 542 538 
0 109 782 449 541 545 519 506 0 255 792 558 519 514 509 532 881 153 251 443 503 517 488 519 
0 105 698 457 528 527 509 525 0 248 801 487 491 481 520 513 873 168 278 422 540 504 508 529 
0 42 716 502 515 511 505 512 0 215 751 534 498 507 509 495 852 174 296 425 520 498 534 528 
0 4 666 512 509 532 513 527 0 129 846 419 508 497 523 502 787 237 276 430 491 492 494 507 
0 39 490 467 484 480 513 496 2 79 520 505 490 487 481 497 351 586 531 508 524 521 534 510 
0 27 501 393 447 490 522 506 0 81 601 453 487 478 497 463 429 567 472 467 495 503 522 479 
0 18 583 424 517 520 531 487 0 52 734 489 458 477 461 494 494 445 439 474 532 512 488 522 
0 15 731 324 460 481 468 444 0 81 786 562 494 477 483 532 701 243 277 422 536 521 518 517 
0 43 838 348 491 500 518 499 0 168 804 603 478 497 489 490 854 164 176 409 510 528 476 513 
0 39 753 407 503 513 494 520 0 197 825 622 513 503 501 507 948 80 160 453 505 495 509 527 
0 10 680 441 508 515 503 536 0 106 902 516 503 516 522 535 894 130 161 423 511 497 515 515 
0 14 611 437 492 507 521 520 0 53 912 500 524 515 510 508 813 212 229 400 492 505 519 505 
