1024 1024 1024 1015 628 656 579 486 1024 1024 1024 898 656 562 587 509 1024 1024 1024 934 665 645 585 501 
1024 1024 1024 350 662 454 485 498 1024 1024 1022 91 531 502 534 513 1024 1024 1024 115 591 516 506 522 
1024 1024 980 44 176 480 510 543 1024 1024 563 461 459 460 529 522 1024 1024 660 364 372 503 511 488 
1024 1024 425 486 433 531 511 490 1024 1023 225 566 487 457 485 490 1024 1024 259 531 501 460 494 504 
917 875 280 544 463 511 502 512 919 829 229 608 510 508 509 512 921 849 228 588 479 496 506 528 
723 749 423 630 538 486 506 520 722 775 277 739 480 511 520 503 719 796 295 704 502 516 526 512 
984 951 235 775 531 508 489 528 983 951 81 801 478 481 515 521 983 950 98 811 483 525 489 522 
1024 1024 175 849 747 500 480 507 1024 1024 0 1002 424 451 534 496 1024 1024 0 1016 470 496 510 527 
1024 1024 1024 1024 858 843 797 735 1024 1024 1024 1019 882 831 829 737 1024 1024 1024 1023 894 884 843 737 
1024 1024 959 452 510 547 577 529 1024 1024 796 534 627 626 588 537 1024 1024 847 546 614 631 550 555 
1024 1024 269 753 579 517 492 537 1024 1024 7 927 613 445 536 520 1024 1024 9 893 642 468 533 502 
1024 743 282 498 551 538 524 508 1024 487 537 645 584 479 492 519 1024 499 525 585 629 455 488 513 
824 212 675 671 642 442 540 498 819 166 711 716 417 569 510 493 817 178 710 712 436 593 531 514 
683 255 292 478 535 523 524 500 670 282 314 389 514 523 510 501 635 346 337 387 500 513 493 480 
922 903 85 150 500 603 510 512 922 897 98 112 252 460 501 532 930 900 90 114 284 532 506 517 
1024 1024 0 373 603 497 539 499 1024 1024 0 89 502 604 484 505 1024 1024 0 137 550 524 508 512 
1024 1024 1024 1024 1024 1024 1024 1024 1024 1024 1024 1024 1024 1024 1024 1024 1024 1024 1024 1024 1024 1024 1024 1024 
1024 1024 837 900 881 808 808 773 1024 1024 855 901 851 849 821 783 1024 1024 914 902 851 843 790 790 
1024 1024 0 819 421 541 481 489 1024 1024 0 381 597 478 510 543 1024 1024 0 325 594 479 527 483 
1024 939 216 332 472 548 542 495 1024 814 362 374 544 472 503 509 1024 841 373 344 607 491 500 524 
806 516 457 543 549 518 498 494 792 505 537 551 489 518 488 519 792 527 570 505 528 456 525 514 
650 304 360 474 503 493 537 508 632 336 401 459 555 507 507 514 589 396 427 520 598 503 516 523 
997 901 93 101 297 559 517 511 1005 714 269 274 310 494 527 530 1006 777 207 220 260 516 544 525 
1024 612 412 412 493 572 530 542 1024 382 642 642 602 438 508 490 1024 428 596 596 584 464 525 513 
1024 1024 1024 1024 1002 957 926 844 1024 1024 1024 1024 963 965 924 849 1024 1024 1024 1024 974 958 922 849 
1020 981 720 671 672 542 591 552 1021 977 623 705 610 602 591 577 1022 972 639 638 677 622 571 565 
1021 981 55 781 462 535 509 489 1021 982 39 388 645 494 505 523 1022 981 56 253 722 470 515 516 
1021 1003 350 620 569 514 525 513 1022 1005 470 539 396 474 503 521 1022 1006 605 423 498 538 536 499 
767 738 730 334 441 523 523 545 761 757 757 306 431 505 489 487 744 788 771 323 583 498 504 527 
543 443 477 505 530 518 504 515 556 437 466 460 534 492 483 522 536 465 481 433 507 485 481 528 
991 881 128 141 401 502 507 503 995 810 191 190 289 480 528 505 997 815 182 199 311 501 489 512 
1019 164 854 856 822 523 516 502 1018 47 971 975 755 455 507 510 1020 51 964 966 783 441 516 496 
997 834 854 835 782 755 687 591 999 840 859 852 774 751 716 603 1002 851 880 844 779 743 708 589 
470 278 578 489 463 478 508 483 484 268 573 493 466 485 511 475 475 163 467 493 472 452 480 471 
537 768 534 371 462 511 529 514 815 505 307 326 507 514 516 502 543 674 338 320 543 534 492 496 
502 669 514 482 501 515 503 472 740 495 401 444 456 489 499 487 513 585 463 545 488 508 526 510 
262 396 460 467 504 517 525 501 292 398 502 501 489 508 517 526 286 385 517 498 500 514 527 517 
138 479 440 481 486 499 520 513 156 521 452 498 532 479 471 497 161 550 448 530 498 531 485 524 
317 449 474 445 519 524 501 490 432 362 440 458 493 485 494 533 343 430 436 474 503 519 529 532 
538 693 503 416 545 523 527 518 763 439 446 418 547 500 511 559 536 604 421 421 586 477 521 542 
697 323 483 567 476 513 506 510 739 321 636 552 501 495 491 532 764 533 475 403 569 500 511 514 
275 286 554 516 509 503 508 465 302 317 590 535 467 508 515 497 220 276 411 469 476 495 529 510 
127 418 434 516 487 485 505 514 138 403 611 491 475 489 486 506 154 281 307 458 501 434 464 480 
206 386 425 571 502 492 515 504 217 377 559 505 519 518 490 533 235 341 332 396 518 491 504 501 
242 452 447 476 494 503 497 506 274 456 456 506 483 493 502 538 293 471 450 489 470 493 498 490 
178 585 499 478 505 494 539 495 214 590 521 543 513 497 508 476 254 597 553 539 520 497 505 502 
270 400 443 493 495 501 502 502 321 387 456 506 492 497 491 534 343 348 422 434 491 506 530 481 
161 268 436 425 465 506 492 483 170 294 500 424 492 480 474 491 160 166 299 424 475 486 487 528 
373 407 523 470 531 520 515 535 520 287 506 493 477 512 517 508 531 304 549 473 523 502 511 511 
131 282 420 508 500 495 488 505 171 352 471 514 513 502 527 495 190 364 386 504 491 494 497 516 
220 561 497 569 497 500 517 496 552 272 560 396 463 500 529 506 564 580 382 347 468 526 474 491 
207 718 768 673 551 492 496 498 838 134 719 338 500 514 496 503 876 646 344 343 496 535 501 514 
92 522 492 484 492 496 498 493 108 589 497 486 516 496 512 503 134 609 501 448 498 520 523 489 
40 820 624 579 559 508 504 524 124 794 616 545 501 501 510 482 179 785 594 583 511 506 503 524 
142 433 523 472 478 520 507 491 217 480 542 473 525 513 526 518 257 524 524 491 515 503 537 518 
37 188 293 404 416 426 457 462 72 304 319 412 420 433 422 472 127 320 301 329 388 424 466 473 
78 220 605 488 486 495 511 512 163 719 431 524 523 496 539 500 188 730 478 536 484 522 530 500 
373 368 501 484 490 506 496 523 502 589 418 492 515 490 520 507 574 627 525 482 519 491 525 505 
483 569 517 474 488 502 494 524 574 599 464 459 533 513 538 526 606 716 399 538 513 510 515 496 
330 572 505 501 494 503 519 523 472 508 523 499 532 521 527 529 514 558 500 523 511 520 483 502 
287 473 475 509 476 492 498 530 406 487 430 531 472 542 507 504 437 491 450 525 510 507 498 524 
268 497 452 493 477 501 509 491 364 557 457 518 504 509 493 498 404 555 483 502 536 517 541 520 
191 371 381 436 471 484 481 491 445 400 414 536 510 476 479 521 502 566 394 534 513 494 504 529 
237 438 379 439 494 514 512 512 530 377 443 535 513 519 490 551 674 461 349 501 512 531 503 516 
