0 1024 819 487 541 520 517 511 0 1024 442 514 495 502 493 503 0 1024 198 562 543 500 513 503 
43 981 974 527 506 480 509 532 0 1024 648 506 473 529 523 492 0 1024 402 507 504 527 523 492 
196 828 828 473 497 491 508 511 0 1024 754 498 486 507 558 483 0 1024 517 488 516 478 534 503 
282 742 742 492 492 512 483 490 0 1024 800 506 545 483 507 486 0 1024 573 520 530 513 475 518 
360 664 664 494 493 484 517 583 0 1024 891 493 480 501 471 567 0 1024 660 471 558 520 488 441 
248 631 634 621 481 515 470 519 0 879 836 458 431 530 506 552 0 879 598 453 567 496 522 512 
276 717 713 507 535 511 519 504 1 988 844 563 543 528 487 512 0 984 644 514 519 531 511 513 
20 1004 978 543 516 530 493 525 0 1024 690 471 446 486 499 521 0 1024 413 534 480 499 533 529 
754 270 270 335 549 511 498 513 460 564 564 501 546 520 519 507 187 837 837 494 515 524 499 499 
977 47 47 299 497 565 566 540 679 345 345 488 504 527 503 498 407 617 617 469 546 563 481 502 
1024 0 0 475 396 538 544 511 740 284 284 565 508 461 496 515 504 520 520 534 448 485 522 535 
1024 0 0 617 526 413 564 521 816 208 208 538 485 571 520 521 555 469 469 573 444 476 498 505 
1024 0 0 669 660 414 544 491 848 176 176 587 479 451 471 553 588 436 436 503 559 490 515 509 
640 34 67 632 562 526 516 523 505 167 201 584 513 506 496 506 318 351 392 583 550 532 491 517 
928 24 56 615 612 541 512 520 789 155 200 472 476 548 514 499 510 425 487 517 540 514 508 505 
927 97 97 372 481 497 497 526 612 412 412 492 496 503 513 510 300 724 724 563 489 519 513 518 
1024 0 9 959 498 498 531 524 1024 0 372 592 407 545 542 522 1024 0 224 548 490 547 489 516 
1024 0 257 767 522 535 514 516 1024 0 568 496 485 533 528 504 1024 0 384 551 585 528 543 494 
1024 0 439 585 553 562 511 514 1024 0 644 467 616 484 519 506 1024 0 456 605 520 558 525 478 
1024 0 571 453 578 629 578 497 1024 0 708 522 524 507 500 525 1024 0 546 576 471 532 483 507 
1024 0 801 223 503 501 530 498 1024 0 813 449 501 525 510 418 1024 0 628 540 468 484 493 528 
619 44 732 341 513 531 541 488 620 47 769 436 518 531 517 491 618 48 644 490 543 491 494 494 
919 50 917 155 471 488 497 489 925 54 842 450 537 484 542 482 921 59 598 552 488 510 494 514 
1024 0 632 395 484 476 503 511 1024 0 701 503 477 503 494 525 1024 0 437 448 596 514 513 523 
1024 0 586 438 438 439 566 526 1024 312 712 523 508 512 516 494 1024 374 650 430 523 504 483 512 
1024 0 1024 0 78 844 470 476 1024 529 495 495 496 486 515 506 1024 531 493 576 467 559 555 526 
1024 0 1024 0 809 304 488 497 1024 635 389 488 523 521 473 491 1024 633 391 635 452 491 499 503 
1024 0 1024 247 777 652 510 463 1024 767 257 543 484 476 492 531 1024 698 326 673 571 529 533 461 
1024 0 1024 807 217 238 629 475 1024 808 216 536 564 499 453 495 1024 735 289 641 540 547 500 521 
587 237 800 608 428 397 557 493 594 713 341 529 483 502 501 525 595 693 363 577 484 516 514 536 
896 120 941 887 144 615 561 501 896 882 204 556 571 489 529 529 896 816 271 579 549 560 464 508 
1024 0 1024 532 482 423 535 505 1024 777 247 546 513 537 551 505 1024 700 324 573 474 516 500 499 
739 285 310 733 536 476 504 517 1024 873 151 255 566 546 535 501 1024 1024 283 654 461 531 493 532 
738 286 404 650 537 556 507 507 1024 982 42 564 244 363 565 511 1024 1024 787 348 604 571 545 532 
767 257 453 553 452 570 571 498 1024 1014 10 620 207 579 517 520 1024 1024 906 335 632 606 536 481 
866 158 548 415 512 504 564 520 1024 1020 4 765 684 446 459 492 1024 1024 1000 56 753 735 593 522 
962 62 518 430 514 468 525 551 1024 1024 0 861 792 612 422 505 1024 1024 980 53 617 519 490 471 
517 279 492 501 547 539 490 498 560 907 170 592 523 478 510 522 566 966 417 390 451 544 466 518 
876 146 508 429 515 490 499 497 893 995 351 603 533 440 542 512 896 992 893 163 466 405 435 519 
1016 8 581 280 606 521 511 508 1024 1013 190 702 632 495 524 530 1024 1024 747 277 422 522 461 500 
0 698 498 476 542 515 486 520 661 99 584 522 514 502 515 540 685 751 544 462 522 514 520 556 
1 984 294 496 509 502 508 509 729 447 664 569 583 538 504 505 790 924 843 835 775 765 705 580 
0 993 324 488 499 509 491 496 738 588 549 605 620 596 528 490 800 933 870 851 820 793 740 621 
0 844 426 513 481 478 510 496 598 346 576 556 496 513 534 525 623 918 631 586 524 590 533 520 
0 792 538 541 501 524 545 518 501 360 531 533 512 533 465 514 523 781 295 606 493 490 474 492 
0 408 739 490 467 560 506 511 317 168 740 473 482 495 516 495 327 467 564 493 513 501 490 528 
30 549 693 512 499 493 510 554 523 153 655 529 477 524 498 518 537 524 408 654 503 535 514 541 
3 642 516 613 509 528 495 517 611 56 519 578 514 510 492 494 643 388 384 594 482 527 514 516 
0 0 279 645 500 499 519 519 0 1 323 594 512 495 526 512 0 0 267 612 510 495 525 515 
2 185 580 513 522 519 518 518 1 191 608 524 486 491 483 513 1 172 594 531 481 513 499 517 
24 856 282 541 497 512 540 509 7 787 343 564 519 468 529 524 10 792 340 552 495 473 521 494 
0 809 253 428 468 485 494 539 0 678 351 465 521 487 534 518 0 699 336 440 512 475 508 515 
0 306 654 496 502 502 511 487 0 143 808 596 539 516 501 508 0 157 800 589 544 522 500 528 
0 227 595 514 500 500 533 528 0 78 736 623 544 511 503 527 0 95 745 606 552 539 510 486 
0 75 455 601 544 495 526 512 0 66 487 546 523 536 524 508 0 67 525 553 511 515 507 499 
0 5 336 624 512 491 512 515 0 6 341 629 481 484 518 522 0 11 371 619 499 504 493 517 
0 149 269 533 521 518 522 517 0 101 273 539 546 526 535 525 0 85 276 626 490 519 515 503 
0 287 467 524 484 520 531 511 0 160 558 571 488 502 519 517 0 116 584 634 457 509 497 494 
0 540 478 537 531 524 525 489 0 452 560 387 523 509 506 523 0 402 609 420 462 498 516 483 
0 696 328 432 491 522 526 498 0 556 461 341 519 540 513 532 0 514 503 367 475 516 494 506 
0 374 573 477 559 500 512 513 0 299 642 425 457 538 512 515 0 284 674 448 408 496 513 491 
0 158 617 435 483 496 541 506 0 38 765 530 608 525 527 535 0 63 913 579 519 519 496 501 
0 46 585 573 596 524 480 535 0 32 640 557 579 531 508 513 0 68 882 465 499 508 506 507 
0 56 723 478 493 501 533 517 0 44 775 464 482 512 506 519 0 143 839 416 541 498 498 510 
