1024 1024 485 692 579 519 520 512 1024 1005 146 325 451 504 509 522 1024 951 75 446 550 511 525 486 
1024 1024 471 675 424 551 519 514 1024 975 157 374 374 516 490 516 1024 903 140 456 506 489 539 519 
1024 1024 969 908 558 453 406 530 1024 1021 847 94 89 764 355 543 1024 984 79 906 905 351 562 505 
1024 1024 1024 1024 511 464 355 502 1024 1024 1015 9 9 569 472 502 1024 1024 0 1024 855 200 683 530 
1024 1024 1024 1024 381 643 598 552 1024 1024 1024 0 0 540 442 558 1024 1024 0 1024 595 429 617 506 
1024 1024 1024 1024 364 660 618 593 1024 1024 1024 0 0 573 360 604 1024 1024 0 1024 673 351 545 494 
1024 1024 1024 1024 173 851 780 566 1024 1024 1024 0 0 485 376 575 1024 1024 0 1024 640 384 573 473 
1024 1024 1024 1024 93 931 865 537 1024 1024 1024 0 0 469 395 524 1024 1024 0 1024 633 416 533 510 
768 946 805 811 810 413 613 515 767 895 837 216 784 368 588 538 767 898 786 236 246 490 485 495 
1024 1024 933 871 824 353 666 528 1024 1016 769 191 805 330 663 530 1024 1013 673 256 216 370 484 522 
1024 1016 497 821 698 390 613 536 1024 876 556 252 629 525 493 501 1024 834 537 312 364 357 633 532 
1024 1023 569 715 672 356 503 517 1024 852 578 318 551 562 571 517 1024 796 399 570 594 499 512 496 
1024 1024 985 1001 984 59 592 486 1024 996 999 36 670 409 676 579 1024 986 625 428 408 318 422 464 
966 955 914 945 912 144 471 467 938 951 952 117 584 462 682 559 937 945 577 460 452 346 486 449 
1024 1024 1024 1024 1016 8 377 449 1024 1024 1024 0 652 374 641 540 1024 1024 567 457 457 363 512 508 
1024 1024 1024 1024 1013 11 223 473 1024 1024 1024 0 644 382 461 554 1024 1024 546 478 478 459 551 454 
704 960 736 766 778 518 562 485 704 950 739 397 567 610 607 457 710 980 766 162 622 410 534 486 
1024 1024 1024 1024 1024 412 604 443 1024 1024 1024 219 805 805 733 388 1024 1024 1024 0 584 441 559 430 
1024 987 985 980 987 381 668 531 1022 982 987 284 722 761 617 455 1021 971 991 44 459 580 517 454 
1024 1024 1007 1011 999 290 703 558 1024 1019 1008 241 777 740 628 467 1024 1020 1000 17 329 611 492 438 
953 952 891 875 895 327 708 610 943 937 896 282 755 759 621 519 940 938 901 143 324 598 502 530 
1023 894 895 928 903 199 743 628 969 934 932 242 814 796 643 415 958 948 924 108 309 583 567 486 
1024 1024 1024 1024 1021 10 827 627 1024 1024 1024 43 981 944 745 301 1024 1024 1024 0 258 575 566 429 
1024 1024 1024 1024 1024 13 733 549 1024 1024 1024 97 927 865 517 410 1024 1024 1024 0 279 582 504 555 
670 816 815 783 772 624 492 548 672 815 816 821 413 485 561 522 683 954 779 485 593 574 563 501 
1024 1024 1024 1024 1024 678 349 594 1024 1024 1024 1024 0 328 678 506 1024 1024 1024 311 713 527 670 451 
967 994 964 902 912 658 402 526 968 988 941 891 148 302 683 482 1024 932 883 239 766 554 671 512 
845 810 826 851 811 558 445 547 774 873 868 856 151 181 601 495 765 882 851 235 841 419 722 490 
574 627 842 634 614 515 530 547 575 616 786 469 559 522 536 518 631 629 680 469 566 449 523 526 
599 608 689 697 553 425 548 541 577 620 644 638 338 436 494 552 556 636 727 528 635 423 539 514 
653 664 998 986 674 346 712 596 651 664 998 986 60 205 473 548 649 664 1001 396 925 300 661 439 
1024 1024 1024 1024 1022 64 939 572 1024 1024 1024 1024 0 53 527 375 1024 1024 1024 11 1013 522 794 461 
609 721 828 845 699 445 576 479 604 760 831 853 394 652 445 565 650 869 768 755 370 468 538 479 
610 848 782 728 729 432 541 387 604 843 792 790 258 731 347 642 663 795 879 814 261 356 621 378 
415 748 641 570 605 479 526 502 414 723 689 646 472 590 457 510 649 568 531 566 470 465 503 507 
535 326 541 421 527 516 545 513 278 546 626 469 478 508 475 530 229 588 626 517 583 530 520 506 
60 96 872 164 740 404 480 497 0 109 970 177 714 433 509 502 0 114 965 574 566 524 536 504 
551 244 428 409 501 457 516 495 146 633 750 542 455 432 483 492 132 647 740 421 511 432 472 486 
853 415 423 367 585 396 551 531 288 965 988 375 544 475 453 504 288 961 881 212 668 394 529 517 
1023 1021 1019 618 477 504 554 477 1024 1023 1017 241 715 385 461 500 1024 1023 1017 203 764 396 544 525 
182 426 696 513 439 493 541 499 179 540 598 569 498 517 541 495 305 521 662 583 496 486 514 504 
36 387 659 479 491 475 520 540 40 411 606 486 457 505 526 537 116 401 702 523 501 497 502 539 
291 222 715 482 524 524 512 482 290 220 681 495 481 534 539 514 365 218 624 554 464 510 515 481 
522 245 414 411 590 503 491 489 92 659 752 525 477 506 510 488 60 705 703 467 511 494 504 517 
3 209 726 332 386 513 498 507 5 183 689 291 378 499 499 513 6 230 778 415 437 507 504 503 
129 527 559 544 516 493 493 492 70 834 329 563 514 489 491 537 358 545 494 535 522 545 504 482 
153 182 294 623 590 565 517 503 84 441 628 416 462 457 474 535 197 464 569 657 614 565 495 518 
653 691 659 524 550 554 499 488 693 667 749 280 646 438 511 515 697 658 774 380 607 451 502 495 
129 445 391 523 511 543 516 530 163 616 500 559 500 510 517 498 183 630 485 522 499 526 510 512 
80 157 531 531 480 485 512 504 97 217 671 562 439 469 518 504 108 261 656 536 570 534 502 518 
157 351 401 458 534 505 528 523 215 438 506 557 515 547 527 498 454 232 461 503 536 497 496 519 
107 421 606 535 506 531 512 493 190 727 413 576 464 499 518 502 455 530 449 456 450 519 491 519 
101 256 708 383 441 506 521 549 135 341 688 448 397 497 507 528 145 435 668 466 524 550 522 509 
74 150 418 474 502 495 500 495 85 216 728 510 487 493 496 542 87 329 715 443 518 493 538 510 
30 23 37 109 338 487 511 498 36 193 632 492 514 514 516 518 35 263 537 505 523 489 503 508 
139 389 386 420 501 495 514 505 215 410 702 471 531 501 520 507 242 416 692 471 496 540 543 526 
91 389 497 473 489 516 510 523 151 690 488 527 533 482 494 490 186 739 485 512 538 499 545 522 
85 237 480 494 488 541 516 515 163 634 470 482 523 502 521 506 208 716 440 512 514 535 534 497 
47 367 506 534 537 504 504 523 101 623 520 506 497 523 507 525 197 682 516 503 514 522 512 507 
6 204 653 508 493 530 513 554 56 873 419 514 509 512 520 534 162 835 504 524 522 517 503 524 
37 299 522 491 504 511 509 515 61 687 500 526 506 482 518 519 123 752 538 527 525 496 525 519 
48 170 444 504 477 495 505 540 86 653 478 535 486 497 517 508 154 730 467 522 548 514 514 527 
151 212 340 422 475 501 499 495 170 529 472 479 482 495 522 519 183 533 478 511 526 492 502 508 
170 201 306 412 419 476 491 484 185 445 564 471 508 527 534 521 216 473 490 492 513 501 529 500 
