1024 0 145 505 581 540 498 542 438 586 663 654 504 502 545 499 544 480 573 567 583 474 506 540 
1024 0 421 543 441 518 494 517 672 352 496 651 559 497 525 517 763 261 454 573 575 443 512 513 
1024 5 626 488 434 487 508 500 932 92 233 543 515 509 490 508 963 62 274 528 507 508 537 496 
1024 231 762 426 439 525 527 514 1024 151 561 534 488 488 514 523 1024 182 574 552 501 471 522 528 
1024 1016 271 541 453 506 530 487 1024 1006 212 557 517 490 515 491 1024 1016 227 600 533 529 523 520 
1021 297 590 491 491 519 525 488 622 527 555 509 488 546 514 521 596 527 289 522 493 490 524 494 
1024 62 597 579 471 507 528 566 606 418 495 526 527 487 494 487 542 440 459 582 555 539 554 498 
1021 80 734 565 493 491 509 514 828 221 420 605 516 507 528 515 810 244 490 568 535 525 507 537 
1024 547 521 540 537 531 506 516 1023 409 478 507 536 512 520 486 1023 427 516 473 521 508 527 497 
1024 483 765 420 488 518 504 523 681 667 748 553 506 531 494 525 635 727 591 445 431 547 463 528 
1024 466 697 674 412 506 505 489 729 663 480 595 565 496 491 525 528 870 591 432 463 517 518 508 
1024 130 931 875 246 468 537 533 403 682 681 691 672 436 522 498 155 922 589 460 494 494 532 515 
1024 0 409 606 404 494 502 506 530 494 527 541 464 534 514 492 534 483 447 535 483 535 536 508 
1024 0 371 522 510 517 529 499 598 426 585 639 532 489 495 526 647 377 563 597 595 446 511 529 
1024 0 10 708 435 547 530 512 428 596 596 599 570 484 482 516 606 418 418 428 570 434 527 509 
1024 0 313 713 352 466 536 535 999 25 55 231 414 464 492 483 1024 0 38 322 433 521 483 541 
1024 348 642 339 439 512 504 509 1024 308 293 686 516 504 537 483 1024 345 316 662 603 500 496 497 
1024 256 437 574 570 500 523 528 985 137 364 437 462 517 529 520 1000 134 338 454 525 512 532 501 
804 129 158 448 577 475 517 522 276 625 639 624 504 522 517 513 326 582 586 609 492 505 495 514 
988 36 53 387 507 544 503 489 193 831 831 480 497 536 518 528 243 781 781 456 522 516 530 478 
966 58 265 512 505 521 536 538 670 354 352 519 489 505 518 535 716 308 323 535 519 514 502 517 
1024 38 440 606 546 524 530 495 861 185 341 476 523 487 506 482 875 177 338 505 519 525 505 513 
1024 858 498 401 445 563 480 539 1024 800 540 389 394 604 501 503 1024 814 540 389 383 610 483 537 
1024 723 364 483 538 525 493 486 1014 312 675 520 510 492 548 524 1012 335 684 504 482 484 499 495 
1024 0 533 489 417 510 530 509 498 526 517 360 404 507 535 525 98 926 710 710 542 493 501 517 
1024 0 202 730 377 551 508 519 576 448 448 582 509 433 494 518 507 517 517 666 578 466 505 495 
1024 1 404 644 563 500 504 537 923 101 136 323 443 523 494 507 941 83 139 321 385 503 524 510 
1024 0 666 366 371 492 511 484 1019 5 5 26 353 586 528 505 854 170 170 184 343 494 508 521 
1024 0 422 563 512 497 498 497 855 169 191 307 420 555 536 513 760 264 297 425 494 505 512 501 
941 83 209 630 494 487 511 530 544 480 512 424 450 496 521 517 599 425 464 405 445 532 490 535 
420 542 591 575 570 531 530 502 197 742 686 294 418 549 505 529 207 736 704 311 585 494 526 509 
140 884 884 884 625 552 550 524 0 1024 936 108 222 439 518 535 0 1024 1018 56 320 384 532 540 
426 586 651 625 515 524 481 521 330 662 634 429 500 496 529 492 348 650 661 469 541 500 517 512 
991 33 388 598 599 516 531 490 924 100 205 585 523 503 520 508 956 68 220 666 448 544 491 487 
1024 133 644 492 517 498 536 511 1023 94 538 515 499 505 509 470 1024 131 579 474 546 516 510 513 
1024 199 586 518 516 500 510 464 1013 132 489 489 524 509 503 514 1018 163 507 515 527 513 514 523 
1016 8 290 721 418 554 502 547 409 615 618 637 548 491 541 520 198 826 828 809 516 496 494 502 
877 144 182 776 393 533 515 507 306 705 623 645 590 489 488 513 272 739 668 674 639 529 501 512 
942 105 290 743 475 467 509 480 607 414 421 509 554 516 482 515 582 442 449 562 536 539 523 516 
1024 118 713 421 581 493 520 466 975 98 237 353 541 476 539 501 906 171 311 356 439 480 479 480 
938 98 907 599 448 458 501 508 902 103 116 397 649 563 505 528 828 177 174 363 375 483 488 528 
1024 15 855 605 490 522 501 498 942 82 82 649 388 491 500 528 881 143 143 293 570 504 530 522 
667 376 441 504 506 529 516 500 394 545 559 488 525 490 536 518 383 542 567 509 500 502 523 514 
76 581 656 579 473 533 518 496 39 569 626 445 513 498 523 542 89 547 638 424 510 503 502 527 
273 483 438 437 544 485 496 529 281 418 430 424 567 492 506 490 309 431 485 451 556 447 514 506 
368 683 684 500 487 542 506 510 260 746 481 582 517 527 496 517 280 723 526 596 521 501 517 511 
869 197 485 454 549 521 491 525 768 283 413 475 488 513 516 522 828 230 432 435 481 522 501 541 
1024 27 476 551 543 501 523 491 948 97 456 502 504 514 505 522 1004 81 385 451 504 515 504 496 
1021 3 249 652 489 524 486 530 585 439 439 496 589 519 524 521 551 473 473 560 568 519 524 527 
966 131 545 616 487 494 521 487 698 338 682 627 485 495 484 497 741 306 663 590 516 496 502 511 
849 84 667 420 441 541 510 507 804 91 284 615 477 486 494 541 841 67 283 629 426 495 557 533 
1024 285 689 407 557 534 526 497 1024 196 404 507 522 521 471 506 1024 210 465 468 519 498 537 477 
621 283 480 471 529 495 516 509 480 363 466 571 524 520 503 530 508 350 472 566 523 506 495 481 
1005 169 634 564 524 516 532 510 877 207 477 503 536 509 508 548 833 265 521 500 512 495 519 534 
428 440 507 514 532 516 512 504 309 466 429 542 523 510 481 513 313 465 422 540 522 513 503 519 
84 321 452 524 522 535 499 500 108 291 401 505 545 510 509 506 159 318 418 502 525 511 507 508 
156 385 325 393 495 470 487 495 216 362 361 404 534 509 515 502 361 284 365 483 534 522 518 504 
650 554 301 538 453 499 490 500 632 297 497 555 546 492 520 487 625 253 538 550 496 505 477 490 
727 642 373 517 523 508 530 508 675 611 438 507 469 536 513 496 744 495 455 506 496 511 487 523 
489 389 580 548 501 506 544 499 462 350 607 547 498 489 512 527 489 375 572 527 490 490 519 521 
613 369 509 569 501 523 504 506 286 693 637 457 533 483 502 504 323 656 603 497 534 527 512 522 
1003 22 733 550 494 513 522 506 858 166 552 568 524 500 507 521 860 164 616 577 516 505 515 523 
605 262 446 450 516 535 489 489 352 490 570 522 470 501 504 541 374 472 554 531 481 538 503 491 
677 319 358 505 503 501 513 546 236 738 689 562 525 525 537 473 290 684 632 542 542 509 505 553 
163 476 514 488 496 510 503 524 66 525 548 454 503 503 501 493 63 544 563 477 512 513 504 486 
656 357 494 564 519 525 491 513 570 346 436 509 530 506 475 488 589 329 437 491 511 526 501 503 
101 352 419 504 496 497 510 513 86 217 413 523 468 517 491 513 89 187 443 518 472 516 526 504 
61 365 505 473 508 504 492 496 66 349 438 481 492 517 511 543 98 349 415 542 518 499 493 534 
69 415 396 488 494 532 546 489 63 375 366 464 550 486 487 501 71 385 388 483 510 508 510 527 
171 276 355 504 527 488 504 511 155 278 338 450 515 491 514 512 171 284 349 435 515 519 514 527 
262 316 301 439 551 529 497 482 244 310 238 401 531 468 487 475 248 312 254 410 518 486 510 493 
27 111 222 331 552 509 469 483 26 83 200 299 543 470 528 527 27 82 204 331 586 446 471 521 
102 344 427 539 531 520 515 487 32 319 455 462 508 504 500 507 28 318 454 469 507 502 499 496 
350 252 352 505 517 496 505 534 130 389 439 474 493 510 518 504 106 368 504 496 490 512 521 485 
155 298 383 448 515 524 495 518 0 258 524 437 504 477 501 527 0 236 420 380 483 466 487 456 
31 130 315 436 565 514 515 527 0 112 242 318 551 479 491 507 0 111 173 315 537 451 501 503 
77 329 444 490 530 518 515 507 96 266 374 510 500 502 491 492 99 269 348 486 513 468 494 512 
180 637 484 528 501 518 508 484 154 559 411 489 507 532 513 515 161 531 426 464 521 498 517 514 
146 312 371 455 518 495 534 497 125 142 415 497 516 512 510 509 123 105 403 468 497 523 491 520 
1 445 213 664 450 509 517 517 0 137 422 535 571 528 502 515 0 14 477 405 537 515 490 540 
0 625 205 538 477 494 507 495 0 105 629 601 610 541 503 497 0 21 552 461 576 496 466 494 
0 561 215 404 558 531 516 526 0 28 707 528 695 503 522 508 0 1 510 379 612 469 512 517 
38 562 297 514 530 488 513 522 69 427 372 410 537 518 504 483 105 319 403 424 518 499 466 504 
9 307 469 529 478 498 490 497 37 158 440 451 539 521 519 513 63 91 342 511 532 487 528 512 
423 604 842 443 517 505 499 502 310 408 419 637 584 498 528 483 301 208 628 640 588 536 492 515 
481 546 817 479 531 530 500 540 346 479 376 516 547 497 508 490 330 284 624 484 532 510 485 499 
549 495 741 546 528 483 504 493 349 513 479 498 503 518 532 540 345 380 624 426 513 509 513 516 
605 479 681 613 525 545 497 513 454 476 451 514 525 503 519 484 441 404 537 444 494 536 490 532 
689 409 654 560 544 516 506 510 480 485 506 485 506 538 491 503 469 446 511 449 526 504 487 522 
758 357 622 518 470 503 529 519 494 470 525 521 521 503 521 532 480 414 568 485 537 511 522 516 
713 475 599 581 547 516 513 513 543 404 656 553 464 485 510 542 533 367 677 537 453 523 522 517 
729 302 587 586 558 489 521 508 466 413 628 523 519 515 494 512 452 412 559 477 498 527 496 484 
750 340 517 514 506 513 525 521 491 391 676 458 521 542 534 489 466 392 596 503 527 506 494 519 
712 364 634 553 507 539 507 502 561 318 618 460 546 495 523 497 546 323 532 484 540 502 499 508 
721 390 651 529 503 495 514 503 579 324 654 538 505 518 503 523 565 302 683 541 513 522 519 466 
743 364 640 552 530 493 517 525 613 303 573 501 501 522 507 497 619 257 609 476 520 496 519 513 
