0 81 943 943 725 582 523 515 1024 0 1024 663 505 617 524 476 1024 1024 1024 1024 1024 939 750 625 
0 12 1012 1006 380 514 528 459 1024 0 1024 176 645 511 452 553 1024 1024 1024 1023 835 511 602 493 
0 0 1024 966 151 503 522 508 1024 0 1022 2 433 532 492 536 1024 1024 1024 1014 428 553 524 481 
0 4 894 582 398 398 459 475 859 70 673 427 442 392 537 553 928 957 972 587 398 517 482 496 
0 0 1024 189 802 531 429 516 1024 0 0 1021 335 469 539 511 1024 1024 622 402 420 561 543 518 
0 0 971 47 390 446 505 519 1013 9 8 259 538 470 514 494 1023 1015 7 825 568 480 490 485 
0 0 295 729 668 507 551 478 356 668 668 668 527 512 506 491 1024 857 167 168 416 488 492 489 
0 0 317 707 526 550 527 491 456 568 568 568 489 459 492 525 1024 710 314 549 492 488 483 505 
0 0 1019 553 463 613 478 537 1020 4 780 243 530 463 534 490 1024 1023 1012 817 539 446 514 511 
0 3 834 505 461 457 441 447 830 105 540 548 527 520 501 532 927 928 930 634 310 554 499 487 
0 0 980 246 737 553 576 449 978 33 443 565 496 429 479 587 1003 999 981 588 309 544 527 501 
0 7 842 296 600 424 451 462 793 123 298 767 541 503 498 518 915 908 805 478 383 526 547 513 
0 0 1024 2 777 495 575 541 1024 0 0 918 230 514 440 495 1024 1024 549 475 466 560 497 491 
0 0 692 275 413 497 485 499 859 156 111 237 517 540 489 516 1017 906 74 646 615 488 521 511 
0 0 5 1010 418 534 536 493 102 922 922 452 580 465 502 493 1024 258 759 417 560 519 506 500 
0 0 0 1012 19 404 586 453 0 1024 1024 237 762 426 589 527 1024 0 1024 576 515 514 541 467 
0 0 578 134 550 485 472 490 562 200 376 729 484 466 529 495 731 869 610 408 468 518 501 519 
0 0 619 212 447 401 449 448 651 188 278 594 490 524 543 529 825 858 446 558 436 490 486 517 
0 0 694 182 434 479 483 530 786 98 180 490 416 482 529 499 882 934 285 591 485 508 482 503 
0 2 563 217 402 461 414 453 544 218 352 372 514 509 500 525 744 815 292 609 525 510 487 519 
0 0 556 395 433 543 517 476 841 129 159 202 540 542 518 567 969 978 79 580 541 560 511 525 
0 0 236 691 601 490 510 514 421 566 524 481 589 510 501 529 990 743 219 359 450 512 518 537 
0 0 33 564 277 524 500 481 2 662 987 177 388 409 539 496 664 374 619 267 403 567 491 499 
0 0 0 879 161 445 532 532 0 1024 1000 166 833 710 470 512 1024 22 971 578 489 481 486 539 
0 0 74 88 510 462 496 516 49 145 911 293 414 576 502 524 175 907 209 347 659 423 454 509 
0 0 54 75 552 466 493 528 36 101 943 303 418 534 490 502 116 958 206 405 692 473 487 519 
0 0 76 126 676 372 580 495 86 123 827 228 196 556 519 537 194 892 187 226 771 535 506 546 
0 0 70 122 527 395 460 489 16 99 659 265 302 581 548 506 103 666 311 602 414 497 534 510 
0 0 53 230 529 485 466 511 71 209 893 266 369 534 492 525 274 898 220 520 451 520 525 521 
0 0 31 242 556 454 497 479 2 377 811 326 379 501 499 488 312 765 232 312 404 466 525 486 
0 0 11 141 580 427 494 477 0 244 763 291 307 345 443 503 180 771 273 300 319 439 439 507 
0 0 14 459 423 485 488 462 0 641 752 243 574 512 484 494 462 522 680 470 609 570 520 523 
0 0 0 199 475 608 456 595 0 0 658 417 632 422 601 525 0 585 439 473 394 597 447 502 
0 0 2 150 477 624 506 528 0 0 630 442 650 396 602 520 0 629 395 488 423 573 484 507 
0 0 2 141 377 514 476 503 0 0 429 489 681 400 585 506 0 464 551 522 632 435 521 514 
0 0 4 162 325 438 459 484 0 0 222 607 634 476 532 502 0 427 561 436 426 491 457 527 
0 0 0 186 459 514 486 541 0 0 461 502 558 417 493 510 0 292 689 532 530 529 551 528 
0 0 0 115 551 585 487 450 0 0 465 571 341 596 574 481 0 113 911 526 714 623 437 516 
0 0 0 156 522 531 519 526 0 0 382 646 313 669 543 502 0 88 935 489 725 465 502 510 
0 0 0 113 478 603 562 516 0 0 387 637 250 651 469 536 0 11 1013 536 527 506 528 501 
0 0 26 334 492 460 491 462 0 15 684 286 527 486 507 495 0 408 506 585 488 504 534 532 
0 0 40 234 382 499 481 490 0 21 521 250 577 472 477 503 0 441 320 548 474 522 527 518 
0 4 78 83 127 404 438 498 0 102 113 146 821 339 457 556 53 122 275 626 572 558 547 449 
0 1 6 15 39 482 342 406 0 3 12 27 854 193 418 450 0 7 30 453 612 698 488 584 
0 0 12 235 368 499 451 485 0 0 313 380 582 476 484 501 0 42 608 620 514 514 497 503 
0 0 4 409 532 470 490 476 0 0 519 490 520 511 477 541 0 78 893 610 501 508 512 501 
0 0 9 274 458 489 485 466 0 4 313 537 600 517 527 507 0 43 768 569 476 530 490 512 
0 0 8 359 625 485 525 525 0 0 469 580 573 508 516 501 0 54 960 553 523 517 507 496 
0 0 88 340 452 457 443 475 0 48 464 527 525 500 504 498 0 225 683 558 507 475 517 499 
0 0 14 54 73 482 505 471 0 4 56 89 553 500 545 533 0 20 97 189 855 717 456 479 
0 0 0 0 13 621 420 492 0 0 0 0 655 376 442 472 0 0 0 27 997 881 316 561 
0 0 0 1 3 507 555 539 0 0 0 2 419 604 622 522 0 0 1 154 870 746 233 450 
0 0 6 67 143 522 461 462 0 0 64 165 597 438 465 478 0 9 176 309 731 713 435 539 
0 0 15 115 185 536 404 386 0 7 99 223 717 353 415 393 0 30 249 308 727 706 356 631 
0 1 57 151 243 526 388 451 0 22 150 309 629 418 438 455 0 68 328 460 563 607 453 534 
0 0 77 313 456 494 483 488 0 11 420 641 506 517 522 517 0 165 785 420 496 493 492 525 
0 4 74 308 338 466 506 505 0 42 392 423 577 411 480 511 5 205 484 505 536 533 488 505 
0 2 11 115 242 422 483 486 0 10 115 284 622 382 397 433 3 50 203 376 723 446 562 583 
0 0 2 40 129 437 611 569 0 0 10 139 634 435 419 442 0 0 57 237 853 474 565 606 
0 0 0 9 150 400 608 590 0 0 0 177 561 448 443 461 0 0 35 248 890 503 532 579 
0 0 6 47 114 582 365 384 0 0 30 162 719 342 361 417 0 0 139 233 807 803 318 634 
0 0 0 44 112 653 279 351 0 0 14 161 821 215 293 394 0 0 88 268 818 800 329 658 
0 0 0 37 120 693 390 374 0 0 7 133 888 179 322 416 0 0 86 471 583 628 400 593 
0 0 24 340 414 472 490 511 0 14 544 473 551 486 527 513 0 358 515 562 500 491 525 519 
