760 989 945 318 817 638 401 481 760 990 934 100 310 303 558 518 741 979 46 916 789 271 506 480 
83 1006 974 802 587 443 508 513 83 1007 906 155 701 542 499 510 73 999 36 888 614 496 514 503 
3 877 701 523 463 522 478 497 7 904 767 420 509 523 543 478 1 899 609 548 471 489 523 491 
0 836 598 421 526 515 523 521 0 862 505 530 487 530 550 495 0 854 404 514 484 526 512 509 
664 725 731 735 368 505 520 522 389 993 973 322 652 609 522 493 381 998 608 411 427 572 520 503 
1024 1008 1004 1018 24 894 405 495 1013 1015 1019 447 580 573 530 511 1009 1018 1024 9 793 307 404 532 
1024 1024 1024 1024 421 598 373 485 1024 1024 1024 973 51 52 292 525 1024 1024 1024 1 1023 879 436 499 
1024 1024 1024 1024 956 68 185 597 1024 1024 1024 1024 0 89 815 545 1024 1024 1024 31 993 993 776 479 
1024 1024 1024 1024 1023 2 618 415 1024 1024 1024 1024 0 597 415 413 1024 1024 1024 74 950 935 608 611 
1024 1024 1024 1024 1022 33 897 498 1024 1024 1024 1024 0 937 118 501 1024 1024 1024 419 605 602 489 528 
1024 1024 1024 1024 1021 15 339 706 1024 1024 1024 1024 0 1008 224 646 1024 1024 1024 859 165 165 171 358 
1024 1024 1024 1024 1018 6 366 590 1024 1024 1024 1024 2 1019 484 512 1024 1024 1024 958 66 296 355 424 
1024 1024 1024 1024 1020 4 306 645 1024 1024 1024 1024 3 1015 313 648 1024 1024 1024 1024 0 885 165 373 
1024 1024 1024 1024 1016 8 591 428 1024 1024 1024 1024 1 1023 635 424 1024 1024 1024 1024 0 959 142 590 
1024 1024 1024 1024 1004 22 617 375 1024 1024 1024 1024 6 1016 782 393 1024 1024 1024 1024 1 1020 222 629 
1024 1024 1024 1024 996 34 724 310 1024 1024 1024 1024 9 1015 860 310 1024 1024 1024 1024 0 1018 176 714 
1024 1024 1024 1024 1024 9 855 307 1024 1024 1024 1024 17 1007 826 342 1024 1024 1024 1024 0 868 251 727 
1024 1024 1024 1024 1024 18 818 455 1024 1024 1024 1024 10 1014 797 385 1024 1024 1024 1024 0 489 544 675 
1024 1024 1024 1024 1023 25 646 485 1024 1024 1024 1024 3 1020 606 462 1024 1024 1024 1005 19 185 669 451 
1024 1024 1024 1024 1022 93 601 398 1024 1024 1024 1024 2 1021 519 530 1024 1024 1024 987 37 69 590 436 
1024 1024 1024 1024 1024 146 688 302 1024 1024 1024 1024 0 1023 701 388 1024 1024 1024 849 175 175 344 651 
1024 1024 1024 1024 1024 314 657 576 1024 1024 1024 1024 1 1022 393 571 1024 1024 1024 40 984 984 886 448 
1024 1024 1024 1024 1024 61 855 515 1024 1024 1024 1024 0 930 155 503 1024 1024 1024 0 1024 1022 468 509 
1024 1024 1024 1024 988 36 304 561 1024 1024 1024 1024 0 222 744 561 1024 1024 1024 0 1024 796 301 463 
1024 1024 1024 1024 552 473 507 492 1024 1024 1024 987 37 44 472 502 1024 1024 1024 0 1023 159 707 532 
1024 1024 1024 1024 250 772 664 499 1024 1024 1024 659 365 365 403 489 1024 1024 1024 0 642 404 518 527 
1024 1024 1024 1024 105 903 541 508 1024 1024 1024 105 919 881 586 530 1024 1024 1024 0 83 725 539 479 
1024 1024 1024 1024 10 663 441 490 1024 1024 1024 1 1022 364 602 526 1024 1024 892 132 132 314 465 526 
1024 1024 1024 1018 6 78 671 505 1024 1024 1024 0 680 349 410 509 1024 1024 130 894 894 829 611 501 
1024 1024 1024 865 159 167 331 506 1024 1024 1024 0 19 694 557 488 1024 1024 0 1024 672 579 503 484 
1024 1024 1024 212 812 810 637 503 1024 1024 609 415 415 420 585 512 1024 1024 0 949 79 500 480 552 
1024 1024 1024 3 1019 579 516 532 1024 1024 3 1021 1021 738 498 495 1024 1024 0 154 870 623 459 487 
140 919 908 891 743 429 535 541 48 1008 993 115 878 526 506 532 39 1010 78 935 826 387 510 476 
13 670 618 607 557 450 497 523 11 650 483 514 502 527 517 483 9 548 266 641 461 492 497 513 
0 856 788 568 473 489 495 494 23 818 786 686 541 505 506 534 29 799 835 688 467 525 506 537 
0 641 463 560 535 491 487 505 0 656 446 583 566 510 522 515 0 625 438 528 503 480 502 497 
327 572 601 479 424 535 493 519 13 858 806 603 434 563 486 512 13 837 476 505 385 538 513 502 
1021 333 360 471 527 534 517 525 375 966 964 870 677 433 457 497 345 993 986 102 818 435 498 525 
1024 1023 1021 1020 651 375 286 523 1023 1021 1021 956 71 70 397 506 1023 1021 1021 48 976 949 663 514 
1024 1024 1024 1024 984 40 218 639 1024 1024 1024 1023 1 40 795 441 1024 1024 1024 149 875 875 826 583 
1024 1024 1024 1024 988 38 617 427 1024 1024 1024 1024 0 567 450 413 1024 1024 1024 148 876 872 805 611 
1024 1024 1024 1024 1008 33 546 580 1024 1024 1024 1024 0 895 143 452 1024 1024 1024 654 370 371 369 568 
1024 1024 1024 1024 1017 7 305 628 1024 1024 1024 1024 0 950 201 462 1024 1024 1024 994 30 75 290 559 
1024 1024 1024 1024 716 308 485 653 1024 1024 1024 1024 0 1022 298 622 1024 1024 1024 1019 5 671 273 348 
1024 1024 1024 1024 803 221 427 511 1024 1024 1024 1024 0 1021 492 521 1024 1024 1024 1024 0 984 169 479 
1024 1024 1024 1024 859 165 388 402 1024 1024 1024 1024 2 1022 689 400 1024 1024 1024 1024 1 1001 266 572 
1024 1024 1024 1024 910 114 391 350 1024 1024 1024 1024 3 1021 828 354 1024 1024 1024 1024 2 1020 342 598 
1024 1024 1024 1024 849 177 360 401 1024 1024 1024 1024 8 1015 874 463 1024 1024 1024 1024 11 1013 655 509 
1024 1024 1024 1024 777 247 406 572 1024 1024 1024 1024 70 954 909 552 1024 1024 1024 1024 35 981 669 608 
1024 1024 1024 1024 812 215 448 547 1024 1024 1024 1024 102 921 854 537 1024 1024 1024 1024 20 986 638 569 
1024 1024 1024 1024 978 47 509 356 1024 1024 1024 1024 7 1017 861 404 1024 1024 1024 1024 3 938 361 644 
1024 1024 1024 1024 989 38 620 439 1024 1024 1024 1024 20 1003 776 455 1024 1024 1024 1024 0 834 373 569 
1024 1024 1024 1024 943 101 606 506 1024 1024 1024 1024 36 986 683 507 1024 1024 1024 1006 20 618 507 538 
1024 1024 1024 1024 1024 66 627 411 1024 1024 1024 1024 5 1018 544 491 1024 1024 1024 959 65 194 477 505 
1024 1024 1024 1024 1024 140 644 502 1024 1024 1024 1024 0 1023 366 584 1024 1024 1024 588 436 501 650 401 
1024 1024 1024 1024 1023 37 843 520 1024 1024 1024 1024 1 930 185 519 1024 1024 1024 53 971 967 460 504 
1024 1024 1024 1024 1006 18 205 570 1024 1024 1024 1024 0 183 823 570 1024 1024 1024 0 1024 888 319 454 
1024 1024 1024 1024 704 320 362 454 1024 1024 1024 1015 9 27 680 454 1024 1024 1024 0 1024 429 666 570 
1024 1024 1024 1024 171 853 751 501 1024 1024 1024 777 247 247 333 505 1024 1024 1024 0 948 169 378 519 
1024 1024 1024 1024 52 930 527 529 1024 1024 1024 136 888 831 652 519 1024 1024 1024 0 212 660 449 505 
1024 1024 1024 1024 0 447 548 484 1024 1024 1024 0 997 223 505 542 1024 1024 711 313 313 387 570 500 
1024 1024 1024 830 194 196 489 525 1024 1024 1024 0 224 758 537 545 1024 1024 29 995 959 692 458 534 
1024 1024 1024 466 558 558 560 553 1024 1024 975 49 49 252 481 514 1024 1024 0 1024 203 742 554 522 
1024 1024 1024 49 975 864 517 530 1024 1024 294 730 730 672 479 523 1024 1024 0 706 321 521 472 502 
870 898 895 272 695 689 556 510 764 1000 974 105 217 771 450 532 759 998 141 881 807 751 595 501 
59 922 664 510 502 522 497 482 54 860 454 478 534 548 462 500 53 701 333 541 501 528 540 525 
30 954 787 650 544 534 504 533 190 780 685 586 531 520 509 485 138 830 746 643 499 538 511 513 
0 845 396 534 505 493 509 499 0 789 436 480 510 531 517 548 0 660 531 440 451 513 512 523 
329 717 614 479 460 541 525 525 46 961 648 583 478 515 498 494 44 879 493 399 503 508 517 509 
1024 719 776 806 387 654 500 526 736 979 979 799 427 306 408 539 721 991 988 146 861 668 490 445 
1024 1024 1024 1024 688 333 293 554 1024 1024 1024 991 33 36 542 444 1024 1024 1024 94 930 928 778 573 
1024 1024 1024 1024 874 150 399 507 1024 1024 1024 1023 1 78 880 510 1024 1024 1024 442 582 582 600 514 
1024 1024 1024 1024 918 108 432 384 1024 1024 1024 1024 0 661 372 448 1024 1024 1024 365 659 659 661 578 
1024 1024 1024 1024 993 33 213 628 1024 1024 1024 1024 0 815 227 460 1024 1024 1024 870 154 155 263 570 
1024 1024 1024 1024 952 74 235 618 1024 1024 1024 1024 1 958 211 542 1024 1024 1024 1024 0 363 387 483 
1024 1024 1024 1024 611 413 470 509 1024 1024 1024 1024 0 1024 498 484 1024 1024 1024 1024 0 931 313 448 
1024 1024 1024 1024 700 326 394 340 1024 1024 1024 1024 14 1010 774 374 1024 1024 1024 1024 2 1013 560 479 
1024 1024 1024 1024 328 696 695 547 1024 1024 1024 1024 106 918 861 541 1024 1024 1024 1024 73 951 807 573 
1024 1024 1024 1024 516 508 517 517 1024 1024 1024 1024 405 619 610 517 1024 1024 1024 1024 386 638 590 525 
1024 1024 1024 1024 606 418 424 532 1024 1024 1024 1024 656 368 374 508 1024 1024 1024 1024 599 425 412 508 
1024 1024 1024 1024 726 298 309 535 1024 1024 1024 1024 726 298 309 535 1024 1024 1024 1024 726 298 309 535 
1024 1024 1024 1024 693 331 339 555 1024 1024 1024 1024 700 324 329 531 1024 1024 1024 1024 669 355 358 525 
1024 1024 1024 1024 649 375 395 593 1024 1024 1024 1024 487 537 534 565 1024 1024 1024 1024 427 597 545 541 
1024 1024 1024 1024 750 274 302 613 1024 1024 1024 1024 671 353 375 599 1024 1024 1024 1024 637 387 393 579 
1024 1024 1024 1024 804 220 286 555 1024 1024 1024 1024 831 193 259 535 1024 1024 1024 1024 796 228 293 535 
1024 1024 1024 1024 869 156 334 535 1024 1024 1024 1024 526 498 429 524 1024 1024 1024 1024 492 491 362 547 
1024 1024 1024 1024 885 146 439 474 1024 1024 1024 1024 217 806 570 497 1024 1024 1024 1001 231 576 457 467 
1024 1024 1024 1024 978 71 715 575 1024 1024 1024 1024 12 992 366 564 1024 1024 1024 558 472 627 466 447 
1024 1024 1024 1024 1014 54 570 585 1024 1024 1024 1024 1 737 453 573 1024 1024 1024 272 752 784 376 418 
1024 1024 1024 1024 1019 43 486 595 1024 1024 1024 1024 0 689 525 564 1024 1024 1024 292 732 747 397 420 
1024 1024 1024 1024 733 308 557 528 1024 1024 1024 1011 13 314 463 528 1024 1024 1024 1 1019 807 393 500 
1024 1024 1024 1024 99 923 637 547 1024 1024 1024 494 530 531 536 537 1024 1024 1024 0 751 354 335 487 
1024 1024 1024 1024 0 892 337 526 1024 1024 1024 15 1009 786 644 508 1024 1024 1024 0 35 592 483 518 
1024 1024 1024 1024 0 552 453 458 1024 1024 1024 20 954 593 489 541 1024 1024 845 179 215 572 505 476 
1024 1024 1024 771 256 364 484 515 1024 1024 1023 7 374 609 552 501 1024 1024 283 741 633 585 513 529 
1024 1024 1024 270 754 748 639 519 1024 1024 991 33 33 317 374 516 1024 1024 0 1024 423 605 442 529 
1024 1024 1024 359 665 662 561 488 1024 1024 1024 0 32 960 524 498 1024 1024 246 778 778 777 644 536 
820 1005 991 518 491 469 471 513 816 1006 930 91 553 435 475 518 811 1007 654 335 226 280 437 526 
32 1000 979 725 613 479 530 533 132 903 892 748 675 442 493 485 143 890 844 755 570 453 524 501 
162 940 666 496 477 522 514 515 98 989 333 687 474 544 514 476 94 978 335 304 570 488 510 512 
908 923 951 887 223 716 458 521 810 1001 874 601 458 446 442 475 809 1000 827 159 856 576 527 544 
1024 1024 1024 1024 108 913 553 475 1024 1024 1024 958 66 66 215 531 1024 1024 1024 148 876 876 632 491 
1024 1024 1024 1024 467 557 601 522 1024 1024 1024 1024 0 23 784 503 1024 1024 1024 535 489 489 556 526 
1024 1024 1024 1024 875 149 217 372 1024 1024 1024 1024 0 332 689 614 1024 1024 1024 821 203 207 419 420 
1024 1024 1024 1024 915 109 163 435 1024 1024 1024 1024 0 822 218 473 1024 1024 1024 823 201 259 495 618 
1024 1024 1024 1024 896 128 217 544 1024 1024 1024 1024 0 862 184 434 1024 1024 1024 1015 9 225 390 635 
1024 1024 1024 1024 492 532 573 555 1024 1024 1024 1024 1 996 293 565 1024 1024 1024 1023 1 789 337 407 
1024 1024 1024 1024 385 639 609 443 1024 1024 1024 1024 6 1017 706 466 1024 1024 1024 1024 4 1009 549 457 
1024 1024 1024 1024 307 717 692 566 1024 1024 1024 1024 102 922 831 570 1024 1024 1024 1024 98 926 782 596 
1024 1024 1024 1024 547 477 479 537 1024 1024 1024 1024 547 477 479 537 1024 1024 1024 1024 547 477 479 537 
1024 1024 1024 1024 911 113 133 509 1024 1024 1024 1024 911 113 133 509 1024 1024 1024 1024 911 113 133 509 
1024 1024 1024 1024 1017 7 70 735 1024 1024 1024 1024 1017 7 70 735 1024 1024 1024 1024 1017 7 70 735 
1024 1024 1024 1024 1022 2 492 519 1024 1024 1024 1024 1022 2 492 519 1024 1024 1024 1024 1022 2 492 519 
1024 1024 1024 1024 1024 11 769 406 1024 1024 1024 1024 1024 11 769 406 1024 1024 1024 1024 1024 11 769 406 
1024 1024 1024 1024 1024 10 670 484 1024 1024 1024 1024 1024 10 670 484 1024 1024 1024 1024 1024 10 670 484 
1024 1024 1024 1024 1024 4 698 380 1024 1024 1024 1024 1024 4 698 380 1024 1024 1024 1024 1024 4 698 380 
1024 1024 1024 1024 1024 8 756 424 1024 1024 1024 1024 1024 8 756 424 1024 1024 1024 1024 1024 8 756 424 
1024 1024 1024 1024 1021 4 454 530 1024 1024 1024 1024 1021 4 454 530 1024 1024 1024 1024 1021 4 454 530 
1024 1024 1024 1024 1016 9 396 525 1024 1024 1024 1024 1016 9 396 525 1024 1024 1024 1024 1016 9 396 525 
1024 1024 1024 1024 984 41 391 518 1024 1024 1024 1024 951 74 424 520 1024 1024 1024 1024 945 80 425 510 
1024 1024 1024 1024 865 159 279 537 1024 1024 1024 1024 780 244 300 517 1024 1024 1024 1024 751 272 289 520 
1024 1024 1024 1024 813 212 308 490 1024 1024 1024 1024 489 535 464 481 1024 1024 1024 1024 466 515 376 497 
1024 1024 1024 1024 832 208 515 527 1024 1024 1024 1024 118 849 597 495 1024 1024 1024 801 323 690 447 508 
1024 1024 1024 1024 728 316 480 495 1024 1024 1024 985 42 430 526 507 1024 1024 1024 252 766 587 461 520 
1020 1020 1015 1002 94 872 591 537 1020 1020 1016 511 510 508 515 537 1019 1018 1013 14 666 557 400 475 
921 1003 973 923 134 828 480 549 917 1007 954 411 616 625 602 567 915 1006 937 71 667 372 388 463 
775 1006 880 819 194 548 474 520 771 1008 846 261 703 515 544 539 768 1006 692 272 498 449 462 502 
633 1002 782 562 470 442 460 518 629 1004 772 207 322 680 524 507 626 999 196 752 737 572 549 492 
1024 1024 1024 159 865 855 505 504 1024 1024 1024 0 0 762 489 518 1024 1024 115 909 909 868 554 520 
1002 1006 962 404 616 594 581 545 1008 1007 997 34 379 652 526 502 1004 1006 808 224 219 219 442 483 
120 904 889 702 624 468 518 506 315 709 706 578 564 448 496 505 243 781 777 610 512 441 511 526 
802 909 901 786 227 519 547 499 703 985 881 153 783 729 541 515 702 985 906 116 727 273 470 513 
1024 1024 1024 1024 0 622 470 516 1024 1024 1024 322 702 702 634 479 1024 1024 1024 3 1021 375 604 545 
1024 1024 1024 1024 22 908 334 459 1024 1024 1024 845 179 179 231 451 1024 1024 1024 207 817 813 609 589 
1024 1024 1024 1024 162 861 795 551 1024 1024 1024 1018 6 23 673 444 1024 1024 1024 816 208 208 342 580 
1024 1024 1024 1024 596 428 429 491 1024 1024 1024 1024 0 250 749 613 1024 1024 1024 968 56 66 686 418 
1024 1024 1024 1024 804 220 237 390 1024 1024 1024 1024 0 806 240 402 1024 1024 1024 1020 4 178 637 652 
1024 1024 1024 1024 579 445 463 513 1024 1024 1024 1024 0 889 185 537 1024 1024 1024 1024 0 692 346 533 
1024 1024 1024 1024 232 792 628 534 1024 1024 1024 1024 0 1024 495 507 1024 1024 1024 1024 0 1004 428 490 
1024 1024 1024 1024 56 968 901 452 1024 1024 1024 1024 15 1009 919 469 1024 1024 1024 1024 7 1016 892 468 
1024 1024 1024 1024 129 895 887 731 1024 1024 1024 1024 129 895 887 731 1024 1024 1024 1024 129 895 887 731 
1024 1024 1024 1024 825 199 207 405 1024 1024 1024 1024 825 199 207 405 1024 1024 1024 1024 825 199 207 405 
1024 1024 1024 1024 1018 6 55 687 1024 1024 1024 1024 1018 6 55 687 1024 1024 1024 1024 1018 6 55 687 
1024 1024 1024 1024 1020 4 302 602 1024 1024 1024 1024 1020 4 302 602 1024 1024 1024 1024 1020 4 302 602 
1024 1024 1024 1024 1024 0 758 310 1024 1024 1024 1024 1024 0 758 310 1024 1024 1024 1024 1024 0 758 310 
1024 1024 1024 1024 1024 5 818 360 1024 1024 1024 1024 1024 5 818 360 1024 1024 1024 1024 1024 5 818 360 
1024 1024 1024 1024 1024 158 861 668 1024 1024 1024 1024 1024 158 861 668 1024 1024 1024 1024 1024 158 861 668 
1024 1024 1024 1024 1024 122 891 601 1024 1024 1024 1024 1024 122 891 601 1024 1024 1024 1024 1024 122 891 601 
1024 1024 1023 1016 1006 210 800 655 1024 1024 1024 1021 1016 189 814 655 1024 1024 1023 1021 1018 189 812 660 
984 1006 980 983 924 152 795 533 986 1010 982 989 981 76 850 546 986 1009 980 984 975 79 854 541 
878 984 933 926 867 169 764 409 876 990 938 933 907 109 773 423 875 991 931 934 900 129 776 411 
889 840 805 841 794 265 658 419 887 846 813 860 833 203 673 426 890 841 809 871 835 200 663 416 
773 825 777 798 727 277 485 533 821 777 737 792 764 242 467 528 831 767 728 780 770 278 468 540 
512 952 799 726 550 454 484 561 522 935 806 736 655 331 388 559 522 933 794 714 657 365 390 563 
368 956 771 649 486 509 518 531 403 911 748 634 505 496 486 497 401 910 742 614 448 553 510 515 
353 817 648 562 515 504 495 523 406 750 603 563 466 541 508 519 396 760 589 518 513 549 516 525 
104 901 649 546 513 532 544 522 147 855 622 558 535 512 503 523 140 857 629 530 510 549 534 496 
54 948 751 546 525 529 504 542 181 814 677 541 521 504 536 515 167 825 685 531 523 531 528 484 
216 756 577 436 491 524 535 477 333 591 513 436 552 515 541 489 321 602 507 446 534 516 515 523 
83 784 622 564 540 486 483 524 165 637 644 575 594 465 520 534 156 632 653 587 602 505 504 505 
1024 1024 1024 10 1013 622 512 530 1024 1024 997 27 27 216 551 514 1024 1024 7 1017 1017 541 524 495 
926 989 948 190 850 743 507 525 995 926 922 51 59 854 439 509 960 957 401 636 597 591 542 483 
273 751 707 540 544 423 510 530 394 630 612 449 465 577 487 531 326 698 686 497 476 452 529 514 
892 919 944 844 184 264 617 520 802 992 878 162 899 468 508 493 804 989 903 140 565 466 473 517 
1024 1024 1024 1024 0 345 657 510 1024 1024 1024 28 996 914 615 486 1024 1024 1024 0 1021 64 491 544 
1024 1024 1024 1024 0 614 426 496 1024 1024 1024 319 705 705 641 482 1024 1024 1024 34 990 650 562 540 
1024 1024 1024 1024 16 915 461 473 1024 1024 1024 847 177 177 312 486 1024 1024 1024 475 549 546 476 539 
1024 1024 1024 1024 129 892 803 491 1024 1024 1024 1021 3 24 615 483 1024 1024 1024 906 118 120 416 534 
1024 1024 1024 1024 356 668 647 558 1024 1024 1024 1024 0 219 741 587 1024 1024 1024 1022 2 51 787 437 
1024 1024 1024 1024 579 445 423 410 1024 1024 1024 1024 0 704 321 405 1024 1024 1024 1024 0 323 664 620 
1024 1024 1024 1024 109 915 704 566 1024 1024 1024 1024 0 985 262 573 1024 1024 1024 1024 0 974 266 555 
1024 1024 1024 1024 109 915 649 385 1024 1024 1024 1024 3 1021 719 392 1024 1024 1024 1024 3 1021 711 393 
1024 1024 1024 1024 45 978 891 473 1024 1024 1024 1024 45 979 890 473 1024 1024 1024 1024 45 979 890 473 
1016 1014 1006 996 301 706 648 626 1018 1014 1011 1010 268 751 711 625 1017 1013 1013 1011 265 758 720 618 
919 992 945 934 712 298 322 507 928 990 943 952 727 304 304 499 929 988 942 954 715 300 306 505 
846 935 877 850 785 228 329 610 859 926 878 875 820 200 286 592 862 923 878 889 802 197 292 621 
768 874 815 776 747 284 585 443 788 858 805 795 791 245 590 450 793 852 805 794 798 247 595 423 
693 806 732 752 685 403 551 405 737 763 715 736 731 289 626 422 765 736 688 732 728 285 630 444 
535 830 733 672 638 445 527 479 545 817 734 663 659 400 559 498 548 813 722 661 676 381 573 509 
459 772 661 582 559 503 515 478 467 762 655 615 598 460 529 504 475 753 656 610 590 450 551 501 
523 562 527 545 518 483 497 514 567 520 512 518 523 502 537 532 581 505 509 519 519 512 522 517 
573 451 448 539 527 509 502 543 602 422 481 535 520 488 526 534 614 410 510 536 522 494 536 510 
321 666 581 521 515 521 532 500 421 574 528 516 530 512 503 516 473 524 497 493 500 517 496 534 
593 430 354 493 500 517 516 530 706 310 296 557 504 496 492 489 746 267 309 556 492 509 497 513 
469 463 346 520 502 550 522 516 547 341 321 591 543 501 474 512 563 352 327 549 522 500 506 494 
400 653 471 499 532 525 515 514 484 486 398 516 536 504 541 496 499 469 384 552 517 544 513 523 
216 808 694 519 528 501 498 487 428 596 555 480 536 523 498 483 539 485 464 484 497 488 520 496 
243 884 768 592 521 497 511 518 346 744 740 646 464 580 532 532 388 688 732 635 437 546 487 539 
297 892 702 600 566 505 543 493 281 863 802 619 465 582 529 491 296 839 810 633 447 587 505 495 
63 983 618 537 518 523 525 497 148 899 705 527 486 489 512 547 166 880 708 514 498 478 497 518 
721 990 789 820 548 461 447 492 719 940 796 809 202 521 500 486 714 930 802 419 582 543 541 547 
932 969 933 928 185 772 421 532 881 977 906 712 306 330 428 535 881 973 914 92 845 573 406 513 
1024 1024 1024 0 1017 217 614 494 1024 1024 794 230 230 234 387 498 1024 1024 0 1024 979 228 452 528 
920 904 853 132 806 570 479 503 989 840 832 65 92 441 533 510 971 855 125 798 781 719 497 507 
177 847 799 531 562 450 532 526 309 715 635 472 541 536 522 522 232 792 740 503 588 501 500 518 
968 922 957 668 402 422 473 548 878 995 941 113 830 224 477 523 882 991 963 91 130 725 492 505 
1024 1024 1024 960 64 120 519 513 1024 1024 1024 0 1023 245 647 509 1024 1024 1024 0 526 478 479 542 
1024 1024 1024 1021 3 140 766 511 1024 1024 1024 0 1024 798 462 519 1024 1024 1024 0 962 101 526 504 
1018 1016 1012 971 45 370 566 527 1019 1016 1016 197 829 774 586 498 1018 1017 1016 20 996 523 625 513 
911 990 946 894 122 706 413 477 915 990 960 632 409 381 382 485 927 976 951 359 674 624 539 537 
863 884 833 819 261 758 578 521 897 853 833 784 205 210 522 531 911 839 827 712 297 294 400 511 
651 942 882 773 418 607 576 523 689 908 872 809 228 317 608 534 721 875 845 775 250 314 637 503 
571 871 762 699 492 531 501 492 611 838 746 696 301 549 454 487 636 811 720 697 313 449 547 558 
533 772 693 629 467 565 498 505 595 714 675 617 415 601 478 524 639 670 666 588 399 576 503 521 
568 589 535 589 474 514 510 510 650 516 513 545 461 569 498 511 700 466 512 532 456 566 513 499 
342 695 583 520 534 506 496 515 465 574 507 528 501 539 520 503 576 463 424 545 522 508 490 531 
246 734 596 489 524 532 508 515 377 616 470 476 517 502 506 502 474 541 389 454 497 520 493 491 
381 640 527 471 499 491 522 516 442 579 485 508 526 525 511 533 502 519 458 554 497 543 531 525 
543 468 350 460 514 502 514 494 630 370 302 504 502 503 521 511 663 336 328 552 509 501 510 503 
411 589 556 517 554 505 517 522 435 523 560 591 523 507 498 530 478 482 536 615 501 484 483 535 
791 233 308 530 511 509 531 521 820 205 377 515 520 475 510 503 830 198 426 532 527 524 541 523 
555 830 600 605 637 462 541 485 558 821 513 563 603 370 576 494 565 827 491 553 614 378 542 480 
819 553 563 665 666 466 519 491 827 532 544 646 653 366 567 460 859 506 545 637 634 355 586 454 
423 598 494 490 520 532 497 541 661 349 300 502 513 489 513 484 741 272 271 531 531 520 513 516 
550 823 723 702 627 459 505 594 565 737 760 750 678 376 434 575 655 650 674 691 676 386 476 531 
568 456 378 467 509 497 501 513 769 255 212 527 547 507 491 507 823 201 205 576 527 503 521 527 
762 996 762 860 734 297 405 497 760 996 764 807 768 253 310 484 760 995 764 809 737 288 330 514 
1024 1022 1021 1021 690 344 369 459 1022 1022 1020 1021 721 302 319 439 1022 1022 1020 1020 707 309 320 441 
463 799 751 628 517 527 529 529 463 787 723 627 466 544 558 491 552 701 632 630 454 557 563 532 
255 952 678 583 507 541 517 495 315 897 705 622 445 561 541 544 364 847 684 579 427 537 527 496 
273 914 529 642 536 543 526 468 248 939 638 615 434 565 517 505 259 928 667 601 425 537 498 493 
224 973 525 583 500 522 510 515 275 938 640 580 425 566 533 532 276 932 658 489 531 506 533 482 
1024 1024 1024 1024 730 294 331 479 1024 1024 1024 1024 1 668 403 483 1024 1024 1024 596 428 481 584 561 
1024 1024 1024 1024 102 869 438 548 1024 1024 1024 963 61 110 426 508 1024 1024 1024 71 952 737 491 516 
1024 1024 1024 0 425 577 456 515 1024 1024 37 987 987 717 542 504 1024 1024 0 1024 389 569 513 509 
717 966 867 250 590 450 528 541 816 878 406 669 644 621 532 511 793 895 250 881 609 428 525 496 
7 541 664 521 553 497 520 532 43 586 626 542 511 503 504 497 36 638 648 545 519 558 544 489 
745 892 816 399 645 618 557 522 685 896 844 234 439 545 553 496 690 904 783 278 262 532 478 504 
653 838 748 524 499 506 505 488 719 777 712 274 667 357 516 507 782 714 655 245 386 594 529 525 
495 746 641 521 525 494 522 492 629 619 544 384 616 432 509 531 730 518 462 394 473 500 497 513 
316 718 580 562 515 525 503 530 491 561 416 478 512 488 538 491 610 444 361 506 544 513 483 512 
488 536 464 500 526 528 522 511 691 333 283 502 508 523 474 499 814 210 246 546 524 524 498 531 
368 628 439 484 506 472 479 509 511 490 347 473 499 538 482 497 604 420 338 472 514 536 512 544 
339 666 490 450 481 492 471 494 506 516 341 469 519 528 519 504 630 391 273 509 526 494 521 500 
490 700 532 596 419 594 526 505 574 606 398 432 410 479 488 522 620 624 342 447 451 487 481 515 
391 700 675 521 499 493 519 498 602 488 537 544 515 501 519 509 761 330 429 524 515 507 504 539 
171 757 623 533 517 528 503 546 324 599 490 538 476 521 522 522 418 522 433 547 513 498 509 515 
266 774 688 506 560 506 508 524 473 571 522 497 509 532 532 511 643 401 396 480 519 486 508 492 
591 905 687 697 437 596 546 499 572 896 610 626 326 677 541 506 575 923 590 586 322 625 551 536 
807 768 773 729 390 646 530 486 819 749 721 740 327 698 607 480 869 698 677 757 301 683 589 480 
482 542 428 494 488 527 528 486 579 445 407 493 537 531 509 487 636 389 443 516 514 497 488 520 
543 663 604 599 534 514 531 516 573 626 571 561 484 526 527 516 614 589 553 562 492 511 513 527 
420 691 594 608 510 529 479 520 446 659 612 651 499 492 517 538 494 620 609 622 547 506 508 508 
1023 1023 1023 1022 998 44 326 577 1023 1023 1023 1021 1008 21 314 573 1023 1023 1023 1021 1005 24 313 565 
878 853 832 852 822 265 434 561 883 838 832 839 800 217 407 566 911 813 817 841 823 226 417 543 
328 687 517 464 523 479 499 518 450 562 483 545 528 525 535 513 538 475 448 556 486 504 496 516 
314 760 701 620 523 516 508 525 363 678 722 670 521 470 524 524 418 625 676 706 509 478 489 515 
187 835 611 504 509 536 491 510 323 697 580 497 511 529 511 499 402 619 537 504 508 517 522 512 
925 1000 999 938 436 552 552 556 947 981 986 972 507 521 528 547 947 980 985 976 458 553 557 541 
1024 1024 1024 1024 312 712 711 606 1024 1024 1024 1024 312 712 711 606 1024 1024 1024 1024 312 712 711 606 
466 878 777 688 542 540 536 575 438 899 847 662 446 583 588 519 527 810 778 649 412 636 566 526 
136 824 724 563 511 509 518 507 181 759 772 609 470 502 515 536 237 704 740 567 476 492 516 507 
369 782 614 574 527 503 555 533 301 792 747 593 464 487 516 525 319 768 752 535 520 516 524 530 
140 988 510 530 501 510 560 528 172 970 712 567 458 519 526 503 185 955 744 476 523 504 524 510 
1024 1023 1020 1001 691 324 306 431 1024 1022 1020 1012 11 486 536 538 1024 1021 1021 751 272 299 391 541 
1024 1024 1024 1024 157 810 560 507 1024 1024 1024 997 27 46 492 506 1024 1024 1024 169 855 832 622 522 
1024 1024 1014 10 11 414 456 520 1024 1024 0 1024 645 421 527 513 1024 1024 0 914 112 385 529 527 
603 977 728 271 298 547 540 498 646 967 322 839 748 422 512 506 635 973 378 875 301 550 502 534 
0 473 511 509 540 519 511 531 0 545 611 484 513 523 511 494 4 592 607 528 473 490 527 530 
210 691 625 607 522 506 496 545 398 539 393 448 496 496 509 522 512 475 254 427 535 549 532 499 
114 830 746 437 522 524 540 501 232 711 675 601 534 507 514 512 418 611 426 516 527 491 506 521 
115 833 671 566 502 525 509 517 314 637 519 532 525 521 513 537 546 460 288 431 505 545 515 525 
399 911 642 434 504 524 517 545 383 923 605 306 529 500 497 507 402 905 666 441 385 552 523 568 
577 854 807 483 542 553 512 515 773 661 633 310 669 394 497 519 897 536 537 311 389 619 518 494 
98 920 425 529 509 493 528 541 189 834 496 549 507 525 538 521 299 725 553 449 526 514 517 478 
135 876 525 492 512 515 525 492 245 772 519 542 526 509 526 507 358 666 522 558 501 475 483 537 
968 995 978 974 119 625 414 440 947 1001 941 419 610 596 568 510 946 1002 949 459 578 556 507 513 
385 807 618 513 467 510 523 507 526 672 604 506 482 525 535 524 612 587 573 525 502 503 511 518 
263 646 503 520 503 508 505 532 350 566 498 524 514 516 497 514 400 529 537 563 487 523 484 544 
151 854 617 527 532 492 517 504 302 710 591 546 528 503 521 488 444 573 522 511 527 519 506 518 
852 956 950 901 255 768 581 507 834 967 967 899 153 583 430 476 886 915 918 889 139 593 453 532 
683 939 847 819 346 672 541 496 678 940 857 820 228 645 460 498 705 918 851 800 244 631 439 496 
407 443 462 549 514 526 527 517 474 383 445 565 508 512 516 518 504 379 448 572 503 490 499 527 
429 554 574 552 522 533 519 522 568 380 483 588 452 526 527 545 660 289 452 561 492 471 511 522 
208 820 691 538 510 530 498 491 373 655 613 496 532 536 537 539 528 500 503 514 516 501 512 487 
1024 1018 1015 1014 330 685 572 509 1024 1018 1015 1013 333 683 577 506 1024 1018 1015 1013 331 688 570 506 
865 831 800 818 419 630 569 508 870 817 800 826 391 619 589 511 923 764 767 841 395 643 563 519 
114 910 629 471 505 512 537 549 242 780 640 544 521 489 514 489 347 672 592 526 500 517 540 491 
644 852 731 706 448 588 511 508 592 873 804 743 356 663 554 512 649 812 753 769 331 633 526 493 
3 1021 718 438 519 510 507 492 46 978 880 501 506 502 512 511 130 894 855 553 554 460 514 522 
853 1010 990 885 238 768 599 500 874 995 984 946 141 852 602 499 883 984 978 951 116 721 622 550 
1020 1019 1010 1006 176 836 649 505 1020 1019 1011 998 30 851 594 507 1020 1019 1010 989 39 768 542 473 
555 807 749 677 514 537 527 492 570 784 731 659 348 596 482 491 654 699 669 621 378 541 525 519 
306 926 694 549 474 537 495 506 382 855 673 647 440 503 528 515 451 783 624 563 477 468 517 513 
503 903 738 689 485 552 557 515 456 946 756 684 349 456 543 522 471 933 764 612 419 432 555 506 
97 931 590 508 516 522 513 505 137 893 640 534 499 514 545 501 154 871 640 532 492 528 515 532 
502 934 619 634 390 553 532 510 480 920 697 625 399 397 506 541 479 912 709 361 655 566 550 502 
436 969 580 697 354 530 530 482 409 999 697 516 528 479 482 517 409 998 696 354 684 513 532 505 
732 664 469 576 568 528 500 491 682 703 353 686 358 590 525 512 681 705 351 448 609 583 515 506 
215 927 727 509 460 541 536 512 266 897 628 727 492 558 517 474 288 860 611 623 509 519 504 492 
0 1019 299 584 430 528 476 538 0 1022 579 410 561 512 520 509 0 1022 599 413 589 525 526 502 
10 1006 566 493 496 512 532 509 58 963 678 539 513 520 507 521 172 851 667 512 546 532 510 498 
196 780 597 491 529 518 512 504 306 711 491 525 508 524 525 528 410 623 426 577 536 502 522 536 
111 863 505 532 519 511 516 504 247 727 501 560 493 529 525 499 375 613 484 542 532 511 499 519 
465 959 777 371 657 524 513 503 421 992 827 352 373 498 538 512 495 919 662 562 511 532 543 514 
554 722 629 426 577 503 506 519 764 520 500 384 443 544 511 493 861 423 343 542 498 552 523 513 
125 609 629 538 493 516 515 520 204 588 570 599 497 549 528 526 349 520 407 506 507 503 491 533 
63 955 687 498 516 524 485 506 197 827 739 502 501 530 521 498 356 668 664 550 495 519 485 475 
979 980 983 914 156 222 562 465 944 1010 964 82 966 677 517 531 957 997 972 60 921 418 543 497 
200 903 749 495 530 499 490 522 474 634 608 484 522 535 495 529 654 454 466 491 514 511 515 525 
212 609 501 568 489 476 502 530 249 606 467 531 516 527 491 495 274 624 471 535 501 511 519 513 
170 852 607 500 507 526 527 491 365 659 601 527 506 521 478 505 518 506 541 531 515 526 491 517 
762 986 958 879 200 788 465 520 770 964 976 742 308 296 376 479 826 910 923 745 307 309 521 545 
704 899 831 800 249 718 464 512 725 878 826 720 280 285 505 517 748 856 831 698 300 298 545 495 
251 768 383 468 498 526 531 513 339 683 379 481 542 541 508 498 411 613 381 527 518 518 524 521 
406 846 680 619 393 527 510 516 489 761 569 597 462 452 510 518 576 679 526 581 435 488 534 531 
140 882 592 521 489 518 483 510 286 732 564 501 500 517 508 531 397 627 518 509 504 526 516 489 
666 895 804 743 319 687 522 507 683 875 784 756 283 614 437 508 699 865 801 731 265 609 429 515 
484 854 755 657 416 587 499 524 541 796 708 638 372 571 517 492 598 740 677 635 398 550 491 522 
128 875 641 504 504 486 520 515 266 748 603 515 525 512 495 495 360 658 561 496 501 492 522 492 
282 904 570 568 484 539 520 496 324 862 622 577 457 550 484 507 360 833 649 576 450 541 496 526 
139 863 581 481 528 520 521 501 250 764 611 508 497 514 508 499 308 713 610 522 508 507 515 516 
271 723 591 540 533 517 508 539 338 637 597 593 564 515 490 519 379 600 582 610 547 491 480 508 
58 887 591 456 526 531 515 515 107 788 587 513 537 545 515 510 137 780 571 504 512 492 498 502 
147 871 577 513 494 514 514 517 292 721 551 448 506 501 503 513 342 676 519 472 488 522 508 521 
107 912 640 467 533 501 533 536 208 810 690 514 505 528 510 508 261 759 670 534 518 510 531 500 
10 1012 398 550 525 533 543 521 36 988 694 482 484 502 514 502 51 973 773 451 522 521 511 543 
4 1017 451 524 524 484 497 505 36 988 669 503 549 514 512 526 50 974 729 551 533 528 513 502 
293 824 513 535 538 512 514 543 292 823 582 414 644 487 503 541 288 792 625 436 427 540 543 501 
600 794 775 549 546 520 497 499 561 780 785 351 784 361 599 522 558 774 758 379 319 505 576 526 
203 726 717 397 569 498 540 500 608 318 413 662 636 528 502 491 611 304 621 478 468 517 518 504 
0 1019 822 492 529 510 485 515 173 840 699 788 647 513 499 516 190 827 792 628 562 538 507 527 
0 978 567 461 583 527 519 510 0 978 870 214 557 582 490 486 3 1000 818 214 599 539 513 532 
9 1003 583 453 505 478 539 509 42 982 802 538 496 503 510 521 151 873 794 573 534 518 509 514 
13 931 570 451 507 473 526 529 120 890 552 542 538 537 508 529 305 718 445 516 476 530 494 514 
91 864 566 487 498 496 521 511 209 775 543 494 514 533 491 517 352 663 462 485 502 526 517 480 
388 913 727 361 568 436 540 506 375 920 619 534 529 531 523 520 460 840 493 662 611 527 487 513 
294 859 619 483 507 546 531 502 479 691 560 489 471 502 537 528 630 546 380 578 564 484 527 488 
155 806 381 481 532 505 495 492 257 756 378 497 525 511 513 517 349 674 395 533 498 540 513 548 
110 840 569 516 548 522 498 494 263 704 580 521 511 522 524 522 367 621 560 555 514 492 546 490 
521 747 760 468 580 542 518 509 565 703 723 349 655 392 534 531 644 650 671 360 440 547 509 545 
263 751 567 528 517 523 522 493 510 510 455 512 514 497 560 519 611 420 425 520 500 543 495 507 
191 822 477 495 487 489 498 494 307 709 485 525 527 517 536 510 375 656 515 522 505 509 528 511 
305 639 539 536 524 532 508 518 489 472 515 521 533 528 493 500 584 411 469 490 508 499 491 501 
166 545 774 629 449 455 523 520 238 458 734 639 478 497 512 507 319 435 656 622 575 485 476 516 
266 827 579 540 473 509 513 519 359 712 586 458 542 518 500 526 430 654 581 449 552 512 509 511 
97 897 382 504 500 526 499 486 162 847 434 561 494 505 527 529 215 796 488 553 511 498 537 519 
419 588 506 502 511 515 510 526 462 563 557 546 531 488 500 465 505 528 610 555 533 492 487 534 
532 221 595 603 509 554 524 530 564 213 618 609 557 508 503 531 602 232 612 545 559 492 533 520 
436 602 817 849 300 535 487 519 446 538 849 728 367 436 471 536 452 555 828 695 430 454 439 511 
623 873 819 735 320 669 401 578 619 853 835 687 387 379 419 542 696 780 774 661 388 390 379 528 
101 921 652 473 482 529 547 485 175 849 780 495 520 513 517 504 300 724 723 536 491 481 533 507 
9 1010 394 560 489 500 528 537 43 981 693 470 536 515 499 537 82 942 826 462 488 524 522 543 
5 1001 299 499 494 501 509 497 57 959 514 462 478 500 495 522 100 921 600 450 521 509 492 522 
531 855 690 678 338 472 488 450 536 856 683 580 427 416 431 472 542 850 675 293 703 656 624 559 
994 1005 994 995 53 560 445 410 987 1009 977 711 306 309 307 403 986 1010 972 247 766 746 665 609 
682 868 816 761 311 477 526 532 631 911 810 462 572 543 502 529 676 866 794 275 722 620 558 507 
53 952 640 486 485 494 501 524 131 886 656 583 533 500 504 496 189 834 631 584 502 525 496 523 
14 967 445 574 524 492 527 504 65 931 594 541 519 515 518 520 84 915 637 506 519 495 504 514 
100 930 339 497 528 512 530 507 109 940 473 514 515 511 498 516 111 934 488 531 489 495 508 505 
964 974 904 450 563 555 552 570 936 1004 983 46 979 206 748 519 933 1005 953 68 112 762 641 477 
1004 935 910 434 584 516 492 501 941 985 968 58 788 277 546 485 937 985 825 205 220 280 595 542 
0 901 398 568 506 505 517 520 692 260 228 435 398 544 483 520 729 235 215 487 685 539 515 528 
0 1009 848 501 472 537 500 489 259 764 709 727 549 478 511 521 273 750 752 675 546 504 524 544 
12 1008 608 442 576 499 517 484 47 976 810 225 498 552 476 527 88 936 747 242 495 516 565 502 
47 751 653 490 536 534 541 502 133 692 695 544 525 535 517 519 259 588 625 536 497 537 534 515 
20 886 482 510 530 534 527 511 92 899 528 503 508 524 517 533 192 824 518 518 535 479 521 530 
12 843 596 496 534 515 500 511 90 861 641 504 511 531 535 492 228 763 538 508 506 498 513 491 
201 465 816 475 539 486 497 523 286 337 655 598 597 500 533 522 348 339 540 615 469 529 503 528 
100 954 586 489 513 508 519 507 236 831 703 534 510 525 515 508 413 648 582 536 543 495 507 533 
183 841 672 502 512 526 542 480 476 548 528 521 499 517 507 502 679 345 406 496 510 515 501 518 
29 405 741 563 521 518 512 511 86 545 527 516 497 510 515 524 136 589 408 514 514 523 526 534 
739 819 878 233 799 447 526 544 732 737 909 253 207 658 391 489 733 775 730 386 329 349 475 507 
272 875 609 492 554 492 496 483 480 678 558 448 465 543 506 506 590 568 492 486 452 482 491 511 
80 802 621 509 536 515 512 523 235 767 567 522 533 519 491 506 352 630 519 509 498 496 528 500 
90 418 622 492 523 521 516 512 179 751 330 511 487 503 482 473 219 586 380 467 515 504 511 479 
634 785 840 658 429 443 535 510 628 891 735 183 787 376 578 502 625 903 708 157 570 473 550 503 
736 903 772 718 355 339 507 509 758 891 773 233 803 593 448 522 771 874 781 224 708 443 547 486 
81 821 505 503 520 522 514 545 187 785 477 533 528 548 511 506 257 702 482 531 506 518 516 543 
169 723 536 503 536 516 534 495 262 711 526 510 498 515 497 526 317 630 549 549 536 515 505 525 
49 369 649 511 536 521 546 522 64 799 258 487 541 508 523 510 69 577 464 493 502 471 573 510 
609 686 793 628 428 480 487 492 595 811 660 483 502 504 498 496 580 721 735 459 601 553 506 510 
879 990 937 843 215 370 548 472 867 993 913 457 539 548 503 466 870 990 918 349 652 634 547 513 
236 753 457 530 506 515 494 510 310 681 507 527 513 527 512 512 374 626 530 500 496 505 484 518 
232 753 588 498 519 523 484 502 416 578 469 500 505 502 521 547 481 523 426 512 501 506 523 508 
57 950 534 547 510 509 484 507 151 861 572 490 527 481 522 523 214 801 577 475 494 488 522 526 
921 1001 954 850 147 288 640 559 925 1003 978 339 683 680 641 521 925 1002 973 83 940 877 598 490 
1024 1024 1024 1023 1 156 828 573 1024 1024 1024 178 846 846 800 589 1024 1024 1024 1 1023 1016 659 447 
795 901 875 823 235 281 651 483 701 986 950 254 802 762 634 483 734 953 933 215 829 553 497 577 
4 1020 502 555 470 514 492 487 18 1006 719 510 535 533 524 526 26 998 809 499 530 496 520 557 
14 1010 459 515 518 509 514 531 57 967 693 487 504 514 522 529 77 947 733 503 493 523 490 529 
2 1018 352 584 496 515 504 503 41 983 597 540 503 508 511 518 54 970 655 523 515 506 548 517 
862 977 809 262 791 669 559 490 854 995 929 88 570 437 524 503 851 995 705 317 297 401 543 560 
732 845 721 300 680 609 499 498 654 910 676 284 346 598 535 525 652 891 481 503 503 459 526 512 
0 935 361 629 560 502 517 491 624 352 307 272 511 542 529 506 683 305 255 351 612 487 501 517 
0 1022 897 434 488 452 517 512 195 829 797 654 426 538 484 494 213 811 779 685 381 563 518 494 
1 927 365 642 591 479 544 513 11 958 460 577 582 527 528 500 24 964 406 611 579 503 506 500 
6 450 695 615 496 512 514 503 24 593 562 558 519 516 524 505 59 689 428 525 508 519 502 486 
13 928 480 531 507 510 491 514 96 887 616 510 522 520 513 537 202 812 629 514 501 488 513 533 
0 663 425 490 494 508 497 541 6 877 291 473 532 508 508 492 21 943 272 563 486 482 482 490 
431 709 528 463 478 507 504 496 432 774 256 559 564 484 487 516 435 841 183 591 387 564 505 529 
96 794 520 504 521 539 534 536 199 813 522 535 511 505 533 518 288 715 502 510 510 499 498 514 
46 603 531 543 502 501 487 515 140 770 538 524 530 519 531 513 217 594 580 499 516 502 504 505 
23 642 271 472 505 544 507 506 23 949 248 500 500 520 498 503 26 845 376 554 521 488 532 541 
292 292 558 510 516 454 521 518 309 661 511 507 436 476 486 513 303 383 704 479 515 522 509 507 
65 431 519 567 543 509 530 488 132 785 413 463 501 532 504 522 155 554 550 492 537 515 509 525 
14 226 499 580 539 526 530 491 56 665 451 492 508 540 506 488 62 321 717 483 554 518 533 511 
0 1 354 674 558 503 513 518 0 234 780 492 525 502 527 544 0 17 782 373 514 487 506 496 
232 323 603 488 568 511 527 525 232 659 573 441 530 492 494 542 230 379 765 369 448 547 502 508 
276 538 586 485 507 501 520 511 284 672 500 516 487 512 529 520 276 588 564 500 487 528 520 538 
14 445 566 470 529 541 518 510 38 664 530 509 501 524 512 536 47 549 632 491 473 517 500 503 
1 83 644 428 495 484 498 502 7 489 574 498 506 515 527 523 7 143 818 409 529 497 530 474 
0 2 588 465 550 519 537 506 0 171 835 495 522 523 508 508 0 8 746 415 561 501 513 501 
66 168 779 410 515 506 507 512 71 441 601 551 518 510 507 545 65 199 794 464 520 504 535 531 
219 551 624 496 546 526 480 522 218 708 484 528 510 540 485 491 220 623 541 500 494 514 527 499 
109 882 384 549 512 475 522 519 175 847 486 509 513 537 500 517 223 799 541 514 508 504 495 508 
49 965 514 572 493 500 512 531 183 841 631 445 525 496 531 487 268 756 625 463 499 493 519 525 
4 1016 451 477 550 520 501 504 17 1007 725 470 488 508 492 537 34 990 804 486 489 533 503 514 
829 993 790 484 513 471 568 493 837 989 800 252 742 528 522 521 837 986 782 243 535 575 514 512 
1024 1001 809 466 575 536 555 505 1024 987 771 231 794 519 553 510 1024 986 752 217 529 601 515 511 
795 930 849 425 606 605 566 483 730 984 884 206 763 347 592 498 752 962 894 206 474 568 483 531 
0 1017 148 631 534 516 524 495 0 1024 505 500 486 513 531 489 0 1024 642 437 539 518 517 536 
0 638 456 528 529 525 509 543 3 964 365 484 501 499 508 536 4 779 573 543 526 469 513 491 
4 593 517 532 456 503 514 512 6 794 381 466 483 490 502 491 242 590 551 564 498 507 519 530 
190 787 285 434 536 533 504 490 135 789 336 436 489 468 551 526 239 796 520 614 478 518 510 506 
49 509 512 485 515 524 507 511 35 366 664 434 547 499 490 516 19 579 551 448 486 518 524 482 
2 361 505 608 574 506 538 523 176 227 662 405 474 515 485 499 196 210 529 518 570 497 516 486 
0 895 656 623 437 507 504 509 47 858 768 644 437 587 507 533 55 855 774 623 401 534 488 511 
0 783 251 811 630 493 491 510 0 908 182 743 711 535 509 482 0 946 117 781 650 510 512 506 
4 935 227 486 536 507 504 521 22 981 345 543 498 493 520 494 53 961 444 591 507 518 507 524 
1 995 282 549 520 537 530 533 18 1006 681 474 512 519 512 526 74 950 824 511 481 505 518 525 
0 519 466 550 511 477 506 504 0 721 403 601 507 504 529 514 1 790 379 555 521 515 525 500 
38 272 347 580 534 494 542 498 55 464 567 575 527 519 529 512 52 362 581 504 501 511 520 482 
0 43 333 713 524 514 535 513 3 317 719 511 505 507 497 509 3 108 750 407 520 507 498 536 
0 0 147 823 485 544 524 516 0 166 824 417 520 531 519 528 0 20 579 545 561 516 528 513 
0 0 246 722 560 513 539 525 0 461 569 545 480 465 539 498 0 35 826 431 523 538 507 512 
0 45 210 759 491 526 502 495 0 229 772 454 521 517 496 499 0 48 777 444 480 507 480 506 
0 0 177 706 514 509 540 514 0 267 711 490 537 533 501 541 0 16 756 462 495 502 558 512 
0 0 173 791 506 516 494 521 0 249 745 488 539 525 493 505 0 5 676 463 529 501 499 521 
0 0 129 817 529 518 510 506 0 88 923 488 535 526 474 502 0 0 614 448 503 504 505 496 
10 85 255 767 565 490 528 523 24 184 829 459 510 489 504 503 22 83 626 478 499 520 533 502 
2 152 400 600 590 510 519 502 2 297 725 503 453 532 520 535 1 181 628 460 535 495 498 520 
237 332 541 473 498 500 530 514 273 328 639 485 505 495 522 516 239 280 625 468 505 486 502 524 
202 239 504 607 563 519 522 500 213 185 716 400 519 519 530 477 196 136 449 562 538 529 507 503 
1 101 335 690 616 495 521 536 1 15 744 411 559 504 498 502 2 123 307 669 527 533 511 499 
73 98 567 489 548 522 498 513 75 169 851 442 492 534 496 521 70 100 663 444 518 514 510 531 
202 354 715 362 487 481 527 535 195 498 643 425 507 530 493 517 192 340 745 370 434 515 518 488 
36 434 599 425 521 511 483 521 47 570 603 551 501 521 513 497 42 499 666 422 507 538 520 526 
1 963 172 548 494 535 478 529 3 1011 390 535 540 523 510 494 7 1015 550 481 485 513 515 501 
0 1008 282 473 510 528 496 498 1 1023 523 545 488 494 531 508 4 1020 681 528 511 538 501 511 
735 970 737 313 673 551 525 519 725 975 850 196 531 479 482 517 722 973 850 217 265 518 531 505 
804 926 862 210 817 722 503 523 805 967 938 197 613 404 447 537 957 823 794 182 170 463 532 483 
631 785 819 338 712 575 531 532 587 812 852 268 443 530 473 532 634 788 780 292 310 448 544 491 
1 935 258 485 476 528 502 521 14 963 367 613 545 524 538 491 7 957 506 565 521 524 532 499 
130 288 751 413 522 489 483 518 140 629 438 492 505 507 502 512 162 438 657 589 491 528 493 481 
63 605 454 549 551 489 530 507 78 581 489 446 448 509 498 496 427 572 465 409 528 516 505 505 
43 798 321 349 633 523 495 530 71 675 418 393 528 537 526 501 179 741 553 566 507 511 513 500 
9 374 677 476 492 524 510 530 21 320 717 454 502 499 498 498 23 612 489 557 515 529 547 529 
220 342 462 556 511 544 529 522 224 382 436 509 541 474 510 521 218 413 467 545 511 510 505 527 
24 920 556 630 549 526 491 494 25 921 873 392 456 482 503 525 24 924 830 387 555 488 544 534 
79 671 273 721 631 460 502 518 79 691 303 696 653 548 478 515 77 677 287 711 583 470 504 502 
41 611 452 516 537 494 501 518 43 773 381 463 509 478 505 516 45 826 397 457 489 494 526 533 
1 688 368 502 497 526 522 500 2 905 277 496 541 513 546 478 13 954 418 554 484 513 535 526 
21 381 545 575 507 523 506 529 6 477 534 482 503 511 523 522 115 669 469 485 530 492 512 490 
76 351 370 611 527 491 502 494 40 298 705 369 497 526 511 526 322 230 500 556 507 505 474 505 
156 269 403 622 515 498 499 470 111 334 681 515 505 515 489 509 245 295 612 480 500 512 543 499 
44 78 156 797 397 482 527 512 45 119 547 548 484 506 530 547 52 90 305 674 484 515 525 507 
0 31 315 768 408 483 520 522 0 88 619 595 493 518 531 500 0 112 375 653 452 511 518 544 
9 213 340 652 439 462 508 486 15 238 512 606 490 509 518 513 7 232 387 651 463 519 537 517 
0 8 262 750 409 496 539 507 0 47 447 663 532 506 495 545 0 64 327 718 422 473 508 496 
15 104 443 679 468 509 534 479 19 175 657 548 506 503 498 498 20 221 486 606 531 499 509 519 
293 125 262 707 484 533 524 513 321 112 557 506 525 527 520 526 326 107 399 627 501 475 505 520 
22 278 465 655 494 508 506 528 40 348 573 524 535 494 507 511 31 420 403 623 507 518 518 515 
10 245 360 618 550 533 523 544 8 185 586 531 558 521 514 525 2 253 464 504 526 507 524 524 
1 70 415 613 501 520 503 511 2 100 535 557 571 514 515 501 1 226 308 635 492 514 527 535 
11 33 447 577 561 508 520 529 11 180 673 355 511 509 531 517 35 181 620 538 525 479 511 499 
0 169 416 653 538 520 495 529 4 408 518 510 480 521 501 518 7 587 503 495 527 510 522 523 
0 59 411 616 644 530 520 497 0 170 609 425 571 490 511 523 0 208 535 527 599 499 510 506 
18 100 617 474 515 503 518 483 23 107 829 367 497 516 503 506 21 99 544 549 595 519 511 506 
33 98 765 457 499 523 506 508 33 149 811 471 504 519 532 511 33 148 646 497 474 491 520 474 
0 687 344 538 510 521 504 516 0 864 250 558 484 513 515 518 0 880 319 530 507 525 484 512 
0 879 217 424 492 494 545 503 0 969 251 457 561 524 519 504 0 1005 308 504 505 515 502 505 
276 860 366 419 486 512 506 484 281 886 404 426 453 517 486 520 292 884 359 486 518 541 518 511 
126 315 566 596 503 492 500 529 173 652 755 460 566 550 489 492 517 356 431 490 557 546 511 485 
0 67 940 106 755 556 536 517 22 90 924 251 669 561 493 512 22 92 941 451 591 505 511 522 
5 523 604 509 493 486 508 529 38 620 547 481 516 469 530 523 38 773 428 469 494 493 526 516 
17 427 751 488 495 517 522 504 5 450 734 522 518 512 551 519 8 525 633 461 494 530 513 482 
0 174 503 496 592 504 503 510 0 333 687 463 447 514 537 502 0 232 561 534 547 489 515 503 
11 387 367 632 548 501 491 517 43 406 672 486 473 510 519 528 18 393 486 584 576 490 526 533 
21 233 493 520 544 499 511 530 14 251 712 435 502 503 503 501 5 239 548 546 528 529 524 494 
108 26 407 484 580 589 541 497 106 19 259 639 608 561 525 492 104 17 164 654 680 535 540 494 
9 964 517 514 544 516 527 504 10 958 695 363 657 555 528 523 10 958 680 359 675 517 494 508 
58 556 281 653 459 523 509 519 56 550 246 786 409 499 517 498 55 524 237 733 415 486 519 552 
511 230 754 598 546 527 525 476 517 343 624 651 440 485 524 523 515 335 633 463 597 505 487 491 
3 569 472 577 509 507 496 510 4 754 371 605 505 500 518 513 4 834 468 498 474 509 512 517 
0 127 443 641 639 536 488 500 0 143 181 743 362 472 546 507 14 879 550 532 570 536 514 506 
0 61 378 677 677 548 516 511 0 33 125 788 381 455 479 518 16 908 651 602 578 508 490 530 
16 557 488 506 578 538 513 509 14 377 452 654 446 517 536 499 205 738 545 562 529 523 514 513 
118 627 496 551 497 488 501 540 106 458 573 525 510 504 461 523 524 343 660 422 502 522 473 518 
29 238 538 612 486 521 494 487 24 213 514 631 433 551 513 511 51 160 579 601 467 488 510 520 
13 281 622 527 505 501 527 530 20 454 621 525 528 502 494 502 15 214 802 528 507 523 505 527 
0 54 417 655 570 510 538 513 0 235 449 539 594 475 494 521 0 85 624 566 479 522 505 530 
39 371 682 464 475 530 526 519 48 569 517 510 565 506 505 492 56 394 674 603 528 534 511 531 
543 260 560 524 493 533 521 524 587 342 492 488 569 518 488 536 599 249 611 552 547 514 534 502 
46 409 720 517 471 514 499 519 84 705 406 456 503 539 500 542 73 590 628 625 479 525 508 503 
6 111 742 351 554 531 495 494 9 401 576 481 445 518 498 514 9 410 740 514 499 515 513 531 
0 93 676 413 503 516 524 527 0 366 514 608 562 557 509 508 0 501 533 489 520 514 524 513 
0 22 740 313 436 513 503 483 0 263 697 403 481 497 507 507 0 137 827 382 515 496 520 513 
1 133 785 339 460 473 526 531 3 359 585 347 477 537 506 534 3 236 809 380 530 520 517 512 
0 126 788 372 456 519 527 521 6 218 776 320 459 499 537 529 3 185 824 348 463 490 513 490 
55 262 748 377 498 509 473 497 62 346 647 350 485 515 528 530 60 279 680 442 536 520 504 535 
24 327 749 404 518 473 528 523 24 339 740 473 506 512 494 543 24 341 737 497 502 504 530 522 
131 569 685 545 473 513 491 510 108 532 686 489 558 519 512 503 153 662 503 496 516 550 504 489 
160 732 456 545 544 505 515 529 96 713 537 549 511 538 541 496 146 850 641 401 492 518 505 471 
95 749 429 455 499 538 496 526 111 715 445 440 494 487 512 544 114 851 402 437 495 527 502 527 
75 169 672 478 512 522 515 520 75 568 641 341 517 500 519 522 263 428 642 429 535 523 478 515 
50 190 776 434 545 523 506 519 57 388 641 543 528 551 507 532 59 335 810 469 555 514 505 522 
51 433 766 473 559 528 512 515 119 508 628 643 585 556 523 523 211 318 694 389 585 518 509 508 
79 467 623 487 511 525 514 508 75 467 674 491 522 481 524 524 111 470 618 443 498 502 478 496 
0 0 70 954 701 482 491 509 0 0 231 793 773 431 469 542 0 0 43 981 700 484 504 509 
0 2 68 954 322 650 531 492 0 9 149 885 700 466 516 506 0 6 92 940 252 612 511 514 
0 213 380 626 477 532 526 503 0 248 383 644 574 495 519 506 0 219 358 663 422 564 519 521 
210 36 326 491 627 549 503 521 213 32 262 522 636 589 521 551 208 32 232 413 625 577 530 516 
0 928 424 601 545 530 530 501 0 946 493 524 711 496 491 528 0 962 456 543 602 486 547 502 
263 442 428 514 432 523 512 516 258 486 390 550 367 526 525 524 256 438 359 567 471 492 508 485 
757 83 761 320 496 565 517 495 757 68 800 256 713 433 474 504 755 42 754 293 341 559 510 492 
114 761 327 670 446 553 497 527 115 732 488 567 495 500 510 513 117 713 761 357 457 502 490 493 
78 492 392 520 510 531 505 525 96 491 348 600 497 513 500 526 96 570 377 574 497 484 496 515 
25 327 513 466 481 544 537 488 29 323 331 655 527 518 484 475 29 767 303 474 525 496 505 527 
7 120 401 662 507 522 517 515 4 116 333 746 442 503 525 536 6 243 396 694 471 485 532 523 
5 343 320 585 476 496 499 504 7 338 298 579 506 511 488 513 8 362 321 574 494 508 510 496 
66 559 508 550 454 492 521 519 72 573 461 535 482 518 520 510 73 577 467 521 499 507 496 528 
93 756 579 503 522 518 507 505 112 843 553 527 474 503 511 520 112 771 622 590 490 510 510 514 
236 431 527 493 544 524 512 517 255 562 442 471 560 539 515 490 271 490 460 536 456 531 519 492 
185 456 569 490 503 511 507 507 213 745 371 435 564 497 523 498 228 529 574 634 477 503 522 513 
99 508 729 522 498 500 527 517 220 700 413 459 519 483 519 493 242 506 564 492 532 528 524 504 
180 450 681 380 463 510 486 524 232 693 418 509 569 492 526 481 230 574 535 458 506 530 495 489 
97 508 731 441 476 524 522 521 163 792 419 602 523 522 524 513 167 680 522 455 524 513 515 504 
36 743 620 529 506 532 521 532 84 884 486 623 556 537 477 521 77 857 524 538 548 517 467 527 
34 924 493 528 539 502 519 519 66 938 581 528 527 490 530 501 50 964 582 522 522 507 494 507 
181 792 499 402 497 506 499 492 188 803 545 480 518 508 520 501 191 819 535 519 518 484 500 508 
418 568 468 444 458 500 523 505 401 584 509 482 490 524 528 494 410 587 496 481 481 533 502 509 
508 502 443 474 510 527 493 472 512 487 455 446 536 543 497 507 514 487 451 448 529 536 497 485 
94 927 738 557 486 540 516 510 104 916 776 545 540 493 502 543 117 903 770 534 548 504 508 550 
66 613 607 506 525 519 460 504 72 565 653 387 528 495 516 526 73 752 507 399 521 512 516 515 
8 391 637 355 504 513 469 495 8 345 655 341 387 510 521 513 21 643 486 449 517 496 497 527 
534 503 509 412 529 510 523 510 535 489 518 359 502 544 495 515 536 546 491 429 515 483 516 516 
191 852 273 470 534 535 522 509 161 854 311 620 505 518 499 503 173 835 539 488 541 505 502 519 
80 821 517 702 537 496 512 517 86 819 508 685 550 508 521 515 73 835 515 686 574 522 510 531 
232 673 481 545 485 476 513 516 241 683 476 529 571 524 489 491 229 689 542 518 498 493 507 514 
356 596 220 474 543 501 494 525 374 597 197 496 536 567 519 523 364 639 208 459 578 535 525 516 
280 431 472 459 525 492 520 512 316 467 430 428 568 502 505 530 379 470 313 347 467 501 507 502 
90 492 707 514 481 499 518 505 90 590 680 586 518 491 481 506 59 649 667 597 559 511 522 486 
5 826 726 479 523 477 519 525 1 877 751 465 452 529 523 496 1 878 724 434 518 520 521 469 
915 109 116 649 550 496 503 523 934 90 131 720 576 450 522 513 903 121 124 484 451 510 496 501 
0 962 344 458 402 515 500 489 0 993 446 512 459 495 513 518 0 994 397 573 461 485 512 553 
426 529 418 431 467 486 526 505 420 490 414 498 472 570 496 510 420 479 332 485 562 531 525 500 
917 296 300 618 468 548 488 512 911 295 375 590 498 502 531 526 901 284 256 640 454 489 518 504 
78 760 497 558 508 515 512 501 94 747 592 576 463 478 525 514 114 722 704 499 445 486 499 539 
0 925 211 423 489 499 529 518 3 853 309 475 503 488 500 501 17 991 524 517 506 519 513 518 
0 821 250 432 498 527 508 495 0 653 389 516 541 496 500 508 2 996 663 454 476 535 514 538 
0 821 526 509 538 510 510 516 0 766 528 500 549 520 488 509 38 872 630 493 566 539 490 517 
33 989 587 539 526 496 509 494 27 973 563 526 501 520 541 527 119 905 670 610 523 495 495 494 
65 959 635 629 506 518 526 518 68 956 683 598 536 508 516 529 83 941 683 582 501 502 502 513 
363 661 660 549 494 504 494 524 357 667 666 591 473 501 530 526 355 669 668 600 482 498 516 519 
128 896 788 407 512 505 523 497 142 882 811 429 514 522 528 524 141 883 809 436 511 505 499 498 
96 928 869 397 522 506 510 521 121 903 882 421 543 527 534 504 121 903 878 449 539 501 516 501 
276 748 736 596 533 525 492 529 316 708 695 596 524 509 524 524 325 699 686 587 523 529 514 521 
526 498 490 623 564 523 468 499 516 508 500 606 569 532 533 504 522 502 495 615 556 530 500 514 
573 451 438 528 491 499 500 538 560 464 457 524 483 497 493 534 563 461 455 531 488 497 493 540 
581 443 425 458 487 500 494 503 579 445 438 454 497 488 527 524 588 436 433 465 481 490 532 513 
603 421 349 541 506 504 517 515 614 410 352 526 518 534 506 513 629 395 338 530 518 531 488 507 
858 166 152 442 522 503 545 489 841 183 170 425 522 524 520 537 859 165 157 449 505 532 513 517 
982 42 132 555 512 516 498 549 950 74 150 532 519 537 498 536 948 76 160 529 534 534 503 505 
1022 2 167 779 551 550 488 501 1021 3 119 750 515 515 523 502 1021 3 116 767 511 529 527 493 
924 100 97 469 506 543 492 503 902 122 119 458 505 498 503 511 911 113 111 480 498 499 504 536 
600 424 424 448 514 524 504 511 554 470 470 482 519 521 495 475 656 368 368 404 520 483 483 490 
287 737 737 688 509 525 477 506 237 787 786 686 550 524 513 502 410 614 614 598 498 522 523 514 
841 216 629 542 548 501 555 497 830 197 652 538 537 519 511 514 871 155 611 476 519 522 489 511 
929 104 389 671 564 501 488 489 944 80 337 706 533 523 533 535 973 51 335 681 529 533 517 520 
672 352 314 614 497 521 527 492 630 394 356 540 504 492 486 503 628 396 350 542 496 467 495 519 
55 969 442 552 573 525 516 521 52 972 654 438 434 503 491 497 49 975 702 394 493 527 502 503 
0 1024 386 627 509 502 558 519 0 1024 475 581 506 517 497 485 0 1024 534 516 528 518 534 541 
5 1006 309 584 485 484 529 494 0 1024 317 578 551 496 524 516 3 1021 457 573 519 515 515 510 
29 938 476 588 522 498 526 519 22 982 505 603 552 511 523 533 22 984 632 590 545 492 541 514 
0 861 661 574 518 526 516 528 0 875 652 610 505 541 501 494 0 889 598 637 451 514 508 525 
659 287 319 329 535 501 519 536 721 221 248 367 529 502 516 532 608 334 350 281 538 524 495 539 
0 1024 726 290 481 487 528 521 0 1024 835 198 558 486 535 514 0 1024 800 213 449 475 476 508 
0 217 156 299 610 512 447 539 0 262 123 313 675 533 457 503 0 250 129 277 650 551 455 511 
59 43 89 440 670 472 492 502 57 34 69 460 678 426 469 520 56 34 69 428 655 462 488 532 
140 669 731 670 555 518 497 515 92 709 723 711 542 507 545 497 132 669 686 739 513 509 511 494 
50 927 879 555 491 525 513 508 44 957 861 494 535 498 533 501 168 856 837 645 498 512 516 472 
115 858 457 518 470 520 514 513 102 874 502 485 488 503 517 523 214 810 797 585 528 508 516 544 
54 970 843 498 509 514 511 519 67 956 794 393 518 499 510 496 116 908 910 742 507 510 478 506 
0 1024 805 334 532 517 515 532 0 1024 931 193 570 541 516 525 19 1005 992 535 514 506 507 509 
0 1024 286 695 490 512 497 505 0 1024 488 562 531 525 515 537 0 1024 456 577 551 526 523 522 
50 974 753 472 508 509 506 490 44 980 813 456 514 506 527 532 41 983 800 453 518 512 529 534 
21 1002 296 655 511 508 511 512 18 1006 479 551 524 525 515 533 19 1005 420 591 533 512 512 515 
60 961 401 606 513 487 513 480 72 952 450 604 502 510 517 483 71 953 425 610 505 506 527 482 
111 913 627 638 494 521 526 521 136 888 646 613 522 542 508 539 136 888 628 621 517 504 521 537 
550 474 423 442 464 505 525 504 520 504 455 457 467 521 509 506 514 510 460 460 467 533 503 491 
350 674 641 486 516 537 501 503 346 678 644 481 512 548 513 496 340 684 648 480 512 556 500 510 
29 995 663 512 523 504 532 537 40 984 738 474 492 520 539 505 42 982 731 486 491 515 522 489 
1 996 544 474 508 491 520 526 2 1005 672 387 499 515 492 526 2 1005 646 403 495 478 498 537 
14 992 525 530 532 499 514 501 10 999 643 480 521 532 513 492 14 994 667 471 519 523 521 520 
282 742 558 549 488 505 525 495 277 747 603 517 506 500 515 471 268 756 619 518 503 509 526 493 
822 202 207 522 519 512 534 495 794 230 229 441 533 516 522 497 779 245 246 442 543 505 508 504 
333 691 561 445 490 509 533 525 311 713 612 446 513 489 511 536 317 707 630 441 504 502 530 540 
78 946 890 498 495 526 520 539 79 945 924 485 526 527 519 503 109 915 901 559 545 511 508 490 
97 927 893 575 495 496 534 503 83 941 918 557 513 514 500 538 132 892 884 603 505 490 540 504 
834 327 629 555 474 524 471 517 807 228 756 617 529 519 561 512 817 207 746 549 513 498 533 530 
1024 22 888 253 555 528 499 514 1024 3 794 305 440 483 534 522 1024 0 780 304 428 496 540 517 
952 72 516 413 555 480 486 507 903 121 402 488 486 525 490 525 895 129 317 532 516 486 531 500 
52 972 397 621 528 512 506 509 44 980 543 540 476 508 526 505 44 980 635 452 488 498 518 506 
0 1024 98 745 522 534 494 530 0 1024 194 775 542 532 513 507 0 1024 266 730 538 539 526 522 
0 974 89 244 508 508 532 527 0 1000 75 317 601 512 524 498 0 1024 175 655 528 526 508 482 
4 986 326 374 533 498 504 493 0 1000 322 377 577 538 495 497 6 1018 547 581 533 511 528 498 
39 985 736 470 514 524 520 492 32 980 709 439 537 509 527 506 31 987 704 481 533 472 506 519 
0 238 252 447 465 521 530 519 0 231 236 395 440 541 522 524 0 233 204 395 462 575 539 525 
0 1015 355 539 537 488 504 531 0 1017 455 467 512 550 516 512 0 1016 420 468 492 499 508 525 
61 438 473 512 505 482 535 529 63 456 445 501 514 517 520 497 51 446 440 512 495 543 530 497 
9 370 337 523 590 525 497 525 0 371 308 445 645 493 523 527 0 371 311 429 636 544 535 502 
76 948 938 663 502 494 516 512 33 991 977 619 506 499 507 507 58 966 953 637 513 504 512 492 
154 870 713 584 535 504 498 523 111 913 772 592 544 531 528 510 144 880 865 531 503 549 513 509 
226 798 688 521 507 478 470 477 159 865 723 496 528 553 513 518 218 806 787 514 526 510 499 498 
449 575 517 453 477 500 525 519 460 564 522 381 534 466 527 544 495 529 520 500 502 504 487 509 
6 1018 600 426 487 513 515 529 11 1013 809 307 518 510 515 477 14 1010 840 357 506 485 538 557 
2 1018 435 436 481 505 512 520 1 1023 558 513 528 520 536 494 7 1017 541 533 532 509 518 521 
312 712 672 490 517 494 542 516 315 709 699 461 522 507 507 491 313 711 676 466 508 518 547 531 
9 1015 589 444 497 514 512 515 13 1011 772 388 525 504 506 518 14 1010 750 426 534 516 493 484 
2 1015 261 381 544 517 529 530 4 1020 369 513 449 508 530 504 5 1017 345 462 485 506 505 509 
1 995 124 461 512 518 506 523 2 1016 175 566 522 501 502 511 2 1008 164 506 512 517 518 535 
217 802 477 516 539 513 530 512 221 803 506 506 521 492 496 479 208 814 492 493 527 492 492 501 
273 751 686 472 504 528 531 513 279 745 677 473 497 539 499 515 261 763 692 488 497 536 509 516 
96 928 791 421 524 499 488 479 102 922 805 411 535 511 496 474 102 922 810 413 532 514 512 502 
148 873 828 551 490 505 522 547 147 876 836 560 517 483 525 562 147 876 834 569 503 482 509 530 
120 712 654 542 540 525 534 507 140 776 573 484 517 518 518 501 141 758 587 490 525 551 519 535 
289 688 446 438 505 532 511 512 256 752 453 455 508 529 511 488 225 781 474 477 509 526 511 472 
983 41 276 552 494 509 524 552 956 68 155 624 509 506 509 525 943 81 131 600 538 489 512 517 
108 916 487 439 548 495 524 543 98 926 602 453 446 501 504 478 99 925 646 441 508 501 505 528 
3 1021 459 545 538 518 520 487 4 1020 627 475 496 517 504 508 6 1018 714 439 520 500 513 526 
8 1016 552 565 536 477 538 535 12 1012 667 462 538 506 513 483 13 1011 778 394 517 518 480 514 
841 231 743 637 539 504 512 543 837 187 757 598 489 489 520 526 832 192 740 493 496 523 489 500 
1024 0 795 401 504 484 533 514 1024 0 634 390 499 507 555 516 1024 0 534 456 498 528 515 510 
921 103 508 405 524 505 523 499 876 148 310 557 506 526 519 530 860 164 241 587 525 508 521 494 
70 954 670 521 509 483 521 528 39 985 721 523 501 517 522 493 37 987 735 517 502 543 519 501 
1 1023 840 332 537 494 495 519 3 1021 902 304 516 503 522 524 2 1022 902 294 522 517 523 514 
5 1019 639 503 484 517 526 537 5 1019 666 515 465 527 540 517 5 1019 732 448 523 537 524 503 
98 926 471 562 500 538 511 526 67 957 509 626 505 520 500 494 53 971 591 641 549 525 509 500 
542 482 481 427 466 510 500 498 257 767 749 653 501 502 519 490 142 882 850 734 575 499 494 529 
0 277 124 282 356 688 491 526 0 279 76 289 406 654 511 537 0 280 59 313 396 702 496 521 
0 679 285 481 452 549 539 539 0 831 158 483 531 506 518 518 0 850 154 426 491 503 542 510 
12 218 444 387 587 496 486 489 12 272 356 327 607 498 520 537 7 259 357 371 592 473 523 527 
3 913 235 538 510 503 510 529 0 907 185 528 528 519 542 512 0 909 191 550 534 500 515 512 
35 989 863 594 484 518 535 525 13 1011 837 521 510 511 512 522 16 1008 876 523 492 519 492 526 
244 780 759 543 508 519 474 519 149 875 832 571 530 491 501 506 173 851 833 596 512 490 528 522 
264 760 706 499 524 501 498 531 197 827 766 499 501 480 501 508 228 796 769 522 496 530 485 511 
855 169 139 658 505 502 526 487 837 187 168 439 500 484 482 507 842 182 180 376 524 506 548 512 
112 912 451 552 517 527 528 522 120 904 568 452 509 526 531 506 123 901 686 388 509 518 545 496 
12 1012 499 525 487 507 515 524 7 1017 569 517 515 494 504 507 10 1014 653 469 529 514 515 529 
835 189 489 497 503 497 503 514 773 251 418 481 503 508 523 498 783 241 382 484 502 509 516 509 
154 870 654 389 459 522 523 484 157 867 812 280 477 536 515 544 159 865 849 313 534 491 512 503 
5 1017 253 610 508 518 512 513 7 1017 380 638 493 517 521 498 7 1017 388 622 473 535 530 523 
4 1020 200 596 531 527 512 496 7 1017 345 618 518 475 506 530 5 1019 306 635 490 455 494 510 
199 825 425 543 477 510 493 516 197 827 467 557 523 510 536 524 198 826 446 549 505 512 494 506 
374 650 389 574 543 504 510 533 385 639 328 639 483 496 533 515 384 639 288 632 526 512 549 538 
14 1003 660 369 553 509 502 516 15 1008 716 390 528 531 489 527 16 1006 706 401 544 516 518 496 
117 892 552 471 522 538 490 519 117 901 557 502 506 492 514 506 119 894 503 500 527 511 475 498 
105 914 450 502 536 499 533 507 110 914 487 551 499 521 525 491 105 919 467 556 519 500 506 518 
767 256 297 567 485 491 491 508 748 275 250 564 514 516 498 503 730 293 250 544 488 496 518 495 
1001 23 443 546 514 540 504 498 993 31 209 728 534 484 528 529 990 34 143 746 542 505 501 492 
518 506 362 504 511 512 514 504 494 530 421 499 491 483 531 526 496 528 434 489 492 512 514 494 
235 789 632 530 545 527 500 537 225 799 693 554 492 505 524 544 229 795 711 551 477 501 495 524 
38 986 712 500 519 498 515 506 38 986 800 459 515 525 527 505 37 987 831 448 509 534 514 542 
742 284 536 481 525 534 498 508 698 326 509 489 493 502 515 513 681 343 473 499 515 486 504 503 
1024 0 794 373 477 537 492 511 1022 2 453 567 551 519 517 507 1019 5 297 624 498 514 522 493 
855 169 489 482 512 509 552 504 780 244 404 487 515 518 518 525 750 274 344 517 508 501 523 519 
3 1021 449 623 502 528 520 498 3 1021 522 581 505 500 504 513 3 1021 535 566 521 490 504 494 
2 1022 581 549 510 527 533 474 2 1022 619 514 531 523 518 482 2 1022 616 513 535 527 496 497 
4 1020 509 577 503 492 493 536 3 1021 514 591 483 503 519 508 4 1020 567 560 509 499 505 510 
109 915 831 507 504 518 489 508 63 961 872 523 492 456 534 516 54 970 907 485 468 515 519 516 
714 310 310 311 475 506 533 505 348 676 676 658 513 511 508 513 163 861 861 823 532 533 553 500 
0 434 548 675 531 491 506 535 0 419 526 687 584 531 522 488 0 418 500 716 570 518 519 505 
0 1005 19 400 416 521 501 510 0 1010 14 492 580 387 514 522 0 1007 17 369 508 523 508 526 
2 763 288 377 516 536 487 494 2 744 304 384 527 541 497 487 2 738 310 385 492 536 512 485 
0 939 252 510 520 481 505 488 0 922 248 512 512 497 499 494 0 931 248 511 513 492 487 487 
19 1004 778 485 500 494 456 523 6 1018 731 457 524 506 501 525 9 1015 766 451 512 497 525 523 
237 787 775 530 516 504 514 495 137 887 858 550 495 493 488 494 153 871 852 563 508 528 495 540 
651 373 360 453 488 518 513 502 484 540 513 480 534 520 520 514 520 504 479 470 543 523 532 513 
630 394 401 468 542 515 515 499 557 467 468 447 517 522 510 513 624 400 404 436 507 513 479 532 
415 609 565 504 527 496 477 520 341 683 639 513 522 508 516 497 371 653 626 497 508 516 494 503 
401 621 350 570 553 513 524 546 368 656 391 535 529 519 496 527 373 651 433 525 505 496 487 534 
792 232 440 468 534 517 520 498 725 299 420 442 535 501 500 537 727 297 393 454 522 521 529 484 
112 912 832 360 499 515 513 541 120 904 878 369 488 515 485 535 127 897 890 429 519 508 506 536 
53 971 737 484 494 502 489 499 51 973 742 500 499 530 508 522 52 972 795 479 510 523 524 520 
55 969 731 466 508 501 517 471 64 960 785 450 531 510 519 515 72 952 817 482 539 508 505 542 
727 297 679 386 513 540 509 533 711 313 502 503 509 549 479 519 711 313 455 547 547 513 475 527 
847 177 424 488 511 532 505 490 810 214 339 545 525 489 520 527 802 222 294 594 544 519 563 485 
174 850 834 542 506 500 492 542 173 851 830 513 512 503 509 490 189 835 824 527 498 499 524 510 
274 750 721 515 515 517 511 492 252 772 737 521 515 530 489 511 253 771 743 557 521 529 534 510 
102 922 886 460 511 508 497 526 105 919 888 490 507 520 552 545 117 907 884 523 511 516 506 489 
837 187 325 575 524 520 514 509 784 240 283 592 520 529 527 508 772 252 284 583 528 511 495 509 
954 70 561 503 484 512 512 501 930 94 353 590 548 493 542 505 933 91 288 615 508 515 516 497 
90 934 776 478 494 518 543 503 74 950 834 441 501 498 510 517 81 943 853 438 497 552 496 516 
336 688 616 444 501 546 523 486 297 727 675 442 511 511 524 489 293 731 688 462 498 529 509 506 
330 694 614 530 510 497 502 528 291 733 658 521 487 520 539 525 283 741 681 520 505 511 507 523 
772 252 382 517 497 486 499 480 698 326 395 528 515 534 498 506 679 345 378 532 515 549 537 510 
1024 0 609 422 528 534 519 502 1018 6 330 612 509 546 515 512 1016 8 175 664 529 510 521 478 
929 95 547 452 520 501 488 492 903 121 337 577 508 503 501 529 886 138 258 580 517 530 521 506 
204 820 450 538 524 507 494 494 197 827 520 484 507 479 513 518 183 841 518 483 509 485 520 535 
7 1017 866 394 535 521 535 540 3 1021 893 346 502 486 506 532 3 1021 875 316 489 491 473 520 
0 1024 409 605 487 530 520 514 0 1024 412 641 516 519 509 510 0 1024 398 646 515 509 511 520 
113 911 654 577 505 522 510 537 38 986 701 625 539 519 524 518 21 1003 719 610 501 503 507 516 
303 721 721 688 397 492 516 520 54 970 970 718 582 502 534 510 11 1013 1013 614 557 526 514 502 
0 873 180 699 646 505 487 514 0 828 215 714 692 456 514 514 0 823 217 716 510 496 543 495 
0 1010 14 278 453 523 524 509 0 1013 11 401 484 535 531 507 0 1010 14 260 492 528 524 518 
0 961 135 369 519 518 499 517 0 919 163 372 502 553 532 503 0 902 176 372 507 535 508 512 
5 939 401 517 533 529 475 521 4 906 381 552 519 512 515 514 4 910 369 548 508 500 529 534 
81 943 790 561 543 504 508 503 52 972 774 518 481 534 499 499 48 976 772 523 499 540 507 527 
205 819 818 706 484 495 508 493 78 946 945 624 542 526 504 510 81 943 942 642 535 509 515 521 
584 440 442 472 494 505 533 524 321 703 702 657 531 504 547 521 331 693 693 646 533 525 507 537 
368 656 626 542 517 492 500 537 295 729 682 523 546 510 494 488 312 712 675 533 534 497 510 514 
368 656 636 530 535 538 503 508 320 704 685 529 517 510 501 525 355 669 655 543 519 504 502 522 
197 827 804 511 516 493 524 534 172 852 802 476 539 509 486 499 185 839 809 490 529 488 532 491 
393 631 632 498 516 547 503 521 310 714 640 523 511 522 517 522 306 718 657 518 507 513 513 515 
346 678 410 588 502 512 526 535 308 716 409 647 525 504 494 508 310 714 460 572 522 524 525 484 
79 943 637 509 476 515 511 504 74 948 605 517 512 484 525 516 84 939 605 540 518 493 509 495 
41 983 669 460 481 524 526 493 54 970 674 447 500 527 527 515 56 968 726 439 504 540 494 528 
735 289 759 361 548 515 512 523 701 323 602 429 453 499 479 489 702 322 478 540 509 507 518 516 
856 169 779 364 581 522 514 508 836 188 648 353 421 503 504 508 831 193 477 508 515 530 520 524 
38 986 635 514 528 547 522 518 32 992 664 488 516 513 543 538 38 986 698 471 514 524 494 540 
209 815 613 529 521 509 510 511 139 885 664 535 515 531 516 521 138 886 678 536 507 546 515 507 
50 974 666 497 536 498 517 497 57 967 694 475 535 511 517 482 64 960 763 427 518 508 485 511 
483 541 597 480 525 512 508 511 475 549 532 494 532 521 506 510 474 550 511 519 525 496 518 510 
927 98 596 458 525 494 519 501 866 158 546 381 499 518 516 515 865 159 460 438 450 532 516 514 
123 901 658 467 525 509 523 518 105 919 743 422 490 500 545 520 105 919 777 403 476 501 551 523 
219 805 509 543 496 520 501 493 204 820 545 528 515 495 524 495 184 840 604 490 517 526 502 507 
95 929 434 609 506 543 508 470 97 927 512 570 510 506 503 507 91 933 541 547 544 493 534 515 
774 250 653 388 541 502 495 493 766 258 508 484 467 481 528 527 737 287 334 647 557 495 516 499 
1024 0 661 359 427 520 516 473 1024 0 145 807 610 502 518 507 1023 1 22 799 456 514 499 541 
844 180 395 521 484 521 518 497 773 251 295 528 527 493 508 528 714 310 318 512 504 508 518 514 
294 730 721 502 498 502 554 516 240 784 758 460 535 489 539 498 218 806 771 446 527 481 518 492 
302 722 719 538 497 521 498 502 236 788 778 477 500 510 560 482 188 836 818 444 532 528 488 508 
112 912 845 496 494 507 509 496 88 936 826 456 548 502 516 485 62 962 822 441 531 526 494 531 
41 983 828 607 536 492 477 512 23 1000 804 527 497 507 512 531 11 1010 777 475 479 510 529 489 
320 704 668 487 443 525 498 538 70 954 827 697 562 548 511 485 14 1010 859 637 542 519 489 539 
0 1018 27 676 647 451 529 527 0 1017 22 681 644 437 511 504 0 1012 20 654 451 506 501 480 
0 1016 8 170 531 517 505 539 0 1017 7 317 438 481 522 518 0 1014 10 176 459 511 514 528 
0 993 121 501 534 535 489 506 0 962 124 484 493 535 516 524 0 958 121 445 504 533 535 485 
6 1018 480 534 514 518 493 501 3 1021 374 545 515 533 534 526 3 1018 348 531 523 526 497 529 
34 990 842 444 508 511 516 536 18 1006 744 426 513 502 501 491 17 1007 730 430 500 513 516 541 
50 974 919 513 520 512 499 518 22 1002 879 397 543 491 522 541 21 1003 898 374 537 511 532 510 
324 700 700 636 490 526 509 522 126 898 894 714 506 507 525 497 125 899 897 693 498 521 498 518 
407 617 599 555 551 538 502 509 229 795 767 691 542 496 488 488 228 796 769 689 534 509 500 516 
302 722 673 535 495 506 487 497 224 800 717 566 495 515 526 530 238 786 720 576 498 485 500 531 
615 409 432 503 491 542 524 513 511 513 519 535 520 501 522 531 528 496 509 520 514 512 492 517 
645 379 385 477 496 538 520 521 502 522 516 494 516 529 497 523 492 532 525 501 506 516 503 532 
828 196 170 570 471 537 495 527 729 295 256 332 532 525 500 483 648 376 339 350 477 523 494 499 
575 449 266 589 491 486 508 503 509 515 312 444 509 497 508 512 461 563 358 423 479 505 515 498 
426 599 239 672 504 498 532 480 417 607 279 467 532 512 541 525 397 627 280 449 468 499 514 505 
644 380 463 530 482 491 519 497 569 455 443 487 553 523 505 513 544 480 440 495 535 504 532 505 
391 633 528 474 486 501 533 527 351 673 479 505 509 521 501 516 340 684 483 499 503 508 493 511 
33 991 599 520 499 523 523 514 25 999 615 517 500 514 509 517 23 1001 632 509 532 494 514 518 
186 838 555 531 500 499 505 519 153 871 563 544 509 480 494 507 138 886 598 527 513 475 512 513 
68 956 556 542 515 514 524 514 66 958 572 538 504 499 515 498 58 966 599 518 527 513 502 521 
909 115 340 536 465 501 517 510 864 160 241 542 528 494 545 517 834 190 216 516 538 525 523 510 
1021 4 330 571 496 520 486 496 995 29 158 567 527 507 519 518 981 43 94 538 513 520 493 510 
363 661 627 495 494 501 494 492 264 760 688 506 519 505 526 524 242 782 710 517 516 539 501 490 
292 732 705 523 539 540 524 523 219 805 757 548 511 533 541 532 196 828 779 551 518 493 546 524 
246 778 636 521 526 519 503 515 193 831 672 567 494 509 538 506 171 853 704 558 489 525 499 502 
526 498 551 519 527 522 516 513 453 571 525 582 501 502 503 520 409 615 511 597 520 531 537 509 
983 41 388 466 522 511 542 502 865 159 321 559 540 526 519 520 807 217 276 586 511 506 512 525 
657 367 483 480 511 510 512 499 542 482 508 495 515 504 507 496 495 529 485 518 527 514 505 524 
21 1003 757 456 508 529 517 521 25 999 749 434 514 501 514 499 17 1007 739 429 506 502 498 493 
14 1009 869 489 500 510 528 527 11 1011 809 474 482 501 504 558 5 1015 787 438 484 508 528 526 
4 1020 790 362 499 509 529 534 3 1021 648 449 530 518 481 513 1 1023 559 487 509 503 525 510 
14 1010 711 512 522 509 497 535 8 1016 597 532 531 524 499 513 1 1021 547 501 530 529 521 517 
7 1017 477 564 497 529 514 504 0 1005 373 538 507 536 518 501 0 996 296 508 529 494 509 508 
