1024 1024 1024 1024 1024 1023 884 775 1024 1024 1024 1024 1024 1009 881 760 1024 6 382 527 398 471 583 501 
1024 1024 1024 1024 1024 1024 981 880 1024 1024 1024 1024 1024 992 741 603 1024 65 419 535 507 557 538 529 
1024 1024 1024 1024 1024 1005 939 864 1024 1024 1024 1024 1023 915 705 607 1022 226 414 501 537 520 488 531 
1024 1024 1024 1024 1024 998 792 720 1024 1024 1024 1024 1020 910 726 573 1024 371 335 564 483 507 523 471 
1024 1024 1024 1024 1007 987 753 692 1024 1024 1024 1024 1006 883 716 633 1024 519 298 564 552 547 520 502 
1024 1024 1024 1024 1024 931 738 705 1024 1024 1024 1024 1015 779 639 580 1024 639 378 532 490 548 540 532 
1024 1024 1024 1024 1020 807 734 730 1024 1024 1024 1024 1015 558 621 539 1024 770 525 467 550 514 522 510 
1024 1024 1024 1024 1012 656 718 645 1024 1024 1024 1024 989 500 604 567 1024 882 619 425 541 476 470 531 
1024 1024 1024 1024 1014 666 682 556 1024 1024 1024 1024 995 642 453 472 1024 987 675 361 518 478 470 486 
1024 1024 1024 1024 1014 832 478 538 1024 1024 1024 1024 1009 583 465 406 1024 1018 715 442 507 506 446 414 
1024 1024 1024 1024 1024 730 517 493 1024 1024 1024 1024 1020 524 474 534 1024 1024 825 591 387 406 576 424 
1024 1024 1024 1024 1004 698 504 428 1024 1024 1024 1024 1020 525 491 524 1024 1024 907 590 552 481 452 501 
1024 1024 1024 1024 1005 727 518 557 1024 1024 1024 1024 1000 688 510 527 1024 1024 1020 660 419 462 484 526 
1024 1024 1024 1024 1018 651 514 557 1024 1024 1024 1024 1021 792 389 517 1024 1024 1024 849 511 587 453 503 
1024 1024 1024 1024 1024 820 596 532 1024 1024 1024 1024 1024 824 524 559 1024 1024 1024 937 535 491 533 510 
1024 1024 1024 1024 1024 855 716 572 1024 1024 1024 1024 1024 838 690 516 1024 1024 1024 1024 760 772 610 515 
1024 1024 1024 1024 1024 896 888 456 1024 1024 1024 1024 1024 1001 920 548 1024 1024 1024 1024 901 900 749 486 
1024 1024 1024 1024 1020 974 784 616 1024 1024 1024 1024 1024 996 879 607 1024 1024 1024 1024 972 927 773 605 
1024 1024 1024 1024 1024 1008 944 704 1024 1024 1024 1024 1024 1008 944 704 1024 1024 1024 1024 1024 1008 944 704 
1024 1024 1024 1024 1024 1024 976 864 1024 1024 1024 1024 1024 1024 976 864 1024 1024 1024 1024 1024 1024 976 864 
1024 1024 1024 1024 1024 1024 1024 832 1024 1024 1024 1024 1024 1024 1024 832 1024 1024 1024 1024 1024 1024 1024 832 
1024 1024 1024 1024 1024 1024 1024 960 1024 1024 1024 1024 1024 1024 1024 960 1024 1024 1024 1024 1024 1024 1024 960 
1024 1024 1024 1024 1024 1024 1024 1024 1024 1024 1024 1024 1024 1024 1024 1024 1024 1024 1024 1024 1024 1024 1024 1024 
1024 1024 1024 1024 1024 1024 1024 960 1024 1024 1024 1024 1024 1024 1024 960 1024 1024 1024 1024 1024 1024 1024 960 
1024 1024 1024 1024 1024 1024 1024 1024 1024 1024 1024 1024 1024 1024 1024 1024 1024 1024 1024 1024 1024 1024 1024 1024 
1024 1024 1024 1024 1024 1024 1024 1024 1024 1024 1024 1024 1024 1024 1024 1024 1024 1024 1024 1024 1024 1024 1024 1024 
1024 1024 1024 1012 918 907 838 804 1024 1024 1024 1012 918 907 838 804 1024 1024 1024 1012 918 907 838 804 
1024 1024 1024 1018 940 936 901 859 1024 1024 1024 1018 940 936 901 859 1024 1024 1024 1018 940 936 901 859 
1024 1024 1024 1023 932 943 915 835 1024 1024 1024 1013 910 908 844 729 1024 1024 1024 1015 915 919 868 789 
1024 1024 1024 1012 914 906 892 721 1024 1024 1024 1012 914 905 888 717 1024 1024 1024 1012 914 905 888 717 
1024 1024 1024 1006 908 893 837 796 1024 1024 1024 1006 908 893 837 796 1024 1024 1024 1006 908 893 837 796 
1024 1024 1024 1023 958 930 912 832 1024 1024 1024 1023 958 930 912 832 1024 1024 1024 1023 958 930 912 832 
1024 1024 1024 1024 963 778 741 626 1024 1024 1024 1024 1002 833 804 686 1024 1001 926 923 759 732 598 524 
1024 1024 1024 1021 915 682 656 634 1024 1024 1024 1023 937 644 535 576 1024 1024 577 550 459 512 521 484 
1024 1024 1024 1024 932 613 635 558 1024 1024 1024 1024 924 602 540 534 1024 1024 582 479 526 544 532 500 
1024 1024 1024 1024 1010 620 585 467 1024 1024 1024 1024 992 624 502 483 1024 1024 911 584 512 532 444 455 
1024 1024 1024 1024 1019 661 625 619 1024 1024 1024 1024 1019 719 643 614 1024 1024 1008 648 539 613 633 530 
1024 1024 1024 1024 1016 616 462 496 1024 1024 1024 1024 1017 717 465 525 1024 1024 1024 693 632 504 495 456 
1024 1024 1024 1024 993 602 632 493 1024 1024 1024 1024 1009 731 535 595 1024 1024 1024 816 571 518 629 518 
1024 1024 1024 1024 1002 829 473 501 1024 1024 1024 1024 1013 725 591 536 1024 1024 1024 980 565 404 466 479 
1024 1024 1024 1024 1024 692 685 584 1024 1024 1024 1024 1024 927 666 529 1024 1024 1024 1024 748 808 642 524 
1024 1024 1024 1024 1024 817 651 632 1024 1024 1024 1024 1024 968 656 595 1024 1024 1024 1024 861 831 665 565 
1024 1024 1024 1024 1003 884 768 788 1024 1024 1024 1024 1008 956 901 704 1024 1024 1024 1024 906 743 794 645 
1024 1024 1024 1024 1024 996 832 768 1024 1024 1024 1024 1024 996 832 760 1024 1024 1024 1024 1024 992 832 752 
1024 1024 1024 1024 1024 1017 975 688 1024 1024 1024 1024 1024 1017 975 688 1024 1024 1024 1024 1024 1017 975 688 
1024 1024 1024 1024 1020 1016 1016 750 1024 1024 1024 1024 1020 1016 1017 751 1024 1024 1024 1024 1020 1016 1014 747 
1024 1024 1024 1024 1024 1024 1024 704 1024 1024 1024 1024 1024 1024 1024 704 1024 1024 1024 1024 1024 1024 1024 697 
1024 1024 1024 1024 1024 1024 1024 1024 1024 1024 1024 1024 1024 1024 1024 1017 1024 1024 1024 1024 1024 1024 1024 1024 
1024 1024 1024 1024 1024 1024 1024 960 1024 1024 1024 1024 1024 1024 1024 960 1024 1024 1024 1024 1024 1024 1024 960 
1024 1024 1024 1024 1024 1024 1024 960 1024 1024 1024 1024 1024 1024 1024 960 1024 1024 1024 1024 1024 1024 1024 960 
1024 1024 1024 1024 1024 1024 1024 1024 1024 1024 1024 1024 1024 1024 1024 1024 1024 1024 1024 1024 1024 1024 1024 1024 
1024 1024 1024 1024 1024 1024 1024 1024 1024 1024 1024 1024 1024 1024 1024 1024 1024 1024 1024 1024 1024 1024 1024 1024 
1024 1024 1024 1024 1024 1024 1024 1024 1024 1024 1024 1024 1024 1024 1024 1024 1024 1024 1024 1024 1024 1024 1024 1024 
1024 1024 1024 1024 1024 1024 1024 1024 1024 1024 1024 1024 1024 1024 1024 1024 1024 1024 1024 1024 1024 1024 1024 1024 
1024 1024 1024 1024 1024 1024 1024 1024 1024 1024 1024 1024 1024 1024 1024 1024 1024 1024 1024 1024 1024 1024 1024 1024 
1024 1024 1024 1024 1024 1024 1024 1024 1024 1024 1024 1024 1024 1024 1024 1024 1024 1024 1024 1024 1024 1024 1024 1024 
1024 1024 1024 1024 1024 1024 1024 1024 1024 1024 1024 1024 1024 1024 1024 1024 1024 1024 1024 1024 1024 1024 1024 1024 
1024 1024 1024 1024 1024 1024 1024 960 1024 1024 1024 1024 1024 1024 1024 960 1024 1024 1024 1024 1024 1024 1024 960 
1024 1024 1024 1024 1024 1024 1024 1024 1024 1024 1024 1024 1024 1024 1024 1024 1024 1024 1024 1024 1024 1024 1024 1024 
1024 1024 1024 1024 1024 1024 1024 1024 1024 1024 1024 1024 1024 1024 1024 1024 1024 1024 1024 1024 1024 1024 1024 1024 
1024 1024 1024 1024 1024 1024 1024 1024 1024 1024 1024 1024 1024 1024 1024 1024 1024 1024 1024 1024 1024 1024 1024 1024 
1024 1024 1024 1024 1024 1024 1024 1024 1024 1024 1024 1024 1024 1024 1024 1024 1024 1024 1024 1024 1024 1024 1024 1024 
1024 1024 1024 1024 1024 1024 1024 1024 1024 1024 1024 1024 1024 1024 1024 1024 1024 1024 1024 1024 1024 1024 1024 1024 
1024 1024 1024 1024 1024 1024 1024 1024 1024 1024 1024 1024 1024 1024 1024 1024 1024 1024 1024 1024 1024 1024 1024 1024 
1024 1024 1024 1023 962 808 681 641 1024 1024 1024 1024 940 658 598 520 1024 1024 902 686 629 548 577 560 
1024 1024 1024 1023 959 742 666 574 1024 1024 1024 1021 942 711 638 590 1024 1020 696 728 599 608 525 466 
1024 1024 1024 1023 933 697 643 643 1024 1024 1024 1016 899 705 634 592 1024 980 611 759 487 479 453 528 
1024 1024 1024 1024 1015 869 803 574 1024 1024 1024 1024 1003 964 873 689 1024 1024 982 951 887 837 717 658 
1024 1024 1024 1024 987 974 925 811 1024 1024 1024 1024 1019 963 921 800 1024 1024 1024 992 974 961 917 763 
1024 1024 1024 1022 961 767 679 608 1024 1024 1024 1022 879 626 603 504 1024 1024 861 654 608 574 544 528 
1024 1024 1024 1024 952 756 740 557 1024 1024 1024 1024 994 837 748 609 1024 1024 1024 1019 746 802 673 556 
1024 1024 1024 1024 963 849 657 720 1024 1024 1024 1024 1012 885 679 710 1024 1024 1024 986 919 795 654 644 
1024 1024 1024 1024 986 947 916 893 1024 1024 1024 1024 1013 951 948 796 1024 1024 1024 1019 918 935 879 816 
1024 1024 1024 1023 973 824 779 721 1024 1024 1024 1023 932 741 700 635 1024 1024 781 783 748 727 735 639 
1024 1024 1024 1024 897 731 728 720 1024 1024 1024 1023 921 644 624 598 1024 1014 629 666 582 605 569 522 
1024 1024 1024 1018 959 869 735 812 1024 1024 1024 1021 980 872 754 812 1024 1024 968 971 910 836 746 784 
1024 1024 1024 1022 979 857 727 589 1024 1024 1024 1023 954 833 722 552 1024 1024 945 890 861 779 714 511 
992 964 955 940 881 689 596 639 995 952 941 922 903 780 655 589 1003 922 940 880 678 514 556 495 
1015 990 981 989 924 788 803 537 1008 988 978 979 941 861 794 629 1000 981 980 944 762 779 669 592 
1024 1024 1024 1024 957 799 777 691 1024 1024 1024 1024 978 822 753 609 1024 1024 1023 783 716 681 690 556 
1024 1024 1024 1024 1001 946 802 773 1024 1024 1024 1024 1020 968 795 787 1024 1024 1024 1024 956 914 779 711 
1024 1024 1024 1024 1024 1024 976 720 1024 1024 1024 1024 1024 1024 974 722 1024 1024 1024 1024 1024 1024 976 722 
1024 1024 1024 1024 1024 1024 1020 896 1024 1024 1024 1024 1024 1024 1024 895 1024 1024 1024 1024 1024 1024 1024 896 
1024 1024 1024 1024 1024 1017 1000 1008 1024 1024 1024 1024 1024 1018 1004 1008 1024 1024 1024 1024 1024 1017 1004 998 
1024 1024 1024 1024 1024 1024 1024 960 1024 1024 1024 1024 1024 1024 1024 960 1024 1024 1024 1024 1024 1024 1024 960 
1024 1024 1024 1024 1024 1016 1016 808 1024 1024 1024 1024 1024 1016 1016 812 1024 1024 1024 1024 1024 1016 1012 805 
1024 1024 1024 1024 1024 1024 1024 832 1024 1024 1024 1024 1024 1024 1017 840 1024 1024 1024 1024 1024 1024 1020 843 
1024 1024 1024 1009 959 937 830 757 1024 1024 1024 1015 975 933 839 740 1024 1024 1024 971 961 930 819 734 
1024 1024 1024 1024 1024 1008 944 880 1024 1024 1024 1024 1024 1008 944 880 1024 1024 1024 1024 1024 1008 944 880 
1024 1024 1024 1024 1024 1008 953 688 1024 1024 1024 1024 1024 1008 957 691 1024 1024 1024 1024 1024 1008 960 692 
1024 1024 1024 1024 1024 1024 1024 1024 1024 1024 1024 1024 1024 1024 1024 1024 1024 1024 1024 1024 1024 1024 1024 1024 
1024 1024 1024 1024 1024 1024 1024 1024 1024 1024 1024 1024 1024 1024 1024 1024 1024 1024 1024 1024 1024 1024 1024 1024 
1024 1024 1024 1024 1024 1024 1024 1024 1024 1024 1024 1024 1024 1024 1024 1024 1024 1024 1024 1024 1024 1024 1024 1024 
1024 1024 1024 1024 1024 1024 1024 1024 1024 1024 1024 1024 1024 1024 1024 1024 1024 1024 1024 1024 1024 1024 1024 1024 
1024 1024 1024 1024 1024 1024 1024 1024 1024 1024 1024 1024 1024 1024 1024 1024 1024 1024 1024 1024 1024 1024 1024 1024 
1024 1024 1024 1024 1024 1024 1024 1024 1024 1024 1024 1024 1024 1024 1024 1024 1024 1024 1024 1024 1024 1024 1024 1024 
1016 930 921 909 821 736 691 684 1007 891 848 819 652 560 570 529 966 715 339 497 492 514 505 548 
1002 639 663 663 616 594 583 573 951 505 595 586 561 515 544 526 847 355 505 528 510 493 520 503 
1017 790 821 798 776 719 695 684 976 692 690 590 534 534 534 508 890 294 626 559 537 520 512 522 
1024 992 931 866 828 748 717 682 1021 887 763 601 625 547 523 511 980 394 615 550 499 516 522 523 
1024 1024 1022 1000 886 725 707 692 1024 1017 973 874 731 555 564 554 1023 832 466 533 512 501 532 518 
1003 862 869 857 800 737 678 606 981 810 836 839 752 649 600 563 956 722 730 654 597 585 540 562 
1022 910 866 855 775 664 624 599 997 833 830 807 756 581 572 569 938 767 706 584 492 528 533 499 
1024 1024 1024 1005 903 742 645 628 1024 1024 1024 1009 891 675 598 597 1024 1008 847 748 644 604 545 542 
1024 1024 1024 1006 891 833 733 771 1024 1024 1024 1015 899 832 734 617 1024 1024 968 857 845 752 689 628 
1024 1024 1024 1018 950 842 819 810 1024 1024 1024 1020 963 930 862 673 1024 1024 1021 930 915 857 809 682 
917 965 930 919 835 699 643 627 920 957 919 908 846 731 636 626 891 935 793 693 636 650 553 530 
646 947 816 801 765 702 655 638 756 841 780 762 782 763 660 648 870 707 759 716 691 686 600 605 
507 834 709 684 677 624 623 649 625 757 681 714 691 642 587 541 809 614 676 629 587 569 567 547 
794 674 642 645 624 622 626 611 795 626 628 626 583 524 584 565 823 557 604 553 498 528 539 535 
1012 986 959 946 840 650 725 677 1008 964 945 923 838 659 645 624 999 919 911 658 601 529 569 537 
967 922 917 908 845 707 612 640 987 895 910 884 836 720 585 566 978 892 910 830 603 563 535 519 
889 912 886 867 814 720 718 584 938 859 836 867 821 744 700 651 964 823 862 821 709 561 571 515 
920 879 885 855 797 744 715 653 975 822 847 858 787 689 593 619 1013 797 898 711 633 617 561 547 
807 820 842 769 736 647 624 606 859 752 768 733 701 665 590 564 946 651 696 647 667 605 572 529 
923 746 744 727 684 663 652 636 930 687 689 704 680 675 622 579 923 633 667 630 591 580 572 553 
985 902 886 893 806 740 683 652 1003 890 861 867 815 721 618 615 1012 881 803 686 673 629 626 555 
1011 920 924 898 770 664 611 650 1020 910 915 903 843 671 655 542 1022 917 851 663 697 630 583 538 
1022 981 974 951 845 701 718 622 1024 996 974 962 922 789 678 595 1024 1008 971 876 773 699 673 586 
1023 1017 1009 990 968 820 766 700 1023 1018 1012 998 940 804 705 672 1023 1018 1012 911 888 817 736 643 
1024 1023 1022 1018 895 846 753 760 1024 1023 1022 1019 922 786 746 526 1024 1023 1009 726 830 749 729 663 
1024 1024 1024 1023 966 869 825 690 1024 1024 1024 1024 998 931 851 534 1024 1024 1021 957 924 886 814 625 
1024 1024 1024 1023 989 964 881 634 1024 1024 1024 1023 989 964 884 627 1024 1024 1024 1023 989 964 884 634 
1024 1024 1024 1024 1024 1004 893 744 1024 1024 1024 1024 1024 1004 894 736 1024 1024 1024 1024 1024 1005 898 738 
1024 1024 1024 1024 1017 998 920 664 1024 1024 1024 1024 1023 998 916 659 1024 1024 1024 1024 1024 992 922 669 
1024 1024 1024 1024 1024 992 935 640 1024 1024 1024 1024 1024 992 944 638 1024 1024 1024 1024 1024 992 944 640 
1024 1024 1024 1024 1024 1024 1017 960 1024 1024 1024 1024 1024 1024 1022 964 1024 1024 1024 1024 1024 1024 1020 960 
1024 1024 1024 1024 1024 1024 1024 1024 1024 1024 1024 1024 1024 1024 1024 1024 1024 1024 1024 1024 1024 1024 1024 1024 
692 589 574 585 546 526 554 565 661 582 543 548 552 547 538 540 596 572 532 495 526 523 491 518 
386 677 512 553 516 504 522 535 360 687 499 546 540 509 517 536 344 692 491 507 525 512 527 511 
886 532 563 569 561 571 557 547 813 486 523 532 554 542 540 521 717 483 521 522 516 492 520 514 
934 657 620 599 602 639 574 607 867 540 570 571 543 547 528 521 764 481 503 513 517 525 506 497 
703 666 609 578 562 561 586 552 661 599 550 517 524 530 517 489 619 483 536 521 498 487 500 545 
817 424 497 513 519 504 526 516 682 458 505 519 494 506 520 518 612 469 505 541 531 496 523 511 
962 732 696 679 669 666 610 633 881 652 660 607 550 538 526 545 830 538 487 519 527 501 522 524 
1024 1023 1022 998 860 738 680 678 1024 1023 1021 842 707 605 571 600 1024 867 681 544 513 491 530 490 
1024 1024 1024 1014 877 703 635 625 1024 1024 1024 1004 837 611 584 548 1024 1024 826 410 527 525 501 513 
509 854 699 682 633 601 581 598 517 865 689 675 604 570 538 528 480 830 513 515 525 515 524 508 
63 738 553 515 511 507 519 525 188 737 548 536 513 532 541 493 262 672 525 542 531 493 497 538 
84 829 553 517 482 509 506 515 302 679 552 500 520 522 511 522 488 511 469 503 516 488 512 504 
166 808 551 527 528 512 528 515 386 634 529 501 494 518 515 518 638 397 439 518 512 544 530 533 
339 691 583 527 520 502 535 502 479 557 532 514 516 528 540 505 696 347 445 501 505 527 490 496 
507 525 518 504 500 518 486 500 793 236 281 478 501 509 482 490 935 92 297 562 515 522 527 495 
268 754 624 525 486 543 511 519 565 460 474 510 495 515 500 491 853 175 359 526 503 527 516 507 
322 701 664 569 518 514 508 515 713 311 327 450 517 465 492 495 943 81 301 541 514 484 530 517 
191 827 749 553 500 506 530 493 562 461 450 499 505 541 476 491 917 113 365 528 514 496 535 484 
85 911 580 509 510 515 529 502 307 716 614 489 522 502 510 507 707 326 427 526 509 526 502 493 
188 810 619 529 525 511 506 505 553 477 481 477 505 515 501 503 924 197 512 502 489 504 491 515 
110 895 594 512 532 525 506 531 340 686 594 521 500 497 488 535 775 268 437 526 492 513 492 511 
204 823 549 550 522 499 502 516 348 689 586 517 527 512 520 513 715 358 493 550 487 517 516 495 
357 679 570 528 532 542 536 536 709 423 544 516 520 485 521 525 911 453 524 542 527 548 512 545 
430 575 548 532 508 503 519 516 796 409 533 495 494 538 535 515 914 716 635 598 564 550 579 527 
613 552 545 570 544 498 527 524 937 355 598 563 574 552 551 500 968 733 592 593 595 577 539 543 
535 720 695 607 584 552 541 562 954 426 530 625 581 541 544 550 1024 679 764 629 610 554 541 565 
545 741 639 663 611 603 604 596 746 596 643 646 638 606 546 528 828 612 654 643 599 579 561 570 
753 676 717 678 660 592 587 553 971 504 725 682 654 623 564 552 982 706 644 673 616 624 573 578 
790 709 691 678 626 640 605 633 936 597 673 676 653 603 579 551 964 568 677 619 637 576 594 593 
858 730 732 738 676 605 617 606 970 630 707 732 740 689 661 615 1001 664 730 714 692 680 616 598 
874 777 762 747 723 630 612 671 950 692 726 726 719 656 621 584 925 661 669 677 633 617 637 585 
1010 966 958 962 939 898 862 893 1009 960 958 955 934 893 839 818 997 949 954 924 911 861 850 800 
398 581 567 549 534 529 514 509 382 664 488 554 531 517 527 523 336 701 497 501 519 522 516 495 
247 677 423 527 501 492 529 531 213 763 458 541 498 521 521 505 226 771 542 523 508 518 521 516 
488 660 547 564 533 568 542 542 459 674 454 541 496 561 531 522 429 643 429 536 499 491 504 501 
351 748 435 482 536 559 547 590 325 758 371 510 522 504 510 542 283 789 428 540 520 491 501 483 
221 707 429 462 536 519 494 521 192 781 357 485 551 518 513 515 187 847 352 581 517 518 495 528 
382 629 409 515 532 516 493 515 320 688 389 538 536 527 516 511 286 734 498 488 502 499 488 495 
256 748 421 462 530 508 504 508 216 800 388 515 491 502 521 521 182 836 484 535 555 513 517 520 
453 834 641 637 595 582 547 559 441 844 612 603 582 544 560 523 442 768 579 522 520 528 519 512 
555 871 650 720 632 562 581 576 524 864 682 530 576 510 520 502 497 667 582 520 487 491 530 509 
356 757 533 540 541 539 551 554 343 782 559 547 561 522 511 527 393 655 553 496 519 520 503 501 
128 861 623 493 510 488 517 503 281 740 615 508 517 522 529 509 610 421 389 491 507 481 508 512 
117 892 630 520 525 508 527 524 390 632 570 506 512 499 510 524 676 349 402 513 529 487 539 525 
166 840 599 489 531 519 554 491 423 601 536 536 530 494 526 491 691 334 430 491 513 479 507 541 
168 774 555 508 510 534 538 532 368 644 526 502 522 535 527 529 561 468 494 537 514 490 508 524 
140 806 525 540 507 517 536 509 285 703 527 513 515 465 522 520 454 560 499 520 524 520 534 500 
19 822 477 501 505 492 509 515 87 857 564 500 503 537 509 521 310 701 527 523 496 506 526 490 
56 847 543 521 502 510 525 491 158 809 591 513 524 516 511 526 432 569 502 521 510 529 515 556 
70 859 616 509 550 499 514 526 225 753 619 518 530 542 509 519 594 412 414 506 504 505 522 496 
101 834 520 498 517 513 497 480 303 692 567 494 528 493 486 525 604 422 487 528 512 497 513 514 
63 869 506 544 517 548 515 534 239 772 580 479 523 499 509 523 594 433 481 541 501 499 494 500 
54 790 501 500 525 519 500 485 190 771 517 527 514 505 505 526 361 658 498 508 538 482 516 516 
47 835 471 534 492 521 512 514 176 788 521 503 500 521 504 499 313 668 555 507 494 511 508 519 
200 694 511 505 508 511 512 499 495 515 558 536 524 527 524 529 597 642 557 534 511 532 499 537 
120 730 501 505 508 496 513 538 453 573 474 544 518 496 530 514 694 554 550 531 533 509 543 505 
141 762 503 517 512 503 539 502 444 563 492 515 514 504 490 525 672 417 557 541 519 520 517 508 
72 892 511 501 509 493 505 509 351 668 561 502 536 495 521 511 788 287 498 493 526 512 501 533 
83 727 500 513 504 528 501 534 357 637 523 518 514 524 499 528 627 439 542 473 502 511 501 518 
309 702 583 482 523 493 477 511 884 159 502 497 511 527 499 499 985 443 527 495 549 534 544 509 
183 811 620 508 536 524 496 478 652 366 407 543 501 513 544 512 807 229 435 513 549 536 537 510 
310 711 592 503 529 511 518 477 832 222 434 504 489 531 544 522 923 193 544 516 493 518 503 522 
182 807 622 503 494 500 507 510 541 508 490 491 504 500 492 524 757 327 415 528 534 510 531 532 
321 702 565 525 525 528 532 536 590 462 489 521 538 515 541 528 646 417 514 522 517 519 505 527 
72 660 389 428 535 514 531 532 93 778 744 544 476 510 512 502 97 823 720 604 479 505 519 508 
12 813 264 505 527 521 511 509 25 855 510 495 513 519 487 495 35 868 645 484 514 521 507 495 
42 671 351 438 519 512 495 501 25 795 251 492 536 545 516 518 14 933 290 547 504 498 530 508 
52 504 437 441 544 525 508 471 35 636 249 384 530 516 501 474 22 810 116 516 516 500 502 488 
74 390 543 541 494 513 520 514 79 551 326 375 519 525 500 531 73 665 243 477 484 488 484 504 
76 318 669 533 518 497 511 519 75 405 407 554 510 491 548 497 71 527 352 501 516 501 509 493 
75 435 592 508 508 525 541 525 70 461 493 511 499 486 529 538 66 571 390 473 480 503 511 485 
0 312 651 414 501 539 513 522 2 310 564 479 538 508 473 509 4 353 505 529 544 524 501 534 
124 386 596 500 504 484 494 490 128 358 566 507 503 511 496 516 144 423 578 492 489 532 481 500 
297 667 532 537 520 521 533 498 368 565 559 536 530 542 491 492 459 492 539 557 529 522 523 549 
230 804 620 528 520 524 490 526 413 664 588 505 518 521 508 488 649 456 453 505 514 507 521 506 
221 705 523 510 502 524 522 525 346 669 526 543 510 506 506 532 478 566 501 532 545 504 515 519 
289 616 512 496 510 513 497 500 458 536 489 521 490 529 502 509 540 473 492 512 524 499 495 532 
162 638 488 507 490 503 513 489 320 627 514 509 508 520 514 511 385 603 534 489 543 502 519 537 
25 760 422 508 529 493 506 525 74 838 480 523 508 515 501 512 158 821 566 506 521 524 513 530 
22 643 457 500 516 525 525 528 49 787 474 491 526 518 519 546 135 808 535 514 522 506 501 492 
24 540 549 481 540 521 498 535 73 657 476 522 517 520 542 482 148 710 518 491 526 521 522 528 
19 616 451 516 523 538 507 484 35 749 455 531 506 503 516 485 114 787 559 486 481 483 479 518 
20 813 399 492 503 526 483 538 73 874 549 517 508 526 518 530 308 689 595 491 510 521 514 508 
20 788 394 497 517 527 505 524 67 867 559 521 520 563 524 519 291 698 608 491 491 523 498 529 
11 506 539 540 546 515 520 503 47 790 419 529 518 523 510 530 91 866 480 508 521 515 517 491 
19 330 549 505 506 502 514 490 39 436 588 515 497 495 530 512 59 524 573 501 505 486 525 474 
5 473 564 497 549 529 496 500 20 740 455 517 517 502 491 512 56 795 498 492 504 516 528 524 
2 390 609 521 526 538 511 508 13 676 480 512 497 501 506 509 30 834 444 515 518 540 493 507 
51 823 418 528 492 505 547 507 143 839 476 461 525 499 505 504 304 716 541 546 519 500 525 507 
48 852 447 479 536 527 516 529 142 836 550 547 499 527 474 526 360 653 594 489 509 514 506 542 
28 885 490 534 508 505 506 500 247 761 606 501 526 511 552 512 469 554 540 548 526 532 549 510 
263 742 580 492 542 525 522 489 777 259 445 507 495 499 519 510 924 163 466 518 489 481 531 526 
221 743 568 502 508 514 470 497 681 364 442 496 521 528 515 490 785 292 462 532 514 540 505 532 
237 759 582 525 509 544 553 499 653 382 465 512 533 533 523 543 775 272 476 525 506 507 512 546 
136 792 508 520 506 496 487 502 364 638 537 509 513 503 517 501 469 549 531 507 512 512 534 552 
96 725 482 479 515 533 522 517 247 704 482 546 510 527 532 495 269 692 501 558 521 502 514 523 
106 353 428 506 474 507 491 480 133 305 427 457 479 512 486 485 145 290 441 459 471 468 484 504 
12 367 567 556 515 511 497 503 9 117 733 455 478 523 499 509 3 80 762 388 509 495 479 496 
5 5 33 948 381 529 492 544 2 6 9 21 474 497 523 484 0 5 7 28 326 539 467 459 
0 45 284 784 637 487 524 529 0 19 143 151 656 520 513 476 0 20 120 163 533 468 492 494 
46 276 459 644 545 498 514 505 40 174 504 384 513 530 517 492 70 155 441 411 485 512 504 548 
25 320 716 492 524 481 512 521 27 287 551 531 515 509 516 493 50 299 531 469 486 500 516 508 
376 417 564 547 522 507 517 504 271 464 551 503 535 538 527 551 218 505 606 494 509 495 495 498 
516 592 580 503 500 518 512 499 496 343 604 543 534 530 503 530 476 418 320 544 506 499 514 513 
771 380 567 552 537 543 525 514 821 360 592 548 537 549 541 517 845 371 625 562 509 541 520 493 
332 659 359 430 529 521 493 527 359 396 628 611 544 529 492 510 347 368 678 571 544 543 546 544 
682 773 667 571 536 528 519 512 684 732 820 714 596 566 566 541 684 776 810 724 605 606 568 563 
856 374 524 539 498 486 525 513 956 425 541 536 522 532 560 524 964 422 559 546 532 502 521 501 
710 538 573 488 518 514 520 493 819 576 554 561 520 522 535 506 873 502 520 535 526 511 505 529 
594 506 542 532 527 506 529 509 752 426 581 518 476 524 537 550 816 350 536 507 522 486 491 488 
417 606 523 514 512 520 507 508 550 541 657 548 534 497 517 487 662 436 592 535 531 518 527 490 
367 539 458 529 532 524 512 510 493 536 556 522 495 485 517 518 610 477 561 504 509 482 496 519 
184 609 523 514 503 518 502 549 366 597 471 516 506 521 509 517 472 578 509 545 545 508 515 488 
1 622 469 511 522 537 521 493 19 856 409 532 515 515 514 502 123 868 567 496 501 489 495 519 
17 744 477 531 515 500 502 492 100 833 552 483 538 518 513 502 351 651 508 526 494 516 505 505 
10 412 560 530 537 486 511 509 50 667 447 505 515 506 511 506 150 730 441 526 529 538 482 461 
1 292 669 539 511 523 503 494 13 586 489 543 522 539 525 522 28 816 381 518 510 519 501 520 
0 189 597 482 527 494 507 492 0 288 624 469 490 502 506 501 11 441 617 532 524 516 511 512 
58 557 545 513 496 520 527 507 179 595 490 504 529 487 531 477 302 597 511 477 516 470 549 497 
133 753 534 495 533 534 501 527 432 557 505 521 522 498 502 539 642 402 513 494 515 496 512 497 
139 706 524 530 494 526 523 501 365 604 534 521 544 500 506 488 573 467 489 497 502 514 507 499 
104 747 527 512 506 491 520 525 380 632 511 505 537 486 509 478 592 454 508 530 534 535 510 488 
28 767 420 527 514 494 528 481 93 887 482 519 506 533 482 512 275 744 585 502 514 494 534 484 
174 682 510 512 506 508 497 521 497 485 468 515 515 497 485 476 599 465 549 529 519 501 533 521 
216 791 660 500 507 474 504 514 854 183 394 520 510 531 498 494 941 127 519 516 516 510 481 510 
114 871 569 528 505 513 533 540 540 482 499 548 498 530 498 528 768 265 427 518 528 496 518 501 
19 943 467 515 516 506 507 521 277 739 607 481 514 529 495 513 545 478 485 542 508 525 481 512 
102 638 505 510 484 488 506 506 254 752 442 530 523 510 487 499 352 706 488 509 538 476 523 503 
4 161 485 464 518 514 477 523 4 96 426 411 456 478 482 479 14 107 429 449 469 461 493 516 
7 402 671 498 485 524 515 510 9 157 802 585 463 520 488 512 22 141 737 518 498 509 503 510 
10 285 693 541 481 487 510 497 7 187 646 382 487 544 497 517 10 179 563 458 507 502 468 537 
35 377 727 433 522 508 516 497 27 236 664 489 497 508 510 513 38 223 593 509 501 509 503 527 
254 321 715 506 450 514 494 519 179 327 511 451 471 517 509 507 67 417 547 536 535 501 522 545 
637 232 758 523 474 505 520 515 487 327 346 431 529 548 517 529 90 742 707 534 506 508 504 512 
976 95 755 563 522 509 503 504 839 187 238 430 527 511 503 507 275 751 768 593 493 520 486 520 
892 533 476 507 466 509 517 537 940 134 512 522 527 493 516 538 829 235 397 491 520 515 485 473 
879 173 444 504 517 494 490 503 934 158 524 519 508 522 492 514 970 144 597 492 501 486 521 507 
518 435 409 448 549 517 515 487 610 272 548 575 528 507 514 498 651 227 622 584 495 487 511 517 
529 760 683 631 543 526 529 546 534 633 848 759 663 582 574 546 538 685 838 746 677 626 599 563 
613 725 490 550 522 511 522 493 753 648 553 551 536 523 552 550 803 614 598 555 587 554 576 520 
171 752 535 486 520 509 514 506 380 575 554 499 521 503 477 530 542 422 496 529 508 514 490 533 
94 758 395 544 535 488 509 502 225 659 609 455 530 511 512 513 346 547 567 563 501 506 521 516 
24 804 221 482 512 492 498 526 62 790 619 438 517 526 500 513 120 729 719 520 503 527 485 500 
62 733 314 570 500 498 502 461 137 682 626 471 499 528 525 503 262 556 613 559 465 506 555 510 
126 528 496 513 504 540 489 520 237 525 590 472 508 513 525 523 324 500 575 506 513 513 511 514 
37 431 483 500 468 496 486 492 133 570 511 522 551 511 488 471 266 598 533 498 520 523 517 498 
43 662 475 531 550 496 511 494 205 716 525 496 495 495 533 507 397 580 537 518 506 530 525 505 
10 517 501 505 512 507 492 528 54 701 519 523 507 522 496 520 172 723 520 510 512 514 499 519 
25 586 526 491 534 498 474 499 154 738 481 516 519 534 488 526 301 678 529 509 513 500 510 510 
13 399 539 520 495 531 478 509 51 577 586 501 513 515 479 531 116 683 544 516 503 534 540 506 
111 562 516 485 516 492 494 497 249 584 519 507 532 533 515 496 364 594 511 512 496 517 524 524 
166 657 497 520 482 497 506 508 458 528 520 514 530 492 511 526 639 416 521 525 528 529 537 525 
129 554 463 484 495 510 498 511 258 579 519 522 530 510 507 491 383 549 542 477 535 504 512 496 
129 706 509 517 516 531 519 507 417 589 516 529 494 497 507 530 588 457 526 510 499 533 537 488 
57 880 475 509 525 492 532 520 329 685 594 485 487 517 545 513 593 434 476 540 510 520 525 506 
136 776 500 510 496 483 495 502 546 486 517 511 519 511 514 506 744 331 491 521 513 491 521 487 
196 735 561 526 535 506 550 517 661 362 488 521 533 510 507 518 825 245 480 504 516 539 533 532 
133 797 516 511 535 522 539 507 434 590 541 525 489 528 516 487 683 362 475 515 501 522 514 541 
10 759 417 514 540 529 502 522 133 837 592 518 528 513 501 518 331 683 551 522 494 525 497 492 
37 496 505 497 529 497 531 485 121 755 508 540 528 526 499 493 221 736 562 490 505 504 511 505 
18 559 571 520 547 530 533 508 9 416 596 510 521 525 506 532 22 382 523 544 501 505 509 529 
10 502 665 476 511 519 519 495 5 337 536 586 517 501 504 493 14 308 440 578 543 500 498 512 
183 340 648 530 489 506 495 476 0 364 475 505 485 522 517 487 1 179 399 521 503 511 528 487 
778 131 500 515 496 506 502 527 90 770 680 502 471 518 518 529 0 740 443 455 522 515 512 504 
1020 33 814 504 483 491 505 493 667 357 353 500 518 497 506 475 147 873 772 551 510 533 521 504 
1024 50 815 520 503 525 504 483 809 215 231 477 528 504 515 532 220 804 756 550 526 516 524 533 
1010 35 834 425 533 517 521 512 802 222 235 400 535 514 529 526 251 773 744 615 530 512 546 527 
580 476 531 494 507 537 475 521 693 368 471 529 505 536 520 510 798 282 478 520 489 513 546 483 
842 191 374 545 522 519 510 541 911 137 417 501 529 511 513 547 953 112 471 506 497 516 526 465 
670 362 468 523 521 523 518 516 792 315 494 497 515 524 505 527 867 323 502 494 512 500 499 506 
444 652 602 549 519 495 509 514 468 508 764 708 622 574 539 541 472 569 728 724 600 573 558 570 
968 906 852 769 653 532 509 563 997 896 902 854 776 691 645 647 1003 901 898 852 754 618 639 583 
397 471 483 524 519 501 514 486 504 394 519 513 506 525 527 517 594 332 518 514 508 517 523 519 
47 566 551 548 511 516 548 510 29 560 399 559 497 519 527 510 26 564 388 559 510 507 533 520 
85 142 521 525 528 530 525 485 8 201 404 612 452 529 499 503 2 217 557 467 492 495 505 531 
98 251 682 384 494 507 518 512 128 203 619 457 516 522 492 538 162 312 659 430 493 482 533 505 
69 152 427 542 527 513 526 501 95 129 585 425 514 509 492 485 122 142 706 444 474 512 486 507 
0 35 470 507 517 527 505 526 3 77 676 470 505 480 515 519 14 99 767 480 515 564 490 540 
1 125 555 488 515 504 485 513 11 235 671 429 491 529 505 519 29 286 689 441 539 526 501 541 
0 130 503 470 479 499 513 478 7 268 531 501 543 525 503 543 14 377 496 492 510 514 513 510 
35 380 484 493 478 488 490 515 81 471 539 488 499 523 504 520 152 509 553 528 516 501 518 497 
36 653 487 510 526 536 501 517 104 800 532 523 501 502 533 528 261 724 554 525 496 518 513 514 
191 704 516 523 508 508 506 509 453 548 505 514 500 520 506 525 650 403 490 526 468 519 500 521 
108 719 525 497 513 497 528 514 399 565 471 485 506 504 510 550 558 456 511 527 543 498 522 526 
46 532 524 522 505 516 522 520 133 637 503 511 505 533 516 504 245 651 496 533 499 542 557 511 
73 583 499 505 518 496 501 511 230 685 508 504 513 498 519 496 383 634 507 513 515 493 501 512 
98 750 502 509 531 548 500 528 394 640 525 502 490 528 535 522 637 444 489 537 504 530 499 526 
26 684 496 508 509 507 503 500 296 656 515 511 502 533 525 501 456 548 496 519 510 531 512 514 
111 726 508 523 500 490 503 512 547 454 455 522 509 495 522 518 659 389 482 519 529 526 518 514 
99 625 529 512 513 520 529 525 297 625 521 494 554 527 522 527 439 531 507 534 564 518 541 536 
17 578 471 500 501 516 524 525 79 772 516 532 535 514 506 526 186 776 553 501 524 538 493 540 
10 226 512 489 482 506 487 522 31 373 607 513 523 506 548 521 58 570 535 524 530 522 525 541 
0 263 732 453 530 525 492 510 0 75 359 558 509 505 532 494 0 6 238 517 481 476 499 480 
65 718 756 524 499 502 510 517 0 484 316 505 499 523 515 489 0 42 596 536 506 522 504 482 
803 219 237 532 510 521 535 514 8 968 623 530 513 485 520 531 0 776 324 511 510 528 527 531 
1009 15 436 543 529 507 502 486 157 867 817 599 500 499 506 499 0 1019 638 441 504 513 500 532 
1024 35 751 437 490 534 535 507 575 449 463 502 514 533 526 525 107 917 837 499 522 516 518 511 
1023 58 761 474 518 494 496 535 736 288 315 470 496 530 511 516 218 806 746 535 491 501 510 510 
957 83 707 440 540 506 521 540 747 291 356 468 520 521 525 507 376 670 703 548 497 518 513 526 
372 579 521 479 541 498 502 514 536 459 481 491 517 509 532 488 654 371 443 519 517 530 504 516 
628 397 495 521 518 480 502 517 681 349 493 522 535 510 478 528 794 249 479 514 513 502 496 483 
646 373 494 516 492 514 490 521 760 286 490 508 541 525 496 493 874 206 502 491 488 545 480 508 
606 506 535 527 507 518 507 485 683 480 633 566 564 570 536 524 703 536 618 559 591 550 587 549 
1009 899 890 814 675 515 588 562 1023 918 921 859 826 741 674 640 1022 923 916 867 819 677 674 600 
640 360 467 500 550 509 486 518 752 285 494 527 510 500 512 503 793 274 529 528 501 499 509 541 
31 174 520 455 495 522 510 494 9 162 184 592 508 516 501 503 6 156 145 532 454 467 466 497 
336 325 619 452 507 500 498 488 98 509 474 574 510 509 480 511 4 569 421 563 482 498 504 486 
640 264 562 434 498 510 525 532 233 621 691 606 516 523 539 500 160 721 596 497 490 530 500 491 
177 155 419 566 541 527 510 528 202 139 453 556 498 507 482 521 221 170 536 539 521 493 501 509 
0 0 327 598 502 502 510 517 0 0 334 577 486 500 519 499 0 0 370 550 497 516 506 499 
0 2 439 543 524 551 523 505 0 5 430 536 520 546 532 531 0 5 482 516 513 512 538 517 
0 0 449 517 512 514 518 553 0 0 547 466 501 512 538 492 0 3 541 491 526 496 515 513 
0 9 366 547 494 503 496 504 0 13 292 538 494 508 504 517 0 24 372 567 521 509 559 510 
10 155 633 469 515 488 495 523 13 172 575 489 506 510 490 525 32 226 613 506 504 550 496 489 
20 285 419 494 522 500 497 487 58 320 440 514 507 492 520 508 104 361 505 530 499 523 523 509 
70 558 544 471 512 514 502 532 231 565 551 530 488 532 527 504 341 496 580 507 540 503 521 532 
25 570 510 526 494 522 515 505 105 725 511 495 514 533 532 496 258 682 514 523 498 535 501 525 
9 545 501 516 513 516 491 509 85 771 518 524 515 494 527 503 263 700 545 511 521 520 531 514 
109 720 503 511 500 463 534 501 397 585 497 519 521 507 520 522 584 459 540 510 512 500 517 506 
38 759 499 479 495 505 496 523 243 728 527 504 505 518 524 514 461 546 512 524 497 515 510 521 
40 637 498 500 486 514 505 519 294 624 500 497 492 509 505 500 394 576 534 523 525 525 486 494 
52 564 511 503 488 508 477 522 194 649 528 544 526 526 510 523 385 589 445 488 490 503 498 500 
23 495 482 500 473 506 484 509 114 632 516 541 484 522 508 512 258 622 508 508 512 530 506 507 
2 208 589 495 512 491 486 519 4 425 563 498 515 481 528 556 19 675 497 510 512 536 527 542 
132 859 800 581 528 518 480 523 0 860 189 441 523 506 509 526 0 151 783 453 538 511 500 532 
570 454 464 512 503 520 531 538 11 1008 345 593 523 492 509 540 0 729 374 483 547 497 498 515 
944 86 260 484 526 513 517 520 137 887 729 495 512 519 520 519 20 998 419 525 515 513 508 518 
1012 41 506 523 518 502 513 510 348 676 635 483 506 502 513 510 57 962 598 541 475 504 518 514 
1022 89 670 495 529 532 497 515 607 417 462 477 517 507 533 500 216 808 685 533 515 533 503 485 
1019 101 733 505 531 490 499 535 770 254 310 471 519 522 502 509 266 757 683 546 491 513 504 513 
614 281 535 491 496 521 498 510 542 419 477 519 499 514 500 506 456 548 562 525 512 530 530 536 
475 527 470 542 511 531 524 526 577 451 473 515 488 520 527 515 687 358 488 523 525 523 523 538 
791 244 350 510 511 525 507 505 849 193 356 516 486 508 470 503 891 155 395 514 524 533 506 515 
729 349 435 528 535 503 498 504 819 286 419 507 478 534 484 519 876 252 410 524 550 509 508 539 
713 491 487 525 509 489 485 528 854 418 579 570 549 508 517 525 906 412 650 584 553 579 573 521 
1013 1007 994 894 780 622 589 604 1017 1010 1007 968 863 734 671 675 1019 1009 1005 962 828 689 640 593 
547 512 524 515 515 488 527 505 669 444 524 554 495 513 534 491 777 365 522 530 539 546 522 544 
18 141 496 510 520 497 497 474 19 106 203 553 481 512 485 514 22 100 146 413 462 465 475 492 
57 208 678 375 520 503 520 486 13 222 265 660 475 516 478 525 4 210 175 482 493 485 474 488 
155 300 610 420 466 528 542 514 36 355 386 633 478 498 527 487 29 320 289 529 493 452 487 473 
676 242 245 614 546 497 506 499 41 842 767 470 539 500 520 476 14 833 356 572 487 496 493 491 
414 83 347 522 532 535 488 509 59 435 615 438 500 516 515 487 19 464 413 490 486 512 510 517 
13 82 392 517 494 504 501 539 16 119 279 549 520 480 508 494 15 146 320 588 497 504 504 493 
0 48 374 542 480 505 496 538 4 77 523 483 507 491 510 471 10 97 636 489 527 520 485 529 
0 2 352 553 462 490 493 524 0 5 390 583 513 494 508 472 0 21 558 515 518 519 505 519 
0 7 352 502 492 492 501 492 0 9 390 493 487 477 501 499 0 42 488 551 522 510 498 482 
0 2 505 485 508 518 526 528 0 4 597 453 533 504 488 478 0 38 820 482 484 515 533 516 
0 26 445 548 490 510 530 499 0 20 587 470 504 490 498 513 0 49 672 467 514 527 502 523 
0 79 528 500 553 517 500 503 2 101 509 461 517 520 519 508 7 149 589 505 504 524 487 530 
5 246 278 607 489 495 510 491 21 334 312 579 502 511 488 494 85 314 471 543 539 528 508 498 
18 404 577 528 502 498 488 521 64 530 513 466 513 524 505 485 167 513 524 525 511 505 514 519 
39 750 486 499 498 491 521 496 109 783 531 516 480 506 527 487 273 691 546 523 527 522 506 529 
65 617 519 513 499 486 520 498 199 658 513 537 533 533 531 524 380 594 516 498 497 488 503 488 
30 556 511 510 525 495 509 509 135 654 519 513 531 540 515 526 268 678 530 499 514 490 518 513 
3 315 582 506 474 513 524 514 9 471 548 515 518 521 532 501 53 698 443 515 512 504 513 515 
3 205 582 526 506 519 494 529 7 444 577 511 493 519 543 540 21 680 461 514 510 494 523 506 
478 546 551 535 525 507 514 522 3 1016 355 609 545 516 520 522 0 826 255 457 525 531 506 508 
668 357 427 526 518 489 524 508 57 966 529 526 547 545 518 514 17 944 286 502 520 505 509 522 
818 207 346 509 525 505 521 500 97 927 650 513 538 500 510 500 13 980 369 510 538 500 510 500 
916 110 393 488 518 504 527 497 137 885 708 546 507 509 536 517 14 985 508 474 508 495 522 497 
914 123 487 472 507 512 506 519 268 756 572 495 527 532 503 504 21 980 555 512 536 519 539 511 
888 149 390 513 516 489 489 509 228 796 660 516 500 511 500 505 83 940 541 505 506 501 510 498 
237 582 529 524 520 511 508 500 326 569 513 502 532 484 534 512 397 542 520 510 504 506 489 524 
398 626 580 528 520 511 528 480 512 518 525 532 504 523 515 519 675 362 427 500 500 536 526 518 
707 324 408 516 508 498 518 518 764 268 403 512 514 509 523 506 831 213 411 530 503 507 513 505 
513 530 538 469 517 488 512 518 578 473 538 514 528 509 494 529 691 376 523 555 513 506 509 510 
661 537 577 498 521 511 523 519 819 467 588 601 559 527 542 503 908 507 545 588 580 540 557 567 
985 974 948 870 709 598 588 576 997 978 957 917 831 724 667 626 1004 974 958 922 823 724 676 632 
538 641 624 545 559 526 531 550 691 512 598 581 547 568 531 551 866 338 517 559 552 510 491 517 
67 152 426 538 503 524 500 489 78 118 165 580 485 504 501 509 88 107 164 473 465 475 490 510 
64 204 561 421 465 526 517 504 29 210 210 607 422 500 496 523 24 200 174 451 473 471 487 477 
1 217 617 440 462 508 522 516 0 198 144 691 492 514 496 538 0 189 96 459 462 510 503 512 
24 313 599 454 465 510 516 525 9 272 282 620 505 508 513 536 8 221 262 535 496 524 500 526 
466 404 275 378 554 540 525 527 33 791 558 400 493 512 505 489 31 711 329 506 463 491 514 474 
593 334 370 446 451 496 505 509 71 889 578 501 543 522 478 517 44 849 303 477 522 523 513 490 
179 298 419 451 482 492 492 511 66 463 513 511 498 506 517 506 66 562 490 498 532 521 522 500 
2 136 302 447 440 462 483 468 19 250 432 498 501 507 538 485 43 313 541 525 503 486 534 509 
8 276 396 466 463 490 504 502 37 434 433 523 514 499 536 519 84 518 467 521 508 511 490 517 
7 72 285 464 444 477 458 449 18 120 484 503 498 516 522 489 38 188 622 490 537 496 516 489 
0 13 339 433 456 446 466 475 0 28 429 443 467 484 522 483 1 62 577 498 523 500 512 527 
0 9 467 492 517 496 500 504 0 7 458 429 516 510 540 475 0 20 594 536 489 502 516 496 
0 0 140 532 489 477 508 516 0 0 116 559 519 496 501 508 0 0 342 620 486 505 524 539 
0 1 294 494 491 517 538 550 0 1 367 488 501 500 518 524 0 2 523 479 515 524 536 503 
0 37 453 546 486 523 527 515 0 42 269 612 536 498 505 507 0 56 522 494 483 506 502 529 
0 93 561 495 516 521 500 525 0 173 524 488 489 494 500 473 3 307 490 548 528 536 526 517 
3 596 550 570 513 493 493 530 33 710 648 485 511 510 499 527 172 680 583 559 536 551 503 501 
6 554 478 528 521 500 507 528 26 712 507 507 512 518 505 519 159 740 531 534 540 517 517 514 
0 186 479 466 507 516 489 486 1 504 360 494 496 474 495 477 12 632 485 490 519 505 557 482 
288 736 712 561 495 526 523 516 5 996 316 560 511 510 496 499 1 798 287 457 519 537 517 506 
462 562 560 538 524 510 496 508 16 985 455 545 505 486 522 520 0 856 339 480 511 516 544 494 
464 560 540 514 515 518 516 488 7 975 444 517 497 510 523 545 0 821 316 496 497 517 540 531 
535 489 502 505 517 490 491 514 17 980 450 515 522 505 527 516 2 841 288 523 515 524 510 525 
651 375 419 508 529 494 503 526 27 980 540 514 509 501 489 503 6 897 330 518 492 496 511 504 
433 423 443 507 536 529 504 500 27 823 579 492 516 509 516 527 8 816 412 510 543 506 496 537 
162 770 522 513 517 527 532 536 178 748 471 488 489 512 516 525 286 639 464 488 512 534 497 500 
586 436 441 504 498 529 489 508 692 332 355 488 528 492 482 517 810 215 292 474 518 494 542 507 
816 212 350 476 516 471 519 511 857 175 356 510 531 551 528 488 908 131 414 525 516 472 497 532 
547 472 476 519 510 512 490 531 647 396 445 527 522 482 540 519 739 332 465 516 491 525 533 532 
475 643 535 508 524 495 515 501 678 476 524 560 549 511 501 526 877 328 473 516 544 519 530 534 
973 942 898 777 693 522 597 586 987 948 934 875 794 686 661 598 992 951 943 881 799 689 654 597 
621 613 577 565 527 497 503 544 680 577 601 585 550 556 540 545 724 543 610 577 568 575 559 547 
116 156 439 447 531 518 494 537 109 150 221 600 412 477 498 501 109 151 214 561 410 488 470 483 
130 112 557 456 514 504 510 532 109 125 280 559 459 457 505 492 107 119 199 554 461 490 429 520 
26 249 570 479 507 510 507 494 18 238 202 610 488 495 504 483 16 229 152 411 499 531 506 478 
25 233 555 448 485 506 530 505 18 215 227 706 453 486 527 513 21 208 181 572 469 524 460 496 
14 233 403 406 521 514 507 560 6 203 191 485 396 468 448 471 5 167 187 483 380 458 463 482 
128 541 467 472 500 507 504 518 33 585 467 428 468 502 516 493 33 543 353 576 535 519 504 525 
364 622 605 594 561 519 531 523 44 932 397 591 510 505 514 508 33 750 291 573 503 494 515 502 
266 436 523 582 481 521 503 496 24 722 339 522 492 529 516 509 12 402 587 638 511 537 507 521 
76 269 503 512 492 523 518 494 19 464 522 534 554 500 510 509 32 623 493 494 507 513 485 517 
22 302 401 481 446 455 454 484 32 464 441 448 504 488 515 527 74 576 494 545 529 525 490 490 
23 347 393 458 447 478 458 472 61 499 484 496 510 513 528 492 111 608 559 496 537 509 518 504 
5 164 288 470 506 503 473 507 20 257 345 516 503 494 502 521 52 286 515 567 513 511 504 515 
0 0 303 515 516 519 536 507 0 2 283 457 485 503 496 506 0 12 488 474 517 519 520 514 
0 0 113 465 521 511 507 499 0 0 58 366 431 450 477 502 0 0 114 509 490 534 521 530 
0 0 259 529 464 476 504 500 0 0 232 499 479 483 510 489 0 0 422 515 515 521 510 527 
0 4 779 369 521 520 514 533 0 8 795 391 519 531 521 501 0 65 886 609 515 508 486 501 
0 22 879 418 520 512 517 513 0 12 844 404 502 508 544 504 0 80 865 547 495 510 516 495 
7 117 333 433 527 529 510 514 0 83 269 395 447 474 462 489 0 70 332 449 515 509 505 505 
0 14 188 355 514 504 456 494 0 3 67 225 374 461 503 489 0 3 59 317 652 451 521 509 
214 802 627 486 537 508 512 499 7 837 391 503 522 530 501 527 0 587 424 523 503 509 510 501 
319 700 563 506 482 525 513 551 10 814 445 518 491 511 516 488 1 534 493 510 543 494 523 491 
272 749 579 539 530 497 505 535 9 777 412 517 507 541 508 525 0 413 523 525 511 503 513 533 
280 735 617 512 529 528 510 476 6 778 387 502 500 538 503 534 0 303 592 536 505 482 528 479 
419 597 501 541 519 511 489 507 50 750 474 523 502 511 520 519 28 448 525 498 494 502 507 509 
43 553 511 484 524 516 524 498 16 428 578 536 549 503 528 494 29 422 557 494 515 519 519 518 
285 699 615 454 509 508 503 523 365 630 577 477 497 499 521 510 521 492 486 526 518 518 509 494 
686 344 369 505 520 504 512 517 796 239 306 526 474 494 505 492 889 149 298 527 516 501 506 481 
825 200 306 448 529 522 514 507 905 126 346 519 511 520 516 522 939 100 399 586 512 499 524 512 
624 390 457 503 494 511 503 486 731 306 454 519 534 514 508 494 819 266 482 535 489 510 515 520 
495 508 462 531 516 524 508 507 681 350 478 527 492 522 499 491 823 246 525 484 495 530 525 526 
804 771 746 662 599 560 546 561 898 787 744 714 671 609 576 576 961 770 745 749 690 622 602 572 
854 425 572 602 585 553 558 550 913 397 614 618 609 566 561 553 926 397 630 643 581 537 517 528 
193 166 406 485 522 523 506 512 201 151 237 576 465 471 530 505 204 147 216 553 422 470 495 497 
99 100 425 476 526 533 524 507 81 108 198 568 459 472 522 511 76 114 165 523 463 471 477 472 
75 210 376 589 568 518 495 494 55 223 208 593 396 507 480 521 53 224 203 428 487 471 496 457 
19 209 384 593 563 523 461 543 10 211 164 642 409 531 500 492 6 218 149 519 475 491 508 499 
33 203 370 435 567 527 494 552 3 189 206 587 316 467 460 480 0 171 228 397 406 463 447 450 
12 228 466 471 482 486 519 490 2 228 375 511 479 477 472 522 2 233 362 512 461 478 497 500 
32 362 459 562 531 497 519 497 31 330 330 637 431 504 484 523 34 304 288 629 485 494 471 510 
98 839 786 673 528 522 494 513 73 853 421 538 513 519 507 511 73 683 422 655 498 523 525 521 
138 852 859 413 582 520 499 502 12 952 196 437 508 523 509 513 8 423 636 586 471 529 520 510 
161 473 576 463 500 479 488 516 68 547 454 506 467 503 529 494 56 399 656 476 582 515 482 515 
71 265 457 540 504 522 509 484 94 354 554 566 501 523 515 508 118 565 453 537 501 506 500 487 
16 212 319 531 493 510 492 495 18 247 328 405 537 490 512 533 32 329 323 540 496 511 526 487 
15 83 184 439 515 517 492 516 2 63 132 254 407 452 465 507 1 59 133 319 474 493 510 496 
40 102 206 283 475 496 513 502 38 88 213 223 338 426 441 436 37 112 202 273 458 457 443 499 
122 298 400 486 494 510 507 478 141 342 334 428 445 498 472 484 157 368 347 426 520 500 528 485 
96 285 593 501 530 501 537 501 110 324 597 511 496 519 510 536 127 431 596 514 537 495 505 491 
34 229 642 496 515 505 492 485 41 182 632 510 510 504 499 495 57 234 658 490 516 531 527 520 
2 156 689 469 519 503 489 500 0 59 407 624 454 516 518 495 0 45 351 644 465 521 511 514 
0 168 647 537 499 515 493 504 0 37 384 600 489 512 508 529 0 25 251 610 495 493 511 504 
206 800 544 527 496 531 535 484 2 611 514 537 502 511 503 481 0 228 528 519 522 512 517 508 
247 746 490 530 489 509 504 508 13 558 552 522 546 488 502 506 0 262 432 495 511 521 520 511 
214 800 513 510 527 494 535 496 3 557 546 532 490 505 527 528 0 181 477 497 503 499 524 507 
238 751 513 500 489 529 527 530 30 581 541 465 540 537 526 521 32 275 485 493 504 502 489 502 
238 620 511 505 522 519 515 485 258 602 544 516 484 501 532 514 267 516 541 497 519 511 487 495 
8 323 557 529 539 529 485 499 41 495 548 514 507 496 497 521 83 531 598 506 496 528 510 494 
147 785 547 471 521 516 519 510 184 733 576 501 493 553 519 506 294 654 547 541 523 512 510 532 
640 386 394 483 484 507 546 545 714 312 355 526 523 489 493 501 869 164 261 544 531 521 494 500 
871 185 256 437 507 507 507 509 962 108 262 527 517 510 497 523 991 92 349 567 494 478 496 515 
793 262 373 480 509 502 512 521 902 183 375 519 507 504 486 505 945 173 484 551 514 500 523 534 
426 558 522 523 530 523 505 511 620 406 448 495 489 526 482 501 761 298 422 517 505 494 514 546 
681 590 617 564 540 511 478 493 828 604 593 575 547 540 514 507 945 570 596 575 545 553 559 534 
790 504 598 643 596 562 533 546 821 491 623 657 604 584 554 559 839 479 605 660 629 568 571 538 
164 232 531 446 511 512 525 507 178 205 321 516 511 514 486 496 194 186 269 548 487 501 470 499 
64 100 613 365 477 512 503 504 48 105 216 654 530 551 486 521 37 113 176 656 500 455 494 471 
38 268 393 579 550 521 482 558 16 268 242 575 429 475 475 483 11 270 200 461 491 482 448 466 
22 208 336 630 537 516 516 523 17 196 161 595 458 497 500 512 15 200 149 408 545 472 519 497 
9 211 376 577 543 499 506 552 2 201 234 554 420 476 457 466 1 205 213 388 494 487 498 512 
46 335 494 509 525 502 523 489 42 321 472 501 453 480 485 507 52 367 438 521 483 507 480 527 
38 277 488 533 524 516 512 471 41 270 343 597 420 520 510 493 44 355 225 479 523 504 511 499 
39 184 313 589 511 525 502 483 44 190 373 481 547 512 514 485 56 376 260 548 471 525 500 516 
5 643 475 500 526 509 524 520 4 534 282 608 526 502 525 525 4 435 336 627 457 528 512 508 
9 983 866 315 507 506 523 541 6 849 225 473 548 544 511 498 6 407 610 580 496 538 458 530 
138 759 672 441 480 511 527 524 39 635 328 456 520 544 499 518 20 196 742 492 533 516 528 526 
161 375 404 585 500 498 503 512 133 373 295 554 536 510 507 524 158 274 378 561 508 524 521 478 
181 566 438 570 537 517 482 492 305 517 496 522 517 515 507 511 468 393 502 523 530 535 526 526 
221 599 513 508 506 516 501 507 398 523 470 524 499 529 493 497 550 454 543 505 519 530 490 522 
145 730 512 517 521 495 522 533 374 629 520 527 500 477 505 528 641 438 516 503 515 495 522 546 
1 163 531 493 531 486 478 504 14 273 657 456 495 518 504 501 44 467 625 468 500 535 512 524 
8 20 659 408 519 523 498 505 6 22 523 495 503 516 526 541 9 30 674 435 527 517 505 517 
12 165 843 329 533 521 511 509 1 109 264 696 530 519 464 486 0 75 226 655 489 506 509 483 
50 483 631 477 531 500 503 505 3 242 514 544 465 509 494 489 0 159 343 546 505 526 472 531 
127 780 483 497 523 492 524 509 2 442 525 498 503 530 542 496 0 166 380 461 466 457 471 474 
125 844 462 522 511 513 513 532 1 399 603 484 520 532 528 511 0 134 407 483 484 520 507 458 
71 898 484 496 511 509 510 501 0 341 616 559 494 503 504 535 0 68 429 476 485 480 492 491 
140 730 471 528 491 537 525 524 42 405 547 521 503 522 517 483 49 246 372 472 470 475 494 481 
189 470 487 492 510 508 498 522 353 561 516 542 505 497 508 524 431 574 514 539 519 547 497 516 
115 485 485 521 470 512 517 504 179 506 569 478 530 516 520 482 290 455 539 533 492 496 499 509 
391 605 517 527 506 485 517 520 447 544 487 540 543 489 519 543 659 342 396 467 497 504 504 511 
647 380 419 495 529 499 525 515 774 258 340 489 498 476 534 508 905 137 285 479 490 507 512 522 
818 223 309 496 530 523 498 554 888 162 344 544 499 506 528 501 942 120 433 537 520 520 522 519 
603 420 465 528 519 496 506 504 726 321 438 507 512 527 508 534 824 256 473 530 509 504 489 520 
566 509 549 530 523 492 522 511 718 396 484 509 504 507 506 518 863 286 459 525 500 489 498 530 
489 609 533 527 511 547 521 541 657 551 517 532 513 530 523 506 810 458 548 547 536 538 529 529 
440 707 539 511 501 491 537 489 498 706 562 555 542 552 528 540 543 713 552 564 573 576 555 528 
132 334 561 459 478 511 505 514 194 259 333 524 547 500 523 491 255 195 294 534 531 497 514 490 
43 116 610 352 526 478 489 531 20 109 222 725 491 509 504 514 15 110 162 737 443 476 480 491 
12 269 459 564 552 514 500 532 4 257 241 543 443 489 495 507 3 252 207 484 444 476 493 492 
6 206 379 572 533 540 518 482 3 206 147 546 447 477 516 489 4 198 121 412 528 494 506 508 
6 249 356 605 575 490 505 482 5 239 212 622 382 473 489 524 9 255 191 504 451 483 513 496 
8 294 396 571 514 506 509 517 3 293 265 497 532 487 480 506 3 299 285 510 488 528 492 486 
0 226 435 579 523 530 521 513 0 189 242 588 478 514 470 497 0 175 224 487 539 474 531 508 
0 85 258 661 456 522 507 504 3 94 232 489 498 497 511 515 11 123 229 482 516 483 502 514 
58 439 486 499 520 494 473 455 123 372 392 489 508 471 507 504 166 319 397 499 490 511 501 499 
104 563 545 485 481 509 534 503 206 577 523 543 529 507 513 521 345 561 508 516 516 512 521 509 
12 846 602 395 523 525 492 526 4 769 188 604 548 497 540 478 5 548 402 604 505 513 531 538 
23 1001 693 425 501 518 531 501 5 691 349 501 563 529 503 516 1 222 789 481 493 508 519 512 
171 776 497 574 540 535 518 488 77 688 464 569 536 512 511 515 116 399 726 433 492 501 520 507 
84 699 505 532 509 476 493 496 157 801 475 514 513 494 520 527 375 602 514 508 527 498 514 515 
97 620 517 518 510 503 510 491 274 623 545 506 520 524 505 500 517 513 498 514 508 501 509 520 
35 93 365 487 482 506 473 472 46 129 368 506 496 502 476 501 80 222 461 531 526 517 492 545 
0 63 684 466 504 506 513 515 0 13 282 605 514 495 500 491 0 9 275 585 497 495 492 503 
12 169 787 511 506 535 503 519 0 50 361 583 520 516 528 486 0 23 179 643 501 496 466 521 
65 495 630 571 454 520 483 495 11 264 610 485 496 510 512 501 4 175 447 551 470 493 506 492 
53 838 414 483 545 489 514 513 2 272 621 493 482 492 515 536 0 89 327 472 462 490 482 474 
47 855 331 492 504 520 491 519 0 192 681 497 467 506 523 501 0 68 293 490 486 493 491 517 
32 812 365 485 503 491 498 509 8 193 645 461 523 480 509 507 7 64 332 523 479 479 463 489 
172 644 495 473 543 505 526 521 196 335 548 510 506 523 482 509 246 265 461 507 511 485 510 503 
101 414 469 490 507 477 514 494 251 446 513 498 512 544 495 537 309 473 515 520 524 504 524 519 
85 718 514 509 505 523 498 513 124 708 557 498 496 526 499 501 192 697 609 498 512 538 506 517 
286 735 643 482 534 487 525 513 363 658 607 497 497 490 490 511 529 493 522 531 508 525 499 509 
538 477 429 478 521 493 498 527 662 358 362 469 516 542 510 509 772 260 360 521 505 489 499 508 
686 338 334 485 542 481 545 521 773 258 335 517 500 492 502 508 865 172 362 553 529 496 522 498 
497 555 558 532 511 494 531 558 664 402 450 498 505 477 491 522 838 255 344 499 524 494 540 508 
350 693 597 508 527 546 503 530 487 569 584 500 510 534 538 502 719 348 473 497 522 507 531 502 
206 772 654 494 504 497 515 489 345 685 604 517 547 502 504 520 673 394 378 495 523 497 532 537 
657 688 618 537 509 514 530 531 761 687 598 603 574 577 551 546 795 685 616 626 608 604 566 589 
180 407 546 425 552 503 486 518 238 309 477 535 518 504 538 505 282 276 469 544 512 505 507 511 
36 106 639 370 500 513 506 528 17 114 271 670 514 480 514 480 9 120 208 691 464 490 512 485 
3 266 547 516 489 517 499 519 1 240 227 641 454 503 483 483 1 234 190 554 438 445 498 497 
5 208 298 631 536 529 529 518 3 196 114 494 442 485 507 489 3 190 105 375 504 496 493 484 
17 258 304 550 555 484 507 511 18 198 205 619 427 453 520 500 24 163 234 544 458 458 478 504 
40 351 335 536 495 486 495 515 65 353 301 471 480 455 484 503 103 327 304 500 479 528 490 512 
68 385 496 554 505 479 499 514 125 349 360 540 504 499 522 504 175 346 331 511 504 507 502 514 
137 306 233 613 435 490 486 506 272 243 247 445 551 498 498 503 349 246 301 528 508 507 516 482 
49 572 431 468 476 499 481 478 123 520 427 476 527 518 502 507 232 403 397 548 486 544 499 514 
135 630 516 518 517 506 515 528 316 604 522 536 526 489 525 508 575 483 479 518 504 521 514 502 
0 205 237 677 513 493 505 512 0 171 172 624 468 501 509 512 0 150 209 673 490 529 523 532 
58 792 508 443 506 496 500 512 92 631 432 542 511 525 526 516 129 549 448 526 493 502 485 516 
5 999 606 408 525 523 499 520 1 824 218 493 534 490 506 525 1 431 594 634 484 503 522 514 
94 929 486 589 518 519 528 522 6 646 482 555 522 515 489 495 5 293 725 511 497 533 510 529 
209 446 509 521 529 504 520 491 40 532 566 537 529 502 506 525 58 428 600 432 507 515 502 512 
23 37 661 486 545 540 501 499 0 48 571 485 503 527 501 500 0 42 560 481 499 527 524 489 
0 198 660 508 514 515 494 504 0 12 630 472 500 497 521 482 0 2 374 579 522 531 550 515 
0 422 600 520 519 516 533 519 0 33 813 530 521 501 476 515 0 82 477 650 544 495 511 507 
0 386 620 559 523 510 557 524 0 99 865 712 516 523 524 484 0 257 726 631 564 510 482 530 
6 685 434 515 510 512 521 473 0 149 726 490 482 489 500 509 0 44 455 471 493 530 490 471 
5 672 444 531 480 535 526 514 0 151 739 438 530 496 511 516 0 50 603 494 505 529 498 493 
19 661 471 512 529 517 495 553 13 305 704 498 503 500 521 530 25 276 654 482 485 538 523 506 
82 639 523 556 529 549 499 502 180 495 543 481 506 479 507 527 276 492 552 493 516 505 515 510 
111 621 514 498 510 501 496 495 230 634 558 514 488 520 511 522 317 627 555 533 532 526 514 495 
175 794 602 507 504 511 526 522 215 778 643 517 534 535 530 527 377 633 592 550 510 518 492 527 
185 790 641 513 499 518 527 522 272 716 619 561 502 512 513 518 485 522 474 492 475 533 503 510 
572 436 430 486 531 524 524 511 695 321 380 527 504 530 506 502 810 218 395 532 522 535 487 533 
606 431 445 514 513 526 512 496 698 355 418 508 533 521 528 510 827 249 389 496 486 492 522 514 
820 289 418 503 542 501 514 524 891 262 475 529 506 514 526 517 929 271 529 524 537 523 533 506 
482 565 559 508 508 492 530 498 671 383 422 491 514 488 491 526 837 230 327 508 519 507 537 519 
216 788 552 546 509 528 502 526 320 722 605 485 507 537 505 508 479 590 585 510 508 565 499 515 
723 476 506 509 490 500 527 511 825 571 612 576 550 547 516 515 904 608 638 561 579 585 548 549 
220 665 616 482 494 530 511 519 398 469 594 530 501 548 519 542 492 396 531 556 520 511 523 540 
29 165 685 359 513 532 503 521 19 150 405 578 533 528 498 517 16 157 350 589 524 478 516 494 
2 267 567 465 521 517 510 534 1 240 256 640 536 486 513 506 1 235 183 631 486 494 502 499 
19 223 406 614 534 514 548 515 14 198 157 592 450 479 528 500 15 192 131 576 473 492 531 484 
36 364 399 514 539 486 489 493 91 292 259 590 443 473 495 488 134 255 257 645 460 485 510 534 
108 459 336 518 515 499 492 501 158 406 368 525 490 514 513 487 240 382 371 533 511 504 513 520 
44 450 461 540 556 507 535 523 93 413 349 552 472 471 529 526 169 349 315 569 476 514 519 494 
76 316 201 631 420 519 485 486 158 281 213 454 515 477 483 510 265 202 247 569 473 503 507 504 
94 592 469 502 503 487 488 506 184 503 453 540 504 490 492 521 282 409 458 516 505 537 492 520 
182 559 482 469 504 487 489 505 284 552 494 499 491 502 525 482 480 461 451 531 498 505 499 512 
0 279 253 656 458 513 513 522 0 186 205 574 520 516 503 524 0 161 191 612 494 500 514 493 
131 488 485 510 500 469 499 474 322 342 453 514 497 529 490 500 437 312 471 514 490 522 520 507 
29 339 544 519 550 509 529 529 43 252 483 620 524 508 506 496 78 259 440 609 492 503 527 492 
2 906 627 362 508 513 524 505 1 770 244 569 496 512 507 489 1 540 434 568 529 511 527 514 
59 954 516 476 471 517 519 504 7 734 362 494 462 533 518 533 4 379 637 585 529 525 518 505 
266 704 465 525 515 508 523 510 133 549 541 524 494 505 531 497 98 385 537 524 519 507 511 494 
174 348 692 587 507 518 516 557 81 252 680 513 542 499 536 495 61 238 562 606 516 516 518 505 
0 384 561 406 489 521 521 508 0 17 875 642 486 507 534 524 0 125 811 577 543 494 521 509 
0 111 544 538 515 513 496 522 0 13 420 596 489 511 512 495 0 52 477 543 489 475 521 523 
0 488 565 564 516 495 507 509 0 84 890 375 544 523 525 544 0 50 833 325 494 528 531 515 
3 398 641 618 489 517 516 524 3 65 915 336 522 534 508 526 3 59 922 271 482 521 528 508 
25 545 579 495 500 498 527 512 92 395 703 456 498 551 505 517 178 387 654 507 490 512 499 498 
42 352 469 525 471 513 474 501 132 503 503 504 520 517 513 513 223 509 523 492 493 522 491 508 
26 413 468 511 494 481 476 500 49 555 564 456 495 529 464 532 96 645 564 552 483 549 537 532 
52 810 505 505 527 537 536 484 133 813 529 469 514 511 503 534 212 770 615 519 489 541 514 518 
188 787 614 527 497 511 515 519 300 689 568 535 518 555 494 498 489 511 471 501 511 512 523 529 
603 417 357 379 531 546 529 518 681 343 332 515 519 534 490 530 771 269 325 581 497 530 495 488 
602 433 393 444 560 503 503 495 711 335 331 421 523 563 498 533 858 200 260 474 488 514 516 512 
739 346 479 506 506 516 523 511 837 285 446 476 473 524 503 493 925 226 390 504 521 493 539 532 
673 374 457 508 490 514 545 542 815 246 384 473 520 527 486 520 912 162 342 505 496 504 542 517 
596 476 532 504 519 506 505 502 707 378 486 513 500 520 494 539 813 287 465 528 508 508 495 473 
447 648 534 485 515 496 520 522 567 616 637 542 490 522 523 515 789 476 493 520 541 552 547 547 
390 663 533 516 518 527 544 514 618 474 535 523 518 531 545 546 752 364 508 550 525 519 507 519 
8 416 618 441 506 516 518 505 16 360 625 500 475 509 511 522 28 368 643 496 480 549 501 516 
1 257 599 451 479 496 503 530 1 218 328 612 497 494 476 498 1 211 305 604 495 486 488 494 
9 249 319 646 556 537 527 533 5 225 129 634 453 502 527 510 3 217 103 568 476 497 502 480 
91 303 333 592 531 491 476 480 97 301 249 595 421 452 496 496 126 279 280 578 475 492 506 546 
103 444 361 491 508 480 492 499 142 412 297 505 489 501 498 491 222 360 306 596 497 497 524 540 
138 435 417 558 514 503 480 505 210 376 386 581 456 498 505 488 281 337 357 571 491 513 526 500 
116 232 223 597 442 488 487 478 172 237 214 487 497 509 489 478 227 245 252 560 500 514 557 534 
108 514 508 470 488 492 478 480 190 458 533 564 509 485 492 505 275 530 407 539 493 494 496 502 
96 320 504 517 496 500 501 505 186 367 449 477 509 494 526 495 272 517 348 505 498 520 513 536 
0 318 259 674 551 531 493 473 0 218 244 554 495 540 484 517 0 163 277 624 466 486 533 492 
17 328 528 472 528 497 493 518 19 278 415 498 480 484 468 496 40 322 450 525 512 517 505 507 
15 308 691 456 525 487 485 511 19 295 348 642 532 521 504 492 62 329 316 594 488 503 506 515 
8 298 346 592 505 513 543 512 20 238 350 499 490 517 510 517 45 246 362 590 506 515 501 511 
1 738 428 422 510 509 507 521 0 551 360 628 557 503 502 511 0 467 405 596 453 518 501 522 
22 981 538 441 507 521 540 515 5 818 243 540 433 515 526 495 2 507 516 486 571 499 519 511 
83 924 246 576 513 536 523 519 35 372 689 586 507 525 524 512 23 144 748 443 518 539 517 515 
266 536 395 504 536 520 519 498 95 436 604 526 525 517 493 537 63 351 508 513 499 505 507 528 
68 103 160 357 437 466 490 487 20 118 129 311 379 452 487 482 2 89 170 297 409 434 465 475 
0 115 883 618 498 505 514 485 0 1 971 186 547 518 497 495 0 3 987 197 562 489 498 525 
2 137 881 555 500 516 492 502 1 29 936 207 478 508 519 544 3 30 973 240 571 499 515 514 
134 498 606 485 530 507 517 516 325 391 612 449 466 514 504 517 420 378 591 527 503 533 496 521 
114 252 442 514 495 496 481 489 147 378 566 481 510 506 499 515 165 405 578 472 500 509 514 512 
130 672 589 504 494 499 496 490 170 711 613 475 510 510 531 484 269 663 593 555 519 506 517 517 
282 670 551 488 524 522 506 497 354 612 552 536 501 508 538 511 493 506 494 516 502 538 490 516 
249 772 683 560 500 509 534 512 388 634 564 540 506 528 512 551 590 434 416 496 512 469 488 478 
421 519 462 431 558 531 535 497 476 463 444 480 513 542 531 473 607 353 360 596 499 513 504 519 
575 435 360 378 490 506 486 502 695 319 252 316 496 518 516 528 840 181 162 341 530 478 513 499 
390 632 624 585 524 535 494 509 533 493 493 492 467 498 512 543 751 280 341 422 499 491 506 537 
394 617 468 526 524 518 491 516 501 517 451 565 516 524 520 483 664 361 442 509 506 522 523 534 
281 729 568 462 493 523 506 544 349 671 587 474 508 553 540 484 465 561 616 517 513 470 503 515 
200 791 530 494 492 513 513 501 279 757 626 506 480 527 518 489 465 610 613 521 491 541 517 540 
641 442 513 486 514 541 513 516 887 274 475 527 539 502 497 522 959 321 515 556 518 518 531 534 
174 568 581 507 488 508 523 510 238 464 611 539 490 511 485 497 290 429 600 500 530 495 528 515 
135 348 559 445 517 512 530 494 127 324 455 464 480 498 530 515 117 313 450 454 492 484 499 524 
1 183 368 617 529 547 504 510 0 173 166 713 429 540 506 525 0 172 148 718 432 521 490 469 
9 216 322 555 553 527 497 489 6 196 164 573 421 482 487 501 12 182 173 577 420 462 465 497 
21 267 436 482 489 476 522 507 26 240 315 528 489 496 493 511 36 258 287 615 440 468 496 492 
11 246 544 482 480 515 489 485 10 234 529 489 518 494 527 492 14 453 320 525 509 499 524 503 
0 78 320 626 424 515 492 503 0 86 290 444 529 524 472 508 4 252 159 618 411 497 497 493 
0 261 717 333 518 543 509 507 0 213 320 683 425 492 494 486 0 254 291 599 494 497 464 506 
1 104 548 502 502 515 543 486 0 98 162 586 486 500 519 539 0 139 168 568 522 513 495 478 
4 367 272 564 489 535 516 529 4 206 312 565 519 467 474 493 8 161 320 590 459 516 501 492 
17 451 512 499 513 518 514 532 21 513 500 525 527 506 513 537 43 719 516 496 511 509 477 511 
14 536 490 498 494 527 485 505 78 803 492 511 528 508 521 498 371 621 533 477 502 536 501 498 
6 105 178 608 439 523 523 513 29 182 201 364 559 493 480 498 121 179 161 591 465 516 523 506 
1 501 261 407 469 504 541 503 0 340 332 503 496 479 518 515 0 310 358 516 520 512 502 518 
0 385 202 246 426 477 482 498 0 233 264 353 374 435 482 478 0 182 310 306 382 483 495 502 
0 945 466 446 454 551 546 505 0 750 258 552 444 499 482 512 0 509 497 449 519 528 518 471 
0 1024 181 557 498 492 489 502 0 474 550 526 482 542 502 521 0 175 770 426 528 527 511 524 
104 842 340 483 508 521 536 522 25 337 731 590 490 514 501 495 18 184 602 494 505 507 502 507 
0 79 878 431 521 532 514 503 0 14 937 162 384 499 514 528 0 23 978 174 538 504 537 546 
0 103 878 395 507 524 498 498 0 103 788 309 462 505 524 524 4 175 881 313 572 523 542 513 
53 561 489 514 488 505 528 495 137 634 563 508 532 503 538 517 279 614 528 492 503 519 483 523 
133 605 533 479 509 496 483 513 154 613 557 482 502 510 526 522 227 605 556 517 508 519 525 483 
199 626 511 476 535 519 524 497 249 633 494 509 538 493 523 494 327 577 495 528 497 503 540 527 
285 704 518 510 515 542 501 503 333 657 508 481 523 516 519 520 435 574 491 483 499 502 490 519 
319 711 665 518 531 516 508 521 359 670 649 557 537 486 468 497 502 531 536 559 503 477 506 539 
363 661 643 527 518 500 498 499 498 527 526 466 537 533 501 502 673 352 374 458 495 491 488 506 
522 493 464 483 528 516 494 526 630 388 398 513 532 527 501 526 718 310 356 512 525 515 530 493 
475 536 522 498 504 511 512 526 560 447 453 478 516 513 523 488 665 351 371 465 522 502 518 488 
284 630 574 551 530 508 523 513 317 580 569 576 544 518 488 473 436 491 477 532 517 542 478 533 
197 821 781 433 539 525 520 512 254 766 761 455 536 517 511 531 366 658 676 618 498 498 539 522 
134 842 570 483 503 507 498 527 210 787 669 442 513 523 503 503 346 663 660 566 508 517 521 525 
648 413 454 515 540 505 500 481 767 462 595 501 529 527 500 517 872 535 567 564 556 510 568 522 
405 601 467 530 530 485 493 530 551 462 488 496 499 504 526 490 645 383 506 506 550 524 560 500 
36 354 640 446 504 502 530 534 38 286 583 481 501 499 514 495 41 295 607 439 488 520 492 508 
0 193 519 458 517 511 498 515 0 178 214 674 516 479 487 518 0 171 240 630 445 506 486 491 
0 231 384 609 551 548 510 522 0 222 250 566 447 487 510 513 0 229 244 600 487 485 479 491 
15 278 335 558 485 512 502 505 13 242 243 525 495 497 497 520 11 243 231 536 498 476 483 496 
10 216 584 401 488 522 522 451 8 178 199 570 463 491 514 538 7 174 218 523 515 500 521 535 
15 122 282 518 479 509 506 529 6 112 103 389 501 453 508 493 6 103 108 371 496 480 471 519 
5 237 682 367 494 504 494 513 15 183 196 637 491 485 513 528 11 175 181 450 500 523 494 481 
7 179 417 532 466 512 481 495 32 225 253 487 509 480 506 492 33 223 232 429 499 492 509 537 
2 369 309 516 499 510 478 487 0 223 374 511 515 520 522 527 0 193 377 453 493 506 511 497 
4 160 385 377 417 445 480 454 6 276 464 447 467 512 487 499 22 412 418 450 474 554 498 502 
0 68 363 427 431 413 464 471 5 449 501 504 495 518 485 516 55 791 491 505 530 496 525 487 
0 68 158 512 460 487 486 484 0 86 98 339 506 473 453 499 5 125 84 471 547 508 538 521 
0 463 185 335 415 544 470 481 0 301 302 408 388 420 440 461 0 250 347 371 372 475 496 509 
0 0 0 9 96 368 370 381 0 0 0 10 114 243 339 408 0 0 0 6 102 240 356 456 
5 159 92 174 470 549 439 505 5 109 124 155 258 398 435 504 5 68 157 150 244 382 430 434 
7 790 363 445 484 494 498 476 6 652 252 523 470 537 485 515 6 514 371 396 501 498 492 535 
18 999 475 426 465 501 496 489 6 761 296 577 514 506 493 508 1 485 541 454 539 525 526 487 
2 96 777 382 505 506 505 504 5 145 647 394 500 513 502 504 14 241 788 336 512 532 502 536 
17 232 630 479 479 496 512 474 25 439 556 498 497 510 493 492 67 731 496 470 522 518 540 529 
24 279 339 526 490 507 517 505 81 359 470 504 499 512 532 522 180 363 493 554 524 522 541 517 
45 513 469 478 524 501 499 493 47 401 534 532 496 520 510 520 62 443 545 510 524 521 520 515 
141 712 472 503 517 531 513 497 144 702 477 512 501 452 535 516 177 707 506 513 511 488 531 532 
141 824 631 480 494 511 526 511 157 802 653 510 538 505 524 499 229 754 626 590 496 498 526 494 
167 860 826 449 536 504 509 491 209 818 801 529 471 526 532 515 312 717 715 632 497 496 514 496 
251 708 631 573 506 495 512 498 300 656 612 554 540 487 516 520 447 519 512 496 527 507 512 491 
675 362 412 475 533 500 522 534 775 264 351 468 505 508 501 513 858 182 293 504 506 493 529 507 
574 466 502 504 525 505 505 534 652 393 450 516 516 535 495 482 771 278 354 502 528 505 477 552 
540 496 518 503 521 524 470 544 611 441 500 510 513 517 521 479 690 367 506 509 508 527 498 546 
632 426 485 507 519 489 510 516 721 365 455 526 503 497 519 492 825 277 400 537 498 534 538 521 
322 665 551 524 510 488 545 537 421 606 526 525 514 492 505 498 557 505 508 502 530 513 527 505 
552 568 497 521 525 519 513 519 645 613 581 541 504 507 495 512 744 611 603 550 533 578 544 557 
528 508 480 529 508 520 505 492 787 316 504 507 505 509 505 473 894 282 542 513 526 506 486 520 
59 557 533 566 511 542 508 472 89 528 622 525 504 519 498 525 150 495 594 530 534 523 523 520 
9 198 616 407 472 505 499 504 9 241 366 573 483 484 511 500 8 245 354 588 455 505 467 514 
0 221 416 520 509 499 499 510 0 208 224 542 523 447 491 529 0 212 226 553 489 487 515 506 
24 292 271 579 513 500 491 499 23 340 207 492 459 466 502 497 24 334 205 497 465 494 494 514 
0 199 530 470 510 484 501 491 0 168 143 530 499 518 476 518 0 157 120 375 529 495 492 503 
6 207 256 650 418 527 499 496 4 177 130 402 563 494 501 524 1 155 119 415 488 504 484 456 
5 298 424 432 461 490 477 482 86 503 493 494 500 514 527 526 81 493 484 472 515 506 506 504 
0 96 205 499 449 447 501 468 7 240 202 369 516 511 494 526 9 255 224 459 524 484 513 515 
0 309 234 390 376 441 472 437 0 194 284 447 444 460 490 459 0 153 305 398 461 464 490 501 
0 7 20 29 77 174 240 488 0 21 28 38 142 270 328 577 2 32 25 46 162 274 333 584 
0 104 167 346 453 414 464 441 0 120 307 427 495 492 502 512 0 227 362 381 493 508 490 498 
0 153 161 615 483 466 511 503 0 130 99 371 522 479 442 476 0 102 96 402 531 500 490 500 
0 310 136 197 257 318 393 558 0 118 310 301 249 287 351 527 0 113 323 282 291 419 410 579 
0 0 0 9 104 252 288 520 0 0 0 4 42 140 255 540 0 0 0 3 52 156 274 538 
0 0 0 26 130 310 257 658 0 0 0 13 77 184 221 631 0 0 0 14 84 198 231 655 
0 22 39 182 405 477 473 497 0 13 40 171 350 450 484 531 0 13 37 137 321 385 432 463 
4 514 390 436 470 533 516 545 4 372 376 592 521 509 501 523 2 286 426 424 484 522 510 506 
13 71 460 543 507 526 530 511 14 83 518 521 524 502 516 505 18 158 806 279 473 527 518 512 
14 375 561 492 528 472 469 497 40 602 494 500 541 520 489 538 108 790 459 513 541 510 495 522 
130 243 331 460 467 480 489 460 171 234 441 494 505 511 486 527 189 318 453 515 547 501 504 515 
240 723 493 555 509 520 484 497 325 660 480 529 527 500 499 479 376 623 483 512 495 508 541 535 
100 871 500 506 489 484 482 501 123 844 512 519 528 504 522 477 157 817 574 509 520 493 518 535 
241 774 715 370 509 516 514 529 280 735 710 399 548 472 490 542 313 704 709 531 491 537 488 521 
146 881 845 531 520 496 517 495 202 825 798 597 521 533 529 510 332 695 689 627 499 477 498 512 
468 552 514 506 521 500 511 493 580 441 424 452 500 531 473 529 710 315 318 432 488 504 507 514 
480 552 583 559 497 512 521 474 611 427 505 491 485 516 516 516 702 342 455 467 517 511 552 486 
692 342 448 534 511 502 528 523 741 306 492 517 507 514 510 490 787 272 519 509 499 513 492 506 
471 534 541 512 523 487 508 490 551 465 526 515 491 518 514 491 607 417 496 523 505 502 511 528 
564 453 511 525 538 490 517 525 615 446 504 526 522 512 484 513 706 397 477 519 506 511 503 500 
384 616 563 510 524 527 524 510 488 548 585 521 482 501 513 520 575 501 583 508 514 543 513 517 
140 858 475 493 514 493 500 487 240 812 581 494 517 488 531 487 368 704 646 554 517 544 547 529 
643 411 542 504 519 544 544 486 923 258 442 502 538 498 526 506 1004 270 486 518 553 527 474 488 
160 772 521 551 508 516 521 486 327 626 541 521 497 517 543 526 431 517 524 496 516 509 491 495 
22 296 661 481 501 511 511 513 36 319 631 490 506 512 531 516 58 324 614 462 495 525 498 527 
0 259 402 535 556 536 542 508 0 267 329 602 535 502 479 533 0 244 337 580 540 488 519 519 
0 224 173 529 464 457 451 459 0 236 175 541 446 474 519 496 0 226 192 585 425 515 510 504 
0 196 373 504 497 500 512 485 0 168 183 486 526 508 497 518 0 164 164 338 510 488 484 483 
12 256 228 630 422 519 478 475 7 197 182 486 549 520 512 512 7 166 182 478 500 462 476 490 
2 77 217 350 376 433 428 415 3 179 412 514 497 484 498 491 4 211 445 480 500 502 536 499 
0 76 72 615 394 470 477 449 0 83 103 409 537 498 503 483 0 83 108 358 525 494 507 502 
0 282 189 276 283 318 387 587 0 181 263 313 260 302 340 533 0 163 273 299 300 394 404 628 
0 0 6 107 232 261 269 542 0 0 75 178 279 308 343 604 0 0 47 191 272 318 310 590 
3 109 125 255 378 425 417 395 3 134 237 368 404 472 476 474 2 110 240 350 498 442 462 475 
0 321 126 595 420 545 499 505 0 205 199 484 581 518 530 516 0 162 208 483 508 502 512 512 
0 99 132 151 243 281 358 586 0 10 213 185 170 257 317 554 0 10 214 187 198 294 331 590 
0 0 0 0 0 24 116 892 0 0 0 0 0 24 116 892 0 0 0 0 0 24 116 892 
0 0 0 0 44 43 128 685 0 0 0 0 2 39 181 765 0 0 0 0 3 49 137 800 
0 0 0 23 226 426 424 442 0 0 0 20 228 385 425 448 0 0 0 40 268 442 475 471 
0 51 331 489 498 520 507 485 0 27 282 435 434 497 527 502 0 17 247 462 450 462 440 461 
