11 101 438 570 499 525 500 522 16 152 687 440 537 537 519 531 15 130 584 509 476 532 505 495 
23 113 409 621 514 546 491 499 34 152 702 440 499 516 509 515 28 141 618 467 479 521 524 481 
87 194 381 621 492 517 529 512 109 252 745 421 451 530 492 520 86 218 624 433 515 523 505 545 
158 225 430 533 498 505 543 525 173 255 515 525 518 515 512 519 144 252 546 485 520 516 512 516 
203 313 479 509 490 511 486 493 237 353 536 511 494 510 507 531 202 331 512 490 518 493 471 485 
15 77 297 597 492 516 520 492 22 112 565 493 489 510 498 524 14 83 479 572 535 507 483 516 
7 42 340 646 534 498 525 503 8 70 784 404 490 478 515 507 7 47 576 533 552 502 529 519 
3 62 470 559 504 495 510 490 6 121 826 379 506 536 510 544 4 84 659 448 537 542 510 528 
7 34 490 591 538 478 528 497 9 168 833 500 520 499 506 523 8 77 832 380 519 505 508 525 
25 126 697 473 482 524 504 516 35 408 633 539 473 508 522 518 24 254 731 524 485 468 501 478 
122 339 560 507 501 519 527 491 149 539 527 532 494 516 498 512 139 408 573 501 530 517 532 506 
155 414 569 513 493 502 513 521 202 608 499 500 494 526 521 509 167 549 495 508 502 523 542 488 
607 722 577 612 583 614 565 586 631 738 621 620 566 583 564 557 614 755 591 616 589 579 572 564 
1024 1024 1021 1022 1020 1005 1003 43 1024 1024 1021 1022 1020 1005 1003 43 1024 1024 1021 1022 1020 1005 1003 43 
1024 1024 1024 1024 1024 832 1024 192 1024 1024 1024 1024 1024 832 1024 192 1024 1024 1024 1024 1024 832 1024 192 
1024 1024 1024 1024 1024 704 1024 320 1024 1024 1024 1024 1024 704 1024 320 1024 1024 1024 1024 1024 704 1024 320 
1024 1024 1024 1024 1024 384 1024 640 1024 1024 1024 1024 1024 384 1024 640 1024 1024 1024 1024 1024 384 1024 640 
1024 1024 1024 1024 1024 448 1024 576 1024 1024 1024 1024 1024 448 1024 576 1024 1024 1024 1024 1024 448 1024 576 
1024 1024 1024 1024 1024 320 1024 704 1024 1024 1024 1024 1024 320 1024 704 1024 1024 1024 1024 1024 320 1024 704 
1024 1024 1024 1024 1024 0 1024 1024 1024 1024 1024 1024 1024 0 1024 1024 1024 1024 1024 1024 1024 0 1024 1024 
965 988 987 960 931 146 918 916 972 984 984 933 916 146 926 915 964 978 957 952 910 141 906 911 
983 999 987 980 912 140 700 906 980 999 984 978 902 116 702 913 980 988 982 967 889 129 703 896 
1024 1024 1024 1024 896 128 192 896 1024 1024 1024 1024 896 128 192 896 1024 1024 1024 1024 896 128 192 896 
1024 1024 1024 1024 512 512 512 512 1024 1024 1024 1024 512 512 512 512 1024 1024 1024 1024 512 512 512 512 
1024 1024 1024 1024 72 920 720 104 1024 1024 1024 1024 72 920 720 104 1024 1024 1024 1024 72 920 720 104 
1024 1024 1024 1004 537 526 505 473 1024 1024 1024 627 401 554 490 351 1024 1024 1024 252 613 564 486 463 
977 898 906 915 653 535 443 603 975 898 877 371 629 571 569 453 980 888 782 248 602 480 552 481 
823 324 434 577 507 530 537 524 866 281 372 527 539 527 521 515 933 215 442 510 517 515 510 520 
628 396 382 452 513 498 523 517 802 222 226 412 495 520 511 524 976 48 203 666 529 532 521 513 
524 500 480 523 494 485 529 521 646 378 381 467 507 537 532 507 931 93 227 586 500 510 523 513 
266 749 706 590 517 505 525 519 428 589 553 522 534 495 507 517 872 152 201 520 510 522 505 508 
453 567 534 486 543 528 494 522 610 411 394 449 489 500 506 498 920 103 300 477 494 553 521 512 
532 492 459 468 519 504 518 519 658 366 351 546 507 532 516 499 958 66 368 485 495 504 522 535 
59 964 827 470 500 530 493 514 140 884 833 559 524 528 487 526 734 290 310 496 487 478 503 494 
142 875 755 596 533 533 504 492 292 728 642 578 518 515 550 536 790 234 226 468 495 524 520 504 
187 837 781 550 510 517 512 502 307 717 705 590 522 518 481 502 894 130 221 449 534 525 505 498 
37 145 601 498 559 520 513 511 40 220 747 530 498 521 507 483 38 191 744 453 488 568 480 508 
9 117 580 551 507 522 487 517 25 211 742 467 505 514 525 536 15 173 711 473 500 549 525 521 
19 119 537 534 511 508 508 479 24 193 744 479 510 519 526 513 23 156 685 493 489 506 519 523 
49 171 469 543 501 510 521 515 63 239 657 489 524 526 505 500 54 204 629 519 515 503 503 507 
130 267 462 474 470 514 512 480 140 280 516 436 503 500 492 515 137 286 509 444 480 515 492 511 
240 363 525 483 505 493 516 518 252 386 544 507 513 501 531 519 237 386 524 490 510 471 509 498 
89 228 452 529 544 515 503 464 103 243 626 457 498 498 509 510 94 246 566 457 495 508 518 535 
102 229 517 540 507 531 475 508 119 318 655 449 500 518 509 531 105 291 601 447 496 498 524 518 
104 224 607 453 496 506 493 511 99 293 686 502 519 488 477 487 103 290 677 493 489 514 500 525 
232 344 521 529 533 507 514 510 249 411 569 501 525 523 515 524 226 367 549 495 503 519 495 508 
191 252 503 558 532 511 517 516 201 270 679 481 501 535 491 513 180 275 627 470 508 507 502 494 
391 462 580 491 541 533 511 532 396 515 567 542 514 537 514 525 395 469 571 540 511 514 495 530 
923 858 804 774 720 716 729 453 918 853 798 774 738 724 699 455 919 854 793 783 740 695 728 471 
1024 1024 1024 1024 1024 1024 1024 0 1024 1024 1024 1024 1024 1024 1024 0 1024 1024 1024 1024 1024 1024 1024 0 
1024 1024 1024 1024 1024 960 1024 64 1024 1024 1024 1024 1024 960 1024 64 1024 1024 1024 1024 1024 960 1024 64 
1024 1024 1024 1024 1024 832 1024 192 1024 1024 1024 1024 1024 832 1024 192 1024 1024 1024 1024 1024 832 1024 192 
1024 1024 1024 1024 1024 320 1024 704 1024 1024 1024 1024 1024 320 1024 704 1024 1024 1024 1024 1024 320 1024 704 
1024 1024 1024 1024 1024 64 896 960 1024 1024 1024 1024 1024 64 896 960 1024 1024 1024 1024 1024 64 896 960 
1024 1024 1024 1024 1000 24 1008 1000 1024 1024 1024 1024 1000 24 1008 1000 1024 1024 1024 1024 1000 24 1008 1000 
497 918 905 775 619 496 648 682 502 917 908 869 643 461 576 652 775 633 629 617 615 415 581 530 
32 812 785 480 470 506 517 497 36 806 789 524 516 575 539 523 231 703 621 594 585 494 584 499 
41 864 782 425 576 511 588 443 34 868 796 497 533 525 582 542 262 677 648 596 565 550 558 463 
417 879 835 672 444 595 671 508 402 889 853 795 309 532 595 442 693 612 578 540 376 465 585 556 
986 990 989 984 223 810 545 229 978 997 993 983 180 806 522 223 989 987 984 982 180 808 539 220 
1024 1024 1024 1020 417 602 361 409 1024 1024 1024 751 277 626 482 423 1024 1024 1024 652 333 694 442 343 
888 831 821 831 537 565 566 574 884 836 800 331 653 532 539 519 897 812 813 263 559 494 526 511 
846 242 336 460 491 519 477 516 871 215 274 497 503 510 500 519 964 122 555 493 540 504 461 498 
623 401 405 471 522 521 534 488 794 230 235 387 539 544 500 504 1004 21 471 529 485 460 527 498 
507 512 507 500 568 506 482 508 553 466 463 503 549 559 512 558 1000 23 317 631 548 530 482 541 
126 896 751 465 499 513 485 514 160 862 756 473 493 525 530 512 738 286 362 470 518 530 519 530 
313 710 664 540 491 493 500 498 430 593 576 511 496 517 505 528 929 96 281 568 533 518 512 502 
602 422 411 409 505 538 488 498 719 305 295 379 534 509 525 492 997 27 407 512 514 507 516 510 
288 736 727 647 512 503 530 536 467 557 549 562 557 516 502 500 993 31 251 628 487 490 540 504 
76 940 839 506 526 524 523 514 151 868 818 562 493 515 499 526 856 172 219 497 503 499 481 522 
50 970 868 587 505 497 511 467 145 876 826 637 490 523 523 541 853 173 193 407 524 512 495 504 
106 917 899 511 562 537 499 485 206 817 823 743 469 503 515 520 959 65 136 477 513 492 505 512 
51 99 340 636 489 489 481 528 59 129 596 503 556 543 516 512 49 113 507 551 512 511 505 504 
13 69 375 645 483 529 509 495 14 145 714 420 469 511 526 504 14 117 630 487 499 508 503 530 
8 73 343 597 496 538 516 496 15 120 737 444 516 502 545 526 13 94 646 475 524 521 524 508 
9 43 368 575 489 501 512 504 14 99 694 503 526 517 486 526 11 83 623 461 535 532 507 505 
21 114 317 460 505 507 506 476 37 189 493 540 479 521 511 531 30 161 457 484 516 515 511 531 
100 247 505 498 519 497 505 507 122 321 579 529 521 531 509 523 110 312 555 513 525 500 522 525 
151 233 381 593 518 502 509 510 173 247 535 496 491 533 523 495 156 247 450 557 525 498 486 502 
45 155 413 573 522 517 525 511 56 207 701 445 524 501 504 472 46 182 598 454 496 515 499 477 
94 198 491 568 544 536 507 511 99 243 674 471 508 534 519 519 94 222 585 471 495 496 511 528 
102 266 452 562 489 526 516 488 127 333 594 480 509 495 526 531 111 297 523 498 529 518 538 500 
142 218 506 508 511 523 510 496 155 266 642 495 505 506 538 545 146 215 586 488 508 491 503 477 
218 398 550 511 508 490 515 508 245 445 613 515 502 507 505 524 228 423 589 535 498 500 491 504 
847 818 803 810 775 760 762 306 843 818 811 799 787 778 769 338 862 812 822 808 791 777 774 294 
1024 1024 1024 1024 1024 1024 1024 0 1024 1024 1024 1024 1024 1024 1024 0 1024 1024 1024 1024 1024 1024 1024 0 
1024 1024 1024 1024 1024 960 1024 64 1024 1024 1024 1024 1024 960 1024 64 1024 1024 1024 1024 1024 960 1024 64 
1024 1024 1024 1024 1024 704 1024 320 1024 1024 1024 1024 1024 704 1024 320 1024 1024 1024 1024 1024 704 1024 320 
1024 1024 1024 1024 1024 960 1024 64 1024 1024 1024 1024 1024 960 1024 64 1024 1024 1024 1024 1024 960 1024 64 
1024 1024 1024 1024 1024 256 1024 768 1024 1024 1024 1024 1024 256 1024 768 1024 1024 1024 1024 1024 256 1024 768 
1024 1024 1024 1024 1024 0 1024 1024 1024 1024 1024 1024 1024 0 1024 1024 1024 1024 1024 1024 1024 0 1024 1024 
294 945 929 707 527 535 634 648 301 935 921 845 444 611 473 570 725 511 508 494 493 408 540 497 
7 888 800 524 413 495 490 616 9 883 797 554 495 468 424 528 333 665 505 498 501 384 495 602 
2 740 721 443 528 511 515 531 3 755 728 502 501 505 526 500 201 703 568 549 501 511 536 536 
7 891 855 368 670 624 536 607 9 895 862 667 382 446 555 489 366 610 526 501 494 496 594 539 
870 959 946 947 677 375 452 651 857 970 954 932 667 377 441 654 925 905 896 906 670 378 446 635 
802 802 766 747 515 555 493 510 830 773 744 739 514 568 488 510 895 703 716 753 517 501 489 491 
641 396 391 399 516 521 499 502 719 315 319 388 524 505 501 525 949 86 381 506 507 504 507 508 
667 357 353 379 503 538 499 523 857 167 169 386 545 497 490 495 1015 9 527 509 533 519 481 516 
340 684 646 513 507 519 506 485 474 550 533 469 504 529 499 523 960 64 290 540 555 492 494 513 
333 686 662 592 510 545 519 537 520 502 487 493 543 534 525 489 985 51 430 541 514 502 521 561 
246 775 663 518 514 518 501 512 374 650 568 522 518 528 508 506 893 131 287 553 511 505 505 484 
174 738 748 505 500 509 518 497 257 660 707 519 517 522 518 525 783 154 271 528 554 498 509 519 
599 338 370 483 504 521 513 504 638 302 367 450 519 531 492 490 871 77 342 537 477 524 494 506 
430 594 589 536 585 479 513 504 472 552 548 533 497 516 529 508 1015 9 48 635 536 541 494 486 
370 653 591 482 483 510 518 526 408 616 594 495 505 523 514 514 946 78 253 529 528 508 498 510 
141 879 800 543 513 499 521 521 232 791 765 604 537 500 508 503 961 65 189 516 478 501 492 499 
110 914 819 580 533 508 514 527 291 733 702 528 505 516 515 525 963 61 271 517 514 528 492 523 
18 75 359 562 498 489 503 520 30 138 659 517 545 498 495 527 22 99 561 550 497 508 527 494 
0 19 275 671 509 509 506 479 0 63 742 462 481 502 492 535 0 29 588 535 536 516 505 525 
0 0 145 713 487 473 544 491 0 7 649 453 464 505 534 547 0 1 456 580 501 468 537 521 
0 20 145 749 502 509 524 501 0 33 619 453 505 534 494 541 0 31 471 541 526 509 500 517 
0 6 198 733 434 474 497 520 0 25 716 398 578 540 489 495 0 15 531 538 518 484 517 511 
6 71 327 611 456 484 505 497 9 130 662 470 511 514 509 512 8 98 522 578 479 510 497 536 
101 266 419 542 483 493 492 482 130 275 544 516 503 503 513 493 101 280 522 486 474 472 505 497 
57 134 343 627 509 500 512 506 64 167 619 447 447 537 515 507 58 145 514 533 532 526 497 503 
27 86 488 558 514 509 513 509 27 125 821 447 493 526 512 525 24 115 731 403 512 525 510 504 
68 188 550 511 525 531 504 532 81 293 655 485 493 513 525 502 73 238 623 481 506 483 525 491 
178 277 517 536 496 527 524 515 178 320 612 505 517 507 501 508 188 314 598 503 512 492 509 511 
205 349 586 501 507 539 516 507 219 460 571 522 541 500 517 529 211 425 581 518 531 496 527 519 
977 959 943 934 913 903 889 187 977 957 941 938 918 897 883 187 980 956 942 937 909 908 891 189 
1024 1024 1024 1024 1024 832 1024 192 1024 1024 1024 1024 1024 832 1024 192 1024 1024 1024 1024 1024 832 1024 192 
1024 1024 1024 1024 1024 960 1024 64 1024 1024 1024 1024 1024 960 1024 64 1024 1024 1024 1024 1024 960 1024 64 
1024 1024 1024 1024 1024 832 1024 192 1024 1024 1024 1024 1024 832 1024 192 1024 1024 1024 1024 1024 832 1024 192 
1024 1024 1024 1024 1024 512 1024 512 1024 1024 1024 1024 1024 512 1024 512 1024 1024 1024 1024 1024 512 1024 512 
1024 1024 1024 1024 1024 64 1024 960 1024 1024 1024 1024 1024 64 1024 960 1024 1024 1024 1024 1024 64 1024 960 
1024 1024 1024 1024 1024 64 1024 960 1024 1024 1024 1024 1024 64 1024 960 1024 1024 1024 1024 1024 64 1024 960 
197 897 844 609 558 566 565 637 208 884 839 775 429 540 448 571 640 493 425 435 408 444 513 571 
6 861 716 452 565 507 522 484 7 858 720 545 504 504 500 500 225 758 557 546 511 511 477 494 
13 833 797 321 631 466 598 461 16 837 801 451 540 528 528 500 261 676 593 600 552 535 556 495 
19 890 862 431 588 547 463 535 17 902 879 589 436 494 523 477 516 445 412 399 395 502 428 545 
759 596 617 616 546 560 514 535 787 564 575 647 535 537 550 507 871 480 650 646 535 531 497 502 
737 286 285 386 508 488 532 534 836 188 195 382 507 513 519 500 990 33 398 586 494 508 519 544 
666 358 354 395 523 525 521 526 805 219 222 404 517 473 495 498 1010 15 374 551 505 530 514 536 
301 723 712 627 488 514 520 488 554 470 471 504 554 540 508 536 1005 19 327 588 499 512 504 520 
295 729 722 684 562 500 535 520 611 413 410 430 499 504 493 508 1014 10 194 721 536 509 519 516 
352 644 595 557 519 501 509 517 595 402 396 386 498 507 519 509 950 51 463 463 490 502 489 485 
165 209 504 494 502 476 511 485 190 186 707 309 458 507 482 523 288 129 790 662 507 527 503 505 
0 3 341 681 679 531 618 499 0 3 939 85 199 502 452 523 0 29 996 738 395 557 458 491 
1 5 514 508 538 618 596 505 1 5 884 156 217 513 580 557 1 11 1009 748 382 483 544 501 
328 432 719 548 511 513 538 530 458 292 601 408 515 496 487 506 596 226 498 647 501 537 505 520 
681 343 332 329 443 540 487 535 805 219 218 290 501 517 532 483 1015 9 380 594 512 515 499 510 
233 790 720 547 529 492 510 511 432 592 583 445 460 523 516 527 972 54 340 530 497 537 544 519 
197 826 690 567 506 499 504 520 405 619 597 432 540 509 513 510 967 57 312 496 506 502 525 514 
0 19 226 533 478 479 451 472 0 59 431 590 565 456 543 524 0 55 368 599 546 507 472 494 
2 39 192 697 487 517 499 503 5 68 571 500 566 496 493 494 2 61 440 597 510 492 522 511 
2 31 252 608 434 514 494 502 4 136 567 539 511 504 515 495 4 105 441 644 524 491 500 509 
0 0 37 570 508 497 498 518 0 0 302 723 639 512 503 514 0 0 195 784 462 489 508 508 
0 16 135 750 452 475 473 492 0 39 539 524 547 528 498 526 0 25 366 670 483 512 522 542 
65 115 221 702 449 529 540 525 68 124 391 616 576 523 534 467 72 117 351 674 500 497 509 484 
77 144 347 628 507 518 522 503 90 163 577 464 478 514 516 534 76 158 489 533 480 535 537 523 
45 75 234 604 500 498 527 473 47 87 536 552 557 505 505 507 44 80 407 616 532 475 512 529 
10 34 231 688 498 496 533 540 12 47 623 460 541 501 535 507 10 40 427 564 506 505 503 494 
5 66 401 595 535 512 508 531 10 106 805 389 514 510 512 506 8 78 619 486 494 540 492 522 
277 375 594 519 524 526 501 530 293 465 589 532 502 510 509 520 280 471 596 500 546 519 488 543 
774 769 732 669 641 630 591 601 768 748 730 682 629 624 570 565 778 754 727 672 630 602 592 599 
1020 1014 1014 1006 1002 1007 1003 39 1020 1014 1014 1006 1002 1007 1003 39 1020 1014 1014 1006 1002 1007 1003 39 
1024 1024 1024 1024 1024 1024 1024 0 1024 1024 1024 1024 1024 1024 1024 0 1024 1024 1024 1024 1024 1024 1024 0 
1024 1024 1024 1024 1024 1024 1024 0 1024 1024 1024 1024 1024 1024 1024 0 1024 1024 1024 1024 1024 1024 1024 0 
1024 1024 1024 1024 1024 960 1024 64 1024 1024 1024 1024 1024 960 1024 64 1024 1024 1024 1024 1024 960 1024 64 
1024 1024 1024 1024 1024 704 1024 320 1024 1024 1024 1024 1024 704 1024 320 1024 1024 1024 1024 1024 704 1024 320 
1024 1024 1024 1024 1024 512 1024 512 1024 1024 1024 1024 1024 512 1024 512 1024 1024 1024 1024 1024 512 1024 512 
1024 1024 1024 1024 1024 192 1024 832 1024 1024 1024 1024 1024 192 1024 832 1024 1024 1024 1024 1024 192 1024 832 
123 875 816 441 615 599 601 436 126 877 824 510 577 619 542 429 376 691 601 564 550 524 591 461 
4 877 829 383 598 556 547 488 9 882 849 555 509 493 479 540 301 664 609 584 564 507 480 482 
4 797 745 371 566 577 529 486 6 793 750 462 519 558 545 490 179 750 615 612 634 555 527 477 
8 832 815 406 614 577 434 563 12 831 824 637 407 418 571 501 357 584 519 504 501 494 502 495 
819 204 212 279 512 503 490 537 898 125 139 349 556 518 541 527 992 33 512 499 518 537 486 529 
695 329 333 380 562 513 522 493 804 220 244 401 526 531 536 521 992 37 429 551 534 496 524 509 
358 666 622 505 484 499 507 511 515 509 520 457 526 512 501 511 931 101 357 520 517 511 488 517 
357 667 661 579 515 506 522 506 657 367 372 451 506 506 497 524 1016 12 422 555 499 527 517 512 
573 451 461 488 520 513 506 531 723 301 348 525 475 514 501 479 1001 25 583 461 478 534 516 540 
240 130 469 499 463 486 498 523 268 102 627 339 505 513 495 494 339 100 795 639 532 514 506 539 
0 0 389 635 613 542 568 340 0 0 932 93 189 499 449 686 0 0 1024 860 267 542 585 338 
0 0 438 586 586 561 587 342 0 0 985 39 205 457 486 584 0 0 1024 837 240 527 583 438 
372 382 820 526 387 565 622 601 370 377 882 210 599 490 440 433 372 477 828 591 496 519 542 506 
1000 1002 1001 986 542 478 407 717 998 1001 984 81 853 716 495 311 999 1002 987 76 755 382 565 307 
676 611 626 601 552 555 547 522 792 485 489 416 530 525 528 509 986 301 446 548 522 528 502 490 
365 659 549 532 491 555 517 502 483 541 525 485 478 521 522 522 927 97 419 504 499 498 514 503 
46 973 847 392 512 494 504 496 157 865 844 619 489 504 505 542 924 102 145 413 508 537 520 516 
4 60 242 354 559 467 527 474 4 85 377 474 570 471 503 476 4 86 361 442 576 444 521 466 
0 17 367 528 519 501 510 501 0 112 721 539 505 500 525 531 0 70 684 533 488 518 527 519 
4 85 391 508 480 516 492 505 5 218 576 487 501 512 502 514 5 211 534 505 511 524 511 518 
0 0 93 558 471 512 526 536 0 7 329 630 497 496 540 525 0 3 290 660 546 469 507 491 
0 16 50 652 518 520 515 512 1 18 371 669 531 533 489 520 1 17 266 754 488 471 487 524 
9 67 270 669 484 526 544 535 12 104 539 520 496 487 511 499 11 95 482 583 438 505 510 493 
28 154 461 506 491 466 513 484 44 243 625 506 517 509 498 515 36 224 556 550 494 500 500 492 
39 115 284 536 468 515 522 521 46 146 443 585 517 504 493 531 40 127 376 611 506 525 507 509 
5 23 134 742 497 545 533 486 5 37 422 617 601 487 470 463 5 31 292 713 599 485 482 538 
70 156 401 589 559 496 521 517 81 197 640 439 485 521 484 507 71 170 552 515 497 493 482 496 
166 309 554 502 524 509 510 518 172 365 621 476 516 525 500 538 174 356 599 527 541 515 505 532 
791 733 667 608 621 581 574 599 802 726 664 627 601 608 578 576 787 718 649 619 590 562 558 562 
959 935 908 898 854 569 808 560 959 939 903 904 849 554 818 558 958 936 904 896 853 554 813 561 
1024 1024 1024 1024 1024 512 1024 512 1024 1024 1024 1024 1024 512 1024 512 1024 1024 1024 1024 1024 512 1024 512 
1024 1024 1024 1024 1024 768 1024 256 1024 1024 1024 1024 1024 768 1024 256 1024 1024 1024 1024 1024 768 1024 256 
1024 1024 1024 1024 1024 1024 1024 0 1024 1024 1024 1024 1024 1024 1024 0 1024 1024 1024 1024 1024 1024 1024 0 
1024 1024 1024 1024 1024 832 1024 192 1024 1024 1024 1024 1024 832 1024 192 1024 1024 1024 1024 1024 832 1024 192 
1024 1024 1024 1024 1024 1024 1024 0 1024 1024 1024 1024 1024 1024 1024 0 1024 1024 1024 1024 1024 1024 1024 0 
1024 1024 1024 1024 1024 512 976 576 1024 1024 1024 1024 1024 512 976 576 1024 1024 1024 1024 1024 512 976 576 
72 729 718 422 503 515 504 520 73 726 736 452 546 510 529 546 231 697 580 566 503 510 499 502 
5 760 785 487 533 487 497 515 8 758 791 540 494 493 539 519 236 655 585 531 520 501 536 509 
16 787 789 387 590 482 598 461 17 782 793 508 518 509 489 425 220 708 605 590 559 500 544 497 
15 888 817 337 581 467 543 496 30 874 835 418 562 537 553 556 241 737 665 636 579 570 538 486 
558 466 487 514 529 529 513 499 768 258 300 451 513 519 513 519 1003 54 555 449 508 507 508 514 
503 522 615 526 517 484 518 501 685 347 456 509 510 504 507 515 1001 90 469 523 538 516 541 543 
346 678 673 570 506 504 493 501 547 477 503 509 497 507 544 523 967 60 384 533 500 489 503 501 
295 729 719 532 505 493 515 506 512 512 541 487 522 503 517 507 988 55 369 530 503 515 500 487 
455 272 480 399 497 545 535 535 521 209 453 450 519 500 532 478 697 90 569 573 512 485 521 537 
0 0 502 527 563 491 584 546 0 0 847 199 435 545 558 478 0 49 975 801 355 456 590 546 
0 0 406 618 610 465 614 490 0 0 936 88 258 356 498 550 0 0 1024 741 389 559 654 474 
128 188 327 712 666 559 502 531 134 175 661 354 382 503 542 469 123 199 856 593 435 491 501 528 
927 882 832 795 554 558 532 539 945 830 723 353 569 488 519 532 925 830 642 388 496 534 526 536 
1001 958 912 886 701 436 376 665 1001 941 885 306 725 626 584 389 997 938 869 170 735 395 587 386 
977 749 731 811 718 523 527 579 972 742 728 524 540 536 482 519 1009 701 800 346 700 498 516 515 
359 663 656 553 489 490 514 497 509 514 522 572 519 483 501 521 981 45 325 600 492 526 493 526 
86 938 857 475 486 536 544 485 221 803 790 628 563 515 507 531 982 43 239 454 546 507 500 489 
0 13 135 326 491 498 503 510 0 19 239 523 522 513 516 529 0 16 211 459 548 516 494 490 
6 19 320 564 531 498 529 530 7 83 765 497 551 526 502 508 7 62 731 486 522 498 506 501 
6 73 314 444 510 513 492 525 10 141 517 523 540 550 493 452 8 107 463 559 518 522 534 546 
0 10 152 547 548 479 485 547 0 28 395 631 492 519 488 570 0 16 332 680 462 470 516 476 
0 0 7 389 640 430 507 534 0 0 67 909 456 571 568 473 0 0 45 780 478 538 548 485 
1 27 340 633 502 512 497 514 2 70 845 396 502 528 523 507 3 60 748 419 488 509 510 529 
15 105 518 532 516 524 510 519 24 256 723 514 503 494 521 511 21 209 688 486 541 501 509 509 
113 185 325 540 511 521 526 499 118 207 427 608 523 513 490 496 118 203 440 587 503 487 514 518 
198 270 397 519 488 472 502 479 203 283 528 524 497 536 541 537 186 293 460 504 476 499 517 539 
24 68 193 770 506 510 484 524 28 78 688 372 500 497 515 500 26 74 409 601 527 524 519 499 
82 218 497 549 541 519 547 539 103 285 651 463 539 520 518 529 81 271 624 474 515 500 522 490 
208 451 561 500 533 490 534 482 256 611 501 523 506 518 539 529 206 539 527 517 515 509 486 515 
546 675 632 609 582 481 549 565 589 691 602 580 563 487 560 576 571 677 603 609 564 469 567 570 
1022 1020 1016 1000 746 336 509 707 1022 1020 1016 936 682 272 509 707 1022 1020 1016 872 746 272 509 771 
1024 1024 1024 1016 584 360 600 800 1024 1024 1024 832 680 360 520 688 1024 1024 1024 832 680 208 480 672 
1024 1024 1024 1024 752 240 576 784 1024 1024 1024 1024 752 240 576 784 1024 1024 1024 1024 752 240 576 784 
1024 1024 1024 1024 808 216 688 808 1024 1024 1024 1024 808 216 688 808 1024 1024 1024 1024 808 216 688 808 
1024 1024 1024 1024 1024 128 1024 896 1024 1024 1024 1024 1024 128 1024 896 1024 1024 1024 1024 1024 128 1024 896 
877 895 886 888 872 232 835 858 877 886 884 877 869 220 852 850 875 878 881 876 857 190 838 855 
544 572 605 591 588 556 548 516 551 554 591 568 540 536 517 515 574 537 615 606 526 532 510 515 
238 423 454 501 493 519 520 474 302 360 405 462 475 499 508 504 407 315 472 551 503 529 509 538 
146 464 496 527 497 498 492 493 196 416 497 541 515 519 481 494 318 397 540 545 513 540 492 492 
225 511 534 464 498 472 514 466 318 431 484 455 481 519 474 510 501 332 468 545 517 524 491 483 
513 506 505 484 494 531 502 531 675 350 366 449 532 520 521 513 973 68 474 497 501 524 512 515 
282 742 727 580 523 515 543 538 548 476 478 539 523 456 513 484 1017 8 330 601 542 528 499 513 
118 906 866 615 518 486 490 490 361 663 654 556 521 480 521 524 986 38 122 597 506 520 525 508 
252 772 758 624 550 531 503 503 561 463 473 494 484 543 498 497 1016 9 408 542 520 511 522 500 
181 42 691 358 388 537 485 505 186 48 811 331 513 476 508 518 202 284 711 649 545 508 499 504 
0 0 600 424 457 566 514 454 0 0 923 106 428 505 530 514 0 29 995 861 421 515 479 488 
0 0 384 642 631 569 498 506 0 0 884 149 349 436 576 498 0 0 1021 648 413 545 527 512 
102 435 597 487 509 498 504 536 115 550 566 519 490 515 523 488 99 532 589 555 496 525 517 495 
39 449 628 505 516 514 515 517 62 733 427 512 530 510 505 522 58 640 465 502 528 527 529 518 
267 667 482 526 495 510 504 509 358 696 582 508 497 520 497 501 312 733 514 534 546 517 544 517 
189 508 563 539 479 500 539 496 227 844 426 584 535 511 506 484 212 848 444 537 482 501 515 521 
594 422 414 438 517 526 518 522 793 229 235 347 476 523 505 495 973 51 298 635 489 500 509 517 
209 808 789 581 482 511 558 527 360 657 660 645 559 496 502 515 979 45 270 550 468 511 511 517 
0 48 145 422 571 513 520 482 0 70 232 529 535 515 499 510 0 61 233 491 548 521 528 519 
0 9 190 565 514 464 545 495 0 35 507 611 546 543 502 496 0 21 421 640 513 535 534 520 
0 26 225 554 529 524 507 519 0 60 467 582 496 530 478 492 0 48 355 634 545 489 513 530 
0 3 94 453 529 511 498 470 0 7 217 685 519 494 520 523 0 4 176 681 508 496 476 538 
1 11 44 445 519 485 401 533 2 22 144 814 469 499 565 535 1 21 111 778 450 508 527 470 
0 6 140 581 504 532 477 526 0 17 563 527 539 514 535 504 0 12 443 599 487 515 515 516 
22 77 426 530 513 519 513 512 23 178 672 489 514 542 494 490 22 160 651 465 531 520 481 502 
63 127 361 554 506 488 512 525 68 155 619 458 499 509 488 517 60 162 560 482 506 515 550 489 
96 166 323 529 461 514 500 495 101 195 491 521 521 473 497 508 92 181 413 553 519 475 482 515 
88 214 383 596 523 499 519 482 99 257 600 442 482 488 487 486 79 225 498 542 512 500 493 516 
7 57 469 595 571 475 509 537 14 125 846 393 503 547 501 502 9 84 694 450 496 531 515 522 
222 392 669 505 556 531 496 539 233 506 640 567 479 514 507 511 223 472 679 551 553 513 529 523 
762 751 695 640 496 570 517 530 753 731 684 631 485 575 527 487 755 742 656 621 491 560 485 490 
1024 1024 1024 1008 288 736 432 280 1024 1024 1024 840 208 616 384 312 1024 1024 1024 656 392 712 432 472 
1024 1024 1024 992 392 688 456 368 1024 1024 1024 784 240 344 384 520 1024 1024 1024 384 640 488 240 744 
1024 1024 1024 1008 536 552 344 472 1024 1024 1024 608 416 592 600 296 1024 1024 1024 336 688 504 496 472 
1024 1024 1024 1024 176 800 456 280 1024 1024 1024 832 216 808 352 192 1024 1024 1024 680 368 736 416 224 
1024 1024 1024 960 400 568 456 512 1024 1024 1024 416 688 552 504 576 1024 1024 1024 376 600 440 440 576 
747 744 778 728 571 561 535 502 748 740 771 644 493 505 560 588 773 712 746 530 583 541 557 596 
91 261 648 440 501 515 466 528 75 273 664 418 504 515 498 540 73 268 618 467 512 502 498 528 
87 276 629 495 514 513 505 508 87 271 643 456 494 501 515 525 93 255 616 500 513 499 521 518 
85 301 730 439 587 584 582 414 150 236 715 325 596 493 503 449 223 180 640 407 436 524 518 558 
120 227 651 446 455 528 481 483 155 197 646 373 492 529 484 538 215 161 687 461 526 500 490 515 
228 311 631 429 452 501 577 540 342 201 619 310 452 549 562 480 493 75 630 659 509 466 579 530 
227 797 786 658 487 527 505 498 502 522 524 545 520 514 520 512 1008 16 270 644 487 533 524 516 
286 738 717 605 492 538 516 515 557 467 464 467 534 510 525 529 1009 15 365 563 510 490 494 503 
469 380 492 470 507 511 494 524 566 288 442 480 519 527 532 509 818 133 471 501 501 523 487 509 
0 0 891 136 260 534 479 533 0 0 1020 115 625 543 521 493 0 185 839 814 612 496 563 477 
0 0 579 445 421 415 477 452 0 0 907 117 363 533 454 482 0 20 1000 781 341 531 516 502 
0 20 679 348 344 439 447 523 0 34 930 172 515 491 454 510 0 54 889 691 394 592 501 497 
29 91 594 510 449 485 552 503 31 307 722 549 501 510 510 511 27 191 778 492 491 497 513 529 
81 416 534 498 530 520 519 520 97 585 595 553 526 505 499 498 82 536 616 434 488 505 506 511 
7 439 626 576 511 531 519 510 24 950 342 554 528 503 526 512 22 907 274 586 494 521 492 524 
16 290 757 622 519 511 510 497 25 842 317 607 474 488 509 487 20 808 321 526 498 513 499 511 
591 291 428 483 506 520 489 509 676 263 397 506 504 499 506 517 831 120 531 513 484 503 543 507 
260 759 699 539 526 510 509 552 386 636 596 617 515 497 497 500 940 84 277 523 511 524 496 530 
0 9 170 404 498 477 468 515 0 18 266 626 495 518 528 522 0 15 251 600 452 513 450 492 
0 9 135 601 500 529 488 503 0 22 307 604 525 531 518 496 0 21 301 627 505 535 481 533 
1 11 93 487 522 537 535 503 3 11 194 685 481 491 499 503 2 12 165 723 484 470 559 507 
0 8 147 543 478 525 516 547 0 13 318 626 501 513 518 558 0 10 278 640 509 509 526 478 
0 0 97 611 551 524 504 496 0 2 512 482 554 491 531 523 0 0 442 518 480 497 551 515 
0 3 177 695 491 486 528 534 0 24 678 470 532 485 507 508 0 17 569 507 536 529 480 522 
0 1 206 714 494 511 485 526 0 16 745 409 521 490 516 500 0 4 639 471 509 531 526 484 
20 73 272 624 455 495 507 510 23 117 728 419 464 506 496 504 23 95 542 536 512 522 513 521 
59 170 294 567 517 501 492 480 72 189 472 577 560 519 518 507 63 181 361 630 545 532 506 531 
37 84 206 691 397 482 531 488 38 98 470 562 589 482 458 481 34 90 306 685 491 528 521 534 
13 104 395 658 542 505 527 516 17 157 763 365 470 530 522 488 14 127 590 511 517 526 534 496 
349 454 622 529 553 519 539 538 358 479 620 524 487 526 511 534 341 471 619 514 506 518 523 511 
748 727 721 672 648 462 646 652 733 731 718 661 664 463 637 653 725 730 719 696 672 420 624 625 
1017 1009 1009 989 704 315 501 724 1017 1009 1009 941 688 323 533 740 1017 1009 1009 965 664 307 533 740 
1024 1024 1024 1008 720 288 168 736 1024 1024 1024 912 720 296 192 760 1024 1024 1024 912 720 248 208 792 
1024 1024 1024 1024 328 680 376 336 1024 1024 1024 992 336 688 384 344 1024 1024 1024 1000 328 680 400 344 
1023 1022 1023 1006 385 749 403 281 1023 1022 1022 797 260 500 328 261 1023 1022 1021 575 462 533 275 541 
795 752 742 720 519 564 517 513 882 665 653 461 531 511 487 560 910 644 648 436 663 493 458 535 
432 427 543 482 523 513 489 507 584 272 393 372 484 501 554 523 802 61 409 548 494 525 533 504 
28 410 720 431 540 503 484 506 36 386 692 411 485 508 507 528 88 330 637 489 518 512 486 498 
26 395 671 464 540 500 505 529 10 372 670 453 482 517 510 524 17 368 624 448 500 533 495 500 
61 407 730 402 583 542 464 495 44 406 702 362 496 541 531 485 38 404 657 395 449 540 546 531 
40 341 499 591 597 478 538 520 25 347 751 314 384 503 462 491 28 341 681 538 465 533 541 518 
0 0 231 792 762 691 694 252 0 0 942 82 126 403 594 660 0 0 1024 837 245 429 674 348 
333 497 528 583 495 531 527 469 542 302 409 448 506 496 516 539 786 76 558 502 528 532 507 509 
195 828 788 597 519 494 500 525 505 519 512 522 504 516 519 503 991 42 361 588 523 515 526 509 
363 256 576 531 553 538 510 516 430 292 433 511 543 521 504 494 533 450 415 522 503 504 529 527 
0 0 947 166 391 526 519 534 0 26 994 311 563 460 497 490 0 297 727 740 512 521 514 500 
0 3 757 379 463 501 514 484 0 23 945 258 489 503 491 506 0 240 784 644 457 537 510 516 
0 2 378 533 564 510 511 544 0 10 772 393 498 524 495 495 0 80 647 452 548 500 498 502 
0 4 506 509 540 497 512 507 0 193 818 582 535 489 503 492 0 62 905 496 530 510 522 530 
15 109 446 630 501 497 544 531 21 214 799 355 589 505 482 487 16 187 708 366 497 491 505 489 
78 354 561 509 518 500 514 506 82 537 451 467 510 521 513 504 76 475 494 508 528 547 523 508 
56 302 589 493 510 518 465 537 54 405 540 489 505 499 487 511 48 387 532 493 492 505 502 489 
782 156 288 493 517 524 497 520 790 159 285 555 553 521 511 538 826 125 579 490 497 485 525 504 
135 886 829 508 421 539 538 491 272 752 728 533 577 547 517 525 964 63 154 494 517 456 513 529 
1 26 268 507 450 487 454 487 4 98 582 444 556 509 517 489 3 60 568 402 520 497 503 540 
0 0 32 540 506 512 542 504 0 4 178 703 518 524 487 507 0 4 138 766 462 456 502 517 
1 12 120 503 469 517 497 522 4 16 277 653 513 486 511 499 4 12 253 619 546 540 511 499 
13 34 161 613 537 511 506 517 17 60 464 538 499 491 512 522 14 53 416 574 545 519 488 521 
0 7 103 756 457 527 525 517 2 15 741 341 495 491 519 508 0 13 501 561 589 535 505 505 
0 0 102 693 456 504 498 495 0 11 678 467 501 517 514 543 0 3 414 660 562 539 506 503 
6 48 279 647 457 546 479 519 7 81 786 370 506 517 519 489 6 86 748 373 466 554 549 523 
13 66 299 610 477 526 517 522 14 96 649 459 491 536 515 517 11 88 467 615 550 539 521 502 
165 250 384 519 455 481 510 507 165 262 463 505 527 513 508 490 163 256 462 519 524 490 482 488 
215 278 417 593 519 510 506 509 218 289 535 533 541 537 502 532 199 283 483 547 499 493 501 500 
69 140 385 578 512 514 510 507 68 162 582 503 498 513 520 516 66 152 484 541 531 492 513 502 
486 563 542 567 561 573 545 531 472 568 548 545 511 552 533 532 478 565 523 562 531 532 536 505 
983 969 964 950 943 159 905 920 983 967 960 955 938 149 913 915 985 970 970 949 938 165 913 903 
1024 1024 1024 1024 1024 0 512 1024 1024 1024 1024 1024 1024 0 512 1024 1024 1024 1024 1024 1024 0 512 1024 
1024 1024 1024 1024 896 128 448 896 1024 1024 1024 1024 896 128 448 896 1024 1024 1024 1024 896 128 448 896 
1013 1010 1003 1003 609 419 544 608 1014 1009 1006 1002 608 415 546 608 1011 1010 1006 996 614 413 544 608 
686 710 677 666 430 640 562 417 789 610 568 601 429 639 561 422 917 473 550 693 417 591 540 410 
429 595 591 556 511 512 487 519 764 260 267 314 488 536 500 525 1011 16 325 617 507 505 497 510 
168 807 756 604 537 526 501 514 402 598 528 496 498 487 486 489 858 147 257 575 483 520 528 532 
165 537 744 609 474 498 501 516 303 464 581 482 583 514 488 500 590 142 430 573 501 522 485 501 
93 313 484 565 508 523 520 493 148 264 435 585 549 477 531 486 317 117 312 613 519 527 544 531 
120 430 745 450 496 523 498 507 231 363 643 413 508 507 516 523 457 181 608 554 461 506 532 494 
0 0 539 506 522 469 454 454 0 9 906 165 292 538 476 585 0 5 968 770 329 561 518 444 
0 5 244 794 656 638 598 437 0 97 788 211 311 440 547 590 0 91 928 655 438 445 558 412 
350 251 592 446 499 506 503 537 435 426 295 437 538 490 520 488 564 248 450 531 496 487 500 502 
218 806 769 598 446 505 531 502 571 453 447 460 453 485 495 524 1013 11 389 484 543 533 519 502 
226 180 677 447 520 504 496 550 266 237 564 596 458 476 479 480 295 684 264 448 572 470 532 566 
0 38 943 509 574 497 498 520 0 196 828 539 467 488 506 500 0 768 256 386 590 534 495 490 
0 36 958 423 518 494 498 494 0 105 917 579 560 516 502 534 0 735 289 384 518 522 515 490 
0 0 159 814 498 484 477 504 0 0 871 245 496 553 533 516 0 0 619 475 554 560 519 516 
0 0 84 770 562 480 505 509 0 0 596 462 475 524 522 515 0 0 418 597 463 513 487 517 
0 0 76 795 441 527 524 532 0 2 399 654 607 520 495 530 0 0 185 780 561 488 495 506 
3 49 603 514 488 508 512 483 12 267 646 479 527 507 531 520 4 166 655 510 510 495 503 515 
12 139 684 476 539 518 513 528 13 313 659 498 546 514 491 511 11 228 692 492 543 516 503 495 
514 320 416 549 518 497 522 496 690 165 296 441 466 512 501 505 785 74 486 519 536 495 558 525 
132 892 845 476 518 506 541 521 282 742 745 582 513 525 499 513 996 28 136 539 556 506 494 527 
0 0 52 579 541 528 516 540 0 8 532 525 399 497 487 514 0 0 309 653 524 505 515 482 
0 2 72 449 620 548 503 524 0 2 202 694 462 475 554 490 0 6 211 752 417 494 482 486 
6 51 150 532 526 508 485 499 6 59 337 683 449 508 514 529 6 61 285 699 469 525 516 521 
265 398 516 526 509 513 507 499 268 385 554 550 519 505 502 490 269 421 510 527 515 499 494 497 
151 299 435 567 491 521 498 518 175 385 559 474 491 550 497 494 147 361 569 501 487 469 529 508 
17 94 313 615 445 499 499 534 26 192 638 488 516 544 505 485 24 143 584 566 564 511 540 484 
182 317 523 521 516 516 552 493 183 337 660 450 507 499 510 540 187 348 676 449 497 514 518 521 
306 335 500 538 535 524 531 527 305 347 589 503 557 500 527 533 290 383 580 533 523 500 541 540 
216 365 472 540 500 482 515 503 230 379 520 506 511 513 494 508 213 376 500 487 496 514 515 533 
50 87 240 703 384 522 545 495 51 98 618 442 512 491 560 532 51 92 317 679 550 468 572 522 
60 106 342 678 536 527 473 495 61 130 739 324 434 501 526 520 59 121 617 452 460 509 531 518 
717 741 824 714 650 484 472 645 717 749 810 733 651 453 468 636 724 755 832 742 659 485 476 655 
1024 1024 1024 1024 1024 0 256 1024 1024 1024 1024 1024 1024 0 256 1024 1024 1024 1024 1024 1024 0 256 1024 
1024 1024 1024 1024 1024 0 0 1024 1024 1024 1024 1024 1024 0 0 1024 1024 1024 1024 1024 1024 0 0 1024 
994 984 971 973 814 232 247 812 998 980 971 975 814 226 237 811 1000 977 973 983 821 226 237 820 
669 610 599 587 497 577 571 505 859 421 407 430 453 572 575 492 954 318 471 716 494 571 566 506 
355 669 665 572 500 508 515 519 616 410 416 445 509 534 521 493 1008 23 312 602 484 510 530 522 
198 822 815 629 513 505 523 530 471 550 563 550 526 510 522 496 1006 26 180 694 524 519 515 514 
107 584 607 582 522 502 489 510 268 552 579 570 524 502 510 510 557 288 396 565 508 541 522 495 
0 201 612 522 533 514 527 494 20 534 756 548 535 531 511 548 27 659 733 509 532 527 509 533 
118 284 419 529 508 526 505 500 156 290 461 498 444 475 544 543 245 232 379 620 568 487 492 519 
49 209 710 477 519 522 551 518 79 583 729 546 497 523 499 528 113 582 700 488 509 549 512 512 
0 127 512 537 556 553 549 469 7 263 821 313 449 507 543 544 18 278 856 626 482 490 531 487 
0 0 658 374 438 545 518 490 0 103 906 312 563 502 509 528 0 162 839 593 489 489 490 530 
351 145 493 428 493 515 529 516 426 111 546 564 479 506 525 523 474 46 781 450 506 512 529 500 
163 861 741 497 546 505 501 500 424 600 599 502 530 505 476 493 1012 12 364 509 547 520 484 514 
106 261 685 548 452 494 523 539 115 429 510 545 551 510 503 483 132 885 318 507 499 511 511 503 
0 207 815 609 512 531 537 533 0 409 619 598 532 514 504 499 0 993 96 420 527 528 532 507 
0 86 827 585 510 496 507 513 0 288 682 559 491 521 503 533 0 757 246 538 550 478 521 533 
0 0 99 770 434 512 525 507 0 0 364 724 506 514 490 505 0 0 309 746 448 520 513 515 
0 0 0 623 458 442 520 480 0 0 126 766 490 512 483 477 0 0 5 846 512 512 533 547 
0 0 12 721 433 491 524 515 0 0 253 735 537 517 553 505 0 0 112 850 492 534 536 527 
0 7 133 683 540 518 484 498 0 21 595 459 438 519 491 496 0 11 381 574 530 514 494 526 
139 338 536 530 552 484 502 504 132 330 561 478 516 515 473 496 124 322 536 481 491 502 494 487 
44 843 862 482 531 517 530 513 204 703 731 686 565 523 526 525 809 103 185 543 519 492 504 505 
5 1019 804 457 507 520 525 509 94 930 835 609 569 522 511 513 907 117 127 529 533 520 502 483 
1 96 275 555 490 479 521 467 4 173 448 626 517 489 501 510 4 153 432 616 450 512 497 497 
10 34 160 689 534 530 508 491 13 55 258 712 498 509 508 554 11 47 268 745 479 486 545 535 
178 291 480 513 524 481 512 501 186 315 546 534 506 523 505 528 169 318 569 516 484 476 501 501 
444 506 537 503 556 536 502 538 443 500 578 527 545 533 539 546 422 524 567 532 537 512 490 501 
337 384 403 578 488 521 484 507 339 377 565 482 509 520 499 535 322 386 488 518 516 493 531 503 
516 546 595 714 500 597 522 491 517 538 644 663 491 582 542 475 525 568 751 680 505 593 547 478 
922 836 829 781 659 428 425 694 903 829 827 758 665 435 423 679 911 834 813 754 628 381 403 664 
854 806 788 772 656 505 468 623 854 804 785 737 554 478 442 601 841 807 780 639 604 475 460 603 
563 532 571 543 557 542 528 525 555 531 562 556 536 529 527 549 542 516 532 550 505 501 545 479 
144 251 448 556 516 527 553 500 149 284 551 514 519 532 515 521 138 278 519 551 526 509 519 505 
215 307 397 591 507 513 516 530 210 310 537 452 524 511 504 522 205 323 502 488 516 493 510 484 
861 755 761 746 474 620 539 485 843 751 765 729 450 599 536 437 841 755 738 698 468 589 528 454 
1024 1024 1024 1024 128 864 672 160 1024 1024 1024 1024 128 864 672 160 1024 1024 1024 1024 128 864 672 160 
960 935 935 922 162 876 751 171 981 915 915 910 160 865 748 160 992 903 912 915 162 856 747 180 
575 599 585 565 483 529 508 490 853 322 312 369 463 552 476 467 980 193 371 701 503 527 501 492 
130 875 869 686 441 518 512 517 394 612 616 596 556 508 510 512 984 28 94 680 503 531 539 498 
186 701 752 526 520 513 509 494 403 486 595 510 481 499 488 528 837 68 321 591 468 516 518 504 
168 326 560 543 482 514 501 477 252 249 680 379 403 531 539 519 469 70 632 688 442 534 504 513 
98 398 662 519 536 551 497 492 216 282 576 515 535 524 537 534 456 59 486 578 546 518 499 490 
0 1 486 561 563 494 525 525 0 0 585 465 552 526 513 499 0 10 742 573 574 541 526 533 
23 101 273 693 519 511 516 523 27 98 382 608 522 509 466 503 49 90 283 655 541 542 527 534 
43 67 669 476 529 563 517 503 53 105 670 468 524 506 522 476 64 331 561 513 533 526 521 482 
0 3 658 405 534 572 445 467 0 4 799 417 608 470 476 480 0 356 500 464 506 570 477 467 
0 0 321 628 450 508 526 531 0 0 586 523 553 533 531 517 0 133 405 641 554 474 514 515 
323 174 358 464 518 491 489 552 407 95 453 477 491 492 514 525 469 30 587 455 554 507 499 499 
106 917 840 520 557 521 526 535 424 600 594 525 508 509 537 489 997 29 270 552 492 502 516 511 
0 364 676 573 556 510 518 533 6 575 477 490 469 514 468 496 27 976 247 538 517 538 509 551 
0 312 713 638 474 513 558 497 0 545 483 595 514 518 542 508 0 1019 142 593 503 507 542 521 
0 138 610 605 463 524 516 508 0 306 546 525 509 480 509 514 0 635 236 626 512 508 514 528 
0 0 23 899 323 520 518 511 0 0 416 613 508 530 509 529 0 0 104 909 549 542 498 511 
0 0 4 573 402 484 611 463 0 0 34 901 688 452 529 515 0 0 10 849 292 459 540 561 
0 0 41 735 544 495 492 528 0 0 466 545 499 516 538 488 0 0 239 722 493 482 491 494 
0 0 98 767 502 543 501 521 0 1 707 344 519 476 498 531 0 0 397 611 498 473 518 511 
163 247 422 582 526 504 503 505 199 229 600 507 489 536 516 503 213 180 482 547 497 543 489 495 
259 790 668 514 508 540 526 553 427 620 533 554 527 497 512 477 847 206 373 556 520 516 500 534 
147 842 598 508 528 512 538 502 254 744 563 537 514 515 510 514 682 334 412 531 511 500 539 532 
0 119 322 711 471 517 517 513 2 316 262 700 487 530 526 512 1 269 258 716 443 539 547 517 
9 114 377 640 529 532 484 516 15 293 335 613 536 513 522 499 12 244 401 574 578 480 506 527 
56 220 538 500 526 501 493 509 64 463 570 514 513 490 537 519 59 397 605 516 513 507 521 494 
186 403 612 503 486 532 527 542 188 604 453 503 495 528 502 479 186 546 495 505 513 498 517 531 
276 331 420 585 529 514 480 539 283 341 555 484 513 558 555 524 250 334 467 517 519 537 494 498 
660 681 788 715 412 661 456 384 648 672 762 683 369 625 455 405 664 685 800 699 385 645 450 397 
1024 1024 1024 1024 80 880 632 136 1024 1024 1024 984 64 808 640 144 1024 1024 1024 768 280 896 640 240 
1024 1024 1023 1015 199 698 596 307 1024 1024 1023 927 215 738 620 331 1024 1024 1023 903 239 714 668 331 
764 730 706 700 468 504 508 640 757 718 700 671 478 498 485 593 743 727 691 666 445 445 412 604 
397 446 491 535 540 549 513 525 398 448 520 528 533 537 515 517 369 439 493 491 492 486 476 484 
445 469 614 596 522 514 540 538 438 468 623 516 527 531 546 508 430 472 629 536 526 498 547 512 
964 945 928 913 253 775 620 310 962 942 917 874 225 556 620 284 962 934 914 631 489 758 443 502 
939 847 842 830 233 723 563 309 993 793 793 783 255 735 544 306 996 789 831 828 271 743 535 294 
527 566 563 541 491 476 517 555 764 329 328 380 513 533 483 471 1007 85 295 617 483 478 516 550 
58 857 885 728 432 511 515 503 221 695 752 695 607 522 519 523 879 61 170 780 462 526 515 507 
57 417 763 464 505 461 512 513 141 345 757 439 517 488 535 509 432 101 576 732 472 512 551 496 
68 522 828 383 443 508 504 514 148 448 802 468 519 502 547 539 547 102 477 674 546 497 499 495 
10 347 556 546 519 510 545 568 97 261 740 381 351 514 462 595 338 40 717 467 563 581 409 449 
95 220 866 412 506 506 515 518 128 249 805 636 550 535 502 516 274 663 235 356 472 505 507 530 
0 5 949 192 444 572 542 462 0 8 997 321 612 543 528 569 0 542 479 463 490 475 512 542 
166 167 291 638 512 503 486 506 211 152 300 633 561 516 505 493 262 102 351 683 450 528 515 520 
8 151 822 639 523 487 479 531 9 415 576 525 519 508 505 526 14 818 285 549 459 552 520 484 
0 5 922 545 459 500 518 516 0 130 851 652 557 503 482 510 0 813 187 359 547 541 483 531 
0 0 143 876 484 497 527 516 0 19 723 358 420 492 507 512 0 91 321 666 613 544 508 510 
10 522 315 712 483 477 517 493 65 477 649 468 523 539 528 487 431 115 310 505 540 579 522 523 
46 881 634 473 511 512 507 518 133 807 726 519 499 499 504 510 749 255 310 440 528 486 523 527 
0 203 810 449 563 518 505 496 0 371 652 617 505 524 476 530 0 947 234 426 494 480 475 540 
0 140 884 828 492 480 509 496 0 473 551 569 590 542 556 506 0 1024 61 745 449 489 533 532 
0 8 658 497 494 551 526 490 0 73 631 735 514 514 496 474 0 546 156 526 431 482 445 552 
0 0 9 359 697 585 545 551 0 0 44 947 290 492 551 551 0 0 25 753 355 487 532 473 
0 0 5 389 646 585 446 592 0 0 31 913 327 525 475 598 0 0 5 644 421 523 595 414 
0 0 0 253 751 587 563 536 0 0 25 615 554 575 480 534 0 0 2 398 692 637 554 618 
0 0 10 773 425 579 573 525 0 0 365 654 518 554 516 523 0 0 147 766 495 569 494 499 
2 494 301 494 498 523 501 517 14 502 492 568 511 503 510 509 234 291 321 576 579 534 516 516 
14 964 607 497 472 557 513 502 61 947 665 501 539 493 512 520 537 487 445 549 509 496 516 524 
33 975 651 529 502 506 503 492 151 871 649 540 465 513 498 506 647 377 364 510 476 523 513 524 
0 84 440 537 529 509 543 545 1 226 462 647 471 534 505 534 0 157 476 640 544 529 492 487 
0 76 374 633 494 500 502 504 2 217 459 533 481 527 486 484 2 177 507 536 469 521 497 518 
0 115 579 536 507 519 515 518 3 401 649 504 534 500 502 514 1 274 703 505 482 512 507 506 
4 132 539 523 490 528 504 526 6 332 631 493 512 495 503 484 5 232 665 486 488 523 520 498 
34 291 624 496 504 528 490 509 42 589 528 506 492 518 501 524 35 481 549 492 507 525 526 509 
124 257 572 567 509 526 504 531 113 279 734 444 530 530 546 537 122 336 722 435 498 542 510 524 
979 966 972 874 249 571 860 514 976 962 954 538 547 495 774 479 979 966 960 247 765 484 510 575 
1024 1024 1024 1024 0 480 984 552 1024 1024 1024 480 544 544 984 552 1024 1024 1024 0 1024 472 528 472 
1024 1023 1015 931 129 265 577 777 1024 1023 1014 202 832 768 575 774 1024 1020 1015 40 907 254 381 253 
1003 994 990 635 456 468 480 603 1002 992 984 153 920 596 473 594 1002 991 977 115 587 420 137 454 
861 852 838 586 582 697 583 502 858 846 832 322 634 437 559 457 856 848 758 310 451 562 382 549 
910 744 741 655 415 497 638 570 991 663 651 303 652 583 603 570 1006 642 751 297 521 430 621 408 
309 706 706 644 515 532 522 516 692 327 328 363 513 508 503 510 964 64 183 781 552 514 523 502 
83 567 747 519 475 489 522 524 190 472 716 550 518 501 530 500 592 203 354 567 510 503 488 520 
40 460 850 410 488 536 474 524 144 361 791 427 586 510 530 500 457 204 461 636 584 483 497 498 
27 176 811 333 526 529 515 497 62 145 850 468 490 523 514 503 163 293 621 595 512 473 516 515 
9 400 903 359 531 512 534 476 55 359 926 600 508 512 512 530 352 388 339 467 491 524 508 512 
32 351 857 302 445 468 493 489 97 291 870 334 509 536 513 497 355 152 592 720 522 495 558 507 
49 247 807 719 516 526 509 499 75 544 476 489 528 523 504 529 133 880 182 709 508 511 502 533 
0 40 957 571 496 502 518 510 0 215 807 707 531 514 509 496 0 822 212 532 498 517 488 516 
42 298 371 650 420 562 530 588 56 298 443 641 618 463 420 566 250 158 307 607 438 462 551 554 
0 99 924 598 553 480 535 514 0 288 736 651 474 526 489 518 0 913 139 449 525 515 539 478 
0 34 974 640 410 550 538 492 0 172 851 746 571 510 532 536 0 908 117 495 553 515 528 539 
0 16 38 786 391 482 508 519 1 20 287 702 600 480 515 522 3 23 135 822 476 558 482 475 
40 878 570 459 498 546 527 482 119 822 646 470 494 510 489 510 587 370 450 484 522 533 515 519 
14 437 757 489 490 513 495 513 26 438 824 545 536 511 519 521 228 582 441 480 522 467 508 503 
0 67 956 384 575 520 499 480 0 130 894 626 549 519 524 508 0 734 297 435 559 498 495 537 
0 3 1020 678 508 531 565 491 0 60 964 909 465 531 496 525 0 912 112 175 419 536 563 507 
0 4 943 404 507 503 538 500 0 16 934 675 481 534 541 530 0 544 425 455 480 530 552 500 
0 0 100 608 581 515 527 503 0 2 341 714 375 494 497 503 0 2 162 704 479 520 499 523 
0 0 1 612 461 510 563 514 0 0 55 954 469 511 577 514 0 0 7 730 430 531 479 494 
0 0 2 549 507 556 430 610 0 0 66 825 517 496 478 610 0 0 8 766 370 498 565 436 
0 0 0 273 741 608 529 559 0 0 52 710 425 506 485 559 0 0 0 601 467 549 542 593 
1 548 234 420 551 528 489 532 5 562 370 599 488 518 524 535 164 404 398 494 549 491 502 541 
3 905 390 384 485 490 507 518 14 987 366 602 481 557 499 508 292 732 710 563 497 515 529 511 
6 1008 527 389 534 497 522 480 34 990 588 732 473 509 509 546 514 510 509 478 545 474 501 502 
0 41 454 598 513 502 541 493 0 107 701 452 499 575 541 473 0 92 785 367 495 506 532 559 
0 37 526 541 479 535 513 552 0 109 786 388 501 516 474 538 0 85 821 335 476 496 545 500 
1 69 549 563 494 491 541 500 3 262 765 456 496 521 528 526 3 205 700 466 506 526 527 508 
0 9 377 640 506 520 530 485 0 80 794 441 483 500 497 543 0 31 674 536 534 485 526 529 
0 11 455 593 510 487 496 511 0 58 865 371 495 514 530 503 0 26 789 454 530 518 518 495 
0 33 412 650 504 524 494 520 0 28 847 302 503 529 476 525 0 105 716 426 534 494 525 489 
166 658 573 485 541 542 508 503 157 653 590 465 521 563 537 509 178 756 620 542 501 527 499 502 
572 901 655 662 438 435 431 621 537 918 651 319 664 586 430 610 602 879 734 342 624 429 426 414 
794 698 758 616 467 565 522 518 743 700 685 388 653 466 468 525 758 717 672 334 459 558 414 526 
969 652 863 643 463 556 483 527 941 660 643 288 584 482 623 376 871 727 695 261 301 571 453 597 
719 436 477 583 485 477 488 569 763 391 427 444 552 488 473 477 781 375 569 521 529 556 540 562 
411 407 442 442 515 518 519 498 590 238 302 460 520 518 519 525 750 168 553 445 530 495 509 510 
80 395 611 508 530 488 487 542 196 311 571 515 494 522 518 494 362 404 432 532 511 543 476 513 
17 294 820 459 544 517 509 494 76 269 824 561 532 514 506 496 252 474 374 510 492 518 515 526 
29 368 854 585 482 498 503 518 97 381 791 657 493 507 510 516 333 585 194 464 489 520 512 492 
9 139 892 513 520 538 547 527 25 197 858 681 492 511 511 485 84 738 251 351 504 528 533 516 
8 263 963 535 508 526 492 531 62 233 906 769 470 488 504 507 234 589 236 398 523 511 511 513 
4 437 780 355 615 514 523 533 8 451 869 608 407 514 502 495 241 644 315 375 475 496 501 505 
0 115 927 632 613 553 468 522 0 260 783 713 505 505 536 490 4 930 147 392 495 538 480 526 
10 249 861 588 491 472 504 504 17 313 836 667 538 534 489 508 91 744 320 388 541 515 484 524 
0 37 493 709 496 521 523 499 2 59 491 786 552 457 550 445 0 349 229 588 475 474 568 523 
0 30 994 754 519 533 493 577 0 159 865 780 558 489 521 497 0 932 92 288 549 463 498 551 
0 17 1002 569 587 530 509 532 0 98 924 787 467 514 512 502 0 759 268 412 468 503 511 524 
2 77 254 552 467 515 471 479 4 82 321 716 525 493 493 513 19 129 271 696 457 486 501 522 
1 1012 398 525 538 506 516 530 6 1012 701 483 494 513 532 494 426 597 583 508 503 517 513 524 
0 461 625 451 441 548 496 526 1 502 721 367 559 506 537 487 180 497 569 630 500 483 502 487 
0 70 944 294 489 480 487 473 0 125 899 390 611 541 544 499 0 454 572 682 577 487 498 527 
0 1 989 226 486 506 523 462 0 3 1020 299 531 525 604 464 0 173 851 795 572 494 554 488 
0 0 802 393 471 452 455 503 0 12 917 391 420 562 551 455 0 265 759 587 471 494 482 537 
0 0 9 314 709 513 579 483 0 0 73 747 365 452 473 483 0 0 31 507 566 506 549 547 
0 0 0 136 826 546 583 523 0 0 0 461 651 529 381 523 0 0 0 166 749 554 550 565 
0 0 0 357 627 577 530 557 0 0 28 801 417 533 468 537 0 0 9 573 500 503 410 477 
0 0 0 648 391 546 423 550 0 0 14 931 423 497 529 550 0 0 0 856 293 503 561 462 
0 604 247 510 435 485 473 492 4 610 431 614 467 502 498 500 169 448 449 654 440 547 495 502 
7 1002 603 481 525 469 507 523 68 953 688 536 513 503 523 483 613 411 423 582 487 511 551 507 
14 1007 816 411 478 520 493 532 100 923 814 492 565 523 541 488 722 303 321 486 529 518 530 506 
0 24 313 668 428 492 513 513 0 34 605 461 511 504 524 507 0 30 573 470 514 483 488 519 
0 0 437 433 447 467 507 493 0 0 605 446 440 513 505 501 0 0 561 468 503 566 532 563 
0 0 117 340 684 588 511 556 0 11 318 727 379 483 528 534 0 3 204 747 362 492 524 466 
0 2 96 576 526 496 561 475 0 5 329 767 540 526 482 481 0 3 235 745 428 573 510 557 
0 111 415 662 537 467 559 473 0 168 651 417 516 472 475 445 2 260 512 509 584 543 522 483 
0 253 567 494 510 526 534 519 0 322 617 483 555 479 542 514 0 514 532 491 545 528 490 503 
0 612 532 459 514 503 515 500 0 618 611 427 537 505 521 490 3 667 806 532 496 514 498 513 
264 378 506 552 525 506 498 518 230 351 531 584 520 486 530 522 242 711 370 541 530 505 510 538 
460 416 557 477 531 515 502 522 454 405 556 512 502 532 494 528 450 418 553 504 462 512 466 478 
176 684 443 485 511 499 538 512 207 802 498 473 526 509 510 522 199 793 495 480 513 480 510 556 
124 526 416 450 488 501 492 506 180 522 420 498 525 490 506 499 390 413 469 521 492 521 493 508 
73 411 629 462 527 484 501 514 118 452 612 492 495 512 527 510 253 612 453 509 508 535 519 538 
21 271 793 484 474 521 475 509 39 344 761 581 530 520 521 525 117 672 382 516 506 542 502 523 
4 347 839 448 551 515 505 518 27 375 853 679 494 516 508 508 163 764 278 341 511 518 512 524 
21 275 857 455 515 529 514 516 40 322 820 557 564 504 525 528 149 666 338 483 558 512 524 516 
0 344 807 611 492 525 505 515 1 421 828 658 570 519 483 511 117 792 314 358 567 498 522 517 
0 13 974 356 520 577 533 544 0 31 987 539 512 469 500 572 0 422 603 585 516 549 464 459 
0 489 663 518 520 497 505 513 6 541 756 598 492 511 493 504 165 676 488 491 513 503 512 513 
0 91 931 744 460 507 497 522 0 217 806 714 528 489 510 504 0 881 148 356 533 525 511 526 
29 214 734 574 528 481 536 521 27 266 715 671 499 526 474 501 56 674 308 398 467 492 544 527 
4 20 600 525 362 582 543 594 4 38 634 556 484 524 556 558 4 138 515 658 437 497 522 534 
0 16 999 448 518 552 506 504 0 71 953 628 503 484 514 520 0 601 423 472 504 482 497 498 
0 17 1004 511 398 528 527 499 0 65 959 644 605 472 475 499 0 682 342 401 514 500 524 505 
2 150 277 411 549 540 445 501 11 152 309 582 448 511 484 527 41 190 349 650 446 554 535 472 
241 837 489 578 506 503 504 491 307 773 591 510 502 514 515 548 638 481 503 550 468 463 511 472 
5 302 692 409 477 521 506 514 15 335 745 380 509 512 508 498 62 436 760 619 489 537 497 508 
0 34 946 323 424 514 495 533 0 73 944 419 512 487 558 523 0 311 715 692 375 503 521 477 
0 8 993 225 480 532 509 479 0 38 985 258 526 533 521 475 0 184 840 764 445 487 441 523 
0 17 868 289 448 558 472 480 0 44 905 313 563 433 465 474 0 217 779 555 532 543 482 536 
0 0 0 228 794 665 438 598 0 0 2 387 644 655 394 598 0 0 0 317 707 651 443 620 
0 0 16 149 854 628 486 595 0 0 16 151 877 667 492 595 0 0 19 206 789 602 470 563 
0 0 0 64 960 696 448 688 0 0 0 152 872 696 480 688 0 0 0 64 936 616 448 752 
0 2 63 300 745 695 485 669 0 2 70 347 734 685 535 610 0 2 67 316 746 684 529 610 
4 651 135 492 571 547 522 539 10 654 338 664 444 512 653 607 86 588 583 695 449 463 481 465 
13 1011 490 782 461 557 523 527 250 774 529 426 495 541 506 497 502 522 574 703 579 503 504 493 
165 859 837 613 521 513 517 525 559 465 464 405 507 528 500 507 1011 13 123 661 517 507 502 515 
0 20 378 638 539 473 503 517 0 27 492 563 559 509 521 505 0 38 633 482 496 513 496 539 
0 4 597 543 556 541 501 469 0 40 778 479 482 488 495 484 0 111 767 449 554 506 520 554 
0 45 836 258 642 508 483 481 0 60 857 710 370 559 543 483 0 150 773 789 535 512 544 529 
1 112 370 683 479 514 510 524 2 119 400 679 570 493 502 504 7 181 586 485 476 531 494 536 
6 398 405 569 515 505 523 532 13 486 351 518 526 530 516 518 38 598 362 586 519 513 489 502 
0 391 281 562 540 492 495 477 0 498 274 566 459 528 474 551 0 558 437 524 466 514 502 486 
3 222 261 674 439 502 504 492 3 243 392 591 497 502 478 487 5 279 438 640 475 507 475 514 
135 433 521 469 507 513 516 500 123 436 537 503 511 526 514 482 168 612 397 536 508 508 555 505 
66 407 562 512 506 504 509 485 65 390 554 531 525 504 517 523 75 521 563 496 496 485 498 503 
371 547 607 527 546 536 524 523 372 600 545 572 551 560 528 522 355 611 567 580 525 549 493 506 
203 605 545 491 494 551 524 509 196 624 585 521 497 532 501 554 302 636 502 484 522 518 493 522 
58 346 598 498 511 532 503 536 65 363 694 493 520 491 500 500 154 465 563 524 504 510 523 509 
6 299 719 395 468 506 508 496 10 316 825 464 485 520 505 526 95 394 711 611 490 545 515 509 
1 259 801 388 517 521 505 546 7 284 844 464 517 493 503 502 62 454 673 594 455 535 516 508 
130 318 787 476 479 513 509 517 133 340 813 579 552 515 530 514 192 621 515 486 488 513 510 530 
323 455 714 496 560 514 524 520 328 461 748 621 502 550 530 522 373 626 588 531 490 538 533 510 
269 178 768 404 525 524 493 528 258 186 781 430 552 503 521 525 294 300 660 639 514 520 494 498 
127 462 625 431 482 501 522 512 126 462 746 437 527 482 490 483 285 454 607 582 517 513 532 529 
9 31 898 371 461 444 588 517 9 42 899 463 489 551 448 465 14 392 629 511 528 608 600 581 
28 261 768 328 596 542 486 473 16 260 806 500 474 516 520 477 42 398 684 608 570 470 497 547 
3 195 746 400 520 512 533 518 3 173 806 385 516 487 534 512 7 246 730 553 526 528 532 520 
0 0 826 338 388 478 526 477 0 1 936 277 418 596 485 487 0 131 893 581 526 522 537 543 
0 1 924 272 425 516 514 493 0 20 975 336 535 510 507 475 0 235 789 726 523 503 492 477 
8 427 356 424 512 492 503 507 15 464 369 489 478 531 513 509 92 250 546 520 465 535 517 490 
14 1010 341 614 566 501 526 474 39 985 614 521 481 510 532 562 323 701 697 589 529 530 525 536 
2 267 473 612 628 477 499 575 9 268 662 498 498 515 479 527 42 413 742 382 602 577 440 509 
0 0 534 627 602 488 561 460 0 8 648 521 578 559 471 460 0 144 878 312 520 576 515 552 
0 11 792 367 485 457 560 521 0 19 833 378 607 493 471 475 0 166 858 629 397 580 612 581 
0 17 726 330 445 517 514 545 0 31 814 319 468 499 495 525 0 172 734 561 511 508 532 519 
0 0 0 154 856 598 395 633 0 0 0 262 754 596 519 633 0 0 0 88 858 554 395 633 
0 0 3 149 876 466 623 435 0 0 3 149 876 594 495 435 0 0 3 149 748 594 623 435 
0 0 131 352 622 504 561 466 0 0 117 340 679 595 517 473 0 0 125 379 506 604 529 533 
200 398 493 579 485 470 508 503 203 405 511 618 495 497 510 503 206 420 506 635 498 479 508 507 
460 778 695 686 644 407 607 617 476 774 787 667 656 417 632 633 606 654 688 744 648 425 616 627 
596 986 895 720 693 353 668 652 601 986 928 768 704 341 679 670 803 790 756 750 675 338 673 664 
706 983 902 752 787 259 497 756 713 986 930 753 766 263 495 782 874 828 797 760 763 264 507 770 
2 149 447 583 549 544 554 493 9 173 645 404 460 487 471 495 10 204 698 440 546 523 541 531 
0 13 689 492 676 453 534 527 0 82 763 663 344 563 457 495 0 122 799 596 563 474 528 533 
0 1 944 247 511 544 538 497 0 1 955 702 503 590 422 466 0 47 920 921 403 532 481 531 
17 499 588 546 524 486 514 481 33 550 597 507 532 538 506 537 72 676 459 473 524 498 494 529 
8 262 706 562 484 527 478 472 27 386 608 495 540 504 476 504 36 584 460 518 490 503 462 544 
0 289 650 548 467 511 513 510 0 387 589 566 531 487 502 540 0 602 452 532 526 533 472 512 
0 148 678 496 509 523 516 524 0 187 707 469 541 501 528 532 4 274 739 539 492 520 490 500 
555 260 378 505 486 507 499 520 547 273 373 513 515 537 512 519 644 217 469 491 513 502 508 507 
697 225 339 556 488 531 510 519 681 236 317 494 520 520 473 509 739 190 369 465 505 505 499 497 
547 359 397 473 536 518 491 552 490 402 414 439 542 548 561 511 467 417 421 450 536 495 488 471 
422 466 569 513 540 531 538 521 384 469 541 546 521 510 515 511 442 441 583 484 511 510 487 488 
865 563 497 528 505 521 518 511 835 454 545 507 510 518 537 495 863 418 530 522 506 507 490 524 
490 337 546 537 522 502 482 498 476 365 515 498 510 500 515 501 439 435 508 538 521 513 514 542 
32 223 759 336 502 501 486 505 31 220 800 322 521 547 514 508 41 326 814 641 510 480 475 502 
297 382 667 482 522 535 504 519 296 375 669 488 502 531 504 532 291 410 647 560 502 518 479 499 
396 567 593 526 510 536 483 525 368 578 552 510 502 525 498 489 369 555 595 500 501 504 484 518 
259 801 423 576 594 551 527 551 243 714 413 533 503 500 549 503 257 735 417 563 566 477 495 521 
252 398 425 581 497 510 513 524 251 372 403 547 500 519 497 504 250 363 404 540 525 505 529 496 
83 171 722 387 413 494 501 513 83 179 745 383 432 515 511 506 81 245 711 511 515 475 514 518 
5 203 705 413 450 507 517 520 6 210 738 393 468 525 498 524 29 246 767 552 496 502 514 511 
0 4 833 283 465 493 476 502 0 5 929 191 486 479 472 534 0 70 741 705 385 565 469 516 
0 21 866 328 448 476 519 480 0 30 941 294 441 514 470 482 0 139 876 573 511 526 515 544 
0 5 772 360 511 550 457 501 0 7 805 360 528 532 512 514 0 98 907 598 538 516 473 480 
20 720 441 490 512 492 510 519 28 874 629 552 525 499 521 525 151 725 735 524 544 486 546 516 
3 1007 549 430 513 518 518 500 14 1009 716 496 532 521 519 526 464 560 537 442 527 501 483 518 
3 143 407 653 672 552 545 534 4 168 509 552 563 597 593 532 23 246 830 297 561 464 587 491 
0 76 396 680 690 533 555 509 0 83 573 504 551 499 611 485 0 181 844 315 522 502 583 505 
0 36 778 363 427 578 504 481 0 52 820 325 511 482 504 481 0 182 841 511 530 560 508 521 
0 65 636 332 452 506 507 537 0 83 708 233 379 495 521 553 0 195 642 468 596 577 498 495 
0 0 20 479 662 484 594 467 0 0 22 528 639 476 599 465 0 0 22 455 678 489 589 457 
0 47 91 209 759 495 487 494 0 45 88 199 772 503 483 494 0 45 82 195 766 492 488 512 
290 277 347 404 565 544 502 545 289 273 320 442 557 559 467 540 286 270 306 406 549 494 471 524 
670 672 722 655 574 554 559 547 643 690 726 610 544 544 512 512 641 690 697 592 547 516 493 525 
429 500 625 667 590 556 567 580 406 543 641 526 591 493 541 528 409 525 615 580 549 519 538 558 
450 563 760 590 661 634 578 550 431 590 735 556 573 545 531 495 428 573 728 534 563 520 508 527 
518 566 760 642 614 493 558 510 479 595 731 644 624 487 563 523 464 593 747 573 532 477 552 463 
0 126 595 516 577 507 513 501 0 197 654 416 514 483 480 495 0 280 741 396 444 519 466 523 
0 199 766 472 522 520 525 505 0 293 717 669 461 534 505 511 0 509 506 528 504 519 524 509 
5 32 862 310 597 455 484 543 0 45 892 845 328 527 524 538 17 258 651 693 585 526 474 483 
3 323 409 602 518 525 500 520 15 382 753 532 509 510 495 534 43 369 680 427 522 534 515 503 
0 273 571 496 508 527 529 547 0 422 596 553 523 536 535 513 0 424 642 514 551 522 504 487 
4 286 569 519 487 495 555 504 7 340 643 482 508 497 552 494 15 385 670 416 495 536 527 532 
67 167 565 518 477 519 507 504 62 173 611 483 474 500 500 498 79 198 643 452 554 507 508 476 
237 90 631 337 477 459 537 457 218 113 638 318 533 537 576 450 254 99 675 471 544 469 557 529 
593 324 391 577 573 470 465 475 561 351 391 582 490 539 539 469 703 265 421 379 543 549 459 483 
513 342 373 475 551 512 512 521 461 390 413 483 520 524 490 517 584 264 320 433 530 531 506 499 
165 354 416 524 493 539 513 508 157 319 423 516 505 516 502 492 200 426 451 529 536 488 508 499 
284 266 356 616 474 494 522 485 185 337 335 623 496 464 559 497 342 482 356 605 494 450 541 457 
192 318 412 607 457 509 491 497 124 375 456 603 510 506 493 525 296 368 455 616 533 528 497 488 
476 473 586 500 559 542 532 512 413 485 604 555 532 496 507 521 470 478 523 508 511 495 521 486 
521 407 539 472 514 530 508 499 521 382 594 485 508 536 536 472 656 383 577 493 509 503 519 512 
570 372 547 485 525 540 509 514 569 376 563 473 519 519 520 481 620 422 529 506 446 523 532 501 
315 404 495 565 528 513 500 482 296 392 442 582 515 549 532 491 296 403 456 539 510 525 521 544 
266 270 438 567 537 503 527 529 266 260 421 537 506 505 524 529 270 258 428 568 528 529 538 523 
408 532 446 509 522 504 496 505 381 519 445 486 523 504 499 515 369 474 449 496 492 501 514 499 
309 356 502 561 547 460 562 496 287 368 535 531 544 493 548 485 263 382 439 571 586 506 551 490 
282 157 598 489 509 501 508 521 275 159 539 518 518 503 529 513 255 211 437 573 498 532 516 518 
162 280 589 483 512 525 499 494 145 301 594 503 488 517 505 481 177 309 624 526 530 499 496 498 
149 234 677 440 499 523 543 510 135 232 728 415 453 538 534 499 234 279 744 564 488 501 503 525 
11 552 394 506 494 504 508 486 23 609 455 531 508 505 496 502 251 529 494 521 500 499 507 491 
90 863 426 536 507 500 556 528 97 853 460 562 522 521 509 506 540 445 491 527 535 523 511 506 
150 211 575 496 493 510 505 501 140 204 598 483 493 498 529 512 178 425 647 420 552 492 493 518 
0 65 658 509 544 544 537 530 0 90 762 378 503 483 461 534 0 330 694 471 530 516 485 490 
0 74 706 402 471 544 552 533 0 85 821 321 391 505 494 533 0 180 827 505 529 539 485 527 
0 57 455 536 532 530 487 500 0 56 546 458 485 502 511 508 0 145 684 405 514 487 497 516 
0 2 138 738 468 532 525 507 0 2 124 810 443 549 490 517 0 2 185 749 422 509 496 497 
1 5 13 468 546 548 398 535 1 7 20 607 445 452 458 535 1 3 10 746 301 573 471 439 
491 437 473 425 447 478 454 481 489 438 433 428 456 479 538 494 483 430 395 347 404 432 466 480 
155 223 656 487 525 560 482 508 157 229 704 446 445 480 541 497 146 191 503 571 617 484 486 489 
0 564 406 354 444 487 480 528 0 813 193 339 484 529 510 515 0 730 232 243 571 539 513 502 
0 966 99 304 543 544 518 523 0 1022 122 569 507 505 509 537 0 998 68 337 570 542 493 509 
0 642 431 629 531 531 548 541 0 689 425 645 490 506 475 555 0 588 445 557 583 507 554 513 
0 50 496 630 536 501 492 530 0 87 572 534 593 498 480 494 0 111 733 406 516 507 492 522 
0 304 617 506 481 496 496 552 0 419 516 560 522 503 532 524 0 613 342 465 525 506 525 470 
0 344 575 425 551 490 520 507 0 395 542 642 500 503 518 515 0 524 463 638 489 531 521 501 
0 897 215 380 473 530 576 521 0 909 256 371 567 514 536 537 0 972 239 578 400 464 466 477 
0 718 181 354 462 484 519 495 0 745 182 353 530 544 528 501 0 773 191 550 453 488 491 511 
0 447 356 515 555 524 513 493 0 538 271 488 540 529 504 491 0 636 298 337 389 456 491 497 
0 458 321 537 516 486 486 505 0 458 333 546 530 503 527 491 0 513 300 520 543 497 484 497 
0 197 807 490 491 508 546 514 0 310 703 462 565 501 530 494 0 455 562 404 498 516 513 516 
84 718 544 565 463 497 505 496 99 741 544 516 495 533 485 496 270 642 402 546 523 508 473 500 
783 184 191 187 524 491 522 561 772 197 199 224 456 532 497 575 880 89 106 429 568 502 507 556 
515 305 317 477 526 504 498 508 539 280 301 486 495 538 518 499 629 202 265 629 526 516 469 514 
407 382 402 532 426 515 509 478 373 417 446 548 420 508 519 486 437 351 380 573 452 532 521 474 
312 468 454 612 478 565 430 555 134 640 628 783 456 503 482 531 342 437 419 577 513 452 486 495 
299 533 500 475 465 500 505 516 105 718 687 634 592 490 522 516 191 638 605 563 529 503 507 554 
314 307 349 534 509 514 504 487 318 298 335 528 524 524 528 489 317 312 356 524 501 508 510 520 
302 337 469 522 511 479 505 535 309 326 479 533 508 518 484 531 293 426 543 576 506 530 517 540 
29 142 174 405 652 628 569 645 34 137 156 348 746 719 547 613 20 149 196 298 736 703 517 700 
107 378 281 374 617 523 536 488 105 373 272 388 582 482 576 493 117 373 332 480 512 459 504 491 
361 709 334 547 509 531 524 528 349 697 294 636 488 500 481 515 362 683 430 585 501 478 530 517 
306 370 368 668 577 495 556 495 301 362 386 659 634 469 521 511 300 368 357 671 471 478 573 506 
308 264 481 527 494 484 517 525 297 255 426 498 515 504 524 526 248 305 450 495 470 499 507 483 
82 529 592 506 527 487 515 486 73 520 568 501 511 517 523 497 73 510 558 491 546 500 504 503 
245 571 526 537 490 526 535 528 238 583 488 498 520 502 526 524 247 574 483 491 503 520 539 537 
568 514 472 605 500 559 561 521 530 532 444 482 548 499 510 507 541 499 484 509 510 510 540 525 
628 344 332 543 503 482 515 486 494 460 406 425 519 513 519 517 349 633 624 475 529 493 489 497 
22 65 534 553 413 451 541 453 17 50 583 532 451 553 573 477 24 143 617 524 506 486 560 563 
3 209 388 652 420 617 521 505 0 185 348 565 442 594 462 492 1 337 301 701 351 518 506 475 
36 569 659 466 461 488 524 526 1 570 609 444 454 559 516 532 2 606 617 499 509 517 521 503 
0 32 494 516 532 502 484 526 0 34 473 534 577 526 511 531 0 50 666 513 442 516 499 558 
18 54 598 400 485 509 488 501 39 59 580 430 522 493 560 509 2 28 720 348 414 493 486 503 
131 290 352 543 535 517 538 539 231 304 333 614 452 466 549 540 126 128 298 532 532 428 437 458 
602 544 540 478 469 485 507 501 595 531 459 475 452 505 493 493 596 511 431 470 485 489 456 478 
267 409 429 570 572 504 505 510 314 466 502 515 500 526 490 520 2 479 589 477 489 522 501 510 
0 907 342 624 444 517 505 489 4 930 517 539 576 543 498 527 0 872 341 619 467 490 498 519 
352 634 389 597 485 521 527 505 345 722 551 453 494 469 524 479 222 685 392 488 549 483 501 531 
425 345 672 552 527 527 532 512 389 381 687 534 509 490 520 505 105 633 652 503 506 519 524 531 
8 86 178 871 613 530 541 543 9 104 252 787 581 594 428 499 17 112 470 560 595 461 515 551 
25 609 602 625 530 518 516 512 30 760 510 572 522 504 493 510 122 743 494 471 521 505 480 508 
0 758 447 530 520 520 506 494 0 795 503 474 519 504 512 548 34 844 540 412 485 530 546 503 
12 983 414 508 559 538 519 506 22 987 469 479 528 522 526 500 122 898 528 497 553 501 498 504 
25 875 364 585 504 518 516 515 56 887 323 551 467 515 507 521 142 879 276 482 523 504 540 491 
60 964 569 432 517 505 540 528 90 934 606 473 491 504 491 534 158 866 627 570 540 519 529 486 
6 1018 527 632 546 488 577 529 32 992 525 748 475 531 512 527 159 865 557 630 521 507 515 497 
0 840 400 539 535 530 500 525 4 896 419 542 502 491 516 529 32 933 500 468 481 550 514 497 
4 983 385 437 496 521 503 533 16 987 427 477 506 505 501 529 104 916 488 518 505 525 495 509 
159 611 579 432 506 531 489 493 173 610 564 422 514 517 545 485 227 665 486 580 484 519 536 519 
657 366 329 342 552 531 513 557 665 359 317 459 475 530 498 567 764 260 274 780 595 524 469 505 
790 234 234 421 574 536 525 511 795 229 234 415 580 512 508 505 989 35 99 596 527 479 492 517 
856 168 169 260 599 512 472 532 865 159 162 238 540 518 508 527 970 54 76 368 593 553 489 540 
868 156 156 161 330 540 478 616 723 301 301 301 388 445 553 598 858 166 166 167 567 384 468 684 
293 601 596 584 504 604 433 609 228 664 652 663 474 582 470 561 267 625 617 583 506 589 439 569 
50 393 415 696 617 553 578 533 15 429 446 743 451 545 643 523 17 420 431 730 522 547 639 527 
0 270 254 299 650 609 500 606 0 274 227 316 679 629 505 615 0 269 253 345 610 540 475 607 
79 314 392 515 527 557 507 505 69 306 376 463 535 529 556 533 67 324 399 576 495 460 489 505 
57 655 340 435 559 537 495 520 64 642 344 446 542 517 484 518 63 686 330 575 505 505 487 544 
13 303 160 723 431 638 524 595 12 302 193 667 668 406 500 603 16 304 153 703 340 430 515 607 
724 198 656 484 513 494 537 492 717 175 671 449 521 525 511 492 705 181 641 468 523 531 495 512 
725 508 493 573 484 520 517 502 721 407 572 571 543 496 518 500 720 379 587 543 521 536 526 532 
469 471 375 520 476 520 509 504 465 438 349 499 487 501 506 481 466 433 359 489 524 520 471 509 
575 504 456 614 550 532 518 539 570 483 437 571 495 520 547 525 575 496 433 537 555 528 532 545 
709 451 545 592 485 520 509 547 682 463 532 446 569 538 511 525 574 564 566 429 536 494 549 516 
373 384 674 434 531 506 527 541 349 413 678 434 521 526 509 520 302 429 728 455 494 497 512 529 
271 360 624 549 511 558 519 518 269 360 627 511 488 532 535 525 269 345 589 494 518 518 507 526 
374 654 621 536 471 499 499 529 239 786 683 540 501 538 521 521 231 775 648 486 449 522 480 530 
287 528 641 470 516 494 519 499 238 566 608 494 510 489 491 488 219 584 581 472 501 532 515 495 
31 212 463 544 526 495 484 515 35 240 535 542 564 524 510 493 26 152 487 514 557 526 509 471 
353 438 624 601 538 527 495 504 363 724 436 648 536 491 497 524 346 324 291 631 511 464 479 514 
912 719 570 593 538 536 514 543 900 692 561 605 509 518 538 511 900 603 614 609 537 523 515 561 
778 658 523 540 537 513 535 520 780 555 600 588 539 521 518 515 725 561 639 569 560 514 519 533 
630 763 570 564 494 509 518 512 627 682 598 575 517 534 512 525 625 586 664 584 544 525 530 523 
798 673 529 518 515 505 530 512 788 616 555 547 524 511 526 547 658 606 651 530 499 493 520 521 
417 957 834 459 508 530 519 511 413 967 677 527 497 510 504 520 386 957 406 582 493 513 496 525 
0 0 553 468 506 500 485 525 0 339 565 522 546 503 508 523 0 69 886 639 496 555 543 461 
0 0 976 257 498 532 503 506 0 707 317 360 534 521 507 531 0 505 519 524 525 524 488 527 
0 19 989 258 565 518 485 538 0 607 418 370 499 474 490 536 1 589 439 478 492 507 526 524 
11 512 640 467 502 523 522 481 12 574 717 475 517 475 525 518 55 543 861 577 544 515 519 509 
71 873 617 514 490 504 520 496 86 873 654 510 481 515 510 512 285 712 576 434 497 531 535 518 
195 829 823 701 593 525 480 486 337 687 685 595 520 522 473 496 865 159 159 212 528 506 532 538 
163 861 859 792 471 501 521 541 314 710 708 684 593 543 480 559 943 81 83 228 490 489 456 479 
44 980 798 665 542 485 496 499 153 871 794 552 527 507 510 503 548 476 474 353 508 547 501 505 
0 639 543 364 616 512 498 516 5 654 589 465 570 523 493 514 30 665 647 682 461 517 517 514 
0 27 993 218 628 541 503 443 0 48 976 374 642 493 496 449 0 94 930 695 479 531 515 571 
0 721 595 557 511 503 489 520 0 751 607 610 434 521 522 542 17 804 710 520 487 513 535 508 
2 1022 1009 566 590 521 502 463 0 1024 1011 550 518 488 503 481 248 776 776 751 483 547 520 475 
54 970 965 832 502 470 477 538 82 942 935 766 346 503 510 548 444 580 580 569 542 492 525 578 
338 686 480 399 494 525 537 514 322 702 493 434 483 497 538 504 467 557 420 530 465 515 529 490 
498 526 488 291 467 532 563 499 422 601 556 300 497 468 533 495 579 445 436 351 587 522 536 545 
323 701 701 571 411 430 574 454 271 753 753 528 495 504 454 414 327 697 697 665 455 517 553 420 
82 942 940 754 574 553 429 467 18 1006 973 655 596 534 451 467 85 939 936 782 570 443 532 477 
92 834 808 513 565 514 487 448 6 917 857 457 513 508 530 442 26 897 867 500 611 498 489 564 
0 542 550 396 574 592 463 519 0 538 537 350 532 561 518 485 0 546 563 351 496 538 521 531 
0 85 258 701 453 625 560 617 0 81 283 683 651 486 430 609 0 81 215 696 386 407 563 595 
343 221 367 529 481 501 504 536 325 231 323 545 468 533 525 490 330 222 341 554 495 505 492 515 
754 132 631 409 530 524 507 508 745 137 588 406 504 530 515 515 747 142 569 453 513 523 512 509 
937 366 447 464 488 508 498 525 921 321 510 493 497 535 509 516 940 339 531 520 506 501 503 514 
1012 704 399 518 543 492 511 531 1009 641 383 505 539 535 542 512 1011 626 402 502 557 494 504 500 
1024 1024 645 611 532 467 503 513 1024 1024 502 631 453 536 508 499 1024 1023 407 652 505 488 527 517 
999 994 883 735 292 605 560 468 995 992 852 664 363 394 434 460 996 988 865 511 494 448 350 625 
986 980 979 912 170 621 281 435 971 989 949 750 275 601 328 434 974 988 953 740 290 601 292 418 
996 1007 979 838 263 405 492 636 992 992 968 696 361 378 389 625 992 992 982 604 377 322 353 670 
999 994 977 718 339 528 589 582 993 992 946 462 506 463 541 572 993 993 903 319 612 427 479 516 
902 877 870 582 520 482 517 490 903 874 846 261 608 550 517 493 901 875 767 262 532 505 517 524 
666 697 468 623 590 505 510 587 665 688 453 574 462 527 482 530 671 734 470 502 455 488 465 477 
856 857 233 760 541 552 558 457 854 849 169 713 415 500 552 453 866 883 205 326 652 558 479 534 
1024 980 310 707 622 373 499 447 1024 978 47 963 552 415 303 599 1024 955 63 657 357 297 328 413 
966 811 414 630 558 411 466 528 969 801 162 881 457 553 539 630 966 789 165 397 595 545 383 582 
909 736 361 659 592 482 507 428 906 684 268 797 434 527 674 491 907 656 293 502 490 504 427 540 
900 721 319 603 557 512 591 467 896 651 310 608 495 460 480 497 894 519 405 457 526 456 498 469 
10 639 596 549 476 537 489 524 6 690 706 573 501 547 499 504 173 591 629 473 516 514 492 498 
8 659 584 515 499 496 520 496 13 692 643 592 540 464 518 516 186 578 580 498 514 514 524 512 
0 556 686 452 498 519 498 519 0 624 741 455 512 484 527 481 105 607 664 639 506 526 493 517 
0 571 763 403 530 514 482 492 0 691 714 454 550 513 495 518 87 685 627 619 534 500 497 518 
4 646 613 381 482 523 498 502 8 686 595 431 565 507 502 502 85 678 564 679 492 533 483 524 
0 909 426 435 453 477 536 494 1 931 465 433 532 515 468 486 13 948 657 575 523 519 510 538 
1 1023 555 591 575 468 503 470 3 1021 670 527 523 483 511 466 130 894 828 423 492 529 500 536 
0 935 547 488 530 529 546 526 3 989 570 449 555 503 527 532 141 883 530 533 472 491 551 540 
0 300 786 461 555 502 567 472 0 335 779 596 470 511 532 466 0 468 679 618 481 524 566 562 
0 141 891 377 497 536 562 552 0 181 865 478 608 479 544 544 0 271 775 752 413 482 480 468 
0 516 548 563 503 521 523 495 0 632 437 519 545 508 510 485 9 883 237 474 487 490 481 543 
9 936 708 350 536 536 525 508 11 963 708 438 481 483 524 498 90 924 675 649 471 533 509 512 
11 991 977 665 404 453 544 542 14 989 977 563 471 547 522 546 230 782 769 724 623 465 555 528 
5 1019 964 753 424 508 523 514 15 1009 959 720 446 505 536 508 310 714 672 655 534 502 519 538 
0 1021 472 434 502 516 511 541 0 1022 445 450 528 516 502 519 16 1008 555 667 452 537 523 537 
0 1024 900 555 355 445 529 500 0 1024 820 487 486 492 519 500 2 1022 930 631 498 525 533 500 
2 1022 1013 795 258 424 554 563 1 1023 999 632 373 468 478 563 6 1018 1013 819 349 628 543 577 
2 1022 1013 663 469 390 558 484 2 1022 1003 611 338 444 422 436 7 1017 1010 672 521 512 588 504 
0 1024 1023 531 464 508 540 580 0 1024 1012 111 806 519 534 540 0 1024 1019 474 496 497 513 374 
38 300 400 682 409 554 537 565 34 298 420 638 526 498 466 547 26 297 362 605 473 469 559 534 
104 344 465 523 503 517 520 523 92 315 436 534 481 493 472 494 91 333 458 460 510 481 494 524 
351 327 329 495 567 547 466 578 307 366 357 488 566 563 467 561 300 377 397 446 581 533 472 526 
631 258 375 570 509 521 497 531 583 300 377 546 532 500 490 519 569 323 398 540 516 506 528 529 
387 169 383 555 504 521 501 485 363 167 343 538 532 528 502 481 358 184 378 528 526 535 514 528 
538 544 485 480 542 546 492 514 526 509 448 435 492 518 508 523 526 520 487 438 500 530 502 492 
351 614 463 481 510 512 506 517 328 552 459 494 517 503 515 518 349 586 486 515 482 501 505 507 
80 369 516 519 495 521 534 523 51 354 545 509 499 505 508 509 79 396 508 528 500 501 526 507 
12 149 493 626 407 501 519 497 6 111 462 676 431 499 497 501 12 148 521 607 455 511 501 509 
50 130 486 607 521 501 498 528 36 133 448 604 505 501 505 514 40 142 487 604 506 501 495 518 
104 178 526 572 531 506 526 496 90 166 406 594 493 497 505 490 90 178 441 610 495 486 506 528 
88 181 293 704 380 460 434 467 80 176 237 502 522 530 525 465 140 703 723 761 404 493 580 492 
145 151 377 562 431 498 491 505 140 138 346 471 449 536 475 506 243 820 800 670 532 519 525 507 
614 573 387 504 480 498 483 500 604 561 300 467 445 474 463 490 613 557 283 372 494 460 469 514 
574 561 373 595 539 453 492 503 567 534 250 573 388 484 535 556 592 665 318 396 595 516 447 498 
722 717 479 538 541 470 538 461 714 705 211 710 441 516 578 498 755 902 318 551 482 494 429 539 
833 839 391 639 620 513 636 637 831 821 128 789 378 629 491 502 851 966 187 478 520 520 240 514 
20 1004 931 495 488 566 549 517 116 908 860 549 597 551 432 531 630 394 392 390 577 457 570 503 
0 1024 849 456 540 482 480 494 21 1003 894 480 594 496 537 500 354 670 667 541 560 550 487 520 
0 1024 897 308 514 498 524 496 3 1021 967 357 620 511 528 508 244 780 770 694 524 501 542 504 
3 1019 865 320 504 596 555 583 9 1015 913 404 587 533 517 583 406 618 579 523 570 526 484 500 
11 1013 994 337 586 525 534 521 18 1006 997 454 555 545 492 517 347 677 677 661 528 522 510 533 
5 1019 978 516 500 482 550 505 13 1011 979 658 454 524 494 497 400 624 617 578 513 524 489 491 
7 1017 935 225 610 529 503 489 12 1012 953 332 575 468 560 491 74 950 937 802 489 588 520 515 
0 1024 1005 219 687 428 628 639 1 1023 1008 355 628 599 386 639 88 936 935 888 662 417 442 391 
0 1024 799 339 580 481 515 482 0 1024 874 333 569 503 528 472 38 986 957 624 508 525 513 542 
8 1016 707 424 521 538 531 487 7 1017 828 339 510 513 510 493 112 912 881 467 492 500 544 557 
3 1021 944 260 548 551 563 485 4 1020 973 394 487 492 472 487 88 936 925 744 500 479 537 561 
0 860 805 409 534 488 547 521 1 863 870 439 454 508 481 517 75 793 886 634 594 502 515 505 
111 752 719 649 517 530 519 491 47 820 820 707 540 516 502 493 431 448 533 383 493 520 513 487 
117 907 907 879 647 482 486 493 136 888 888 868 591 524 478 501 816 208 208 221 453 531 488 557 
93 931 916 869 531 544 548 446 69 955 944 915 570 466 442 442 742 282 273 267 362 529 535 540 
10 1010 566 716 539 503 523 495 29 991 541 718 533 534 525 495 244 779 498 512 414 503 529 515 
150 874 596 626 493 526 514 516 63 961 694 689 567 508 525 510 232 792 647 573 502 551 500 492 
436 588 588 558 439 473 554 544 339 685 685 605 552 508 455 522 619 405 405 397 369 564 557 526 
455 569 569 510 445 508 457 490 379 645 645 564 366 471 521 542 488 536 536 478 510 478 522 512 
54 204 327 786 414 623 570 577 52 209 314 763 670 452 438 578 58 197 287 777 354 354 555 589 
102 725 606 474 536 514 529 482 24 802 671 519 491 558 516 500 31 785 630 519 516 541 529 454 
0 439 357 517 560 583 499 533 0 444 352 476 514 584 474 539 0 429 346 491 537 608 478 595 
0 184 192 431 628 666 369 642 0 172 176 443 646 662 462 648 0 180 192 428 629 578 377 634 
86 364 347 467 596 548 469 546 72 365 316 488 599 528 432 532 79 368 344 498 579 563 466 572 
108 300 368 484 535 534 543 524 101 282 308 536 527 526 535 535 93 289 319 513 569 542 542 529 
14 293 330 647 497 467 525 468 15 314 287 660 478 445 560 462 24 322 320 631 433 430 539 476 
0 288 196 360 571 578 474 546 0 312 164 421 602 578 510 530 0 345 151 578 503 569 477 544 
0 136 194 375 597 482 486 462 0 136 137 309 705 471 690 451 0 141 135 377 672 427 576 422 
0 275 319 514 527 536 502 554 0 281 310 519 536 526 538 530 0 312 331 501 553 532 497 524 
0 192 170 352 670 494 530 484 0 206 150 387 651 542 408 473 0 207 160 396 573 563 556 465 
440 474 177 457 516 494 471 501 440 487 180 367 531 486 519 502 452 688 454 500 405 457 591 534 
326 282 355 422 546 495 534 539 329 289 341 409 427 499 487 492 390 805 675 590 512 522 493 527 
557 526 290 429 492 511 458 498 550 524 276 357 505 431 456 499 549 513 259 352 419 470 479 474 
228 233 218 568 414 479 443 456 224 219 156 431 511 511 503 482 257 653 568 560 433 483 493 505 
0 2 46 959 84 165 435 428 0 0 9 369 672 717 561 362 33 990 980 977 202 481 528 482 
111 104 159 861 250 271 518 503 102 98 107 255 769 763 460 502 155 937 906 879 259 288 781 281 
598 426 410 356 523 503 523 498 724 300 284 273 518 537 531 506 920 104 111 662 437 511 556 504 
546 478 476 454 438 478 595 584 710 314 310 301 409 453 600 570 994 30 46 573 458 485 622 574 
527 497 496 445 401 510 517 533 658 366 366 350 530 441 508 571 1003 21 31 654 388 445 493 529 
281 743 732 656 555 493 509 525 472 552 543 501 502 531 488 519 948 76 87 437 532 530 495 517 
380 644 634 600 517 469 524 543 510 514 505 471 461 557 503 537 975 49 50 492 459 515 475 529 
369 655 628 552 487 531 566 479 457 567 534 500 542 467 495 493 898 126 123 369 508 511 556 523 
182 842 837 662 502 498 534 512 248 776 775 620 552 524 529 514 724 300 300 408 438 499 524 512 
244 780 779 630 544 481 505 470 359 665 665 534 479 477 465 470 812 212 217 345 559 485 499 474 
185 839 813 587 488 482 514 504 259 765 769 553 451 517 514 508 579 445 476 435 582 543 496 504 
100 924 903 528 494 537 492 486 163 861 858 543 466 500 502 494 451 573 580 556 546 505 511 528 
113 911 915 729 526 524 524 502 213 811 815 729 563 476 499 512 696 328 340 386 595 523 504 522 
44 980 980 944 559 497 483 496 103 921 921 906 643 434 536 490 832 192 192 203 422 545 483 576 
132 892 894 871 530 509 558 504 160 864 866 862 571 547 532 500 897 127 138 187 403 517 515 526 
18 1006 1006 991 591 459 484 451 99 925 925 916 701 479 521 481 845 179 179 189 384 549 506 527 
223 801 801 792 649 424 532 532 273 751 751 742 623 525 546 532 974 50 51 170 477 499 476 552 
190 834 833 788 540 494 474 473 293 731 731 700 558 463 497 479 904 120 120 243 538 506 466 473 
68 956 687 732 584 509 508 523 147 877 636 667 561 502 514 523 492 532 470 260 493 525 476 523 
6 1018 696 532 494 495 528 527 12 1012 737 497 522 488 502 527 74 950 903 472 538 518 551 525 
318 706 705 585 521 463 492 552 154 870 870 726 579 537 572 544 555 469 469 444 476 522 483 526 
170 102 136 750 506 513 505 538 170 102 142 756 589 438 553 552 159 113 137 756 398 486 519 532 
697 327 327 337 539 537 463 510 622 402 402 386 549 500 463 530 808 216 216 314 447 491 466 496 
634 390 390 378 450 578 495 539 378 646 646 603 525 521 543 567 650 374 374 374 393 451 525 499 
242 752 680 610 580 463 542 533 154 843 791 649 375 464 571 543 176 820 741 631 551 493 522 509 
55 654 709 627 528 484 511 501 33 670 690 566 469 476 519 482 34 658 702 548 526 491 485 511 
13 181 219 483 623 662 450 652 13 177 221 419 671 665 502 655 13 179 242 377 662 659 511 712 
0 18 61 139 744 444 676 448 0 18 61 139 808 444 548 448 0 18 61 139 680 444 676 448 
0 51 67 109 441 657 775 645 0 51 60 85 452 720 717 645 0 51 61 114 380 726 777 645 
0 42 65 136 612 542 675 471 0 35 61 102 707 475 538 477 0 41 63 105 511 483 740 545 
0 0 57 227 654 465 714 478 0 0 55 184 744 513 522 446 0 0 73 253 578 523 727 444 
0 74 64 151 592 491 771 492 0 70 56 121 611 572 712 490 0 70 57 115 561 589 781 488 
729 670 166 230 421 593 516 552 729 554 290 393 348 495 522 559 727 151 687 694 721 491 559 581 
1024 816 300 390 469 514 488 512 1024 850 262 308 464 533 512 524 1024 601 495 452 544 543 479 518 
1022 1012 175 393 597 517 466 507 1023 1002 100 360 552 488 507 501 1022 786 268 470 547 464 514 479 
800 755 130 440 607 504 529 515 801 720 142 292 383 474 475 497 833 495 573 594 618 462 536 553 
446 422 92 606 492 598 613 474 450 424 96 524 256 515 546 448 486 625 839 857 444 548 373 617 
145 121 113 808 338 322 582 528 151 132 111 519 513 619 564 532 173 887 897 820 265 357 599 426 
921 103 102 288 467 510 511 522 975 49 48 373 538 470 491 514 1011 13 169 792 419 545 539 502 
299 725 692 542 541 536 533 515 380 644 615 530 509 516 511 527 784 240 258 486 541 526 512 501 
357 667 651 553 552 482 477 566 478 546 540 455 499 495 572 564 910 114 114 351 602 529 514 472 
451 573 565 524 449 484 460 504 548 476 469 444 415 469 528 500 947 77 77 419 508 522 468 568 
575 449 438 422 540 474 533 467 619 405 396 378 567 471 487 483 968 56 69 544 488 506 530 545 
432 592 581 500 479 523 515 485 551 473 469 403 446 536 536 543 911 113 113 457 497 482 482 499 
509 515 515 521 539 500 511 516 678 346 346 353 468 491 521 516 1021 3 3 316 601 545 495 504 
687 337 339 351 444 517 493 542 861 163 165 197 402 497 561 534 1019 5 26 555 537 450 511 510 
508 516 524 391 470 517 504 533 599 425 438 382 436 549 520 533 855 169 199 537 555 498 509 495 
659 365 387 315 427 505 549 517 719 305 328 272 476 504 500 531 934 94 130 599 423 513 519 489 
954 70 80 115 614 423 495 561 976 48 61 137 625 492 544 555 1024 1 47 874 329 505 528 575 
820 204 212 242 631 452 518 461 875 149 157 244 649 468 534 477 1024 0 21 628 464 536 480 585 
844 180 206 227 449 469 466 486 924 102 129 184 412 461 563 468 1011 18 44 638 394 549 469 536 
788 236 246 289 545 471 545 533 827 197 211 276 555 594 511 533 1021 5 36 566 464 460 493 473 
779 245 249 253 397 484 483 519 869 155 161 211 368 509 505 527 1002 22 40 405 599 539 513 503 
802 222 223 320 494 569 502 512 875 149 151 297 511 487 507 510 1010 14 103 523 475 557 528 524 
835 189 189 252 552 488 538 526 876 148 148 249 600 509 504 526 1022 2 41 671 418 501 523 504 
607 417 337 298 503 536 494 523 661 363 308 285 514 527 523 525 746 278 270 619 474 487 505 505 
113 911 677 372 538 555 545 529 130 894 754 385 520 476 521 541 152 872 851 492 502 542 535 497 
85 192 219 765 397 646 627 674 104 174 240 770 676 351 355 666 150 125 159 763 304 369 643 668 
899 125 128 624 416 544 536 507 940 84 84 471 461 528 501 497 991 33 64 676 541 461 533 501 
983 41 42 877 469 487 461 504 980 44 44 857 277 544 571 504 987 37 127 842 692 495 431 500 
962 62 61 509 547 516 451 506 958 66 64 490 419 523 542 504 972 52 64 659 620 495 471 486 
841 183 178 252 597 527 515 553 734 290 278 330 573 469 530 539 840 184 176 398 507 479 515 545 
391 633 616 515 625 508 541 548 307 717 700 579 567 512 509 548 525 499 487 417 546 506 535 512 
50 876 788 737 484 497 508 507 11 915 819 742 413 500 535 505 88 838 758 732 506 519 502 527 
3 602 634 618 520 472 508 510 0 612 653 617 448 478 490 514 1 601 643 580 518 507 512 506 
0 578 452 533 528 549 536 508 0 586 485 537 526 520 492 504 0 583 489 565 505 485 520 500 
54 580 428 489 498 467 546 513 66 575 411 517 516 503 476 517 65 581 502 403 505 558 546 509 
134 409 311 545 534 479 501 506 147 404 332 536 539 482 498 500 145 407 321 542 529 493 516 500 
355 256 373 639 472 511 533 530 350 262 388 622 490 497 505 521 365 244 323 641 473 513 544 479 
455 259 392 610 462 528 560 515 446 212 387 610 466 563 512 469 461 189 458 502 529 544 560 461 
360 346 511 641 579 556 504 536 349 323 459 629 570 506 486 525 351 326 431 642 570 502 503 520 
714 695 545 625 577 565 555 542 700 669 412 613 485 467 504 503 700 667 316 480 550 528 498 509 
1012 1007 127 414 627 632 561 636 1009 954 144 192 437 513 548 400 1009 236 828 824 569 529 475 615 
1024 1016 8 24 948 382 644 398 1024 998 26 32 44 468 610 586 1024 8 1016 970 230 638 336 350 
929 95 95 149 633 547 502 533 940 84 84 244 623 473 435 523 1003 21 41 870 648 579 430 573 
766 258 245 298 597 542 543 545 851 173 163 324 626 538 513 491 968 56 220 712 598 511 522 510 
196 828 823 719 614 528 536 514 434 590 590 504 431 516 491 500 887 137 140 442 532 522 514 534 
486 538 542 551 503 529 531 497 699 325 329 359 474 488 459 493 1000 24 43 343 569 505 515 521 
360 664 664 624 584 545 519 497 560 464 464 441 536 527 517 493 977 47 49 443 561 583 521 485 
784 241 262 301 434 565 539 506 874 151 183 250 484 476 530 512 993 34 110 608 440 491 515 514 
780 244 243 276 465 488 455 465 847 177 177 248 520 485 572 459 1016 8 33 651 389 536 490 555 
845 179 180 259 503 507 521 499 931 93 99 232 579 490 462 501 1024 0 34 717 494 498 506 517 
822 202 233 268 531 480 564 507 901 123 174 312 563 540 521 513 961 66 170 731 441 527 529 517 
846 182 195 191 517 482 548 504 877 151 168 259 580 520 529 518 966 64 95 735 509 509 536 500 
1005 19 35 96 518 498 516 549 1013 11 31 130 698 481 523 547 1024 2 47 823 335 469 515 475 
922 106 138 312 452 507 548 519 987 41 78 296 485 512 484 495 1023 9 129 709 474 519 504 517 
912 112 124 226 512 493 522 519 977 47 64 248 590 531 512 507 1021 3 75 691 438 491 507 525 
945 79 81 136 618 369 504 390 978 46 51 153 765 626 418 390 1021 3 32 704 320 457 454 634 
590 434 448 437 511 544 479 543 693 331 356 401 542 487 550 549 966 58 106 407 475 519 460 545 
911 113 124 171 383 490 488 491 996 28 43 113 542 499 512 487 1024 0 50 641 411 476 457 537 
717 307 271 299 473 512 511 510 815 209 181 242 562 526 533 498 921 103 135 546 547 483 527 522 
961 63 66 140 538 497 501 532 979 45 49 193 650 467 504 540 1020 4 77 837 416 550 484 481 
799 191 201 282 517 493 538 512 832 158 160 309 547 475 552 516 894 93 156 730 447 511 537 562 
21 272 364 692 469 593 603 589 31 273 401 720 570 536 541 605 47 250 362 717 445 529 610 567 
165 859 826 469 599 534 497 521 171 853 838 536 489 530 533 521 349 675 676 671 582 473 497 549 
714 310 314 441 474 545 499 535 749 275 278 492 443 479 572 541 870 154 167 648 498 500 487 531 
1013 11 13 823 334 528 548 478 1016 8 14 827 318 514 502 474 1024 0 74 914 489 542 559 504 
1020 4 4 751 404 565 428 596 1022 2 2 700 386 453 586 592 1024 0 48 908 486 412 441 590 
1017 7 8 380 571 482 512 538 1003 21 21 266 601 541 518 538 1022 2 6 663 398 521 528 542 
930 94 94 157 734 470 420 433 887 137 137 159 545 544 524 481 947 77 77 234 630 553 444 461 
605 419 419 436 609 528 480 558 428 596 596 605 697 524 535 544 505 519 519 539 662 515 529 560 
138 886 871 843 665 526 455 554 112 912 890 854 623 474 526 556 197 827 807 773 536 457 460 548 
98 926 790 631 519 542 500 502 23 1001 804 698 490 584 493 500 69 955 786 654 474 525 499 492 
33 991 900 311 475 514 499 544 35 989 814 327 444 506 521 564 38 986 820 350 506 503 492 546 
178 846 650 341 548 509 495 525 178 846 677 332 473 504 509 525 187 837 695 335 564 484 485 517 
180 640 503 489 510 491 514 533 172 638 493 525 511 499 515 539 172 645 562 479 541 539 527 507 
0 0 112 678 410 527 500 538 0 0 116 663 456 453 520 538 0 0 65 614 483 486 472 526 
0 19 470 584 513 540 538 488 0 15 529 504 419 425 517 494 0 13 415 593 494 431 554 484 
418 306 288 481 552 468 562 498 417 201 319 660 409 496 470 552 413 78 445 613 432 501 513 554 
1024 756 268 268 660 415 613 432 1024 322 702 654 478 495 561 520 1024 0 1024 420 565 520 523 536 
