0 0 8 46 702 497 514 491 0 2 10 363 675 528 495 507 0 3 10 253 766 503 522 525 
272 219 470 552 501 530 517 514 315 257 489 642 483 529 504 498 348 264 469 612 499 518 520 500 
540 452 512 511 508 500 527 550 677 379 525 494 504 495 521 536 733 349 537 513 508 520 515 514 
564 184 347 602 490 469 471 542 602 155 567 582 547 515 505 529 614 164 603 589 559 499 483 504 
415 420 472 554 510 526 533 522 535 334 532 523 528 500 514 508 584 307 559 529 515 535 511 507 
925 643 370 617 521 456 538 518 892 446 485 387 472 499 480 509 854 276 621 555 531 468 510 496 
125 899 398 693 647 403 444 552 75 241 779 838 691 496 463 486 56 133 880 156 325 642 466 542 
0 1024 20 1004 566 589 581 543 0 0 1024 1024 611 444 491 528 0 0 1024 0 36 600 694 496 
6 1018 10 1014 475 461 682 582 0 13 1018 1018 562 470 442 461 0 10 1018 6 26 595 630 535 
19 1005 20 915 360 432 526 495 0 45 1000 995 303 567 482 501 0 30 980 49 72 529 483 548 
0 1024 0 487 537 414 638 504 0 0 1024 978 57 467 503 510 0 0 903 121 122 295 495 524 
0 983 41 46 540 515 604 547 0 0 1024 390 605 538 547 519 0 0 215 809 783 639 477 499 
0 215 321 413 607 501 525 505 1 337 319 571 518 536 484 472 8 358 333 515 542 519 525 518 
149 544 570 526 488 514 490 513 296 518 488 504 516 503 515 494 383 465 462 498 475 495 513 499 
596 289 461 563 543 482 524 533 693 289 587 465 508 521 537 504 736 319 577 512 516 513 452 502 
621 340 508 539 531 509 503 520 717 364 615 469 491 517 528 545 752 442 560 502 528 520 470 504 
475 432 473 527 530 515 530 510 669 270 539 503 512 537 491 523 756 240 549 505 509 517 518 489 
603 252 573 589 458 521 490 494 515 378 539 522 528 505 509 514 466 410 559 541 546 525 514 506 
181 843 838 387 500 562 501 525 3 950 259 356 474 502 498 493 0 344 725 477 576 484 545 507 
2 1022 890 171 355 556 487 490 0 479 547 574 599 606 485 543 0 18 1007 69 832 317 555 543 
32 992 621 396 434 557 554 491 0 357 700 695 705 524 497 528 0 41 996 52 842 321 613 517 
0 1024 246 778 778 560 521 538 0 36 988 988 988 649 536 521 0 0 1024 0 778 308 525 533 
0 1024 2 1022 717 419 555 502 0 0 1024 1024 818 508 448 459 0 0 1024 0 317 636 495 573 
0 1024 0 543 528 514 466 502 0 0 1024 1023 132 547 578 486 0 0 1010 14 15 360 480 496 
1 466 560 534 535 534 518 530 11 761 399 500 544 505 499 526 24 823 406 486 503 515 506 528 
290 627 516 521 510 555 531 505 464 546 533 504 507 521 505 484 555 492 520 528 539 513 494 495 
879 223 562 520 489 496 526 509 967 307 558 529 497 539 524 514 991 438 494 535 546 513 530 502 
520 182 368 476 536 511 515 487 565 229 450 637 538 513 510 514 579 318 437 585 572 523 481 530 
392 309 400 562 469 488 484 514 473 319 477 591 541 521 501 512 510 372 505 568 546 524 503 511 
537 364 553 563 515 495 509 498 654 340 587 492 504 543 495 511 711 381 530 491 521 534 514 523 
100 899 914 875 238 414 460 518 103 915 104 343 677 487 508 550 106 135 898 905 258 601 477 547 
43 981 987 580 467 520 481 508 5 1019 40 94 687 559 530 519 0 51 996 772 316 563 481 509 
0 1024 1024 135 796 505 552 539 0 1024 0 0 396 473 584 507 0 0 1024 459 565 657 421 522 
0 1024 1024 0 604 444 470 481 0 1001 23 23 158 404 473 464 0 0 1024 219 805 659 524 514 
0 1024 707 317 449 464 524 519 0 604 420 420 426 558 592 460 0 0 1024 39 979 467 576 516 
0 1024 55 967 653 528 559 512 0 32 992 992 919 474 435 472 0 0 1024 0 440 571 589 549 
21 714 436 501 515 513 528 506 88 845 452 520 479 518 527 494 144 819 506 521 545 532 489 517 
397 569 567 500 540 534 511 522 615 418 540 521 503 513 524 498 707 374 524 512 508 529 477 508 
954 118 586 518 533 517 520 500 1010 272 624 534 533 508 506 488 1019 505 474 496 528 502 493 516 
722 170 533 575 511 511 524 527 766 325 553 506 491 538 512 535 777 451 457 559 532 496 494 495 
327 328 450 608 512 504 503 507 403 366 551 511 514 541 514 533 453 389 503 517 524 530 512 500 
626 238 516 540 504 506 499 515 735 255 588 497 520 513 500 524 771 367 557 515 518 495 531 493 
558 397 622 525 517 511 526 519 643 412 555 535 506 511 522 510 675 448 547 564 537 500 535 495 
374 883 705 777 596 516 522 523 343 953 146 781 390 463 506 500 350 456 688 716 658 455 512 526 
82 954 944 940 522 558 478 524 16 1020 14 775 514 469 507 521 16 278 752 763 502 508 522 518 
0 1024 1024 893 350 543 477 495 0 1024 0 587 521 422 537 509 0 88 936 936 516 578 516 495 
0 1024 1024 377 550 439 523 528 0 1024 0 249 608 508 525 519 0 0 1024 970 333 534 554 527 
0 1024 852 172 344 454 514 511 0 895 129 129 347 497 514 514 0 0 1024 407 619 678 554 512 
11 695 461 534 526 511 528 478 70 821 530 482 537 485 515 521 139 798 530 505 479 486 496 510 
370 564 483 480 524 533 503 515 550 468 526 524 494 548 512 486 646 426 547 497 542 516 517 523 
915 255 493 489 519 513 496 513 982 373 520 520 536 501 501 497 1005 514 474 513 490 508 488 517 
814 506 460 453 500 510 507 518 878 617 458 569 500 503 502 523 949 671 380 565 515 506 526 527 
580 458 571 522 488 523 498 507 801 317 561 489 514 510 493 477 901 306 503 512 541 517 531 518 
681 354 525 565 490 506 527 491 741 505 471 504 493 537 489 495 767 595 421 517 503 518 490 529 
683 399 580 547 503 507 516 543 788 459 486 512 494 486 509 538 836 505 447 530 509 543 522 525 
752 616 423 520 528 523 545 504 834 627 434 507 511 493 535 522 860 641 537 493 492 527 524 515 
612 503 448 510 477 508 493 515 589 571 458 556 528 509 531 494 590 594 485 496 505 534 537 525 
409 510 570 620 617 510 503 521 369 578 314 714 633 426 503 516 378 559 332 378 357 487 523 520 
194 744 728 702 461 487 505 503 216 747 221 742 492 493 519 519 223 474 492 553 537 488 490 496 
109 643 694 356 491 525 465 500 108 627 413 328 567 495 478 504 105 284 715 666 537 482 507 516 
1 573 510 523 499 462 494 451 60 724 501 500 506 524 469 499 93 754 517 498 491 505 521 540 
326 531 481 464 511 535 501 514 523 420 514 533 514 524 514 512 605 390 595 492 521 518 522 535 
887 151 429 499 501 528 518 507 988 160 650 507 540 489 527 521 1009 317 612 536 511 525 532 511 
782 259 613 489 497 515 523 517 907 334 607 479 524 489 515 506 961 494 432 532 496 511 546 519 
443 577 507 528 499 511 516 526 778 262 492 526 527 536 520 517 896 236 528 498 514 492 537 526 
774 269 694 502 525 517 505 517 935 419 438 450 471 498 516 509 980 566 320 531 512 505 499 540 
710 418 637 533 521 525 498 523 771 680 401 495 513 521 488 506 823 758 342 533 490 525 489 488 
492 529 468 525 521 506 503 480 588 583 424 481 495 506 480 526 630 573 475 512 532 509 513 515 
513 393 448 481 546 481 537 529 543 518 421 522 517 501 503 528 567 532 418 548 527 529 542 516 
346 238 418 447 497 516 491 500 370 312 580 481 529 478 516 502 483 242 533 475 513 505 510 525 
136 172 428 628 494 504 509 502 146 256 683 484 558 529 497 524 171 260 621 489 553 507 518 526 
29 222 604 488 481 504 524 529 49 325 680 542 559 524 496 495 51 355 627 544 503 518 496 537 
10 699 346 375 377 636 360 386 56 792 349 671 377 665 365 397 86 809 389 659 650 662 368 386 
188 737 645 374 380 657 648 652 394 572 606 645 650 384 634 366 767 218 376 384 383 659 658 330 
850 174 314 347 675 653 356 670 990 66 744 361 380 389 678 660 1023 161 771 668 382 356 652 382 
773 216 331 382 378 651 392 645 892 163 488 661 641 336 664 671 953 286 664 375 647 676 352 388 
229 779 700 656 373 347 653 658 779 259 344 370 652 367 664 358 925 165 302 656 648 375 367 637 
807 207 450 362 642 638 661 687 892 302 677 375 364 383 624 644 942 452 525 626 358 387 646 375 
693 290 433 387 356 359 664 368 754 385 380 613 345 377 375 680 816 422 329 646 651 659 665 379 
135 548 360 413 645 653 646 375 178 612 333 667 656 395 377 671 275 565 600 399 356 675 355 650 
134 522 263 429 342 643 646 669 145 547 393 632 389 374 380 359 166 539 377 678 380 365 664 628 
55 164 510 684 358 355 393 648 62 184 559 688 402 719 663 656 67 186 560 650 429 677 666 658 
9 34 244 679 670 638 660 655 14 106 626 430 632 381 646 356 15 124 593 417 631 364 643 373 
0 117 601 317 394 681 358 347 2 235 587 699 366 373 377 375 6 241 578 684 337 339 365 362 
