324 736 643 487 491 528 511 523 172 867 563 519 513 519 515 486 133 406 628 587 529 521 490 487 
458 650 606 544 480 516 513 524 200 940 662 396 469 520 521 512 146 382 657 589 556 516 519 525 
517 620 520 562 527 541 541 532 194 972 740 462 496 517 527 520 164 387 639 549 484 494 495 514 
506 611 492 574 518 554 539 544 196 956 750 477 529 501 503 533 153 361 665 552 504 486 522 524 
544 584 540 521 548 522 508 516 280 899 725 440 523 547 502 492 194 425 616 557 493 525 497 500 
516 622 555 557 500 533 524 541 298 903 749 519 523 500 517 490 230 398 644 620 549 512 547 492 
443 714 581 580 487 521 526 507 261 927 801 561 574 508 517 521 198 419 620 591 477 527 511 517 
455 665 584 548 504 514 530 517 248 915 820 710 523 502 507 510 167 585 439 445 489 515 532 521 
450 643 642 569 550 549 545 537 311 844 722 682 551 520 494 526 162 634 395 404 518 519 506 531 
371 734 633 519 539 498 512 544 359 795 660 622 543 514 510 539 145 763 247 303 511 525 520 528 
315 815 609 513 552 521 575 513 413 738 623 603 500 542 525 490 129 853 156 252 560 489 543 509 
284 831 623 604 544 544 552 558 426 726 657 553 517 504 509 513 128 914 154 317 542 478 538 532 
318 829 592 569 551 506 509 536 453 702 648 541 491 501 517 515 153 867 150 352 561 514 500 510 
372 794 561 584 533 556 536 510 499 685 659 506 489 506 488 505 172 926 96 337 553 498 496 496 
431 709 526 575 582 548 537 557 603 589 570 401 473 508 505 502 181 931 120 376 562 540 522 512 
588 571 392 554 560 522 541 547 593 632 531 425 487 514 533 520 223 809 237 432 546 519 519 510 
585 631 331 610 576 555 573 552 607 619 558 406 484 510 501 514 210 793 253 439 517 512 522 479 
565 631 391 549 598 535 566 538 600 616 496 456 477 504 509 528 213 756 301 422 539 530 515 506 
548 677 435 522 581 542 548 546 395 835 673 621 520 513 517 490 209 603 426 464 514 514 501 494 
603 614 437 511 561 542 559 554 339 879 746 552 547 484 529 504 200 496 487 567 515 506 501 486 
578 668 535 496 549 537 558 556 346 865 725 480 573 511 536 501 175 450 468 497 493 518 471 482 
527 735 591 564 545 545 559 537 368 844 719 586 538 499 522 531 156 527 438 521 494 516 498 482 
459 814 659 664 584 539 552 550 344 929 734 582 540 506 525 521 269 360 546 566 483 508 506 501 
542 731 612 591 597 510 542 558 436 836 732 543 499 506 470 497 277 506 533 413 487 535 518 536 
546 711 549 619 609 562 544 540 493 762 610 614 535 492 510 514 231 643 356 241 506 495 508 509 
513 720 587 669 624 576 562 522 403 814 726 688 512 511 512 513 194 648 393 305 524 540 489 488 
524 693 615 653 586 560 540 549 341 868 751 719 495 519 537 529 189 545 481 433 513 496 503 510 
591 623 680 638 585 551 567 558 422 784 646 591 496 522 516 556 194 495 504 487 503 527 519 497 
709 545 594 597 590 558 552 544 441 801 639 642 513 501 509 504 227 410 564 573 516 525 497 515 
651 626 585 615 557 578 544 534 344 924 706 610 506 524 516 545 249 339 606 636 516 510 516 523 
647 634 448 611 546 577 582 551 363 902 632 520 504 508 532 465 252 315 645 557 534 526 527 523 
600 663 413 616 552 568 562 545 299 967 702 570 499 502 508 479 253 354 625 520 525 495 523 518 
476 814 596 661 587 541 560 552 292 1005 674 535 510 513 499 529 283 377 481 535 501 534 518 536 
639 653 447 666 586 532 543 544 389 885 618 541 500 510 517 511 278 492 483 439 509 478 509 523 
531 827 494 654 523 548 514 540 506 757 659 486 519 527 504 532 448 438 398 506 524 504 518 526 
816 775 623 621 588 474 453 435 802 575 593 477 416 564 593 540 722 302 245 676 498 475 527 592 
32 27 734 503 512 515 532 486 32 303 485 556 546 482 508 514 32 106 692 562 525 540 527 514 
0 99 771 485 524 494 504 523 0 402 558 531 508 516 506 501 0 231 701 502 510 529 500 544 
451 236 525 493 508 510 490 532 530 536 524 502 494 499 515 525 530 571 450 489 495 529 510 541 
474 245 546 491 512 527 527 540 603 526 465 510 525 483 500 492 616 503 541 529 487 512 563 498 
542 331 537 492 508 527 515 502 732 571 465 511 489 504 523 484 738 581 519 531 504 505 524 479 
646 215 542 533 515 535 510 502 728 685 355 515 518 495 478 528 730 663 444 595 499 543 528 511 
666 242 472 526 503 499 513 510 785 627 460 510 503 487 521 498 789 672 442 545 520 538 516 505 
731 235 502 548 488 528 507 531 807 680 457 523 524 530 492 499 808 728 435 530 535 539 506 520 
687 262 507 519 493 540 507 525 807 686 456 461 508 501 525 490 802 728 456 537 516 504 502 489 
650 343 520 503 508 501 519 498 801 752 409 536 526 505 525 518 799 787 491 501 502 536 512 492 
703 307 574 499 520 529 480 501 792 821 478 494 536 525 509 510 794 840 469 515 516 515 483 489 
756 396 505 514 519 468 527 501 796 854 508 521 548 515 516 515 790 859 507 473 509 503 528 516 
745 400 514 488 502 520 541 507 803 855 550 506 528 509 553 505 786 880 567 476 533 506 525 508 
661 375 493 488 522 512 511 530 775 824 548 527 508 500 508 525 772 805 543 498 544 522 512 497 
689 383 481 478 496 524 525 511 770 919 543 532 509 521 511 508 760 917 577 495 499 527 520 524 
689 356 560 510 506 518 549 505 775 898 558 503 535 534 530 518 772 847 665 513 529 530 531 530 
727 351 479 516 532 514 515 524 800 895 573 513 497 514 535 529 788 918 524 529 531 551 507 507 
655 412 476 461 521 506 522 488 772 874 538 553 534 534 525 525 753 880 571 523 528 539 545 544 
654 441 480 491 501 520 494 545 770 885 550 552 500 521 534 521 748 915 543 479 523 521 503 509 
694 366 529 537 499 504 524 517 745 899 578 528 491 512 505 502 733 894 540 505 533 520 506 510 
567 488 459 490 476 526 487 508 732 798 565 562 506 543 541 508 711 798 516 500 531 496 519 523 
624 451 506 499 492 511 523 501 718 864 575 526 511 493 543 506 695 871 487 479 499 508 523 520 
629 421 551 509 526 520 527 479 699 882 570 541 538 512 493 490 674 883 529 511 521 513 518 541 
552 484 474 494 499 521 505 510 685 768 600 529 504 520 518 492 673 766 499 527 500 533 541 558 
602 462 440 528 508 506 512 482 671 894 533 578 527 535 545 527 661 846 523 507 521 536 501 514 
508 536 403 544 516 506 496 520 655 796 575 562 508 505 528 526 615 834 455 472 490 515 508 519 
567 461 407 499 507 516 532 524 650 844 556 536 533 525 517 500 640 796 510 457 516 500 521 517 
554 477 386 551 517 495 489 496 622 839 540 503 525 503 509 510 618 747 542 489 532 514 495 526 
535 495 411 533 498 504 527 529 653 786 516 484 486 545 522 523 611 734 517 518 525 546 541 505 
507 489 430 513 539 525 536 536 661 713 532 508 526 516 536 495 628 701 494 493 499 526 544 524 
355 570 446 508 499 498 526 509 617 622 524 499 505 497 501 525 567 584 512 512 506 500 510 521 
378 547 408 530 502 523 517 504 547 669 572 510 521 507 526 489 527 575 501 478 516 523 527 502 
538 416 386 501 538 488 467 502 661 695 468 501 544 517 525 503 650 694 529 505 509 541 494 504 
491 495 392 525 514 490 490 504 676 626 523 532 511 521 510 471 689 673 484 478 507 542 522 509 
380 516 444 504 525 505 537 478 610 665 485 497 527 542 485 498 600 700 459 481 564 519 515 522 
117 868 289 625 487 444 537 621 349 746 681 542 460 466 555 526 282 809 397 501 610 564 536 545 
32 3 686 468 497 529 521 477 32 98 654 550 478 532 513 519 32 60 684 552 481 504 535 501 
14 53 573 535 502 516 519 504 27 166 490 563 541 525 524 520 31 130 631 557 528 483 494 535 
364 357 512 525 509 503 503 508 536 432 467 561 513 495 514 530 560 506 519 505 527 529 502 509 
547 297 601 499 506 520 545 505 715 511 503 488 501 513 513 525 720 562 508 514 492 515 508 520 
408 295 530 509 512 512 488 498 598 440 424 542 528 527 526 508 609 474 556 519 520 508 534 496 
484 296 584 533 509 509 495 508 605 593 513 526 520 499 535 505 602 629 539 512 482 496 526 546 
419 298 584 502 508 528 517 487 594 496 543 535 485 500 532 506 602 571 552 524 507 522 509 548 
528 260 620 506 541 510 505 523 647 610 506 559 505 512 499 505 645 692 536 539 510 508 510 503 
565 230 556 512 514 527 497 530 638 657 509 509 501 496 513 525 635 698 576 531 540 518 514 519 
443 247 597 497 534 493 525 509 567 561 539 536 524 506 505 529 582 639 556 479 512 505 521 527 
476 278 587 488 501 558 510 500 547 618 557 507 529 527 528 521 546 636 626 512 511 555 549 506 
407 359 581 484 505 521 531 523 497 620 554 524 513 492 501 533 491 647 603 551 524 560 527 511 
362 298 650 464 518 504 502 489 457 593 582 489 487 504 537 495 459 612 597 533 528 525 526 514 
339 246 622 522 524 499 526 528 424 640 509 466 515 509 495 496 432 638 564 525 512 517 514 533 
384 288 584 492 531 548 487 502 463 606 615 467 472 509 500 517 469 606 646 508 530 525 513 526 
436 276 585 506 487 535 506 494 526 665 548 511 526 506 488 543 524 667 654 539 520 514 506 526 
606 218 572 506 551 532 494 504 736 733 466 495 522 523 487 507 732 809 531 511 542 528 518 495 
432 319 608 501 531 519 504 525 587 645 544 511 548 508 510 502 590 669 618 512 537 539 499 536 
333 255 635 534 492 507 520 507 395 706 589 517 502 526 508 541 388 677 629 540 520 511 511 537 
597 232 564 489 524 523 469 532 749 729 529 488 514 515 524 488 753 799 641 564 544 542 535 537 
409 302 605 502 494 517 521 508 484 776 539 517 541 508 509 536 486 720 571 470 513 489 524 535 
514 169 605 555 526 515 506 494 583 715 474 519 503 519 495 496 583 715 560 509 542 522 509 515 
724 210 610 501 521 513 489 513 794 918 487 520 549 517 501 477 791 908 635 509 549 503 534 542 
413 162 579 522 513 513 506 488 469 710 455 492 500 511 510 510 469 666 536 484 522 542 512 540 
832 140 448 508 507 525 527 508 957 809 319 555 521 523 517 506 957 866 561 473 510 514 537 515 
359 212 596 527 501 505 505 516 452 580 491 513 522 505 506 498 450 542 622 498 512 509 515 537 
675 312 421 515 520 467 510 500 970 685 369 506 494 518 514 505 975 803 527 493 517 511 496 486 
420 196 559 534 534 492 486 531 492 700 476 521 518 487 490 528 498 667 534 500 515 527 532 535 
790 230 504 512 522 491 482 533 969 736 380 520 529 508 503 548 971 810 575 489 491 540 527 520 
355 337 460 523 525 516 529 513 614 600 510 524 502 498 494 519 601 712 477 508 489 484 513 512 
501 450 505 514 511 516 500 499 856 500 531 519 520 523 512 527 854 609 499 468 493 504 500 523 
439 344 528 516 473 491 526 519 710 469 477 494 530 525 520 539 721 535 514 514 528 546 529 492 
679 188 440 511 544 519 494 548 804 569 451 468 513 529 504 500 806 728 418 539 532 526 501 488 
646 270 420 534 516 517 508 511 864 590 412 473 528 519 505 512 862 788 486 564 513 541 496 525 
390 448 465 527 525 520 484 503 707 576 471 493 524 514 501 540 723 725 424 531 501 524 531 517 
231 762 788 766 600 495 581 471 986 214 754 645 360 593 571 381 995 861 273 293 656 636 521 462 
32 5 309 553 563 525 525 505 32 14 343 613 481 501 509 497 32 14 364 664 468 511 506 496 
0 19 351 569 533 531 496 536 0 108 353 542 509 525 519 525 0 66 401 670 473 505 523 529 
3 78 598 543 536 541 525 496 10 304 521 542 517 492 535 532 11 228 558 506 504 509 515 518 
219 175 450 565 508 483 489 509 302 358 399 554 487 527 541 492 307 357 411 577 527 504 518 543 
27 42 264 745 467 538 516 498 29 146 210 729 376 449 549 488 31 109 315 750 555 501 481 505 
666 218 544 491 526 501 487 525 765 576 464 530 496 507 499 552 769 636 582 512 515 529 488 511 
20 55 520 551 521 515 510 493 28 140 511 547 524 551 527 521 31 134 593 542 474 540 484 497 
474 250 481 537 511 551 533 511 691 489 463 547 521 519 509 508 708 690 509 519 499 536 533 530 
415 192 525 484 470 510 501 493 574 428 518 482 546 526 534 521 576 554 606 455 547 497 510 516 
87 220 578 546 507 502 510 532 215 424 503 545 510 519 514 547 225 398 546 501 501 520 518 524 
480 467 510 512 514 515 518 512 910 571 477 503 523 530 511 497 934 793 464 528 516 544 526 506 
560 387 568 479 516 524 544 527 795 603 555 500 498 506 512 511 823 667 617 504 551 517 526 539 
396 283 513 512 510 496 533 507 548 503 519 487 516 506 498 497 550 561 652 457 509 508 514 525 
525 370 452 528 532 493 502 548 858 670 413 513 508 519 527 502 876 767 603 511 534 482 505 535 
515 427 450 508 538 515 511 528 945 700 410 474 506 524 482 530 962 879 558 534 529 505 531 518 
510 414 524 510 527 503 506 475 873 618 470 532 519 495 506 508 887 804 547 532 521 551 521 526 
511 318 512 496 541 507 526 532 694 652 517 502 516 510 522 534 698 709 645 488 543 516 521 531 
670 411 507 515 509 510 535 507 819 738 525 564 508 514 508 551 805 761 575 559 519 511 524 536 
572 417 503 538 520 508 503 506 871 638 497 518 554 559 498 513 873 774 528 540 541 539 509 517 
610 374 496 513 500 521 493 535 853 763 465 532 496 533 520 488 857 910 533 523 527 537 507 529 
503 427 500 523 491 512 520 505 756 702 515 581 536 511 507 570 772 802 586 511 512 520 518 549 
563 338 485 482 510 496 492 502 751 692 495 572 519 523 545 499 755 762 639 523 556 546 527 565 
439 390 551 492 525 485 479 509 778 611 493 499 507 497 511 524 799 691 528 535 518 524 521 525 
317 338 611 462 490 493 511 531 526 543 553 520 531 502 512 521 542 622 607 518 552 528 510 517 
411 421 521 514 512 513 510 504 740 560 513 519 535 530 527 544 759 663 534 526 523 527 505 510 
340 305 619 520 523 482 511 556 496 536 538 500 511 501 516 509 499 515 596 534 526 547 548 520 
386 463 524 460 519 539 509 504 689 547 574 531 525 512 527 506 712 623 574 565 552 542 542 523 
302 263 667 461 537 510 532 530 389 419 665 499 522 535 523 530 393 427 658 535 548 531 485 510 
415 378 542 497 503 505 498 513 650 532 563 503 528 537 501 512 686 585 599 525 548 527 527 539 
273 257 599 513 504 517 501 539 361 519 565 531 493 528 518 496 375 457 597 489 532 510 502 555 
369 351 532 514 514 513 488 504 545 609 529 514 514 520 525 485 560 611 580 514 543 512 517 508 
202 244 568 538 500 505 547 517 331 369 569 540 475 492 543 517 345 369 651 480 520 530 513 518 
326 263 604 520 524 535 522 497 427 618 487 521 512 533 527 492 439 573 563 488 516 532 516 515 
225 222 596 509 474 528 499 493 336 380 578 485 521 512 528 511 350 377 673 477 496 528 505 519 
219 376 531 514 486 522 513 513 340 607 529 516 509 522 507 507 339 539 555 543 540 538 485 545 
428 499 579 466 508 463 500 560 871 477 419 463 537 481 491 464 886 581 620 662 545 660 480 478 
32 7 379 527 499 538 495 540 32 45 420 572 466 498 505 505 32 31 416 632 457 527 519 500 
0 5 413 529 487 519 496 511 0 112 462 547 500 492 521 500 0 59 486 602 477 491 507 506 
0 42 397 522 514 509 513 488 0 154 399 552 489 489 524 510 0 100 398 584 468 528 506 496 
46 78 491 528 490 503 501 516 68 264 477 575 549 523 486 507 69 208 477 513 495 499 544 522 
11 90 395 543 526 503 525 549 57 305 317 533 550 503 527 505 29 247 354 642 484 518 517 497 
239 145 531 476 498 527 497 524 293 312 556 517 491 500 517 535 291 317 586 500 510 522 498 538 
0 9 267 320 651 481 518 528 0 28 276 253 535 527 526 526 0 21 300 343 668 536 507 484 
199 189 268 563 476 509 497 512 337 220 278 504 541 507 501 514 347 288 314 669 437 511 513 536 
169 106 653 418 505 522 509 507 193 279 686 445 519 496 515 505 194 276 713 480 521 516 492 482 
17 107 454 555 490 520 541 516 43 285 410 526 503 531 506 512 47 177 447 579 505 524 528 523 
374 256 456 526 522 509 516 535 574 486 399 561 514 509 484 511 583 576 489 542 532 520 524 521 
261 139 708 479 508 492 530 510 349 402 634 558 543 495 546 513 355 501 660 534 520 522 517 523 
8 137 662 524 520 518 508 509 21 516 492 516 519 504 520 540 18 385 528 518 514 511 508 545 
44 260 569 541 512 509 561 518 183 563 498 548 490 515 494 515 156 507 448 558 521 496 513 516 
432 378 592 522 493 483 499 518 775 633 444 531 526 523 499 524 783 844 513 526 541 500 521 498 
389 291 572 479 503 508 525 491 653 491 570 528 508 530 500 508 668 641 639 563 497 515 503 510 
161 286 616 494 502 494 492 496 210 571 635 518 517 522 510 534 198 491 588 554 552 513 550 519 
110 232 422 561 525 490 519 531 150 386 433 572 498 504 544 504 136 340 444 607 500 513 522 518 
541 203 525 496 510 496 524 493 656 749 381 539 528 488 505 534 656 750 587 501 513 523 543 526 
686 298 424 515 532 523 515 533 971 737 339 533 506 482 540 513 981 904 556 520 509 532 518 490 
315 99 637 470 519 489 506 548 380 432 600 553 491 497 517 515 383 461 740 531 515 530 510 516 
12 215 562 556 486 514 475 521 140 459 551 556 519 485 514 472 84 422 508 563 496 514 518 522 
71 237 589 535 526 514 509 497 237 387 563 550 496 506 530 517 239 417 548 540 499 505 525 524 
456 450 502 509 516 521 522 508 881 654 420 502 519 517 502 515 892 841 541 538 509 530 523 502 
320 651 497 520 512 526 531 483 1003 511 476 479 496 510 500 499 1021 841 452 539 518 533 529 509 
364 536 509 516 521 513 492 491 893 474 452 491 537 512 492 511 906 704 502 517 512 502 534 487 
618 678 678 429 474 528 494 531 866 690 673 698 604 558 525 535 873 811 666 634 541 537 551 528 
826 704 544 437 481 516 500 500 980 803 727 651 554 534 548 549 975 872 723 651 547 527 526 544 
305 647 507 491 509 524 514 536 839 509 579 516 525 544 534 545 850 729 473 565 540 545 518 513 
489 359 460 504 509 481 516 538 775 560 472 507 507 513 516 501 801 666 539 508 490 530 518 522 
339 515 511 500 503 507 508 493 873 438 539 550 521 496 515 496 904 741 502 507 510 521 518 516 
155 606 489 544 519 523 542 524 861 365 478 522 513 537 520 501 957 595 496 527 510 519 521 524 
150 538 458 480 518 517 507 532 679 264 552 562 539 541 514 498 735 533 520 514 527 507 509 532 
412 276 440 509 501 524 488 518 581 490 422 552 487 480 490 545 588 578 579 521 507 534 529 534 
211 463 545 499 509 503 500 533 561 501 528 510 516 533 496 508 602 546 553 505 531 527 515 516 
150 714 458 507 474 506 523 437 526 573 495 383 525 561 453 543 601 574 475 553 550 569 612 483 
32 7 371 482 479 545 511 476 32 128 374 499 504 503 499 530 32 85 407 541 469 506 515 536 
0 14 426 551 508 502 526 523 0 219 383 491 537 541 480 510 0 144 447 543 492 499 516 496 
1 42 482 562 520 508 506 529 2 287 427 525 518 511 486 536 1 189 448 513 509 526 542 528 
51 118 489 513 532 520 500 532 94 364 456 519 524 490 498 509 93 264 483 544 519 511 537 496 
9 92 571 522 504 483 532 525 50 397 485 484 515 501 501 498 26 268 521 487 502 493 503 481 
2 88 539 516 524 497 519 517 4 441 410 506 538 530 526 511 4 248 463 514 526 551 541 502 
16 73 473 524 497 499 527 510 25 252 450 502 491 506 498 497 25 146 487 543 516 505 506 490 
256 277 371 545 476 512 507 496 387 342 438 562 493 539 517 504 400 405 423 572 512 494 517 528 
109 185 714 508 506 501 486 507 196 550 447 490 502 499 527 510 202 610 408 493 501 489 487 520 
118 284 405 528 535 524 519 495 139 439 304 426 541 508 486 511 129 241 461 594 513 506 501 503 
444 333 469 550 511 541 519 510 617 472 445 513 538 484 512 513 612 556 484 564 537 529 512 514 
127 123 754 474 522 505 518 519 156 492 576 563 528 500 529 508 156 533 545 550 522 512 525 527 
0 126 437 520 522 523 490 526 11 330 450 566 463 503 536 477 1 258 442 561 496 510 534 518 
0 152 402 539 486 501 503 527 13 388 430 577 502 500 491 514 6 310 404 573 510 545 517 530 
209 335 500 508 501 513 503 511 434 519 536 511 497 490 524 517 437 614 495 505 504 531 520 522 
204 203 687 469 522 534 517 521 357 416 637 562 537 496 482 528 373 568 583 584 537 501 517 505 
0 135 459 569 509 512 536 530 0 360 390 548 528 508 508 559 0 274 388 571 501 510 522 525 
4 227 622 509 492 517 501 506 99 596 547 529 496 526 530 502 61 527 498 536 526 502 502 523 
161 290 604 528 516 509 504 491 310 739 536 543 542 472 525 526 278 747 462 523 514 538 498 499 
413 314 522 502 523 531 522 515 705 559 523 500 504 508 513 513 716 683 571 562 544 537 520 520 
62 194 710 467 503 525 533 510 255 421 642 527 513 520 522 506 213 459 614 575 511 489 502 517 
8 268 578 521 518 488 528 483 122 604 533 507 492 509 521 515 86 510 424 550 533 534 531 523 
41 228 625 545 498 511 523 531 122 634 519 520 500 517 527 490 80 551 451 524 503 536 501 525 
202 403 522 508 517 529 521 539 516 535 481 523 523 518 515 539 514 600 498 543 503 488 501 489 
380 516 546 515 487 503 501 501 875 546 490 516 539 525 548 508 889 831 429 512 513 551 501 509 
253 352 544 471 500 510 514 520 468 356 638 445 503 516 518 501 457 442 653 523 515 521 521 489 
486 639 496 525 521 506 519 515 658 684 627 559 545 517 536 489 592 686 597 522 539 506 477 503 
521 640 487 474 496 499 531 508 689 525 689 536 527 516 518 502 601 563 470 551 504 514 532 515 
174 379 593 520 503 498 518 527 300 506 505 516 524 530 520 486 215 394 520 541 518 526 504 515 
229 427 556 488 501 539 508 506 568 432 531 506 502 501 513 528 572 540 496 504 502 524 474 493 
385 527 522 502 489 501 472 496 880 439 556 480 510 539 506 514 923 707 519 546 537 521 528 538 
284 447 465 505 472 510 509 480 708 402 476 533 522 525 507 528 751 637 518 531 523 495 538 523 
9 222 566 538 499 525 498 521 51 456 474 545 507 523 498 512 35 345 485 527 511 514 512 515 
1 170 562 531 495 522 531 516 6 470 382 512 515 521 545 492 4 311 464 551 506 514 498 516 
2 224 639 534 517 533 518 523 22 505 503 509 509 524 506 502 9 302 576 522 487 529 525 486 
41 312 567 638 461 500 498 495 120 312 467 609 492 573 511 552 137 336 457 657 499 494 457 492 
32 136 403 543 496 497 533 519 42 378 397 500 544 492 481 507 32 343 286 563 517 502 503 507 
0 89 405 492 498 488 506 527 10 274 383 516 525 491 531 498 1 238 381 540 534 502 506 508 
0 51 408 455 503 502 517 494 0 192 407 485 488 481 490 498 0 136 428 502 485 479 484 527 
0 24 304 426 515 509 501 522 0 85 307 434 490 511 518 501 0 54 311 464 509 509 508 528 
0 29 342 505 496 494 498 543 0 101 345 443 478 507 488 499 0 48 348 488 517 521 519 500 
0 37 327 345 486 509 522 502 0 170 272 350 399 480 501 496 0 99 291 362 561 493 508 520 
19 89 359 413 520 510 493 526 30 269 312 387 481 504 529 498 25 182 333 426 515 509 506 508 
118 241 529 504 495 532 472 512 243 482 533 511 523 508 528 512 250 469 547 553 492 506 513 514 
553 389 453 516 523 505 534 498 754 616 540 549 504 540 539 481 763 728 607 514 523 522 529 563 
549 524 411 544 522 522 520 518 704 549 594 523 527 499 496 490 708 557 628 547 507 546 533 535 
555 535 438 546 491 524 524 532 802 665 596 500 515 486 518 500 802 753 631 510 538 536 523 537 
435 281 626 510 535 491 507 507 502 711 486 529 499 526 523 521 503 776 498 518 528 544 507 506 
434 495 462 555 527 511 518 513 468 702 596 464 550 511 504 529 455 624 622 495 517 514 518 481 
502 539 415 487 508 518 494 519 530 816 527 459 485 527 500 512 519 733 513 456 508 490 514 528 
432 478 490 466 512 485 504 478 619 721 506 477 492 524 528 537 617 738 495 496 514 540 540 501 
167 263 722 518 512 509 513 518 349 707 423 490 493 526 503 516 376 833 402 500 535 544 509 531 
0 269 529 512 511 514 513 505 13 591 375 517 491 518 501 505 0 394 466 531 527 527 499 502 
32 348 512 503 533 523 496 510 62 630 484 538 522 501 514 511 40 467 477 541 517 519 503 494 
128 358 491 496 533 522 495 535 217 687 499 529 534 491 514 512 204 602 475 542 531 516 518 508 
447 222 596 497 484 534 504 487 608 582 510 532 503 525 495 498 614 706 585 504 544 517 540 514 
82 267 712 475 512 526 509 535 233 346 674 488 490 518 517 494 239 359 626 494 518 539 514 522 
73 142 803 447 513 491 532 508 112 212 776 458 492 517 505 516 113 179 739 423 509 497 545 510 
17 259 728 511 519 520 548 515 43 468 572 507 534 504 499 525 38 232 728 486 534 514 500 523 
203 452 565 513 514 493 511 529 381 622 553 531 548 521 478 509 361 603 499 531 510 496 517 534 
364 437 491 528 518 493 520 514 771 540 513 482 534 502 527 482 788 767 518 542 506 509 513 520 
564 242 702 487 504 504 520 495 581 140 756 452 539 514 500 503 483 207 538 506 511 504 521 533 
936 471 515 549 526 533 483 500 968 85 832 426 511 528 497 503 827 184 187 468 507 508 511 536 
127 368 624 519 511 515 518 520 200 642 579 488 541 522 486 511 112 533 446 510 509 502 493 469 
13 183 633 564 498 541 531 546 27 535 457 505 485 519 515 514 14 223 549 537 539 509 524 471 
120 208 439 543 504 532 524 498 236 241 449 559 513 489 548 508 237 244 409 497 550 513 510 513 
143 731 464 548 482 494 522 498 890 261 572 515 538 508 541 513 929 672 461 508 511 507 510 527 
43 205 476 527 493 495 521 522 204 185 499 579 525 540 528 516 229 230 583 481 509 490 511 509 
0 256 632 527 527 511 501 516 34 702 462 521 502 508 517 526 17 548 505 512 500 530 494 503 
14 250 665 525 538 532 511 530 72 634 496 523 535 494 533 531 42 481 557 528 522 500 499 508 
1 191 553 534 513 509 496 525 18 472 480 512 512 520 533 506 6 274 535 508 493 525 515 510 
36 124 813 632 534 393 582 507 40 287 636 525 509 460 496 486 35 140 689 607 502 464 526 536 
32 105 736 496 497 511 507 502 32 503 567 485 530 496 509 508 32 349 603 524 517 532 515 524 
0 84 577 526 499 498 509 526 1 297 508 537 506 519 499 511 0 177 557 572 495 499 476 485 
0 42 306 378 515 489 458 514 0 125 297 422 548 545 498 501 0 99 309 431 507 477 538 545 
0 29 252 424 473 491 480 516 0 98 267 373 468 509 514 504 0 70 262 405 527 499 525 512 
0 15 191 315 584 448 497 506 0 70 175 288 464 484 476 502 0 50 196 316 564 485 473 483 
0 23 246 334 532 486 487 494 3 112 231 330 506 523 540 542 0 78 245 347 603 491 520 522 
0 67 432 442 492 512 497 501 7 235 433 482 478 527 515 545 1 147 448 526 528 512 503 510 
0 38 291 492 511 508 538 526 0 95 286 503 525 513 529 516 0 84 310 556 543 521 526 507 
11 59 115 389 559 480 498 526 44 60 134 312 597 521 508 491 60 65 150 611 492 495 489 499 
34 31 59 493 533 524 508 501 50 39 65 326 633 480 500 498 52 44 104 631 491 561 520 508 
243 375 467 522 518 496 528 514 801 343 449 527 486 518 510 527 827 632 498 559 541 517 525 510 
628 213 462 559 520 505 539 500 796 663 378 519 527 521 537 483 810 757 583 592 541 508 552 533 
305 123 197 767 441 544 515 507 363 273 194 666 411 492 528 517 367 300 265 780 539 545 489 528 
616 198 469 571 521 523 539 499 666 622 428 556 525 525 516 520 666 659 585 583 528 536 527 532 
551 444 546 524 489 514 503 548 949 751 547 513 541 519 546 503 953 943 646 610 569 541 550 578 
643 367 543 505 508 529 495 499 858 805 550 514 502 524 511 546 863 887 661 555 551 576 538 548 
727 462 503 527 512 499 543 478 804 847 607 475 529 490 534 539 810 846 673 499 553 511 487 520 
826 507 409 489 510 543 464 524 927 810 622 459 509 519 515 514 924 850 640 501 526 527 532 537 
767 413 496 492 515 487 501 495 862 848 533 503 525 503 520 514 864 877 607 546 537 544 542 519 
500 238 578 487 499 508 509 506 635 779 487 520 527 544 531 490 656 837 585 576 550 552 555 538 
294 429 561 518 501 527 506 481 302 664 576 548 490 489 513 529 299 566 610 532 524 491 497 520 
461 549 467 495 511 526 516 530 498 693 639 447 531 500 504 475 492 571 712 447 534 498 491 493 
424 444 536 527 525 535 506 500 462 758 444 524 507 544 530 489 456 598 556 495 521 519 521 517 
389 463 533 517 548 520 496 488 569 628 471 460 517 509 562 520 456 673 497 482 527 501 512 527 
305 449 542 511 503 518 514 536 735 530 512 491 511 529 523 498 777 719 513 536 504 540 532 517 
391 368 524 504 493 523 540 495 423 202 685 579 531 492 504 506 378 188 502 589 521 522 519 514 
430 585 435 469 514 490 494 513 561 389 694 624 466 536 499 514 466 414 355 596 503 517 523 518 
258 468 516 543 535 523 517 520 431 631 544 523 485 494 536 517 340 618 471 538 544 513 500 497 
152 398 553 513 503 516 534 528 264 628 528 533 523 502 531 506 206 583 476 524 511 549 520 488 
143 248 551 515 534 509 483 521 245 503 444 492 488 510 512 514 226 446 485 525 502 522 534 522 
335 567 510 536 478 492 546 518 881 376 524 512 516 540 535 530 926 661 468 507 516 524 521 524 
41 205 593 490 505 516 512 496 155 432 572 456 529 511 514 514 158 413 653 435 485 514 498 480 
4 272 681 515 532 503 521 514 68 886 470 540 522 535 500 511 35 659 460 509 492 495 531 525 
0 127 819 581 526 533 528 540 3 885 300 553 520 477 520 523 0 370 624 537 476 499 489 531 
1 138 703 542 470 515 511 523 6 593 443 528 513 503 533 514 1 242 625 518 502 512 513 502 
50 672 342 258 260 746 281 490 45 841 260 793 244 340 614 576 45 718 309 245 232 741 575 432 
32 50 193 507 553 509 483 519 32 53 202 427 537 557 551 521 32 21 263 580 532 491 548 542 
0 9 168 524 524 498 493 528 0 14 154 430 503 493 525 536 0 14 163 512 523 517 475 510 
0 27 115 212 647 416 470 484 1 88 92 165 312 597 482 506 0 67 99 196 650 428 514 540 
0 107 462 385 541 502 488 496 3 357 404 392 479 503 487 513 0 238 421 403 555 486 524 513 
0 59 311 337 507 518 505 519 0 177 284 371 469 521 506 477 0 104 309 373 558 494 486 478 
0 250 364 414 484 490 529 492 49 488 409 408 492 514 500 502 11 411 303 462 573 490 481 507 
1 288 625 509 493 503 496 503 66 716 558 507 499 519 532 502 5 578 473 503 535 503 513 514 
0 62 469 481 539 512 506 518 1 228 451 437 522 509 506 515 0 123 466 467 542 522 547 498 
5 48 264 365 475 510 540 519 17 124 228 349 493 494 488 535 21 94 247 467 564 498 492 512 
88 167 366 473 531 493 507 519 183 301 419 486 541 531 508 515 192 322 454 517 519 508 509 486 
126 275 420 508 488 498 513 518 260 440 435 536 521 515 528 529 305 440 462 559 525 523 537 523 
20 152 159 644 341 480 481 509 178 124 179 460 554 556 508 501 215 190 197 726 386 502 507 509 
0 12 311 728 458 469 509 523 0 18 268 628 507 555 520 530 0 20 336 726 491 516 501 497 
21 36 61 407 625 526 502 499 23 63 46 264 672 533 505 506 23 59 105 604 474 460 521 496 
256 389 470 533 539 501 502 515 827 374 445 522 481 526 543 502 855 632 520 549 525 533 508 509 
506 255 502 562 507 491 520 509 744 565 498 534 500 519 541 514 770 680 636 597 596 515 509 543 
58 19 215 761 498 506 520 492 62 71 215 731 480 514 497 510 64 74 433 629 521 514 520 515 
286 182 634 583 550 489 513 511 344 646 492 470 504 511 547 536 340 651 558 497 528 506 536 521 
689 337 531 537 540 520 503 520 967 767 503 510 505 508 501 493 976 882 659 600 552 566 551 567 
668 356 546 511 467 522 507 536 985 826 518 489 482 526 523 483 993 914 739 629 559 579 564 578 
641 235 537 509 500 500 517 522 758 702 462 561 478 511 488 511 758 726 592 557 537 508 542 498 
631 311 472 546 511 507 535 529 704 591 504 564 521 494 542 525 704 561 569 562 543 537 524 521 
839 397 448 467 507 522 503 542 908 795 631 482 535 533 531 497 910 828 720 524 520 535 524 507 
674 364 576 529 483 499 498 531 893 779 508 537 501 508 533 520 899 864 624 561 561 550 519 518 
306 510 512 500 485 499 488 506 787 619 513 538 548 520 541 514 803 825 595 554 548 523 534 526 
417 351 557 500 511 507 503 527 461 608 635 491 481 520 518 505 460 587 627 506 522 525 510 512 
520 424 512 535 491 525 505 517 558 551 664 527 520 507 524 527 557 509 690 458 504 520 497 512 
602 414 513 536 506 525 530 525 650 644 555 522 503 512 508 515 654 593 586 527 492 511 492 500 
549 368 581 530 509 512 500 510 592 665 500 535 491 532 543 524 576 590 557 560 519 519 508 493 
455 327 553 504 541 510 509 513 577 596 521 519 523 546 499 510 577 587 556 516 538 547 489 504 
351 603 495 488 499 491 509 516 939 454 504 473 520 519 486 528 963 786 451 538 521 513 513 540 
18 123 715 519 534 523 538 540 63 358 634 508 520 517 500 515 70 356 621 501 488 519 515 487 
0 91 635 527 512 526 504 509 4 282 515 562 521 508 493 504 1 147 491 550 522 516 498 498 
0 100 766 532 528 505 505 493 8 647 406 524 515 532 520 530 6 193 724 529 502 502 518 536 
8 192 655 503 500 498 474 528 86 655 458 544 511 496 538 504 64 370 574 527 500 513 536 516 
85 698 303 484 569 572 587 528 124 889 764 485 552 556 454 548 105 813 513 539 499 491 563 474 
32 70 110 522 500 539 534 492 32 73 103 407 526 491 532 522 33 54 162 595 501 497 517 517 
0 0 29 386 580 511 519 504 0 0 25 189 490 499 492 493 0 0 30 351 505 509 548 525 
0 2 11 69 526 579 499 494 0 4 10 36 178 451 499 485 0 3 10 78 372 592 485 538 
1 95 321 445 509 510 517 479 6 177 303 396 463 501 532 491 2 130 296 436 476 528 518 496 
0 16 210 419 489 520 515 493 0 55 212 386 449 486 493 497 0 40 197 388 486 510 515 494 
0 93 415 408 501 494 501 506 3 291 352 426 469 491 513 495 0 172 398 437 516 519 515 509 
0 50 477 522 520 530 524 514 0 138 496 507 488 481 502 496 0 74 466 535 510 498 509 535 
0 0 82 529 555 523 494 503 0 1 56 320 482 514 534 535 0 0 68 459 589 511 483 523 
0 1 74 109 689 420 544 519 0 4 78 91 194 532 507 472 0 0 79 99 450 606 492 523 
0 70 336 454 516 483 531 505 7 204 299 415 514 479 524 504 3 141 324 481 529 528 501 509 
82 328 477 482 488 525 490 500 235 402 531 502 518 494 500 531 258 362 535 531 529 516 516 532 
96 196 682 525 509 497 549 502 163 347 574 560 514 513 504 527 169 336 606 515 503 536 528 527 
48 132 521 523 553 525 514 494 57 176 504 501 524 500 524 526 54 133 519 532 512 528 527 512 
0 66 259 580 480 485 544 514 1 91 225 362 614 523 526 522 0 58 223 540 553 511 483 515 
168 306 347 512 504 506 515 516 386 415 386 540 511 491 497 518 451 425 425 579 510 511 548 493 
45 144 366 613 503 508 509 485 133 200 403 637 484 494 517 527 176 209 503 562 537 550 512 520 
0 5 696 500 514 499 489 508 0 80 641 578 515 520 532 513 0 114 680 607 506 529 509 529 
5 134 700 643 497 496 528 509 12 567 332 562 478 526 499 509 2 480 357 545 520 524 511 531 
291 374 556 556 516 476 491 525 552 602 466 505 509 502 522 527 552 694 441 514 537 557 546 519 
346 395 502 494 486 480 498 494 748 526 465 550 527 517 521 494 776 681 576 567 539 540 523 574 
22 8 103 801 407 513 502 496 28 30 110 592 483 494 526 514 31 36 190 801 425 500 510 516 
446 409 449 546 525 493 516 509 524 390 555 589 500 530 498 523 494 349 507 529 523 502 523 520 
410 468 503 514 498 510 489 495 701 507 492 503 520 535 545 524 676 554 488 523 516 504 485 541 
451 435 465 492 521 504 504 517 864 618 463 541 504 510 557 525 898 758 536 526 532 559 519 537 
247 554 467 480 493 508 493 502 855 533 502 480 515 483 492 511 931 726 547 544 552 524 522 494 
645 252 448 513 508 510 521 495 855 671 429 537 513 521 494 500 864 797 576 587 556 527 531 509 
514 282 477 496 486 535 526 505 661 642 492 514 513 514 523 510 661 661 587 562 532 552 504 530 
468 386 546 526 493 510 484 525 755 533 541 512 509 520 528 526 763 593 536 533 515 517 537 542 
582 380 505 497 541 474 495 521 854 559 590 445 509 514 508 530 864 660 606 506 536 498 496 539 
618 317 598 508 478 485 533 523 856 661 491 483 498 515 511 499 867 766 569 538 496 536 512 522 
347 472 463 508 543 516 477 500 847 494 564 488 478 521 520 506 875 716 603 530 534 527 529 502 
365 323 612 484 509 519 525 492 485 535 449 516 532 531 507 493 511 521 476 547 492 538 522 507 
485 383 578 500 516 517 514 483 579 532 485 495 509 529 525 505 595 523 544 505 545 488 494 545 
229 357 540 511 496 515 513 523 412 548 483 528 502 520 541 528 370 575 531 513 516 537 512 491 
1 165 602 525 487 509 514 512 31 582 480 491 501 481 520 524 18 423 542 520 486 499 522 489 
93 654 336 289 792 593 576 442 93 762 287 693 489 531 606 437 93 711 294 599 517 516 595 551 
32 62 49 283 489 527 532 506 32 62 44 181 417 454 493 516 32 42 71 348 479 534 517 505 
0 0 9 79 412 630 473 492 0 0 4 36 169 338 427 466 0 0 11 94 491 592 536 531 
0 0 0 31 240 661 545 496 0 0 0 12 46 155 395 477 0 0 0 17 87 486 560 526 
0 0 2 18 157 686 526 525 0 0 1 9 38 160 423 436 0 0 1 17 80 501 531 503 
0 4 15 93 216 637 518 517 0 6 23 60 101 155 283 404 0 6 22 74 125 326 662 485 
0 5 48 124 269 559 542 505 0 2 41 104 176 282 367 430 0 3 44 119 230 443 560 522 
0 5 97 237 460 531 493 470 0 7 95 185 279 404 437 487 0 6 94 209 372 472 531 527 
0 1 39 228 684 497 481 518 0 0 23 124 320 503 509 488 0 1 27 162 452 548 497 506 
0 0 0 13 331 650 532 503 0 0 0 3 70 318 457 450 0 0 0 11 433 574 539 521 
0 2 51 98 460 528 510 523 0 4 46 77 194 364 458 455 0 4 50 92 371 630 531 530 
20 120 506 480 522 536 519 538 38 264 431 501 501 503 531 484 36 200 481 561 533 510 542 494 
318 415 600 526 502 522 490 508 386 723 479 531 494 524 516 513 380 664 483 529 535 512 552 508 
23 98 728 566 490 499 508 513 31 356 497 568 519 516 529 503 27 179 648 652 468 510 524 498 
83 88 620 364 603 496 533 507 87 194 548 447 462 552 523 503 87 140 592 446 593 563 514 517 
311 351 470 500 523 520 510 510 522 455 461 500 560 495 514 529 537 443 490 551 547 512 531 541 
149 299 653 531 503 493 502 519 323 598 474 501 499 513 518 539 318 597 494 526 528 517 510 493 
29 314 636 481 520 501 530 510 91 646 544 504 519 529 499 528 60 559 494 554 496 488 497 531 
62 185 462 537 494 509 519 517 101 261 434 559 527 562 504 519 92 199 435 522 499 517 526 506 
286 330 369 530 504 524 514 480 501 421 421 511 536 548 500 529 522 428 460 590 535 543 553 524 
39 228 317 614 531 506 483 477 252 242 375 633 503 492 502 538 330 246 467 576 545 492 517 520 
0 1 580 547 514 525 486 502 0 51 524 727 492 505 514 519 0 28 609 731 503 527 503 508 
0 44 197 332 636 489 507 527 0 58 187 281 442 521 498 508 0 46 177 287 572 529 521 512 
0 87 316 509 526 527 503 511 0 107 271 414 475 499 497 489 0 61 270 436 558 499 514 532 
275 376 407 504 486 495 519 505 612 389 414 514 501 504 480 507 633 476 437 550 507 529 517 492 
119 459 391 470 504 504 478 496 641 336 510 498 537 519 492 510 712 521 473 522 512 519 535 531 
20 27 32 417 553 499 511 520 45 42 31 279 551 511 497 479 47 55 68 522 566 514 502 525 
130 156 245 353 531 485 527 500 217 187 275 335 373 467 494 477 214 194 287 345 455 553 520 508 
83 173 344 489 494 512 514 515 179 277 340 391 418 449 511 471 172 247 353 403 468 523 509 501 
138 218 243 393 524 462 504 480 340 165 237 337 380 430 482 493 347 235 250 370 471 513 506 516 
383 495 505 480 534 501 504 511 895 540 471 505 498 525 511 492 953 674 563 531 532 533 554 524 
374 513 515 509 512 519 495 516 876 520 492 505 515 515 526 494 939 662 506 516 525 516 506 517 
246 536 502 519 520 493 496 492 713 347 536 521 508 541 513 518 751 416 552 498 528 506 500 522 
80 303 531 476 507 486 501 490 272 549 488 488 529 500 513 517 315 495 490 498 478 496 525 487 
5 102 548 502 535 504 514 522 30 401 509 529 523 499 524 512 25 281 551 535 490 500 512 512 
0 48 553 452 506 500 523 512 0 246 501 493 499 485 497 515 0 101 546 453 476 520 501 523 
121 690 402 811 724 545 547 420 127 825 750 387 546 473 530 551 123 755 555 637 616 452 497 503 
40 55 32 115 651 535 473 538 40 56 30 39 335 550 511 495 40 36 51 157 627 480 507 521 
0 3 28 262 554 530 499 506 0 4 20 140 388 465 475 455 0 7 37 270 530 516 490 536 
0 1 51 240 545 522 537 504 0 3 43 159 309 440 477 474 0 3 45 212 419 512 512 519 
0 2 26 137 479 534 531 457 0 6 28 58 253 374 474 499 0 5 29 80 348 522 501 532 
0 69 244 339 391 480 448 444 0 163 274 379 432 441 477 480 0 124 258 357 426 517 475 524 
0 3 48 147 435 547 524 506 0 3 40 98 241 386 408 427 0 3 48 115 331 484 533 520 
0 2 127 174 526 493 492 527 0 1 119 118 256 387 458 459 0 1 115 150 341 531 498 517 
0 2 228 173 594 485 486 531 0 1 236 137 345 462 478 478 0 2 230 131 445 547 518 503 
0 0 308 118 482 552 517 500 0 4 310 192 273 413 499 495 0 0 316 145 427 539 508 527 
0 0 707 263 564 524 508 508 0 42 675 587 485 494 501 528 0 4 709 487 464 522 520 524 
0 0 1022 431 537 529 502 528 0 493 531 530 526 507 529 497 0 209 815 698 476 521 509 519 
0 15 989 551 487 517 499 504 0 586 450 482 564 492 541 513 0 351 678 631 524 521 521 516 
54 109 904 593 507 505 501 486 69 610 468 481 513 485 509 514 65 297 765 730 580 526 515 529 
513 510 573 529 496 534 511 506 622 627 608 593 555 520 568 528 611 592 625 605 539 538 543 498 
240 375 572 506 502 498 548 509 440 623 511 512 517 514 514 479 395 565 526 506 502 486 492 519 
223 480 545 503 501 536 525 538 589 570 549 512 505 528 519 506 481 624 529 508 532 518 526 504 
49 311 660 510 504 486 495 526 264 741 568 524 502 508 503 505 147 772 461 509 489 521 535 569 
528 542 559 510 496 526 512 512 725 738 635 568 563 568 528 542 678 743 592 572 537 533 540 575 
405 501 525 493 521 499 520 491 629 685 623 583 527 559 541 526 609 718 613 586 544 558 567 552 
72 322 642 506 476 510 504 505 312 573 613 505 547 518 522 523 267 578 516 508 497 525 518 501 
2 229 703 501 490 539 509 498 134 595 630 550 535 515 505 493 19 593 552 500 507 496 500 528 
113 279 361 461 538 500 503 517 187 421 369 446 505 522 524 483 154 375 359 451 526 521 514 503 
140 258 318 480 565 506 528 498 188 393 353 448 505 510 517 535 170 349 311 457 556 495 500 497 
337 244 421 501 512 532 516 495 445 502 424 472 527 468 496 501 448 497 420 517 574 510 543 563 
64 215 319 516 499 484 506 481 220 251 352 459 538 483 522 474 263 258 414 625 472 502 567 538 
0 1 264 483 524 479 533 531 0 1 192 436 493 496 494 502 0 1 240 529 502 508 514 501 
0 8 53 182 373 647 524 532 0 34 50 131 187 275 473 463 0 29 42 165 214 506 546 475 
0 73 287 389 479 479 512 514 6 273 238 340 364 435 467 494 3 194 260 368 415 513 551 495 
0 78 292 297 532 499 503 486 6 331 268 277 305 376 446 458 3 276 264 300 357 509 497 519 
7 191 516 498 490 490 527 487 149 490 499 514 536 477 505 513 171 415 506 517 539 512 525 487 
13 190 582 525 473 503 526 501 161 542 496 490 529 507 532 542 183 445 537 526 508 513 524 527 
14 132 626 501 505 527 491 506 58 472 527 517 521 511 505 496 59 369 575 545 517 526 507 515 
1 170 507 477 487 487 493 503 89 454 506 518 528 517 535 526 79 367 541 518 543 526 528 520 
2 152 482 496 488 460 501 481 80 569 495 504 519 521 478 529 51 496 513 526 516 521 479 507 
2 157 456 462 494 456 498 482 51 469 463 480 512 529 505 524 32 375 456 490 536 518 489 477 
150 744 854 299 658 399 510 471 580 481 406 403 400 407 495 542 160 854 828 823 777 470 547 465 
64 32 33 194 686 512 527 522 64 31 26 123 434 564 478 477 64 9 43 300 597 498 525 499 
0 6 67 227 588 510 492 493 0 27 62 138 361 523 490 508 0 16 76 241 643 457 497 512 
0 0 98 251 564 519 521 512 0 2 99 175 304 453 473 484 0 2 91 203 419 569 502 504 
0 1 377 255 485 518 526 509 0 0 457 136 353 468 483 496 0 1 443 161 373 512 498 518 
1 18 640 157 481 520 519 486 1 23 689 314 406 451 479 464 1 25 677 186 478 527 514 521 
0 0 750 208 448 522 515 482 0 0 797 266 611 525 497 533 0 0 776 191 514 541 530 539 
0 0 984 152 556 524 476 514 0 1 1015 423 537 495 502 484 0 1 996 159 546 529 519 503 
0 0 1019 263 634 503 499 523 0 9 1015 658 508 517 503 498 0 0 1023 380 581 493 539 530 
0 2 1018 390 535 531 516 498 0 333 691 632 492 512 512 501 0 126 897 644 523 515 502 514 
0 0 1023 465 540 521 546 521 0 425 599 605 551 504 502 510 0 91 933 845 442 520 483 510 
0 8 1015 521 525 536 528 526 0 721 306 427 553 499 514 506 0 467 560 615 477 521 519 523 
115 257 774 502 504 504 519 504 193 744 498 457 530 504 530 512 148 633 521 540 498 529 527 524 
55 270 653 520 506 491 492 506 138 707 517 491 513 521 530 529 103 546 487 534 480 509 497 493 
415 537 515 535 487 525 481 540 659 624 551 539 506 482 518 540 583 626 512 542 503 515 506 499 
647 475 531 518 503 528 506 505 797 711 558 561 503 544 523 519 747 709 521 527 502 487 502 491 
609 497 530 509 535 510 493 520 786 717 552 515 507 528 512 503 747 711 503 532 517 513 524 514 
399 448 512 511 526 513 520 507 621 617 535 512 522 512 516 492 598 602 514 503 503 510 541 529 
248 421 580 518 510 513 503 508 689 555 530 532 535 540 502 528 563 665 523 521 533 510 521 491 
307 423 554 543 536 487 527 501 709 575 537 548 539 551 550 530 640 665 515 534 514 523 515 512 
22 374 625 517 524 509 541 504 376 663 559 490 525 505 527 518 225 733 462 544 505 514 497 493 
152 350 622 534 496 483 528 502 347 747 570 563 480 537 540 485 268 729 474 491 513 479 508 516 
14 286 576 487 503 507 528 525 177 665 525 512 542 503 501 534 94 637 530 522 516 507 498 531 
97 304 610 492 502 524 533 493 245 676 510 511 515 486 508 507 190 607 498 520 532 499 519 520 
124 237 632 492 516 508 494 528 220 736 551 507 515 488 510 563 187 626 509 539 520 494 518 547 
22 206 639 507 499 505 511 514 134 667 522 520 505 516 509 529 119 570 465 508 510 500 533 543 
33 191 401 470 496 514 516 486 127 420 383 419 537 535 512 531 79 391 384 430 553 515 525 504 
0 175 509 492 500 493 530 500 46 610 486 513 507 481 510 503 6 498 478 534 484 510 491 518 
0 120 526 492 515 512 493 488 11 466 506 503 503 518 540 492 2 320 500 542 522 493 522 504 
1 141 473 459 483 485 545 508 24 436 449 507 529 497 519 512 9 317 444 499 522 504 506 510 
0 135 537 492 493 518 503 498 22 532 479 485 513 497 527 521 8 375 497 543 514 486 490 523 
0 147 534 510 484 523 503 489 51 573 492 513 490 508 503 511 26 428 536 493 533 511 505 517 
0 104 640 492 516 493 497 481 5 610 464 517 496 521 504 499 0 322 554 521 524 537 514 513 
1 132 502 480 493 501 478 501 23 508 490 506 521 505 518 504 12 358 502 534 495 524 532 516 
4 144 476 465 470 522 480 514 17 393 515 548 502 510 490 513 7 296 489 538 507 505 506 501 
2 81 320 389 494 499 477 503 9 180 330 441 485 529 485 514 7 137 328 440 473 541 503 514 
161 690 807 337 317 421 650 662 160 687 785 350 313 558 556 449 160 681 785 331 317 312 362 692 
64 37 98 493 627 513 500 494 64 38 135 418 524 514 504 502 64 12 205 490 615 511 543 508 
0 0 520 362 503 516 516 528 0 0 687 209 502 497 528 506 0 0 707 192 503 494 507 482 
0 0 758 274 430 484 533 502 0 0 905 147 411 520 515 521 0 0 873 169 397 498 545 535 
0 0 774 261 413 510 500 514 0 0 905 147 430 524 527 524 0 0 844 192 378 503 509 507 
0 0 936 134 510 512 522 498 0 0 1024 399 555 508 504 526 0 0 1013 153 611 484 506 495 
0 0 969 103 503 506 521 504 0 11 1009 462 577 501 511 506 0 0 1008 223 573 520 502 506 
0 0 1015 264 638 511 521 519 0 123 901 867 582 518 510 501 0 4 1020 774 377 507 500 473 
0 90 935 533 545 522 527 529 0 400 649 742 514 529 506 516 0 95 929 723 484 498 509 531 
0 33 991 593 475 491 528 520 0 888 151 289 501 521 505 506 0 544 480 485 494 523 528 509 
0 341 681 632 477 527 514 527 39 981 437 504 480 506 500 525 0 854 198 423 518 481 525 526 
35 218 768 659 500 494 534 530 168 854 407 552 523 524 525 492 88 876 311 489 519 519 500 514 
215 374 535 503 516 493 501 512 355 675 579 561 528 508 482 520 304 657 550 537 528 513 527 533 
152 288 568 514 505 526 501 549 243 641 504 512 499 508 518 471 213 574 507 507 501 521 515 505 
29 196 674 514 513 521 516 521 127 755 539 519 502 512 528 504 68 674 497 513 533 513 488 524 
30 169 513 526 534 524 513 499 92 536 460 525 494 521 489 542 78 459 453 508 517 494 504 517 
412 399 526 535 487 493 500 514 612 624 531 537 531 502 520 519 576 621 521 509 535 532 514 511 
67 316 626 553 500 524 502 524 280 688 569 531 512 532 518 504 162 689 533 531 480 508 502 512 
51 307 700 507 533 518 535 512 263 769 593 490 503 497 516 511 172 735 421 506 501 523 543 484 
272 404 603 526 501 538 515 499 506 740 589 563 524 532 511 505 428 759 539 557 518 502 527 558 
49 218 651 538 499 515 501 515 207 708 502 518 502 507 494 518 155 613 478 512 522 504 513 523 
1 181 643 497 488 473 509 507 45 722 551 498 507 521 510 509 7 635 435 515 530 514 553 523 
3 144 569 521 519 504 517 500 67 486 518 507 519 524 518 526 40 393 522 513 512 531 526 505 
7 217 445 477 479 476 530 517 102 524 495 521 497 504 513 530 47 467 487 497 480 543 498 506 
3 208 528 498 514 526 508 476 88 624 518 483 541 526 496 508 23 510 520 545 523 511 509 494 
0 143 512 508 507 491 526 498 33 560 525 513 535 492 500 505 5 440 508 529 519 518 523 495 
0 202 509 506 528 500 515 506 65 649 519 550 519 509 514 506 15 566 522 514 502 493 513 495 
1 144 512 479 475 510 515 519 23 544 496 504 542 534 509 507 10 389 478 509 529 529 511 514 
0 129 472 462 478 513 498 467 18 450 434 497 504 501 477 499 5 272 463 490 488 511 518 511 
0 139 439 451 463 479 460 497 32 386 435 509 480 514 518 484 13 325 420 495 496 497 541 531 
1 123 440 416 474 460 498 498 19 467 399 469 483 517 495 499 10 387 394 477 479 506 501 528 
0 103 406 471 491 513 525 503 5 307 456 528 498 494 531 472 1 227 406 493 509 494 489 527 
0 92 389 448 463 484 479 472 6 348 392 489 501 503 500 498 2 240 330 441 483 482 470 504 
0 144 493 490 511 483 486 512 16 522 491 504 517 498 535 534 3 376 482 510 513 517 487 492 
0 65 259 394 458 503 511 502 3 146 294 393 461 471 479 486 3 99 288 399 484 486 484 506 
2 42 211 377 471 521 500 492 4 74 217 368 447 464 487 490 4 60 208 358 434 466 475 453 
174 741 841 522 613 559 510 505 176 770 832 725 437 608 500 503 175 754 831 603 535 532 595 543 
64 45 266 794 675 507 540 486 64 56 434 601 548 510 495 500 64 44 576 485 490 512 537 521 
0 0 782 242 323 525 515 529 0 0 957 78 507 500 492 523 0 0 979 56 543 506 466 497 
0 0 748 284 388 514 529 496 0 0 931 130 437 495 512 525 0 0 937 118 435 506 494 543 
0 10 902 204 504 496 508 501 0 74 948 377 525 524 502 513 0 34 960 287 547 516 531 515 
0 4 948 190 514 523 513 521 0 119 932 672 478 499 494 526 0 67 955 409 566 522 523 519 
0 79 854 370 545 528 497 477 17 485 671 658 515 491 525 489 3 351 724 531 528 523 482 511 
0 94 699 478 512 493 491 531 9 642 487 522 498 490 476 513 1 457 491 552 513 476 493 493 
0 323 435 470 514 511 500 510 0 605 456 444 506 495 517 505 0 433 328 433 535 510 516 517 
0 101 849 532 531 505 515 511 0 827 354 446 511 530 526 484 0 540 485 504 503 525 518 530 
0 179 694 543 499 512 501 508 39 830 532 522 535 479 542 546 11 655 393 477 496 535 529 522 
0 167 568 487 491 510 510 520 76 635 559 505 491 529 533 525 10 585 524 497 507 496 531 500 
0 114 381 450 481 515 475 506 3 361 442 493 518 518 501 494 0 309 407 493 513 525 489 499 
0 96 452 447 523 480 490 493 1 374 412 512 504 516 528 517 0 289 422 502 519 523 538 504 
0 87 424 454 496 495 496 477 4 354 373 462 521 506 527 511 2 264 354 526 516 507 509 513 
4 140 425 486 517 503 502 529 44 363 428 481 526 522 504 513 40 331 430 521 499 510 489 535 
11 186 443 448 529 500 520 518 108 409 453 519 509 512 485 515 82 387 455 501 551 471 519 489 
0 208 652 505 504 502 492 535 77 787 544 528 493 507 504 499 11 710 450 487 510 521 527 509 
0 178 671 532 490 463 491 514 61 757 545 494 492 509 501 534 1 650 451 540 498 506 498 502 
0 92 510 502 539 516 532 515 2 433 444 550 501 498 521 508 0 326 444 502 505 488 509 521 
0 55 307 429 528 536 484 507 3 171 304 436 467 534 490 501 0 120 308 436 539 512 509 527 
0 91 523 520 472 499 510 524 30 310 471 552 526 528 536 512 5 271 466 556 502 509 499 514 
4 267 506 510 504 509 499 503 201 560 504 510 510 520 502 485 77 567 501 476 529 524 526 512 
7 273 572 488 489 480 490 487 105 748 512 518 535 519 501 491 38 642 489 494 522 505 522 529 
2 235 458 482 517 518 495 498 84 559 524 529 512 517 540 501 33 437 509 528 516 519 499 486 
1 262 504 471 497 503 472 514 175 609 517 520 519 518 514 536 55 603 528 519 518 496 518 487 
1 248 505 488 521 489 518 526 122 654 545 533 525 507 524 509 44 609 481 501 539 533 522 521 
8 191 491 478 488 494 498 467 64 521 515 535 527 519 497 530 37 407 487 528 507 520 486 523 
2 196 524 489 512 496 508 508 85 548 511 525 504 548 511 527 57 458 475 543 504 529 540 501 
0 124 435 477 481 461 511 462 16 337 444 485 498 500 526 522 8 257 442 478 488 512 480 519 
0 49 483 413 451 498 495 488 10 185 502 450 506 485 482 504 7 97 505 468 468 492 486 515 
0 110 516 490 480 474 468 484 12 459 514 512 469 513 511 480 0 302 434 543 519 508 542 531 
0 143 539 480 486 494 493 494 19 562 466 493 515 477 514 497 3 376 471 507 491 517 523 515 
2 111 432 488 485 497 487 479 18 312 461 504 513 524 503 469 9 244 450 522 497 520 501 512 
0 72 305 421 475 488 494 516 5 158 325 431 458 480 481 507 3 118 322 420 463 496 498 527 
2 158 426 439 460 500 483 491 24 403 441 503 512 487 499 515 10 303 445 482 486 509 473 517 
194 756 837 724 403 653 510 518 196 771 836 765 608 536 533 532 196 764 835 704 583 634 568 469 
80 18 360 734 578 541 511 492 84 58 614 444 493 533 534 483 82 29 717 384 503 468 476 513 
0 12 921 185 421 525 503 503 0 117 908 359 566 504 522 502 0 54 963 257 573 471 500 519 
0 17 749 403 453 521 539 484 0 267 770 325 538 533 524 534 0 122 862 302 503 518 524 512 
0 36 762 483 518 511 496 490 1 604 481 530 543 513 510 527 0 300 611 476 536 545 516 540 
0 44 581 552 514 505 509 510 11 498 414 526 515 509 526 511 2 261 501 519 495 522 519 471 
0 40 370 456 520 510 505 540 0 210 380 452 454 506 500 494 0 97 385 512 494 521 522 508 
0 36 239 389 529 476 526 510 1 99 263 375 404 505 499 498 0 68 266 404 471 494 523 517 
0 40 353 394 527 511 485 477 4 229 303 383 450 505 486 484 2 127 352 413 480 497 491 492 
20 71 566 476 506 515 507 525 35 395 501 526 515 501 512 513 34 209 528 511 505 501 513 507 
0 68 495 489 530 508 478 502 17 437 465 504 489 513 513 535 1 324 464 503 503 502 496 539 
0 74 468 518 506 490 506 494 6 345 468 503 507 486 497 513 3 249 471 534 519 507 510 478 
0 31 151 335 552 482 492 513 3 70 183 292 432 509 488 497 2 57 202 357 550 501 520 497 
0 91 407 460 481 490 496 499 13 384 364 442 494 504 477 488 1 295 370 453 515 508 502 518 
0 78 513 489 483 490 504 492 9 453 398 490 509 536 506 506 1 359 422 470 540 493 510 519 
0 47 361 368 445 473 485 494 1 217 297 390 472 495 483 482 1 164 315 413 485 492 485 493 
0 65 307 323 496 421 471 460 1 255 278 321 374 483 486 500 0 171 266 325 480 522 516 547 
0 169 605 510 512 528 522 506 4 633 505 495 513 528 515 524 0 390 542 525 511 503 495 508 
0 166 592 518 526 503 514 515 13 552 558 522 512 496 541 499 0 421 519 519 485 499 521 513 
0 179 500 495 487 482 513 530 37 551 472 521 509 527 529 502 15 463 428 513 536 533 500 511 
0 125 463 474 483 514 504 494 20 390 447 518 487 529 541 525 4 312 444 511 500 518 508 533 
5 152 428 501 493 513 498 478 71 420 475 560 517 510 496 495 29 386 438 503 500 500 514 511 
2 135 420 468 493 496 499 502 37 351 438 498 504 508 522 521 18 273 428 496 527 528 526 519 
2 179 461 455 486 501 474 478 43 467 524 480 520 510 525 510 16 382 471 523 493 514 523 525 
1 169 357 442 468 476 488 477 38 406 443 507 504 533 519 496 14 336 421 520 510 525 509 510 
1 205 465 485 466 490 517 489 101 478 517 538 516 521 511 523 47 424 448 514 540 512 517 497 
5 146 364 487 512 506 483 498 63 359 442 502 515 502 502 520 26 268 438 512 527 520 504 513 
2 195 457 444 485 483 467 478 77 517 483 526 496 497 528 513 42 400 495 489 481 511 538 515 
0 144 371 425 445 481 492 502 35 327 439 490 478 503 496 551 26 271 450 481 499 510 511 504 
1 264 525 477 458 534 514 513 159 711 521 510 504 498 523 514 97 712 515 500 522 516 495 503 
0 159 483 504 521 501 523 515 72 552 446 500 506 517 503 484 30 497 448 522 522 506 516 518 
1 151 461 510 495 486 510 539 42 523 458 515 482 527 507 480 11 405 421 495 505 501 526 504 
0 104 453 456 513 500 510 498 9 314 470 531 498 498 520 507 3 196 487 512 498 496 524 487 
0 151 428 489 498 510 491 510 31 368 514 484 503 522 515 523 12 295 497 501 501 511 495 478 
0 144 403 486 489 476 488 488 21 362 481 521 470 505 507 514 10 293 456 505 489 515 493 485 
0 147 428 502 508 522 493 517 16 432 405 481 487 487 528 522 11 340 419 477 503 501 516 506 
328 635 670 715 534 626 585 608 428 554 570 613 618 552 550 475 427 551 567 626 511 614 558 510 
96 6 472 584 494 513 509 496 96 176 666 501 519 504 490 529 96 59 669 554 531 498 545 495 
0 11 645 490 485 519 538 500 0 347 564 513 521 521 508 525 0 119 697 540 504 524 502 516 
0 42 712 503 507 523 492 520 2 570 485 523 508 486 490 509 0 261 629 521 512 528 520 518 
0 19 520 499 534 513 501 484 0 332 442 521 499 506 509 529 0 117 511 512 526 519 510 497 
0 2 213 387 524 522 511 517 0 24 243 388 430 491 494 494 0 2 221 397 484 494 521 521 
0 2 95 341 485 499 507 501 0 9 96 259 387 472 500 458 0 5 89 302 490 512 521 504 
0 21 243 352 468 517 513 482 0 74 264 334 414 457 486 477 0 45 265 362 462 524 492 515 
0 16 272 345 508 483 508 458 0 132 258 348 413 489 488 504 0 36 302 356 467 517 511 518 
0 24 368 466 525 497 506 487 0 173 376 485 486 482 500 503 0 67 382 471 553 497 509 503 
0 52 350 424 495 466 518 511 9 262 319 457 495 537 510 494 1 200 297 485 498 480 524 508 
0 103 506 500 509 477 502 505 18 625 424 500 498 520 513 524 3 470 386 487 482 499 525 510 
0 107 545 480 488 505 495 501 25 563 448 505 507 507 484 503 3 436 438 500 514 506 494 544 
0 120 594 497 506 495 494 491 22 609 471 487 533 512 529 511 1 480 462 519 519 535 513 522 
0 76 411 450 462 473 505 491 1 314 407 487 520 499 516 531 0 245 403 513 513 539 498 502 
1 90 339 456 480 466 494 477 23 263 362 503 460 480 503 507 10 238 372 491 495 530 508 545 
0 173 471 481 484 525 493 506 87 542 478 509 498 526 503 546 24 481 454 528 547 506 506 540 
0 203 576 496 520 514 520 513 23 666 533 511 519 511 511 503 1 485 473 530 520 517 518 515 
0 96 569 524 515 497 492 508 0 399 476 520 524 515 509 522 0 243 513 552 511 519 499 505 
0 23 292 458 488 518 508 512 0 127 232 415 512 535 516 480 0 66 266 467 521 507 527 502 
0 28 349 421 484 515 487 477 0 119 370 419 448 492 508 504 0 62 372 448 473 480 499 526 
1 102 339 444 505 488 481 523 10 245 367 482 490 507 499 527 7 199 340 465 470 488 487 527 
3 97 417 481 490 519 485 502 16 269 438 513 506 469 525 521 9 197 425 527 495 497 510 504 
1 122 357 455 469 497 460 502 23 322 355 505 533 484 507 507 9 241 365 508 495 510 499 534 
5 140 352 450 450 500 493 455 38 317 406 491 496 546 510 488 17 243 392 460 502 526 512 504 
0 142 367 416 480 504 483 486 24 347 446 456 501 505 515 511 6 284 407 472 523 487 519 481 
3 111 207 341 441 474 472 458 21 204 257 351 446 464 497 511 10 181 231 392 502 564 475 510 
1 74 209 337 516 499 484 500 15 175 252 348 388 468 505 469 5 137 231 335 450 495 477 493 
1 154 360 428 477 500 490 467 38 397 432 495 505 496 483 499 15 329 415 497 473 488 469 496 
0 170 454 500 495 496 488 512 36 520 502 538 518 529 534 541 16 442 470 497 505 510 524 517 
1 159 544 482 504 524 501 498 28 594 512 507 541 509 505 520 7 433 527 493 498 500 511 519 
0 141 503 468 499 495 484 517 18 495 497 523 502 523 503 496 2 355 507 516 516 510 522 470 
1 141 468 463 481 510 488 478 10 409 509 522 495 527 509 540 4 278 500 554 480 496 508 498 
1 200 540 509 475 521 506 475 42 648 501 530 492 535 499 509 22 534 508 507 498 540 511 502 
0 153 537 523 506 507 499 504 28 509 552 536 474 522 546 529 17 410 531 513 495 480 521 514 
2 120 513 488 488 516 502 491 9 336 477 519 512 528 534 555 9 251 446 517 483 491 502 508 
736 289 369 356 356 607 600 518 744 382 377 626 617 546 562 523 739 363 350 475 696 558 556 497 
96 16 325 557 525 476 513 522 96 67 480 577 556 525 543 523 96 27 463 637 506 496 515 500 
0 8 454 471 514 509 505 494 0 155 542 511 491 503 501 520 0 48 584 535 473 484 508 523 
0 33 541 494 487 488 497 541 0 309 533 525 529 535 510 495 0 105 594 522 545 521 539 537 
0 16 548 503 518 531 505 512 0 265 548 531 522 501 539 477 0 71 618 550 475 544 501 516 
0 11 426 446 500 495 496 507 0 149 433 481 458 483 465 485 0 53 473 473 528 489 501 518 
0 23 154 238 481 504 495 536 0 92 145 232 295 404 503 480 0 64 152 256 359 556 510 474 
0 36 289 220 324 563 458 501 0 292 198 217 282 365 461 481 0 191 204 226 301 515 532 529 
0 44 346 393 447 484 443 504 1 287 383 387 450 496 486 495 0 211 355 384 443 482 499 506 
0 78 567 493 502 513 534 499 13 507 489 522 503 497 498 508 6 336 522 520 510 490 511 516 
0 63 575 486 496 489 484 490 4 532 478 533 498 501 507 536 2 354 500 520 522 503 496 511 
0 74 531 495 485 494 516 511 3 399 501 527 501 490 498 507 2 258 503 541 520 531 525 506 
0 52 561 496 497 506 483 524 6 478 478 494 525 516 503 507 3 332 459 557 503 538 511 519 
0 57 431 492 463 497 490 489 5 250 451 525 529 493 499 498 2 169 461 548 536 554 506 534 
0 60 403 503 497 500 515 491 16 263 412 535 508 531 498 510 0 232 389 538 500 485 515 537 
0 74 512 516 496 524 539 522 18 321 442 464 515 521 547 513 5 246 443 496 523 538 517 497 
0 85 375 478 496 471 509 485 7 286 404 522 535 537 532 529 3 225 376 541 509 499 528 513 
0 84 376 426 497 500 508 519 2 314 394 438 525 508 530 496 0 228 347 476 534 490 476 505 
0 87 484 488 466 496 496 500 7 378 443 542 492 516 543 491 3 291 429 504 516 508 510 513 
0 36 307 436 478 487 460 479 1 118 318 442 491 474 482 482 0 82 325 470 484 502 520 512 
1 26 326 397 434 516 470 514 1 92 351 429 466 453 524 508 1 60 348 447 494 499 505 549 
1 25 216 367 475 502 503 496 2 54 244 369 424 497 528 500 2 48 245 366 497 495 509 509 
2 194 519 474 477 501 496 476 86 574 494 522 511 493 525 526 15 453 490 541 504 538 501 519 
0 143 413 481 489 475 504 515 45 430 484 519 504 501 522 514 6 348 453 502 516 502 518 496 
3 210 416 448 463 470 464 465 77 469 499 514 535 534 500 533 21 382 491 489 513 510 495 525 
3 174 416 436 480 506 505 469 53 472 463 507 489 504 497 490 17 353 459 516 481 521 488 513 
4 91 253 329 440 434 452 472 16 186 319 381 433 460 472 466 10 158 308 381 464 504 503 511 
0 8 57 161 478 546 495 479 0 15 45 129 223 362 431 445 0 14 49 160 300 521 500 523 
4 42 127 284 485 486 477 477 7 59 133 239 296 371 441 456 6 55 131 259 393 480 525 538 
0 126 368 420 489 471 464 475 6 319 396 428 490 493 513 491 2 279 383 458 478 509 514 511 
0 122 449 449 463 496 479 468 13 416 458 495 512 492 516 509 2 330 487 518 480 499 500 508 
0 105 448 456 520 499 486 469 19 327 468 507 509 512 495 510 5 208 469 506 503 526 525 524 
2 152 609 499 511 504 480 536 24 633 440 488 540 515 507 495 11 368 573 533 514 515 523 498 
0 135 560 532 523 524 494 500 12 496 492 512 525 506 501 496 2 328 531 525 524 512 527 501 
0 126 459 515 512 505 533 488 10 414 411 505 494 522 524 504 5 305 413 505 511 495 528 492 
0 103 558 529 515 481 532 512 17 477 427 535 509 493 521 493 12 339 456 518 502 529 507 493 
744 330 373 351 815 751 623 658 772 425 593 623 631 534 540 485 762 411 351 870 817 492 500 535 
96 33 218 506 507 498 512 505 97 34 321 521 460 488 532 511 97 34 314 560 484 481 521 507 
0 7 310 530 535 524 503 535 0 74 475 523 535 504 541 530 0 45 443 553 514 524 503 485 
0 20 426 496 501 512 491 520 0 165 510 539 518 524 513 528 0 77 496 530 503 502 514 487 
0 20 501 492 489 512 485 520 0 225 497 519 501 508 505 467 0 104 543 543 506 493 499 517 
0 29 547 522 467 489 534 502 0 249 610 508 516 502 516 539 0 141 617 535 503 540 532 508 
0 17 490 482 487 486 518 511 0 213 468 542 498 519 508 506 0 99 528 567 498 529 516 513 
0 19 488 468 476 485 496 480 0 301 474 529 492 518 532 475 0 182 495 540 489 516 525 521 
0 47 467 495 516 510 498 504 0 291 493 503 512 511 519 498 0 181 490 537 494 524 491 503 
0 125 621 519 524 529 541 535 15 640 480 514 524 506 534 486 1 456 497 537 490 545 490 515 
0 73 547 499 512 481 503 498 2 429 466 493 527 529 522 478 0 246 535 522 488 522 510 519 
0 48 427 457 462 493 478 508 0 240 450 501 509 486 483 516 0 150 477 511 504 518 504 518 
0 21 208 379 489 482 509 471 1 60 256 433 487 520 512 507 0 52 251 446 519 503 512 511 
0 50 329 416 518 493 481 506 2 266 350 498 472 477 504 512 0 193 336 509 499 502 509 522 
0 92 391 452 482 477 496 481 18 382 395 456 485 484 526 497 3 285 373 485 499 526 518 505 
0 108 347 444 502 483 493 485 10 301 368 471 524 509 512 493 0 242 323 476 516 507 520 505 
0 105 462 426 478 479 481 495 16 454 425 511 501 504 493 493 2 354 412 493 516 498 520 539 
0 128 504 488 481 516 485 488 10 543 511 553 527 531 506 534 2 450 439 486 517 501 515 518 
0 124 395 465 477 489 482 536 21 428 452 497 506 520 484 505 7 366 439 510 518 508 538 523 
0 106 382 446 486 485 483 476 48 323 421 479 490 512 512 516 8 288 426 461 514 523 489 541 
0 139 427 460 463 481 499 482 74 452 417 484 488 495 490 522 29 404 434 494 503 519 496 505 
0 126 320 369 451 465 457 463 47 379 347 437 483 470 470 486 11 375 318 390 480 505 513 497 
1 150 367 433 478 502 509 489 43 345 456 541 518 512 506 531 15 283 429 490 547 531 489 497 
2 131 373 440 449 494 467 487 17 332 460 532 508 520 519 502 5 253 428 480 509 527 521 498 
1 170 407 486 507 524 500 491 47 470 456 502 526 504 513 493 11 381 452 514 537 512 473 546 
0 80 329 449 482 498 473 456 11 238 356 457 495 484 505 502 7 176 334 437 499 473 509 501 
2 76 247 385 466 488 473 462 6 189 310 412 451 469 486 524 3 145 307 420 475 485 487 511 
4 94 240 351 458 455 492 460 16 180 268 398 469 457 500 506 14 142 272 414 472 480 481 524 
1 82 214 389 457 468 479 480 15 164 259 346 450 472 459 473 7 143 243 382 474 476 509 524 
2 151 398 430 493 477 475 489 22 404 410 488 524 513 495 486 10 290 397 495 506 516 506 494 
0 158 500 464 469 477 455 487 17 588 501 498 503 477 501 522 2 403 514 516 501 491 524 515 
0 103 567 481 487 492 492 494 12 469 541 531 516 496 503 497 6 287 576 509 502 478 507 514 
0 126 550 517 511 484 496 489 25 437 538 506 493 498 525 517 16 319 566 512 526 513 508 527 
19 116 537 466 508 507 487 492 29 433 420 486 473 517 517 510 26 303 451 482 510 474 508 502 
1 109 447 444 496 477 481 474 5 424 343 439 470 499 484 471 1 323 342 441 471 506 493 496 
92 229 579 495 521 504 481 508 186 592 478 521 489 499 506 529 172 463 553 530 526 514 490 502 
794 335 368 518 697 585 469 545 864 413 858 433 770 445 467 570 854 418 860 393 548 668 640 495 
123 9 199 530 472 480 499 495 125 8 252 600 500 499 506 503 125 7 279 682 482 507 534 464 
0 1 147 551 510 533 514 513 0 3 192 522 507 518 485 494 0 3 215 609 507 503 487 515 
0 2 84 237 491 513 511 493 0 3 96 241 342 450 456 507 0 3 106 278 402 513 549 515 
0 26 280 380 504 508 516 476 0 131 276 389 470 470 494 514 0 79 305 406 492 516 497 523 
0 45 422 481 477 485 481 497 0 249 400 485 511 506 501 522 0 149 412 485 459 472 492 511 
0 16 233 323 390 483 484 459 0 90 241 363 396 467 449 471 0 60 254 370 442 477 465 475 
0 68 385 465 471 485 468 489 0 265 426 515 507 499 521 518 0 206 395 492 489 489 498 523 
0 29 446 439 484 477 480 497 0 249 452 491 491 514 480 510 0 136 485 516 486 481 522 525 
0 59 528 500 510 475 491 535 2 397 453 518 518 542 502 495 1 232 519 527 531 510 481 531 
0 29 315 410 461 479 497 487 1 124 329 424 474 477 487 544 0 85 330 432 497 484 488 499 
0 22 270 376 458 481 473 493 0 73 320 415 477 499 501 492 0 53 317 427 495 479 512 511 
0 33 258 362 489 450 501 475 0 112 263 385 512 522 507 504 0 91 271 401 485 542 509 517 
0 34 316 363 438 492 498 503 0 142 329 400 423 488 498 490 0 96 341 415 459 530 510 486 
0 37 204 351 486 460 485 504 2 124 253 351 439 466 501 495 0 98 241 386 483 515 482 517 
0 28 66 146 442 491 492 486 0 36 74 132 256 389 441 455 0 31 77 158 398 538 507 512 
0 64 286 301 498 483 492 512 6 278 241 301 408 501 498 480 0 226 231 316 498 510 510 488 
0 137 432 500 472 489 522 496 18 445 492 532 511 544 541 503 1 382 477 528 518 495 517 509 
0 99 332 394 454 469 491 455 7 284 329 467 485 500 517 476 1 266 336 482 505 496 508 531 
3 88 360 379 448 504 476 465 17 294 339 431 490 518 504 498 14 224 352 417 496 476 496 504 
0 53 556 525 501 537 506 505 6 356 493 511 498 508 524 502 0 203 537 540 519 504 493 526 
0 78 626 483 480 500 499 510 23 583 481 516 522 494 486 536 3 443 453 548 512 510 517 513 
1 199 490 505 535 514 521 497 89 549 514 513 514 488 519 489 28 479 492 521 506 492 492 512 
7 136 384 433 434 506 487 473 41 337 385 532 529 511 473 531 18 245 407 488 480 513 505 505 
1 89 300 410 456 497 497 463 12 211 330 494 481 508 518 508 6 176 327 474 505 495 486 515 
1 46 198 350 471 477 485 517 8 84 203 323 420 499 492 480 6 62 198 353 507 498 490 490 
4 58 204 384 475 461 481 471 14 104 236 357 436 460 497 518 13 93 231 367 452 505 506 529 
1 35 120 238 403 529 512 472 3 60 125 219 297 397 427 476 2 54 130 227 370 524 521 549 
9 83 208 309 417 444 482 489 21 135 251 345 366 451 454 469 20 128 245 342 469 507 487 509 
0 65 300 394 506 518 510 508 3 171 365 407 428 460 479 488 3 125 335 409 436 488 474 503 
61 224 528 501 487 505 510 513 175 504 496 494 510 493 467 502 137 427 494 537 530 541 518 480 
252 347 567 509 543 514 491 518 442 713 541 542 523 543 535 528 403 644 515 506 504 521 513 510 
283 370 566 517 488 522 533 518 501 679 570 533 526 510 526 509 460 638 508 524 515 521 496 541 
287 416 569 529 511 491 506 514 528 674 552 562 513 525 515 518 489 666 517 532 519 494 495 551 
294 386 528 515 509 500 537 522 539 588 542 543 524 529 510 524 506 600 533 525 497 516 540 504 
224 435 574 491 491 539 549 502 686 535 518 535 529 534 517 507 598 626 560 538 502 511 497 527 
820 363 872 579 519 644 524 510 958 884 372 701 715 479 620 609 924 916 389 683 669 506 594 557 
128 5 299 557 504 482 495 485 128 72 434 594 520 471 490 526 128 69 488 635 508 533 506 508 
0 2 118 457 517 543 487 464 0 24 147 429 522 496 496 502 0 27 174 526 537 505 517 527 
0 2 75 195 450 521 502 471 0 18 86 133 270 415 451 472 0 10 94 202 455 479 505 533 
0 0 29 98 241 603 496 501 0 2 34 81 138 244 393 459 0 2 36 95 192 438 563 518 
0 1 132 248 392 489 468 489 0 13 147 255 299 389 429 415 0 11 150 262 377 471 501 515 
0 9 212 308 366 471 514 502 0 51 243 330 357 421 438 475 0 37 240 347 355 497 539 506 
0 22 227 348 404 479 449 458 0 93 255 347 426 471 461 478 0 57 275 351 430 499 484 534 
0 49 468 467 494 517 463 496 0 295 477 501 507 525 495 499 0 229 469 491 530 499 520 496 
0 70 385 460 466 483 513 478 13 300 435 477 500 520 468 521 2 259 360 479 496 473 536 524 
0 49 395 410 468 474 498 469 6 325 371 445 492 486 499 503 0 264 315 441 494 498 508 499 
0 51 362 388 456 473 503 492 7 279 338 439 453 493 503 490 2 200 339 452 498 499 493 522 
0 49 320 410 474 496 496 509 3 187 361 477 489 481 493 516 0 139 345 452 503 514 497 515 
0 48 202 327 440 470 481 474 4 137 255 328 383 453 502 488 0 117 245 352 465 518 504 519 
0 14 127 310 445 490 513 494 0 23 139 277 389 494 484 491 0 22 143 324 486 510 514 526 
0 26 75 240 520 482 491 481 11 47 86 199 293 459 496 483 7 40 81 223 448 509 482 499 
0 116 440 473 494 468 478 485 24 454 447 477 487 501 522 545 1 357 438 508 515 513 504 509 
2 162 479 496 463 503 521 493 26 503 498 509 527 528 512 487 8 390 464 518 515 504 538 509 
0 119 371 440 442 504 483 486 9 349 413 467 472 493 529 493 2 253 391 462 547 492 528 516 
0 66 590 487 489 505 501 493 45 537 482 519 515 507 483 534 4 442 464 460 496 513 531 512 
0 113 691 512 493 505 509 492 107 737 559 529 476 538 494 508 9 723 516 511 489 556 506 532 
0 82 715 533 482 521 512 488 56 681 554 539 507 502 528 511 12 514 581 512 514 497 521 500 
0 167 577 492 478 544 518 527 51 732 493 517 499 514 509 520 15 618 474 509 525 526 523 522 
4 106 429 475 498 517 483 489 25 379 448 501 501 509 507 509 9 289 429 489 556 511 524 499 
3 79 244 407 487 499 473 507 9 155 285 426 467 485 484 482 7 122 281 440 512 525 510 509 
13 77 227 409 456 485 447 469 27 131 278 389 450 481 474 503 24 109 274 405 489 522 490 511 
1 58 188 326 462 472 477 484 3 102 220 331 410 446 489 498 2 91 226 349 445 493 493 543 
4 84 239 342 468 484 487 495 15 186 275 376 460 459 500 500 12 143 272 383 462 518 510 490 
20 61 194 375 438 482 483 493 31 93 227 414 424 479 478 495 30 96 233 463 470 495 517 498 
29 94 336 469 471 489 487 476 52 161 397 485 496 515 487 491 48 140 370 503 513 534 483 531 
26 142 315 473 468 483 493 481 100 241 341 505 527 488 519 539 78 208 355 517 511 524 504 517 
83 318 533 509 497 499 496 479 372 615 509 536 492 510 524 526 334 595 486 514 502 497 502 510 
94 311 595 535 517 491 504 499 407 709 600 520 498 494 545 521 327 764 499 490 499 505 493 491 
162 367 594 500 507 509 499 512 499 670 510 549 472 491 511 500 490 666 478 528 566 513 547 521 
84 258 677 469 524 522 492 513 398 694 570 545 490 507 516 507 426 649 522 536 482 503 525 514 
43 282 628 488 507 515 464 505 422 639 576 534 512 504 506 489 461 642 601 547 545 525 497 527 
746 340 371 369 810 701 570 546 882 371 881 678 514 679 611 513 895 384 901 530 766 604 593 547 
128 17 335 573 493 511 527 530 128 43 600 592 513 506 485 518 128 34 594 591 505 519 515 519 
0 3 185 491 525 500 476 500 0 30 237 553 534 496 516 509 0 27 271 608 520 509 516 521 
0 12 277 438 477 498 468 511 0 68 357 470 466 521 506 512 0 53 351 505 497 510 510 513 
0 1 162 349 464 490 461 480 0 7 191 385 438 475 488 500 0 5 205 423 472 497 484 515 
0 5 157 335 444 479 481 465 0 33 179 327 409 466 489 489 0 15 192 356 482 513 465 555 
0 31 320 396 424 502 505 486 5 237 272 396 441 489 478 499 1 156 330 422 518 511 489 512 
0 82 557 451 523 508 479 509 11 604 449 517 490 494 524 530 0 433 470 502 509 546 542 508 
0 100 577 486 478 506 498 519 15 576 532 541 491 491 527 512 6 425 501 513 485 518 512 527 
0 75 456 466 488 511 491 519 16 411 448 534 490 513 496 527 9 307 451 513 540 495 501 512 
0 180 472 454 496 495 485 515 80 538 492 550 484 515 514 536 35 470 483 512 494 520 508 517 
0 206 568 482 506 484 516 524 191 575 520 508 524 526 540 507 90 562 533 509 491 503 516 500 
0 182 543 502 522 509 515 529 180 504 529 508 538 531 527 524 79 491 497 535 493 510 488 534 
1 211 496 484 487 487 503 510 286 470 464 507 515 537 524 520 115 555 493 510 524 506 524 509 
2 232 525 448 457 469 506 514 363 391 456 495 518 509 524 523 156 522 471 489 508 484 518 538 
0 122 317 347 469 509 492 484 46 299 323 387 431 435 493 487 21 257 294 404 456 536 484 517 
1 124 291 321 433 506 495 491 30 325 343 352 420 517 493 495 3 296 295 367 504 492 486 501 
0 164 399 443 495 508 477 477 22 428 464 487 528 523 520 524 1 357 387 499 536 521 490 500 
0 110 469 494 488 503 510 480 30 389 533 542 520 502 496 492 8 316 475 550 492 500 501 529 
0 60 771 555 510 509 511 508 62 779 557 540 512 499 486 524 0 710 458 502 511 497 498 518 
0 86 565 520 517 511 510 505 11 467 510 521 520 504 512 534 1 388 469 534 503 526 521 526 
1 111 607 503 485 478 523 513 33 590 528 562 508 538 524 522 9 542 448 500 499 541 526 542 
54 228 553 507 496 490 512 517 127 618 506 510 520 506 500 495 83 489 529 488 524 494 519 498 
185 260 423 511 489 529 530 487 321 425 484 549 531 519 511 544 284 399 493 518 515 510 513 474 
68 170 367 471 446 484 491 481 122 324 428 541 503 495 540 520 101 291 449 519 511 495 508 488 
77 128 290 440 484 477 469 494 128 184 330 469 516 513 503 507 118 175 343 537 505 498 506 477 
76 123 280 404 456 475 494 506 110 232 357 416 482 481 498 509 114 207 357 436 476 518 506 492 
22 79 232 357 435 450 499 472 35 130 247 385 422 495 485 501 33 115 259 387 508 540 484 529 
24 70 213 396 473 484 508 474 41 97 251 409 469 506 494 481 42 105 281 450 505 505 474 539 
17 212 454 469 492 494 480 460 182 544 512 499 516 519 518 499 143 535 532 491 503 508 535 524 
3 148 570 482 495 488 502 492 281 524 540 520 516 513 508 517 197 568 571 499 529 501 465 512 
1 191 566 491 457 491 507 513 272 698 537 479 509 505 513 498 319 658 484 517 510 497 523 516 
134 369 529 512 499 506 518 510 514 589 509 504 526 537 497 506 608 590 511 520 526 542 506 515 
302 424 532 503 507 499 480 493 699 573 506 511 536 492 497 506 804 644 595 556 549 543 529 540 
388 491 529 484 535 532 546 524 837 519 502 548 547 539 495 516 936 627 631 586 561 549 566 558 
260 604 516 540 517 503 501 519 925 372 461 523 474 504 503 507 1018 560 639 570 553 558 555 518 
785 365 358 680 521 480 600 569 997 533 574 619 617 562 595 543 1018 848 412 888 362 719 572 588 
72 21 658 374 742 731 740 722 72 28 695 825 296 273 736 293 72 34 723 822 316 715 277 745 
0 6 178 776 712 313 726 279 0 18 143 788 743 277 731 288 0 17 191 833 722 734 730 286 
0 7 126 736 313 721 717 717 0 12 102 718 292 735 724 293 0 12 133 740 731 276 290 311 
0 2 75 718 299 297 740 721 0 0 52 204 728 730 734 739 0 1 69 708 319 290 735 735 
0 46 691 271 291 281 290 744 0 139 647 307 735 300 740 285 0 90 665 310 304 729 741 303 
0 82 773 281 720 282 733 295 1 775 267 290 290 304 733 739 1 217 730 767 728 286 280 283 
0 65 735 285 280 727 721 285 3 236 706 752 733 289 282 753 0 166 715 752 303 291 302 744 
0 38 694 292 301 301 278 698 0 122 704 321 723 748 291 288 0 87 718 315 721 267 290 286 
0 122 697 294 738 282 749 725 93 640 258 314 747 298 279 269 49 664 267 292 300 291 289 710 
0 159 714 280 739 724 721 730 82 747 312 728 287 740 310 305 31 755 317 293 737 286 727 293 
0 157 722 270 740 735 738 732 87 759 317 731 277 714 727 307 36 763 298 305 746 284 735 740 
1 235 755 711 737 287 718 290 306 672 756 755 741 744 730 300 148 787 718 295 294 717 282 743 
0 223 763 754 726 286 748 297 781 230 304 288 286 286 745 740 143 835 720 285 758 297 294 725 
0 185 783 746 293 729 745 762 162 780 760 285 729 314 300 726 48 826 281 738 270 280 742 745 
0 99 640 303 282 741 281 725 26 162 653 752 300 316 728 725 12 148 644 324 745 750 723 295 
1 109 684 281 722 266 279 286 18 200 691 764 753 291 266 266 10 168 651 750 302 286 284 278 
0 147 681 262 724 281 733 723 26 749 279 303 301 710 732 280 8 227 709 725 704 298 280 271 
0 125 795 736 268 286 278 290 50 832 292 729 276 751 299 719 0 801 272 269 314 735 300 745 
0 82 781 309 729 281 754 740 11 744 314 304 291 735 298 282 0 276 712 776 733 731 290 736 
0 116 789 290 741 742 744 749 8 798 287 302 737 298 272 291 0 295 697 752 730 733 748 290 
1 66 737 307 293 733 749 753 5 220 675 775 283 731 747 301 6 198 669 804 240 729 289 287 
132 595 268 333 717 743 283 731 179 688 696 329 306 299 298 737 171 662 235 781 733 267 754 732 
172 711 735 281 286 294 742 279 792 347 313 759 294 743 309 292 768 328 303 304 756 739 315 298 
97 627 308 289 721 298 278 720 156 792 745 279 723 257 293 318 135 738 781 305 273 286 289 296 
61 128 693 746 710 277 292 275 90 664 261 306 734 296 728 295 92 637 261 308 749 293 289 302 
25 122 743 715 310 310 745 284 41 723 331 298 724 298 260 731 36 663 319 305 276 298 273 741 
42 95 677 270 741 723 722 749 60 176 707 742 735 735 750 761 62 155 706 759 732 727 281 742 
45 95 678 741 280 274 267 290 76 611 243 302 284 316 278 305 80 604 270 315 290 289 726 274 
1 99 756 294 728 272 726 732 83 745 293 740 295 304 720 713 97 729 295 733 283 749 309 288 
10 128 808 744 276 288 730 741 109 866 744 286 274 735 735 310 122 842 740 270 300 716 735 284 
90 642 359 275 736 747 266 292 700 396 306 282 269 732 278 289 704 420 262 274 309 742 289 724 
768 246 282 287 292 295 272 736 971 342 745 715 746 271 270 747 996 873 356 360 759 773 784 755 
849 237 306 734 273 293 724 758 1017 811 301 317 295 736 752 736 1024 945 391 814 792 781 780 793 
872 226 298 738 303 738 735 738 1013 796 319 310 287 732 746 287 1021 915 376 803 778 341 785 343 
835 239 299 729 273 282 317 282 1004 214 756 714 302 303 722 720 1011 796 272 284 289 297 751 288 
1005 937 196 449 665 633 324 749 1017 972 315 828 829 809 288 718 1021 983 964 215 332 780 288 750 
