3 558 567 541 531 510 558 507 46 837 336 497 501 529 519 517 510 531 544 514 510 514 537 497 
16 639 717 445 516 517 523 495 54 601 687 441 515 516 509 508 215 514 639 600 497 511 529 532 
648 856 830 223 733 413 436 562 648 844 826 220 707 361 519 633 664 903 838 245 729 408 488 632 
1024 1024 1024 0 1024 432 392 624 1024 1024 1024 0 1000 296 360 400 1024 1024 1024 272 752 713 375 400 
1024 1024 1024 0 992 579 544 720 1024 1024 1024 0 893 398 580 354 1024 1024 1024 255 673 375 576 459 
1024 1024 1024 6 1018 612 480 640 1024 1024 1024 0 776 392 520 400 1024 1024 1024 142 754 487 516 448 
1024 1024 1024 0 1024 529 488 752 1024 1024 1024 0 800 438 438 429 1024 1024 1024 0 832 418 476 734 
1024 1024 1024 227 788 572 534 458 1024 1024 1024 1 628 534 467 561 1024 1024 1024 8 778 452 535 460 
337 661 441 521 535 489 509 514 793 264 614 516 516 538 507 498 984 761 405 581 486 500 484 499 
4 589 686 486 576 501 501 513 29 713 641 497 534 541 525 505 422 568 496 463 537 501 504 506 
238 746 712 419 548 489 522 513 324 666 658 387 520 533 497 514 447 625 624 602 511 479 508 509 
1022 1020 1019 262 756 647 646 878 1022 1020 1019 344 682 675 576 156 1023 1020 1020 1007 25 378 583 233 
1024 1024 1024 601 423 423 423 832 1024 1024 1024 512 512 512 416 192 1024 1024 1024 1024 0 512 416 192 
1024 1024 1024 576 448 448 400 768 1024 1024 1024 480 544 512 400 256 1024 1024 1024 992 32 512 400 256 
1024 1024 1024 320 704 704 640 704 1024 1024 1024 320 704 672 384 320 1024 1024 1024 980 44 364 392 320 
1024 1024 1024 462 562 555 570 539 1024 1024 1024 311 713 678 525 467 1024 1024 1024 835 189 463 418 516 
541 422 371 544 534 490 523 522 839 287 619 524 516 510 502 522 980 797 490 459 495 519 496 534 
80 804 491 527 493 550 513 536 450 501 509 491 510 476 525 513 820 490 520 518 502 501 521 496 
87 621 700 432 553 519 490 521 208 586 621 482 496 504 544 549 594 344 440 530 533 512 515 502 
785 881 899 189 805 742 391 697 797 873 903 688 301 281 283 362 845 867 879 859 213 733 353 403 
1024 1024 1024 270 754 754 813 192 1024 1024 1024 1024 0 0 0 832 1024 1024 1024 1024 0 1024 0 832 
1024 1024 1024 1016 8 8 575 448 1024 1024 1024 1024 0 0 0 576 1024 1024 1024 1024 0 1024 0 576 
1024 1024 1024 1013 11 11 327 704 1024 1024 1024 1024 0 0 0 320 1024 1024 1024 1024 0 1024 0 320 
1024 1024 1024 974 50 50 495 604 1024 1024 1024 870 154 154 287 400 1024 1024 1024 1024 0 798 329 464 
692 332 421 512 512 501 510 506 1002 306 588 492 535 498 523 503 1024 961 534 453 486 514 484 501 
273 693 618 528 524 526 526 504 708 313 630 520 512 526 490 524 927 631 444 512 490 518 478 512 
163 707 534 508 510 529 517 528 439 523 596 496 504 538 504 510 825 452 488 542 472 522 530 502 
429 707 697 425 584 545 508 526 528 665 688 442 531 541 473 498 715 616 628 667 430 532 519 510 
1024 1024 1024 0 1024 1024 657 383 1024 1024 1024 1010 14 14 14 647 1024 1024 1024 1024 5 1019 321 519 
1024 1024 1024 6 1002 924 706 316 1024 1024 1024 864 156 128 124 702 1024 1024 1024 1007 18 927 377 443 
1024 1024 1016 25 990 873 666 341 1024 1024 1024 770 245 226 196 691 1024 1024 1024 1020 4 898 156 842 
993 960 953 607 382 482 419 518 1023 943 963 780 235 240 507 629 1024 996 959 915 151 742 532 610 
741 279 320 533 540 522 521 544 990 241 669 564 508 504 507 501 1021 929 525 466 531 534 524 524 
521 488 377 470 510 525 536 536 780 289 630 546 527 524 515 489 878 756 501 484 486 495 482 520 
584 381 494 489 498 504 495 524 806 406 510 519 508 534 484 517 948 716 486 486 519 500 521 473 
232 694 563 533 527 506 501 523 644 378 443 527 472 490 518 519 881 450 571 507 528 509 519 533 
492 853 660 381 569 478 501 533 779 623 650 393 612 542 525 507 920 671 684 655 421 534 479 528 
305 796 563 474 514 505 521 508 622 647 514 413 552 526 532 502 824 617 658 551 477 516 506 508 
168 829 526 499 512 499 509 519 624 494 470 539 493 536 523 538 862 525 510 499 510 537 488 521 
95 781 484 495 521 493 483 524 299 695 481 522 530 522 525 498 616 502 466 546 517 515 520 500 
718 305 402 528 525 506 504 518 990 262 615 533 521 493 505 495 1024 922 482 505 497 517 495 529 
593 403 363 522 519 509 551 519 781 308 647 548 490 507 507 505 905 713 443 500 531 538 516 520 
646 373 392 576 516 526 507 498 840 425 521 479 504 513 533 524 971 695 568 437 491 503 516 499 
553 441 409 470 513 525 526 497 859 289 570 492 506 527 518 513 990 684 481 501 505 521 504 510 
169 683 519 494 507 523 499 469 413 509 456 517 542 519 520 529 620 499 548 502 543 497 511 494 
0 362 702 599 493 537 512 515 53 521 570 564 527 508 482 498 187 735 441 483 531 496 535 507 
0 180 865 639 463 528 517 509 49 334 689 658 443 478 507 498 101 716 461 551 555 486 506 500 
0 305 737 628 505 450 570 499 12 571 502 573 427 464 557 469 65 878 290 462 445 497 524 509 
171 629 453 505 529 515 504 497 322 626 478 497 529 514 507 490 556 660 480 518 514 493 504 504 
190 669 493 515 498 514 516 497 337 573 510 510 527 493 517 525 547 591 482 487 544 522 510 519 
570 443 345 517 497 539 521 495 756 364 563 506 523 500 522 515 895 638 470 506 507 525 499 507 
625 395 438 508 512 538 484 522 885 343 540 491 507 492 480 497 1011 661 513 501 520 529 528 516 
275 611 490 571 518 526 479 474 437 478 507 507 491 483 512 515 596 534 496 466 515 515 509 499 
20 413 770 566 523 523 519 503 52 417 764 476 530 540 516 478 194 566 516 572 525 488 525 543 
0 51 975 390 598 495 493 500 0 61 964 436 558 505 515 515 0 334 720 732 576 456 509 502 
0 86 932 602 431 462 575 530 3 126 925 462 607 495 540 520 39 471 585 642 627 494 519 512 
247 509 554 543 515 513 514 545 410 386 510 543 506 525 481 519 568 459 524 509 503 513 514 486 
255 499 523 508 513 513 501 547 414 360 477 511 513 517 507 499 523 454 548 527 517 500 532 511 
365 474 447 521 497 535 489 510 486 390 417 499 550 513 487 508 607 399 562 512 495 527 505 527 
149 715 516 511 511 506 521 500 314 609 454 509 516 540 504 528 560 475 509 507 532 509 517 515 
45 490 664 471 563 487 506 522 72 494 679 467 508 528 461 528 215 547 552 573 471 518 476 493 
302 608 566 533 522 527 513 529 477 452 486 495 478 500 511 514 699 307 556 508 481 498 496 492 
387 372 571 497 531 512 506 493 483 293 611 458 515 522 536 526 622 330 596 562 512 531 517 484 
24 179 864 498 613 503 505 494 40 215 817 518 551 502 542 532 67 528 529 548 564 484 479 512 
166 341 610 440 550 488 505 492 220 361 554 503 554 513 503 499 265 668 516 528 531 515 532 514 
489 325 323 522 511 520 537 468 544 322 504 576 499 520 516 542 682 471 573 524 536 511 529 521 
225 738 528 523 531 492 492 512 466 517 434 533 500 507 503 498 811 224 514 527 529 529 504 533 
92 877 535 494 500 521 505 498 435 586 539 527 491 531 508 511 929 235 557 505 513 516 466 521 
36 562 667 508 542 484 499 522 125 586 551 496 480 475 504 495 290 630 385 528 492 527 506 504 
131 607 602 566 499 505 519 504 230 601 484 553 482 504 502 502 430 591 388 552 501 524 536 491 
201 684 630 548 513 556 531 521 496 434 361 520 514 504 503 530 712 318 498 564 517 507 488 491 
0 502 590 475 518 483 506 474 48 571 583 581 528 490 496 530 186 556 688 651 557 506 511 507 
16 989 468 609 478 498 520 521 204 820 697 503 498 520 536 484 925 99 368 543 536 522 488 518 
208 814 486 578 497 503 478 518 463 560 549 459 526 525 509 505 972 67 531 536 501 492 507 520 
247 535 511 507 512 495 513 503 394 457 446 492 545 493 529 516 576 505 472 516 530 496 502 503 
35 800 547 488 543 558 515 527 198 716 525 518 495 497 510 520 572 440 516 495 535 496 503 521 
5 534 645 527 502 514 491 490 14 611 629 512 530 535 503 542 183 713 400 522 506 536 491 504 
4 618 731 494 569 497 496 491 47 618 714 530 535 515 513 503 373 509 369 536 495 489 516 497 
7 591 714 487 511 492 500 523 81 581 695 454 566 502 529 551 361 445 467 626 487 515 537 503 
0 30 999 110 744 581 497 473 0 29 1001 179 660 579 459 472 2 107 932 883 468 441 471 495 
141 775 499 553 502 515 556 513 342 599 571 502 528 496 508 524 819 217 554 503 510 520 499 494 
46 820 376 469 534 509 508 524 118 790 381 540 488 513 501 506 410 612 455 518 542 493 513 500 
88 803 427 464 509 511 502 501 163 751 489 511 526 518 498 520 513 508 407 536 502 510 500 562 
0 451 589 429 507 512 504 518 0 536 491 479 489 512 510 502 29 751 537 534 524 533 507 505 
0 96 909 166 332 567 501 543 0 108 704 358 400 485 509 516 2 190 880 543 526 538 516 530 
0 45 946 149 342 490 512 523 0 58 734 351 467 511 503 504 1 156 883 585 510 536 501 538 
0 3 1019 61 563 470 510 525 0 6 966 118 478 533 533 497 0 36 988 836 291 478 507 483 
30 224 848 388 630 509 499 530 62 264 818 357 621 457 480 483 99 333 717 670 468 525 553 544 
27 920 356 505 527 535 527 534 125 879 565 522 524 511 537 495 821 203 317 481 495 518 516 502 
69 902 481 471 534 486 528 511 147 850 571 537 495 511 530 530 643 381 334 508 528 522 523 490 
15 908 389 492 519 477 529 495 39 891 485 504 507 491 519 503 245 774 483 511 521 530 543 508 
0 249 773 518 515 506 499 501 0 268 746 538 509 494 503 522 0 776 310 475 503 530 513 539 
1 168 865 343 508 505 535 510 2 199 767 446 461 469 524 503 11 450 699 554 481 499 502 512 
0 329 749 384 419 524 510 519 6 365 689 431 461 517 552 493 54 540 653 587 475 522 511 503 
0 0 1022 119 477 544 498 513 0 0 1018 96 392 510 492 493 0 47 977 890 289 496 515 519 
33 256 818 493 645 532 531 516 56 360 726 415 502 524 515 463 90 477 594 512 553 474 536 489 
26 958 451 527 503 493 504 518 102 917 659 516 552 526 533 516 823 201 290 488 552 550 495 517 
39 893 486 503 496 509 514 532 97 876 475 529 501 516 521 523 307 708 454 480 518 523 518 505 
0 611 490 577 484 505 496 534 0 592 526 570 523 511 511 489 9 845 471 529 527 489 490 514 
0 289 721 362 470 516 537 500 0 291 678 357 488 495 534 510 1 549 574 565 547 524 508 548 
0 141 881 199 602 523 488 512 0 160 830 199 553 556 496 482 0 407 690 673 374 501 527 510 
0 60 962 429 588 523 514 520 0 69 953 402 621 498 518 502 0 446 609 656 602 518 490 506 
0 0 1024 274 673 509 506 500 0 0 1024 316 672 504 522 511 0 120 904 892 443 531 503 511 
1 155 916 509 582 576 478 544 7 158 910 495 642 577 529 498 12 414 668 668 477 457 514 476 
12 440 631 517 508 528 517 535 11 477 641 554 493 523 483 540 83 591 530 529 531 487 535 519 
3 659 458 539 531 489 521 514 4 686 464 540 515 494 519 501 44 859 378 481 510 526 502 507 
18 226 800 461 550 526 497 519 29 252 764 421 493 485 503 539 40 529 548 614 469 539 552 515 
6 120 869 237 503 498 512 507 8 144 736 288 390 444 537 512 26 227 850 635 482 512 548 526 
5 21 1000 265 632 520 481 532 7 20 975 225 605 527 533 517 12 221 799 786 581 531 498 530 
0 0 1024 125 574 493 538 511 0 0 977 147 401 431 500 519 0 124 900 807 326 469 470 508 
0 0 1023 19 518 575 494 520 0 0 935 89 248 470 488 529 0 0 1024 529 502 559 487 496 
0 19 1006 76 785 435 560 500 0 19 977 81 268 544 575 500 2 30 997 600 462 488 502 542 
2 207 828 496 504 505 495 509 5 251 796 525 473 545 522 507 10 469 599 604 536 528 509 498 
169 393 662 523 501 517 525 524 324 361 608 532 525 536 521 529 371 531 456 486 498 506 544 507 
238 500 578 510 509 491 505 514 508 367 554 503 492 494 520 538 552 425 545 533 487 492 502 511 
6 279 692 400 517 514 532 498 32 330 561 524 544 518 507 519 42 428 712 452 549 530 530 499 
0 57 867 270 449 489 497 527 0 68 522 576 621 507 521 519 0 172 852 373 640 505 529 529 
0 53 930 241 341 574 534 518 0 124 704 365 405 445 508 495 0 213 811 359 662 550 527 524 
0 1 1012 102 440 524 505 508 0 1 824 243 342 522 491 528 0 28 996 465 613 584 530 491 
0 0 1022 8 734 375 455 493 0 0 988 36 119 400 633 601 0 0 1024 327 694 661 628 423 
0 141 888 807 837 171 833 175 3 165 880 817 817 828 840 833 6 857 210 205 847 193 189 206 
92 853 862 191 188 835 186 196 222 767 837 812 832 830 847 188 875 141 195 199 189 853 837 201 
81 866 853 181 195 203 193 839 215 792 827 811 826 814 834 209 871 145 180 191 211 834 198 198 
17 836 223 191 829 207 187 184 62 884 180 855 823 847 188 197 79 902 798 204 200 191 834 829 
16 120 902 828 826 826 833 187 40 811 220 189 842 188 825 819 50 858 185 820 183 185 830 825 
0 47 976 870 193 826 191 201 0 123 902 874 816 218 832 848 0 937 90 151 176 814 818 179 
0 21 999 146 870 832 841 842 0 25 992 140 811 841 836 197 0 135 890 865 781 177 814 177 
0 3 1020 77 847 187 863 830 0 1 1018 50 87 837 863 830 0 17 1007 846 218 201 857 194 
