560 608 671 447 521 557 531 482 562 630 258 381 512 543 537 483 650 606 280 341 511 465 494 503 
719 865 810 681 354 464 486 560 757 898 201 266 743 466 544 545 913 793 259 284 450 402 452 453 
734 870 851 811 309 630 549 576 794 898 209 270 753 404 570 532 967 812 209 245 481 385 437 443 
746 942 844 836 457 612 521 569 865 861 151 304 748 465 419 504 989 690 328 387 564 498 422 555 
750 950 858 836 612 435 436 457 892 846 166 293 731 406 574 536 1002 699 351 358 416 501 530 510 
777 952 881 849 779 325 367 529 920 836 152 347 688 452 603 541 994 678 388 423 468 543 477 487 
794 953 868 881 848 360 610 612 930 844 148 578 506 483 452 551 997 673 389 431 513 499 496 572 
805 958 868 892 820 631 460 573 942 849 141 697 417 485 465 539 1004 726 341 344 571 556 466 540 
820 982 907 889 865 855 517 448 964 857 127 815 425 428 503 549 1010 757 317 358 536 622 508 475 
866 991 924 942 913 879 622 526 993 878 146 886 418 412 548 484 1020 752 333 346 612 480 533 488 
950 1014 955 966 933 887 736 501 993 976 113 899 404 612 555 550 1020 661 363 425 587 479 486 492 
8 33 134 166 243 669 313 388 8 24 114 177 291 677 327 402 8 69 159 180 264 703 290 407 
88 152 260 315 446 522 497 482 85 161 239 292 407 482 485 506 101 261 293 338 457 536 482 496 
524 664 700 634 493 528 524 545 565 677 595 382 463 431 517 513 694 688 636 458 529 529 550 530 
526 685 737 675 577 541 541 536 577 705 637 419 416 455 495 476 727 716 579 516 509 534 548 539 
508 694 739 680 611 567 540 535 553 754 672 429 430 504 480 538 773 722 590 507 490 504 529 517 
497 707 711 666 632 525 549 519 609 760 707 399 524 497 492 515 884 722 615 491 483 519 514 562 
507 760 684 639 608 572 561 587 717 742 697 418 493 534 496 499 956 758 663 510 513 540 542 527 
506 714 696 673 612 587 554 547 717 713 699 434 552 528 479 502 918 792 665 463 519 541 554 553 
402 589 553 579 533 522 525 502 574 583 626 423 586 509 517 518 732 695 605 517 486 544 526 518 
112 213 233 355 375 414 397 400 197 271 463 468 469 481 462 496 303 491 503 541 523 532 527 525 
19 43 102 258 357 374 395 396 31 104 343 323 463 501 515 505 61 380 329 364 427 459 495 497 
0 0 0 0 0 1024 0 192 0 0 0 0 0 1024 0 192 0 0 0 0 0 1024 0 192 
0 0 1 3 9 1002 30 94 0 0 1 3 9 998 32 99 0 0 1 3 10 1005 31 96 
0 33 69 70 101 733 287 533 0 31 60 70 151 739 298 526 0 57 73 88 168 744 293 522 
0 65 57 85 176 650 379 498 0 69 56 86 208 676 401 531 5 99 115 100 211 693 425 523 
32 57 103 176 266 644 434 341 32 79 112 156 289 662 420 375 36 134 152 202 290 690 454 382 
0 174 334 445 509 498 503 509 0 189 372 364 487 475 509 471 27 442 384 347 458 524 516 493 
3 269 360 420 439 487 498 477 3 345 345 394 464 473 493 482 104 456 435 432 495 523 487 498 
5 167 182 256 368 443 441 440 20 189 208 249 430 471 477 488 75 269 240 281 467 476 455 501 
1 108 355 339 437 430 474 463 1 129 408 347 493 505 463 512 16 516 247 405 507 469 523 491 
2 158 289 426 474 480 495 499 2 163 399 381 523 483 492 486 21 516 363 454 517 548 473 515 
0 17 306 620 502 536 476 513 1 31 621 452 495 549 443 526 1 659 372 459 457 507 503 514 
0 0 5 28 81 898 207 131 0 0 3 11 46 874 104 123 0 0 3 14 46 884 123 106 
0 13 103 95 171 638 356 219 0 2 31 90 118 691 275 254 0 3 32 97 124 765 248 286 
18 241 252 299 425 499 475 393 2 152 174 222 306 444 398 447 4 172 178 262 336 517 406 423 
42 213 344 371 527 490 511 514 3 176 203 281 369 409 443 435 5 194 250 292 408 451 445 485 
72 241 277 401 478 469 474 507 2 216 217 354 401 444 494 478 3 259 259 356 406 458 454 465 
111 315 388 513 525 494 518 521 25 294 333 478 488 479 496 489 36 402 494 455 484 487 519 525 
84 322 505 530 517 506 490 512 22 302 515 501 474 484 498 510 42 556 516 490 469 524 495 484 
82 325 494 481 491 480 517 495 43 288 459 453 454 473 484 479 80 493 434 439 481 507 529 468 
17 268 431 471 477 520 499 492 13 163 410 468 495 476 474 480 18 392 474 525 501 494 506 530 
1 126 268 416 477 458 501 482 0 56 265 460 510 479 525 536 0 185 558 483 472 551 510 502 
1 117 205 404 556 473 497 510 0 27 215 557 493 504 507 518 0 59 724 406 497 485 501 512 
0 3 5 9 72 806 175 134 0 3 4 4 57 865 143 176 0 3 5 4 49 899 121 133 
8 42 78 102 228 603 376 351 0 27 55 71 166 597 324 360 2 27 62 83 243 589 354 367 
395 204 386 420 501 470 501 480 181 316 365 379 433 445 447 493 237 300 380 427 452 486 478 468 
390 176 378 431 441 505 511 489 104 381 404 421 464 459 483 460 135 412 458 503 487 481 491 510 
349 132 443 439 477 475 484 509 123 301 388 502 453 483 487 464 147 372 548 522 497 502 514 535 
346 170 398 495 474 493 498 481 160 271 481 519 488 495 501 500 210 566 434 490 537 497 494 511 
367 197 436 457 469 495 504 477 183 307 574 519 525 523 507 518 259 632 515 504 506 492 518 513 
347 207 444 455 459 433 480 492 200 314 487 489 479 491 496 499 303 561 457 513 510 478 502 495 
233 159 319 388 440 496 414 464 137 198 444 401 446 486 453 481 173 521 411 453 491 474 506 509 
1 68 171 220 310 390 418 424 0 60 184 238 397 472 488 489 5 215 231 400 500 472 498 497 
54 49 70 178 349 441 444 441 3 75 57 161 395 489 412 438 2 77 72 324 497 444 447 470 
0 465 175 305 446 575 437 450 0 8 472 300 407 560 479 540 0 14 420 289 355 444 452 519 
2 793 268 403 524 496 482 517 0 24 793 358 425 592 513 475 0 27 621 505 463 429 479 501 
0 629 256 540 490 478 497 516 0 7 659 387 442 505 544 517 0 42 499 661 520 459 487 499 
4 707 209 500 478 464 485 491 0 30 665 329 522 492 499 503 0 89 404 562 575 472 523 489 
0 472 355 493 514 475 485 525 0 0 537 485 548 530 433 509 0 110 509 412 492 561 503 483 
0 641 236 484 445 533 495 558 0 5 572 489 454 510 499 506 0 130 317 480 457 539 559 543 
0 681 297 553 505 487 533 524 0 6 743 363 524 525 512 543 0 220 375 509 542 548 519 526 
15 731 584 410 463 494 508 511 0 30 882 338 624 527 504 528 0 266 328 636 470 537 506 524 
53 792 634 563 545 531 489 535 0 161 814 481 578 458 507 536 1 237 447 559 372 493 536 556 
226 618 656 335 513 540 465 532 0 392 568 383 447 538 489 489 1 224 502 631 507 501 526 509 
679 303 361 416 467 495 483 509 0 753 280 428 585 527 523 477 0 333 524 540 441 524 521 534 
0 56 96 154 264 672 360 264 0 0 69 76 158 785 318 311 0 0 13 93 146 649 264 325 
0 69 578 638 526 545 455 567 0 0 38 428 628 468 549 509 0 0 0 132 409 679 591 578 
0 10 629 697 530 523 517 504 0 0 0 407 610 464 551 444 0 0 0 45 233 839 455 509 
0 17 405 706 529 556 488 495 0 0 0 197 649 435 551 453 0 0 0 0 113 487 534 433 
0 148 310 538 461 447 648 469 0 0 0 244 661 430 458 479 0 0 0 0 91 354 491 432 
0 72 471 635 578 441 551 432 0 0 0 342 392 650 469 573 0 0 0 0 47 394 504 480 
0 87 554 617 417 453 518 616 0 0 0 240 597 577 472 554 0 0 0 0 0 460 628 448 
0 192 597 507 544 530 540 461 0 0 85 222 699 572 541 513 0 0 0 47 100 251 550 590 
0 326 677 541 557 537 499 548 0 0 219 292 744 561 565 506 0 0 0 139 90 236 494 552 
0 488 700 513 424 550 445 530 0 0 357 323 697 629 417 524 0 0 0 179 100 223 373 341 
71 728 632 514 480 510 517 523 64 77 515 384 685 581 508 572 59 47 71 238 335 386 478 492 
0 0 0 0 11 1006 25 28 0 0 0 0 3 1014 28 28 0 0 0 0 2 1015 27 28 
0 0 0 971 53 33 90 119 0 0 0 0 75 949 928 941 0 0 0 0 0 996 36 133 
0 0 0 0 1018 126 823 82 0 0 0 0 0 996 154 947 0 0 0 0 6 1011 22 78 
0 0 0 0 1024 72 960 0 0 0 0 0 0 1024 56 1024 0 0 0 0 0 56 968 0 
0 0 0 0 1024 8 1016 0 0 0 0 0 0 1024 0 1024 0 0 0 0 0 0 1024 0 
0 0 0 0 1024 1 1023 0 0 0 0 0 0 1024 0 1024 0 0 0 0 0 0 1024 0 
0 0 0 79 945 945 953 0 0 0 0 0 0 1024 56 993 0 0 0 0 0 56 968 0 
0 0 0 900 140 148 163 64 0 0 0 0 12 1012 76 988 0 0 0 0 0 12 983 97 
0 0 79 945 921 932 114 941 0 0 0 0 964 60 75 118 0 0 0 0 0 117 933 883 
0 0 1024 0 71 924 956 116 0 0 0 0 1024 9 147 903 0 0 0 0 0 56 954 96 
23 32 993 848 958 924 912 164 16 18 30 839 961 916 907 145 15 18 16 834 33 839 82 49 
