851 820 174 715 410 521 528 530 57 836 899 521 479 443 564 514 58 50 878 338 642 624 515 489 
792 504 517 528 512 521 502 498 622 502 603 513 479 508 534 542 618 392 518 512 515 496 526 532 
853 476 470 547 521 509 536 498 670 545 565 514 505 513 515 490 659 503 471 514 516 525 518 535 
947 580 382 455 530 535 492 565 527 672 678 345 651 536 517 495 502 398 589 393 538 507 520 499 
1018 807 199 479 577 596 573 501 251 874 876 254 761 634 445 519 226 224 808 199 639 405 437 491 
1024 1005 21 564 488 634 385 518 10 1015 1017 419 606 549 453 477 6 11 1011 42 890 341 395 480 
1024 1024 0 520 512 746 531 471 0 1024 1024 448 576 515 407 482 0 0 1024 0 941 403 445 484 
1024 1024 0 844 180 467 499 516 0 1024 1024 397 627 468 550 516 0 0 1024 4 1019 498 670 486 
1024 1024 0 908 272 466 465 454 0 1024 1024 462 562 621 457 570 0 0 1024 8 1016 392 448 529 
1024 1024 0 890 425 384 554 544 0 1024 1024 579 445 527 520 446 0 0 1024 169 855 742 483 483 
930 447 458 533 499 551 495 520 728 461 601 568 486 516 483 507 714 347 549 518 540 470 494 525 
833 475 472 563 532 497 524 551 651 462 621 562 515 512 524 519 645 370 560 546 511 527 522 530 
870 605 481 544 507 500 516 503 511 560 705 627 499 539 470 522 454 296 661 560 489 519 499 537 
795 741 481 546 538 478 504 507 273 623 780 681 596 545 488 483 191 168 749 595 467 531 520 546 
816 641 532 494 504 504 523 521 526 555 637 565 569 509 514 537 446 335 620 606 446 518 491 523 
896 588 499 517 499 518 495 525 702 535 585 558 508 502 510 500 627 484 502 545 485 529 511 528 
972 658 342 700 550 524 505 492 497 698 717 722 428 570 522 527 460 372 641 520 525 526 516 516 
1024 900 247 780 767 465 493 531 236 866 864 876 551 564 508 548 166 175 854 582 493 554 516 552 
1024 1024 523 500 499 420 541 548 167 857 857 857 604 567 451 537 0 4 1020 767 418 577 446 537 
1024 1024 690 334 401 642 522 515 186 838 838 838 676 472 480 539 0 0 1024 959 334 473 478 522 
714 700 838 620 395 516 533 502 682 74 253 293 566 536 531 489 62 595 263 284 396 500 522 492 
835 409 645 594 524 495 515 523 830 199 468 457 552 530 537 504 635 435 445 433 491 481 508 482 
735 332 629 502 543 491 522 487 734 203 531 479 538 509 521 534 639 317 499 474 502 504 493 528 
683 436 614 497 491 513 511 492 651 270 496 472 451 500 513 515 482 404 455 490 529 525 507 495 
767 622 576 411 529 504 489 479 725 238 407 383 441 543 494 521 398 334 607 569 565 513 520 491 
800 716 636 455 500 521 505 535 749 237 407 345 505 527 500 498 358 390 542 534 488 537 487 499 
764 812 602 419 567 515 509 492 679 213 402 372 518 490 511 506 201 463 494 458 521 494 511 501 
665 590 559 498 515 537 508 542 608 329 533 425 559 489 512 497 440 448 448 457 495 497 522 503 
839 645 563 461 506 497 508 484 787 301 410 378 443 496 498 514 479 476 475 548 520 472 495 512 
960 781 748 332 646 399 557 549 947 140 269 240 441 561 464 518 340 454 561 563 588 513 484 534 
870 897 973 928 842 693 572 559 855 23 395 652 456 535 506 515 0 865 111 577 550 447 550 512 
891 654 790 713 677 577 591 589 884 116 496 599 511 507 536 503 422 591 372 537 520 524 516 507 
673 507 779 689 607 551 532 543 657 118 616 499 486 527 488 511 334 445 444 474 511 490 536 516 
682 733 813 767 619 611 588 561 658 78 545 564 492 527 528 514 95 626 352 459 513 502 523 554 
680 576 741 673 576 561 526 536 658 108 558 496 487 531 520 489 262 493 428 461 475 502 521 481 
628 501 617 594 526 523 520 548 614 218 514 498 533 487 501 530 395 416 434 512 505 492 491 513 
677 480 594 528 481 512 544 526 662 235 503 515 532 524 513 516 486 406 449 517 508 501 531 498 
503 431 587 526 548 501 520 488 476 164 509 517 516 516 486 518 300 319 431 504 505 495 500 512 
547 466 572 550 505 518 476 510 516 170 543 465 521 504 521 500 339 301 451 515 514 510 513 525 
556 512 522 517 495 479 526 498 478 197 599 442 499 517 495 532 316 303 459 509 534 500 509 520 
779 815 948 860 850 828 614 611 771 33 938 532 563 497 518 508 9 775 728 466 465 531 519 491 
940 598 754 723 696 607 600 624 935 138 742 541 532 486 528 526 514 529 684 497 482 532 509 497 
669 402 792 705 622 553 568 561 655 144 785 468 515 539 516 512 393 425 664 442 503 486 489 481 
642 639 848 714 646 582 573 564 619 129 831 448 504 512 522 511 171 532 580 462 516 517 512 508 
677 558 819 652 628 581 565 535 669 113 819 441 532 523 484 513 324 448 577 524 475 516 531 522 
571 437 755 531 537 520 549 579 555 122 773 381 549 511 494 504 334 347 492 540 539 523 520 505 
559 354 697 548 512 522 538 534 551 171 692 417 505 482 535 530 446 273 563 483 512 494 504 501 
335 340 710 481 502 511 517 504 325 151 625 452 491 515 499 511 265 187 439 581 517 545 507 490 
278 156 676 472 497 502 523 520 276 120 550 479 473 518 516 486 276 121 376 633 510 510 526 520 
72 45 319 491 534 521 505 503 68 42 237 478 479 498 497 515 69 39 190 473 536 529 511 499 
729 734 938 786 800 790 619 596 720 669 265 315 454 472 496 500 544 204 367 540 555 521 536 523 
861 579 698 682 629 621 551 564 864 510 377 393 506 502 540 483 801 248 449 514 548 492 504 546 
592 271 733 508 530 540 505 533 601 294 571 379 491 490 511 535 574 232 543 539 530 498 536 516 
379 431 682 468 563 526 522 549 368 368 494 438 487 497 522 499 328 304 485 548 508 540 487 518 
472 319 598 518 536 527 506 502 467 260 425 551 493 500 541 535 446 232 352 644 509 506 541 492 
194 241 547 530 504 541 513 509 186 172 351 646 490 507 533 536 198 133 271 578 511 502 542 522 
56 78 458 603 564 507 501 508 57 64 219 764 403 530 511 497 59 56 189 566 473 508 530 533 
66 39 399 661 543 506 505 490 69 28 144 751 428 504 519 499 69 29 96 492 601 484 494 509 
31 25 211 758 426 523 506 510 31 21 83 562 537 545 510 521 31 20 53 381 659 462 508 523 
0 14 202 441 534 511 551 507 0 2 194 271 581 522 502 487 0 0 187 216 548 487 532 518 
300 427 549 483 540 522 509 514 252 347 461 505 513 507 517 476 187 485 493 527 523 504 517 508 
417 334 532 520 524 506 522 533 417 251 512 516 511 519 522 511 424 232 499 516 488 530 497 526 
387 268 508 435 483 509 502 484 387 167 486 572 508 518 533 513 397 157 487 519 536 494 503 502 
132 292 581 469 520 527 496 500 133 172 451 641 567 491 487 501 138 166 338 647 505 499 483 524 
16 220 484 521 413 558 507 510 15 42 396 572 571 507 485 525 15 32 184 509 559 521 515 510 
0 169 357 615 466 489 482 513 0 14 332 537 497 544 479 514 0 8 92 476 671 530 494 512 
0 82 419 662 456 512 518 491 0 0 339 369 577 504 551 526 0 0 33 464 680 530 481 508 
0 41 480 683 448 561 533 534 0 0 379 294 605 586 525 476 0 0 43 506 719 447 543 521 
4 136 441 536 512 503 507 534 1 65 338 330 499 541 478 505 1 43 125 473 595 420 485 517 
0 0 597 576 529 555 491 498 0 0 286 527 529 506 498 532 0 0 27 711 320 627 518 554 
949 44 286 727 207 221 278 773 930 56 51 326 205 289 785 776 395 585 579 693 776 768 234 751 
984 27 427 594 629 782 245 262 980 26 33 973 288 245 239 254 978 21 34 391 656 279 816 772 
929 51 409 627 160 234 261 754 922 26 111 434 248 778 264 760 405 542 593 907 617 758 775 760 
891 115 292 148 700 207 783 249 376 538 633 955 728 766 232 773 371 535 623 796 170 758 244 776 
864 153 170 194 273 270 773 767 349 533 657 922 195 778 777 266 334 541 637 276 720 778 772 229 
307 677 689 780 836 778 267 742 296 586 710 281 743 772 801 766 274 590 644 236 331 819 769 242 
314 663 617 836 765 283 261 765 288 591 697 197 811 258 769 755 275 589 610 199 335 274 781 755 
326 634 620 868 710 286 256 788 296 592 718 79 900 721 263 270 273 614 613 186 252 758 263 259 
255 647 687 278 748 278 761 766 187 686 755 168 236 275 246 257 89 766 291 806 792 268 246 756 
310 648 676 711 220 775 253 741 113 827 847 272 745 231 277 253 21 906 885 352 273 246 242 267 
