835 228 612 487 501 528 524 522 822 227 532 524 510 503 524 502 803 244 561 477 523 512 519 513 
887 398 630 481 504 511 538 524 867 403 529 542 511 513 489 482 865 460 479 524 510 506 493 521 
872 340 659 530 548 525 524 510 843 399 611 531 531 474 509 498 825 540 485 490 526 524 491 516 
975 609 445 436 502 500 494 512 945 710 313 418 532 487 486 511 919 801 269 463 522 523 527 528 
994 388 696 628 566 508 537 529 966 625 465 437 478 567 504 508 948 778 337 488 543 529 492 512 
974 472 568 507 491 526 491 511 925 574 452 411 467 476 528 529 879 729 343 390 568 514 489 502 
967 389 651 627 514 499 514 518 922 528 521 543 540 501 538 488 903 722 343 382 511 505 536 510 
989 464 672 614 570 546 538 541 969 543 561 552 520 527 527 520 948 736 379 476 464 508 513 495 
920 485 662 589 536 542 506 539 881 562 559 547 511 493 542 504 847 683 450 491 511 529 482 504 
944 410 605 589 522 496 520 518 882 634 400 411 496 523 529 499 828 799 309 492 518 518 494 518 
965 442 661 689 582 555 555 541 925 788 327 358 492 502 516 505 894 849 323 692 476 510 484 521 
962 393 727 621 553 536 502 535 921 505 606 529 532 515 493 509 881 658 422 484 497 533 545 518 
874 352 744 511 524 529 517 517 823 358 745 584 518 518 527 493 788 500 600 565 489 514 493 526 
949 296 763 662 503 503 540 532 879 336 693 652 592 504 532 518 782 680 405 383 480 503 494 515 
925 374 723 610 562 497 494 537 857 432 633 589 506 505 522 494 827 614 408 439 539 527 513 546 
957 428 784 565 565 519 536 528 905 375 757 652 537 488 504 528 864 522 532 510 525 517 541 483 
852 408 747 545 569 570 539 535 816 403 703 640 555 524 505 534 754 642 558 522 485 508 494 540 
889 508 772 527 603 571 547 540 867 457 774 646 541 539 537 533 862 524 702 682 571 526 537 509 
922 591 731 572 625 620 607 556 891 582 697 563 578 554 548 569 875 553 693 575 549 552 537 507 
885 460 679 498 571 542 531 519 783 423 672 500 527 508 530 498 679 450 587 578 507 496 506 530 
895 668 626 603 608 560 549 576 852 541 606 564 541 505 526 500 740 483 481 496 551 524 497 539 
935 389 684 360 527 502 514 511 882 386 676 375 580 510 501 494 883 349 649 628 459 531 513 579 
958 330 715 394 468 565 510 528 943 324 771 356 576 540 483 513 947 319 803 426 545 527 528 538 
935 415 606 523 533 551 540 539 908 362 579 466 534 539 537 516 831 416 631 423 465 499 544 494 
962 625 532 605 572 561 526 554 941 440 544 546 505 519 526 515 852 380 434 525 527 487 526 525 
702 632 495 525 541 554 530 490 618 526 508 520 528 514 509 509 516 556 472 501 517 527 524 528 
200 698 772 610 576 518 514 498 131 693 340 605 544 535 522 493 119 623 322 446 549 468 494 521 
71 790 905 647 367 434 638 541 24 825 81 753 489 602 443 576 12 686 199 318 699 435 400 440 
961 202 719 415 507 501 528 534 946 196 657 474 511 510 507 508 951 214 681 513 484 507 474 488 
924 375 618 511 538 523 528 522 918 366 574 531 490 502 532 506 927 402 557 554 482 534 494 503 
55 811 406 532 519 541 518 541 28 729 459 535 527 482 526 511 33 714 440 513 513 498 532 503 
144 761 429 488 524 521 500 493 110 811 391 513 515 505 502 468 160 801 384 521 534 540 497 516 
263 765 373 489 505 524 514 545 267 784 365 497 489 518 508 515 277 790 457 486 551 505 529 515 
317 691 450 510 504 521 508 522 319 744 422 476 527 504 503 495 334 784 463 496 491 520 476 523 
418 735 352 427 475 506 513 540 420 841 277 406 471 504 549 551 439 854 382 454 541 522 540 486 
433 647 432 523 548 527 512 514 435 860 273 401 430 533 513 531 443 905 409 380 555 506 516 518 
547 764 290 486 516 513 550 532 547 879 208 473 483 494 496 499 548 924 324 425 558 513 518 497 
635 600 422 489 529 531 512 522 639 837 197 350 508 479 511 535 639 947 112 471 554 511 527 494 
739 338 643 672 624 486 506 482 745 578 433 442 481 533 515 533 746 819 217 308 514 523 511 502 
836 372 640 644 543 532 520 535 840 648 372 404 478 515 527 522 853 871 149 286 494 522 510 524 
943 253 745 758 536 509 521 518 944 403 599 646 549 505 519 491 957 728 279 339 463 512 510 553 
987 153 847 741 456 514 528 498 989 256 748 693 584 493 509 498 999 607 393 396 442 490 514 523 
1001 132 892 873 479 523 514 484 1007 264 749 769 626 492 508 476 1020 785 226 285 456 519 522 518 
993 157 879 817 502 549 536 500 997 322 716 717 601 486 500 495 999 734 307 345 470 522 510 523 
969 129 880 576 483 507 511 520 985 186 819 794 542 505 518 522 1006 584 438 448 495 509 526 522 
1001 78 930 669 434 512 519 506 1005 100 906 744 451 540 489 501 1015 401 599 619 560 484 535 496 
985 93 916 525 497 517 472 536 990 180 855 693 498 513 529 519 1002 518 513 524 521 549 513 508 
986 96 901 521 484 525 502 506 987 169 867 688 506 507 524 530 995 413 624 614 533 521 509 506 
964 421 761 566 498 518 530 526 964 573 581 530 542 472 513 528 963 730 403 509 514 478 512 515 
964 294 792 338 476 511 532 534 961 299 824 289 571 536 542 518 957 283 792 512 522 500 512 526 
1009 15 719 319 594 508 509 533 1010 14 809 247 571 501 502 532 1014 10 937 185 627 466 518 502 
1024 0 778 254 507 495 510 506 1024 0 771 259 466 573 526 507 1024 0 883 150 508 457 511 519 
1024 0 612 410 405 486 507 544 1024 0 618 404 407 474 483 486 1024 0 767 259 335 471 514 485 
1024 3 24 956 619 446 515 512 1024 3 81 917 700 513 495 520 1024 3 122 883 767 513 511 508 
1013 128 122 767 530 520 476 507 1018 130 101 815 494 544 509 497 1020 130 160 799 559 526 514 528 
922 123 446 597 549 594 599 620 923 122 217 714 686 677 314 361 924 126 647 336 316 355 389 388 
325 624 665 491 525 479 541 518 441 629 596 529 532 512 493 494 495 532 523 533 535 512 490 499 
819 451 513 478 514 492 466 506 833 431 510 524 497 536 530 514 831 474 476 506 518 524 506 488 
730 552 446 526 501 512 531 524 716 543 462 485 521 519 517 516 728 546 427 532 515 519 520 503 
630 586 535 459 511 513 517 515 580 606 486 493 528 538 502 518 595 606 511 459 519 512 492 489 
480 661 496 487 523 517 529 540 423 706 432 503 506 480 511 527 419 701 452 507 506 513 543 535 
401 610 358 536 498 518 526 508 365 629 358 512 508 523 494 495 399 621 359 539 527 535 528 510 
204 549 491 474 529 508 491 481 198 590 462 478 508 523 533 530 221 698 371 527 501 518 498 497 
402 424 565 501 492 529 513 497 415 445 502 501 502 479 510 519 459 503 415 480 496 519 494 487 
342 469 677 524 488 509 506 526 338 529 621 498 493 499 497 524 366 589 569 475 523 508 505 517 
288 563 608 517 520 526 507 513 279 565 622 549 494 523 518 511 300 596 680 496 511 512 506 510 
172 682 482 502 504 518 517 481 162 693 515 500 511 506 505 504 184 712 572 490 497 504 527 516 
148 807 277 543 503 553 495 496 146 836 332 558 512 527 517 483 158 836 631 484 544 538 543 510 
150 748 318 533 534 527 510 514 150 844 274 503 537 511 516 533 156 877 514 479 522 532 506 509 
74 808 366 516 530 504 510 520 81 881 328 548 492 514 505 509 96 912 400 528 508 519 475 521 
177 714 326 499 527 516 509 515 178 827 236 558 536 503 505 510 177 911 384 514 488 547 499 509 
295 349 495 581 467 506 515 520 298 466 408 565 505 534 503 487 296 609 351 544 513 496 512 502 
419 282 690 502 483 511 518 517 423 508 490 484 520 507 505 521 424 712 385 617 499 520 504 515 
590 336 686 576 477 496 527 506 592 468 561 613 511 475 552 536 592 606 492 579 507 513 542 524 
755 159 859 603 425 483 536 528 757 222 804 778 445 507 536 481 758 386 704 704 620 509 494 538 
895 33 978 553 501 537 516 524 897 75 949 784 409 485 521 503 897 151 877 849 574 530 526 530 
990 429 651 556 492 529 489 513 992 520 555 540 447 522 532 516 994 562 505 500 515 532 537 522 
1008 151 778 400 572 539 526 536 1007 179 764 606 489 455 532 513 1009 320 644 605 531 500 502 513 
1006 46 943 632 395 479 497 554 1003 56 947 734 451 507 513 499 1009 135 867 748 585 504 482 510 
984 63 867 388 461 480 521 521 986 70 834 457 440 489 517 520 989 77 882 416 468 476 483 507 
1007 21 710 337 398 472 538 524 1007 21 748 302 367 533 503 482 1008 21 870 182 312 503 499 502 
1024 0 347 680 668 539 515 540 1024 0 250 776 748 541 515 493 1024 0 494 534 548 486 513 493 
1024 0 228 799 704 543 485 512 1024 0 239 787 674 543 523 520 1024 0 223 804 714 531 503 520 
1024 0 207 806 751 644 359 454 1024 0 221 802 751 758 538 485 1024 0 210 817 762 759 554 527 
33 819 476 502 510 518 497 478 103 883 524 508 541 501 492 524 68 827 537 475 518 488 500 514 
283 464 565 475 512 500 491 512 275 688 524 467 485 489 528 489 289 518 522 463 518 509 521 517 
558 522 446 523 524 501 506 492 555 610 370 513 505 549 504 515 567 545 416 552 507 495 512 496 
913 669 396 547 508 499 512 525 912 697 382 483 527 544 515 504 926 722 424 511 528 512 512 498 
973 782 384 570 502 513 539 507 965 749 343 530 517 528 515 549 974 663 369 449 493 503 530 527 
939 431 475 490 486 539 492 500 888 370 501 500 509 519 507 526 857 357 479 528 532 507 486 504 
815 687 402 573 515 513 499 538 785 677 312 539 517 531 534 492 797 643 326 495 514 518 528 503 
560 545 475 500 512 518 523 497 535 560 408 485 504 522 506 486 531 600 381 509 507 536 501 489 
447 509 535 486 486 524 489 506 428 492 511 496 499 509 486 509 441 584 400 460 499 521 534 549 
282 560 427 545 528 505 495 491 257 553 390 538 484 499 479 502 282 606 340 509 511 490 533 501 
427 346 560 545 520 494 497 533 415 359 533 586 522 516 495 506 402 466 417 533 523 514 508 507 
301 320 649 392 535 499 509 525 305 297 617 396 492 483 474 487 312 286 616 535 444 502 502 486 
275 258 602 465 507 540 509 512 273 212 651 457 469 458 491 523 276 240 621 536 445 469 509 491 
360 371 523 591 518 515 496 505 360 372 631 503 500 510 511 525 394 334 667 535 539 514 492 522 
383 432 510 467 473 532 531 495 386 419 530 498 456 470 499 495 413 394 549 477 502 480 503 518 
160 589 677 502 520 516 520 507 167 591 701 511 453 508 520 517 235 607 643 465 509 514 529 513 
292 712 559 537 485 494 520 523 292 714 587 536 509 518 510 528 324 681 763 449 529 488 513 503 
124 918 600 507 494 519 512 544 116 912 689 580 501 505 517 526 229 795 723 544 533 507 518 512 
179 825 597 528 519 524 500 506 179 845 657 508 528 473 537 526 286 738 687 503 497 499 502 530 
335 659 447 527 491 507 491 512 310 707 492 536 500 490 535 528 395 626 560 470 535 530 514 520 
528 476 425 527 485 513 526 519 512 518 411 537 513 530 483 533 567 464 464 537 532 523 505 504 
800 280 517 520 496 515 504 524 796 268 534 512 512 509 514 512 820 249 538 528 536 516 529 500 
897 130 706 512 542 543 533 502 900 128 702 647 443 504 507 529 909 120 736 676 534 491 518 513 
1021 6 1013 358 620 505 509 512 1021 7 1014 587 457 504 483 524 1019 10 1015 685 425 512 529 511 
987 48 858 234 470 521 516 517 990 48 845 271 496 546 511 525 993 52 906 290 434 552 485 528 
965 75 684 382 466 508 501 529 967 73 631 439 530 504 554 488 969 76 749 317 434 488 523 492 
1007 18 297 747 696 555 512 500 1007 18 289 749 676 541 521 511 1007 18 251 785 713 534 514 504 
1024 0 363 683 621 605 565 490 1024 0 356 689 647 614 577 593 1024 0 290 750 672 650 578 522 
25 286 595 519 514 485 509 516 59 687 436 517 515 499 494 501 40 335 572 481 511 488 504 509 
12 191 594 488 486 504 499 496 15 668 432 537 527 490 513 524 15 302 556 491 492 519 497 510 
64 331 593 511 495 519 499 506 74 434 568 515 521 519 520 499 99 333 532 478 487 524 499 517 
634 660 484 485 474 504 496 515 633 621 462 496 513 508 492 502 647 636 485 489 516 515 495 501 
437 443 493 500 515 531 514 489 437 434 483 477 501 508 503 534 436 488 469 568 489 513 517 526 
919 545 451 537 512 499 495 502 892 495 446 536 494 539 531 510 898 475 439 541 510 487 527 515 
948 873 334 601 535 520 532 524 943 858 238 617 488 516 542 509 944 839 234 490 520 523 498 523 
987 813 385 550 510 516 504 512 986 783 296 533 514 509 524 482 985 746 300 486 512 512 515 528 
979 777 369 553 522 522 499 504 974 739 284 529 523 508 505 481 973 655 328 478 516 518 503 523 
918 362 468 532 516 510 538 493 876 352 470 508 526 528 521 493 883 300 460 500 518 537 497 516 
619 547 402 512 502 528 521 495 566 551 418 511 522 521 514 509 574 528 435 536 533 501 525 481 
607 509 410 463 490 527 534 517 559 475 446 493 494 502 516 484 571 468 423 457 507 500 513 534 
217 362 455 509 523 510 498 508 187 366 462 479 445 471 489 489 198 430 397 496 429 477 489 507 
527 340 453 490 503 506 498 515 512 339 421 508 508 519 484 539 524 321 461 525 523 505 538 527 
700 131 492 423 511 528 488 514 664 148 443 411 422 454 448 442 663 141 420 416 437 465 485 528 
526 331 593 508 536 550 500 531 529 321 501 533 542 510 523 521 552 338 433 533 540 488 480 519 
277 517 557 530 532 507 499 505 271 459 585 585 477 530 541 514 267 479 560 589 548 518 469 495 
585 403 441 517 538 556 508 481 577 380 530 454 519 502 522 529 604 238 603 635 488 523 536 479 
928 237 370 558 509 528 537 508 933 214 355 533 514 516 504 514 943 102 483 539 546 497 507 518 
1023 224 377 534 519 501 520 535 1022 257 312 528 519 501 540 497 1024 210 419 544 490 475 520 501 
1015 110 566 539 519 521 514 515 1016 111 576 527 509 488 482 525 1019 97 659 481 523 498 526 513 
1009 114 706 548 490 505 490 505 1009 105 709 538 507 497 523 520 1008 110 720 549 511 494 525 510 
1002 35 682 448 543 521 502 491 1009 25 714 420 527 534 512 512 1012 30 761 470 557 490 522 525 
892 135 529 427 524 530 507 523 898 129 564 453 540 491 530 573 913 114 628 431 525 506 511 519 
986 38 865 156 356 501 528 474 977 47 873 172 356 538 541 496 977 47 933 164 329 503 525 542 
1024 0 866 185 325 529 512 506 1024 0 827 218 321 507 503 502 1024 0 744 297 383 502 511 500 
975 59 543 516 500 507 502 489 975 59 528 526 502 521 512 495 975 62 546 513 505 526 522 495 
985 43 221 836 772 437 533 498 986 43 220 828 762 460 493 465 987 46 231 824 749 455 471 502 
312 588 433 517 506 520 508 516 369 633 534 495 503 496 465 504 377 597 492 532 495 514 492 507 
415 600 583 447 516 503 516 502 483 569 577 596 493 519 495 513 554 531 583 579 481 505 513 512 
195 726 572 505 517 513 530 510 269 692 651 558 501 497 506 527 336 673 664 590 514 486 507 509 
349 664 525 544 523 520 513 494 408 647 574 530 519 484 509 511 473 628 585 536 526 511 521 506 
55 752 352 531 505 499 506 508 58 752 347 505 497 500 521 530 76 788 401 514 493 509 472 494 
562 724 442 491 513 494 498 526 561 677 454 507 522 530 491 492 562 713 460 569 498 479 544 511 
449 652 486 466 519 516 521 522 448 640 462 510 532 501 512 510 453 767 373 484 503 511 516 481 
933 736 492 491 516 505 519 531 927 722 460 527 515 533 496 538 947 707 433 531 529 508 525 520 
901 801 494 557 523 470 490 501 893 777 426 578 519 526 511 501 896 757 384 538 522 516 516 504 
984 453 507 520 502 504 481 502 969 351 479 502 504 515 509 491 960 317 482 512 506 500 533 505 
909 220 598 510 519 531 519 524 822 238 521 515 489 517 527 501 786 246 488 498 520 521 487 518 
958 544 433 558 482 502 527 514 944 463 405 466 519 525 528 552 941 386 450 465 516 541 509 508 
902 693 395 540 486 514 494 525 865 670 367 498 518 508 516 523 855 592 416 462 517 516 504 505 
853 471 463 520 503 514 517 520 804 493 450 553 530 497 514 502 823 442 447 499 512 530 524 494 
992 353 610 482 506 529 525 550 976 332 536 496 508 508 522 526 980 292 484 504 500 536 516 468 
526 516 540 530 510 525 475 541 514 512 494 539 504 509 531 512 514 519 504 517 510 534 530 479 
249 782 405 488 518 508 498 514 240 758 391 489 493 511 546 510 245 765 486 511 496 511 483 499 
205 505 617 506 547 504 507 529 183 569 622 493 512 513 501 502 191 686 570 549 490 493 507 522 
643 169 590 487 510 513 510 527 641 159 616 458 457 482 464 540 649 168 667 447 445 512 513 490 
186 148 536 527 534 528 504 494 191 184 743 445 498 503 518 512 207 287 704 562 539 525 491 529 
841 244 590 500 490 510 520 507 841 265 544 485 446 467 496 494 840 261 560 485 458 465 507 491 
903 277 546 541 500 529 513 544 873 319 538 502 493 512 530 520 851 309 549 477 513 506 493 523 
983 161 732 486 492 502 476 522 982 136 724 482 518 500 518 503 981 94 730 503 522 546 502 495 
1011 34 737 478 516 527 532 509 1013 34 763 470 494 505 518 509 1014 41 782 466 501 523 495 510 
900 135 561 508 508 548 539 521 880 159 551 520 496 529 506 500 890 144 571 512 478 543 501 512 
915 110 408 631 626 545 509 522 908 117 664 387 431 506 526 496 909 116 679 367 413 521 521 499 
1024 0 631 393 413 495 499 524 1024 0 738 286 315 478 514 525 1024 0 777 247 332 498 537 505 
1024 0 164 861 835 737 272 492 1024 0 246 778 776 753 737 308 1024 0 721 303 324 363 351 372 
999 48 637 419 505 518 536 504 992 63 730 410 515 531 538 518 945 101 533 496 537 491 497 498 
997 55 403 557 544 518 516 486 995 65 559 483 436 499 497 537 946 104 395 544 526 509 514 494 
793 302 406 538 481 496 498 546 915 198 362 549 520 498 507 511 925 180 301 541 525 531 501 524 
644 536 515 473 507 525 523 506 792 399 444 507 497 507 526 516 867 332 391 536 551 524 529 556 
659 820 429 539 519 503 514 500 684 816 698 470 513 516 484 512 721 812 783 592 484 513 561 519 
748 446 490 452 496 501 508 527 767 485 493 540 527 516 501 499 834 525 568 476 533 524 531 510 
289 770 468 538 518 504 526 524 331 738 455 511 499 508 511 518 381 735 533 498 507 509 540 504 
715 820 471 538 503 514 494 504 718 866 501 523 491 510 515 512 715 907 611 429 477 524 514 526 
92 359 555 481 482 510 519 516 94 437 495 492 527 507 518 506 94 584 407 542 536 496 500 525 
912 390 540 526 531 557 510 504 902 358 448 557 500 506 520 512 891 371 412 550 515 517 509 528 
871 445 467 541 497 513 488 484 852 399 429 510 516 507 518 517 853 375 407 505 515 522 526 509 
966 843 349 541 516 506 507 510 963 792 265 528 526 523 528 500 964 712 310 467 521 504 524 536 
1024 971 290 610 519 506 513 507 1024 947 205 534 521 493 491 529 1024 886 200 445 504 514 507 500 
1024 858 253 523 517 514 513 509 1022 745 262 516 479 522 512 531 1023 558 417 480 525 496 524 507 
941 750 448 553 504 525 517 511 914 693 379 560 518 535 500 517 916 580 422 486 503 510 472 487 
724 648 475 511 489 518 517 532 698 620 454 530 516 515 496 508 694 570 457 553 540 510 492 510 
849 595 521 482 507 525 494 501 795 589 489 543 512 517 509 534 797 546 489 537 514 507 497 508 
513 623 552 532 516 494 509 514 485 608 545 547 533 504 528 528 516 576 580 519 535 488 479 512 
679 344 619 526 529 521 508 515 710 312 594 512 482 506 505 492 760 324 510 517 482 488 502 518 
56 736 563 505 516 495 502 496 71 662 571 535 529 517 514 541 162 645 519 500 501 488 488 514 
572 193 346 390 544 538 476 504 559 150 342 368 365 364 414 438 566 120 352 358 359 407 479 495 
989 293 549 519 482 504 516 534 967 201 608 525 540 512 500 502 957 155 628 516 490 513 488 505 
872 354 537 459 496 496 517 514 865 281 589 532 515 487 544 557 862 152 686 608 539 540 529 513 
1022 102 778 540 515 507 533 508 1018 61 780 536 522 503 524 496 1018 47 723 504 524 506 504 514 
1022 95 792 578 502 519 497 538 1020 73 788 537 510 495 495 500 1020 36 723 485 546 505 493 513 
884 143 597 489 514 524 516 506 865 161 578 509 490 530 517 496 858 167 571 539 480 531 500 510 
853 171 334 628 572 521 487 523 807 217 414 560 576 539 544 508 821 203 434 532 532 487 507 527 
1024 0 568 474 422 406 376 630 1024 0 557 486 432 408 492 519 1024 0 513 527 487 450 434 488 
789 490 597 517 511 514 508 518 822 453 557 567 546 510 530 526 810 470 501 585 537 555 522 512 
831 424 560 534 545 516 523 515 821 458 537 545 555 523 514 542 774 511 520 557 539 547 536 545 
831 363 578 481 500 498 499 491 829 389 483 574 539 527 527 516 790 435 434 559 529 513 510 521 
656 519 524 509 498 508 496 513 674 564 544 511 507 520 511 511 645 618 600 539 526 517 502 515 
511 623 528 472 498 511 502 516 531 637 602 478 497 469 521 517 498 695 640 556 546 506 524 535 
171 847 682 573 494 493 517 496 194 851 768 572 502 548 526 520 249 818 758 577 543 497 507 528 
498 808 290 563 471 513 510 529 504 831 439 543 522 530 527 511 513 852 554 533 504 502 508 519 
647 520 418 524 478 507 513 507 697 481 521 531 506 489 506 511 760 464 648 509 522 518 523 519 
31 907 365 509 512 507 515 467 49 872 412 524 513 526 501 518 122 878 422 515 496 495 518 532 
543 507 527 455 530 502 517 532 542 451 512 519 545 512 529 503 549 570 397 476 491 515 517 511 
995 428 548 510 520 507 484 525 985 347 523 516 506 511 529 520 991 325 522 511 501 506 530 519 
707 578 466 507 509 483 492 503 706 535 473 527 523 498 490 511 705 511 495 542 524 504 502 494 
736 658 460 497 483 505 533 511 727 632 450 502 526 516 530 531 732 575 452 529 531 543 516 514 
888 845 434 535 526 492 531 486 882 811 377 489 521 487 537 530 895 714 382 515 553 498 533 521 
1013 971 304 646 500 521 521 528 1013 925 235 484 543 505 536 495 1013 831 285 399 502 498 526 529 
993 706 377 530 508 516 504 496 989 680 258 582 523 523 490 515 993 619 266 514 508 506 522 501 
999 841 371 557 512 487 510 512 987 812 216 552 509 523 516 527 977 655 320 488 523 482 494 527 
955 711 514 503 503 567 525 535 933 688 404 523 511 505 497 470 908 613 390 551 513 516 521 538 
932 569 580 514 543 536 531 547 945 551 506 542 535 514 508 525 960 564 471 546 499 525 509 507 
503 680 535 543 502 521 517 526 513 668 515 522 529 496 522 507 552 647 576 561 496 514 532 539 
747 299 448 434 510 545 468 503 739 231 484 439 417 462 473 483 742 196 479 455 438 464 465 524 
1017 300 613 529 520 535 533 497 1012 245 619 522 517 543 520 515 1006 172 672 532 500 531 530 509 
473 478 555 530 505 519 515 498 464 451 557 532 504 535 506 522 474 437 573 505 484 492 531 511 
1024 396 547 432 479 528 524 523 1020 237 670 557 502 503 491 511 1015 56 797 667 489 505 498 511 
1023 109 731 568 475 503 520 497 1017 60 710 508 488 525 516 513 1006 37 639 485 519 519 506 559 
1020 107 706 558 490 488 502 516 1015 59 727 545 528 484 510 514 1010 44 686 521 492 514 556 532 
983 47 452 503 510 526 530 506 974 55 463 496 514 517 502 501 966 64 458 518 509 507 515 502 
779 243 265 419 402 600 519 520 784 238 266 410 403 577 530 533 791 231 272 408 466 547 537 524 
877 414 646 552 518 531 524 505 892 368 595 501 516 542 529 499 870 359 430 566 539 509 512 496 
874 290 523 513 537 504 521 524 881 270 492 544 533 497 501 489 854 285 382 567 510 512 528 551 
849 347 523 445 503 483 507 501 883 332 415 568 519 501 504 498 855 380 409 539 525 504 534 515 
852 639 598 503 510 508 530 535 865 656 622 586 536 515 493 504 846 696 701 620 574 555 528 553 
900 847 735 471 505 492 488 492 905 861 813 593 529 546 505 518 916 878 839 737 581 584 571 551 
926 878 740 357 489 507 491 506 946 897 819 485 576 522 528 509 958 907 845 730 554 595 554 561 
787 828 463 478 516 508 501 534 828 830 709 451 486 515 509 487 875 809 793 564 536 545 526 530 
488 581 480 564 521 489 521 483 560 650 573 461 463 488 493 522 659 654 569 537 493 464 535 508 
234 616 339 442 488 499 522 505 269 661 334 625 518 499 515 540 328 669 383 540 555 506 524 519 
367 222 580 488 515 505 494 543 378 322 515 514 528 533 503 523 419 334 523 514 504 506 490 539 
672 678 335 491 519 501 511 522 662 697 323 499 539 524 502 520 677 715 333 565 530 461 514 511 
0 281 702 551 470 516 496 507 0 352 649 534 514 496 526 490 0 628 389 528 518 521 506 516 
43 43 618 476 488 503 532 517 43 42 708 441 507 485 510 534 43 63 797 471 533 507 510 504 
840 719 410 532 519 505 522 527 835 690 342 557 529 504 516 515 838 646 368 548 544 515 515 519 
867 666 488 543 531 529 527 500 848 634 482 553 495 500 523 487 851 570 493 590 517 517 503 527 
829 676 591 509 497 490 539 513 822 676 540 502 503 502 502 503 847 656 485 545 492 504 510 520 
1024 1018 639 479 466 531 513 502 1024 1010 378 577 538 554 494 513 1024 999 244 566 487 527 514 494 
1024 960 187 639 495 496 530 517 1024 892 172 519 528 533 527 543 1023 791 234 369 500 534 523 508 
979 606 296 426 529 537 525 535 953 485 424 492 502 540 543 530 912 342 611 581 516 512 512 485 
977 689 437 541 496 526 528 545 965 661 396 527 537 498 508 485 943 626 397 489 500 490 523 491 
996 419 539 518 510 489 523 530 976 375 539 485 482 509 507 483 972 307 574 507 499 533 494 537 
1015 236 630 560 515 486 492 505 1011 194 652 549 503 514 534 509 1005 142 677 550 539 489 500 495 
390 674 642 523 502 542 488 497 332 705 668 504 519 511 522 473 356 658 638 498 501 527 500 524 
491 273 513 504 527 516 489 518 490 210 559 535 489 510 500 522 487 161 572 544 497 493 523 522 
1021 217 710 569 498 471 501 524 1018 99 767 583 510 499 516 511 1011 44 771 484 509 531 522 493 
1021 29 773 508 499 486 511 529 1013 18 695 440 538 522 512 526 1007 21 603 444 503 513 515 527 
1020 5 630 421 491 513 498 535 1012 12 546 432 520 539 487 493 1009 15 483 458 523 505 483 501 
1017 7 258 714 696 643 383 495 1012 12 252 725 677 652 389 425 1013 11 230 740 720 463 485 567 
834 184 646 479 506 511 541 534 861 156 442 546 520 505 507 516 837 186 260 524 524 446 549 517 
835 351 616 492 507 536 517 526 851 335 462 567 514 517 519 497 818 355 438 503 534 528 537 521 
843 445 645 524 516 534 524 465 863 433 614 533 499 536 516 497 863 446 509 597 561 543 509 563 
929 308 642 507 495 529 513 522 938 318 544 548 517 533 530 518 918 343 357 638 510 538 524 555 
757 264 332 535 495 498 490 529 807 234 314 535 515 494 512 497 761 289 297 462 533 529 504 537 
304 701 675 581 506 513 509 539 527 494 496 550 527 496 502 498 477 553 562 613 518 486 501 512 
34 990 813 499 498 517 530 553 197 827 812 544 537 525 531 522 253 771 766 567 511 510 499 523 
146 958 802 614 498 532 513 510 473 632 613 442 503 493 528 511 590 516 506 417 506 526 521 504 
329 965 170 451 518 550 518 483 332 993 499 551 577 491 536 491 333 1003 611 573 513 535 503 517 
808 636 469 487 500 550 490 517 820 709 499 515 509 499 528 469 832 725 550 552 535 507 532 545 
775 296 432 527 536 490 503 507 830 264 441 485 510 491 541 547 919 239 505 490 523 517 473 491 
86 886 414 540 527 520 475 519 96 882 413 511 513 460 530 529 156 857 469 469 520 516 508 510 
1 291 780 648 502 512 516 494 3 285 790 504 482 527 490 502 21 343 768 566 518 513 523 491 
306 431 607 396 556 516 526 529 306 424 588 433 531 523 529 519 307 459 631 466 521 514 500 538 
1024 982 458 497 494 513 495 512 1024 959 327 563 529 516 503 501 1024 951 320 553 484 514 517 499 
987 681 598 513 531 517 544 506 982 666 503 544 516 513 536 488 990 651 476 531 525 521 506 519 
933 773 569 523 530 549 542 504 907 738 498 532 562 524 495 491 893 714 460 564 511 551 490 516 
1011 992 527 610 553 521 542 513 1009 979 421 553 493 484 523 503 1009 968 386 454 484 510 507 526 
1024 979 100 588 528 522 523 488 1024 928 123 518 498 512 498 503 1024 815 223 376 517 493 512 535 
1014 867 271 568 498 511 526 508 1014 779 233 528 504 513 504 524 997 563 437 473 509 505 514 486 
952 510 381 488 509 468 525 506 924 406 484 514 508 523 524 525 898 329 555 539 518 530 515 517 
967 530 405 468 522 541 499 538 943 327 618 564 515 496 515 504 932 191 714 545 509 493 491 531 
690 407 595 509 501 535 520 515 653 404 612 509 501 491 515 526 690 354 530 473 506 527 541 506 
144 707 471 506 522 544 498 533 144 621 517 503 471 508 530 523 152 618 521 496 474 533 550 533 
953 195 663 528 507 520 515 528 939 118 662 466 499 496 516 500 911 82 568 501 497 499 516 505 
1009 147 717 574 532 502 491 505 996 89 745 518 517 494 525 521 977 66 713 443 499 482 479 502 
994 49 682 446 546 518 513 520 979 46 606 423 497 485 508 499 950 74 492 493 508 512 503 526 
1013 28 829 292 455 564 581 409 1011 22 803 297 295 568 446 462 1004 23 699 363 392 376 481 473 
1020 130 864 550 517 529 533 488 1013 101 632 468 528 541 514 529 978 131 198 578 544 541 509 538 
972 134 720 533 507 505 525 490 950 111 512 485 539 510 517 511 877 166 251 557 504 528 512 515 
950 203 586 493 498 530 541 522 924 210 407 566 539 505 554 519 820 299 320 538 492 538 497 507 
994 153 515 499 516 518 525 474 977 144 349 516 534 474 509 508 890 186 272 509 487 515 498 518 
976 78 344 563 510 509 525 538 961 87 325 526 506 525 501 499 872 171 217 537 500 508 499 536 
823 330 338 507 490 523 511 525 909 249 284 551 518 534 526 492 783 375 364 487 540 508 494 519 
377 787 693 542 470 540 494 522 572 610 557 543 525 483 524 522 516 676 628 603 547 525 536 513 
517 793 649 469 526 505 529 508 582 831 679 524 512 518 524 515 671 787 672 631 515 552 546 538 
562 777 481 426 533 541 500 526 589 841 665 529 531 518 506 519 659 829 734 589 503 535 546 538 
628 751 569 421 523 527 524 525 661 799 710 481 540 532 507 495 699 814 744 645 534 536 526 537 
586 707 486 437 510 499 496 501 606 815 559 552 506 520 488 524 671 836 641 522 508 537 536 507 
457 513 421 475 509 497 515 511 494 631 357 594 538 508 525 521 539 689 414 555 516 497 536 498 
134 289 592 482 503 536 497 519 164 404 444 496 522 479 526 502 209 380 445 508 516 514 510 504 
9 182 280 505 449 474 490 506 10 195 510 336 444 477 469 489 15 215 502 360 465 499 483 496 
900 837 434 496 508 539 486 522 901 834 441 509 521 533 495 480 901 836 465 493 498 511 514 508 
1021 794 689 423 497 517 533 484 1021 801 548 513 555 521 533 505 1023 837 424 604 501 499 513 548 
657 648 217 586 466 509 495 495 658 637 176 609 544 511 494 503 659 597 317 546 517 494 518 474 
720 546 382 483 477 514 505 469 702 501 365 497 516 505 514 520 689 425 438 539 496 495 504 518 
921 913 482 610 547 526 550 537 911 899 445 567 467 532 512 496 909 861 425 486 509 501 494 510 
1024 1012 542 536 518 526 525 541 1024 1003 325 534 534 508 490 522 1024 922 242 522 491 525 500 504 
1010 550 355 544 523 505 525 494 1013 470 364 533 514 535 507 510 1010 324 529 473 512 514 535 521 
916 626 400 530 463 512 504 515 882 529 432 521 554 524 502 518 855 389 561 526 500 533 505 500 
932 579 448 489 524 510 516 496 929 361 633 570 524 496 482 508 930 229 713 505 460 498 499 510 
50 905 712 453 493 514 519 481 33 886 521 563 522 513 506 532 39 891 510 597 531 515 479 548 
850 241 626 550 481 528 529 505 821 183 606 505 555 505 501 523 807 157 554 478 482 493 510 524 
770 153 655 684 506 506 478 520 769 89 722 570 494 532 540 501 769 53 734 347 519 504 544 509 
1008 67 766 525 516 528 524 496 979 53 697 493 516 490 502 532 955 69 541 485 523 517 485 511 
991 43 649 422 437 406 510 495 981 45 253 751 748 382 566 628 944 82 204 754 375 422 581 390 
990 202 741 491 552 522 518 500 972 193 476 596 520 514 522 515 922 236 328 521 540 538 506 523 
1000 549 690 614 549 521 518 550 1000 442 731 603 527 514 516 531 993 430 588 608 574 574 549 542 
986 287 650 542 507 506 514 526 974 143 648 487 497 506 513 521 942 140 417 531 536 519 513 494 
962 200 641 500 535 492 533 526 938 204 512 534 503 507 514 544 899 238 362 559 532 508 520 497 
916 709 690 606 512 533 499 506 924 722 685 670 586 524 524 493 921 733 696 714 656 603 590 587 
625 602 524 501 529 540 489 515 690 588 551 544 522 531 514 505 754 561 589 557 547 561 541 534 
413 732 647 457 534 497 498 500 482 689 669 588 517 558 497 490 593 598 598 602 545 544 503 532 
296 735 692 506 501 506 542 519 387 667 661 605 518 498 527 492 586 495 487 492 523 517 505 510 
83 927 482 481 545 496 528 540 109 925 726 512 509 507 526 503 156 896 813 515 529 521 505 521 
1 995 566 418 504 513 518 517 19 1001 720 659 496 540 482 513 73 951 780 641 543 524 530 522 
0 1024 764 424 489 498 507 490 17 1007 993 654 525 470 504 500 76 948 939 618 575 567 507 518 
0 998 63 388 468 527 499 540 2 1022 386 664 576 504 512 513 0 1024 361 696 577 509 529 515 
0 338 686 663 572 475 543 544 0 994 73 530 559 531 497 498 0 973 77 624 510 526 497 562 
13 65 846 498 528 515 546 506 14 459 570 552 498 503 519 516 14 453 574 480 506 502 485 534 
912 871 316 493 552 509 503 518 912 897 381 549 506 505 534 531 912 901 431 595 516 514 507 506 
628 554 518 536 517 523 505 517 630 594 523 615 505 484 495 517 634 669 532 595 536 513 509 527 
0 0 168 423 515 537 520 507 0 0 215 547 547 504 547 497 0 14 401 670 525 533 520 512 
3 4 7 110 444 545 528 524 3 3 6 47 413 507 464 533 3 4 7 309 483 475 527 472 
666 420 405 498 529 495 485 513 651 358 385 439 416 487 506 518 635 318 385 415 490 510 479 500 
975 821 489 586 552 534 515 514 960 765 465 501 529 512 542 522 952 680 488 468 497 513 500 531 
1016 745 410 599 492 532 527 517 1012 663 383 517 518 493 513 492 1007 537 427 448 480 507 541 512 
821 784 405 548 528 528 501 472 794 735 432 518 500 527 546 533 792 561 577 535 513 508 549 499 
850 579 450 490 501 498 504 506 822 418 618 515 536 551 547 494 805 311 687 558 475 540 530 529 
246 753 683 505 490 518 467 518 214 727 684 456 507 496 517 498 225 716 651 439 540 506 522 493 
722 297 521 484 509 511 541 518 684 261 534 504 538 487 515 508 647 284 494 501 498 494 519 520 
15 27 338 433 515 520 520 506 14 16 310 346 484 489 511 475 14 21 278 373 497 530 496 492 
926 133 691 550 485 522 513 502 901 104 635 474 537 538 525 516 863 97 517 466 518 515 500 540 
990 35 368 685 640 532 538 641 978 47 313 723 506 486 455 558 965 59 202 712 398 523 529 420 
951 513 719 528 520 512 520 528 961 524 642 580 548 531 505 536 960 546 534 668 581 565 580 572 
909 547 672 537 525 534 529 537 910 562 659 578 533 532 483 499 901 576 599 635 570 571 540 552 
922 455 602 485 532 521 524 515 900 385 622 614 499 534 532 525 885 379 584 548 531 554 559 527 
1005 206 753 470 542 521 510 535 1000 180 590 517 533 521 513 533 985 187 320 595 541 518 523 531 
995 98 654 406 504 522 491 516 984 96 385 607 496 498 501 538 956 113 220 578 516 511 510 503 
883 180 496 521 497 492 520 500 835 218 384 579 505 484 527 499 739 308 366 536 531 525 520 519 
869 343 348 541 514 508 523 536 823 385 371 510 534 529 507 523 710 492 481 496 524 535 527 498 
448 698 655 540 536 512 518 546 477 689 639 568 535 527 486 523 430 729 659 611 509 500 503 520 
405 679 729 519 490 506 520 531 483 593 640 617 499 531 504 515 464 601 642 607 508 496 508 502 
170 856 828 446 480 500 516 510 285 744 767 670 484 512 508 513 249 776 796 729 479 499 534 480 
3 1021 928 201 538 508 529 530 64 960 960 924 557 510 516 503 48 976 976 929 509 490 517 515 
49 992 275 577 523 523 524 498 75 967 919 415 502 501 525 524 60 980 921 327 506 516 527 490 
29 822 285 381 499 490 530 542 30 1005 278 717 592 531 500 516 27 1009 297 721 505 517 519 545 
468 441 633 563 573 537 520 501 481 749 369 570 462 505 505 522 491 791 373 611 473 496 519 521 
1004 689 359 521 533 517 522 498 1014 713 422 511 527 514 494 521 1024 726 460 502 528 519 495 515 
586 460 478 575 477 546 516 504 657 390 510 511 531 491 499 499 723 330 706 560 464 497 538 528 
0 489 557 522 478 513 529 507 0 526 551 500 521 521 513 531 0 654 495 539 474 522 501 509 
0 0 381 631 526 492 504 524 0 0 451 595 461 545 506 548 0 22 584 581 501 487 490 526 
192 169 111 620 479 561 496 506 190 149 91 569 432 451 455 514 188 130 122 676 419 483 532 486 
1013 618 412 521 516 532 528 504 993 506 461 493 513 519 493 494 977 370 557 514 501 500 504 531 
944 673 471 466 529 528 516 488 923 583 467 530 518 515 494 506 896 448 558 507 516 488 520 550 
865 762 414 514 492 496 496 520 829 714 434 540 523 518 498 511 833 561 538 473 514 515 510 505 
992 516 524 517 530 514 501 475 991 259 742 580 485 496 490 487 987 108 833 541 502 515 514 522 
1021 510 496 471 522 473 519 532 1020 144 760 536 476 523 489 507 1010 40 696 510 497 512 502 499 
560 534 614 512 528 501 518 504 533 519 537 502 493 515 504 510 526 504 544 456 497 500 506 524 
0 345 582 562 526 516 503 503 0 203 654 524 563 527 506 522 0 190 656 459 519 498 493 511 
752 153 635 503 536 534 504 548 737 73 612 487 485 542 498 520 717 64 428 477 498 473 511 486 
1013 30 678 443 444 597 519 479 992 35 306 764 753 555 492 536 987 37 231 769 454 465 430 526 
1022 110 822 454 521 520 499 539 1013 12 550 515 504 502 510 499 975 48 145 597 501 512 509 502 
1020 281 628 526 506 497 510 487 1018 28 674 559 491 527 493 498 982 44 273 575 492 522 517 498 
1007 28 677 495 540 486 525 489 991 33 378 556 558 491 506 519 901 123 154 506 510 521 520 514 
1014 37 565 458 532 500 538 533 987 57 280 581 514 526 518 499 868 166 199 477 486 521 518 498 
958 135 542 495 513 505 505 504 916 164 403 514 497 529 529 528 791 280 344 549 531 508 503 514 
867 427 486 576 493 517 533 493 865 434 457 569 573 470 511 533 817 492 505 556 588 556 556 550 
744 493 485 512 508 532 512 514 715 537 529 552 513 524 507 546 662 597 588 568 538 549 533 519 
566 690 601 505 507 497 502 535 576 701 653 559 524 504 529 505 590 703 661 570 554 556 571 537 
397 731 622 521 497 521 534 528 429 722 642 570 490 531 521 506 472 694 625 558 555 549 542 529 
287 748 626 498 515 508 528 485 302 743 661 525 511 497 501 518 340 713 608 513 511 526 517 498 
330 818 694 433 534 481 553 486 343 806 706 653 511 497 511 534 321 821 728 594 539 516 539 540 
177 867 424 427 508 526 520 487 201 877 550 614 509 503 507 497 208 874 683 491 518 498 495 500 
74 452 621 584 531 515 498 506 89 957 187 463 496 515 506 510 96 969 356 652 485 503 493 495 
108 499 591 540 519 513 539 508 119 934 285 462 543 519 528 513 136 967 484 583 471 531 529 530 
522 666 423 522 501 501 536 506 580 684 571 495 487 476 513 484 636 698 695 543 523 525 512 530 
176 670 289 338 502 496 480 525 259 704 240 648 504 513 507 520 314 688 796 369 520 541 510 503 
0 103 560 485 465 501 482 517 0 300 554 519 475 536 511 506 0 515 462 553 530 497 487 524 
0 0 28 303 477 491 524 517 0 1 225 417 436 469 469 482 0 7 377 448 476 481 499 522 
1 2 7 33 312 520 548 577 1 2 6 58 200 300 387 456 1 2 7 102 293 383 493 512 
857 671 280 519 508 511 506 500 857 616 274 450 462 490 475 505 856 513 335 386 454 520 502 488 
957 385 527 509 490 544 526 510 929 328 482 491 491 504 474 503 880 274 510 522 505 490 535 488 
697 478 529 495 493 507 544 485 647 434 590 502 539 530 523 489 608 399 618 520 503 506 530 522 
1024 545 493 495 514 512 521 527 1022 312 683 565 529 510 514 529 1022 141 806 542 491 535 497 502 
938 542 535 443 536 520 540 481 934 259 755 540 498 530 506 533 937 159 676 507 529 543 534 506 
448 625 492 594 502 526 520 525 427 581 445 583 509 463 532 518 406 602 434 554 513 509 494 497 
0 690 385 554 504 497 499 493 0 533 468 439 505 490 502 543 0 513 470 454 495 505 519 517 
638 172 645 538 520 495 515 489 620 94 635 496 517 516 517 525 589 94 511 497 518 496 519 534 
997 42 674 421 438 465 614 431 968 57 296 748 729 392 513 436 940 84 221 774 268 293 490 614 
1024 84 928 522 562 527 532 517 1024 12 831 311 484 493 511 539 1013 23 103 709 488 530 511 554 
1017 101 892 568 500 510 513 502 1012 47 815 301 479 528 517 495 1002 55 141 749 462 539 528 501 
1018 27 791 365 474 514 523 533 1012 24 466 529 547 527 513 517 974 59 84 525 511 494 503 475 
1010 44 929 359 544 509 489 495 1007 48 783 254 433 539 518 524 987 67 74 804 452 502 514 530 
990 215 686 518 533 532 545 518 978 181 557 537 515 536 519 530 925 225 333 581 529 551 526 516 
786 513 538 565 547 525 511 524 781 536 526 605 504 509 521 537 751 573 563 581 524 556 528 560 
743 565 557 536 547 498 535 536 719 612 582 575 546 498 527 506 697 648 619 587 550 551 541 518 
405 737 647 558 493 523 504 523 426 725 683 569 525 520 534 515 487 667 661 554 537 529 538 482 
442 783 697 555 509 518 514 497 434 808 723 594 510 518 520 500 456 790 726 602 568 543 518 542 
468 771 701 587 509 533 515 523 419 834 759 588 510 491 537 515 396 864 777 575 569 516 515 530 
308 834 487 535 513 529 507 515 326 847 568 563 542 476 500 505 345 856 657 527 512 507 526 526 
458 759 472 499 497 507 524 512 487 799 566 552 530 536 527 507 521 802 638 533 575 557 534 545 
592 725 558 523 518 490 478 510 616 796 633 561 525 528 502 522 641 826 687 586 597 562 552 537 
153 562 550 507 475 489 530 527 172 828 410 490 514 501 517 529 201 890 486 578 497 543 543 535 
227 877 584 468 528 511 538 522 266 898 745 518 506 503 537 548 381 805 743 608 536 549 528 511 
184 579 545 527 528 499 525 476 192 902 360 437 534 522 507 529 213 942 474 510 519 506 496 508 
10 46 907 521 530 548 522 532 12 485 526 453 502 533 523 531 14 681 348 505 519 532 527 501 
0 0 392 543 494 485 523 527 0 7 792 420 500 499 501 518 0 17 749 467 520 523 555 515 
6 11 21 453 527 522 550 499 6 11 256 448 436 503 496 489 6 11 311 446 511 515 491 514 
564 440 187 445 499 489 490 501 561 375 202 409 486 509 503 530 559 265 289 389 488 484 481 495 
1023 694 334 473 521 499 502 512 1022 537 435 475 542 553 514 507 1020 309 605 583 500 534 510 520 
817 567 422 492 499 497 500 515 744 508 544 553 491 495 511 504 722 395 646 562 524 536 523 536 
1024 780 299 539 520 508 474 516 1023 569 435 522 492 509 503 535 1023 257 690 539 506 487 499 514 
1020 264 615 486 490 517 498 529 1004 82 663 564 487 513 514 514 985 50 556 520 516 508 495 481 
367 693 649 548 501 510 519 507 368 643 594 525 515 505 532 495 359 652 616 496 498 513 498 521 
0 567 501 560 524 503 531 519 0 441 524 557 520 512 496 506 0 447 536 533 512 525 488 513 
450 323 643 530 519 544 493 509 429 272 638 428 514 529 539 513 372 298 542 483 515 505 522 539 
1004 42 860 282 257 563 554 552 983 49 344 717 632 604 643 507 966 59 246 762 408 447 464 433 
999 310 828 764 551 567 541 551 988 284 771 446 563 508 505 529 949 322 344 772 538 534 533 524 
1024 42 781 687 527 485 511 519 1013 14 601 343 535 491 513 526 879 148 185 678 507 490 525 527 
1016 147 840 454 537 553 509 538 1010 139 491 578 539 548 523 506 941 208 254 532 562 523 516 503 
1024 395 760 551 516 533 542 495 1016 282 752 513 562 531 521 516 999 295 386 659 590 518 535 534 
909 366 693 560 518 511 526 529 925 337 587 547 518 493 526 528 929 353 412 608 559 549 535 519 
883 626 640 609 536 528 522 524 881 651 637 634 542 534 523 537 889 661 628 677 615 547 561 552 
888 808 664 552 495 516 547 529 900 820 696 615 568 514 562 525 905 826 745 655 582 604 564 545 
843 793 644 542 512 519 485 543 847 824 716 640 572 556 524 498 876 824 731 635 603 559 571 550 
481 788 489 508 507 504 516 516 515 845 535 629 518 547 529 533 562 822 717 606 562 549 549 536 
196 807 343 459 502 526 501 502 230 870 382 622 514 525 535 538 261 871 677 459 545 546 532 522 
163 959 306 660 508 529 529 498 167 984 731 349 528 491 512 509 170 989 873 426 535 508 508 507 
13 1016 669 390 531 552 534 504 20 1011 927 450 546 523 524 522 22 1009 981 538 510 476 513 537 
75 949 687 488 501 502 517 528 190 834 746 581 512 507 513 519 288 736 731 545 498 531 506 498 
23 1001 697 392 565 538 522 517 46 981 901 600 431 518 509 520 72 956 930 647 498 506 500 538 
1 1023 1020 332 649 520 535 485 26 998 998 956 475 490 512 486 34 990 990 980 595 464 511 505 
14 823 610 466 522 490 501 500 36 989 586 570 504 525 522 509 43 977 605 780 473 505 527 480 
0 49 975 950 546 514 514 507 0 992 32 225 606 514 509 521 0 1024 0 643 374 505 509 520 
0 0 1021 579 420 521 537 483 0 531 493 459 426 490 539 494 0 607 417 468 447 495 526 525 
6 21 487 515 510 467 514 513 9 25 904 420 508 506 495 542 11 36 850 478 523 489 511 522 
294 169 221 671 523 539 495 502 291 150 490 497 545 474 509 520 283 117 481 493 472 479 527 526 
1015 605 406 516 503 518 548 496 1014 511 464 503 522 485 520 526 1011 328 603 506 509 526 539 527 
902 426 473 487 499 483 479 522 826 414 507 552 524 506 522 522 805 340 570 553 502 522 525 525 
975 681 302 472 526 543 531 524 963 529 420 469 491 514 488 507 962 268 632 554 495 508 509 521 
1008 398 488 470 506 522 495 509 991 114 700 571 518 493 510 546 945 87 650 452 530 532 517 522 
979 141 777 528 501 536 520 528 966 82 644 469 512 515 510 503 951 87 469 522 519 490 529 543 
953 79 488 558 511 545 515 511 867 146 352 480 510 538 508 513 798 211 260 529 494 515 502 463 
747 301 510 508 511 499 505 509 630 393 558 505 518 497 511 520 524 490 593 484 501 497 497 511 
1009 20 421 619 672 508 464 487 986 38 233 742 363 638 464 477 943 81 186 472 588 575 523 517 
1024 80 931 695 523 529 517 492 1024 0 852 194 540 535 529 522 1018 6 24 819 559 505 498 515 
1004 536 849 716 554 543 533 536 999 499 809 547 562 523 521 500 990 510 541 789 619 540 563 541 
865 778 720 594 536 515 515 528 888 779 758 634 560 519 540 523 890 803 765 667 610 587 588 573 
940 791 696 601 540 493 551 532 953 819 747 672 593 500 519 561 958 843 778 698 657 596 583 573 
818 709 639 581 522 551 517 553 849 726 675 613 561 525 515 515 887 727 700 645 568 559 552 542 
880 645 673 531 532 543 527 505 896 646 683 604 535 539 504 529 909 649 690 628 568 571 545 520 
924 523 686 577 531 555 534 520 923 488 689 560 543 521 496 498 933 484 653 580 549 546 528 524 
867 442 743 540 523 517 502 532 861 455 682 510 541 515 515 499 855 465 551 615 578 560 527 517 
77 912 306 627 430 527 504 506 105 917 665 436 499 489 526 514 96 933 879 358 572 473 533 499 
1 1013 11 361 624 529 525 523 2 1020 504 512 492 517 493 472 2 1022 953 95 483 526 512 534 
0 1024 67 954 600 466 518 502 1 1023 1018 77 566 485 505 516 1 1023 1023 114 824 512 529 514 
40 983 375 608 502 494 508 505 106 918 863 424 481 490 519 512 115 909 880 426 540 519 522 504 
43 978 826 361 482 469 499 528 143 881 880 728 499 548 505 529 191 833 840 725 501 512 516 502 
127 902 747 370 557 513 534 525 238 805 766 690 519 524 551 494 292 755 731 681 587 508 500 493 
84 975 503 496 540 524 528 498 99 967 863 468 483 498 517 489 121 946 887 555 511 499 488 493 
100 946 685 398 545 541 525 526 119 951 869 549 523 513 516 552 140 936 869 640 467 513 541 531 
77 716 344 362 385 485 520 509 86 958 144 740 521 523 485 496 93 964 169 774 482 490 514 507 
74 316 741 735 517 517 494 532 91 945 136 362 559 509 500 508 110 937 160 444 586 521 520 501 
63 170 850 583 461 500 501 515 74 579 479 413 513 525 499 516 79 603 458 378 588 519 508 528 
124 206 604 452 477 509 497 499 136 245 768 556 479 541 510 523 127 219 745 487 497 495 520 506 
1005 164 673 516 502 535 484 495 1002 119 660 516 480 500 519 502 991 64 632 525 530 499 538 512 
758 426 556 531 493 499 479 473 686 424 584 522 501 521 525 515 664 390 593 498 489 542 543 511 
1022 722 300 402 509 498 537 520 1019 274 727 601 499 505 468 510 1015 59 866 490 537 526 497 516 
1024 441 575 534 522 513 517 520 1024 122 819 586 526 515 533 503 1021 12 799 382 528 511 530 544 
1024 262 698 509 553 491 496 526 1021 51 719 521 525 516 526 544 1013 15 498 483 556 520 504 537 
1014 300 689 565 463 486 528 505 1004 89 725 452 491 469 524 511 986 40 422 581 529 513 526 507 
711 338 562 511 511 527 515 515 631 397 545 518 511 503 520 526 516 496 574 550 507 489 501 535 
995 29 191 763 251 627 518 582 950 74 121 265 754 689 461 483 855 169 183 244 437 588 380 610 
1019 176 887 561 498 498 533 505 1013 162 555 508 469 532 527 528 976 189 238 650 459 518 501 514 
902 335 762 560 545 515 484 565 898 322 613 511 521 526 512 509 889 332 386 641 532 535 516 525 
899 717 745 565 538 533 523 521 915 721 742 657 549 516 521 515 922 746 740 694 617 590 570 581 
880 773 675 570 530 488 512 518 895 799 717 613 553 538 526 546 909 811 752 648 622 582 578 554 
911 534 706 575 551 548 522 529 917 490 706 567 523 501 514 493 919 518 664 562 528 561 532 521 
885 373 786 484 537 491 492 529 886 376 653 532 541 476 512 507 892 377 466 615 515 531 538 525 
960 145 897 562 439 502 520 499 960 152 668 385 418 476 556 551 965 151 171 780 396 483 563 548 
994 108 912 579 475 533 532 491 995 107 603 437 468 528 542 503 992 106 143 747 481 488 531 499 
646 408 503 500 507 514 492 499 635 419 438 553 542 497 500 512 593 461 448 496 523 509 528 504 
46 978 321 706 515 521 507 478 58 966 869 320 468 486 522 525 55 969 927 282 508 515 515 502 
0 1018 71 828 521 503 535 525 4 1020 925 211 582 500 498 522 11 1013 971 440 583 518 514 498 
3 1021 97 913 521 551 514 523 15 1009 1006 315 540 471 517 513 17 1007 1008 364 644 492 526 521 
0 1024 159 868 659 503 496 520 10 1014 1014 404 642 567 505 498 13 1011 1011 478 563 487 489 508 
0 1024 753 275 448 517 519 502 4 1020 1020 864 340 481 535 480 4 1020 1020 835 361 467 540 518 
0 1024 778 252 553 507 526 507 4 1020 1003 765 421 533 531 489 4 1020 998 748 402 547 494 535 
68 949 348 508 530 517 509 502 89 941 700 522 526 526 495 538 110 930 760 498 524 504 522 519 
86 685 426 430 474 538 513 510 117 890 271 671 478 489 522 503 167 861 293 728 430 517 537 506 
8 666 368 370 378 480 517 489 18 1006 22 920 344 579 508 505 18 1005 50 888 428 531 507 533 
124 239 765 660 572 499 496 519 142 841 236 418 548 521 494 518 151 826 247 540 479 513 517 541 
178 288 529 514 525 499 504 518 222 430 578 501 510 487 507 519 254 412 577 541 500 512 535 532 
983 141 691 534 522 500 497 506 978 104 643 503 505 522 531 487 975 93 531 503 504 512 490 530 
790 230 563 472 492 504 491 504 770 234 482 500 511 544 476 500 747 256 420 514 536 483 498 512 
432 308 385 431 445 520 515 501 417 241 452 426 458 480 479 504 418 239 454 437 493 522 533 492 
988 523 450 441 520 514 524 502 986 129 793 621 522 505 502 500 979 46 813 384 504 484 482 491 
1021 255 646 509 487 547 498 497 1008 39 704 548 538 530 499 501 972 52 496 484 523 517 523 501 
1024 194 753 483 531 518 508 490 1020 34 720 434 502 485 537 497 1010 16 343 685 528 540 526 504 
832 206 631 479 496 501 517 489 793 228 472 462 495 536 474 548 720 299 402 519 508 506 529 534 
993 32 423 590 619 595 384 451 952 72 172 770 300 504 613 428 912 112 134 301 707 325 664 501 
952 742 716 555 486 522 546 527 986 745 719 595 496 538 518 487 992 751 724 659 542 552 532 517 
894 677 733 529 511 520 501 550 899 686 710 562 517 500 502 504 902 691 693 624 543 556 530 545 
636 726 623 546 506 520 495 538 697 707 644 577 552 508 541 538 722 721 649 609 534 539 507 546 
782 568 646 496 482 507 549 509 811 581 584 598 504 507 532 506 833 594 570 607 551 559 560 567 
959 294 767 442 519 513 504 511 955 299 472 641 570 524 484 515 958 296 368 574 552 518 552 510 
955 128 863 300 559 495 512 536 956 133 274 774 639 521 497 485 954 150 182 598 492 510 513 530 
1024 0 1011 380 560 497 516 517 1024 0 459 558 505 515 492 518 1023 1 1 757 299 510 505 517 
1023 1 977 502 494 496 536 528 1020 4 608 394 429 586 498 538 1000 24 24 646 400 463 517 509 
1022 2 693 388 505 537 528 531 1023 1 319 602 496 499 513 521 977 47 59 470 488 535 482 495 
596 428 432 491 533 527 495 508 619 405 427 462 544 492 528 559 467 557 553 465 516 519 512 497 
5 1015 377 541 541 500 504 531 50 974 715 504 497 475 502 492 34 990 835 446 521 543 508 519 
0 1024 65 941 576 451 471 522 1 1023 989 228 687 563 546 509 0 1024 1008 100 730 545 483 505 
0 1024 8 1016 709 395 502 523 0 1024 1024 374 647 581 522 523 0 1024 1024 115 890 629 502 523 
0 1024 141 883 830 538 487 509 0 1024 1024 707 343 401 504 533 0 1024 1023 419 598 527 508 527 
0 1024 468 569 593 518 481 494 8 1016 1016 739 342 508 515 493 8 1016 1016 558 481 499 521 523 
117 966 389 588 499 490 499 507 124 978 854 446 520 524 503 490 145 964 882 438 516 496 511 498 
349 720 374 499 489 533 502 475 392 736 466 562 489 530 541 501 444 727 504 575 533 525 538 512 
257 603 480 487 481 525 540 530 347 656 368 561 521 502 514 526 402 648 381 584 525 506 481 502 
240 336 673 512 513 505 490 545 289 605 442 459 497 519 527 527 354 629 421 460 491 500 508 526 
301 490 602 501 501 505 530 522 323 541 554 522 499 516 490 513 378 494 559 527 489 539 521 518 
888 279 560 524 503 504 512 486 863 246 525 503 504 504 493 488 842 217 485 533 498 524 514 503 
346 450 448 519 493 507 537 524 298 501 460 507 511 497 531 513 266 562 476 511 520 516 493 499 
0 15 209 239 385 544 518 551 0 22 224 291 367 406 405 467 0 49 247 367 424 515 481 499 
632 385 327 359 475 529 516 511 618 200 471 386 399 487 507 502 627 87 443 333 470 458 471 513 
885 183 702 633 489 510 500 500 826 198 679 429 478 505 496 508 752 272 448 593 496 492 526 515 
885 169 755 436 521 512 534 501 880 150 552 495 548 493 470 509 884 152 312 666 556 508 528 528 
775 181 554 492 510 509 502 536 727 219 387 550 521 502 497 518 673 276 356 528 485 493 500 511 
968 56 215 732 378 433 578 586 899 125 166 382 674 394 664 468 872 152 162 351 398 603 635 512 
1019 991 921 581 515 498 541 521 1021 992 943 659 472 556 551 517 1021 994 962 797 574 561 568 555 
932 718 748 585 510 516 555 538 934 747 748 575 496 508 527 511 935 745 734 626 552 532 559 551 
908 472 641 435 461 532 482 513 896 522 452 615 548 508 508 540 850 595 516 563 515 526 542 521 
1009 25 884 250 582 522 550 527 999 32 234 747 596 516 490 511 970 59 67 435 576 576 520 514 
1024 0 1024 586 431 451 487 506 1024 0 761 263 292 544 474 504 1024 0 0 864 222 452 504 484 
1015 9 979 430 517 481 544 549 1002 22 570 446 430 476 529 530 993 31 28 647 388 487 528 504 
1024 0 1024 86 687 574 553 520 1024 0 282 742 702 504 545 529 1024 0 0 666 368 429 483 511 
1024 0 1018 146 830 603 543 562 1024 0 264 755 700 551 534 499 1019 5 5 389 608 553 545 480 
1024 0 1006 104 741 572 535 507 1024 0 147 862 738 557 519 494 1021 3 3 409 561 506 521 498 
992 32 583 387 533 500 503 507 978 46 238 676 543 502 509 515 878 146 146 362 544 493 481 511 
427 597 545 453 510 519 519 542 630 394 417 520 504 511 527 520 379 645 638 547 496 523 533 503 
24 1000 522 565 580 483 524 512 90 934 933 672 470 504 495 525 47 977 975 517 569 517 510 511 
0 1024 152 879 764 434 502 523 7 1017 1017 636 420 466 504 511 6 1018 1018 400 637 595 505 554 
0 1024 22 1001 811 433 542 531 0 1024 1024 562 446 434 491 511 0 1024 1024 253 730 583 535 511 
0 1024 49 975 816 507 512 496 0 1024 1024 504 521 527 501 515 0 1024 1024 327 683 537 523 506 
60 958 165 830 668 505 533 505 81 961 917 279 661 507 504 510 88 966 914 287 625 538 497 527 
135 648 407 542 530 494 485 514 169 820 437 494 505 502 499 521 216 812 471 502 479 530 485 508 
291 437 464 504 513 488 475 467 376 441 519 467 485 481 512 525 485 481 496 537 501 540 537 514 
300 471 463 456 501 465 464 529 372 491 456 469 474 507 514 521 517 512 503 514 525 519 504 533 
281 568 492 498 518 525 523 491 326 539 513 513 508 505 527 482 415 557 513 533 508 513 521 498 
403 533 501 495 506 529 497 514 401 554 495 496 492 517 510 520 446 526 521 507 524 488 514 517 
190 549 469 538 495 509 512 504 170 585 495 520 541 491 510 500 177 640 533 489 497 506 505 495 
95 186 501 445 519 517 523 502 102 188 513 433 512 497 532 520 108 206 548 545 498 515 510 504 
429 211 297 353 470 494 487 504 402 198 317 331 392 434 451 518 377 206 315 349 409 456 476 470 
783 276 648 621 512 497 523 502 714 311 680 437 541 530 547 498 695 329 472 573 551 519 520 521 
776 297 577 618 528 500 516 524 763 236 530 391 504 544 518 543 729 277 280 558 475 502 520 538 
620 295 435 483 497 507 519 528 512 360 480 523 523 523 521 483 429 460 475 525 530 502 502 501 
944 81 171 574 566 506 593 509 883 140 157 267 582 558 543 517 856 168 172 376 402 530 394 504 
1024 1024 979 43 61 63 62 967 1024 1024 1003 33 76 955 959 69 1024 1024 1019 76 953 960 958 961 
1015 994 81 51 962 62 959 58 1011 998 89 65 957 69 955 964 1010 999 94 81 952 961 959 58 
1012 11 96 932 955 963 68 963 1011 13 18 992 82 67 967 68 1009 15 17 57 936 56 67 965 
1024 0 1024 21 999 970 71 58 1024 0 38 986 984 959 77 966 1024 0 0 47 974 958 966 65 
1024 0 1024 28 996 984 965 57 1024 0 995 29 29 41 64 967 1024 0 0 995 29 41 64 967 
1024 0 1024 16 1003 962 58 51 1024 0 47 977 978 966 963 74 1024 0 0 71 954 951 964 969 
1024 0 1024 6 1003 69 970 964 1024 0 18 1006 997 971 60 63 1024 0 0 25 988 962 65 62 
1024 0 1024 16 1003 977 63 67 1024 0 37 987 987 973 962 61 1024 0 0 24 995 976 68 957 
1024 0 1024 1 68 959 971 957 1024 0 21 1003 978 64 962 967 1024 0 0 52 971 949 961 63 
1023 1 74 942 951 959 962 64 1021 3 27 986 969 63 57 57 1015 9 11 27 967 51 71 962 
991 33 32 81 963 61 60 951 1003 21 22 71 962 65 956 957 980 44 42 50 57 64 77 950 
4 1020 984 72 957 66 65 63 37 987 985 967 955 56 68 67 24 1000 996 963 67 959 63 59 
0 1024 38 987 970 962 63 966 1 1023 1022 49 968 956 959 76 0 1024 1022 56 959 951 64 951 
0 1024 0 1004 37 69 956 961 0 1024 1024 0 74 957 955 962 0 1024 1024 21 978 53 961 54 
0 1024 13 1011 976 46 61 952 0 1024 1024 24 993 972 63 973 0 1024 1024 18 997 57 952 962 
12 1008 27 967 963 63 960 970 17 1018 979 938 73 65 64 69 20 1015 996 938 74 962 64 953 
0 983 44 45 86 963 70 958 1 1019 45 960 959 54 66 74 3 1020 71 938 949 968 963 961 
39 935 70 953 961 63 962 66 43 952 973 71 964 55 953 72 46 972 966 947 60 65 966 956 
27 961 59 955 964 59 58 959 26 968 63 957 966 954 59 64 47 963 943 67 964 952 60 60 
24 956 62 965 70 961 964 75 31 952 63 963 962 61 961 68 41 955 961 68 66 957 956 62 
41 954 958 67 66 962 64 964 50 957 955 56 957 961 63 962 62 956 958 968 962 60 956 961 
11 972 59 57 961 957 962 58 15 976 61 967 63 958 974 68 25 976 63 949 960 957 957 64 
50 950 948 66 955 61 71 960 52 950 960 49 959 961 61 51 62 954 949 953 53 958 965 63 
64 956 957 958 963 967 63 57 64 939 971 964 961 70 64 63 60 943 958 945 71 55 71 70 
1024 8 979 66 960 65 55 69 1023 1 45 964 945 66 58 963 1013 11 38 947 69 59 964 66 
1024 5 1008 1001 59 60 971 54 1024 0 1005 26 57 949 67 964 1020 4 49 969 963 67 955 956 
1006 74 948 967 58 78 64 69 991 81 949 72 58 961 60 54 988 66 56 955 958 67 67 972 
1014 10 24 985 38 71 58 37 1007 17 17 32 78 958 940 51 1003 21 22 36 78 943 961 68 
