1024 1024 1024 1024 1024 985 538 541 1024 1024 1024 1024 1024 849 544 516 1024 0 320 663 544 617 655 506 
1024 1024 1024 1024 995 825 808 743 1024 1024 1024 1024 1016 740 547 543 1024 0 613 450 582 613 552 579 
1024 1024 1024 1024 915 814 583 300 1024 1024 1024 1024 1019 706 584 507 1024 0 880 377 444 547 562 464 
1024 1024 1024 1024 982 870 579 447 1024 1024 1024 1024 1017 729 534 501 1024 0 704 431 463 539 558 456 
1024 1024 1024 1024 1024 983 790 652 1024 1024 1024 1024 1021 689 553 537 1024 0 623 401 491 602 525 534 
1024 1024 1024 1024 1014 865 774 653 1024 1024 1024 1024 1014 742 570 455 1024 0 708 316 768 448 484 548 
1024 1024 1024 1024 996 884 788 679 1024 1024 1024 1024 1016 753 521 516 1024 0 761 272 564 543 474 659 
1024 1024 1024 1024 957 818 575 476 1024 1024 1024 1024 1005 799 522 630 1024 0 761 356 662 632 497 539 
1024 1024 1024 1024 978 924 473 370 1024 1024 1024 1024 1016 911 360 401 1024 0 1009 112 202 502 542 465 
690 518 605 613 587 590 530 539 738 664 646 653 636 565 570 504 814 535 656 435 515 515 536 501 
855 695 719 601 535 528 540 504 951 761 743 723 669 506 543 571 1001 440 706 609 494 549 521 544 
425 429 538 467 454 469 478 484 459 656 620 634 600 511 565 550 488 591 649 560 488 525 501 526 
808 807 786 629 547 582 535 530 824 950 885 873 779 620 554 554 910 200 795 689 527 525 493 538 
1019 1003 988 871 476 609 669 608 1024 1013 1009 992 963 712 554 581 1024 84 938 660 416 536 432 524 
1024 1024 1024 661 625 484 475 585 1024 1024 1024 1024 992 688 655 638 1024 83 941 786 502 482 548 506 
1024 1024 1022 549 499 566 498 618 1024 1024 1024 1023 952 565 609 579 1024 287 737 711 469 517 469 499 
1024 1024 1022 367 574 487 471 484 1024 1024 1024 1024 946 547 560 532 1024 441 583 466 468 469 546 487 
1024 1024 1010 517 534 530 536 559 1024 1024 1024 1023 956 679 514 641 1024 212 812 741 426 437 479 515 
61 122 241 402 410 426 411 455 117 306 413 446 455 470 470 482 304 650 472 518 486 505 533 508 
291 427 427 469 467 518 470 488 650 401 498 483 498 523 521 483 845 631 492 541 534 536 520 512 
245 344 430 464 470 452 510 480 572 447 501 503 498 472 493 525 765 648 526 506 507 539 538 516 
222 418 445 481 507 493 497 516 556 521 472 501 528 523 500 516 839 491 552 546 533 547 552 532 
325 363 500 511 500 489 538 495 601 561 516 471 505 523 505 496 819 580 556 518 555 522 497 513 
462 546 558 462 506 497 514 500 779 584 560 544 540 532 507 550 944 507 536 499 510 513 539 493 
865 675 735 320 455 504 499 504 967 803 729 753 689 562 553 527 982 815 349 360 464 557 520 510 
947 965 871 203 482 489 477 497 1001 948 962 933 798 629 537 527 1014 917 83 218 702 546 444 523 
1024 1024 1022 4 493 543 578 509 1024 1024 1024 1024 970 497 590 642 1024 1024 0 193 843 771 317 481 
206 295 352 418 439 468 474 473 420 304 451 497 497 496 478 501 535 720 520 513 519 513 543 513 
102 261 240 487 515 475 457 485 322 85 240 226 345 384 439 456 378 301 505 549 485 480 475 488 
291 209 276 500 476 470 460 481 469 145 357 362 462 479 484 481 521 619 494 541 533 537 511 498 
210 249 263 444 445 490 448 473 402 168 324 383 443 475 476 470 483 573 498 535 494 490 500 494 
182 358 366 473 473 461 463 469 457 205 397 370 463 454 501 469 583 424 579 516 526 536 524 471 
160 329 354 427 440 452 479 472 431 213 419 446 497 456 496 501 549 559 480 539 506 540 508 513 
234 313 396 427 429 453 459 473 502 335 448 446 483 514 506 475 620 579 514 530 524 510 497 512 
254 330 444 431 468 465 490 479 513 490 488 486 512 480 495 512 730 629 510 507 513 534 513 509 
522 507 533 560 495 544 473 555 841 572 579 479 486 488 535 542 949 627 495 562 577 478 479 465 
902 132 646 483 501 542 494 508 989 659 345 466 515 518 525 527 1009 949 741 514 562 546 537 569 
668 231 520 513 497 482 523 501 876 473 442 478 553 504 507 511 953 822 702 506 511 540 523 519 
933 86 712 451 473 521 507 514 994 670 320 458 484 506 515 524 1018 945 811 556 541 533 530 495 
913 132 728 446 503 498 505 503 1005 732 238 428 495 519 529 490 1021 922 856 593 561 509 508 522 
824 147 546 475 491 485 480 513 935 524 413 453 508 507 486 495 969 842 702 454 537 516 495 530 
852 96 465 481 504 498 504 486 928 414 480 441 530 503 512 509 947 829 677 416 517 532 496 532 
948 33 387 556 513 488 528 524 967 464 544 490 534 526 524 483 987 976 538 454 504 512 518 519 
975 26 469 560 545 521 517 513 986 398 604 600 473 525 523 492 995 977 433 485 502 503 519 533 
1021 23 709 416 419 522 538 481 1022 443 586 624 625 595 593 472 1023 1021 403 618 611 595 399 449 
1009 19 862 380 509 500 530 508 1024 781 227 352 519 530 531 532 1024 1008 876 390 530 503 518 516 
977 59 879 475 489 525 523 508 1012 812 213 399 513 490 519 497 1024 998 880 446 525 528 506 523 
977 58 903 438 521 519 511 505 1022 903 113 425 531 515 508 518 1024 1000 945 560 549 516 566 516 
1021 21 938 479 491 516 484 537 1024 940 97 449 504 540 503 535 1024 1021 980 575 535 528 525 513 
1024 4 868 373 513 536 520 506 1024 862 161 300 518 514 514 514 1024 1024 925 311 517 487 502 517 
1019 5 701 362 550 504 522 500 1024 739 282 318 494 535 492 555 1024 1021 793 283 463 500 529 491 
1022 2 480 520 493 496 507 508 1024 616 407 446 527 488 483 517 1024 1023 716 389 518 520 530 511 
1023 1 319 655 499 536 502 511 1024 519 505 513 509 502 522 517 1024 1024 512 522 510 526 514 510 
1020 4 162 785 556 453 551 503 1024 235 789 742 666 468 624 520 1024 1022 216 757 633 411 502 550 
1012 10 259 784 789 772 790 254 1023 930 89 167 219 778 239 782 1024 1017 990 245 815 797 232 793 
1001 24 885 193 241 238 236 773 1024 942 72 205 779 242 254 222 1024 1009 989 327 820 794 794 261 
1017 7 975 175 810 239 248 782 1022 1009 14 228 798 792 232 762 1024 1018 1018 963 275 807 274 800 
1014 11 960 166 249 777 798 782 1021 996 27 237 792 794 226 238 1024 1015 1007 900 245 277 257 810 
1024 1 941 183 780 230 248 225 1024 943 82 191 781 243 245 235 1024 1024 978 200 790 243 786 791 
1024 0 902 156 245 794 247 264 1024 923 101 150 236 795 234 802 1024 1024 931 157 235 768 781 245 
1023 1 215 783 765 776 253 798 1024 863 161 186 256 252 767 791 1024 1024 889 188 266 783 257 791 
1015 9 200 804 767 232 788 784 1024 251 769 774 772 775 779 790 1024 1016 880 167 256 257 766 235 
1024 0 203 803 796 822 206 819 1024 865 159 164 163 180 208 217 1024 1023 272 740 745 738 763 265 
