1024 975 886 138 270 553 512 498 1016 968 40 640 419 522 516 494 1020 964 36 612 558 524 512 486 
1024 992 937 57 171 550 515 545 1024 960 32 272 717 549 536 507 1024 959 33 292 437 527 519 495 
1024 992 887 137 189 515 484 499 1024 949 43 89 817 444 491 517 1024 922 70 84 180 555 547 517 
1024 994 854 168 243 554 509 517 1024 949 60 79 794 508 491 528 1024 929 75 77 206 639 508 524 
1024 1015 898 103 185 610 523 519 1024 960 62 158 798 618 494 517 1024 931 85 68 376 549 471 517 
1024 1024 900 88 346 566 499 478 1024 955 69 247 754 665 487 547 1024 928 96 68 395 599 509 554 
1024 1024 877 118 198 551 504 535 1024 962 62 124 852 550 520 491 1024 953 71 63 254 598 503 492 
1024 1024 895 108 139 592 512 523 1024 983 41 105 894 612 535 515 1024 970 54 54 368 569 493 519 
1024 1024 958 62 414 569 524 493 1024 998 26 656 367 466 510 501 1024 980 44 112 704 469 483 517 
1024 1024 979 41 259 584 513 530 1024 1016 8 697 324 461 504 492 1024 1010 14 180 732 424 507 534 
1024 1024 1021 5 565 536 539 534 1024 1024 0 780 347 531 528 500 1024 1023 1 281 640 412 521 477 
1024 1024 1016 13 672 447 552 504 1024 1024 3 875 326 437 505 523 1024 1024 0 377 604 454 499 527 
1024 1024 1000 23 497 509 500 525 1024 1024 0 726 457 466 548 512 1024 1024 0 330 512 532 561 538 
1024 1024 1013 27 649 469 527 513 1024 1024 0 750 356 511 523 541 1024 1024 0 269 634 471 498 495 
1024 1024 1019 8 561 434 519 494 1024 1023 1 711 371 453 536 503 1024 1016 8 222 575 518 484 514 
1024 1024 1017 7 345 565 536 515 1024 1024 0 593 456 553 507 525 1024 1024 0 194 629 506 554 504 
1024 1024 1019 5 394 537 517 533 1024 1023 1 161 785 533 501 500 1024 1000 24 26 452 579 493 498 
1024 1024 1020 39 297 624 545 508 1024 1023 8 74 794 445 525 501 1024 828 196 215 374 542 514 524 
1024 1024 1021 3 241 621 481 521 1024 1024 0 23 685 524 526 505 1024 762 262 262 406 583 503 503 
1024 1024 1011 13 357 557 527 505 1024 1024 0 34 684 602 498 536 1024 678 346 346 532 557 536 505 
1024 1024 1023 1 329 526 500 508 1024 1024 0 1 639 509 517 524 1024 508 516 516 491 481 472 517 
1024 1024 1018 6 331 622 493 521 1024 1020 4 19 686 470 511 507 1024 466 558 558 570 500 498 521 
1024 1024 1006 18 339 504 529 546 1024 1020 4 58 617 629 534 502 1024 563 461 461 488 573 470 483 
1024 1024 1022 2 404 558 503 513 1024 1024 0 88 718 540 520 506 1024 735 289 289 585 519 512 543 
1024 1024 1006 18 421 533 529 484 1024 1024 0 272 493 488 524 522 1024 715 309 327 739 502 505 489 
1024 1024 998 28 253 520 526 516 1024 1017 7 205 445 559 508 511 1024 564 460 488 748 582 503 502 
1024 1024 1010 14 417 525 502 493 1024 1015 9 122 558 535 501 526 1024 556 468 471 709 557 529 516 
1024 1024 1017 29 667 459 523 508 1024 1020 4 250 633 367 542 518 1024 611 413 425 709 574 485 523 
1024 1024 1024 31 690 467 507 530 1024 1021 3 246 655 407 529 486 1024 571 453 479 679 535 496 516 
1024 1024 1021 3 417 572 540 503 1024 1020 4 167 524 524 525 508 1024 643 381 384 561 516 482 500 
1024 1024 1024 0 526 508 517 519 1024 1024 0 104 647 573 536 514 1024 574 450 450 742 418 569 522 
1024 1024 1016 8 332 594 539 505 1024 1018 6 37 540 501 519 512 1024 426 598 598 618 511 505 518 
1024 1024 884 140 235 468 472 502 1024 1024 0 1008 181 645 526 483 1024 1024 0 1024 495 513 488 513 
1024 1024 1014 15 379 572 514 507 1024 1024 0 1005 322 558 512 513 1024 1024 3 972 640 497 518 474 
1024 1024 975 49 167 516 524 514 1024 1024 0 962 251 554 500 508 1024 1024 0 862 498 534 509 532 
1024 1024 971 53 173 598 505 499 1024 1024 1 797 581 492 505 512 1024 1024 2 722 642 436 515 497 
1024 1024 991 33 127 584 530 504 1024 1024 0 832 380 516 505 483 1024 1024 0 581 547 469 490 491 
1024 1024 989 35 297 562 521 503 1024 1024 0 815 353 574 518 539 1024 1024 0 575 446 522 509 508 
1024 1024 1009 15 326 561 476 531 1024 1024 0 743 418 593 471 531 1024 1023 1 591 436 566 552 515 
1024 1024 990 34 224 557 551 522 1024 1024 0 723 393 627 539 516 1024 1024 0 612 434 527 447 505 
1024 1024 1024 0 359 589 495 487 1024 1024 6 822 515 479 509 523 1024 1024 6 528 726 477 518 469 
1024 1024 1010 14 394 505 498 502 1024 1024 0 955 396 414 502 508 1024 1024 2 607 690 500 505 496 
1024 1024 997 31 402 532 530 505 1024 1024 0 854 222 539 518 491 1024 1024 0 430 610 441 516 494 
1024 1024 1018 6 406 576 542 512 1024 1024 0 926 126 439 519 536 1024 1024 0 257 738 473 531 497 
1024 1024 1017 7 337 532 510 491 1024 1024 0 828 214 411 488 511 1024 1024 0 218 764 403 531 508 
1024 1024 1018 14 605 469 522 509 1024 1024 0 861 200 461 521 500 1024 1024 0 217 696 441 534 523 
1024 1024 1020 6 421 544 463 509 1024 1024 0 771 297 484 485 521 1024 1024 0 195 614 435 476 515 
1024 1024 1009 15 294 541 516 494 1024 1024 0 499 526 505 519 481 1024 1021 3 93 601 472 488 507 
1024 1024 981 43 378 539 543 511 1024 1020 4 415 590 527 492 537 1024 1000 24 272 421 498 493 530 
1024 1024 983 41 183 549 515 496 1024 1024 0 337 693 494 504 508 1024 1019 5 252 507 534 544 531 
1024 1024 1013 11 220 603 517 503 1024 1024 0 366 655 498 504 525 1024 1024 0 214 523 596 520 520 
1024 1024 1018 6 332 562 528 533 1024 1024 0 475 545 420 532 508 1024 1024 0 228 476 509 516 519 
1024 1024 1019 5 308 564 492 534 1024 1024 0 533 448 416 493 491 1024 1017 7 361 364 446 534 489 
1024 1024 990 34 235 587 520 522 1024 1024 0 551 454 422 500 499 1024 1008 16 491 283 445 496 523 
1024 1024 968 57 244 564 520 490 1024 1024 0 653 366 484 504 502 1024 1023 1 509 370 483 529 512 
1024 1024 914 110 230 555 509 452 1024 1024 0 773 296 441 505 502 1024 1024 0 682 431 457 517 520 
1024 1024 807 217 422 562 506 486 1024 1024 0 909 142 508 466 509 1024 1024 0 802 321 534 547 533 
1024 1024 790 234 345 608 541 544 1024 1024 0 758 271 394 522 497 1024 1024 0 462 560 556 533 480 
1024 1024 871 153 321 612 488 508 1024 1024 0 666 359 439 517 541 1024 1024 0 362 655 561 519 507 
1024 1024 1001 28 322 548 525 499 1024 1024 0 843 181 375 518 498 1024 1024 0 371 639 536 512 535 
1004 1011 932 99 409 486 507 508 1001 1007 20 700 331 437 477 515 1001 1004 22 249 755 570 498 507 
907 942 912 138 526 470 491 495 859 976 122 449 569 516 492 525 848 980 100 131 771 538 495 525 
875 924 869 179 318 586 520 499 799 985 161 320 688 578 523 516 795 978 124 182 740 556 483 515 
872 885 733 315 395 527 544 515 777 961 202 207 699 423 516 514 767 948 196 190 345 582 534 495 
1024 1024 989 35 188 506 510 545 1024 1024 0 977 93 511 484 524 1024 1024 0 928 171 478 533 492 
1024 1024 1021 3 341 545 524 487 1024 1024 0 997 130 628 479 495 1024 1024 0 997 312 608 500 520 
1024 1024 960 64 205 506 527 473 1024 1024 0 1002 188 634 521 490 1024 1024 0 1007 266 621 491 511 
1024 1024 722 302 313 486 509 552 1024 1024 0 1011 203 585 514 488 1024 1024 0 1022 308 607 492 490 
1024 1024 544 480 479 538 535 523 1024 1024 0 1019 195 598 541 532 1024 1024 0 1016 293 583 498 511 
1024 1024 982 42 130 504 522 511 1024 1024 0 1020 261 655 507 517 1024 1024 0 1013 141 590 511 533 
1024 1024 990 34 160 562 533 533 1024 1024 0 1017 213 663 488 554 1024 1024 0 1019 249 663 532 491 
1024 1024 935 89 132 487 506 523 1024 1024 0 1002 163 627 479 498 1024 1024 0 998 189 586 475 514 
1024 1024 989 35 272 550 519 518 1024 1024 0 1014 313 539 511 513 1024 1024 0 997 385 511 506 503 
1024 1024 822 202 234 430 525 492 1024 1024 0 1022 280 620 536 497 1024 1024 0 1024 385 576 534 520 
1024 1024 872 152 216 559 515 507 1024 1024 0 1021 324 586 494 521 1024 1024 0 1018 225 555 546 524 
1024 1024 895 129 186 490 520 526 1024 1024 2 1012 442 553 521 517 1024 1024 2 999 302 595 507 525 
1024 1024 844 180 313 563 511 532 1024 1024 0 1023 406 539 491 496 1024 1024 0 1017 306 559 499 504 
1024 1024 990 34 151 441 513 525 1024 1024 0 1021 134 717 482 495 1024 1024 0 1004 33 502 552 502 
1024 1024 854 170 318 452 490 514 1024 1024 1 980 215 576 526 501 1024 1023 1 881 160 445 496 500 
1024 1024 911 113 239 550 488 512 1024 1024 0 991 180 596 497 494 1024 1024 0 915 130 455 507 500 
1024 1024 808 216 343 460 511 526 1024 1024 0 872 231 475 480 523 1024 1024 0 921 169 522 517 501 
1024 1024 714 310 326 528 514 508 1024 1024 0 834 246 546 528 498 1024 1024 0 908 285 498 521 501 
1024 1024 675 349 403 514 529 492 1024 1024 0 628 413 489 470 491 1024 1024 0 753 314 501 502 534 
1024 1024 459 565 493 548 525 534 1024 1024 0 307 629 537 545 521 1024 1024 0 429 542 476 538 521 
966 948 591 441 420 497 504 493 937 966 100 440 573 530 525 516 926 973 89 586 446 442 512 522 
903 906 484 546 535 503 539 510 840 960 150 478 549 502 516 507 822 976 141 642 361 484 496 496 
966 962 445 569 501 511 509 511 951 967 76 440 567 441 538 488 945 966 86 542 430 400 497 505 
742 920 349 750 650 514 520 533 682 968 236 386 628 534 499 515 672 968 182 539 477 515 536 525 
667 957 385 789 692 489 526 495 641 971 237 340 666 593 502 501 638 955 168 590 459 481 521 502 
534 955 543 693 614 515 538 530 497 978 299 462 546 538 521 533 496 964 173 535 491 473 507 500 
617 901 478 693 598 542 499 526 575 935 398 384 593 571 505 536 557 950 290 460 535 490 488 508 
545 854 604 555 526 492 524 500 436 943 421 441 579 548 517 514 405 964 329 498 548 495 520 517 
158 895 770 498 494 523 505 530 52 906 350 468 502 510 523 518 44 784 394 485 549 500 548 521 
80 944 817 487 505 520 506 507 1 891 377 507 531 478 543 523 1 797 338 502 559 515 513 498 
36 988 816 535 542 531 496 524 9 1000 361 483 498 527 495 519 2 939 235 517 538 526 505 507 
36 988 689 533 511 496 507 493 3 952 325 494 554 521 505 492 0 931 256 456 504 508 498 513 
1024 1024 892 132 157 527 494 497 1024 1024 0 465 557 463 496 518 1024 1024 0 248 765 555 528 518 
1024 1024 976 48 256 520 479 519 1024 1024 0 609 417 526 500 510 1024 1024 0 448 572 578 529 485 
1024 1024 910 114 166 384 520 510 1024 1024 0 819 237 473 532 528 1024 1024 0 681 401 597 508 498 
1024 1024 789 235 239 410 519 511 1024 1024 0 800 248 506 525 507 1024 1024 0 660 389 593 504 499 
1024 1024 595 429 430 427 540 516 1024 1024 0 718 336 547 524 475 1024 1024 0 676 413 547 520 510 
1024 1024 818 206 223 414 501 553 1024 1024 0 736 354 590 524 552 1024 1024 0 714 367 541 536 480 
1024 1024 932 92 173 551 535 497 1024 1024 0 924 155 463 496 504 1024 1024 0 725 413 561 480 531 
1024 1024 707 317 334 488 512 516 1024 1024 0 864 248 535 518 539 1024 1024 0 796 349 533 495 498 
1024 1024 853 171 191 381 515 520 1024 1024 0 961 127 642 509 513 1024 1024 0 909 192 517 553 508 
1024 1012 652 363 365 475 499 504 1023 1010 6 835 217 487 501 513 1022 1007 10 785 277 498 503 503 
1002 904 566 405 422 500 520 503 941 957 107 825 232 487 502 527 920 978 122 834 206 500 544 525 
980 851 294 646 650 584 500 483 860 963 184 796 281 408 530 480 846 972 194 783 238 422 531 496 
953 881 420 569 546 509 521 518 858 972 178 757 291 539 505 519 846 985 168 781 257 543 518 524 
1004 973 365 646 604 549 485 480 981 989 57 643 399 465 501 523 974 993 65 497 521 478 518 523 
1024 1024 497 527 525 481 522 503 1024 1024 0 643 387 398 521 508 1024 1024 0 369 623 481 495 519 
1015 1003 548 473 460 451 464 524 1004 1010 22 497 516 513 534 492 1002 1012 20 318 676 530 492 530 
1002 976 213 809 721 541 524 528 975 986 61 238 710 548 528 540 974 983 55 335 610 539 527 500 
741 767 539 578 530 537 524 502 611 881 366 368 631 550 481 525 585 900 283 395 643 526 489 533 
421 832 688 540 518 534 519 519 311 917 325 419 572 476 536 509 295 892 255 406 570 514 498 489 
387 844 648 501 536 519 491 510 246 924 385 408 500 500 522 488 236 859 324 435 514 525 516 506 
138 887 817 536 496 521 532 505 29 989 435 520 487 526 536 506 12 974 270 528 503 528 511 501 
100 924 826 490 498 530 502 499 23 982 407 494 499 508 503 520 4 943 307 466 500 503 483 531 
61 963 823 484 518 501 518 502 18 979 463 486 504 502 482 520 9 903 357 515 496 518 514 511 
55 969 711 534 496 510 527 503 18 937 343 520 493 511 517 497 8 810 351 564 533 505 535 500 
18 1005 605 513 503 524 517 500 24 870 411 546 517 510 521 514 15 809 374 539 524 523 532 519 
29 994 519 576 493 488 515 501 17 852 455 496 517 504 489 501 7 811 429 512 492 481 546 510 
29 995 606 522 507 537 531 510 22 942 511 516 523 534 515 505 7 920 453 515 496 513 513 501 
21 1002 480 562 498 513 537 554 12 874 452 529 539 535 509 507 0 827 372 550 512 491 535 496 
25 998 417 615 497 477 504 514 21 614 613 585 499 505 522 519 16 598 559 669 540 529 511 492 
3 1019 229 711 475 529 536 508 0 339 755 591 500 524 509 512 0 343 722 772 599 505 506 527 
2 1022 326 603 489 497 536 502 0 567 595 607 480 508 483 489 0 600 505 653 615 532 521 529 
9 1015 395 544 509 539 523 492 3 733 475 545 504 521 523 526 5 795 351 530 549 514 516 500 
886 716 547 511 501 492 497 512 795 638 384 461 523 536 500 534 822 622 393 461 510 488 474 527 
1010 724 573 513 520 511 519 528 997 700 389 381 567 524 516 525 1011 739 458 479 560 518 503 479 
999 830 555 442 454 520 530 520 980 715 275 407 602 542 521 525 986 736 300 355 621 512 519 544 
1024 837 600 399 342 456 515 519 1007 656 299 303 742 577 504 509 1009 656 306 244 739 503 528 511 
1024 865 418 594 573 558 501 546 1009 750 217 239 750 570 503 497 1007 753 234 162 713 436 494 516 
996 902 521 485 470 505 514 498 959 872 150 122 822 464 540 540 957 874 147 113 697 453 485 543 
909 750 590 329 358 441 525 494 694 952 333 303 726 553 500 519 677 966 301 206 688 462 526 523 
729 699 590 467 428 472 509 536 513 903 456 362 607 554 504 516 461 944 377 368 638 530 524 519 
616 595 527 527 525 490 509 530 299 902 637 488 530 536 543 500 248 950 533 501 518 517 514 512 
480 599 589 534 496 493 515 503 188 885 745 524 525 554 530 517 115 958 651 495 539 496 511 507 
377 647 640 538 542 518 503 510 69 955 758 539 511 491 515 526 16 1008 678 425 527 516 524 513 
302 722 722 552 499 481 528 538 83 941 718 531 526 522 515 480 26 998 594 504 521 520 504 507 
171 853 833 630 517 509 526 512 18 1006 792 458 517 508 496 538 2 1022 521 509 507 510 498 506 
300 830 740 608 537 504 478 503 167 957 575 478 545 511 520 497 141 974 414 491 475 491 541 494 
469 696 588 537 529 521 504 521 292 860 586 474 543 497 508 503 237 908 510 440 523 498 492 503 
455 728 581 592 538 526 492 512 373 801 523 441 589 496 511 533 329 843 461 437 540 480 494 554 
313 764 660 546 529 494 544 518 249 816 478 526 522 546 509 516 197 857 461 520 495 501 517 504 
194 830 702 475 484 532 507 524 143 878 460 461 508 536 504 481 96 894 406 457 512 489 523 480 
136 888 685 537 539 501 489 530 94 914 573 507 530 533 518 505 58 943 523 462 482 517 522 506 
91 933 657 505 517 502 510 523 50 897 440 502 484 511 536 535 32 881 398 488 525 484 503 520 
62 962 614 569 500 508 515 498 33 849 560 566 504 531 520 500 19 857 488 528 514 516 497 522 
94 931 573 557 534 510 531 508 63 861 505 506 529 513 493 518 44 861 452 480 534 528 519 519 
107 916 537 493 513 523 509 532 21 922 483 510 518 513 543 532 21 915 385 543 542 517 504 495 
186 852 359 641 493 494 504 510 100 557 623 604 494 489 512 497 106 600 599 603 545 515 474 512 
99 906 329 547 503 537 504 538 49 609 583 542 516 503 498 524 62 629 543 586 500 547 514 501 
119 895 342 504 509 499 498 537 27 655 563 522 505 512 512 511 56 645 525 588 480 532 513 508 
170 851 356 477 539 509 493 519 52 660 524 531 538 534 513 521 61 666 515 562 495 498 503 531 
9 997 247 458 540 495 514 501 1 415 684 567 513 490 512 510 0 465 623 675 497 507 493 541 
7 986 295 476 506 483 522 502 2 607 551 528 549 508 521 505 3 711 446 601 529 477 542 501 
0 993 238 552 512 519 492 508 0 737 381 501 523 500 529 508 1 846 294 470 538 492 511 488 
3 981 218 516 477 521 530 493 4 803 516 533 482 507 524 509 8 878 498 488 505 523 519 478 
114 906 309 490 559 521 485 499 76 617 508 488 542 506 553 514 94 683 457 564 546 475 528 496 
778 293 290 632 522 504 511 530 742 290 256 349 586 516 514 504 774 278 246 406 577 528 502 520 
902 148 222 704 485 529 485 500 821 212 213 275 634 488 509 490 897 171 208 417 572 530 513 521 
880 283 288 705 507 527 491 512 798 293 281 330 542 534 507 527 847 273 275 455 541 537 508 473 
846 299 361 624 493 522 504 529 741 290 344 354 488 530 516 511 793 248 355 407 585 532 507 503 
888 261 375 692 517 510 506 497 818 208 352 319 547 500 508 503 838 189 374 407 593 521 524 501 
620 412 439 674 524 521 482 506 411 613 420 411 528 500 527 507 409 615 408 485 546 544 494 533 
461 563 571 656 498 536 537 488 286 738 408 450 521 525 512 523 312 712 362 487 526 520 477 517 
370 654 665 672 535 505 513 497 267 757 438 425 570 520 508 520 280 744 401 559 465 502 506 531 
334 690 694 606 520 520 516 520 175 849 478 450 529 479 508 514 191 833 498 528 496 529 513 498 
227 797 790 544 538 532 519 507 143 881 338 513 526 531 520 517 145 878 362 615 485 515 484 491 
280 774 755 487 519 511 489 499 164 878 407 524 524 520 504 507 174 875 415 603 481 474 515 531 
242 849 793 504 523 497 545 514 170 907 480 525 523 519 526 507 205 896 485 534 502 491 497 497 
80 944 893 501 493 507 512 502 11 1013 557 538 524 522 516 500 1 1021 574 492 480 515 525 524 
28 996 911 473 492 500 497 535 1 1023 496 487 523 507 494 519 0 1016 352 539 487 519 521 496 
32 992 881 464 519 523 515 508 12 1011 555 546 527 488 508 533 0 1011 449 504 506 526 510 512 
204 823 658 482 503 510 501 517 192 797 573 515 539 523 531 550 230 915 467 486 479 517 502 515 
302 753 746 460 485 495 502 518 298 908 445 428 507 498 513 521 318 894 535 440 472 501 534 522 
170 863 678 474 475 522 528 523 156 847 491 446 473 527 527 495 181 872 498 434 472 512 505 508 
146 897 523 541 497 520 495 527 87 862 464 485 493 506 497 517 78 859 462 498 534 540 517 500 
29 993 402 654 482 516 490 501 9 665 500 611 478 531 495 528 15 631 531 609 568 517 522 535 
56 961 551 535 507 482 492 518 61 856 477 516 524 502 499 519 49 869 452 522 518 516 512 521 
72 950 576 519 505 524 506 546 84 809 459 503 512 510 491 503 68 825 474 516 519 495 507 509 
177 839 588 522 501 490 505 512 97 777 518 443 485 509 517 506 108 823 476 447 536 505 515 521 
195 839 494 532 499 497 523 504 120 721 573 559 495 496 511 504 194 745 468 492 487 543 513 521 
157 850 447 511 516 492 513 490 89 729 470 506 520 494 520 537 140 767 461 496 508 497 520 496 
196 813 435 481 520 495 502 496 146 650 514 559 516 502 525 518 219 728 454 515 498 503 497 533 
72 842 371 489 503 541 478 515 27 676 505 541 480 493 517 510 43 759 420 535 523 510 513 508 
10 849 378 516 519 489 533 492 48 787 529 504 487 500 525 528 55 831 508 531 518 518 517 510 
2 692 427 530 555 497 509 482 23 452 656 505 506 501 486 503 32 574 546 616 529 549 493 524 
0 671 357 455 520 520 513 509 0 210 813 437 536 518 528 520 0 408 622 680 494 513 539 510 
0 703 333 449 542 510 502 516 0 435 597 547 511 508 514 500 0 628 411 540 521 477 502 511 
0 865 229 450 489 528 498 527 1 759 387 534 551 508 502 510 4 885 281 522 515 493 515 503 
233 777 404 480 500 495 509 493 351 640 546 522 476 547 479 524 395 628 532 508 496 514 526 526 
234 772 405 535 498 538 516 520 333 680 557 434 502 497 515 538 356 664 550 455 525 490 519 500 
582 428 334 597 460 501 523 501 532 448 446 420 501 512 490 523 642 411 333 383 516 532 518 486 
433 579 357 570 500 540 515 520 427 568 472 421 543 500 522 508 502 537 399 439 524 503 536 505 
548 458 287 575 475 511 502 514 458 497 403 397 487 523 500 513 516 490 341 377 506 529 497 517 
433 575 287 643 513 498 515 519 407 582 364 359 535 495 528 497 441 574 351 421 574 481 527 543 
697 301 200 674 518 525 528 505 560 354 325 316 581 491 529 488 653 351 209 375 538 534 513 528 
737 282 245 689 500 475 518 492 663 319 247 322 596 539 511 515 743 281 230 505 518 523 492 524 
709 314 272 599 523 526 507 519 603 394 302 355 569 490 506 503 707 352 233 530 494 505 517 522 
681 332 236 672 500 496 491 547 558 388 302 339 533 539 499 533 664 351 200 530 472 522 501 503 
768 242 184 719 484 495 502 513 657 309 242 283 556 512 499 504 753 269 151 425 551 529 501 517 
717 295 266 663 535 515 520 484 590 406 295 312 559 529 514 508 689 327 226 562 503 506 520 519 
619 391 324 643 528 505 505 503 505 480 320 375 565 498 513 533 616 407 297 515 529 499 505 504 
616 398 291 625 503 514 498 493 528 429 258 346 531 490 503 513 596 422 198 507 540 514 520 525 
604 411 294 626 503 496 516 527 492 479 268 394 582 513 541 515 597 414 232 546 473 501 501 520 
640 388 314 600 485 498 508 521 543 454 336 363 552 503 543 547 680 375 347 557 478 504 505 479 
687 338 364 605 489 531 500 525 595 519 296 393 533 515 521 504 749 408 368 560 494 517 510 521 
671 364 389 536 538 503 523 527 588 542 290 405 478 494 511 501 732 446 395 423 516 471 512 546 
481 573 461 564 495 527 509 494 338 684 376 405 486 513 513 498 452 607 397 519 520 523 532 517 
428 605 480 557 503 515 500 510 279 722 345 410 466 531 538 519 376 655 441 505 505 510 503 512 
356 673 436 538 528 503 522 497 208 714 388 450 515 529 513 524 287 712 346 523 500 493 526 515 
322 703 375 530 523 511 516 488 129 707 474 483 513 502 505 516 255 729 270 418 498 497 528 540 
181 843 279 556 544 524 512 520 82 565 546 472 507 503 516 536 158 733 317 423 562 514 532 509 
232 817 442 497 536 530 519 521 146 748 390 516 540 516 492 503 228 826 305 514 509 518 495 501 
117 877 413 504 511 542 506 522 93 708 393 485 524 528 530 518 150 822 311 470 532 492 507 500 
104 915 471 506 522 508 521 516 56 771 357 475 497 501 495 533 79 870 307 518 504 552 497 491 
8 640 483 679 581 526 516 507 2 381 616 307 542 517 491 530 3 520 526 640 502 506 506 514 
0 571 591 614 574 529 491 485 0 327 670 346 485 499 530 512 0 467 577 696 468 505 511 506 
15 444 667 656 598 485 486 533 12 166 802 240 437 486 496 495 16 282 756 832 370 517 531 493 
6 591 546 568 550 484 532 529 27 315 804 409 485 503 523 516 43 483 637 664 443 500 509 502 
0 661 441 506 504 534 489 538 5 441 686 408 546 496 494 511 8 603 541 605 496 522 525 526 
0 689 356 471 528 496 512 516 0 286 751 418 531 530 521 520 0 498 570 663 534 481 540 515 
9 961 285 493 501 502 533 494 130 894 581 560 538 506 524 492 114 910 598 560 540 518 536 523 
0 976 191 467 505 484 542 516 42 975 597 495 506 513 526 516 31 993 599 492 502 509 510 506 
12 955 206 464 520 505 529 521 62 951 441 517 498 529 494 508 61 962 453 539 517 528 526 531 
20 927 406 507 485 498 496 497 91 910 571 508 521 504 512 511 110 913 579 517 509 543 521 510 
17 917 338 534 525 512 526 512 63 936 492 499 526 510 515 527 73 942 495 505 511 513 491 498 
10 897 356 476 534 498 497 533 38 878 463 519 478 521 520 509 48 931 425 522 474 500 541 521 
32 833 255 276 346 570 532 522 42 252 863 247 764 543 507 532 55 785 333 338 360 410 582 503 
557 379 179 542 468 491 482 492 503 98 496 343 660 491 515 505 531 425 142 534 316 475 511 512 
940 84 346 522 513 497 503 517 902 143 599 506 539 530 515 526 942 462 294 480 513 497 505 544 
385 630 387 579 518 518 504 528 362 583 340 424 536 501 508 513 389 591 300 573 513 505 487 504 
45 873 195 220 216 443 512 516 35 155 898 139 632 416 495 477 44 761 291 316 328 365 519 492 
385 521 225 439 364 439 518 475 341 114 659 187 732 393 451 519 371 559 182 389 317 350 488 483 
873 149 359 615 513 513 507 520 853 230 421 534 505 508 480 499 906 379 341 550 522 501 494 518 
353 572 363 508 478 493 485 544 295 404 535 389 450 568 553 515 340 480 410 574 582 567 522 506 
178 587 332 410 370 415 413 447 136 119 839 152 214 744 410 597 170 312 623 678 677 672 629 592 
704 258 303 588 514 544 508 541 620 289 548 383 521 524 524 527 728 342 421 548 493 499 515 520 
334 410 477 606 576 552 485 478 226 343 628 371 425 506 527 523 328 384 501 615 590 531 498 518 
278 246 636 751 682 576 488 461 196 258 638 337 398 432 490 540 298 241 625 756 713 472 547 526 
610 316 421 568 548 503 529 513 539 338 545 466 537 517 512 523 654 438 378 565 496 489 518 517 
216 214 743 793 675 399 542 505 191 203 334 644 673 624 524 520 262 185 718 786 585 445 480 535 
587 342 449 545 521 543 512 514 445 434 570 500 507 476 512 499 576 461 426 470 512 515 560 517 
257 284 657 700 504 515 496 497 138 353 344 699 667 569 502 506 256 285 659 719 430 579 492 502 
430 406 503 568 441 500 501 529 281 532 528 572 541 524 528 548 468 436 525 535 504 525 527 485 
369 393 535 581 447 474 533 521 202 524 486 608 600 509 535 499 396 400 573 554 443 530 541 492 
315 392 576 574 458 509 518 514 154 506 393 670 568 471 507 512 324 391 567 525 475 502 534 512 
355 434 579 596 481 511 522 522 201 549 507 608 609 503 514 486 393 444 548 576 443 521 514 527 
367 460 588 575 527 501 520 505 225 587 542 568 518 533 481 494 413 456 578 511 489 539 503 513 
326 518 549 587 484 513 512 497 148 640 549 537 525 520 500 513 294 562 595 537 494 530 488 517 
241 633 598 571 527 504 526 478 93 710 594 508 517 520 500 519 213 669 624 585 469 522 514 525 
210 738 569 520 484 503 518 491 92 761 561 460 501 522 503 507 179 756 578 569 493 526 514 540 
83 795 584 572 547 513 492 535 45 779 411 479 510 510 517 511 88 801 547 564 522 527 522 497 
144 722 378 473 496 521 511 485 164 398 643 478 542 490 511 495 239 563 495 517 557 528 497 496 
2 862 296 467 519 507 502 566 29 828 521 511 490 494 499 521 27 967 408 442 484 519 501 525 
12 893 257 455 538 488 486 499 47 922 457 489 526 531 549 526 39 972 421 494 527 523 496 509 
1 947 183 463 509 497 515 515 41 979 622 484 509 556 512 501 34 989 630 498 537 519 490 517 
15 877 272 510 497 545 493 534 69 836 512 520 504 522 514 460 88 913 479 496 488 500 481 532 
6 864 333 482 506 494 508 543 21 906 397 498 498 539 535 495 28 980 396 501 528 533 507 516 
11 892 359 497 519 525 495 496 78 914 450 494 502 507 502 504 69 941 479 518 542 485 505 507 
9 867 387 497 514 530 532 497 56 883 481 513 520 494 515 483 73 929 477 511 521 502 501 513 
14 800 408 466 506 534 527 532 57 693 559 497 525 496 494 538 81 886 398 452 498 500 510 510 
634 380 488 537 509 523 504 500 792 314 542 477 560 502 516 483 841 518 411 457 523 509 549 495 
124 919 757 324 616 487 508 544 720 222 249 384 623 526 506 511 577 470 306 394 417 501 521 507 
24 948 407 263 513 499 522 501 354 71 643 423 602 463 519 537 286 665 186 193 288 481 534 511 
0 923 101 146 441 560 479 508 0 9 1015 514 701 483 533 509 0 908 116 124 316 453 529 508 
515 405 537 533 502 467 505 516 635 235 629 481 572 532 504 527 667 631 289 411 499 475 504 514 
51 958 599 413 567 495 527 511 616 86 349 743 450 531 502 520 609 382 62 199 488 484 500 529 
0 829 195 197 398 485 516 528 0 9 1015 413 610 499 548 479 0 809 215 215 325 506 509 481 
373 477 394 436 511 524 500 508 422 122 814 437 523 492 538 500 454 602 387 437 463 485 555 496 
62 778 566 517 528 536 514 532 396 113 586 473 462 492 540 502 400 359 356 544 560 535 486 533 
0 638 386 388 460 520 533 523 0 1 1013 239 420 532 509 482 0 439 585 589 604 534 506 521 
323 601 592 462 528 480 533 484 595 192 564 464 514 541 500 523 637 425 368 500 529 498 494 486 
0 221 803 807 761 511 490 508 0 1 848 243 345 551 491 534 0 117 907 908 756 463 514 523 
298 386 645 598 481 516 492 514 422 168 636 466 476 523 498 526 471 312 585 639 532 509 522 514 
0 205 819 821 658 491 520 519 0 1 776 332 513 489 519 499 0 100 924 924 635 465 535 488 
247 223 778 690 532 535 513 520 284 135 680 483 477 486 513 514 319 318 670 708 504 500 517 502 
192 153 822 762 450 469 528 487 193 80 607 540 596 549 518 509 223 215 807 807 459 520 518 542 
4 73 953 925 472 509 520 501 2 10 584 461 617 522 538 517 4 49 977 948 485 487 500 536 
165 169 817 769 551 517 532 526 166 99 765 460 560 520 507 503 198 263 749 744 577 504 515 499 
140 292 707 684 560 521 521 492 145 85 835 392 512 492 506 502 165 270 750 777 511 518 534 499 
132 243 760 702 506 518 497 507 134 73 724 514 499 517 521 513 156 230 782 778 492 501 532 531 
119 280 709 690 526 528 504 504 123 81 742 388 469 509 533 513 136 241 785 789 498 489 541 507 
162 435 583 566 545 528 499 516 169 271 750 418 441 488 536 504 198 482 608 609 533 490 475 543 
60 582 504 548 541 524 501 502 66 450 692 483 498 489 511 517 95 645 546 571 561 504 496 525 
3 620 522 587 525 536 514 489 27 604 588 469 492 539 514 516 48 740 521 552 537 525 523 520 
3 745 417 520 511 508 480 491 33 590 633 593 478 530 513 508 41 913 348 423 509 526 492 501 
9 795 349 455 522 516 520 524 34 718 502 564 528 505 501 499 40 943 307 444 503 514 514 489 
3 871 241 455 511 538 495 509 32 899 441 461 520 517 490 516 32 981 397 469 507 521 525 505 
2 900 178 493 520 527 516 518 34 970 575 509 518 520 519 531 32 983 592 529 498 501 536 510 
5 864 307 494 508 508 531 512 86 846 526 530 518 467 515 486 89 912 483 511 529 545 537 497 
2 804 371 519 524 511 490 503 20 802 459 566 500 516 516 537 27 929 395 507 540 523 488 519 
6 870 336 514 493 492 516 534 49 928 467 462 516 510 517 509 52 961 496 491 548 524 513 521 
5 861 355 499 477 514 515 514 67 889 455 496 530 513 510 512 84 927 499 499 511 495 529 514 
584 412 509 494 520 498 496 518 721 323 729 613 563 509 521 505 758 666 393 424 538 503 508 526 
3 1001 705 284 392 508 529 477 490 524 430 355 442 482 516 535 138 886 764 696 585 488 490 512 
2 921 466 327 417 495 534 540 225 355 733 452 534 541 498 517 112 815 499 488 465 491 488 518 
0 872 152 156 360 551 550 483 0 0 1024 414 528 478 535 505 0 851 173 173 256 458 516 520 
559 335 620 434 491 527 503 520 688 197 709 473 595 519 502 508 683 763 184 375 503 508 527 505 
36 959 951 462 484 486 530 519 946 48 80 559 532 548 470 537 895 109 118 485 449 497 509 498 
0 907 117 119 298 521 519 483 0 0 1024 432 616 578 512 490 0 853 171 171 262 452 482 520 
431 459 373 331 469 474 509 491 438 54 952 632 536 502 490 505 452 779 231 294 433 507 541 505 
28 619 636 606 549 533 515 546 211 231 682 403 491 529 529 532 230 518 405 542 547 532 496 498 
0 716 308 308 324 483 534 537 0 0 1021 184 500 557 509 551 0 321 703 703 705 588 509 541 
357 531 559 494 510 508 509 504 651 166 624 449 509 490 513 503 673 540 278 316 523 493 488 506 
0 324 700 700 672 506 544 529 0 0 984 45 284 597 495 526 0 69 955 955 847 586 496 520 
296 356 602 596 506 520 511 518 403 105 740 342 508 530 510 515 437 314 606 614 496 511 517 529 
0 141 883 883 807 521 525 492 0 0 969 60 315 548 513 484 0 38 986 984 788 490 508 510 
255 185 718 672 561 515 534 493 256 68 838 389 443 536 498 508 270 339 706 679 507 502 517 488 
205 107 756 824 619 493 523 522 216 21 883 214 401 502 504 515 223 206 811 799 592 507 509 510 
4 180 853 851 650 519 517 511 0 25 975 283 499 503 529 526 6 144 888 887 662 515 511 537 
174 308 644 619 528 481 510 473 185 47 948 591 491 508 488 521 194 410 614 625 562 543 534 513 
149 338 603 636 580 511 519 487 153 63 953 337 628 483 510 503 167 312 719 722 624 476 529 490 
143 446 519 497 471 497 531 498 149 98 882 548 460 526 529 551 151 401 636 645 543 513 503 514 
86 349 638 567 480 515 514 517 96 103 795 499 492 504 519 502 111 339 684 682 503 520 528 510 
10 241 796 614 464 527 503 522 8 99 747 436 501 529 505 463 14 345 704 690 458 521 496 499 
0 444 616 581 532 515 510 513 1 453 618 470 490 530 498 498 11 696 484 572 517 524 526 529 
0 511 541 618 517 516 526 533 4 489 585 469 488 514 509 516 6 697 489 601 536 500 482 513 
3 737 428 530 553 499 518 535 36 609 573 545 520 508 524 507 52 913 328 417 478 523 530 545 
1 849 323 458 518 523 500 525 52 846 413 501 510 507 494 530 53 952 371 483 505 506 525 542 
1 881 208 428 487 515 524 478 25 955 445 473 517 475 523 521 29 986 446 528 475 542 534 518 
0 856 243 493 499 508 527 530 26 955 610 525 508 530 508 502 27 992 587 486 504 502 501 504 
6 767 343 498 500 530 509 506 33 744 595 556 503 521 501 535 36 906 490 494 511 506 489 508 
4 798 387 517 511 536 505 483 21 833 463 502 525 505 492 517 46 932 411 504 513 525 537 495 
5 804 363 509 508 523 520 525 34 875 434 503 526 487 499 484 58 942 404 496 528 510 528 506 
9 811 379 536 501 491 503 511 44 883 467 500 502 481 557 490 78 928 461 502 504 504 497 551 
571 373 344 583 560 545 498 521 654 295 732 565 509 517 491 510 714 673 356 383 497 501 520 477 
3 766 412 542 510 516 508 521 24 830 519 518 521 515 514 485 70 926 483 509 495 509 505 512 
3 764 354 452 405 511 507 545 37 450 786 401 602 522 533 517 71 846 381 365 401 493 503 463 
0 975 49 51 252 512 514 492 0 0 1024 318 714 605 503 526 0 953 71 71 180 504 502 553 
598 294 410 528 478 545 517 531 647 97 898 614 528 491 513 520 670 795 190 225 485 527 486 519 
309 575 524 471 508 505 500 506 632 260 571 460 512 548 505 505 675 319 499 450 561 491 523 493 
0 901 123 125 262 433 524 494 0 0 1024 327 704 540 516 511 0 817 207 209 280 485 524 540 
407 433 242 481 462 525 491 498 416 32 964 461 524 526 536 501 424 690 344 326 396 541 514 527 
61 517 750 628 613 541 512 477 294 216 628 295 459 544 505 550 324 397 457 605 560 515 534 522 
0 273 751 751 748 592 525 482 0 0 1020 4 157 509 527 519 0 181 843 843 843 644 499 517 
377 370 512 618 521 496 505 539 439 272 750 416 503 540 518 521 486 518 539 514 504 533 516 491 
0 323 701 701 683 603 485 491 0 0 979 45 168 562 541 497 0 91 933 933 859 513 524 534 
309 204 622 684 504 523 515 504 310 110 720 471 512 486 510 521 326 357 684 672 495 496 463 525 
0 107 917 917 801 474 513 504 0 0 942 97 358 518 522 493 0 82 942 942 733 484 512 506 
258 149 749 756 546 515 509 502 261 62 865 332 498 515 528 507 274 345 690 694 512 519 521 525 
185 119 741 810 582 498 517 508 190 24 945 173 498 505 505 514 192 172 872 855 628 518 525 489 
38 186 833 816 636 522 550 508 38 23 962 376 458 515 505 516 40 192 830 827 640 504 508 509 
186 305 566 626 543 480 531 515 189 141 819 517 460 498 527 551 200 442 601 612 567 501 497 533 
110 466 498 542 529 533 515 529 121 357 668 495 519 519 505 506 153 664 370 519 492 527 530 497 
14 151 891 581 481 535 504 517 17 103 321 757 472 563 528 484 28 179 853 618 471 536 512 495 
0 215 824 570 501 495 524 494 2 216 428 664 525 535 492 524 14 387 722 586 464 497 526 488 
0 326 723 566 506 516 476 516 0 284 643 502 512 536 475 546 13 563 576 581 478 482 517 535 
0 176 850 774 388 521 521 504 0 142 408 682 642 479 493 529 0 297 771 784 312 511 481 529 
9 323 724 710 492 517 523 513 12 261 608 497 532 510 520 525 19 432 646 720 478 506 509 528 
0 681 363 439 487 488 498 513 0 226 806 489 521 511 510 502 0 861 197 325 445 512 510 516 
8 716 351 439 507 514 502 493 14 433 650 587 481 544 511 531 15 907 206 341 448 546 520 495 
9 842 318 503 515 499 526 508 72 864 526 517 496 476 520 522 58 942 473 504 481 552 493 484 
1 864 254 507 536 535 529 501 57 950 560 524 508 521 537 532 47 975 561 507 499 515 514 506 
0 843 263 524 479 484 521 517 40 952 632 529 507 508 512 502 49 966 634 529 508 522 530 522 
8 734 392 527 516 517 495 523 62 695 620 519 519 499 523 508 77 863 483 456 491 511 481 512 
3 721 392 534 505 508 474 536 13 735 464 533 524 514 508 503 21 949 345 456 510 494 510 515 
9 715 426 546 510 510 480 491 28 742 471 545 492 518 520 531 48 921 357 454 499 525 488 516 
62 776 441 512 533 495 515 495 196 691 509 533 491 533 491 491 259 750 466 477 517 531 516 521 
7 680 455 541 516 467 503 506 32 612 566 575 471 532 528 515 68 889 320 434 505 533 504 525 
0 642 409 455 461 512 520 522 5 218 841 425 569 496 518 528 6 832 275 315 382 505 523 500 
0 987 37 43 253 573 534 516 0 1 1023 690 358 485 530 535 0 974 50 55 131 459 490 489 
562 296 399 577 527 543 509 505 587 95 932 534 546 477 514 503 608 795 236 281 445 496 517 508 
17 768 645 502 526 496 492 512 403 315 541 555 482 507 493 509 449 495 315 476 463 499 512 500 
0 868 156 163 338 469 495 481 0 1 1023 468 586 519 515 504 0 737 287 293 358 540 519 546 
388 399 382 485 516 489 519 516 392 26 986 562 541 494 488 506 401 862 163 168 386 519 532 509 
89 613 607 567 555 534 502 509 321 299 631 379 526 513 511 519 352 496 445 530 520 554 508 525 
0 510 516 516 562 558 575 531 0 4 1020 127 466 569 449 504 0 297 729 730 729 602 516 517 
385 371 543 588 537 525 515 529 542 150 709 348 508 490 538 506 598 375 495 542 504 487 489 485 
0 357 667 667 627 521 534 494 0 0 1009 227 465 536 484 518 0 278 746 746 664 459 478 503 
340 263 560 676 553 495 531 518 363 72 855 391 526 521 523 518 387 370 629 626 548 537 510 501 
0 219 805 804 733 495 524 509 0 0 1014 123 556 511 520 494 0 161 863 862 699 476 511 527 
271 215 708 667 572 478 481 520 270 52 956 285 541 552 535 535 286 387 629 636 606 507 503 486 
159 178 762 745 565 499 503 486 160 25 988 379 490 507 517 487 171 271 753 756 658 515 494 522 
74 141 874 841 563 510 484 525 74 24 989 293 612 504 505 505 78 151 865 872 628 483 519 511 
170 225 715 649 519 513 515 515 172 106 802 443 514 512 503 508 195 347 677 665 513 508 514 500 
0 33 991 481 583 572 502 509 0 10 220 822 407 554 516 504 0 59 968 637 463 522 479 509 
2 23 1004 395 632 564 511 534 0 14 31 959 136 515 488 504 3 26 1002 238 791 704 503 498 
0 40 987 593 465 462 504 522 0 13 139 894 343 493 551 515 0 61 970 522 542 611 448 533 
0 19 1007 909 210 474 522 508 0 7 103 929 702 465 499 507 0 24 1004 840 249 421 513 505 
0 118 926 829 317 504 536 525 0 81 339 772 582 500 548 496 4 158 892 819 331 479 490 508 
15 465 642 595 512 512 535 498 65 370 675 512 522 529 539 531 98 639 446 539 567 509 557 489 
0 504 525 560 555 518 539 520 0 41 984 199 554 537 520 495 2 621 413 455 528 507 509 520 
14 606 501 549 525 489 541 501 44 279 814 441 554 495 519 536 51 763 355 420 469 518 505 524 
18 689 452 544 507 508 517 522 71 598 555 493 537 525 503 511 80 822 368 462 515 536 489 501 
16 774 387 494 510 483 508 472 71 826 431 522 504 522 494 484 62 914 391 519 520 508 528 510 
5 882 226 517 520 523 521 491 85 938 703 529 478 513 508 517 69 954 683 551 512 500 509 520 
1 643 452 565 504 504 540 527 34 515 728 502 528 512 489 535 41 802 463 501 534 532 494 504 
0 590 497 576 514 523 496 533 1 480 611 532 516 491 495 523 4 867 297 446 493 504 518 505 
4 631 438 526 490 521 503 508 12 476 612 596 492 505 505 489 23 871 290 394 507 531 492 512 
47 725 449 526 506 494 508 501 90 678 548 519 506 528 485 514 155 817 420 486 487 525 533 510 
5 750 412 501 524 504 538 507 33 832 459 535 514 514 509 516 67 920 440 517 521 523 537 499 
0 482 544 556 594 520 520 521 0 22 1002 311 589 489 495 515 0 723 304 313 401 460 544 534 
0 1004 20 69 462 549 528 512 0 40 984 927 395 503 497 504 0 930 94 102 334 508 524 529 
575 323 429 463 489 482 509 520 581 98 914 641 519 493 532 553 599 784 233 284 487 526 516 494 
4 476 589 598 561 508 472 487 27 170 856 398 580 515 521 532 32 758 297 360 443 497 477 480 
0 891 135 138 384 515 520 487 0 21 1007 689 432 497 505 529 0 850 180 194 281 462 495 530 
199 651 284 405 445 524 532 517 228 301 806 620 483 529 548 487 288 749 346 363 439 524 521 523 
59 649 459 533 505 509 504 525 102 701 526 507 530 505 493 498 170 829 439 505 527 517 488 502 
14 597 536 531 491 544 493 510 60 575 642 459 533 507 527 509 150 746 470 507 531 514 511 486 
55 645 538 541 510 511 498 521 183 610 554 507 488 510 518 533 318 621 458 531 525 537 522 519 
8 392 684 654 571 524 490 530 30 263 849 248 542 510 506 512 67 430 678 687 659 472 533 516 
326 236 561 692 582 519 524 511 338 111 876 256 564 473 521 530 351 377 665 679 575 514 528 542 
0 305 737 713 603 500 524 537 0 276 822 266 556 512 525 523 4 407 732 761 599 530 514 503 
274 130 821 718 622 497 514 482 278 52 972 290 459 535 515 513 293 359 665 665 595 518 523 491 
86 133 852 818 713 548 498 483 88 39 949 240 619 511 516 522 108 159 858 871 713 452 511 506 
67 86 933 653 466 498 517 534 67 35 565 547 588 514 528 513 71 129 908 772 448 527 537 537 
73 134 851 524 572 512 515 528 78 53 476 629 500 544 523 524 88 217 819 678 450 489 493 484 
15 46 980 366 669 595 565 529 12 27 181 840 273 482 510 487 23 51 972 421 676 621 516 500 
0 6 1018 196 836 729 495 493 0 0 11 972 88 335 540 531 0 7 1017 114 907 656 484 531 
0 32 992 459 606 578 496 518 0 0 114 886 208 470 503 509 0 30 994 430 636 581 507 508 
0 57 971 721 391 503 497 496 0 21 152 887 517 550 496 496 0 87 952 715 390 461 552 504 
0 25 999 906 320 573 535 505 0 4 674 377 368 549 521 508 0 48 976 911 367 531 497 519 
0 168 867 849 551 503 502 503 0 91 825 317 445 530 524 516 0 340 712 749 517 512 527 503 
3 485 555 591 586 514 480 481 2 86 937 249 426 522 517 512 4 553 496 551 593 542 513 515 
3 598 482 528 528 515 500 500 4 269 807 497 560 504 532 512 10 810 304 400 456 535 502 528 
6 684 467 536 492 493 521 504 27 649 592 537 511 493 500 531 31 880 392 458 493 525 507 540 
1 731 365 483 516 516 502 517 18 664 538 550 495 506 475 524 20 907 320 446 513 499 504 523 
7 810 304 476 510 519 501 530 48 914 535 477 496 538 514 509 42 971 494 469 483 501 501 510 
0 730 401 553 489 492 515 513 50 712 674 495 539 512 533 504 55 854 551 510 539 484 519 503 
2 605 486 567 528 530 533 527 11 574 597 529 527 494 521 505 22 840 402 480 511 501 530 538 
12 700 435 522 499 524 489 505 27 740 468 553 496 522 502 491 48 899 390 492 523 516 518 512 
18 726 433 537 527 504 515 521 55 787 492 535 504 501 489 523 93 889 450 507 496 508 526 486 
8 775 391 499 494 480 512 518 37 869 439 508 538 499 515 524 69 932 469 513 485 509 505 525 
2 718 423 554 508 515 508 531 27 686 568 562 487 492 518 549 47 916 404 414 500 524 542 509 
0 987 37 73 437 531 499 511 0 44 980 929 516 506 526 511 0 951 73 90 326 491 506 495 
583 282 377 508 474 499 553 508 592 65 927 461 543 490 508 509 601 652 368 387 454 505 523 536 
1 387 666 681 618 482 539 520 0 169 881 267 491 519 495 552 4 641 429 502 541 495 512 514 
3 529 519 562 523 497 529 507 5 222 825 486 468 544 471 511 13 723 372 441 517 532 548 502 
1 482 592 638 528 497 532 496 18 456 692 432 510 522 499 502 45 744 488 553 544 516 506 505 
3 513 575 584 505 490 530 508 14 506 634 475 495 510 500 533 73 783 434 517 498 501 491 543 
4 545 565 543 507 523 533 510 26 576 616 520 508 537 522 515 78 820 457 477 536 518 488 498 
25 539 578 564 528 520 502 528 72 572 628 489 515 529 498 504 144 758 464 511 500 506 518 513 
7 572 546 539 490 486 506 528 35 653 564 527 493 510 505 487 85 846 455 477 514 518 511 508 
222 415 566 578 503 509 530 519 280 398 699 464 516 516 516 507 374 540 535 572 497 496 535 520 
0 212 815 618 467 497 516 495 0 249 474 610 548 549 534 513 0 412 690 699 402 493 515 518 
94 335 659 542 516 507 512 532 130 391 583 530 547 511 528 528 148 544 630 588 485 487 529 558 
34 90 918 499 636 490 514 485 36 72 458 650 537 482 502 505 41 172 884 705 500 530 509 504 
16 60 970 394 629 543 502 532 13 43 181 848 480 531 484 525 24 64 961 657 431 490 504 521 
21 88 916 382 602 514 510 531 22 65 242 784 433 523 550 515 35 156 881 578 504 535 520 520 
25 257 771 456 591 479 500 531 162 168 384 627 422 483 531 471 196 224 798 552 587 511 514 500 
43 143 882 360 605 588 504 515 85 127 281 766 351 428 570 525 107 248 810 402 634 622 465 520 
87 186 856 515 477 476 487 522 186 104 313 767 390 575 522 503 209 231 805 560 527 531 500 528 
0 88 937 734 417 489 499 559 0 28 453 643 544 516 521 529 0 134 893 801 424 483 544 524 
0 47 979 919 272 497 537 523 0 17 779 276 330 483 494 488 0 93 936 927 469 540 529 497 
1 255 786 778 482 488 519 530 1 171 758 385 463 521 530 532 2 381 705 743 455 545 510 490 
1 502 541 581 560 528 528 523 0 94 931 244 424 576 506 517 3 556 495 562 617 597 536 477 
5 550 594 602 581 524 537 497 53 305 802 306 452 558 494 523 64 674 452 482 523 532 519 554 
15 694 506 550 524 492 505 524 98 574 607 476 534 478 484 489 100 773 439 485 494 515 523 531 
12 680 476 543 508 539 504 518 73 654 507 545 496 508 527 518 80 848 333 455 503 481 513 500 
9 763 398 511 506 503 518 501 68 863 439 499 538 518 522 501 75 931 402 448 519 480 492 512 
3 733 383 545 539 515 518 499 54 844 489 542 492 487 526 528 49 955 407 491 503 517 518 515 
0 683 406 537 516 501 486 506 25 663 587 549 502 520 478 525 33 906 389 461 507 516 504 563 
5 686 450 527 533 527 536 517 19 770 468 538 504 494 518 504 40 926 393 480 524 513 467 516 
43 682 473 515 504 514 537 518 65 718 491 553 530 516 484 537 122 843 441 487 513 524 530 496 
13 603 506 590 509 522 523 513 21 590 623 454 548 503 520 517 42 849 451 506 478 502 522 511 
2 648 445 466 476 520 475 516 9 328 786 499 556 499 516 503 24 829 335 361 486 526 514 514 
1 906 181 212 434 491 519 523 11 297 817 790 503 519 518 526 55 940 144 216 403 538 511 513 
553 306 390 548 444 485 517 512 562 102 926 563 505 541 533 468 577 785 268 296 431 498 494 520 
34 220 827 810 725 501 498 498 41 105 938 141 412 522 512 523 64 398 639 658 677 608 519 534 
0 351 724 698 553 526 499 513 0 240 828 317 493 500 525 538 19 650 487 521 547 502 523 500 
8 488 623 617 532 492 503 509 34 456 676 397 488 518 507 499 93 702 493 517 554 485 513 485 
7 354 701 691 534 465 499 548 7 221 803 363 440 558 469 532 27 603 510 572 592 543 489 500 
0 288 772 675 493 488 511 494 2 203 752 396 478 508 530 484 11 536 575 625 575 493 551 512 
14 515 605 558 512 492 507 497 32 545 621 504 487 521 515 531 69 771 445 525 507 525 504 526 
7 570 563 595 518 511 523 514 32 570 636 503 490 493 522 493 67 733 495 530 552 533 513 493 
17 220 812 752 580 507 540 543 25 97 686 395 485 532 533 507 40 163 890 846 603 479 521 545 
0 0 1024 547 479 515 540 506 0 0 1 1022 137 615 478 521 0 0 1024 336 690 691 550 519 
0 21 1003 482 533 519 526 524 5 9 69 959 249 606 508 477 8 36 991 503 549 584 501 517 
53 206 886 331 604 496 517 498 207 91 215 817 366 495 493 515 237 150 862 497 591 559 510 512 
38 476 598 476 515 545 518 520 310 371 411 596 455 532 517 529 444 323 616 522 524 535 513 508 
63 397 665 459 555 507 491 506 280 418 437 652 526 522 490 507 393 454 623 562 491 525 515 486 
179 530 536 519 516 516 521 506 509 464 567 517 512 506 518 498 656 544 449 514 513 500 505 528 
327 567 515 494 478 497 507 510 749 475 504 516 498 514 483 513 869 550 478 521 519 476 501 502 
137 497 629 517 487 494 537 527 452 324 520 549 565 537 487 520 557 369 606 593 498 535 553 503 
34 364 785 627 466 504 512 509 260 167 606 473 509 497 505 552 316 280 689 691 469 518 531 528 
8 82 949 824 340 550 531 483 15 58 842 231 348 503 541 532 20 191 847 870 533 530 502 491 
0 337 691 672 466 502 517 497 0 244 749 421 467 516 526 500 1 585 487 607 529 506 518 483 
1 495 560 604 545 549 529 525 3 142 894 293 525 505 503 530 11 692 372 459 524 518 511 525 
4 523 547 578 572 526 505 499 11 201 879 396 607 516 475 511 19 798 294 360 433 496 547 510 
8 545 535 584 538 546 513 500 16 326 773 450 536 519 498 521 25 766 357 420 471 488 506 505 
13 524 590 589 558 516 514 507 51 312 775 465 546 500 512 507 52 702 402 487 533 502 514 524 
9 740 422 535 502 513 494 506 82 728 486 529 513 514 503 488 69 899 373 472 520 525 549 481 
3 753 406 518 494 528 508 513 64 859 477 516 502 524 494 496 64 934 450 509 506 517 532 490 
6 639 488 547 518 511 518 513 42 507 654 507 550 532 499 514 49 831 396 471 505 509 507 503 
0 598 503 569 517 500 513 504 6 538 643 425 546 505 548 486 17 833 428 490 492 523 494 518 
82 624 533 534 525 470 495 519 93 643 561 547 529 490 485 507 187 801 412 484 524 499 481 508 
14 593 531 561 534 502 535 537 28 571 621 496 499 519 523 498 64 835 413 492 521 519 518 520 
0 707 386 448 483 514 506 526 6 431 711 533 531 497 534 514 26 892 333 384 489 505 517 526 
1 767 363 542 499 518 525 489 4 731 487 532 558 489 481 504 54 959 424 522 546 514 502 533 
45 508 576 593 539 501 499 498 78 416 720 463 535 504 499 530 145 730 394 475 511 534 511 513 
5 554 555 536 526 511 516 521 13 528 628 536 520 495 496 502 61 871 349 467 510 519 495 509 
1 540 562 571 498 510 528 513 16 599 596 545 499 539 521 505 63 884 396 467 510 510 504 498 
0 618 466 520 537 497 521 515 14 827 474 515 520 521 498 493 80 912 485 523 536 505 518 496 
0 586 515 539 512 482 480 522 6 737 572 491 492 533 510 533 81 871 496 535 503 532 524 545 
0 455 614 582 493 517 496 534 7 472 648 495 516 523 526 534 42 777 458 512 521 535 549 515 
1 349 698 598 515 504 510 506 1 266 751 424 497 504 494 517 7 678 434 552 535 523 499 510 
2 619 506 539 517 501 529 515 24 704 562 496 496 511 520 512 59 845 495 533 530 520 535 502 
1 245 819 757 399 476 490 533 5 257 440 636 487 535 494 469 18 318 862 786 418 409 505 465 
0 0 1024 537 488 509 516 506 0 0 1 1016 184 598 545 516 0 0 1024 428 599 591 487 525 
31 229 790 477 509 479 480 516 100 260 267 792 322 551 499 507 180 295 761 510 493 515 486 495 
21 611 539 533 521 551 523 524 321 634 515 498 537 529 520 514 512 533 559 509 503 518 513 505 
21 417 638 495 546 493 499 511 185 550 509 557 530 530 516 538 287 647 481 496 529 509 508 485 
18 587 516 504 497 529 500 535 347 648 467 520 504 518 519 522 562 472 456 523 507 520 498 508 
70 626 509 488 515 489 529 544 448 587 501 496 516 491 531 490 608 475 509 535 533 551 481 528 
36 719 460 517 492 500 516 519 528 495 534 528 525 508 501 527 792 287 488 504 517 500 510 542 
139 458 584 522 532 532 547 500 481 288 419 565 582 510 497 540 559 352 608 634 492 516 514 517 
178 645 482 503 538 513 518 541 654 414 495 508 509 532 528 491 804 394 470 483 536 550 517 540 
157 573 565 515 486 500 532 518 505 471 518 504 473 494 527 507 592 549 503 498 488 530 538 509 
114 627 649 530 522 528 484 526 560 239 710 477 515 498 504 508 626 499 487 510 519 519 538 532 
2 463 569 580 593 523 546 511 2 35 990 216 569 528 528 495 6 677 354 396 485 530 477 495 
0 527 532 553 569 521 499 497 1 145 911 409 581 469 519 535 4 761 313 388 480 516 562 504 
23 578 563 592 545 523 548 540 69 447 682 484 554 501 532 511 83 770 402 447 511 533 516 504 
13 652 497 557 543 503 506 515 53 543 636 526 540 518 541 474 59 840 374 429 510 490 501 505 
9 780 425 515 482 508 492 501 132 755 472 486 509 481 521 535 101 888 424 474 505 519 500 520 
17 801 372 511 523 503 520 530 115 870 496 519 513 515 493 509 99 911 488 513 509 501 523 497 
4 619 485 598 479 524 517 501 30 540 683 422 521 499 521 510 38 781 512 526 517 513 517 514 
3 671 440 553 510 528 501 523 24 700 530 514 491 528 506 497 36 896 446 475 489 507 492 521 
42 613 494 559 520 526 511 505 59 608 565 494 512 506 522 519 97 817 421 498 533 509 509 519 
18 685 415 523 495 526 530 506 28 762 462 531 514 523 510 499 66 930 439 475 504 526 543 540 
0 827 298 518 515 519 517 553 13 912 472 537 511 517 501 509 111 909 652 482 506 498 536 515 
3 742 396 517 514 488 534 522 28 756 516 501 513 512 488 551 116 883 490 505 487 511 513 488 
13 554 561 591 490 508 524 500 44 547 616 468 522 536 525 538 99 792 425 462 509 550 501 506 
2 329 742 669 525 489 512 555 2 230 795 355 483 518 521 522 15 602 530 582 559 518 527 516 
4 429 645 600 515 514 505 522 4 374 735 463 505 490 509 522 39 761 408 488 520 512 555 527 
0 280 764 712 462 515 511 525 3 191 816 335 447 539 491 543 10 561 550 608 632 495 528 503 
0 472 589 592 524 552 515 506 11 522 637 456 502 505 520 479 35 791 477 530 553 495 500 486 
2 651 440 520 495 533 507 504 50 798 579 526 514 476 519 529 137 841 516 498 516 495 531 487 
0 502 561 542 479 499 501 534 12 542 640 495 502 491 530 528 40 835 449 489 540 543 507 536 
6 591 529 516 513 530 502 538 61 726 477 495 501 510 516 497 91 864 430 513 525 520 507 508 
0 310 773 550 455 516 522 541 12 366 293 754 434 599 564 509 36 388 819 693 401 448 482 489 
28 166 888 416 579 513 523 516 120 103 159 867 259 576 518 533 172 121 874 540 518 561 473 499 
121 463 634 464 535 508 526 498 409 407 440 589 436 500 519 517 503 496 555 484 530 560 518 508 
48 552 575 497 530 469 515 523 357 517 511 504 508 501 487 532 510 529 453 519 518 499 496 514 
26 355 670 525 494 522 502 515 104 590 507 518 499 507 515 547 164 802 406 499 508 497 520 518 
48 445 643 478 505 531 500 526 219 665 503 518 530 504 516 497 360 652 478 506 521 515 522 526 
16 539 598 510 546 548 504 514 307 605 491 516 517 506 492 563 472 562 441 516 520 487 507 494 
8 579 561 484 486 516 514 512 248 672 501 529 511 515 504 483 478 556 477 505 530 519 512 517 
12 673 491 541 526 466 511 506 377 630 512 508 541 492 488 531 621 417 486 518 543 498 509 497 
162 637 510 470 515 504 541 533 564 432 605 502 541 507 497 519 723 441 502 505 520 498 510 511 
160 706 454 538 518 498 509 498 583 495 557 543 531 509 492 507 756 405 523 529 519 530 518 514 
34 648 590 538 516 508 510 535 383 520 485 499 537 530 512 496 509 537 522 493 518 539 520 533 
0 520 525 616 553 519 523 509 3 192 846 305 433 539 507 489 6 668 429 494 561 526 493 507 
0 537 513 555 532 514 517 511 0 212 844 333 506 560 515 519 1 699 401 485 551 548 486 477 
2 590 499 563 551 515 493 497 5 439 661 519 533 517 483 492 14 878 280 391 443 502 512 482 
8 647 456 542 507 502 535 529 31 564 569 570 514 519 514 521 29 906 280 408 496 514 488 516 
9 821 419 494 518 503 490 499 150 740 510 516 528 539 488 531 125 868 445 461 521 485 507 523 
14 768 397 534 503 516 518 515 107 684 604 578 494 498 530 516 113 834 474 449 512 537 526 521 
6 600 510 589 524 485 496 512 31 536 663 422 506 533 517 494 52 741 520 556 541 506 512 523 
22 482 596 613 518 515 499 501 32 312 751 428 494 512 528 529 58 682 437 526 571 498 496 553 
7 576 527 573 536 511 511 501 18 523 605 507 544 480 519 534 40 812 399 487 521 529 527 515 
7 693 444 521 531 495 513 530 41 759 433 522 519 504 524 527 95 890 400 494 535 522 519 522 
9 803 349 551 505 543 536 493 52 914 424 498 540 493 490 517 141 883 583 549 488 518 482 515 
4 762 367 538 503 515 479 511 26 828 422 480 494 546 510 505 80 938 533 543 524 518 531 517 
3 548 550 605 527 483 522 540 9 511 646 430 569 508 527 497 53 832 412 455 514 499 527 505 
1 265 793 795 596 493 517 534 13 152 853 264 420 485 503 512 34 434 641 663 656 527 486 511 
0 100 925 933 716 336 498 466 0 21 685 418 482 566 482 544 0 186 846 865 703 457 528 534 
0 27 998 997 582 455 469 536 0 2 293 742 757 696 487 497 0 43 982 987 547 544 519 503 
0 182 863 754 448 532 466 537 0 118 513 591 643 538 490 533 2 329 748 801 454 572 522 521 
1 621 519 549 522 493 518 491 48 828 507 501 496 481 505 520 113 876 500 536 501 508 516 522 
27 708 427 515 511 523 485 520 92 885 521 523 499 535 489 519 220 813 553 513 507 507 500 505 
54 635 532 539 526 542 494 547 288 635 519 558 511 499 505 492 386 637 536 522 550 521 522 524 
53 551 530 486 495 506 504 507 174 627 471 546 506 513 529 485 296 610 561 574 475 554 535 522 
37 507 606 494 521 533 511 510 236 475 548 544 528 512 515 491 387 578 504 522 507 518 526 522 
90 461 600 541 527 506 504 528 234 703 492 512 516 508 522 510 343 749 493 523 496 530 525 510 
29 566 566 502 511 496 517 517 305 628 506 512 529 486 518 513 466 579 505 512 491 509 507 521 
16 287 757 520 488 522 504 509 83 409 655 586 500 519 502 520 127 763 382 442 504 542 543 521 
43 471 626 488 510 529 519 527 228 617 511 540 527 515 507 510 350 672 409 486 511 531 492 520 
32 618 506 485 500 519 494 536 368 574 504 513 509 514 534 534 537 488 482 493 509 494 506 532 
4 436 632 507 488 520 517 538 108 685 564 514 470 494 497 496 237 761 459 515 499 531 514 520 
8 512 574 527 518 493 532 499 197 673 468 539 506 533 491 496 339 680 439 510 512 503 508 517 
16 579 510 529 495 525 512 521 156 787 482 521 533 537 506 509 324 703 493 518 511 496 539 511 
76 598 549 516 507 484 491 490 374 535 522 479 488 488 513 478 519 486 504 526 542 506 529 472 
37 531 590 553 517 534 505 516 178 580 575 502 512 519 525 499 329 637 467 497 535 502 530 545 
0 492 535 540 556 506 515 512 0 25 995 87 389 538 490 519 0 537 496 509 552 556 489 513 
0 514 525 569 577 492 511 506 0 111 902 267 522 517 522 496 0 670 397 457 532 510 505 508 
0 502 538 618 603 522 528 501 0 358 730 410 492 525 502 506 1 766 374 474 561 520 520 536 
6 504 567 604 545 501 517 500 15 308 770 544 544 517 535 533 20 780 329 421 512 492 504 528 
7 663 434 542 538 513 503 512 35 587 618 590 505 507 530 523 28 887 356 449 493 524 515 530 
17 872 410 538 505 505 512 503 227 768 562 518 505 536 463 504 190 831 559 515 490 528 523 510 
1 784 392 546 533 512 493 522 112 796 529 526 518 524 536 503 95 891 524 500 514 527 516 479 
4 587 466 567 549 494 534 521 4 547 571 535 526 518 492 535 10 895 297 461 510 513 500 553 
3 499 571 610 531 531 500 487 6 398 684 488 532 491 526 503 14 797 359 485 553 524 501 507 
4 591 509 560 537 491 506 541 14 598 533 468 519 503 532 485 39 872 382 497 505 484 510 511 
1 684 429 497 512 490 524 530 15 770 415 528 510 526 519 511 54 947 347 508 488 541 506 512 
8 770 362 516 520 518 523 516 35 830 450 510 526 513 518 515 97 914 530 490 491 527 524 517 
5 736 352 506 492 507 516 503 15 805 417 506 506 501 520 505 49 957 468 526 520 473 536 512 
2 685 422 507 508 504 515 532 24 760 508 529 491 520 482 506 69 897 459 511 487 499 511 492 
1 589 502 565 540 516 522 522 10 687 576 508 514 534 517 499 53 809 630 545 544 498 507 499 
1 127 906 861 432 536 516 511 0 46 603 488 553 554 516 522 2 232 806 835 600 490 511 513 
0 325 732 663 458 509 531 497 0 270 665 440 538 521 487 496 10 570 564 624 539 502 495 519 
1 585 501 542 529 532 525 518 21 680 463 514 528 513 540 517 50 902 348 516 490 549 483 551 
5 574 502 558 507 523 527 497 36 699 518 519 524 525 515 513 93 864 432 524 517 520 495 516 
12 519 558 540 536 502 501 512 63 780 411 541 539 491 521 514 111 885 434 478 510 500 480 502 
32 521 561 546 510 515 512 516 145 774 426 501 526 516 507 476 277 755 489 522 522 522 528 539 
55 465 618 519 519 517 509 530 224 502 546 513 540 495 502 507 307 673 461 521 548 543 512 505 
14 307 727 540 482 524 533 495 31 462 628 495 524 511 517 531 51 761 419 513 539 487 493 502 
33 458 638 519 530 480 505 506 223 517 582 509 522 527 513 507 357 613 461 521 552 501 527 532 
18 387 634 502 495 503 517 513 81 564 592 532 535 518 534 528 180 796 407 496 502 496 506 496 
8 272 685 512 544 490 501 512 37 426 622 539 480 484 514 496 98 741 431 490 522 517 529 503 
11 450 611 494 526 501 508 522 179 585 528 522 524 507 512 501 304 657 469 508 538 519 530 545 
31 293 719 507 503 521 513 525 79 369 659 518 515 508 535 506 115 747 406 500 507 507 496 526 
13 433 631 506 490 513 510 528 75 646 556 526 522 516 525 511 213 774 415 498 487 493 495 523 
19 518 563 491 528 502 519 519 136 646 556 498 526 525 526 495 294 711 426 528 492 520 507 554 
75 545 543 482 484 508 527 521 216 664 504 501 503 499 497 524 365 690 446 494 542 526 531 504 
42 727 444 508 486 493 506 488 343 664 484 525 510 529 477 531 553 494 535 488 527 480 509 503 
0 437 624 649 623 556 494 530 6 138 897 262 394 494 535 533 30 567 502 573 608 578 472 494 
0 444 582 600 608 532 532 510 0 34 986 142 395 502 541 529 0 512 520 554 606 573 472 503 
1 331 700 735 635 533 498 516 1 85 922 177 359 505 547 500 4 413 624 682 709 504 520 532 
9 477 611 650 537 516 490 513 13 331 772 403 538 543 548 490 28 687 430 497 543 512 501 532 
22 572 548 593 547 509 525 500 89 415 675 525 541 500 503 519 93 801 325 367 413 519 505 526 
9 852 345 503 489 491 480 487 148 853 545 515 497 515 503 498 125 897 549 526 491 494 479 486 
40 795 318 491 502 491 525 520 191 796 597 492 511 506 510 533 207 826 566 512 520 517 530 495 
11 703 392 551 502 520 492 503 50 871 483 496 512 514 539 526 68 936 478 501 512 502 518 508 
0 447 613 659 536 517 510 498 7 340 788 407 543 510 493 489 14 694 488 537 551 484 513 503 
3 361 704 702 559 507 512 497 2 242 820 338 401 503 477 512 20 581 553 590 604 495 521 496 
5 595 491 502 515 540 515 494 38 549 637 491 526 521 530 522 77 832 383 469 501 506 514 516 
3 793 362 492 506 531 522 516 205 741 499 459 491 523 534 502 233 772 500 487 514 499 492 515 
2 775 353 535 513 494 524 517 34 949 453 526 546 500 505 525 91 931 614 511 531 500 488 504 
1 636 440 544 529 517 524 493 17 714 572 447 518 548 538 515 32 869 502 525 542 511 534 506 
2 576 473 525 505 524 535 506 10 696 413 516 536 490 494 523 18 940 324 495 496 491 538 478 
0 286 753 674 482 535 505 543 0 194 676 461 533 531 518 516 6 534 556 646 533 507 542 546 
0 381 678 599 516 530 476 500 0 370 660 448 502 518 522 509 22 716 471 546 542 503 536 518 
0 233 803 720 464 522 524 514 0 130 887 324 484 510 508 496 2 539 538 594 552 521 498 535 
12 480 557 512 520 498 517 522 31 647 490 512 504 540 532 503 57 876 432 429 508 507 527 530 
9 542 558 523 495 513 505 512 146 758 476 486 500 516 511 518 266 748 477 533 486 562 499 537 
9 494 591 526 502 483 518 488 119 617 532 512 515 502 522 554 192 793 447 461 515 515 525 488 
49 387 699 506 492 531 529 529 181 419 654 477 527 487 522 531 249 661 447 528 510 519 501 518 
2 194 831 608 475 502 500 538 11 217 796 474 535 520 519 498 16 629 464 542 533 519 525 517 
18 334 732 514 501 491 486 489 118 391 642 522 497 478 544 536 181 685 406 479 499 523 509 521 
0 252 778 529 502 500 501 521 21 422 674 513 547 484 542 524 52 797 406 466 528 514 505 529 
1 279 715 459 529 503 504 525 23 391 657 482 516 527 525 508 60 709 468 531 508 514 497 490 
8 291 687 460 518 527 531 506 46 413 582 498 523 518 542 518 101 693 482 519 484 502 520 500 
4 297 734 475 504 528 508 505 21 420 607 489 523 493 492 511 82 652 507 575 495 496 523 512 
17 397 644 509 497 536 503 512 127 443 578 530 510 492 505 503 220 630 484 543 519 513 509 481 
15 358 673 528 527 531 523 484 74 480 601 506 532 527 514 508 144 725 433 482 510 505 512 496 
6 503 568 527 515 486 525 514 94 680 546 479 517 520 476 516 240 753 439 518 520 544 479 481 
14 672 479 511 521 507 541 488 228 749 455 503 490 520 541 490 405 622 495 530 494 525 542 512 
11 442 589 590 572 555 498 488 12 50 970 163 333 534 496 508 24 502 528 548 619 617 477 524 
57 418 585 619 575 492 523 515 71 104 911 218 345 533 519 520 83 474 563 588 600 544 520 534 
49 406 625 652 588 488 501 523 77 139 897 293 503 502 491 536 88 498 545 572 584 534 545 530 
28 635 545 551 556 468 521 507 116 536 638 462 497 514 527 510 133 695 485 556 544 518 492 498 
35 664 487 557 527 542 546 506 126 585 621 531 526 499 516 495 118 812 448 477 503 512 531 500 
25 860 331 502 493 528 514 549 319 698 546 437 537 514 512 509 342 679 541 452 507 542 525 511 
61 823 449 500 540 525 489 513 469 551 558 499 494 522 511 550 493 536 581 504 538 513 520 518 
70 765 411 512 507 511 506 495 330 708 465 551 501 509 526 506 338 708 544 528 461 519 510 512 
6 820 417 481 490 508 550 517 319 674 532 482 511 496 502 519 374 640 530 498 500 520 497 519 
21 600 469 562 504 506 517 494 81 602 552 430 460 515 506 534 96 750 460 537 536 512 502 532 
8 674 471 503 506 497 547 523 147 679 493 490 547 490 513 522 172 792 424 476 500 504 515 530 
77 732 405 503 490 513 508 516 351 682 556 499 518 525 536 522 374 668 577 520 517 502 520 503 
19 738 387 494 535 511 485 519 127 768 542 504 533 521 517 486 152 859 508 483 499 521 530 512 
3 527 551 560 514 506 501 501 12 535 568 529 516 495 502 501 35 840 346 483 533 511 509 519 
0 444 601 618 536 541 509 520 0 406 653 458 496 500 492 514 4 800 318 520 543 518 511 507 
4 616 456 508 501 517 521 514 42 744 402 527 528 515 512 510 60 907 463 477 527 506 503 493 
4 470 596 541 474 511 526 513 16 532 661 449 508 516 487 521 66 799 451 516 556 496 544 482 
3 236 793 708 465 508 520 515 6 174 753 442 476 514 525 508 7 613 482 577 535 541 510 506 
14 218 807 651 464 511 511 518 29 229 717 452 531 548 487 520 49 578 512 592 497 532 543 517 
4 288 744 565 521 535 524 524 20 395 681 502 512 520 489 494 38 767 413 525 518 482 523 531 
21 271 748 536 512 519 474 519 89 274 746 483 519 519 505 528 130 616 461 505 532 488 514 512 
7 130 900 583 541 522 518 500 24 171 825 462 541 536 527 513 38 540 524 583 514 515 509 496 
14 216 810 567 471 511 501 505 29 305 746 467 536 499 531 499 47 693 410 512 531 532 518 507 
6 237 761 531 515 537 516 537 46 372 698 484 509 512 510 535 76 728 404 500 540 506 497 514 
9 307 711 511 503 532 510 510 52 526 601 499 511 486 515 505 120 787 372 495 492 528 511 530 
84 329 657 463 515 502 489 524 214 411 576 512 541 519 494 512 277 644 454 534 482 545 504 529 
116 220 766 478 527 519 505 551 151 351 643 566 491 497 529 528 197 674 473 534 516 498 492 529 
1 446 604 442 497 488 534 487 87 612 545 530 562 505 503 507 216 695 490 537 486 495 521 527 
33 430 631 491 506 538 511 470 147 515 611 512 519 530 503 522 246 708 433 491 502 495 513 498 
7 406 656 496 488 494 512 526 55 489 650 491 504 475 514 512 164 736 431 481 519 502 493 516 
2 566 538 503 485 523 493 493 130 727 522 535 524 520 492 511 280 718 511 516 511 489 494 499 
13 712 470 521 503 514 495 520 335 656 499 528 485 512 525 504 556 476 482 517 501 504 521 503 
16 629 555 535 536 527 524 507 157 396 654 388 462 508 518 526 185 603 458 548 547 558 534 541 
110 628 461 538 504 513 506 507 265 460 632 492 499 506 529 500 273 713 421 455 493 519 517 543 
53 771 450 482 524 519 508 525 326 592 448 473 520 544 507 538 350 662 383 434 536 495 516 495 
25 751 512 481 513 513 535 506 294 567 480 514 530 537 494 496 314 661 402 476 466 504 509 527 
40 806 439 495 536 505 511 489 291 714 477 506 545 496 532 506 304 710 500 532 500 521 519 471 
1 836 395 490 546 511 498 486 277 734 486 497 527 507 503 491 300 720 503 514 515 529 518 525 
7 843 449 528 496 520 522 499 442 575 481 499 509 522 533 571 473 547 487 505 538 516 506 537 
21 699 473 538 509 544 534 533 210 746 414 475 514 501 530 505 263 752 452 516 500 508 528 506 
11 781 421 544 490 516 500 537 227 777 476 516 500 517 497 522 251 773 524 538 504 481 502 506 
69 745 386 482 512 521 512 558 296 707 495 501 532 500 491 511 303 740 498 505 517 490 529 515 
17 735 422 532 551 512 505 491 249 715 498 477 525 519 540 516 286 738 452 474 520 515 512 521 
12 796 316 479 515 503 520 519 252 773 514 566 492 504 542 489 252 774 574 550 545 521 495 510 
2 783 373 525 496 509 531 505 312 668 410 553 499 502 502 509 344 670 458 541 518 497 516 515 
0 519 539 580 507 533 518 516 17 604 477 450 544 492 516 511 21 829 370 551 547 502 532 500 
0 238 820 772 568 488 497 529 35 145 754 302 368 488 553 529 40 309 743 789 748 475 512 519 
0 378 701 706 454 533 501 474 126 243 624 418 523 524 528 526 156 431 564 671 611 490 493 550 
0 279 769 731 422 586 472 491 19 291 437 581 620 590 496 517 40 454 651 724 473 582 573 536 
0 194 842 753 359 500 501 504 10 225 314 677 656 437 496 511 15 337 728 824 327 547 502 501 
0 290 745 652 461 511 500 515 3 389 455 538 546 512 505 519 18 664 481 652 439 498 524 520 
9 123 895 674 449 517 503 539 12 97 872 332 444 534 497 495 21 443 588 647 578 465 502 512 
0 180 839 558 475 516 528 513 20 245 769 389 478 509 501 491 60 463 612 637 568 499 512 485 
0 215 801 519 493 499 527 530 31 294 750 387 500 517 526 495 57 573 531 618 527 514 510 518 
10 335 681 510 511 495 520 518 76 482 635 501 519 533 536 515 166 704 419 510 512 522 520 502 
7 194 814 480 535 513 529 514 46 319 702 426 514 488 520 506 81 629 500 572 545 510 515 518 
3 199 783 512 506 511 523 518 19 306 728 438 510 483 509 530 52 628 509 552 551 513 510 506 
6 419 641 496 518 512 518 518 201 453 569 493 516 516 483 508 319 574 484 531 524 523 514 550 
95 469 549 521 507 511 509 497 309 555 526 492 514 506 520 516 463 609 443 511 463 507 489 539 
13 392 655 492 502 517 499 507 141 529 545 491 510 505 518 482 243 613 512 561 517 511 490 507 
15 495 593 520 502 503 520 522 125 619 564 484 508 504 513 502 299 675 425 502 504 504 527 506 
16 437 640 536 514 513 512 515 59 612 528 506 507 542 520 534 166 796 410 514 527 515 518 538 
10 599 521 533 524 511 474 503 227 647 503 512 503 501 502 531 411 604 437 508 524 505 544 515 
7 665 467 501 502 490 515 507 234 673 536 514 515 521 502 516 447 565 436 507 535 520 513 499 
18 775 450 492 518 527 514 521 227 688 417 542 502 527 512 542 254 770 374 513 533 480 509 498 
47 677 486 544 510 482 531 474 214 568 560 557 479 520 514 532 225 789 368 432 519 491 511 518 
21 697 448 541 539 490 537 504 142 669 534 567 488 506 517 528 173 823 422 462 479 494 511 511 
62 752 510 530 510 520 513 499 404 602 448 511 527 515 516 525 437 591 432 511 523 514 516 532 
33 795 402 510 521 497 530 514 306 694 435 463 549 504 484 497 285 743 466 527 536 515 504 516 
0 777 412 533 516 515 528 521 297 666 379 491 522 505 537 523 362 656 375 507 518 530 485 506 
8 766 385 512 517 512 493 488 190 792 438 503 517 520 529 524 220 796 460 501 499 531 510 497 
20 744 407 560 543 490 507 490 226 751 510 490 525 528 496 488 226 792 493 473 514 472 507 496 
5 791 484 514 519 492 509 507 336 635 459 514 526 508 506 510 367 655 429 511 532 491 509 505 
22 659 468 536 500 509 500 531 162 742 482 535 494 498 531 528 205 813 423 507 516 499 513 502 
9 719 450 525 517 520 497 520 232 723 499 446 512 516 517 495 237 780 469 450 497 538 488 514 
8 802 460 528 494 517 511 506 407 615 549 473 494 491 494 493 441 583 553 496 516 525 500 508 
3 791 426 503 518 524 541 514 325 670 425 487 521 503 518 512 359 661 438 519 507 479 509 504 
15 686 393 476 512 504 506 480 107 833 354 514 520 512 490 540 126 895 394 515 521 526 518 503 
14 617 516 540 503 523 528 487 170 622 539 478 526 485 503 514 203 757 438 506 513 515 490 496 
10 543 577 543 490 492 503 514 176 494 606 484 503 496 512 532 223 620 503 552 512 506 521 495 
7 203 864 752 467 502 540 550 57 124 820 329 606 528 489 502 68 582 459 504 512 521 519 505 
0 186 841 716 437 505 515 497 0 148 852 346 566 509 528 503 0 604 447 572 597 534 503 495 
1 262 781 561 504 508 472 525 8 276 684 457 530 502 499 526 25 614 454 609 515 509 518 502 
0 225 804 562 477 518 522 492 44 299 597 453 509 515 511 497 64 401 721 704 514 512 513 517 
0 202 850 493 481 527 529 547 67 216 728 356 499 509 519 512 87 342 706 732 559 542 488 507 
0 230 776 484 534 524 537 516 27 405 690 415 520 501 518 483 40 656 494 560 550 537 500 531 
1 148 861 450 535 524 522 514 7 232 661 475 483 512 533 529 26 481 618 662 478 495 488 494 
8 232 733 420 533 487 520 504 29 276 676 428 515 495 504 493 64 548 558 616 519 543 518 509 
20 277 711 458 515 536 512 508 73 370 573 519 524 522 504 529 145 590 522 536 498 523 518 512 
9 260 712 433 536 525 542 526 55 310 528 553 479 523 525 522 148 509 580 523 507 539 519 523 
88 457 589 468 495 510 510 510 258 539 537 473 494 483 505 505 375 650 458 540 522 509 491 500 
9 360 669 473 522 496 522 504 69 504 547 503 525 474 539 496 153 635 549 586 499 530 558 512 
20 447 639 494 498 509 500 495 130 490 582 483 515 515 502 522 256 616 488 516 517 522 510 516 
10 377 669 508 501 488 531 482 35 493 592 466 488 512 506 512 108 741 438 554 513 523 526 497 
4 407 641 542 505 512 513 521 27 544 572 544 518 542 530 543 93 862 387 498 501 512 541 510 
5 486 622 570 506 538 502 513 107 584 543 493 545 488 499 510 192 769 399 515 554 507 482 505 
27 749 398 507 502 495 481 535 215 504 590 551 484 511 495 522 232 754 359 462 453 523 535 516 
10 699 421 507 504 501 565 508 114 466 660 541 525 532 536 514 138 786 370 403 467 493 511 497 
5 774 405 488 486 499 481 546 170 664 582 568 518 522 540 496 192 824 412 420 443 488 505 539 
1 818 327 496 548 533 509 502 238 768 425 494 503 520 511 506 318 705 426 545 527 498 522 525 
12 715 422 506 529 513 464 483 134 812 419 496 497 517 530 529 161 852 430 483 542 504 505 486 
0 601 501 567 508 494 509 522 71 523 625 542 557 512 511 530 97 832 356 418 450 502 509 475 
18 601 531 532 488 506 524 522 117 550 550 553 529 519 494 526 148 804 353 449 509 517 538 529 
9 665 423 524 512 518 531 499 108 727 404 504 521 521 500 506 117 874 310 455 480 501 510 540 
12 642 497 555 527 490 502 520 157 566 547 606 471 520 497 500 173 808 352 392 458 496 493 528 
10 525 569 576 523 494 509 542 74 407 676 636 492 520 509 518 98 830 247 365 494 544 527 520 
3 646 448 501 503 514 513 526 91 703 447 505 517 532 531 527 108 906 296 452 495 513 478 491 
147 687 420 505 519 510 488 489 449 616 483 524 531 512 511 507 500 593 494 537 533 516 521 499 
1 689 377 462 518 517 546 509 59 919 395 552 518 501 517 518 92 929 426 558 516 492 514 485 
26 748 406 493 498 520 507 493 233 756 490 496 513 514 529 527 295 728 510 498 514 507 508 515 
45 725 483 549 502 500 492 505 373 634 440 530 504 492 505 503 465 581 458 517 506 507 507 488 
135 563 587 539 511 553 488 519 465 315 656 482 487 519 574 505 563 397 514 506 542 505 498 497 
65 477 668 620 532 515 506 513 302 338 693 418 522 503 507 511 341 564 474 470 492 510 535 493 
23 230 821 729 509 518 515 536 95 202 806 281 512 501 488 500 115 437 619 632 608 547 498 514 
1 207 821 655 490 522 465 488 1 226 817 336 467 511 528 505 5 534 582 641 590 517 495 527 
0 266 760 591 504 512 535 501 45 392 629 438 496 513 518 518 68 586 489 582 568 463 531 520 
0 398 644 523 514 487 520 516 152 444 615 479 490 530 507 505 205 541 535 582 518 522 502 505 
1 417 621 477 498 488 475 532 112 564 596 457 490 500 511 510 178 638 507 545 535 479 505 539 
2 182 859 487 542 501 509 527 19 276 695 427 461 525 498 505 57 500 592 655 518 516 499 474 
9 264 731 522 511 495 504 516 72 437 572 510 512 498 534 523 105 667 479 572 508 511 503 504 
4 393 630 489 515 540 516 503 137 477 602 502 529 511 494 524 236 660 446 518 515 537 530 507 
4 220 743 435 507 521 495 493 18 308 619 469 496 514 507 528 50 566 596 589 506 498 520 515 
0 247 758 408 511 492 512 511 53 280 449 605 546 517 498 516 76 441 666 566 505 514 517 499 
18 377 647 445 526 517 516 530 114 417 534 554 523 520 511 524 215 522 548 561 525 506 491 509 
46 564 585 505 510 520 501 503 258 540 486 523 510 518 505 488 366 556 527 532 544 524 514 499 
28 392 675 483 537 517 504 513 107 375 541 507 532 521 494 510 204 495 560 612 473 508 518 521 
78 476 613 518 498 535 508 509 154 501 604 515 544 493 517 491 266 683 451 484 511 543 494 508 
52 603 573 508 510 519 517 497 216 575 504 481 545 520 492 499 298 664 422 524 540 515 528 506 
