1021 1011 1002 627 382 415 576 580 1011 11 964 62 361 461 480 550 0 0 373 647 561 468 454 532 
1024 1024 1016 279 735 531 510 516 1024 0 787 232 303 526 516 504 0 0 393 625 622 488 504 496 
1024 1024 1013 164 820 635 519 531 1021 3 799 225 319 537 528 545 0 0 473 542 507 470 493 517 
1024 1024 1023 310 687 582 567 493 1024 0 838 186 340 461 500 541 0 0 555 469 450 631 485 499 
1024 1024 1021 294 723 596 501 488 1024 0 992 32 326 572 461 533 0 0 666 355 401 621 486 526 
1024 1024 1022 587 424 406 434 499 1024 0 1002 21 772 493 420 385 0 0 862 160 163 503 614 507 
1024 1024 1022 875 161 375 435 389 1024 0 1014 103 814 495 432 529 0 0 989 34 148 599 516 638 
983 992 982 889 233 581 479 475 978 38 985 299 672 510 558 541 0 22 934 109 369 551 450 536 
452 684 641 586 468 522 527 516 451 400 636 477 554 501 485 523 0 211 610 384 428 505 481 499 
28 407 409 450 490 495 514 498 78 565 434 506 515 515 519 497 8 301 447 426 466 477 465 483 
156 535 454 479 504 515 497 507 196 586 532 505 508 520 528 516 46 250 502 475 450 498 473 497 
906 966 901 870 590 517 519 521 872 131 924 528 483 517 499 506 0 5 424 578 550 494 469 512 
989 917 702 589 452 559 515 511 912 95 601 497 534 488 607 557 0 1 211 777 730 432 503 562 
1024 1024 1024 912 128 403 483 525 1024 0 1024 568 470 575 541 601 0 0 1012 41 629 509 482 445 
1024 1024 1019 538 481 366 503 513 1024 0 1019 254 753 504 449 591 0 0 1019 49 517 774 533 452 
1024 1024 1024 153 861 730 474 558 1024 0 1024 292 668 458 550 551 0 0 1019 154 592 574 527 510 
1024 1024 1024 108 916 772 529 514 1024 0 1024 393 614 414 627 452 0 0 1024 209 626 491 492 444 
1024 1024 1024 537 487 480 496 554 1024 0 1024 717 302 499 477 528 0 0 1024 431 535 410 529 571 
1024 1024 1024 852 169 351 538 504 1024 0 1024 746 349 580 559 551 0 1 1023 519 485 514 570 488 
485 555 639 535 471 539 508 514 485 174 714 643 444 474 509 516 41 125 563 396 449 487 467 483 
87 486 427 497 484 491 462 503 233 500 520 511 509 516 500 493 203 392 460 455 483 513 505 507 
13 555 476 498 473 486 497 484 190 636 500 521 542 501 502 504 58 570 483 495 519 518 531 505 
60 566 487 486 490 494 524 505 215 656 500 494 519 526 517 546 58 534 467 474 464 482 512 485 
79 511 510 491 507 515 479 494 204 598 468 516 511 508 508 535 20 385 495 499 521 535 493 509 
611 839 784 783 697 645 579 534 609 374 750 734 669 449 540 537 4 87 756 305 448 554 498 491 
1024 1012 984 924 356 554 379 628 1013 13 995 970 247 247 738 296 0 0 971 67 270 747 314 615 
1024 1024 1024 1016 66 653 458 611 1024 47 977 975 635 568 499 546 0 12 1012 968 435 341 545 610 
1024 1024 1024 808 216 394 455 339 1024 1 1023 1023 463 593 416 426 0 2 1022 998 428 255 404 403 
1024 1024 1024 409 612 592 484 506 1024 0 1024 1012 436 460 504 449 0 2 1022 986 406 384 508 609 
1024 1024 1024 377 647 614 570 450 1024 4 1020 1017 365 602 573 488 0 17 1007 1007 472 496 592 471 
928 924 950 382 606 606 590 424 922 72 929 914 629 516 517 568 0 148 807 826 725 445 460 452 
415 569 649 496 509 495 481 481 457 343 683 665 533 525 500 504 66 362 575 600 537 545 490 509 
36 538 449 493 502 484 486 475 211 646 532 520 507 521 494 478 145 646 484 504 514 504 511 510 
22 660 496 485 499 506 486 498 294 640 522 508 526 503 514 538 89 713 509 526 518 516 510 509 
26 469 448 459 482 496 509 517 180 555 425 473 475 518 487 491 37 499 422 453 451 515 512 493 
147 294 280 296 573 423 432 377 175 332 248 300 575 426 414 425 24 247 233 255 562 390 373 409 
119 580 431 496 493 498 476 540 243 616 503 505 536 503 526 509 41 446 488 503 504 489 510 498 
414 519 670 649 606 551 510 510 402 409 431 393 464 486 506 507 0 72 430 461 448 455 471 505 
1008 1006 991 811 477 574 521 462 992 85 939 931 369 806 522 408 0 38 953 268 730 644 617 477 
1024 1024 1024 1007 108 560 523 505 1024 708 316 325 347 486 571 512 0 764 264 317 523 507 529 547 
1024 1024 1024 889 152 407 561 593 1024 318 706 719 744 686 572 466 0 850 177 237 504 469 526 534 
1024 1023 1021 281 737 712 549 550 1024 124 900 899 900 549 534 481 0 799 226 254 426 491 490 536 
745 831 816 417 569 564 494 530 745 324 751 722 722 484 575 511 15 715 315 363 460 527 476 530 
108 504 496 492 499 495 495 493 205 689 521 511 507 504 510 491 122 626 476 482 474 489 497 527 
47 566 517 494 504 484 521 494 296 634 481 499 489 531 523 491 157 672 506 518 508 494 503 501 
70 450 419 402 484 494 498 494 268 465 411 441 534 510 517 521 160 485 400 450 518 512 476 520 
57 188 189 240 484 520 485 470 94 231 213 275 512 559 493 520 17 224 202 219 510 447 454 511 
38 435 468 475 490 483 534 498 193 501 447 496 520 517 505 537 46 440 452 474 489 495 507 481 
514 414 480 498 513 487 507 500 546 376 313 403 538 509 516 501 115 470 250 384 482 438 476 484 
301 579 426 490 522 515 499 508 517 412 534 475 513 515 515 508 231 485 466 526 485 497 482 495 
193 573 450 525 509 521 509 542 190 571 401 484 526 491 537 519 4 176 426 400 448 449 436 462 
992 1005 1009 445 858 538 533 508 992 324 674 697 198 688 649 337 0 127 865 864 243 602 550 545 
1024 1024 1024 822 244 456 472 520 1024 1021 3 101 443 531 461 531 0 1024 261 597 511 567 519 489 
955 981 956 601 418 481 521 516 955 944 88 107 599 469 526 518 4 972 484 469 474 549 544 518 
529 715 700 468 544 575 525 500 580 797 338 332 368 557 480 487 63 796 348 539 493 494 512 526 
142 509 458 474 496 513 501 469 302 631 498 494 494 501 502 534 254 607 482 479 501 539 527 497 
67 465 404 450 486 480 493 478 218 556 453 446 507 523 507 486 145 534 424 432 499 517 467 503 
49 334 338 384 478 486 480 511 181 369 398 406 525 502 484 499 112 363 344 393 435 529 512 500 
55 237 352 408 515 494 507 468 104 364 416 401 494 524 503 528 54 295 344 376 468 469 500 507 
38 217 449 477 459 516 538 503 111 321 504 482 510 503 495 530 42 227 432 477 475 495 500 463 
110 561 492 517 528 477 523 525 296 591 557 522 514 536 476 500 147 554 470 496 537 536 508 489 
165 490 552 518 522 496 526 498 242 592 536 490 494 501 512 505 47 437 465 467 477 492 493 475 
31 548 501 531 502 512 499 541 86 746 468 507 498 495 495 544 7 335 489 516 495 505 528 505 
180 636 498 555 521 513 537 503 168 717 314 445 504 515 494 509 2 144 414 453 487 495 513 485 
1015 1001 977 404 780 412 586 654 1002 331 690 692 402 566 645 402 0 373 663 682 579 484 510 501 
920 908 860 487 514 488 477 547 939 858 135 145 506 482 566 574 22 945 305 735 591 546 551 522 
238 673 543 484 494 513 499 510 377 680 432 434 542 526 510 510 83 688 576 441 486 507 476 500 
29 462 393 451 485 485 472 493 140 557 496 494 495 532 525 515 73 507 429 451 508 507 493 487 
69 447 385 408 481 463 482 493 214 494 482 445 506 491 502 502 156 487 458 458 522 528 501 493 
148 415 483 486 508 512 490 471 331 445 534 482 521 482 508 532 237 435 552 505 485 488 527 523 
37 467 479 495 494 492 484 493 163 597 538 518 526 510 508 499 85 504 531 512 493 510 532 522 
81 516 592 525 496 532 516 500 362 473 450 509 531 508 501 530 272 386 512 482 551 499 489 536 
31 373 554 503 536 508 500 529 130 588 475 493 508 521 520 477 63 326 575 494 485 504 491 503 
50 548 471 518 535 514 535 509 256 558 521 497 520 503 519 521 116 530 460 493 514 537 480 504 
140 550 483 521 532 483 504 509 168 712 494 559 508 519 520 517 16 407 518 486 513 510 480 517 
15 593 450 503 489 496 503 506 103 704 514 506 506 494 507 530 6 397 479 469 493 475 512 505 
202 610 489 516 511 530 524 552 194 670 406 487 524 481 523 518 3 227 450 447 468 471 471 491 
1023 998 959 846 314 357 314 567 1014 952 76 83 201 756 377 633 58 947 73 687 403 693 658 355 
196 684 477 520 494 505 521 519 317 663 530 494 521 473 511 508 57 644 520 502 547 498 528 522 
14 419 490 525 524 505 539 499 100 621 542 495 497 518 528 532 44 526 473 511 517 519 533 529 
5 330 522 515 505 481 530 505 83 597 563 483 487 521 499 516 70 442 547 519 502 541 474 525 
5 457 470 496 500 489 516 505 153 655 548 512 514 530 519 512 212 554 506 494 510 551 495 507 
92 531 478 492 476 522 519 537 312 566 527 521 547 510 511 518 313 514 487 532 498 493 493 487 
169 439 429 500 482 474 463 506 311 504 500 477 496 509 499 460 283 422 505 427 523 541 509 488 
98 578 506 519 528 507 514 517 328 590 493 517 497 501 524 522 221 512 531 486 470 522 516 488 
58 491 491 490 484 495 496 506 186 605 483 508 507 513 500 489 75 431 533 504 523 500 514 488 
136 543 498 497 501 520 493 511 370 466 502 494 492 511 537 486 198 464 489 497 477 467 525 479 
300 703 590 502 485 518 524 509 402 677 480 531 483 546 490 496 42 648 525 479 507 524 494 522 
141 577 488 517 502 525 516 529 312 538 506 539 514 501 505 526 80 512 459 525 464 534 524 499 
116 645 416 484 504 516 513 523 110 660 438 517 526 532 523 526 6 188 481 406 449 471 490 466 
973 469 612 638 425 672 502 492 844 257 318 767 399 431 531 528 74 560 325 369 428 437 505 518 
44 419 445 521 521 505 493 530 83 629 474 542 522 499 500 491 5 468 475 533 540 485 501 475 
28 400 465 524 510 542 524 485 83 558 606 512 524 518 517 502 35 420 484 525 503 487 510 481 
1 188 432 580 524 496 511 484 59 304 574 516 487 507 496 514 37 221 423 564 488 537 537 524 
8 506 522 472 498 495 514 508 175 646 538 539 504 496 497 498 205 488 559 505 540 492 520 524 
65 630 523 494 488 524 522 483 416 473 429 501 526 511 517 514 307 538 507 490 509 543 533 515 
78 549 461 487 539 490 505 533 386 479 497 524 520 521 522 512 384 492 456 489 534 535 526 499 
81 573 449 504 533 512 486 504 386 531 543 478 514 500 486 531 391 514 550 530 551 521 487 494 
36 637 457 498 500 504 508 499 281 644 589 520 515 521 501 514 229 633 498 504 536 502 494 505 
39 632 502 514 505 495 530 491 256 655 492 544 503 509 519 500 122 548 554 513 494 493 513 503 
145 673 494 478 507 525 516 500 353 667 505 487 521 524 511 512 179 561 571 499 515 513 503 501 
167 514 452 518 509 526 524 517 315 521 602 535 524 495 518 521 131 474 528 494 514 496 518 516 
16 522 499 499 530 539 505 521 14 659 552 536 514 515 512 507 0 44 623 529 522 497 482 526 
777 276 583 627 378 586 560 482 625 354 408 625 472 503 510 482 96 655 203 282 429 547 528 531 
1 834 251 269 748 279 262 275 207 803 746 748 274 746 255 747 281 723 716 763 745 746 279 287 
3 750 290 275 253 269 259 265 179 827 804 742 263 757 272 748 767 263 289 272 284 280 756 735 
0 206 724 732 281 766 255 769 180 785 731 257 754 266 741 745 304 661 767 760 756 754 287 764 
0 199 784 758 764 269 252 751 174 832 759 746 286 285 762 276 234 784 784 731 750 276 759 759 
0 188 804 731 759 277 265 274 196 825 742 766 276 771 752 259 837 210 307 259 758 755 274 741 
0 105 885 773 274 761 278 258 137 887 852 754 278 755 249 760 887 176 233 768 276 264 746 283 
0 769 289 273 260 267 771 271 827 198 264 260 264 758 749 755 987 243 752 742 270 265 755 753 
0 781 255 265 266 285 271 750 843 176 260 274 761 251 271 267 980 225 760 749 281 295 280 303 
2 153 790 744 262 269 751 746 145 844 702 289 763 286 750 262 172 839 745 753 255 289 271 735 
0 22 796 291 263 755 261 732 6 861 260 262 745 744 297 284 7 757 284 275 295 280 774 777 
0 33 804 265 308 746 747 261 3 835 275 283 765 258 739 261 1 225 808 731 743 736 268 264 
0 11 757 267 276 291 279 741 1 158 855 746 247 763 765 717 0 50 801 265 250 757 737 754 
48 797 143 137 352 159 332 792 50 832 187 897 180 340 257 268 49 795 142 126 150 275 273 798 
