1024 0 1024 290 420 561 431 476 0 1024 1024 0 528 563 535 498 0 0 0 68 706 499 516 496 
1024 0 1024 376 495 669 533 485 0 1024 1024 60 559 591 487 481 0 0 0 28 572 638 619 532 
1024 0 1024 725 428 483 515 474 0 1024 1024 452 528 495 571 510 0 0 0 16 279 776 672 513 
1024 79 945 814 464 524 523 521 174 850 850 708 436 537 514 513 0 46 196 358 419 614 518 517 
1024 221 803 716 484 522 563 503 179 845 845 666 451 524 496 502 0 12 155 142 262 747 510 496 
1024 431 593 588 532 530 561 552 380 644 644 551 519 512 516 557 0 168 171 189 316 720 570 506 
1024 596 428 439 614 523 503 538 548 476 476 583 532 497 505 503 0 175 322 311 493 557 494 496 
1024 634 390 390 581 499 515 492 743 281 281 400 523 475 501 529 0 224 542 527 498 538 532 505 
1024 597 427 427 491 489 508 516 566 458 458 529 622 460 503 494 0 259 262 282 517 563 531 484 
1024 468 556 556 405 603 515 497 429 595 595 572 505 479 509 528 0 77 330 334 384 635 524 533 
1024 203 821 713 473 551 519 511 170 854 854 707 522 538 531 537 0 0 130 272 388 656 518 553 
1024 233 791 797 584 560 600 499 131 893 893 757 447 470 550 545 0 81 71 91 217 798 645 545 
1024 400 624 712 679 479 539 550 278 746 823 798 435 494 483 486 42 174 159 154 255 758 626 492 
1024 609 415 488 717 601 518 538 503 521 626 796 525 515 510 502 54 381 333 252 320 676 530 537 
1016 933 84 157 580 508 516 513 961 63 323 489 512 537 518 524 240 685 300 528 422 525 523 499 
1008 946 46 135 593 509 510 475 1008 20 66 731 529 532 540 509 64 912 615 408 381 565 516 518 
1001 916 72 357 662 600 542 502 1005 48 97 935 471 483 489 480 108 973 472 552 502 479 519 515 
1014 872 78 572 468 471 524 521 1020 41 234 754 528 488 499 511 173 908 556 491 505 480 484 521 
1013 842 95 647 382 475 495 523 1019 63 291 725 524 511 505 545 186 937 645 574 494 464 562 528 
984 861 109 453 564 483 459 499 1006 79 138 868 458 507 517 515 180 936 469 577 437 493 516 527 
958 845 119 307 652 434 491 514 1003 46 128 664 495 486 495 513 190 786 355 555 495 470 534 488 
941 840 125 226 590 542 518 505 954 90 172 442 432 498 507 501 198 428 441 486 544 522 508 536 
760 481 414 431 519 522 506 500 768 198 379 589 526 539 513 509 376 577 520 566 530 474 517 499 
728 499 340 447 544 500 489 502 773 161 492 543 553 507 515 492 503 452 541 577 518 539 511 547 
782 502 352 412 576 483 508 531 837 167 503 523 493 522 518 505 602 444 471 563 479 480 531 511 
797 570 280 386 637 470 518 516 828 179 426 608 552 577 466 506 469 536 615 645 456 528 483 473 
845 561 306 346 567 496 471 520 886 133 382 668 582 493 519 524 467 559 702 490 570 514 523 489 
856 612 318 472 578 480 521 529 898 132 493 516 544 540 521 516 491 556 643 448 545 507 477 493 
899 666 260 672 361 519 515 535 923 109 465 572 556 455 510 515 363 674 702 489 494 527 497 521 
843 551 343 655 470 525 489 508 914 98 449 557 486 535 544 540 459 559 541 518 507 503 514 500 
811 636 271 668 484 540 505 506 883 119 446 552 558 527 505 524 397 603 688 378 487 498 505 484 
755 572 307 618 491 513 518 545 850 134 405 609 563 500 493 493 464 513 566 481 484 498 512 509 
722 566 335 607 495 502 529 510 853 149 326 567 531 507 500 501 439 523 454 513 493 507 508 522 
539 349 491 470 525 502 514 527 563 170 388 507 517 546 505 492 315 357 422 547 512 506 512 508 
501 332 522 437 501 545 501 532 532 143 444 544 494 544 492 511 313 342 501 511 513 536 530 537 
643 412 452 476 553 531 518 527 691 143 470 583 519 495 521 486 445 391 556 513 528 520 481 490 
748 559 355 505 523 502 530 498 757 128 392 598 494 521 513 480 326 463 542 549 489 529 539 535 
761 477 364 535 454 519 527 496 791 126 340 638 470 529 515 530 423 328 508 503 514 495 504 497 
786 593 334 651 549 502 485 521 788 163 357 661 523 507 528 509 305 293 507 506 498 509 491 492 
920 672 294 673 579 499 477 497 936 84 320 664 596 524 495 514 294 279 529 514 492 510 526 521 
859 472 399 591 569 517 524 538 913 120 478 544 493 508 532 515 547 229 509 504 496 525 499 510 
886 596 288 616 518 531 529 532 923 101 576 494 469 528 503 522 477 351 567 522 510 516 539 482 
841 548 289 599 504 529 503 495 891 91 435 580 524 516 501 497 430 277 501 500 524 484 524 473 
733 520 345 561 537 498 537 534 873 131 349 588 544 501 528 521 506 266 578 541 499 481 517 502 
81 202 506 552 551 506 517 502 81 185 435 594 537 527 532 506 62 173 331 636 468 531 493 518 
309 317 516 518 505 534 507 510 321 318 484 551 505 529 516 501 305 272 433 577 513 510 502 499 
307 292 590 510 527 522 503 516 401 222 558 507 506 517 534 510 393 192 512 512 530 498 536 535 
215 286 655 467 498 509 492 490 268 240 647 489 498 536 486 534 273 216 580 519 488 528 515 513 
410 342 490 511 483 506 492 482 509 295 551 520 530 545 487 502 523 326 510 537 534 522 558 546 
305 284 465 506 515 515 510 490 378 277 490 555 504 497 521 529 390 282 482 541 548 519 488 520 
479 333 581 518 529 509 509 523 536 152 668 415 487 515 506 516 365 310 551 483 528 501 517 513 
908 375 387 529 476 473 497 486 968 125 674 393 498 512 528 511 771 340 596 494 521 507 500 510 
651 422 424 558 502 500 504 495 728 259 627 424 526 531 510 497 615 425 624 501 497 506 501 482 
718 359 363 535 512 511 510 540 816 295 555 465 520 518 522 529 737 388 602 493 517 528 489 509 
447 530 526 502 528 507 522 509 767 207 416 525 546 521 517 499 731 257 461 510 534 515 504 550 
86 637 277 544 474 534 527 511 82 587 299 380 540 530 521 532 31 250 641 654 547 502 506 519 
73 583 344 644 563 501 505 534 63 550 324 569 488 533 509 541 62 365 488 527 476 519 507 506 
72 427 359 597 540 532 488 514 65 389 326 563 473 543 509 525 87 254 454 620 525 525 531 509 
52 491 494 587 540 504 519 496 95 468 445 598 496 495 491 499 53 325 441 513 467 518 525 523 
189 748 575 490 544 526 522 490 286 678 535 529 531 521 500 512 189 667 356 489 509 516 513 497 
133 740 512 534 517 487 497 501 340 560 558 494 521 519 512 497 108 702 275 551 495 527 523 512 
151 646 585 529 484 538 537 528 424 560 569 520 503 557 500 501 239 697 425 571 508 515 511 507 
303 615 545 507 497 508 514 514 531 509 543 494 490 523 515 502 443 609 587 498 519 506 530 515 
433 557 579 560 517 522 527 488 712 336 463 488 504 516 518 524 476 591 649 520 560 517 490 503 
289 642 523 488 521 507 498 515 503 476 487 459 502 524 504 504 335 591 496 562 492 484 518 531 
144 668 670 492 515 493 508 471 281 665 679 475 510 521 544 484 269 645 443 507 523 527 502 504 
5 827 352 541 514 508 501 496 22 815 376 516 511 494 531 522 1 318 612 526 501 519 528 507 
8 756 355 488 487 498 484 508 86 863 523 497 514 534 505 516 5 242 494 535 512 497 484 470 
94 549 392 452 461 526 541 478 244 602 537 565 522 537 516 513 98 245 437 541 482 489 503 502 
35 590 339 460 528 480 526 522 490 396 414 510 524 489 519 509 35 153 601 548 485 517 514 512 
0 861 157 296 522 498 527 528 727 290 291 429 522 517 474 514 0 324 647 489 536 515 502 540 
0 858 164 320 493 517 533 518 873 155 154 380 522 509 497 517 12 337 606 485 506 508 512 518 
8 464 382 431 463 466 494 478 704 394 371 479 517 500 515 500 327 446 600 513 527 527 476 522 
22 488 472 476 498 488 511 485 698 431 408 483 507 529 528 538 338 365 521 525 531 535 515 529 
8 671 448 394 434 496 487 469 825 284 334 511 537 528 519 484 220 463 463 525 516 512 493 527 
1 604 444 439 477 492 501 505 571 441 401 488 539 508 512 529 136 500 465 550 520 530 531 533 
0 534 427 437 511 505 513 521 433 465 359 421 536 522 516 534 32 358 381 582 495 522 516 528 
0 959 73 72 66 81 943 78 13 1011 975 70 937 80 81 934 0 10 35 977 947 955 943 78 
12 948 65 70 81 949 953 946 21 1004 987 948 66 75 84 77 13 15 929 92 937 949 81 949 
22 41 929 947 937 944 946 82 31 918 71 91 940 937 82 81 24 44 913 933 938 945 55 87 
0 965 54 59 76 77 84 87 90 927 924 927 939 90 933 76 0 3 987 66 69 933 948 946 
0 983 41 52 80 950 82 74 962 62 62 65 79 74 83 938 0 7 995 67 939 82 941 75 
0 986 38 51 81 940 80 953 985 39 39 49 76 937 85 77 0 1 970 89 80 949 951 78 
0 982 42 52 73 73 946 945 979 44 46 66 72 944 88 80 0 28 949 85 951 958 74 84 
1 71 934 949 945 81 945 940 11 1000 966 91 84 951 74 78 3 62 953 941 933 86 947 939 
2 47 936 951 66 79 926 74 52 969 954 942 85 941 81 955 32 937 87 943 76 943 932 950 
0 47 924 54 926 72 928 66 965 88 75 930 78 68 79 80 946 86 85 74 83 950 74 87 
1 49 936 948 65 58 75 935 993 87 959 76 956 941 79 941 963 81 87 941 94 73 75 956 
