229 174 518 460 592 503 565 476 227 58 760 350 492 500 502 523 75 211 888 397 525 523 497 510 
550 459 438 497 536 518 529 505 598 350 421 522 501 491 516 516 512 424 508 506 492 496 511 515 
869 879 149 276 709 573 493 515 875 130 92 825 285 428 528 525 81 903 889 177 639 484 489 533 
1024 1024 0 297 727 561 495 528 1024 0 0 1024 438 515 558 498 0 1024 1024 101 883 507 535 526 
1024 1024 0 317 707 611 654 464 1024 0 0 1024 640 560 440 560 0 1024 1024 317 707 467 430 464 
1024 1024 0 255 769 721 475 558 1024 0 0 1024 576 590 523 466 0 1024 1024 255 769 433 539 558 
1024 1024 0 384 640 545 669 513 1024 0 0 1024 690 551 458 511 0 1024 1024 336 688 494 451 513 
1024 1024 0 353 671 631 518 480 1024 0 0 1024 667 525 466 544 0 1024 1024 296 728 479 538 480 
1024 1024 0 246 778 665 486 560 1024 0 0 1024 515 493 570 464 0 1024 1024 129 879 537 506 560 
1024 1024 0 72 928 528 464 500 1024 0 0 1000 184 460 380 508 0 1024 1024 0 948 328 624 616 
374 647 440 499 531 479 502 504 377 384 374 656 434 522 484 529 61 608 746 447 508 520 525 487 
377 383 507 529 532 495 480 492 454 346 573 491 506 508 505 514 472 330 555 505 512 540 521 528 
549 301 530 498 521 536 516 513 623 240 542 565 499 508 540 524 598 281 542 570 490 515 524 525 
846 789 193 720 351 378 583 492 850 164 289 712 702 600 512 521 213 784 815 707 347 374 541 495 
1024 1024 0 1024 0 467 688 624 1024 0 496 528 528 719 559 400 0 1024 1024 1024 200 408 561 631 
1024 1024 0 1024 0 497 541 522 1024 0 727 297 297 513 427 502 0 1024 1024 1024 280 566 443 506 
1024 1024 0 1024 0 576 536 512 1024 0 768 256 256 608 472 512 0 1024 1024 1024 352 560 472 448 
1024 1024 0 1021 30 409 486 511 1024 0 672 352 364 665 533 513 0 1024 1024 1024 325 302 545 461 
1024 1024 0 1015 9 392 564 454 1024 0 512 512 512 687 427 566 0 1024 1024 914 310 470 485 478 
1024 1024 0 1024 0 236 539 552 1024 0 148 876 876 459 529 492 0 1024 1024 464 608 696 381 516 
288 562 477 501 504 515 503 515 349 551 452 516 536 524 529 547 304 504 479 514 501 526 504 515 
539 241 448 532 509 498 519 509 609 189 571 484 533 503 493 492 617 186 595 470 517 522 498 507 
411 379 519 484 550 514 491 527 441 366 519 535 501 495 516 534 411 334 534 554 565 500 478 529 
551 328 385 490 533 511 503 507 629 282 450 527 513 501 487 506 645 274 470 530 500 519 485 503 
799 703 267 703 638 416 486 539 797 177 804 242 517 549 509 543 412 547 656 613 622 564 488 539 
1024 1024 0 1024 975 148 500 527 1024 0 1024 148 652 552 488 490 560 464 464 464 529 615 472 494 
1024 1024 0 1024 972 110 607 554 1024 0 1024 186 646 518 457 514 561 463 463 463 543 626 555 536 
1024 1024 0 1024 983 84 383 556 1024 0 1024 120 668 630 395 621 640 384 384 384 384 736 477 537 
1024 1024 0 1024 705 327 540 618 1024 0 1024 97 719 623 580 512 640 384 384 384 504 470 376 505 
1024 1024 9 1015 825 207 259 267 1024 15 1009 54 675 529 442 456 617 407 425 430 469 403 456 561 
220 148 360 582 512 512 484 490 246 191 591 487 485 528 542 524 241 158 576 474 482 524 493 496 
588 332 526 511 507 549 514 502 662 309 571 515 520 512 501 511 666 292 575 520 520 522 538 521 
574 463 461 506 516 488 494 506 677 367 475 525 507 507 522 532 676 363 438 505 534 511 522 522 
504 397 462 491 528 497 525 520 678 246 393 529 501 514 524 497 729 200 403 543 495 456 507 529 
474 348 551 503 541 497 516 539 556 316 549 524 483 515 511 506 565 310 559 556 500 492 506 538 
849 675 297 704 684 432 543 499 867 229 725 666 333 438 592 532 849 172 400 464 537 464 517 528 
1023 1020 14 1002 790 455 485 538 1023 391 633 668 398 417 586 481 1023 87 364 542 579 476 532 531 
936 958 84 952 851 266 573 492 935 77 944 943 296 471 559 545 928 18 134 516 499 567 451 474 
887 930 123 909 666 456 500 498 883 263 774 759 420 430 541 487 877 70 368 536 534 533 522 519 
1003 998 34 948 760 277 330 393 995 184 850 859 537 733 529 388 988 78 570 456 236 595 583 514 
20 42 664 550 500 525 483 530 20 64 855 420 534 526 513 536 20 35 782 383 529 491 548 504 
752 175 538 533 509 492 499 475 799 194 615 491 489 479 500 498 798 180 632 504 487 488 512 511 
589 91 442 514 512 481 523 507 633 71 682 405 514 516 505 509 635 73 697 395 543 527 505 512 
612 172 512 467 471 525 485 498 678 139 631 504 535 519 511 520 693 137 671 486 514 524 508 516 
534 371 448 542 513 529 516 500 688 238 501 488 511 506 505 543 733 207 537 496 519 519 518 549 
615 374 482 545 508 505 522 545 754 270 518 500 518 521 480 524 777 261 538 507 488 519 490 523 
697 462 467 556 514 503 513 523 745 495 424 511 516 501 528 515 750 474 444 515 503 517 496 507 
514 419 538 494 527 500 511 499 534 451 488 516 507 527 497 501 521 425 516 495 518 505 523 503 
430 391 521 534 527 484 544 531 453 403 544 534 516 513 504 518 450 364 568 494 539 514 519 501 
645 351 451 289 510 556 514 503 469 529 588 396 335 415 535 558 203 781 661 640 568 377 558 526 
92 397 664 570 532 519 515 500 123 297 725 578 522 478 561 533 120 197 785 532 494 505 523 530 
563 427 465 508 512 517 514 517 642 382 496 524 508 537 519 515 637 383 492 534 516 534 501 496 
499 272 597 486 535 518 500 516 544 269 610 492 488 522 497 512 537 224 634 498 490 503 513 513 
378 324 553 524 513 526 490 511 526 373 617 491 507 516 496 503 493 365 612 491 526 500 498 522 
499 282 500 553 489 517 519 508 570 243 627 469 497 526 507 525 575 239 642 480 505 546 527 499 
558 339 625 498 490 507 539 512 657 305 615 565 529 526 502 512 678 325 590 550 504 535 500 509 
580 357 660 508 510 505 489 505 676 327 616 520 505 526 512 530 694 340 580 540 503 496 493 485 
374 305 563 525 506 512 500 519 440 358 575 525 515 530 539 527 462 303 544 544 506 517 503 504 
402 485 507 508 513 485 474 487 426 465 532 500 529 510 517 516 456 424 491 505 526 486 513 504 
124 863 788 292 585 464 553 529 131 858 822 375 554 549 605 581 130 848 815 302 637 550 543 506 
189 525 532 517 511 511 498 521 260 520 539 517 545 511 512 519 251 435 589 524 506 535 514 529 
575 417 445 485 539 490 519 537 669 348 464 514 493 480 507 522 672 345 463 511 507 483 511 527 
603 292 473 524 482 535 489 487 716 240 515 519 502 561 507 502 713 220 542 505 515 517 517 515 
0 12 191 319 373 376 396 421 7 319 481 497 504 501 507 493 2 126 415 440 484 480 495 498 
409 321 496 442 473 491 491 484 549 391 586 507 498 505 509 525 526 333 604 561 493 541 515 500 
493 470 583 483 485 516 550 506 606 382 647 524 512 521 518 507 650 354 619 563 508 542 540 509 
447 439 500 492 527 526 513 523 469 462 513 490 503 518 516 492 503 457 486 481 491 503 481 504 
28 125 303 445 461 476 448 482 43 433 481 501 504 477 495 530 34 285 508 498 511 481 513 500 
207 325 323 479 462 500 519 481 193 555 477 507 488 506 519 520 133 436 510 552 503 526 490 517 
529 534 411 481 548 529 533 513 406 631 538 556 541 529 522 569 358 645 612 523 461 556 439 547 
