637 695 571 563 566 544 563 521 697 619 593 537 588 523 523 521 594 689 548 586 520 541 544 536 
1024 973 895 887 831 734 693 725 1024 961 881 852 793 763 718 649 1019 949 888 823 787 697 691 514 
1024 1024 1013 995 991 943 957 940 1024 1024 1002 991 980 969 962 923 1024 1024 1004 991 985 970 959 937 
1019 841 752 693 676 641 589 621 1010 774 686 689 650 606 600 554 1009 760 684 683 634 647 600 561 
515 636 509 528 516 523 516 530 489 656 498 507 511 487 498 521 459 649 475 512 497 505 551 494 
415 581 535 544 526 545 524 525 459 671 477 518 505 510 505 528 415 637 490 525 529 536 518 541 
255 646 472 536 528 501 502 518 412 645 531 492 513 510 497 511 321 689 479 542 495 526 499 533 
186 646 526 528 512 505 494 513 547 582 609 478 506 516 527 484 375 712 460 527 497 525 506 525 
538 634 542 520 510 523 516 504 693 511 582 539 496 501 504 505 633 554 540 500 491 545 530 504 
192 357 448 579 491 519 483 505 214 401 652 476 486 528 501 505 196 384 544 541 527 490 507 534 
0 115 638 436 374 446 526 479 0 205 666 435 581 447 530 530 0 163 633 449 421 615 525 509 
292 726 543 541 511 517 497 506 633 438 528 511 490 517 515 540 409 636 574 522 514 513 496 514 
1024 1000 945 911 877 819 789 859 1024 991 933 900 885 854 842 779 1024 986 918 902 885 846 835 744 
1024 1024 1024 1024 1024 1024 1018 1024 1024 1024 1024 1024 1024 1024 1024 1024 1024 1024 1024 1024 1024 1024 1024 1024 
1023 976 927 885 876 867 800 809 1022 954 905 888 865 851 809 766 1022 953 903 889 864 845 804 762 
706 624 588 571 585 582 572 568 838 595 560 584 547 552 567 552 756 621 582 562 573 570 536 534 
321 563 501 560 531 486 504 536 529 610 528 545 527 520 524 508 422 655 473 497 526 501 506 511 
444 549 528 505 532 522 511 519 657 414 531 567 502 509 524 498 579 458 532 498 534 505 532 527 
265 503 539 480 501 511 534 497 408 408 602 566 511 508 492 509 339 456 595 475 526 503 543 503 
200 580 513 526 537 497 518 506 158 598 537 525 527 522 503 522 203 575 547 549 507 540 553 540 
0 59 223 557 513 516 517 493 9 117 373 575 532 532 483 482 0 104 240 606 511 498 549 513 
0 27 201 719 589 466 478 398 0 110 651 368 468 455 563 494 0 57 386 563 610 471 493 454 
443 656 470 513 524 536 535 511 592 600 579 516 505 541 517 507 485 658 467 544 506 486 507 503 
1019 1009 952 928 942 904 869 877 1023 1007 946 934 926 901 876 831 1022 1004 942 919 894 877 844 791 
1021 872 827 822 815 771 740 721 1024 919 826 825 804 776 759 651 1019 871 817 804 782 783 720 678 
988 743 718 696 691 632 615 672 1017 793 708 696 676 663 616 490 1007 738 704 686 646 661 611 577 
653 447 543 537 526 531 537 499 754 494 516 504 505 514 517 496 708 460 507 511 516 515 518 516 
204 556 557 501 487 498 528 509 421 539 589 506 522 529 525 488 294 619 526 520 486 490 539 509 
81 567 578 489 519 516 525 503 341 441 587 535 485 520 516 534 205 495 603 489 508 520 525 513 
30 479 502 525 518 527 532 505 111 549 571 511 516 526 503 502 58 529 531 535 520 515 509 519 
134 733 500 499 504 476 515 514 78 734 485 529 514 508 529 507 110 743 544 511 509 516 492 530 
2 161 277 476 453 485 490 494 10 239 299 508 454 494 504 511 4 214 295 490 454 481 485 486 
0 32 289 498 337 609 492 480 4 96 650 364 386 523 469 557 1 60 384 527 530 400 465 530 
11 432 582 514 498 496 531 517 116 796 502 494 546 530 514 508 63 682 470 517 524 522 490 508 
710 699 614 603 595 566 572 566 910 606 665 581 552 552 512 544 840 607 610 583 558 545 557 511 
769 456 554 527 509 503 494 531 833 484 511 498 502 521 496 530 771 446 535 516 516 525 515 502 
505 495 573 541 500 502 498 519 542 521 509 522 538 511 514 486 527 512 545 534 518 514 516 506 
471 467 468 520 515 524 504 517 415 559 498 476 549 521 506 509 473 510 457 527 535 511 513 494 
79 614 536 485 489 545 485 553 207 692 503 528 529 536 538 548 122 669 520 500 528 504 486 522 
0 161 572 521 522 554 518 527 2 362 577 542 523 519 521 528 0 241 569 505 500 509 509 489 
24 253 357 563 513 516 527 514 18 350 434 546 471 482 506 522 19 290 366 548 474 536 511 503 
99 746 548 519 512 501 523 485 56 733 478 517 513 498 514 523 66 745 501 526 516 519 517 487 
0 183 322 327 454 458 480 477 3 190 303 383 464 519 523 512 0 224 298 346 437 489 507 482 
0 10 107 284 568 371 507 513 0 66 114 460 618 439 595 537 0 29 111 313 533 489 466 494 
1 207 602 506 510 509 536 551 51 644 543 517 510 481 500 502 17 488 594 513 530 481 519 513 
140 702 499 531 517 522 520 517 692 351 521 535 513 512 539 521 543 452 447 477 505 531 524 503 
498 538 524 533 468 525 510 509 594 439 608 529 520 508 485 556 531 493 591 508 503 518 523 525 
506 509 480 549 512 488 522 509 515 502 505 522 534 524 515 514 507 514 497 512 502 531 525 506 
420 565 510 517 507 507 505 505 329 619 492 514 529 485 496 529 412 566 491 524 491 474 507 511 
14 450 470 519 524 513 522 495 55 577 565 521 519 509 520 538 25 520 487 545 524 506 510 488 
0 51 224 596 505 524 540 514 1 92 287 629 505 523 513 498 0 65 231 569 499 517 525 484 
12 282 412 530 521 526 495 539 19 392 434 528 527 510 520 520 11 339 413 529 501 501 510 483 
70 766 514 520 521 511 483 524 35 758 485 514 527 508 514 496 51 763 481 532 521 537 491 525 
1 226 391 374 380 455 485 481 0 299 361 358 381 416 533 516 1 277 363 341 377 428 492 481 
0 15 55 259 491 427 419 463 2 29 184 257 485 489 462 534 1 23 129 245 432 318 540 459 
22 436 489 531 536 524 510 522 136 550 626 499 518 492 513 492 73 520 594 498 511 511 528 500 
241 607 512 521 492 504 506 536 539 488 480 499 521 522 501 525 407 581 494 492 524 523 516 522 
540 368 518 505 505 535 513 508 619 301 598 494 532 527 543 510 568 326 593 532 528 489 514 534 
644 398 489 532 497 496 532 511 530 484 509 475 505 503 521 476 578 446 514 492 517 519 485 500 
242 693 513 544 529 503 518 517 213 685 504 530 491 497 502 518 262 668 512 557 521 509 527 514 
28 325 326 545 504 520 516 516 91 308 398 573 527 515 510 523 88 304 352 585 514 517 517 524 
17 173 167 415 513 509 520 507 64 170 227 430 490 486 490 513 28 186 226 399 506 478 510 498 
37 363 354 491 505 489 519 505 48 430 389 486 500 515 532 508 39 419 353 449 520 513 500 502 
53 720 535 510 527 495 509 495 45 745 529 511 516 516 518 554 46 736 531 513 529 521 506 507 
2 309 486 489 499 534 549 494 3 545 492 516 508 496 519 504 1 443 473 513 515 531 535 507 
0 86 713 277 326 712 618 632 10 294 738 731 654 648 568 556 0 166 774 690 310 268 385 531 
3 564 515 512 528 535 541 533 120 879 601 476 507 502 521 542 31 891 413 548 502 508 509 512 
21 835 357 549 528 500 500 511 608 418 426 470 452 499 516 498 179 837 641 532 507 490 497 538 
51 741 456 506 512 510 506 527 575 451 420 498 506 504 525 522 249 757 523 525 471 516 523 529 
207 712 468 510 481 521 518 527 767 280 483 511 488 505 519 513 515 510 519 504 508 502 514 512 
151 834 467 507 501 521 523 527 778 261 400 537 553 489 504 528 490 539 539 502 509 502 524 517 
134 826 474 557 505 517 511 521 819 221 389 520 512 483 508 513 542 481 500 514 485 495 509 499 
66 897 427 525 527 506 517 530 714 319 415 520 523 480 501 527 383 641 593 490 493 511 524 512 
21 799 398 493 533 509 500 505 384 601 533 501 509 514 520 496 108 871 601 521 515 500 519 492 
19 719 444 498 493 504 511 517 247 738 567 498 526 511 496 505 73 854 573 549 519 539 509 510 
6 472 525 486 519 534 528 513 72 875 585 516 523 504 515 502 18 788 408 515 523 502 527 503 
0 74 845 301 726 349 483 543 0 821 262 322 300 407 490 483 0 234 767 713 339 676 516 405 
164 596 485 627 615 424 576 427 205 872 634 635 441 621 465 611 177 783 610 464 620 406 444 585 
179 624 472 590 591 604 425 580 252 883 672 649 636 627 630 610 203 847 589 632 439 435 429 592 
75 610 453 405 600 592 432 419 166 874 654 631 429 447 480 448 98 845 581 443 438 431 411 449 
17 698 375 421 440 589 579 606 275 743 623 609 439 605 424 610 103 883 602 436 441 599 436 433 
147 783 556 417 460 441 582 439 712 312 322 452 434 588 403 444 464 554 528 617 594 607 606 613 
0 611 418 427 422 447 434 421 179 839 717 624 420 420 453 586 25 959 398 587 595 627 410 619 
2 434 569 582 585 603 603 423 111 872 654 439 447 589 574 563 18 877 400 565 448 602 427 589 
2 660 401 415 416 450 614 565 181 837 672 444 604 594 598 575 33 940 398 590 598 607 419 443 
1 355 645 591 574 438 587 613 52 944 679 431 407 611 438 478 8 892 296 612 441 421 575 450 
3 293 694 610 590 419 441 587 36 932 453 603 613 605 595 569 8 853 287 423 618 601 609 425 
0 79 878 610 398 596 525 550 0 907 178 585 457 416 618 399 0 577 412 441 462 508 484 451 
