1024 1024 742 341 577 521 615 419 1024 283 741 722 532 568 550 449 1024 1 662 404 455 592 552 578 
1024 1024 877 193 659 448 468 574 1024 714 310 329 588 530 512 503 1024 0 841 568 488 512 450 604 
1024 1024 920 247 643 393 478 462 1024 877 147 369 580 439 491 460 1024 0 939 706 419 472 506 545 
1024 1024 892 222 528 477 538 498 1024 817 207 289 607 545 460 469 1024 4 929 547 467 475 464 555 
1024 1024 957 140 617 474 485 558 1024 645 379 386 586 542 531 547 1024 50 751 461 453 513 491 512 
1024 1024 889 165 513 551 531 515 1024 296 728 664 425 538 506 487 1024 0 381 639 487 520 531 564 
1024 1024 544 480 482 623 688 880 1024 0 1024 591 528 776 672 579 1024 0 0 45 939 600 396 799 
1024 1024 544 480 480 456 552 912 1024 0 1024 576 448 864 552 496 1024 0 0 24 944 352 536 848 
1024 1024 352 672 672 480 384 896 1024 0 1024 512 608 648 353 463 1024 0 0 32 568 288 465 815 
1024 1024 282 753 761 316 692 863 1024 15 1006 342 714 352 686 710 1020 4 17 74 812 312 308 811 
1024 1024 348 684 408 429 560 865 1024 9 1015 366 385 812 575 523 1015 9 14 52 449 440 337 830 
1024 1024 146 878 815 534 481 735 1024 0 1024 437 455 573 484 299 1024 0 0 152 155 530 483 788 
1024 1024 335 693 676 561 458 671 1024 28 996 542 525 576 460 460 1013 11 127 341 407 460 562 650 
1024 1024 710 431 490 536 559 541 1024 390 634 555 463 548 576 558 1024 90 448 491 539 556 456 505 
1024 1024 882 236 565 489 434 364 1024 861 163 430 467 424 552 367 1024 242 778 439 401 426 451 665 
1024 1024 975 88 402 528 530 511 1024 883 141 413 580 460 497 522 1024 266 743 496 492 535 498 609 
1024 1024 799 270 403 479 471 478 1024 976 51 149 405 558 466 478 1024 94 927 843 398 487 585 531 
1024 1024 942 107 592 546 427 524 1024 986 38 372 581 475 593 509 1024 507 517 528 387 667 563 460 
1024 1024 968 267 596 499 497 466 1024 840 199 335 478 538 543 530 1024 61 761 492 559 515 530 544 
1024 1024 1020 326 576 495 459 390 1024 925 99 109 481 398 562 503 1024 0 933 232 462 398 560 524 
1024 1024 1023 304 589 469 475 405 1024 785 239 239 352 459 560 510 1024 0 794 230 344 481 575 635 
1024 1024 1016 312 655 513 521 415 1024 838 186 211 337 486 472 584 1024 0 720 388 407 491 491 636 
1024 1024 1020 140 803 652 658 369 1024 605 419 424 461 451 381 663 1024 0 267 763 808 762 647 640 
1024 1024 1024 149 649 760 509 342 1024 408 616 616 552 506 567 703 1024 0 252 772 619 698 463 699 
1024 1024 1024 206 461 610 430 610 1024 342 682 682 359 566 494 619 1024 0 278 738 355 427 632 721 
1024 1024 1024 85 395 691 484 818 1024 128 896 896 384 704 523 901 1024 0 56 968 368 512 464 912 
1024 1024 1024 40 504 687 656 945 1024 48 976 976 496 680 672 944 1024 0 16 1008 512 408 328 944 
1024 1024 1024 40 520 536 536 912 1024 48 976 976 591 608 484 761 1024 0 0 814 504 658 600 852 
1024 1024 1024 7 465 376 402 889 1024 0 1024 1024 561 431 432 692 1024 0 0 649 576 638 671 848 
1024 1024 1008 16 288 600 608 832 1024 0 1024 1024 512 536 624 544 1024 0 0 520 712 568 336 800 
1024 1024 984 40 244 460 560 944 1024 0 1024 1015 313 671 562 552 1024 0 0 520 539 572 354 886 
1024 1024 920 104 277 773 476 627 1024 0 1024 920 512 633 490 719 1024 0 0 894 331 700 569 878 
1024 1024 986 140 512 448 475 524 1024 703 321 433 551 530 499 488 1024 26 996 275 461 559 518 589 
1024 1024 881 362 573 510 523 543 1024 771 409 530 476 575 509 557 1024 393 431 559 460 495 509 499 
1024 1024 822 315 358 571 426 427 1024 439 600 766 646 464 576 591 1024 185 372 683 485 459 598 572 
1024 1024 100 924 924 537 568 380 1024 0 1024 1024 926 374 199 225 1024 0 802 315 431 547 546 492 
1024 1024 1024 939 153 387 502 283 1024 1024 939 69 146 526 592 425 1024 1015 94 888 715 541 462 485 
1024 1024 1024 806 288 417 599 460 1024 1024 804 171 290 585 431 570 1024 905 155 853 419 625 563 503 
1024 1024 1024 855 335 599 448 574 1024 1024 614 301 354 538 425 432 1024 840 184 727 432 544 586 603 
1024 1024 1024 668 495 522 553 582 1024 1024 455 418 426 482 521 522 1024 792 238 540 460 530 468 544 
1024 1024 1024 748 544 471 497 471 1024 1024 190 456 491 555 571 558 1024 517 475 314 413 526 458 557 
1024 1024 1024 833 339 534 506 529 1024 1024 41 563 568 609 498 505 1024 406 459 489 512 511 498 488 
900 984 932 593 498 534 487 545 896 981 129 367 449 522 525 497 887 279 783 263 466 547 504 514 
618 941 753 588 396 481 466 516 620 898 347 318 383 458 538 552 609 411 677 382 491 465 457 521 
581 928 659 524 508 477 492 418 583 884 236 337 336 410 550 601 564 411 468 494 511 479 487 586 
600 928 744 600 435 454 582 471 606 840 320 334 380 552 458 569 599 365 587 489 447 446 580 578 
493 945 667 484 467 545 525 490 477 869 321 377 463 514 499 485 465 470 506 514 511 531 502 503 
815 981 869 476 569 508 469 334 812 726 352 417 456 602 580 654 802 196 462 519 566 560 426 635 
790 968 850 363 671 550 399 384 802 564 530 524 583 618 649 641 775 235 436 593 609 547 383 635 
571 908 772 390 547 534 501 519 535 649 725 622 541 509 502 504 555 463 466 649 473 542 524 519 
911 990 958 185 716 617 346 404 899 462 645 621 624 609 689 569 890 133 451 592 624 555 550 679 
1024 1024 1024 3 706 604 390 97 1024 359 665 665 665 212 644 895 1024 0 358 666 410 443 665 893 
1024 1024 1024 0 395 650 402 127 1024 196 828 828 617 455 607 841 1024 0 192 832 417 624 542 864 
1024 1024 1024 0 44 126 740 272 1024 3 1021 1021 1008 58 279 427 1024 0 0 1024 1012 60 308 403 
903 978 942 470 526 555 511 530 900 971 309 681 367 635 503 532 895 498 567 703 487 496 481 538 
1024 1008 1009 756 254 368 542 488 1024 1006 276 730 424 466 521 518 1024 409 599 796 426 522 414 568 
883 976 896 581 473 530 573 469 878 976 425 591 481 580 537 499 861 604 472 718 489 534 471 506 
605 947 803 633 444 479 563 583 599 948 705 413 383 444 605 415 585 870 408 667 446 545 491 595 
283 909 510 536 518 519 515 504 302 907 489 487 517 523 490 519 287 837 395 560 495 478 524 501 
218 947 677 547 536 555 499 496 259 901 727 507 518 523 497 517 265 881 672 489 512 507 504 494 
2 843 391 474 527 524 502 503 21 880 448 472 521 509 482 521 29 805 461 475 528 496 522 526 
65 711 352 463 516 518 530 481 74 801 341 546 475 536 488 468 69 723 380 502 561 546 523 527 
35 733 419 479 529 506 528 502 75 872 350 551 513 519 502 525 58 818 332 560 505 486 491 491 
29 869 484 498 545 522 514 546 192 775 553 531 511 538 509 498 321 630 488 443 518 501 520 501 
13 991 826 382 545 538 505 517 293 724 645 607 512 505 497 550 705 315 254 319 478 489 489 531 
22 984 727 451 520 552 516 490 109 910 733 667 547 498 490 518 390 632 480 462 484 504 528 503 
0 749 371 547 501 510 542 512 1 856 408 499 499 522 531 515 1 831 427 495 512 509 531 508 
10 892 644 483 498 501 516 517 82 857 755 608 522 505 482 486 108 818 729 605 510 527 543 523 
32 1006 485 547 553 498 497 526 49 980 910 521 525 490 525 509 45 979 883 500 461 522 484 511 
284 933 530 525 522 488 531 519 306 882 726 457 502 498 515 489 271 753 801 464 463 513 490 504 
487 769 549 451 504 491 538 523 535 647 546 502 454 553 504 518 466 558 718 443 519 522 548 494 
928 377 454 419 476 529 474 404 928 238 372 401 504 431 542 601 896 128 298 384 394 443 421 617 
9 51 468 623 530 524 503 495 8 68 541 566 576 503 531 538 6 65 491 608 569 479 515 508 
22 155 372 633 596 492 507 473 22 257 546 537 492 504 506 553 20 257 479 559 517 499 512 517 
0 302 512 559 541 483 500 533 18 402 563 540 504 536 527 503 27 379 546 548 515 529 535 513 
44 333 450 530 521 506 506 482 96 436 463 544 517 495 505 509 131 456 489 527 516 484 500 505 
465 270 567 514 507 514 502 498 528 412 561 499 520 508 507 490 574 682 475 553 508 501 493 503 
531 434 573 492 518 504 494 504 669 525 528 562 516 500 505 523 756 732 459 474 536 512 524 513 
588 414 495 519 516 488 497 524 642 603 566 554 543 498 509 497 666 879 564 567 543 527 515 497 
613 422 503 474 477 507 511 475 658 627 510 519 513 519 503 511 672 833 487 506 521 510 526 529 
627 431 569 483 531 520 496 480 714 596 570 512 555 517 495 522 814 726 540 524 518 501 509 511 
694 356 585 468 550 523 527 515 827 526 474 495 523 515 492 516 906 720 528 498 508 513 512 519 
668 396 634 539 538 509 527 487 829 517 423 502 504 503 493 493 926 617 404 461 483 489 513 523 
678 275 509 521 507 516 501 542 800 304 599 505 501 517 508 522 847 636 415 505 542 516 497 511 
750 305 514 554 528 492 508 502 828 465 573 553 506 490 508 500 870 748 510 526 502 527 526 497 
768 351 643 537 544 494 514 470 831 697 385 462 506 538 521 525 856 830 589 532 544 510 519 511 
734 302 571 490 539 493 509 524 884 445 470 487 495 502 495 523 922 728 474 514 522 539 517 483 
554 316 526 513 525 508 503 514 739 360 581 591 539 513 527 517 787 596 464 514 490 504 545 520 
105 261 587 488 494 525 492 496 192 657 421 506 520 504 511 513 240 418 543 514 510 506 509 520 
0 59 929 783 303 383 727 732 0 991 154 855 245 612 623 421 0 972 56 582 574 459 479 549 
0 13 438 506 556 514 532 503 0 29 562 559 462 494 562 520 0 24 534 577 452 504 533 507 
0 5 169 567 618 524 454 405 0 7 315 504 585 629 447 598 0 6 282 484 625 479 457 536 
0 10 478 632 570 532 526 515 0 28 756 368 480 527 514 511 0 49 656 440 466 484 525 505 
0 0 49 401 657 556 514 390 0 0 109 870 299 445 514 399 0 0 53 459 628 569 500 636 
5 85 287 394 589 454 473 413 18 102 311 563 532 582 541 453 25 178 233 366 609 453 478 593 
157 219 424 462 476 487 492 505 183 383 414 517 487 513 479 496 244 474 422 500 512 514 510 523 
272 254 645 538 491 482 507 501 321 475 520 486 454 492 500 517 351 493 729 519 532 538 516 503 
243 231 463 550 492 513 525 501 260 344 664 467 498 511 522 495 349 483 572 452 514 518 524 514 
370 158 643 490 544 482 536 518 401 411 534 505 515 481 482 500 460 505 677 535 538 492 548 486 
204 192 512 569 531 486 523 558 222 353 637 479 522 495 531 469 293 412 674 472 511 528 520 504 
263 134 644 449 490 502 486 506 300 289 644 457 548 510 540 506 343 393 655 508 515 522 503 511 
293 189 562 466 530 508 494 519 357 327 618 548 494 536 499 517 418 543 545 469 515 543 535 503 
149 334 606 478 519 512 510 505 256 678 554 547 518 510 501 511 279 712 583 509 533 511 505 508 
135 287 573 495 519 509 512 479 224 791 567 485 488 511 518 508 233 808 506 511 517 501 495 509 
49 128 541 533 507 533 520 512 81 776 373 478 487 523 506 558 84 555 574 550 503 502 521 510 
2 80 465 450 467 508 462 499 4 502 515 499 544 504 518 471 3 353 545 504 480 496 507 512 
124 454 419 504 466 509 505 478 217 529 587 484 535 519 519 551 317 411 561 536 525 562 519 494 
42 592 326 671 530 457 482 566 58 709 812 425 607 555 353 517 65 686 840 621 322 421 446 464 
0 3 458 428 514 498 513 541 0 9 559 508 520 526 546 480 0 7 541 497 506 516 518 538 
0 11 427 598 522 457 478 491 0 24 618 500 475 511 516 504 0 18 557 501 512 532 495 525 
0 0 467 291 566 442 494 439 0 0 600 275 612 589 480 573 0 0 585 260 589 573 495 456 
0 21 66 332 656 564 400 335 0 31 82 571 545 611 457 538 0 29 67 352 691 392 399 695 
0 8 55 493 536 500 419 413 0 8 58 638 450 507 416 569 0 8 55 364 664 615 429 590 
0 139 529 513 474 496 475 528 0 220 520 498 503 512 527 495 0 202 524 503 504 521 480 529 
133 252 396 522 529 536 507 479 151 371 360 565 508 488 511 525 165 410 405 602 475 481 516 527 
330 192 422 513 524 478 494 497 382 297 571 502 514 510 508 490 406 521 531 532 531 500 528 512 
521 189 477 518 533 491 521 520 584 385 478 567 540 505 488 529 623 653 537 540 527 492 511 482 
375 178 391 487 525 480 475 512 422 342 520 500 536 517 504 538 472 532 492 494 518 516 530 499 
256 400 514 505 502 513 512 512 469 437 518 548 498 525 501 518 473 604 586 496 507 500 502 500 
31 430 591 534 491 489 523 522 225 780 631 465 535 519 538 521 202 818 555 500 530 520 512 520 
3 219 556 503 521 511 490 502 42 792 486 486 469 522 506 523 54 699 531 504 519 508 527 489 
0 110 437 481 474 467 495 499 6 441 611 517 544 519 507 506 8 385 603 476 484 526 496 499 
1 166 521 484 490 470 519 510 22 645 494 531 523 525 518 490 27 557 466 500 501 527 502 517 
0 199 528 500 513 522 506 528 10 688 487 496 511 511 492 518 10 604 522 500 545 505 517 519 
36 394 483 548 525 526 571 489 76 630 546 505 500 534 518 541 111 651 575 533 537 550 495 503 
7 463 493 392 529 539 509 555 48 976 282 510 484 472 512 497 82 946 538 490 591 482 480 407 
0 0 0 647 385 488 492 384 0 0 0 665 373 504 509 417 0 0 0 598 385 490 510 424 
0 0 5 505 537 547 489 407 0 0 5 538 514 552 476 396 0 0 3 455 559 547 486 394 
0 0 0 634 392 340 401 272 0 0 0 696 338 311 399 405 0 0 0 421 530 518 398 412 
0 0 0 531 465 379 407 318 0 0 0 767 328 398 427 564 0 0 0 471 557 486 431 570 
0 0 5 411 612 547 566 416 0 0 16 800 377 548 482 488 0 0 0 481 554 595 573 520 
0 12 448 446 511 564 526 509 0 34 449 653 427 480 527 522 0 31 450 625 425 449 538 511 
0 89 534 551 521 491 484 502 0 158 486 617 484 519 478 535 0 138 501 615 495 528 489 507 
0 113 515 592 487 545 534 487 0 188 511 603 494 490 521 543 0 239 442 533 546 470 531 482 
119 357 412 495 501 513 496 485 156 560 402 558 505 497 502 531 170 633 403 514 481 504 515 510 
63 288 481 479 545 492 474 514 154 627 471 535 502 515 528 497 154 652 524 510 504 531 529 503 
17 145 567 474 502 478 516 477 48 667 456 482 490 524 489 499 43 512 531 506 512 515 487 500 
0 65 513 467 456 500 466 508 2 591 483 483 510 505 509 507 1 380 580 517 530 510 518 534 
3 121 416 471 468 479 516 466 22 396 551 543 511 509 473 509 29 291 580 506 516 499 537 520 
15 376 473 488 502 496 486 497 122 599 559 506 515 492 496 507 163 472 592 506 515 507 511 512 
0 243 487 465 478 512 491 497 30 713 457 503 488 510 502 507 23 588 540 519 516 522 514 503 
0 193 502 487 466 483 492 497 8 449 554 547 515 527 522 505 30 474 540 517 558 508 490 507 
21 652 471 503 499 508 508 517 96 712 588 489 507 518 502 517 278 587 545 517 522 498 498 500 
0 716 398 383 465 434 410 601 107 904 691 363 332 778 542 556 230 770 753 559 468 398 499 532 
0 0 0 480 550 474 312 238 0 0 0 488 544 474 305 470 0 0 0 309 723 568 325 470 
0 0 5 712 412 450 593 413 0 0 17 766 398 467 587 419 0 0 6 767 405 482 588 413 
0 0 18 555 485 475 342 213 0 0 18 555 485 475 342 213 0 0 18 555 485 475 342 213 
0 0 6 418 609 478 448 400 0 0 6 458 585 482 448 510 0 0 2 318 622 485 454 518 
0 0 24 631 457 474 465 417 0 0 32 681 407 472 472 572 0 0 6 385 665 583 459 575 
0 0 59 869 393 512 527 450 0 0 69 866 392 522 529 447 0 0 52 845 377 514 535 447 
0 24 285 673 562 549 519 548 0 24 362 613 542 510 553 534 0 24 351 620 540 520 542 548 
0 27 229 375 570 486 456 525 0 45 282 433 531 525 524 485 0 43 270 417 540 543 445 544 
0 399 516 486 499 470 498 492 7 705 451 521 512 503 484 516 8 665 460 528 504 517 517 493 
3 173 539 459 485 502 510 485 30 683 426 448 512 513 518 488 35 509 532 503 506 491 502 511 
0 84 494 444 473 482 508 472 7 548 488 508 495 509 512 487 4 337 585 512 520 527 496 523 
37 409 426 490 500 505 504 495 183 541 522 515 529 508 537 494 232 495 528 519 512 532 535 504 
123 521 517 472 474 519 510 500 348 497 546 501 512 477 534 517 499 385 436 504 473 512 501 500 
52 370 460 522 470 488 507 481 239 469 502 527 506 522 495 519 326 329 572 540 514 536 496 507 
13 177 457 501 476 478 497 469 38 479 478 488 526 471 510 500 59 431 595 507 544 495 520 494 
0 483 408 485 499 509 501 517 33 678 531 517 522 518 515 511 141 618 549 541 507 502 488 541 
35 942 592 500 494 484 537 533 405 618 536 493 520 526 554 528 735 338 552 532 512 520 499 524 
5 1017 359 633 591 566 432 457 43 981 905 359 609 379 461 484 325 707 724 571 312 692 652 506 
0 0 5 773 243 261 532 200 0 0 9 780 234 253 523 602 0 0 2 362 647 639 541 602 
0 0 5 425 605 422 488 379 0 0 5 428 602 420 490 380 0 0 5 428 602 420 483 380 
0 0 0 768 352 348 522 382 0 0 0 770 352 351 522 368 0 0 0 768 351 348 518 368 
0 0 0 788 269 416 558 376 0 0 2 828 236 406 560 515 0 0 0 546 492 541 547 515 
0 0 0 795 284 552 507 346 0 0 0 844 252 541 509 648 0 0 0 551 487 493 496 648 
0 0 0 353 669 368 434 360 0 0 0 369 653 368 435 494 0 0 0 209 764 527 441 494 
0 0 23 459 629 514 345 255 0 0 23 459 629 515 349 255 0 0 23 459 629 515 349 255 
0 31 426 430 563 475 522 493 17 171 383 478 534 521 508 506 12 155 387 469 534 497 533 488 
0 294 563 459 499 502 498 514 138 689 526 515 519 514 503 517 99 695 526 511 507 496 512 530 
3 356 479 461 468 496 503 504 135 733 573 494 535 514 530 521 73 756 568 516 518 503 525 507 
2 117 361 434 524 499 502 496 16 374 483 540 506 512 535 503 24 337 417 525 498 509 514 520 
3 152 409 428 460 476 489 472 29 529 473 534 532 522 539 532 30 499 460 484 519 510 528 494 
23 327 436 507 493 510 522 499 101 417 560 522 515 530 512 503 164 344 511 479 509 527 546 515 
27 483 447 524 486 512 508 501 204 568 559 550 503 495 515 497 339 433 528 477 525 504 481 522 
80 423 501 478 494 525 506 523 223 578 494 539 517 533 505 507 354 477 517 502 512 529 507 523 
4 588 492 516 546 536 493 530 87 860 501 545 493 530 502 511 291 689 562 492 489 513 530 512 
12 477 590 485 506 541 499 491 71 838 481 498 504 523 508 483 208 788 466 499 515 524 532 514 
0 556 501 641 531 503 529 554 0 1003 555 621 535 382 494 540 148 872 796 313 481 589 535 548 
0 0 0 416 611 630 320 272 0 0 0 437 592 628 319 383 0 0 0 319 701 619 336 383 
0 0 0 458 587 661 376 326 0 0 1 503 545 649 376 500 0 0 0 314 722 551 386 500 
0 0 0 512 506 274 354 296 0 0 0 513 505 274 354 302 0 0 0 511 507 267 362 302 
0 0 0 710 337 413 377 310 0 0 1 764 293 407 366 610 0 0 0 367 649 530 384 610 
0 0 0 527 518 468 550 328 0 0 0 527 518 469 550 331 0 0 0 527 518 468 545 331 
0 3 42 120 869 173 330 162 0 4 52 127 895 295 304 270 0 4 50 127 890 293 297 163 
0 58 428 418 614 424 559 423 0 268 327 391 629 511 589 483 20 249 349 385 609 471 566 418 
1 337 530 516 501 521 525 484 63 684 508 529 499 535 499 496 160 605 532 540 529 515 525 547 
2 432 517 502 510 480 509 508 263 677 467 555 507 518 530 506 252 701 488 510 522 491 504 521 
6 242 363 450 471 464 479 459 82 468 569 485 517 522 505 479 54 426 564 505 499 505 484 523 
1 116 201 401 472 464 449 455 11 237 342 496 533 502 513 511 5 209 309 478 530 523 532 480 
38 448 361 429 572 518 526 466 153 434 411 570 496 473 499 501 306 310 377 478 493 518 512 517 
69 925 618 483 538 476 509 514 467 557 541 496 489 510 538 516 853 234 403 555 499 552 486 520 
30 886 438 514 511 536 504 549 134 880 636 541 497 510 521 525 412 609 517 531 505 532 533 512 
0 226 442 460 449 498 503 514 91 680 524 496 518 502 514 495 196 509 523 502 516 504 533 550 
0 170 243 468 484 492 494 494 6 365 391 596 459 533 492 511 31 331 435 502 515 502 502 519 
1 282 451 509 488 497 508 538 22 602 492 507 534 488 505 488 114 538 526 470 472 510 509 511 
0 17 940 140 623 624 412 563 0 784 263 278 728 401 445 484 0 969 81 638 444 501 524 431 
0 0 0 133 891 829 131 606 0 0 0 133 891 829 131 606 0 0 0 133 891 829 131 606 
0 0 0 184 840 712 184 592 0 0 0 184 840 712 184 599 0 0 0 181 843 715 183 599 
0 0 0 157 867 789 84 620 0 0 0 157 867 789 84 620 0 0 0 157 867 789 84 620 
0 0 0 880 166 176 191 202 0 0 0 881 166 176 191 201 0 0 0 875 171 181 194 201 
0 0 0 0 1008 120 888 32 0 0 0 0 1008 120 888 32 0 0 0 0 1008 120 888 32 
0 6 194 692 796 215 826 220 0 9 213 698 835 766 276 191 0 8 209 695 829 766 282 220 
0 125 851 760 225 241 763 775 1 860 279 274 780 785 233 786 22 863 331 807 227 771 779 240 
0 120 851 792 242 791 240 241 8 971 153 761 250 782 226 230 33 973 768 238 243 231 246 242 
4 232 774 772 760 789 220 763 87 885 787 271 246 793 227 772 89 883 784 263 230 769 247 254 
4 98 718 211 219 772 766 762 33 758 260 231 237 783 240 783 23 741 256 234 244 228 229 239 
0 20 214 767 768 762 767 773 0 226 754 790 788 236 772 782 9 225 738 786 790 796 244 776 
1 791 246 233 225 245 242 243 74 859 277 785 779 801 810 779 187 769 720 243 789 241 776 789 
13 944 293 805 783 793 250 250 164 855 791 751 250 781 241 235 815 206 172 284 240 245 240 238 
0 135 820 778 239 247 780 778 13 960 182 780 233 776 790 227 25 913 190 776 239 227 782 769 
0 8 163 767 761 212 768 237 8 801 223 255 241 255 788 771 7 794 220 242 242 236 242 771 
0 39 100 740 816 276 759 193 0 115 655 340 168 721 753 794 0 121 657 298 752 212 197 227 
0 35 759 217 218 223 224 751 0 245 735 798 770 773 248 795 0 227 740 779 783 233 787 228 
0 4 301 712 837 771 715 200 0 220 797 800 841 229 799 178 0 50 956 953 208 221 746 228 
