1024 114 860 409 378 503 522 461 0 920 104 272 316 505 450 617 0 0 0 358 553 573 527 534 
1024 422 602 506 545 496 512 481 0 1023 1 259 578 482 514 538 0 0 24 463 582 510 533 439 
1024 996 243 502 450 525 482 484 0 1024 158 749 513 476 489 493 0 0 651 374 553 551 485 541 
1024 1024 783 491 598 529 539 497 0 1024 646 468 570 505 531 535 0 97 927 547 546 502 484 473 
1024 1024 994 748 552 588 585 535 220 804 677 414 561 542 479 497 0 514 556 559 556 508 489 534 
1024 1024 1014 926 712 617 631 667 192 832 856 634 485 529 528 510 2 857 232 299 443 503 490 490 
1024 1024 1024 941 817 568 592 509 19 1005 1005 617 549 450 508 492 0 671 353 353 529 462 503 534 
1024 1024 1024 855 791 631 604 594 0 1024 1024 230 640 508 554 527 0 267 757 728 509 484 448 518 
1024 1024 1000 676 707 609 554 489 0 1024 905 467 427 496 512 482 0 380 644 341 479 551 505 547 
1024 1024 998 497 608 509 512 617 0 1024 964 82 612 549 453 599 0 22 1002 941 584 622 567 454 
1024 1024 758 303 416 533 595 571 0 1024 698 340 424 417 466 550 0 3 1021 274 804 730 629 700 
1024 975 129 627 623 512 514 518 0 1024 161 847 502 527 537 500 0 0 833 272 479 523 517 514 
1024 1024 724 636 542 555 557 564 0 1024 705 479 498 488 526 552 0 174 742 525 569 555 457 469 
1024 1024 982 722 607 496 573 416 0 1024 864 426 412 453 536 467 0 194 830 471 566 531 488 639 
1024 1024 1024 963 877 770 692 668 299 725 725 611 523 525 494 495 0 753 310 485 473 492 478 560 
1024 1024 1022 1004 843 653 620 646 952 72 237 400 443 509 535 500 0 1024 415 690 404 538 528 497 
1023 1022 1009 972 829 663 627 582 1004 32 237 498 559 514 518 530 44 990 505 636 470 519 527 547 
1022 1015 982 944 835 626 629 639 933 100 265 375 502 565 474 514 34 986 320 648 497 466 476 509 
1013 925 899 889 754 644 573 559 899 138 210 400 492 469 471 549 149 884 163 613 543 572 567 575 
963 841 792 776 687 662 631 606 677 444 468 492 506 524 506 511 289 793 257 481 528 510 507 540 
889 716 746 752 691 554 522 583 388 635 662 567 571 492 519 553 202 722 391 489 510 531 505 467 
1000 866 596 641 734 458 587 702 274 780 812 793 303 624 647 463 147 842 355 414 569 512 477 458 
1010 960 921 492 532 581 514 521 439 585 579 311 515 546 507 473 30 651 589 560 459 506 538 508 
1005 883 858 796 628 633 576 611 543 547 552 591 545 552 509 534 166 842 327 407 553 530 518 498 
978 836 772 757 703 603 576 556 772 403 406 530 568 546 539 538 342 829 303 501 530 546 460 453 
965 836 758 683 625 549 531 583 901 415 455 499 533 550 519 542 501 781 439 460 522 523 516 516 
942 813 680 653 589 569 582 553 937 466 651 483 514 520 521 525 663 622 674 522 527 518 528 560 
918 817 679 599 571 579 547 551 923 617 627 550 551 519 524 505 804 509 611 532 517 543 537 507 
914 767 694 647 553 546 586 537 914 690 419 489 547 555 511 527 878 359 386 503 520 518 512 534 
922 793 712 659 590 565 581 596 907 518 658 556 574 513 541 510 608 725 664 621 520 561 489 497 
1015 911 711 608 563 532 560 564 1003 595 732 521 530 529 517 549 724 847 723 556 513 561 535 535 
988 949 918 849 696 632 629 622 938 106 333 539 467 578 524 526 74 967 552 475 460 495 450 462 
1024 873 204 279 434 387 537 511 1021 260 729 810 784 507 405 488 1012 229 768 798 480 521 504 519 
156 208 793 232 255 752 545 308 133 177 802 237 226 530 475 311 114 149 230 780 729 287 534 308 
287 403 723 403 476 572 587 437 279 307 757 369 353 577 461 503 259 284 368 643 662 384 655 380 
536 651 666 603 539 542 536 545 520 522 671 538 544 534 519 498 470 465 601 565 528 511 514 508 
665 719 867 628 596 567 585 547 653 491 760 570 577 571 547 531 605 346 497 557 536 535 528 510 
843 968 892 734 675 572 614 579 820 902 592 610 574 532 528 534 805 444 689 515 566 520 550 497 
921 964 930 782 668 610 619 550 895 961 544 641 593 512 518 512 892 375 539 639 516 542 486 492 
870 968 971 820 678 602 600 533 854 977 491 561 441 488 545 503 815 264 477 632 472 611 505 520 
857 1003 853 717 653 550 569 537 850 990 439 608 551 560 536 511 772 565 610 578 557 551 546 507 
886 967 700 601 578 583 561 575 883 860 491 541 517 526 536 520 810 571 613 537 493 523 528 520 
550 843 682 686 601 573 564 533 547 385 660 577 541 484 533 506 374 286 563 436 556 475 482 491 
927 755 310 572 583 480 457 495 926 704 337 308 522 483 451 498 926 469 543 444 477 480 505 561 
0 53 944 214 393 631 602 453 0 33 916 201 331 641 420 446 0 21 231 771 734 398 588 391 
17 90 909 258 345 652 600 396 11 69 901 179 363 631 400 426 6 41 226 795 708 372 635 404 
41 301 631 461 526 537 494 548 41 198 715 366 450 518 537 508 12 141 409 613 546 492 481 521 
94 371 739 417 517 511 525 532 86 242 843 362 533 529 531 519 80 137 447 666 560 512 500 503 
354 472 601 480 496 488 537 514 371 417 635 480 528 554 528 558 357 357 504 560 557 468 484 546 
345 568 592 554 557 506 538 501 327 509 642 499 542 559 505 534 291 470 513 550 512 543 506 518 
342 761 533 525 502 509 518 551 273 708 493 546 519 517 528 518 231 586 478 500 531 504 516 496 
463 649 530 483 532 520 493 503 512 590 560 531 501 509 496 505 474 551 536 504 534 541 501 523 
280 752 543 507 535 495 490 490 385 552 524 503 517 510 499 481 321 531 552 541 554 512 519 529 
432 576 509 467 537 514 519 518 348 526 558 574 538 481 525 545 291 514 553 512 522 529 489 496 
370 666 670 560 616 474 515 482 116 895 758 318 459 564 510 539 91 901 521 453 489 549 467 524 
0 887 208 583 593 526 510 530 0 3 1021 885 545 482 467 483 0 0 288 736 694 577 426 475 
84 870 568 498 519 529 503 473 30 530 513 453 501 506 501 463 9 74 658 415 517 508 531 498 
278 619 564 471 486 519 505 521 48 693 354 485 526 495 492 525 26 128 739 559 516 496 512 505 
238 548 564 485 555 494 488 507 140 410 576 484 518 521 474 513 102 209 543 545 514 504 500 501 
522 521 542 482 510 526 534 509 379 472 481 487 534 544 511 503 202 518 670 537 524 528 484 522 
742 571 503 545 529 523 516 510 462 493 487 498 523 508 504 539 185 665 537 523 534 498 492 516 
128 745 421 498 459 520 538 482 72 277 763 675 432 439 485 471 37 159 564 512 541 495 485 562 
758 393 469 553 511 519 518 521 343 761 675 520 512 513 516 516 274 761 496 551 499 526 529 504 
391 795 498 552 556 558 529 553 389 692 521 523 537 529 507 537 347 633 459 533 482 495 530 491 
36 768 337 541 521 517 508 513 30 786 495 581 501 469 497 554 21 645 398 547 522 495 476 511 
0 960 115 601 301 438 572 567 0 740 349 479 579 573 549 554 0 517 518 377 448 510 476 527 
332 477 515 506 510 508 513 546 0 666 647 513 526 542 529 522 0 535 338 499 513 528 504 523 
254 471 495 501 522 506 515 539 68 413 748 566 535 499 533 506 29 341 493 543 490 504 513 519 
360 503 472 482 542 500 544 518 271 202 723 568 506 525 504 501 200 202 521 517 492 522 499 497 
592 388 319 510 527 533 497 513 187 589 687 518 506 524 494 475 64 641 638 476 513 495 513 536 
234 719 484 480 516 531 506 525 74 669 503 508 507 520 510 502 45 400 621 520 527 530 551 519 
449 422 574 462 564 524 512 556 114 453 759 373 591 454 516 525 8 421 357 605 554 523 502 528 
0 217 810 817 351 624 590 367 0 11 1013 345 635 580 369 439 0 0 132 896 748 471 598 405 
487 480 440 489 528 523 514 510 97 669 659 537 535 505 509 496 67 526 437 506 534 526 511 469 
426 642 471 488 522 506 523 516 158 681 545 496 525 524 492 503 114 462 501 498 528 539 521 511 
74 630 577 636 590 503 504 535 18 297 735 543 519 492 515 526 4 80 606 412 419 512 550 479 
0 165 868 874 340 625 396 542 0 0 1024 775 288 310 433 422 0 0 138 886 856 800 378 449 
12 459 657 568 337 446 375 571 7 125 906 380 595 406 679 551 2 93 324 655 564 352 360 517 
431 531 607 630 637 588 431 409 334 424 707 363 413 614 598 593 268 434 372 632 628 452 611 401 
391 553 621 620 605 411 406 452 176 663 660 456 426 437 414 634 148 627 387 570 404 588 406 591 
8 789 267 379 626 402 399 404 0 193 840 777 580 408 598 412 0 45 902 264 616 395 631 621 
116 718 472 511 649 365 670 437 116 571 547 592 454 402 634 603 111 469 446 477 684 488 349 566 
167 437 655 645 431 658 623 429 93 477 645 306 704 400 637 629 84 244 482 739 639 596 393 569 
11 208 867 814 554 641 626 327 3 134 918 472 546 663 358 327 1 91 393 624 567 383 692 516 
130 595 460 696 440 648 630 422 97 386 606 498 360 613 399 633 73 119 628 612 415 585 434 422 
142 869 632 406 618 432 594 455 0 761 285 490 434 590 611 668 0 214 662 612 416 388 385 572 
0 775 327 402 588 411 381 434 0 148 875 579 479 671 463 622 0 19 509 579 553 388 402 551 
0 946 83 536 761 382 639 644 0 11 1013 919 427 577 448 351 0 0 898 136 133 161 350 608 
