1024 1024 0 232 792 416 416 520 584 440 440 440 440 632 496 520 0 1024 0 560 464 496 480 520 
1024 1024 0 402 622 406 549 526 776 248 248 248 280 618 549 526 0 1024 0 776 280 618 549 526 
1024 1024 0 536 488 616 400 520 976 48 48 48 224 408 400 520 0 1024 0 880 320 480 392 504 
1024 1024 0 736 288 560 560 512 1024 0 0 0 272 368 512 480 0 1024 0 976 320 320 528 512 
1024 1024 0 840 184 504 656 512 1024 0 0 0 320 448 544 512 0 1024 0 1024 320 320 544 512 
1024 1024 0 936 88 472 576 560 1024 0 0 0 384 304 560 560 0 1024 0 1024 384 456 536 512 
1024 1024 0 1008 16 496 592 480 1024 0 0 0 432 368 592 480 0 1024 0 1024 432 480 592 544 
1024 1024 0 1024 24 552 536 424 1024 0 0 0 480 424 504 424 0 1024 0 1024 480 496 528 600 
1024 1024 0 1024 0 576 512 496 1024 0 0 0 480 352 576 496 0 1024 0 1024 480 496 528 528 
1024 1024 0 1020 14 570 478 496 1024 0 0 0 480 344 570 496 0 1024 0 1024 480 484 530 528 
1024 1024 0 1024 0 504 536 480 1024 0 0 0 328 456 600 480 0 1024 0 1024 512 528 456 544 
1016 808 178 702 321 533 590 538 667 354 302 272 460 482 526 501 0 963 114 803 585 491 497 490 
989 361 524 496 523 523 540 512 252 743 605 523 478 519 495 487 0 836 315 576 525 504 526 532 
793 310 512 499 516 509 494 515 99 831 573 513 500 512 521 514 0 709 413 523 538 548 530 498 
858 313 558 524 510 519 482 513 153 795 601 541 526 499 526 516 1 746 395 528 519 506 496 509 
809 393 491 509 535 508 472 523 163 768 590 488 497 513 516 488 0 747 345 552 500 515 518 534 
751 329 522 521 502 528 497 509 161 671 601 546 512 513 495 555 0 729 300 568 492 518 502 513 
376 344 467 534 504 511 519 511 36 623 458 526 496 485 520 497 4 529 362 513 504 503 503 496 
650 304 574 535 495 500 505 520 145 607 622 514 516 514 499 526 1 657 374 551 499 509 505 495 
754 432 508 512 501 533 553 499 209 632 591 532 508 493 497 514 1 717 361 550 488 497 540 497 
773 465 509 494 536 512 520 491 239 660 585 508 506 534 517 509 0 798 324 557 483 524 534 486 
590 273 551 512 551 504 506 498 89 578 593 581 546 521 512 509 1 555 329 536 478 502 525 502 
555 361 517 520 505 533 508 492 146 518 530 529 494 510 515 522 0 552 306 498 484 481 508 516 
821 406 515 488 503 503 513 512 173 690 614 538 496 529 526 521 0 696 292 520 496 480 508 507 
1010 501 434 393 567 515 513 520 148 859 759 626 582 544 526 482 0 839 196 488 531 523 532 505 
1024 1024 0 1024 336 571 600 528 1024 0 0 144 757 475 518 529 0 1024 142 882 643 593 496 530 
1024 1024 0 1024 616 420 522 542 1024 0 0 291 717 395 447 518 0 1024 343 681 665 387 449 514 
1024 1024 0 1024 766 322 616 512 1024 0 0 435 589 501 536 537 0 1024 496 528 528 504 592 512 
1024 1024 0 1024 934 351 547 530 1024 0 0 576 448 558 531 529 0 1024 584 440 440 654 595 482 
1024 1024 19 1005 957 573 489 520 1024 0 0 608 416 488 461 479 0 1024 608 416 416 720 504 472 
1024 1024 96 928 912 512 408 504 1024 0 0 640 384 576 372 496 0 1024 640 384 400 720 520 504 
1024 1024 144 880 880 504 360 536 1024 0 0 664 360 616 392 520 0 1024 664 360 424 696 488 504 
1024 1024 145 879 879 599 343 528 1024 0 0 680 344 576 448 527 0 1024 744 280 344 680 496 512 
1024 1024 160 864 864 520 384 536 1024 0 0 592 432 688 392 488 0 1024 768 256 416 552 600 488 
1024 1024 160 864 864 560 336 528 1024 0 0 608 416 672 384 496 0 1024 768 256 320 608 640 496 
1024 1024 112 912 912 560 432 496 1024 0 0 576 448 656 416 528 0 1024 768 256 272 656 608 528 
1023 972 145 855 810 544 469 544 958 65 54 596 412 590 406 494 0 1009 762 253 360 548 565 493 
1024 870 210 680 629 589 465 504 802 222 196 584 367 447 526 519 0 989 659 307 423 531 516 523 
1002 684 290 533 524 496 517 517 592 422 359 418 505 512 509 519 0 940 458 473 526 539 494 490 
805 417 510 537 514 504 513 510 243 654 535 516 536 527 531 494 3 714 457 523 526 539 510 530 
559 387 535 495 540 546 516 521 125 627 536 544 511 505 481 511 2 628 424 491 530 505 516 508 
583 394 510 496 510 517 507 497 118 707 516 489 501 506 498 486 5 675 463 543 494 514 501 484 
337 305 443 540 500 533 504 507 57 538 471 531 493 534 495 501 14 522 401 533 504 489 519 520 
271 571 518 501 488 503 518 508 66 666 498 519 529 486 534 504 28 611 495 522 509 512 510 510 
672 531 490 528 521 514 516 535 319 575 498 493 520 496 517 495 4 823 512 500 531 485 517 526 
546 498 362 509 520 528 501 495 386 228 333 461 520 516 508 512 0 560 447 465 507 505 504 499 
728 416 492 522 494 497 513 500 267 532 507 509 504 498 520 519 2 663 412 515 501 495 465 492 
816 408 538 504 477 545 498 491 267 617 560 488 494 479 515 572 1 743 416 499 511 508 513 521 
949 550 364 550 538 487 488 481 431 540 437 450 524 524 516 531 0 817 376 537 522 524 520 498 
998 724 273 601 498 498 491 512 561 443 393 385 558 489 487 498 0 903 272 617 537 554 495 488 
1021 487 394 613 535 512 512 528 613 411 392 548 438 485 474 527 0 1024 694 345 408 496 522 503 
1024 827 275 763 741 536 556 485 912 112 114 856 423 560 485 514 0 1024 984 158 539 534 486 511 
1024 1024 530 494 494 540 482 505 1024 0 131 893 613 621 356 491 0 1024 1024 373 651 398 488 528 
1024 1024 744 280 280 472 352 504 1024 0 192 832 616 536 472 520 0 1024 1024 448 576 472 504 520 
1024 1024 736 288 288 496 359 520 1024 0 208 816 656 464 600 520 0 1024 1024 472 520 288 416 504 
1024 1024 760 264 264 512 608 544 1024 0 248 776 616 432 632 528 0 1024 1024 512 512 528 560 480 
1024 1024 828 196 196 524 624 496 1024 0 328 696 584 336 600 528 0 1024 1024 552 472 600 520 528 
1024 1024 849 175 191 503 647 500 1024 0 288 736 640 394 590 510 0 1024 1024 584 454 626 554 514 
1024 1024 1001 23 23 457 433 520 1024 0 296 728 632 416 557 534 0 1024 1024 584 440 664 536 520 
1024 1024 992 32 32 440 560 520 1024 0 301 723 595 355 652 556 0 1024 1024 528 496 608 552 504 
1024 1024 992 32 32 315 546 568 1024 0 240 784 624 429 579 486 0 1024 1024 512 512 592 568 504 
1024 1024 851 171 173 389 617 500 1024 0 154 867 620 494 568 474 0 1024 1022 460 569 453 532 526 
1024 1022 632 370 329 398 597 520 1018 6 39 933 615 581 544 499 0 1024 998 337 651 447 522 480 
973 565 404 524 514 537 503 522 553 447 376 515 531 506 505 532 8 895 600 486 517 495 478 503 
935 516 447 552 511 497 489 517 445 538 432 541 501 509 514 531 7 829 584 523 503 513 502 489 
849 389 500 509 537 515 518 493 324 622 480 498 494 512 498 481 8 790 525 475 514 498 515 524 
498 393 547 513 512 518 487 540 123 623 547 494 493 496 504 522 14 610 514 500 496 531 503 522 
291 227 345 549 497 506 534 533 76 362 360 532 518 539 512 530 6 379 332 497 542 478 493 521 
529 471 514 546 517 523 517 501 135 740 525 520 512 524 513 511 16 762 482 475 519 497 512 521 
357 254 518 522 516 520 499 520 82 459 567 535 505 512 512 505 3 492 542 507 536 510 511 493 
966 757 274 618 569 510 505 504 749 231 197 649 471 553 531 521 6 913 768 366 507 542 509 538 
948 696 405 542 510 517 545 541 648 327 311 633 567 497 494 489 2 905 669 431 550 516 497 486 
984 695 357 589 542 533 521 507 680 319 296 595 538 497 498 484 2 915 686 399 516 536 517 512 
1023 913 234 699 606 512 538 497 886 137 131 699 488 523 505 481 0 994 781 257 539 551 480 522 
813 823 331 599 509 532 504 513 652 230 238 614 475 494 522 509 5 793 644 382 473 524 537 512 
904 390 417 537 488 486 524 522 465 542 471 534 513 513 518 515 6 961 762 473 526 495 477 529 
1014 305 501 493 481 531 536 522 627 397 397 500 461 488 470 496 18 1006 846 509 483 527 508 525 
1022 507 511 474 480 527 535 480 760 264 455 523 449 495 455 518 56 968 905 690 480 497 524 502 
1024 936 856 226 386 640 590 549 1007 86 816 241 359 475 528 483 386 638 734 756 610 456 546 484 
1024 997 842 163 644 443 494 477 1019 14 884 135 469 463 514 549 218 806 813 793 712 493 493 573 
1024 1024 1014 10 879 597 460 530 1024 0 1017 112 500 577 457 516 367 657 657 657 585 453 492 483 
1024 1024 1004 20 909 602 407 557 1024 0 1024 81 543 589 416 546 402 622 622 622 639 484 449 466 
1024 1014 635 301 646 416 449 523 1024 0 906 111 332 602 491 498 515 509 509 517 623 412 513 499 
1024 998 751 199 753 406 460 534 1024 0 830 192 425 582 432 515 415 609 609 613 663 473 398 472 
1024 946 744 231 649 470 551 520 1023 1 796 183 387 513 533 540 349 675 675 676 669 545 477 505 
1024 1024 986 37 862 617 426 521 1024 0 1018 24 543 621 426 511 446 578 578 578 583 423 447 533 
1024 996 810 241 623 526 502 509 1000 24 800 274 471 535 502 519 339 684 651 575 494 543 491 509 
1000 768 394 547 498 513 537 515 787 226 397 555 496 508 516 523 104 862 694 535 500 539 495 540 
836 490 471 527 523 511 537 520 420 516 498 492 500 479 494 534 59 751 576 475 530 488 485 488 
633 460 529 522 508 540 518 500 264 562 520 514 552 517 516 507 54 628 556 517 518 493 516 502 
324 408 476 516 518 506 505 526 82 478 522 500 517 498 508 518 17 426 476 528 533 523 501 527 
417 448 474 539 480 514 509 515 208 459 479 530 488 502 522 525 79 486 477 509 496 512 515 541 
176 401 455 542 494 509 530 502 92 425 425 546 515 534 519 520 53 421 445 532 550 495 513 507 
637 370 515 519 522 501 528 512 251 593 538 520 532 483 491 491 63 700 549 525 527 509 526 530 
374 397 553 510 510 498 509 512 151 482 556 494 503 516 497 516 20 551 566 511 512 523 512 498 
881 630 422 519 504 509 499 497 633 343 342 526 500 494 470 495 45 855 684 555 519 514 507 518 
1012 825 330 589 528 520 484 494 855 169 329 600 526 508 534 515 43 948 810 632 512 530 497 530 
1023 741 432 530 476 487 496 519 827 197 342 570 515 542 529 486 37 961 803 565 480 486 530 508 
1018 740 630 387 360 425 548 510 865 159 249 689 689 575 482 504 5 1015 878 592 428 496 479 500 
787 697 550 446 450 487 498 525 578 324 371 624 572 546 537 548 23 753 740 548 518 535 511 491 
344 646 499 527 533 512 517 486 68 905 594 523 492 501 491 495 15 937 560 487 489 525 504 532 
520 547 559 493 473 518 514 506 277 732 617 477 520 478 491 521 75 930 743 566 486 515 509 505 
324 706 556 515 510 530 501 500 139 885 719 534 497 527 509 525 69 955 810 520 521 518 493 536 
896 658 619 493 526 506 489 496 785 239 673 591 457 511 493 508 566 458 439 468 543 508 513 503 
965 701 441 539 502 482 513 518 821 207 571 544 534 515 500 510 476 534 485 510 483 473 493 508 
1020 979 771 580 441 439 455 526 1016 15 874 775 474 459 515 535 893 131 131 351 612 485 524 519 
1008 807 643 531 475 432 516 516 927 97 796 667 393 560 558 536 802 222 221 297 600 543 519 541 
1005 647 446 540 514 476 529 514 946 79 486 496 533 533 485 476 686 337 322 397 568 535 537 529 
982 744 534 521 517 500 510 520 920 110 644 521 455 509 523 475 696 328 301 412 601 525 500 524 
856 504 454 500 522 504 505 503 684 333 468 505 528 535 526 524 436 575 504 492 509 481 502 503 
1010 461 514 474 512 520 522 522 849 175 528 492 504 508 495 488 596 428 427 396 547 508 528 495 
1014 847 667 585 426 474 496 490 968 60 710 643 456 535 540 525 704 319 302 321 588 556 473 508 
1022 909 711 523 471 499 512 498 968 77 751 594 538 510 515 503 649 370 322 432 519 555 522 539 
816 523 500 517 509 487 519 511 495 497 474 531 491 523 525 522 181 743 517 492 506 484 518 508 
585 526 509 520 536 528 511 505 301 497 547 505 516 538 500 514 119 564 506 477 523 495 517 525 
802 555 531 531 533 513 479 499 538 408 507 494 531 523 500 490 211 633 524 516 546 529 498 530 
840 617 467 525 511 528 510 510 635 301 518 470 510 532 519 520 273 578 526 490 526 503 492 498 
367 455 463 547 520 511 510 517 266 373 499 523 525 505 495 521 135 475 509 532 532 510 513 494 
359 461 522 510 520 506 521 523 191 537 527 519 493 511 493 555 108 587 524 521 515 511 482 515 
909 498 448 478 514 506 528 530 614 361 471 527 534 523 505 521 234 686 528 497 521 532 534 506 
990 568 433 534 519 516 509 532 721 293 531 472 520 509 511 497 279 700 516 498 516 493 509 507 
985 398 427 505 496 481 509 519 592 431 523 501 502 473 498 520 151 846 616 499 509 535 483 519 
723 355 544 503 512 533 532 526 253 767 570 514 516 500 478 524 24 969 532 515 530 494 488 466 
397 605 501 497 499 503 526 511 120 788 481 498 500 496 515 518 8 820 464 524 496 482 530 518 
209 672 496 491 525 529 519 475 72 694 480 563 512 494 516 517 0 656 486 509 501 500 505 517 
15 695 422 505 500 521 502 516 17 802 411 525 531 501 537 531 27 830 433 512 524 495 504 527 
0 932 421 499 525 524 523 523 10 969 631 491 502 508 529 483 19 971 689 507 541 493 498 514 
3 843 286 564 522 533 519 518 4 959 411 521 508 504 507 544 6 983 606 395 535 518 508 521 
123 884 238 508 536 471 483 497 63 961 758 385 508 522 505 514 31 993 936 442 507 519 498 520 
64 904 509 542 546 529 498 506 52 923 704 505 499 517 532 521 114 867 717 477 502 506 516 493 
117 920 615 497 531 514 532 512 105 919 848 456 511 542 526 495 93 931 887 631 517 489 498 536 
187 829 597 550 507 532 515 506 94 926 703 515 490 517 537 495 62 958 734 549 515 510 496 533 
145 845 449 523 530 524 526 545 87 921 551 515 518 538 527 516 80 933 604 565 527 552 525 526 
361 675 502 513 507 502 511 510 236 786 604 501 516 547 513 503 167 856 703 507 530 506 533 515 
84 884 562 497 527 526 539 523 61 905 630 517 511 504 499 518 51 916 659 544 506 516 498 541 
301 744 615 521 507 514 517 511 228 796 719 515 486 513 528 530 158 866 781 540 534 514 527 517 
282 681 521 463 520 512 509 498 135 843 616 498 510 512 534 481 86 895 658 534 491 482 478 471 
561 578 488 491 516 526 509 516 401 620 569 502 487 493 514 488 240 780 595 508 503 503 528 511 
97 733 466 493 490 490 528 520 22 781 428 497 482 514 535 521 7 796 408 499 512 506 530 481 
256 567 521 528 524 488 532 513 124 574 551 531 541 511 504 512 66 617 510 513 520 471 521 509 
255 676 513 496 524 467 534 513 129 657 466 516 502 508 511 480 54 666 485 518 493 484 507 502 
342 583 537 476 517 504 494 502 155 680 461 521 527 512 527 544 59 733 497 517 510 540 479 514 
286 385 575 488 524 527 539 494 158 423 567 504 539 512 499 498 90 461 569 507 528 486 489 504 
437 643 477 509 507 500 508 496 384 472 509 516 513 516 519 500 238 602 487 517 523 489 502 490 
1013 825 572 504 518 486 466 493 917 252 614 537 531 516 508 506 668 341 361 557 508 522 538 523 
967 579 557 487 492 513 499 507 758 346 586 515 484 532 513 502 487 533 457 537 477 514 515 516 
862 220 514 517 517 522 486 494 457 548 502 527 514 516 535 523 143 839 622 513 531 538 524 513 
382 600 418 502 519 480 506 530 109 831 471 517 534 532 504 501 38 844 454 452 525 484 504 515 
76 736 526 520 534 558 532 522 38 768 455 498 506 481 528 518 17 701 461 513 489 475 522 514 
7 547 495 527 514 523 522 543 1 556 502 518 500 521 531 498 1 423 539 516 483 505 516 521 
9 715 410 521 534 524 512 507 16 881 327 535 497 515 512 474 20 935 341 526 516 507 520 541 
177 763 403 465 511 530 497 507 186 798 414 522 548 506 518 526 201 817 461 529 501 516 528 493 
427 437 513 537 540 497 538 527 442 572 425 506 520 532 480 515 442 612 476 477 521 522 508 498 
320 699 339 554 507 471 497 500 318 729 545 470 488 509 495 524 316 734 630 485 501 499 518 494 
203 786 313 530 537 497 525 478 182 815 426 510 502 511 518 526 164 836 546 493 486 525 539 516 
226 773 495 497 491 516 510 513 195 803 547 502 495 492 502 520 195 797 637 492 484 511 507 522 
331 696 554 493 523 514 518 504 280 727 593 491 531 530 530 523 284 726 609 538 499 523 506 542 
210 762 434 546 500 493 522 491 194 735 464 525 508 524 538 517 187 698 580 484 504 521 499 492 
351 672 425 508 511 513 507 541 309 721 423 546 524 519 488 508 290 714 496 530 527 516 486 498 
198 679 460 503 544 503 517 518 176 692 459 529 510 543 503 523 156 712 498 533 500 521 475 512 
306 655 464 527 495 525 509 525 283 673 489 525 499 507 503 500 274 659 565 521 523 501 518 518 
293 621 480 533 516 482 510 510 260 633 481 504 549 517 492 524 245 643 524 487 502 508 556 538 
313 700 383 512 495 534 535 511 279 667 467 496 481 489 520 509 246 594 588 509 523 538 495 524 
340 575 526 527 520 507 479 510 312 600 470 495 525 533 510 514 293 594 473 495 505 523 507 512 
175 663 468 521 515 512 510 515 134 641 511 531 505 527 496 518 124 638 508 510 511 478 507 506 
110 656 491 460 511 489 500 519 87 617 485 485 509 526 539 526 80 601 510 482 511 499 510 527 
139 674 490 507 503 494 528 510 107 633 529 491 509 526 528 523 101 603 542 505 497 492 528 497 
70 593 510 520 490 500 520 502 53 594 502 513 513 535 536 546 54 605 510 516 514 500 543 511 
141 675 518 513 526 508 524 515 120 663 522 557 521 535 522 510 123 645 543 544 524 502 490 520 
278 525 624 510 516 483 507 497 257 381 566 514 531 492 494 483 231 308 598 468 527 537 518 525 
65 364 663 500 533 511 541 531 54 95 818 553 496 495 512 475 40 54 696 507 538 515 501 522 
23 320 662 464 536 482 511 507 22 65 837 525 515 525 550 538 20 28 702 461 511 502 494 523 
157 187 732 548 516 497 500 537 164 192 789 495 485 470 504 526 162 189 549 492 501 528 495 519 
162 447 432 402 523 538 506 516 173 560 726 580 511 500 516 555 166 566 483 508 511 503 512 486 
57 563 423 407 476 491 531 514 62 925 756 416 551 522 482 501 61 885 367 566 520 523 509 517 
6 849 274 516 501 501 499 521 25 966 453 528 517 513 488 533 42 967 550 527 519 516 524 514 
212 725 429 511 496 487 488 491 320 696 533 495 495 521 503 534 368 671 562 521 517 556 510 516 
860 232 553 511 515 524 506 515 887 337 562 501 521 521 510 503 897 397 532 480 523 482 511 515 
493 438 496 571 488 537 493 524 529 460 567 476 517 521 502 513 530 476 564 524 503 491 512 504 
139 514 456 463 520 527 501 506 146 505 488 451 542 527 545 521 137 506 460 447 487 504 510 482 
141 211 267 332 475 506 515 510 137 205 234 326 541 560 515 508 137 183 213 325 463 540 518 495 
230 514 506 466 456 488 494 507 266 514 471 502 508 492 527 502 279 480 442 492 495 527 504 518 
441 534 528 514 524 493 495 515 436 472 538 524 539 498 521 544 428 416 563 504 542 522 496 516 
580 497 498 506 538 483 523 519 572 488 474 513 519 549 478 536 545 480 455 509 544 525 506 528 
261 202 392 390 593 488 487 509 247 212 355 459 533 520 522 531 232 205 308 391 578 516 529 529 
143 611 492 509 488 533 500 518 194 643 515 532 487 516 475 534 205 617 457 475 539 496 509 512 
362 601 525 507 493 528 522 503 391 615 599 517 520 537 507 499 448 557 545 481 470 510 513 529 
332 681 460 513 512 500 503 498 335 632 450 500 499 519 519 518 323 523 539 543 518 540 493 518 
694 430 539 510 516 511 542 501 692 422 514 499 508 520 493 517 666 415 480 539 505 521 514 521 
387 449 429 458 493 503 545 534 387 438 431 505 523 499 496 481 385 427 405 484 540 499 533 489 
69 619 419 480 512 529 509 490 92 672 543 533 507 503 499 510 124 623 550 526 566 525 516 492 
66 589 466 548 530 510 533 497 59 738 448 487 516 515 516 515 70 728 478 491 512 526 518 528 
112 442 477 511 525 540 521 514 106 526 426 550 506 503 495 513 102 537 447 540 498 505 528 555 
189 700 525 527 513 502 562 499 247 685 502 522 523 487 500 504 287 665 497 518 497 508 509 520 
99 387 601 505 515 518 522 473 152 254 658 503 540 504 535 517 161 243 668 533 471 544 521 497 
74 666 604 486 498 497 521 517 268 292 632 565 497 488 538 537 321 206 595 493 510 519 507 475 
2 826 440 493 522 546 516 488 138 592 667 571 520 532 501 515 189 518 640 498 508 499 507 478 
6 744 466 564 497 519 506 554 157 630 757 568 510 499 502 500 159 638 705 565 532 513 487 483 
1 624 341 455 516 500 512 522 68 738 770 577 490 528 496 507 34 759 423 548 562 513 523 515 
2 704 357 498 503 518 516 533 41 956 874 390 497 496 539 502 58 922 425 613 516 508 508 522 
3 857 195 568 580 514 503 544 8 962 209 789 735 544 515 516 26 968 230 328 678 549 522 562 
15 933 424 528 505 519 478 498 56 954 658 457 464 517 531 487 115 903 323 567 448 530 521 525 
101 909 808 317 561 529 514 506 176 880 894 425 550 488 518 499 259 810 430 583 589 504 493 507 
133 822 784 600 470 494 521 526 147 836 882 308 708 483 498 529 159 836 330 737 646 456 483 528 
179 553 469 436 465 485 502 481 0 775 683 209 655 571 479 465 0 752 109 697 328 545 562 544 
303 331 431 386 393 512 500 521 2 801 613 229 597 589 483 520 4 702 195 726 421 615 497 520 
296 481 460 436 444 526 521 520 3 886 741 481 495 470 477 485 8 856 308 674 589 524 518 518 
285 661 540 520 437 528 531 510 104 867 879 414 571 535 512 537 100 873 441 659 643 533 512 498 
264 589 510 535 449 495 481 481 97 782 762 501 512 514 539 516 95 785 488 454 512 519 519 546 
37 645 632 523 553 498 475 511 2 794 567 309 613 544 527 484 2 766 180 590 570 463 500 495 
76 830 505 548 528 540 507 551 3 961 662 367 563 632 525 493 8 930 214 688 598 518 497 514 
115 848 499 488 484 482 543 476 7 946 762 507 486 500 492 543 44 893 308 654 540 462 541 528 
105 760 616 573 540 493 545 519 48 841 792 602 422 534 519 488 52 829 491 567 555 522 485 519 
260 694 618 559 500 487 522 501 261 748 676 642 511 547 515 548 248 764 614 387 495 509 495 531 
10 628 566 532 562 463 503 526 15 681 639 515 431 514 499 517 24 664 438 363 393 451 497 481 
15 896 578 593 512 515 510 502 26 864 780 474 482 466 496 541 30 859 395 540 526 491 523 526 
46 939 630 643 539 507 521 506 0 959 907 407 527 503 566 518 0 933 395 641 630 569 495 528 
136 619 631 451 550 529 467 500 15 695 830 584 532 494 549 509 9 685 655 579 482 522 496 504 
143 616 518 495 508 519 523 526 275 586 518 512 536 496 527 509 353 519 523 521 520 528 523 500 
0 449 404 513 497 504 514 510 70 533 510 546 532 512 528 519 66 596 565 531 467 514 544 512 
32 855 622 552 497 529 496 530 374 564 493 511 521 514 520 527 502 447 403 555 504 493 496 516 
3 1010 729 447 505 540 512 522 524 499 488 500 499 519 520 511 706 317 309 435 520 498 518 494 
30 972 382 530 513 522 522 523 310 714 696 577 485 509 502 522 349 675 634 506 502 523 519 488 
23 964 276 551 514 537 504 508 238 783 767 616 481 485 533 509 233 790 727 509 481 502 518 495 
90 913 450 518 523 500 506 522 431 591 613 558 491 515 492 527 442 582 616 531 504 535 528 502 
0 1024 536 488 488 640 531 544 0 1024 62 962 938 552 520 525 0 1024 0 224 800 610 590 490 
0 1024 992 34 349 532 506 520 0 1024 848 176 235 451 467 509 0 1024 0 948 364 441 507 504 
0 1024 1024 506 530 513 516 504 0 1024 1024 16 728 505 501 478 0 1024 92 932 843 432 513 539 
129 895 895 885 601 524 491 548 0 1024 1024 190 809 606 570 484 0 1024 60 964 910 552 497 543 
754 270 270 270 285 480 521 506 0 1024 1024 531 493 476 515 524 0 1024 65 959 942 604 538 505 
914 110 110 110 261 624 503 503 0 1024 1024 743 282 344 490 514 0 1024 37 987 959 506 522 491 
917 107 107 107 292 601 481 519 0 1024 1015 589 361 451 512 512 0 1024 109 832 707 534 525 482 
521 503 503 498 437 462 555 528 0 1024 786 600 462 487 490 494 0 1018 102 553 619 521 531 523 
280 744 744 716 597 542 502 498 0 1024 702 527 501 527 502 511 0 971 86 573 591 518 492 500 
24 1000 1000 898 437 489 542 507 0 1024 402 636 402 514 513 481 0 817 211 442 532 514 517 497 
45 979 979 846 505 478 521 510 0 1024 247 807 502 514 520 496 0 765 333 390 471 501 529 529 
177 847 825 642 485 527 486 532 2 1014 310 690 531 492 540 501 0 627 519 472 507 484 500 531 
262 762 753 602 525 531 514 525 4 1016 438 573 594 539 503 528 0 718 436 423 538 500 483 521 
214 810 799 652 533 471 519 504 5 1015 532 580 580 533 537 512 0 849 367 424 529 489 515 487 
262 762 760 615 513 507 524 505 3 1021 585 534 563 509 493 530 0 855 370 514 495 538 492 535 
233 791 784 618 492 490 515 518 4 1011 603 534 492 482 531 515 0 863 421 449 529 471 526 499 
402 621 617 552 557 509 530 519 2 1020 635 626 528 540 546 536 0 908 500 448 517 528 515 510 
193 540 507 510 498 486 487 512 118 658 593 530 496 509 488 524 140 646 519 527 515 503 505 486 
138 606 459 492 533 509 515 504 245 635 531 496 504 509 498 498 331 591 565 501 531 527 502 529 
5 530 392 466 522 490 510 534 53 655 457 511 482 509 514 532 107 653 491 523 514 533 498 500 
19 703 576 484 473 515 527 494 200 643 557 481 528 512 523 505 363 505 452 487 479 518 539 507 
82 806 698 539 519 521 496 539 458 509 414 481 536 502 508 539 633 367 344 527 501 530 509 491 
67 908 520 540 521 477 524 496 417 593 545 532 517 500 504 520 543 476 482 553 520 506 531 516 
37 954 547 522 502 512 545 509 453 567 529 504 510 485 475 520 559 462 468 497 497 507 528 505 
112 902 511 551 531 509 501 500 531 494 529 538 498 523 514 530 613 413 496 551 503 516 520 493 
0 1024 901 123 160 586 489 583 0 1024 554 470 470 479 500 459 0 1024 0 815 209 272 482 597 
0 1024 1022 22 597 494 517 519 0 1024 970 54 135 480 574 507 0 1024 0 1007 275 558 465 537 
0 1024 1024 419 612 520 515 516 0 1024 1024 44 672 500 486 512 0 1024 63 961 703 458 524 494 
22 1002 1002 922 458 546 492 527 0 1024 1024 242 720 537 502 529 0 1024 174 850 748 472 511 528 
206 818 818 721 659 567 514 509 0 1024 1024 418 581 521 549 508 0 1024 157 867 798 654 481 496 
330 694 694 660 569 529 536 489 0 1024 1024 629 392 463 510 528 0 1024 276 748 687 556 511 508 
303 721 721 693 485 519 515 502 0 1024 1024 812 224 532 516 475 0 1024 585 439 415 474 479 507 
193 831 831 799 669 482 519 514 0 1024 1024 896 219 610 527 500 0 1024 790 234 375 490 480 504 
195 829 829 829 754 548 493 535 0 1024 1024 975 246 612 501 527 0 1024 870 155 460 501 514 500 
0 1024 1024 1024 748 436 534 514 0 1024 1024 992 154 658 530 492 0 1024 939 87 468 468 476 524 
97 927 927 927 802 516 497 483 1 1023 1023 1023 569 505 495 496 0 1024 1024 15 596 499 532 481 
325 699 699 678 621 538 526 501 36 988 988 988 828 459 549 489 0 1024 1024 191 735 517 537 520 
435 589 589 589 558 497 554 521 152 872 872 872 838 650 534 501 0 1024 1024 636 382 471 520 534 
124 900 900 891 601 459 545 518 25 999 999 999 949 516 538 529 0 1024 1024 802 240 475 485 516 
60 964 964 847 336 438 505 488 18 1006 1006 1006 891 373 523 491 0 1024 1024 796 229 457 446 517 
99 925 925 706 495 477 498 491 8 1016 1016 1016 698 440 544 512 0 1024 1024 912 122 350 505 527 
354 670 670 673 445 464 488 539 45 979 979 979 859 474 515 531 12 1012 1012 962 453 449 534 458 
264 596 405 424 534 519 492 512 129 765 675 564 504 519 518 517 160 750 715 586 536 479 494 528 
33 529 423 476 511 486 481 507 106 618 498 475 545 509 495 488 217 582 510 542 513 505 521 483 
1 125 184 423 500 484 477 477 5 172 202 454 575 521 514 494 19 186 215 434 585 506 517 496 
1 115 308 459 540 477 505 520 6 186 320 489 537 532 512 506 14 240 333 473 511 533 513 510 
47 410 413 480 492 519 500 493 104 462 440 544 496 497 479 504 163 457 443 519 503 538 484 528 
25 700 436 507 488 497 498 519 86 739 590 508 513 494 495 493 171 699 613 528 519 509 527 509 
56 874 571 496 518 497 529 518 309 674 561 530 494 487 513 481 496 502 446 494 535 522 488 506 
245 766 641 528 515 528 514 545 687 334 377 534 509 507 508 509 823 201 405 499 468 495 508 504 
0 1024 622 402 403 472 473 519 0 1024 250 774 675 561 524 533 0 1024 0 444 515 390 490 548 
0 1024 996 42 284 562 489 505 0 1024 938 86 157 410 525 554 0 1024 12 992 160 506 542 486 
0 1024 962 212 565 531 493 506 0 1024 1016 11 606 505 538 484 0 1024 44 977 594 429 502 523 
1 1023 1019 697 442 546 483 482 0 1024 1024 283 671 572 483 502 0 1024 263 761 675 537 509 515 
16 1008 1008 951 549 488 480 523 0 1024 1024 656 373 436 501 522 0 1024 509 515 503 467 469 518 
39 985 985 880 506 535 517 514 0 1024 1024 757 285 531 509 517 0 1024 748 276 321 528 514 508 
34 990 990 904 662 576 545 484 0 1024 1024 959 202 656 520 514 0 1024 970 54 498 469 544 464 
15 1009 1009 1007 769 422 548 531 0 1024 1024 1003 493 505 525 539 0 1024 1022 108 746 534 472 541 
11 1013 1013 976 558 461 500 525 0 1024 1024 1024 584 438 491 533 0 1024 1024 253 653 508 507 519 
0 1024 1024 957 310 597 521 499 0 1024 1024 1023 622 389 469 517 0 1024 1024 318 636 550 514 516 
9 1015 1015 935 486 457 521 496 0 1024 1024 1024 879 273 556 538 0 1024 1024 626 398 431 506 496 
96 928 928 917 575 533 529 493 20 1004 1004 1007 981 434 548 506 4 1020 1020 959 90 488 420 552 
33 991 991 920 589 487 490 477 33 991 991 991 977 467 512 490 0 1024 1024 1006 58 606 497 493 
0 1024 1024 382 655 537 513 480 7 1017 1017 1017 901 303 494 524 0 1024 1024 1021 130 724 544 516 
0 1024 1022 84 736 470 557 562 21 1003 1003 1003 732 325 404 560 43 981 981 981 264 727 427 556 
0 1024 1024 180 726 400 507 537 47 977 977 966 362 659 526 513 142 882 882 854 241 503 561 517 
261 763 763 647 503 491 489 500 484 540 540 531 599 479 549 515 502 522 522 778 457 494 563 515 
85 722 617 533 542 512 503 519 312 598 502 437 510 525 510 533 479 498 406 508 515 531 492 521 
97 604 471 512 484 512 516 485 231 646 528 531 504 527 509 518 407 563 522 480 524 524 510 482 
44 615 493 475 504 495 521 494 197 615 518 495 506 524 485 498 334 552 532 536 537 539 483 522 
43 654 539 474 499 506 485 500 273 503 503 493 509 506 532 511 470 354 435 506 510 494 500 518 
14 733 459 468 509 516 497 511 193 641 552 483 528 519 503 507 417 438 431 555 530 497 526 522 
42 808 424 521 488 521 497 482 198 751 610 518 506 508 528 491 420 565 554 504 506 508 533 523 
95 576 393 466 537 512 527 531 260 499 461 530 496 520 533 530 388 396 498 529 499 497 527 503 
55 769 510 515 509 508 498 516 282 659 537 516 530 516 504 483 490 489 485 484 501 503 517 492 
0 1024 274 750 636 535 497 495 0 1024 161 863 781 464 532 485 0 1024 0 287 703 455 467 549 
0 1024 650 379 492 507 517 501 0 1024 840 187 313 528 510 515 0 1024 31 900 289 486 566 514 
0 1024 1008 166 492 571 468 463 0 1024 1024 28 674 508 511 530 0 1024 135 889 723 529 536 497 
0 1024 1019 291 493 497 456 541 0 1024 1024 221 802 558 493 515 0 1024 327 697 698 618 514 533 
4 1020 1020 529 563 477 523 521 0 1024 1024 418 602 551 519 515 0 1024 712 312 321 466 494 520 
0 1024 1024 679 448 468 521 508 0 1024 1024 790 237 374 504 533 0 1024 930 94 184 530 510 531 
3 1021 1021 734 434 596 526 440 0 1024 1024 1006 35 620 501 458 0 1024 1024 1 725 435 462 515 
0 1024 1024 703 426 569 537 525 0 1024 1024 1018 170 662 507 543 0 1024 1024 86 924 545 539 487 
1 1023 1023 762 370 502 525 483 0 1024 1024 1024 410 586 504 508 0 1024 1024 284 740 683 483 493 
0 1024 1024 449 569 531 514 484 0 1024 1024 1024 324 690 540 507 0 1024 1024 571 453 450 504 522 
0 1024 1024 546 445 372 461 493 0 1024 1024 1024 738 342 522 483 0 1024 1024 988 52 261 497 509 
0 1024 1024 587 454 446 520 512 0 1024 1024 1024 875 227 488 551 0 1024 1024 981 49 607 514 538 
0 1024 1024 310 702 497 482 564 0 1024 1024 1024 767 343 531 506 0 1024 1024 1014 96 594 484 551 
0 1024 1024 163 569 531 514 531 0 1024 1024 1024 714 358 532 476 2 1022 1022 1022 487 576 499 508 
0 1024 1017 27 329 599 490 517 0 1024 1024 989 552 472 547 546 5 1019 1019 1003 800 453 523 473 
29 995 939 519 486 477 504 526 208 816 816 758 462 520 512 484 324 700 701 764 435 518 560 520 
5 987 926 709 535 480 525 516 667 338 305 297 471 537 527 523 866 148 145 421 517 460 539 516 
29 626 423 481 498 479 506 503 68 768 598 484 535 524 504 486 257 635 585 558 522 494 505 506 
93 633 439 535 502 516 492 486 212 693 581 507 518 505 519 549 397 607 546 519 516 511 516 512 
26 825 466 484 513 525 533 523 222 753 599 511 481 516 529 481 531 475 448 511 482 522 515 503 
26 850 551 513 532 531 499 500 318 665 556 512 507 533 518 492 654 361 364 496 502 518 513 501 
122 803 508 507 530 502 485 479 450 552 554 497 483 527 548 497 728 330 421 517 485 506 515 521 
201 649 536 500 502 532 520 504 508 485 491 520 506 488 503 492 691 384 499 504 484 507 513 512 
231 627 526 527 517 506 512 498 540 430 500 543 484 524 526 515 703 352 503 494 510 493 509 518 
215 659 538 496 517 526 495 516 507 480 497 527 514 515 527 520 685 377 484 485 497 522 497 512 
0 1024 107 915 628 552 495 503 0 1024 371 653 650 539 495 515 0 1024 0 470 553 521 483 530 
0 1024 465 526 491 519 540 507 0 1024 947 79 162 543 515 507 0 1024 2 1015 314 512 520 509 
0 1024 659 374 579 507 535 476 0 1024 1024 3 585 472 519 541 0 1024 52 972 842 471 464 471 
0 1024 821 203 501 444 504 485 0 1024 1024 13 903 461 490 496 0 1024 233 791 757 561 524 517 
0 1024 972 86 431 474 468 564 0 1024 1024 231 789 572 541 542 0 1024 774 250 272 468 511 513 
0 1024 936 242 461 541 505 507 0 1024 1024 563 470 516 520 503 0 1024 991 33 221 556 570 471 
0 1024 871 396 622 489 536 518 0 1024 1024 981 62 342 546 498 0 1024 1024 5 748 382 568 473 
0 1024 1017 237 521 547 494 463 0 1024 1024 1012 82 639 468 502 0 1024 1024 225 740 448 583 513 
0 1024 1024 122 861 531 502 494 0 1024 1024 1024 370 560 460 490 0 1024 1024 533 491 789 497 547 
0 1024 1024 64 870 674 418 508 0 1024 1024 1024 296 678 585 548 0 1024 1024 802 222 543 453 474 
0 1024 1024 61 876 543 494 503 0 1024 1024 1024 411 596 555 511 0 1024 1024 1024 10 748 476 518 
0 1024 1006 163 637 523 514 497 0 1024 1024 1024 261 674 538 517 0 1024 1024 1007 52 614 492 502 
0 1024 998 130 619 490 543 519 0 1024 1024 1022 312 653 526 512 0 1024 1024 1022 74 615 538 489 
0 1024 817 207 285 560 491 519 0 1024 1024 900 149 466 552 513 0 1024 1024 955 151 598 525 503 
0 1024 919 217 411 544 520 482 131 893 893 555 459 527 521 507 204 820 820 647 421 514 519 518 
30 994 986 780 559 504 484 518 870 154 158 208 597 512 505 522 942 82 124 746 455 516 526 506 
10 828 563 525 503 485 526 489 240 707 569 455 445 501 504 535 501 472 450 470 528 499 538 484 
54 380 318 430 482 448 473 460 79 472 463 434 533 539 494 509 198 419 446 470 506 513 510 508 
140 612 423 522 508 501 512 521 266 687 569 489 509 523 510 505 462 577 533 535 512 526 528 539 
85 683 501 507 512 514 509 503 279 678 540 514 485 514 481 516 504 531 503 521 476 498 500 515 
233 583 531 502 530 521 502 510 512 470 492 482 511 525 519 532 673 425 460 527 510 512 519 518 
130 728 496 531 533 516 526 504 380 612 562 504 487 517 515 535 605 446 465 521 493 510 494 506 
221 701 508 505 482 509 507 518 525 502 537 501 522 474 506 502 738 355 466 518 529 505 513 516 
182 575 536 492 489 521 506 502 412 516 476 533 543 524 542 524 564 444 492 495 508 504 489 508 
217 530 494 496 513 516 493 514 411 477 518 506 524 506 519 505 534 454 517 504 539 505 524 530 
0 1024 0 678 411 557 496 506 0 1024 61 952 591 511 507 491 0 1024 0 299 554 514 473 525 
0 1024 34 958 530 524 485 502 0 1024 532 492 493 503 542 492 0 1024 0 888 279 517 491 545 
0 1024 392 631 563 531 518 521 0 1024 1023 1 393 573 499 502 0 1024 53 971 855 483 495 532 
0 1024 740 284 254 547 520 518 0 1024 1024 28 964 478 521 516 0 1024 641 383 385 443 544 488 
0 1024 717 341 572 517 509 495 0 1024 1024 348 674 527 504 493 0 1024 1005 19 140 570 494 493 
0 1024 958 111 441 526 484 526 0 1024 1024 730 296 413 515 525 0 1024 1024 23 721 543 577 496 
0 1024 935 237 461 526 509 485 0 1024 1024 981 51 429 495 520 0 1024 1024 134 871 498 485 535 
0 1024 988 46 623 462 480 558 0 1024 1024 1024 25 835 482 490 0 1024 1024 853 171 213 567 515 
0 1024 904 142 459 522 579 468 0 1024 1024 1024 55 868 481 469 0 1024 1024 1019 8 416 490 556 
0 1024 966 58 345 437 567 522 0 1024 1024 1024 122 825 616 602 0 1024 1024 1024 28 781 360 499 
0 1024 986 63 517 493 467 506 0 1024 1024 1024 187 801 480 523 0 1024 1024 1022 18 736 489 530 
0 1024 974 125 451 606 522 502 0 1024 1024 1020 81 618 468 532 0 1024 1024 990 65 428 502 525 
0 1024 552 478 553 514 509 509 0 1024 1024 769 261 452 537 541 0 1024 1024 962 92 428 527 446 
0 1024 802 336 427 544 522 509 200 824 824 584 418 520 530 526 266 758 766 814 285 452 494 518 
5 1019 1011 644 495 485 496 527 779 245 245 423 610 499 505 520 904 120 214 731 591 487 504 490 
20 910 839 595 433 525 539 550 684 264 273 418 491 485 476 512 855 109 265 549 544 501 521 526 
11 672 404 491 515 531 511 497 103 794 569 475 507 497 513 514 372 594 513 522 525 478 519 482 
25 638 362 512 517 531 498 470 78 785 642 514 529 492 510 507 360 576 506 503 519 517 526 516 
57 573 455 504 484 523 501 513 156 730 511 498 509 507 503 525 290 677 572 520 508 552 510 501 
133 570 495 501 475 499 518 500 345 516 516 503 496 518 514 500 482 480 524 506 523 518 505 508 
106 732 451 517 516 509 526 518 306 685 558 532 500 535 514 527 529 523 516 494 513 518 515 534 
89 661 441 495 510 537 511 499 276 612 555 496 488 509 494 500 427 526 569 500 495 529 477 514 
42 837 486 505 495 511 489 526 247 745 599 515 507 527 514 522 513 511 458 503 507 540 538 504 
47 590 473 523 502 488 518 509 165 652 510 503 503 520 509 495 319 566 473 503 520 502 546 496 
215 460 482 504 508 491 516 505 347 457 501 494 525 526 506 567 441 447 503 525 505 520 517 520 
0 997 27 378 579 532 526 494 0 1024 0 795 322 526 507 503 0 965 59 61 506 539 509 513 
0 1024 8 758 493 524 486 522 0 1024 163 861 761 437 563 530 0 1024 0 538 506 591 567 467 
0 1024 52 872 492 524 521 516 0 1024 971 53 87 565 503 501 0 1024 40 984 733 551 525 534 
0 1024 313 710 457 475 500 505 0 1024 1024 8 745 415 541 506 0 1024 584 440 447 443 493 517 
0 1024 333 690 605 476 525 491 0 1024 1024 105 913 609 508 495 0 1024 1019 5 190 631 533 513 
0 1024 313 676 706 414 473 519 0 1024 1024 293 726 521 517 497 0 1024 1024 6 645 500 556 519 
0 1024 454 535 499 503 523 468 0 1024 1024 644 383 464 526 493 0 1024 1024 180 830 556 551 538 
0 1024 468 556 575 518 509 469 0 1024 1024 886 138 311 468 547 0 1024 1024 428 593 588 531 518 
0 1024 995 29 310 570 529 528 0 1024 1024 1024 317 547 450 517 0 1024 1024 990 403 430 500 479 
0 1024 955 69 204 565 547 566 0 1024 1024 1024 217 767 437 502 0 1024 1024 1024 303 690 550 451 
0 1024 848 176 313 481 527 483 0 1024 1024 1024 217 754 583 476 0 1024 1024 1024 576 546 540 516 
0 1024 857 167 354 583 479 531 9 1015 1015 1011 473 434 561 516 117 907 907 897 523 619 455 547 
0 1024 974 130 564 473 524 521 347 677 677 669 626 548 523 515 753 271 271 430 275 495 504 521 
3 1021 1016 534 566 476 504 562 968 56 56 66 561 533 479 520 1011 13 13 831 350 530 509 513 
1 1021 1007 618 433 549 539 507 981 43 41 176 520 522 524 491 1016 8 84 891 361 567 530 502 
15 768 514 422 532 505 499 551 147 781 606 541 503 514 505 532 427 541 482 487 515 521 535 526 
12 617 335 537 500 464 482 495 42 798 607 511 495 493 521 499 288 635 531 504 529 492 512 507 
36 566 397 471 469 486 500 522 86 735 533 507 516 501 525 549 210 701 597 522 530 479 508 510 
46 552 424 494 501 469 522 487 124 676 531 533 511 514 479 496 252 642 570 502 491 472 510 502 
49 674 423 513 480 523 509 524 151 776 557 528 536 520 519 533 351 638 563 518 540 495 500 502 
5 708 426 484 497 498 495 506 137 761 528 501 518 509 522 513 328 618 537 514 525 506 539 493 
3 419 349 507 491 486 488 521 29 558 459 536 528 518 505 512 82 572 555 578 514 524 502 511 
16 538 456 490 501 483 485 495 93 641 539 507 492 512 503 518 198 605 544 486 508 512 488 515 
31 653 326 457 497 519 506 556 99 738 495 482 509 525 512 518 198 677 586 483 521 484 493 541 
46 534 454 496 519 520 500 482 117 671 445 518 516 471 503 499 201 652 498 504 506 511 516 509 
0 993 31 31 430 624 644 648 0 1024 0 974 236 608 435 398 0 1024 0 80 808 342 610 384 
0 1024 0 410 555 612 637 373 0 1024 61 963 946 373 653 658 0 1024 0 890 206 354 620 380 
0 1024 0 984 76 447 675 672 0 1024 926 98 105 272 392 604 0 1024 4 1020 879 340 457 575 
0 1024 8 907 315 613 328 362 0 1024 1024 0 298 667 642 402 0 1024 351 673 673 709 654 638 
0 1024 87 862 323 628 649 655 0 1024 1024 0 904 181 337 643 0 1024 1000 24 35 332 639 671 
0 1024 186 811 637 381 660 371 0 1024 1024 4 1011 267 586 379 0 1024 1022 2 218 756 603 376 
0 1024 211 813 733 636 368 349 0 1024 1024 261 759 677 634 338 0 1024 1024 125 850 639 383 387 
0 1024 709 315 328 358 382 370 0 1024 1024 1023 22 686 432 382 0 1024 1024 1000 90 723 402 400 
0 1024 782 242 250 324 391 442 0 1024 1024 1024 147 866 698 407 0 1024 1024 1024 879 305 312 640 
0 1024 827 197 205 400 383 669 0 1024 1024 1024 169 846 705 365 0 1024 1024 1024 994 212 587 363 
0 1024 186 838 852 578 403 677 0 1024 1024 1024 6 1013 447 612 0 1024 1024 1024 1019 51 787 314 
0 1024 779 245 396 381 663 368 27 997 997 997 862 307 394 633 368 656 656 656 674 611 644 639 
0 1024 1009 246 646 328 621 655 886 138 138 141 383 700 380 675 1020 4 5 351 691 609 638 647 
0 1011 1000 524 497 636 646 398 952 68 56 55 560 555 662 407 994 30 21 952 229 386 679 397 
0 981 831 311 354 334 394 614 385 621 577 519 714 378 386 636 825 193 171 475 415 613 635 650 
1 409 556 597 624 649 372 646 16 842 369 646 388 387 653 363 100 834 708 396 363 369 632 626 
5 694 302 369 389 368 386 648 33 862 417 642 642 343 375 375 138 818 705 392 649 358 400 396 
12 736 246 415 367 638 376 368 27 884 461 636 622 395 657 630 178 775 698 382 608 408 647 359 
11 696 317 356 378 382 623 368 34 895 358 644 629 402 398 648 110 869 749 385 635 382 388 637 
34 830 242 383 630 633 634 378 81 922 716 373 398 636 653 654 245 782 728 648 657 365 383 409 
7 714 285 365 366 398 612 401 27 907 343 629 626 366 386 384 99 865 735 388 367 637 660 377 
8 235 385 194 306 622 354 337 19 296 455 480 361 380 387 409 55 280 493 482 291 662 392 642 
14 266 479 255 582 618 355 639 57 321 475 526 641 358 644 381 96 570 266 288 361 395 646 395 
9 773 351 379 621 395 638 414 85 840 362 650 657 637 381 621 168 796 670 369 624 383 391 655 
98 723 320 636 382 667 387 394 149 796 641 396 386 654 372 641 218 775 708 636 376 376 392 637 
