362 587 720 493 549 492 520 530 357 574 589 557 544 486 518 478 354 543 533 504 537 487 504 511 
73 670 681 510 508 502 526 518 92 666 683 545 518 540 491 512 107 644 671 542 488 559 505 512 
582 918 851 620 455 525 523 504 627 873 793 395 516 546 504 511 668 831 567 521 542 494 512 503 
1024 1024 1024 1024 677 592 591 556 1024 1024 1024 897 561 544 568 552 1024 1024 1024 625 777 588 585 541 
1024 1024 1024 1024 887 656 641 551 1024 1024 1024 950 759 706 674 570 1024 1024 1024 862 771 659 686 529 
1024 1024 1024 1024 841 650 600 502 1024 1024 1024 926 689 679 614 507 1024 1024 1024 784 798 664 605 554 
1024 1024 1024 873 659 659 591 509 1024 1024 947 657 814 647 589 507 1024 1024 902 684 650 646 597 501 
1024 1024 1013 801 341 551 533 518 1024 1024 843 478 565 561 545 520 1024 1024 727 440 464 516 507 522 
1024 1024 1024 655 720 566 536 579 1024 1024 779 651 620 488 538 526 1024 1024 598 659 622 545 514 515 
1024 1024 1024 662 557 613 520 524 1024 1024 704 556 665 638 626 600 1024 1024 587 584 573 552 536 458 
313 760 541 393 538 499 513 532 307 739 458 394 517 505 539 515 298 641 478 466 498 508 539 522 
101 708 465 530 519 558 535 509 92 727 443 521 529 523 530 526 90 673 477 503 534 529 516 522 
21 726 549 522 525 519 538 523 37 727 541 530 528 530 524 529 41 691 553 541 539 522 524 522 
584 923 893 768 584 578 571 573 597 925 891 757 580 575 547 526 606 913 883 682 598 571 524 524 
1024 1024 1024 1024 932 864 841 749 1024 1024 1024 981 896 856 805 746 1024 1024 1024 941 910 808 836 718 
1024 1023 1001 1004 872 726 705 691 1024 1020 1002 957 834 773 726 702 1024 1011 1001 899 825 742 714 674 
1013 985 945 910 734 710 691 685 1010 978 943 811 714 684 639 616 1005 969 922 752 701 674 634 584 
1019 999 1002 992 955 932 894 831 1019 998 996 989 952 920 895 828 1014 1000 998 972 945 935 887 817 
1024 1024 1024 1024 1003 956 921 918 1024 1024 1024 1019 982 977 969 926 1024 1024 1024 1006 989 959 942 922 
975 989 809 506 458 604 493 506 974 986 332 915 764 662 603 542 975 987 486 734 611 537 544 552 
141 707 440 507 490 514 509 489 131 712 438 500 514 499 533 519 128 603 520 511 517 513 508 471 
50 800 411 473 527 505 520 495 46 825 395 490 541 517 515 526 43 790 415 483 520 513 509 535 
2 881 295 513 519 514 531 504 3 918 291 502 488 510 523 517 2 888 298 486 513 519 508 516 
4 926 404 541 526 494 521 534 11 946 420 514 506 549 497 516 13 921 410 528 486 510 514 494 
621 936 829 737 694 650 592 649 632 913 772 686 703 664 678 633 626 891 747 720 694 667 676 628 
747 951 843 788 744 743 712 700 757 942 787 743 731 685 705 661 804 869 747 703 697 705 681 660 
758 894 833 793 716 691 665 659 767 878 826 748 730 673 652 620 803 836 776 717 670 652 630 572 
828 833 799 771 728 641 603 548 875 772 705 755 691 630 601 550 936 680 638 701 658 651 591 544 
666 789 723 672 635 611 592 550 656 677 716 654 587 547 589 509 670 600 648 642 603 589 597 505 
4 637 397 446 453 575 441 457 3 903 171 223 393 460 556 482 3 930 269 457 478 453 506 623 
0 300 511 510 478 530 524 521 0 316 615 508 540 511 511 504 0 315 594 502 545 488 518 512 
0 452 554 541 547 510 503 501 3 509 617 487 525 477 508 506 3 499 631 494 521 477 496 499 
0 444 620 574 529 505 510 519 2 512 630 556 520 499 508 475 2 496 626 571 523 520 515 529 
0 745 369 513 529 489 500 524 1 802 349 517 500 513 534 510 1 801 342 516 503 508 533 516 
43 970 401 580 524 526 514 524 28 985 430 590 483 502 509 504 22 992 445 535 494 508 526 506 
104 660 454 555 508 517 538 507 119 677 477 577 510 533 537 510 152 679 578 505 527 505 492 518 
65 731 362 488 521 508 493 531 72 825 380 499 508 496 505 496 89 848 478 484 516 503 545 508 
76 693 469 556 519 510 491 507 90 788 517 500 502 512 537 528 135 824 571 499 496 520 532 523 
30 745 413 559 490 503 490 513 32 781 522 484 532 542 541 533 97 752 649 496 498 511 496 496 
0 992 143 898 766 297 540 548 0 1006 990 49 181 633 427 509 6 1010 992 896 207 304 478 496 
0 320 693 585 468 548 511 523 0 356 695 683 446 511 502 502 0 360 702 672 445 496 527 509 
0 352 692 574 521 497 515 514 0 408 676 589 559 524 517 482 0 404 684 592 563 516 522 509 
0 432 604 619 514 533 524 524 0 552 522 605 523 530 501 508 0 542 540 607 535 521 534 493 
0 546 485 540 517 488 500 529 0 651 390 510 500 500 505 527 0 646 394 513 502 499 512 533 
7 913 697 295 506 517 528 515 5 947 601 321 456 500 507 507 3 925 484 452 516 554 536 513 
22 516 479 510 517 527 529 540 23 549 433 525 546 503 538 495 23 554 439 537 523 482 526 523 
92 511 384 461 519 511 532 522 90 558 392 503 520 477 509 512 90 569 480 516 504 501 504 494 
7 276 567 504 522 493 504 499 3 363 559 502 517 498 479 518 11 401 548 506 499 516 505 512 
0 421 477 534 526 513 516 538 1 448 539 474 488 518 528 531 7 481 554 534 522 487 525 501 
0 834 193 607 394 582 589 515 0 851 495 381 483 412 390 466 0 866 655 423 608 606 499 596 
0 358 596 440 493 490 519 510 0 399 585 517 504 512 514 488 0 396 599 494 516 515 513 510 
0 290 682 536 488 492 504 514 0 319 691 568 500 526 465 523 0 321 689 564 507 521 461 510 
0 429 614 588 518 487 522 544 0 521 573 591 503 540 517 507 0 542 568 581 490 515 488 552 
4 602 655 578 520 505 522 510 8 676 574 522 521 496 529 519 8 680 568 487 512 529 508 523 
106 918 912 669 498 527 508 529 15 1009 1001 620 521 482 494 513 7 1017 1008 572 497 494 507 488 
230 730 629 622 499 516 516 512 180 766 640 566 502 510 508 521 161 773 633 526 519 525 489 547 
314 571 665 619 551 529 512 511 274 619 647 604 476 497 535 497 252 619 616 586 463 520 549 507 
308 624 613 588 482 492 523 485 283 646 570 525 478 525 514 525 266 649 557 480 495 477 494 509 
205 438 462 491 532 508 497 539 224 413 422 504 525 519 511 514 225 425 435 495 490 498 509 541 
0 113 738 243 510 514 476 543 0 152 697 392 392 438 545 496 0 157 739 454 311 494 453 522 
0 324 486 485 481 531 507 530 0 377 531 420 494 486 518 504 0 367 515 430 502 505 517 534 
0 336 637 437 495 529 522 478 0 407 659 473 505 531 493 511 2 400 660 461 504 491 534 476 
0 756 394 527 536 508 510 523 12 835 620 481 493 534 506 517 44 810 635 422 498 503 506 513 
101 873 662 565 542 522 515 486 205 785 669 565 550 512 521 523 274 715 614 571 534 497 547 470 
327 656 627 572 502 504 479 506 197 777 757 692 611 500 518 520 187 787 766 710 577 486 499 501 
310 578 582 498 478 492 511 520 312 576 601 526 528 517 497 527 321 564 599 624 458 498 528 499 
411 396 722 388 488 523 517 512 409 399 649 449 528 534 499 506 415 389 602 559 518 533 501 530 
430 299 672 435 506 523 502 509 428 302 561 556 543 513 507 506 428 307 544 558 489 522 520 510 
0 585 411 542 506 527 505 495 0 635 385 590 567 484 497 515 0 650 469 516 507 504 499 502 
0 360 616 670 788 359 480 566 0 949 39 278 261 339 502 507 0 951 115 332 813 327 370 428 
0 7 1004 17 1002 16 15 12 0 7 1005 18 1010 1006 23 20 0 7 1004 19 1011 11 1004 14 
0 14 1006 1009 1009 20 1007 16 0 1007 18 20 16 15 20 1014 0 1008 20 16 20 1007 13 12 
0 1023 11 1001 21 1006 14 1009 0 1024 1010 21 14 16 1008 1011 0 1024 1011 24 13 1008 20 1004 
2 1022 1016 1015 24 20 16 1009 5 1019 1018 1012 17 1010 1012 17 7 1017 1016 1010 15 1009 1010 15 
1005 19 19 21 22 15 19 18 10 1014 1014 1015 1014 1008 1010 18 12 1012 1012 1014 1013 1011 1006 1005 
3 1021 1019 12 1009 1011 1004 1013 3 1021 1020 1010 13 15 21 1007 5 1019 1018 1014 19 1009 1006 1011 
5 1019 1019 1004 14 13 14 1009 5 1019 1019 1005 20 14 1007 1007 8 1016 1016 1015 1004 13 15 1009 
0 1024 1012 18 5 20 1010 16 0 1024 1012 20 25 1010 1007 1009 0 1024 1015 21 1014 18 1011 15 
0 1016 4 24 18 1004 1007 1007 0 1020 6 1015 19 18 1010 17 0 1019 13 1008 17 22 1006 1005 
0 1024 0 1 1017 9 7 1017 0 1024 0 1019 7 7 4 1019 0 1024 2 1022 1019 6 1017 5 
