1024 0 1024 936 440 454 509 544 0 1024 216 808 608 515 515 544 0 0 800 224 232 549 511 480 
1024 72 952 952 528 552 512 560 0 1024 408 616 568 464 496 496 0 0 888 136 208 464 512 528 
1024 208 816 816 584 512 480 480 0 1024 504 520 528 520 512 512 0 0 1024 0 224 360 512 512 
1024 336 688 688 560 496 512 480 0 1024 576 448 480 496 512 608 0 0 1024 0 352 352 512 416 
1024 408 616 616 488 424 512 496 0 1024 528 496 528 552 512 624 0 0 1024 0 368 448 512 400 
1024 304 720 720 544 488 512 464 0 1024 496 528 544 496 512 560 0 0 1024 0 336 520 512 400 
1024 136 888 888 568 544 504 504 0 1024 392 632 608 480 472 504 0 0 1024 0 296 400 528 520 
1024 16 1008 976 456 640 496 544 0 1024 232 792 632 544 512 576 0 0 936 88 272 432 560 480 
1024 0 1024 840 453 504 538 480 0 1024 108 916 557 557 496 544 0 0 827 197 271 528 522 416 
1024 0 1024 408 660 612 472 536 0 1024 0 1024 192 548 532 488 0 0 392 632 632 716 444 520 
875 245 563 516 527 511 530 496 646 360 788 430 423 550 493 550 657 109 803 451 513 520 529 485 
864 400 452 390 414 472 530 448 533 450 792 394 540 475 513 563 552 97 784 391 639 477 540 446 
946 532 402 321 415 531 546 539 469 579 864 381 701 446 499 495 490 111 820 434 625 558 526 527 
1001 679 281 249 604 515 541 440 338 731 903 378 687 469 522 579 333 132 863 504 532 532 490 454 
986 863 139 162 700 604 552 402 164 880 949 437 611 427 540 630 168 87 912 643 413 615 494 390 
1019 975 30 108 636 608 514 561 30 994 999 465 572 444 531 484 26 33 985 669 450 544 500 548 
1024 1024 0 88 528 560 520 464 0 1024 1024 424 504 504 488 560 0 0 1024 616 496 528 520 464 
1024 987 37 37 510 486 515 496 0 1024 1024 254 538 487 569 544 0 0 1024 473 551 491 549 480 
1024 792 232 232 396 494 502 480 0 1024 1023 86 484 496 530 544 0 0 1024 284 719 397 540 512 
1024 204 820 820 820 547 557 532 0 1024 904 120 264 489 485 552 0 0 1024 44 688 416 575 476 
1013 939 55 787 397 541 512 550 470 560 587 593 474 519 517 471 78 279 729 711 540 540 490 521 
821 803 170 787 545 489 515 546 532 355 419 438 469 536 505 503 80 400 575 531 490 547 457 535 
734 390 415 586 526 543 532 530 770 206 483 482 515 476 515 537 650 320 573 476 526 499 535 512 
876 740 344 639 604 488 554 444 791 149 242 259 517 475 519 498 184 630 317 302 449 493 511 515 
649 241 543 542 539 497 483 501 687 180 606 523 523 505 526 541 677 254 625 517 545 496 478 521 
872 412 493 583 518 504 517 517 813 158 525 376 535 534 524 516 519 450 529 425 512 525 536 496 
836 314 519 526 512 516 525 523 657 306 770 602 527 494 510 498 627 269 740 580 541 512 522 487 
864 448 391 521 516 517 529 521 506 425 753 683 490 554 501 506 444 211 755 662 598 464 498 511 
932 564 349 410 578 525 515 511 417 596 839 707 499 507 536 502 407 152 809 732 544 485 472 508 
1018 868 120 127 580 474 487 518 172 852 924 735 358 474 528 554 104 179 827 806 325 542 531 557 
1024 1020 63 958 850 580 460 459 1019 5 3 466 642 475 536 490 0 1021 10 423 589 565 504 492 
998 984 434 567 536 488 520 500 987 37 46 629 597 544 520 491 26 991 102 530 523 479 553 518 
871 494 599 390 370 511 500 543 931 140 466 560 484 536 481 516 630 476 500 549 550 478 528 499 
1006 1006 915 119 201 548 635 503 1002 22 110 740 616 478 484 522 8 1016 128 575 659 507 621 515 
732 505 565 469 497 527 514 488 764 274 530 563 508 523 506 531 590 484 572 539 527 519 501 513 
646 933 844 385 328 513 501 526 765 258 248 623 382 516 497 516 268 754 201 499 455 573 508 542 
633 574 626 523 535 510 519 512 695 344 574 450 523 511 528 530 553 541 514 526 478 527 490 489 
628 693 604 513 485 495 442 518 683 246 369 524 494 505 474 496 307 637 404 541 472 513 491 522 
496 513 516 517 502 522 486 537 467 402 486 512 483 531 513 499 383 491 500 494 499 550 504 517 
464 539 576 461 603 574 538 498 656 354 424 545 680 410 561 491 970 47 191 453 421 575 424 464 
660 563 350 647 591 471 494 556 619 208 351 679 664 442 509 474 193 641 604 457 453 546 548 469 
450 527 464 579 567 533 515 493 467 276 553 589 568 569 521 521 163 494 653 397 411 505 506 491 
657 367 570 492 511 475 474 530 738 321 619 506 498 518 496 522 717 362 675 526 511 522 505 521 
379 493 663 543 492 496 528 496 385 551 525 516 521 506 524 512 233 624 648 528 502 525 507 511 
603 487 522 517 508 500 504 524 666 459 594 478 505 521 523 515 698 423 655 521 517 505 507 522 
221 506 622 528 503 509 513 507 268 594 465 445 497 523 512 539 336 625 468 510 509 538 509 518 
350 446 542 510 519 487 512 517 424 479 626 514 502 519 516 524 506 366 645 510 507 540 506 541 
229 699 575 489 488 538 505 516 342 597 629 533 475 514 525 482 464 526 585 543 502 502 502 518 
262 644 527 488 495 540 508 479 326 580 492 531 468 511 538 476 396 539 479 518 516 510 512 528 
960 64 137 868 723 507 462 464 980 43 471 569 564 379 489 527 987 42 690 411 349 351 800 649 
315 556 642 439 502 549 506 525 289 576 457 564 536 516 510 524 270 530 409 567 486 509 505 510 
76 375 574 464 501 525 494 523 95 555 558 514 515 509 483 547 113 510 503 545 515 509 500 490 
225 442 590 456 536 498 514 512 356 560 575 573 512 481 493 528 502 405 486 474 513 517 501 540 
139 609 562 477 538 507 529 504 338 548 521 498 538 500 510 506 387 491 539 534 513 539 499 486 
171 739 456 548 504 511 513 491 219 764 521 554 498 491 485 500 261 718 603 479 458 517 531 507 
80 595 631 456 501 525 524 502 166 604 538 505 478 498 527 518 230 560 459 562 525 495 506 512 
180 770 422 464 521 485 496 511 247 762 447 531 482 506 510 484 300 708 499 497 513 502 492 493 
29 568 613 492 518 539 481 495 92 530 430 547 525 508 523 532 204 632 449 498 542 517 511 486 
66 489 527 481 520 550 499 507 113 463 432 496 536 520 516 520 262 596 445 509 546 487 492 515 
293 633 521 454 588 525 556 369 400 551 551 415 502 509 572 499 510 484 469 693 494 540 538 510 
867 157 177 728 508 518 500 528 825 199 191 713 710 505 536 519 733 291 229 827 705 468 495 521 
916 108 239 675 609 543 480 533 880 144 332 562 564 523 569 531 820 204 337 594 647 573 522 513 
928 96 429 493 533 559 487 539 871 153 639 333 390 473 506 485 824 200 682 305 392 517 447 523 
923 101 485 488 429 515 513 525 892 132 641 267 379 503 484 559 835 189 694 282 377 587 524 485 
960 64 439 479 452 470 527 515 922 102 496 440 358 519 500 517 868 156 551 421 449 535 479 511 
957 67 274 547 545 512 478 498 906 118 324 532 525 492 535 520 854 170 412 508 495 518 528 526 
913 111 132 661 474 566 518 505 879 145 165 585 506 446 543 503 835 189 214 597 609 482 523 511 
833 191 168 473 459 513 494 514 762 262 209 432 548 523 541 532 757 267 212 443 554 483 498 498 
559 465 343 324 547 579 478 514 423 601 496 423 549 487 515 520 418 606 507 477 514 473 543 496 
99 925 801 762 404 382 572 387 39 985 820 494 616 482 598 578 34 990 815 310 685 716 741 528 
1024 0 0 1024 1012 18 15 13 1024 0 1 1023 1023 16 1007 1005 1024 0 1 1023 1023 1010 17 17 
1024 0 0 1024 12 1009 1014 1009 1024 0 4 1020 1013 15 1014 1009 1024 0 5 1019 1017 1008 13 15 
1024 0 1011 13 13 20 17 12 1024 0 1020 4 4 18 1008 20 1024 0 1024 0 3 1015 18 1010 
1024 0 1020 4 4 3 22 1009 1024 0 1020 4 4 17 1010 17 1024 0 1021 3 3 21 1011 1007 
1024 0 1015 9 9 10 15 15 1024 0 1019 5 5 12 18 1006 1024 0 1022 2 2 10 1014 17 
1024 0 8 1014 1010 20 1004 1006 1024 0 7 1015 1011 15 1016 1013 1024 0 14 1010 1007 1007 10 1012 
1012 12 12 13 21 19 1010 1005 1020 4 4 12 10 1004 1009 1012 1023 1 1 13 1004 10 1002 13 
1021 3 4 1015 15 13 14 10 1022 2 3 1012 17 16 13 17 1023 1 3 1017 16 1002 14 19 
3 1021 1021 1019 1013 19 15 1007 1019 5 5 5 6 12 13 1007 1022 2 2 16 1006 1015 16 1006 
0 1024 1024 1021 7 4 1020 1018 1 1023 1023 1022 1020 7 8 1017 1021 3 3 3 2 6 6 1021 
