782 729 642 403 508 513 492 503 686 562 427 534 479 499 540 514 615 550 443 467 540 531 507 478 
301 235 251 770 488 543 513 497 251 169 148 347 638 469 511 518 201 154 170 745 451 497 499 502 
260 321 349 463 474 493 455 485 440 290 402 462 546 493 511 518 536 370 404 546 497 505 498 509 
611 614 564 445 487 492 500 477 757 472 374 532 468 514 530 517 761 460 507 493 500 516 538 510 
653 378 482 507 509 509 510 514 818 505 472 511 497 534 512 511 833 690 551 548 495 503 500 502 
473 526 475 498 523 503 510 503 627 435 429 510 504 481 528 514 608 521 524 503 515 512 505 513 
779 570 316 416 498 488 524 483 814 319 308 474 522 499 513 505 455 728 472 586 506 531 516 539 
1024 994 599 577 524 478 531 515 1024 415 382 584 521 499 513 524 687 591 498 440 535 515 531 518 
1024 944 380 442 483 487 528 526 996 202 399 440 502 498 522 517 479 590 509 510 516 508 487 525 
1024 518 541 691 577 535 527 524 631 393 552 593 534 468 524 500 103 921 266 361 564 550 529 489 
1024 35 989 520 567 524 542 491 54 970 970 501 558 496 535 479 0 1024 0 62 311 752 376 498 
998 998 943 577 510 523 500 523 1002 956 132 767 542 481 506 521 1010 875 170 574 499 507 509 525 
793 821 748 665 486 520 524 526 821 744 224 619 494 547 510 503 837 651 245 590 498 511 528 502 
452 356 423 483 470 495 481 433 711 358 542 489 529 501 535 505 799 644 453 509 512 522 520 528 
314 244 318 570 474 495 459 495 461 202 349 391 573 491 486 515 496 328 326 648 487 488 514 511 
500 290 382 543 511 483 488 490 617 439 418 422 576 502 509 502 667 542 446 608 523 512 515 521 
717 516 588 566 554 517 522 525 871 659 543 522 494 531 499 515 922 726 646 546 547 521 500 533 
570 422 477 485 501 511 494 498 711 515 466 514 503 499 498 504 772 593 532 523 529 538 547 539 
923 846 671 608 545 542 559 533 961 648 586 515 477 494 500 514 942 515 444 530 512 543 524 530 
1024 1024 767 760 597 595 557 577 1024 662 629 403 487 534 499 512 890 529 506 585 502 517 525 517 
1024 1023 218 555 524 472 520 498 1024 163 433 582 514 505 506 526 307 803 688 461 548 496 538 493 
1024 1024 118 141 340 695 478 459 1024 98 105 339 516 563 428 561 156 868 487 692 484 546 467 505 
1024 1024 1009 901 671 603 564 564 1024 1013 624 357 492 532 504 514 1024 986 390 512 542 523 508 511 
835 680 731 681 602 542 522 538 929 742 635 396 562 514 500 490 961 831 648 443 522 527 543 513 
548 363 461 503 503 485 491 533 833 425 489 513 510 493 497 500 906 710 526 534 526 513 539 518 
520 589 580 607 531 517 516 525 714 504 598 520 504 534 485 515 793 565 605 554 506 530 510 545 
421 390 439 531 490 506 511 519 736 396 473 515 488 515 515 480 818 606 502 550 527 535 521 499 
358 277 327 516 455 476 460 476 500 324 355 447 540 546 485 534 538 425 402 619 525 530 497 518 
691 412 537 508 523 525 493 478 862 620 469 507 516 536 515 505 906 736 622 576 545 546 520 547 
635 466 485 527 488 504 530 530 815 551 516 508 533 507 530 532 889 635 587 555 523 542 527 561 
994 960 934 923 870 683 633 636 1002 986 959 651 418 466 516 542 1015 986 946 447 526 537 527 551 
1024 1024 931 688 648 613 603 600 1024 782 677 544 505 500 495 521 1019 551 449 482 510 518 516 535 
1024 1024 897 179 300 730 469 629 1024 516 515 526 501 588 557 474 1023 12 384 516 466 577 470 579 
551 420 599 655 516 554 512 525 589 516 565 450 502 497 507 518 599 645 699 519 537 531 538 535 
719 393 557 578 524 486 524 540 827 550 617 452 563 497 540 505 867 809 594 516 533 531 520 522 
681 293 559 493 516 495 475 476 880 556 431 514 529 503 506 512 923 813 608 509 518 522 502 515 
746 531 575 571 507 529 553 524 919 591 642 564 499 490 518 515 953 802 651 568 522 508 516 530 
835 207 539 501 503 477 518 535 957 748 350 506 497 509 499 501 988 890 753 547 529 539 530 551 
519 358 513 498 518 532 519 472 803 485 478 515 497 520 542 515 868 698 524 535 518 508 527 504 
463 338 437 482 494 505 509 491 708 395 410 494 491 503 503 505 770 536 494 549 512 540 491 502 
515 366 426 501 502 509 515 484 733 396 505 500 496 540 527 514 804 590 476 536 493 523 546 524 
765 520 565 566 567 540 518 512 917 591 622 508 518 538 535 498 957 732 647 555 527 529 558 533 
1024 1010 1001 999 965 543 555 546 1024 1015 1009 165 823 465 517 510 1024 1018 1006 65 709 608 532 492 
1024 1024 1018 950 361 725 739 683 1024 1022 868 152 222 706 320 456 1024 988 291 680 703 686 631 299 
291 424 508 564 521 529 510 536 382 504 495 537 533 521 493 524 507 590 463 629 550 538 560 561 
479 330 493 454 479 492 490 486 556 606 409 519 508 528 509 503 610 766 495 564 493 511 495 502 
566 360 477 489 501 493 497 517 801 501 484 538 518 531 501 513 882 703 532 493 541 546 498 526 
512 346 468 498 478 502 489 517 668 509 493 479 506 495 506 499 715 674 579 596 549 544 516 532 
811 215 596 491 510 513 516 502 944 732 382 533 513 492 535 498 998 878 703 523 542 508 525 508 
740 270 564 502 496 504 514 511 950 589 442 510 491 527 517 516 980 845 602 547 489 518 524 543 
838 193 579 507 536 501 533 481 981 664 392 497 524 510 512 510 1012 870 619 521 548 530 526 523 
632 332 462 505 475 511 506 512 868 426 530 504 514 491 474 514 933 684 470 534 511 552 531 523 
633 419 504 470 468 469 506 505 850 501 481 492 494 507 540 488 922 639 544 561 524 543 500 509 
809 478 643 584 531 519 533 508 984 643 536 447 504 478 518 512 977 773 601 493 498 530 518 522 
995 922 872 830 213 714 336 664 1006 988 778 246 225 282 694 624 1006 1007 128 952 893 475 532 606 
333 335 565 576 528 511 500 529 394 361 628 594 521 534 528 505 442 430 649 654 530 532 561 542 
640 216 479 502 480 509 521 520 788 514 463 521 490 511 534 511 838 777 640 493 534 518 540 506 
693 305 547 503 521 490 513 495 953 474 462 489 498 490 514 515 979 816 542 499 544 535 530 498 
442 367 481 485 479 505 493 516 749 345 492 503 504 519 514 512 794 650 548 524 506 510 528 534 
529 416 436 510 508 496 512 488 905 370 563 515 523 538 513 507 966 761 487 509 498 514 510 513 
577 385 506 546 513 501 535 483 920 470 492 484 513 527 517 515 980 746 526 506 521 509 519 511 
599 417 493 545 501 515 532 525 945 448 515 520 503 511 520 517 1012 740 530 507 507 499 502 526 
469 510 445 512 493 506 536 502 897 274 577 509 498 532 542 519 983 598 433 494 516 503 511 489 
525 477 494 511 535 524 524 480 882 327 525 512 514 517 511 516 974 543 505 514 524 497 519 529 
845 294 557 510 529 514 473 495 1008 582 413 508 525 513 505 538 1022 837 568 523 529 529 514 541 
672 219 308 400 560 380 409 499 884 367 582 595 501 509 486 643 889 770 469 530 609 566 520 410 
107 147 409 670 556 555 465 533 157 126 333 750 499 469 467 486 183 212 543 518 504 558 495 474 
786 111 629 460 536 466 556 560 870 651 255 521 542 521 465 542 879 835 742 405 490 555 546 544 
515 430 589 527 523 548 480 539 892 513 421 509 528 564 445 502 970 746 603 509 504 498 525 488 
340 418 476 474 443 447 458 522 704 267 431 461 481 562 507 433 751 509 530 489 556 526 490 541 
757 261 496 476 538 529 440 546 990 528 470 557 561 538 475 471 1014 873 587 581 615 458 509 489 
582 415 414 535 536 543 525 531 962 385 525 553 456 478 476 496 1009 785 484 501 534 549 564 487 
661 337 417 472 477 479 522 536 965 364 575 561 457 494 457 532 1016 797 429 483 546 543 488 529 
392 585 566 548 495 550 535 505 928 225 606 497 496 546 486 463 992 526 535 539 532 528 485 508 
386 581 494 562 461 460 523 549 853 233 540 537 554 473 556 473 952 403 518 551 475 480 492 497 
906 142 536 517 550 490 550 476 998 494 461 591 538 467 543 486 1001 841 465 446 558 545 542 555 
168 435 636 397 470 597 513 535 502 568 268 332 426 567 446 454 520 363 444 383 576 453 541 556 
