1024 1024 643 381 393 533 481 504 1024 91 933 933 604 477 499 541 1024 0 1024 581 476 565 486 480 
1024 1024 767 257 353 479 512 522 1024 391 633 584 490 464 498 487 1024 21 1003 817 612 553 523 491 
1024 1024 860 164 254 529 492 521 1024 728 296 296 247 573 495 512 1024 331 693 616 472 485 527 512 
1024 1024 911 114 364 594 530 498 1024 649 375 373 444 488 513 515 1024 401 623 560 449 565 516 514 
1024 1024 761 273 522 474 510 525 1024 519 505 485 552 509 502 515 1024 376 648 473 501 509 518 519 
1024 1024 694 330 549 531 534 504 1024 477 547 412 429 530 546 533 1024 199 825 529 530 594 516 525 
1024 1024 604 420 491 482 513 504 1024 141 883 724 498 578 509 502 1024 35 989 424 538 542 491 503 
1024 1024 875 153 368 486 508 509 1024 305 719 712 495 575 513 508 1024 143 881 636 551 528 500 515 
1024 1024 858 265 478 547 548 495 1024 487 537 554 551 533 496 517 1024 365 659 467 569 556 512 547 
1024 1024 997 211 450 502 506 524 1024 952 72 348 271 457 480 502 1024 589 435 750 506 541 485 534 
1024 1024 1024 336 535 514 483 555 1024 1024 0 378 451 478 505 523 1024 1012 12 472 371 449 540 497 
1024 1024 1024 472 548 508 533 488 1024 1024 0 563 458 461 542 512 1024 1024 0 724 275 432 522 516 
1024 1024 1024 452 439 452 495 482 1024 943 81 560 449 485 499 533 1024 892 132 695 390 421 520 513 
1024 1024 1024 254 569 406 560 533 1024 998 26 279 351 497 555 512 1024 922 102 416 397 477 502 509 
1024 1024 1024 33 669 453 527 505 1024 1005 19 19 319 566 511 529 1024 928 96 134 333 402 476 535 
1024 1024 1024 11 628 463 481 497 1024 927 97 97 377 495 510 546 1024 762 262 262 387 471 573 481 
1024 1024 1018 21 766 407 552 525 1024 854 170 171 378 521 546 540 1024 657 367 367 400 504 523 533 
1024 1024 1024 0 809 511 514 519 1024 685 339 339 353 598 528 503 1024 419 605 602 381 495 482 534 
1024 1024 989 46 573 432 496 491 1024 420 604 597 370 533 553 510 1024 265 759 428 530 501 482 497 
1024 1024 701 323 463 529 540 530 1024 18 1006 754 618 550 511 522 1024 6 944 366 479 486 542 502 
1024 1024 426 598 576 529 553 504 1024 0 1024 712 374 464 540 505 1024 0 988 36 247 528 519 526 
1024 1024 408 616 580 457 491 515 1024 0 1024 571 331 488 493 500 1024 0 659 365 501 536 552 496 
1024 1019 157 740 401 488 477 558 1024 0 920 288 273 381 434 437 1018 6 221 745 387 379 411 513 
1024 1024 817 208 287 428 526 534 1024 61 963 960 683 481 501 507 1024 0 1024 615 421 492 569 537 
1024 1024 943 81 291 466 516 531 1024 397 627 627 605 527 498 518 1024 73 951 752 521 531 541 527 
1024 1024 780 265 502 556 487 515 1024 446 578 607 586 503 513 562 1024 220 804 548 555 532 533 520 
1024 1024 757 283 460 620 516 512 1024 311 713 710 475 523 497 512 1024 130 894 541 608 518 487 504 
1024 1024 811 213 287 513 492 496 1024 163 861 847 615 592 526 539 1024 29 995 633 573 479 518 527 
1024 1024 888 136 222 433 478 534 1024 119 905 888 610 578 523 495 1024 1 1022 664 310 540 488 516 
1024 1024 821 203 325 464 504 530 1024 198 826 800 586 515 533 491 1024 39 985 625 443 490 484 522 
1024 1024 794 254 422 577 491 518 1024 321 703 586 603 455 532 512 1024 194 812 415 435 515 495 527 
1024 1024 750 308 466 507 511 518 1024 345 679 571 575 468 500 527 1024 210 694 438 551 489 543 503 
1024 1024 777 264 527 546 527 503 1024 459 565 333 438 528 525 508 1024 180 614 656 578 472 524 517 
1024 1024 814 277 685 464 473 470 1024 726 298 158 448 548 505 527 1024 604 282 281 334 505 516 526 
1024 1024 895 158 575 530 551 506 1024 589 435 410 638 449 501 497 1024 415 565 414 463 512 494 510 
1024 1024 913 226 680 572 516 516 1024 736 288 297 695 579 516 527 1024 643 277 479 531 489 526 504 
1024 1024 953 403 618 510 482 537 1024 892 132 319 684 503 510 533 1024 810 152 455 514 463 522 507 
1024 1024 933 184 798 501 524 497 1024 880 144 220 759 478 497 524 1024 820 161 223 665 498 508 507 
1024 1024 992 55 872 381 534 484 1024 974 50 37 654 464 500 515 1024 911 101 87 305 615 488 493 
1024 1024 1013 37 686 468 514 472 1024 953 71 73 414 531 522 487 1024 747 277 277 334 527 515 494 
1024 1024 997 27 341 545 543 516 1024 540 484 484 429 544 480 517 1024 66 958 888 617 593 532 524 
1024 1024 919 105 287 562 520 529 1024 197 827 794 470 591 462 513 1024 17 1007 468 490 534 503 514 
1024 1024 718 306 372 546 498 521 1024 8 1016 892 479 503 510 514 1024 0 976 157 532 427 532 518 
1024 1024 664 360 367 411 478 534 1024 0 1024 858 305 604 504 528 1024 0 805 223 661 485 531 488 
1024 1024 538 486 507 596 514 492 1024 0 1024 777 313 483 486 502 1024 0 908 116 229 496 551 519 
1024 1024 325 699 706 665 496 524 1024 0 1024 263 733 671 436 533 1024 0 549 475 432 513 520 494 
786 952 578 492 510 514 512 508 823 480 637 563 571 529 512 509 920 289 636 367 531 493 541 518 
802 972 816 240 595 511 524 529 857 758 317 361 507 507 537 537 918 556 421 384 513 518 517 551 
844 988 889 156 615 537 465 531 898 947 100 205 547 558 537 522 937 679 315 385 495 568 505 526 
892 961 905 333 595 500 498 518 932 897 123 384 533 506 505 486 948 760 259 523 498 532 515 521 
912 972 938 532 484 492 523 524 945 952 77 576 522 504 505 527 967 917 140 508 528 511 515 529 
934 966 951 529 512 506 546 513 947 971 155 561 511 506 520 512 954 908 315 522 475 505 524 526 
960 966 976 603 547 537 530 542 962 981 303 431 438 487 499 536 962 930 515 358 525 517 519 531 
980 986 993 435 517 486 487 541 983 972 112 511 528 528 467 505 986 821 431 503 472 514 524 539 
1013 1008 999 458 493 519 534 520 1014 796 490 529 465 508 508 516 1017 711 702 402 568 518 498 507 
1024 1022 1019 688 498 498 522 489 1024 867 617 409 408 517 541 549 1024 835 769 342 631 538 519 519 
1024 1024 1009 565 495 528 532 517 1024 886 365 555 574 507 518 511 1024 811 715 278 492 533 517 519 
1024 1024 914 556 413 556 528 489 1024 688 540 575 481 476 490 516 1024 630 686 313 533 464 494 515 
1024 1024 784 610 434 480 522 537 1024 526 579 573 561 487 530 518 1024 451 587 511 497 472 512 505 
1024 1024 632 573 613 482 478 470 1024 414 611 526 509 524 549 487 1024 350 367 625 452 497 516 504 
1024 1024 546 588 492 513 514 522 1024 316 708 415 492 558 488 522 1024 253 303 597 506 501 502 496 
1024 1024 520 607 481 432 469 502 1024 299 724 455 456 565 521 522 1024 211 356 676 432 518 507 482 
1024 1024 739 368 546 508 509 498 1024 422 602 440 539 472 517 498 1024 255 480 545 560 533 495 526 
1024 1024 964 120 458 537 509 521 1024 547 477 514 483 517 485 509 1024 256 757 499 592 527 529 510 
1024 1024 954 115 440 482 518 518 1024 432 592 602 556 568 538 519 1024 159 865 463 631 487 503 505 
1024 1024 896 130 341 527 513 500 1024 156 868 830 447 540 517 503 1024 0 1021 284 595 469 512 503 
1024 1024 581 443 463 452 492 489 1024 0 1024 640 461 517 561 527 1024 0 404 623 577 462 450 533 
1023 1022 237 786 758 583 522 499 1022 3 1020 280 744 532 516 519 1021 2 92 932 430 612 553 507 
1019 1017 183 839 757 511 434 562 1016 20 1005 206 731 451 416 548 1013 8 142 824 433 427 559 506 
280 746 450 407 547 498 484 515 372 786 576 486 527 516 498 499 666 494 364 454 503 535 542 522 
219 726 415 474 529 524 506 501 323 804 588 483 575 496 514 499 621 534 378 469 519 504 529 514 
215 838 385 529 499 529 522 497 419 689 572 513 512 510 517 516 761 346 327 518 475 511 514 504 
274 875 414 529 490 502 524 533 547 546 532 532 529 514 536 536 839 222 407 527 509 519 519 496 
275 855 438 512 497 512 528 535 556 517 533 543 536 543 498 520 830 215 464 494 503 504 504 493 
291 823 422 471 521 491 528 498 513 633 527 514 520 504 528 529 816 245 433 547 566 528 530 497 
248 894 327 517 500 533 508 508 562 510 541 514 526 533 509 522 872 163 404 543 516 514 526 534 
224 891 345 507 481 512 494 512 586 489 490 472 496 502 514 509 861 161 474 484 527 500 533 516 
193 867 368 469 488 506 522 516 487 546 569 560 510 510 502 497 844 179 423 459 505 486 517 512 
202 809 352 562 505 519 504 539 537 469 525 495 517 515 505 510 813 208 415 562 506 519 498 527 
206 849 412 529 513 513 488 493 606 423 487 477 542 520 516 521 843 202 470 522 492 527 520 525 
215 877 401 534 507 498 500 531 564 506 547 502 473 520 524 491 867 210 475 534 510 541 523 510 
232 867 387 554 498 487 499 497 635 455 499 461 468 520 497 534 881 211 481 514 520 503 491 533 
252 902 374 532 470 523 527 525 569 576 517 531 507 512 536 499 878 263 366 585 505 527 526 504 
271 854 400 503 482 525 489 476 432 735 606 616 544 530 502 492 810 358 367 573 525 515 524 528 
283 864 437 576 492 524 507 494 595 601 443 525 529 515 525 514 855 347 386 590 548 500 505 537 
309 775 537 507 507 513 488 491 496 710 472 545 509 495 507 509 679 538 448 582 495 534 475 505 
336 798 543 511 533 527 490 492 557 702 409 544 467 510 522 502 758 508 338 582 525 503 495 506 
404 823 512 389 567 420 504 482 471 828 484 374 522 510 539 523 623 549 510 562 522 525 513 512 
425 866 419 463 472 530 502 484 571 499 639 616 492 526 541 514 784 232 528 474 488 504 502 518 
526 901 500 383 457 499 498 509 577 545 710 686 513 494 513 498 744 343 542 420 465 512 547 534 
431 573 456 413 473 515 496 502 438 365 634 600 503 521 505 519 455 267 643 434 466 486 525 522 
126 294 432 506 496 513 523 565 109 395 501 480 519 484 501 459 74 209 680 631 570 571 532 579 
183 543 383 485 473 495 503 508 220 519 612 509 512 518 510 522 350 332 473 503 529 519 491 505 
354 709 400 516 491 507 506 480 425 570 673 596 493 508 527 507 652 317 479 482 510 507 521 505 
2 620 409 483 482 493 493 534 124 871 752 544 539 512 485 496 662 349 357 484 509 519 523 525 
109 560 494 488 490 517 536 520 265 739 523 486 486 523 487 500 487 532 502 526 494 537 532 520 
485 781 641 444 524 491 526 494 608 753 294 539 478 493 538 521 732 603 336 575 502 505 526 488 
349 746 567 465 478 470 515 504 532 676 398 565 487 507 484 534 750 492 318 567 524 505 524 522 
16 585 432 496 506 500 494 529 175 817 728 527 487 508 512 516 785 230 266 497 515 543 512 506 
93 589 470 481 472 520 539 513 182 849 753 551 508 511 509 497 697 372 355 493 519 510 501 523 
485 802 643 509 505 503 512 528 603 784 445 603 536 521 499 512 786 627 515 468 487 510 515 506 
203 676 481 464 521 495 524 507 377 670 534 546 557 509 527 526 654 422 481 552 475 483 515 500 
58 765 275 437 504 539 509 507 194 801 779 525 521 497 509 511 810 204 234 449 534 530 513 534 
406 788 549 531 508 505 534 503 559 738 598 483 509 512 531 481 792 535 556 442 536 522 522 523 
257 621 448 470 540 525 521 496 412 637 514 513 534 563 503 524 648 430 476 504 488 517 524 517 
80 601 434 455 499 508 489 517 204 793 740 544 510 524 492 494 759 243 307 534 494 529 499 513 
345 722 499 467 547 501 501 519 455 747 538 565 509 545 513 496 728 496 358 542 546 523 520 505 
215 579 441 465 471 486 496 485 340 639 522 568 526 530 482 527 605 405 398 543 534 515 534 489 
95 565 453 436 506 492 490 535 234 736 694 571 492 538 529 514 685 314 376 529 544 515 512 512 
340 666 474 482 516 480 523 525 519 564 444 454 509 479 517 478 673 370 494 513 513 498 495 494 
137 513 447 513 495 507 514 494 258 652 620 545 473 541 512 497 542 422 423 510 555 516 481 525 
313 640 471 504 518 498 508 492 444 612 575 477 558 511 521 508 615 400 514 583 511 523 534 478 
129 436 459 479 494 491 486 465 220 642 459 518 517 498 503 534 348 552 437 512 507 518 500 488 
89 157 294 420 433 464 463 475 103 320 516 497 496 478 521 503 113 299 504 483 495 517 514 517 
0 11 63 297 603 610 416 579 0 71 441 577 578 589 540 518 0 63 308 666 653 468 455 603 
97 210 258 322 394 435 455 460 93 214 290 421 483 521 513 530 73 187 276 345 485 498 491 514 
779 800 480 532 546 551 522 486 774 419 557 568 449 522 544 520 764 241 584 549 526 509 510 520 
213 672 364 460 514 517 516 522 264 829 676 490 524 532 499 521 673 395 413 465 506 500 525 523 
792 928 509 450 473 505 518 536 809 642 510 484 447 512 509 518 915 307 666 512 478 532 477 490 
1024 1024 562 462 433 450 535 511 1024 474 550 535 407 507 510 514 1024 59 965 526 551 487 519 513 
1024 1024 439 585 565 476 468 502 1024 79 945 941 665 503 504 488 1024 4 998 209 612 514 512 509 
447 698 411 481 503 557 515 491 495 567 808 644 553 493 519 506 849 195 556 425 560 525 520 506 
532 737 434 574 562 513 522 524 565 566 716 635 632 553 511 505 752 321 695 553 464 493 532 488 
1024 1024 703 329 356 476 484 499 1024 448 576 593 575 548 503 526 1024 68 956 654 423 530 512 505 
900 934 490 532 551 512 500 533 943 679 349 385 443 534 516 509 986 331 669 696 552 497 520 532 
221 668 421 469 477 521 501 506 272 885 639 480 527 507 493 498 690 502 381 489 509 498 530 488 
1024 1024 918 155 443 544 498 510 1024 995 36 458 598 524 499 514 1024 909 149 609 589 471 517 517 
948 991 698 340 578 524 510 513 977 973 74 593 388 515 511 507 997 949 129 640 626 488 495 507 
142 621 364 448 523 512 479 529 247 806 727 514 507 514 514 505 737 386 346 515 496 485 538 519 
1016 1018 771 269 516 504 523 510 1017 979 74 663 452 556 505 503 1019 943 292 574 516 523 501 500 
880 947 548 516 594 516 484 513 929 884 158 468 459 489 529 511 970 696 468 542 486 507 510 509 
225 691 425 458 500 527 512 537 345 822 656 524 486 491 504 524 783 443 330 492 535 549 509 522 
875 876 782 221 413 509 511 500 878 875 145 433 510 493 502 513 878 817 199 551 516 510 491 508 
125 435 394 482 508 505 497 489 240 636 581 495 523 524 479 480 395 474 538 494 518 516 518 523 
280 329 341 446 504 507 517 494 295 468 600 501 524 499 497 527 313 364 651 506 499 492 520 502 
53 105 228 474 483 485 492 488 71 393 682 539 517 536 509 512 87 243 771 477 517 515 486 511 
0 14 172 386 444 455 431 490 0 295 611 474 500 521 518 507 0 224 603 488 527 494 537 502 
0 3 61 706 292 344 468 394 0 212 727 541 458 472 597 565 0 92 789 526 595 476 559 543 
0 7 18 74 201 366 515 479 0 7 20 103 329 589 538 485 0 7 21 147 598 434 540 476 
310 326 195 380 452 472 515 474 307 221 233 451 528 496 527 503 305 118 325 582 515 499 525 480 
247 700 378 501 486 511 522 516 369 737 626 504 520 521 508 519 712 415 403 526 510 519 510 507 
848 921 471 523 538 515 498 524 860 711 411 537 591 491 522 473 903 628 449 578 499 528 519 491 
896 951 410 611 664 564 527 532 903 831 265 382 455 519 530 553 927 689 384 473 513 514 510 533 
896 954 564 443 458 478 509 473 905 943 157 195 555 547 536 534 936 863 193 306 497 456 523 513 
597 764 435 526 499 485 492 514 705 785 322 391 562 498 527 495 852 684 311 425 546 531 497 507 
460 747 469 465 427 543 520 510 545 857 383 390 573 526 513 493 770 589 370 437 495 508 546 508 
733 849 595 451 440 486 524 554 767 896 197 270 473 505 526 527 785 709 388 428 481 494 494 533 
806 868 448 526 536 524 508 517 853 884 177 338 457 554 509 522 892 736 361 514 516 521 515 507 
257 705 350 484 517 550 480 524 493 654 516 528 503 520 515 510 798 444 425 491 504 522 508 507 
728 845 531 511 533 510 532 504 772 860 224 357 480 488 523 513 785 697 399 571 563 540 527 515 
856 932 388 606 557 525 510 515 900 919 94 311 535 514 496 493 933 860 128 404 590 543 510 512 
252 563 404 481 536 492 509 512 477 610 576 507 507 497 520 499 778 493 399 533 494 499 514 537 
833 949 365 658 489 525 546 485 895 896 126 438 359 520 499 525 932 771 244 532 533 511 506 511 
835 907 237 742 573 506 521 522 885 777 269 414 494 529 489 514 914 637 378 545 530 547 499 493 
120 495 393 511 522 491 504 520 367 538 588 540 497 508 510 507 567 430 513 495 497 516 510 516 
74 88 186 449 466 482 521 479 81 275 707 527 523 521 517 506 80 176 735 509 515 494 485 481 
0 0 70 421 459 485 443 492 0 84 789 509 491 487 523 532 0 17 664 490 531 516 522 501 
0 0 57 434 439 462 476 468 0 74 769 601 541 497 527 511 0 17 730 483 515 515 534 519 
0 0 80 397 427 434 459 445 0 71 669 496 476 513 541 529 0 24 554 495 516 521 496 544 
0 3 128 365 406 409 428 452 0 50 541 497 510 517 517 511 0 44 475 466 527 520 517 532 
0 0 17 357 568 556 565 454 0 4 893 234 701 353 435 532 0 0 820 219 299 382 612 533 
0 0 0 0 54 212 428 438 0 0 0 0 165 847 455 523 0 0 0 17 366 688 567 451 
0 4 4 55 259 392 504 457 0 4 5 120 379 602 529 498 0 4 18 271 729 419 509 492 
3 334 415 412 466 469 482 486 111 693 568 531 502 525 510 488 494 332 359 583 498 513 546 495 
1 638 342 496 494 513 486 518 233 681 634 529 525 519 508 558 686 245 351 508 488 497 541 494 
86 380 381 520 524 502 508 500 186 454 675 505 491 519 520 521 339 253 572 515 486 507 538 537 
3 352 269 457 435 455 475 453 206 221 501 430 520 498 512 509 338 93 464 541 509 486 514 507 
0 518 396 467 500 477 507 538 283 660 561 532 491 504 508 512 728 236 390 561 523 501 530 509 
0 491 433 515 500 487 492 507 200 739 642 541 510 515 490 534 658 295 437 536 523 513 509 535 
7 332 294 494 487 495 483 468 174 321 518 475 510 493 538 536 297 195 487 537 497 530 522 508 
0 421 228 447 482 488 516 500 170 414 568 487 482 504 524 548 424 175 456 541 519 481 536 495 
0 487 504 491 535 503 536 497 199 819 662 536 511 501 507 518 740 284 453 500 515 511 536 505 
45 391 475 448 514 523 527 491 179 667 438 452 523 506 537 521 372 438 354 479 499 522 504 497 
0 271 283 417 423 496 478 501 145 297 428 409 545 510 492 511 252 204 509 553 545 523 537 510 
0 342 525 495 516 504 493 518 110 883 614 554 520 489 509 527 529 471 512 531 523 531 492 496 
5 297 252 418 480 465 487 502 139 358 519 550 506 501 512 526 383 112 443 525 488 507 538 521 
0 88 221 510 470 503 467 512 48 387 460 512 530 514 509 495 76 274 585 635 490 563 519 501 
0 0 67 480 475 474 493 488 0 209 788 584 519 502 493 526 0 91 863 514 505 481 490 549 
0 0 18 386 463 446 458 464 0 44 890 532 506 523 510 493 0 5 772 416 502 511 529 521 
0 0 174 420 469 510 467 477 0 235 697 531 501 516 547 496 0 84 748 502 520 510 481 523 
0 0 193 434 479 481 478 455 0 313 690 528 488 545 493 498 0 161 750 478 527 532 534 514 
0 2 137 355 408 434 443 465 0 367 574 522 509 531 482 517 0 176 674 536 503 504 482 490 
0 9 171 395 452 433 459 459 0 307 625 519 476 527 478 498 0 184 685 489 515 531 514 520 
0 0 37 169 692 431 507 490 0 63 707 351 429 471 507 494 0 39 411 584 608 403 560 518 
0 0 8 7 26 179 516 444 0 0 10 9 172 689 497 470 0 1 11 15 613 451 546 521 
0 0 0 6 48 173 787 744 0 0 0 12 116 893 795 264 0 0 1 42 950 125 799 261 
0 43 84 144 251 387 526 555 5 130 147 191 278 679 597 433 12 149 189 266 750 421 591 569 
0 22 353 462 492 471 523 487 2 218 676 516 502 509 532 506 4 206 712 514 504 502 496 514 
10 31 263 496 499 491 497 501 16 123 643 511 524 515 491 488 15 92 616 491 524 552 503 510 
0 3 158 526 466 479 501 473 0 99 758 504 495 503 499 524 0 38 722 492 511 511 505 509 
0 128 442 482 486 480 483 501 53 564 665 536 505 505 506 499 302 317 612 496 527 509 509 491 
6 200 292 477 453 508 514 508 139 265 582 509 524 507 505 522 239 280 571 462 523 505 501 486 
0 16 172 456 481 474 482 477 0 73 598 518 519 491 495 499 0 67 607 542 498 531 497 490 
3 60 209 476 467 460 505 482 28 199 628 507 518 511 508 504 74 203 636 495 524 522 517 549 
4 287 435 517 487 498 485 507 164 557 665 544 531 489 506 494 453 373 472 529 506 520 512 498 
0 0 283 617 537 491 520 517 0 189 819 656 521 511 501 515 0 93 913 663 518 495 507 509 
0 34 235 525 474 480 486 493 18 189 738 577 498 484 496 507 42 164 764 566 528 504 525 513 
2 195 373 555 465 507 459 538 116 571 637 568 505 506 537 511 356 351 564 549 496 516 512 490 
0 0 155 500 473 535 498 482 0 171 796 527 502 513 512 516 0 147 793 530 532 514 511 524 
0 0 102 585 480 495 495 495 0 249 769 596 536 486 489 527 0 187 815 540 522 520 508 511 
0 0 35 396 446 480 467 479 0 27 826 504 529 499 517 505 0 4 683 429 489 515 508 496 
0 0 28 295 421 439 461 443 0 18 644 449 501 526 505 474 0 9 577 436 505 510 506 526 
0 0 92 473 466 467 475 461 0 128 746 601 471 509 505 504 0 53 753 522 503 504 520 522 
0 5 138 343 432 449 448 468 0 261 582 518 496 529 543 481 0 209 575 535 538 500 533 507 
0 0 106 359 429 429 468 492 0 228 705 513 497 508 521 483 0 127 708 515 512 493 521 475 
21 44 138 328 444 474 453 451 45 176 713 472 526 513 513 466 48 146 596 517 519 524 525 499 
12 145 441 444 531 463 452 465 87 585 457 637 470 475 520 525 119 495 505 735 443 594 475 510 
0 0 0 0 2 98 434 464 0 0 0 0 170 786 421 441 0 0 0 0 369 651 477 582 
0 21 61 83 191 382 466 480 0 22 75 104 355 576 482 475 0 26 87 167 711 447 478 497 
0 0 0 0 10 218 717 633 0 0 0 4 77 912 695 378 0 0 0 10 991 181 747 388 
0 55 254 474 449 473 502 471 0 194 581 497 505 499 517 517 0 176 521 491 516 540 518 522 
3 34 140 486 458 465 489 486 10 89 666 476 544 508 497 527 10 55 586 488 503 496 536 529 
17 113 181 457 488 431 474 487 50 217 676 528 525 512 529 509 62 173 646 490 519 543 518 529 
32 424 446 502 509 509 504 493 281 393 544 504 567 499 519 474 350 428 574 491 554 508 517 506 
9 363 362 472 460 455 481 477 95 499 450 477 511 494 497 522 125 516 524 498 525 514 523 527 
1 135 224 375 427 462 471 468 16 274 510 489 518 501 505 505 40 235 529 514 510 517 505 493 
61 412 336 467 476 508 520 498 248 418 637 483 516 507 532 516 403 302 580 473 511 538 502 506 
51 429 399 457 493 507 506 501 240 480 547 509 523 503 498 496 371 392 557 473 506 516 516 494 
46 443 414 503 462 495 486 502 251 487 564 522 507 525 539 502 359 419 558 512 500 511 530 518 
28 312 385 415 473 508 484 528 171 461 570 465 503 520 510 494 235 412 589 466 509 535 546 524 
3 258 313 450 490 469 470 505 117 435 551 535 526 511 519 525 187 409 525 510 487 511 536 479 
2 116 225 487 490 510 467 504 47 334 665 518 493 483 513 540 66 303 690 536 521 521 517 537 
4 175 227 437 445 455 484 439 70 335 628 529 495 507 509 522 107 279 668 519 514 499 567 523 
14 289 370 467 506 489 498 486 134 499 595 544 495 521 507 534 221 427 662 500 549 506 503 510 
18 419 442 469 482 497 494 469 149 678 559 511 458 498 520 518 259 593 589 522 516 496 500 508 
13 249 368 500 505 501 506 496 120 545 515 504 512 523 544 504 169 549 515 507 509 528 547 507 
36 239 408 497 491 494 495 467 142 550 498 518 523 502 505 526 195 604 449 518 538 518 500 504 
13 120 225 450 494 468 479 505 56 440 618 524 474 517 506 506 78 444 595 493 483 502 539 502 
6 278 374 450 475 480 507 489 61 628 586 517 501 500 511 511 142 586 551 521 523 529 528 523 
17 513 455 450 537 516 482 525 81 867 733 346 439 514 524 439 144 849 816 680 494 546 585 520 
0 595 75 173 405 419 450 451 0 612 291 434 422 496 536 497 0 613 452 327 478 571 532 540 
0 602 128 165 565 457 501 498 0 667 299 511 588 554 498 530 1 674 569 305 487 496 523 524 
0 644 95 221 521 485 497 490 0 707 351 438 478 534 500 497 0 709 561 287 474 485 498 508 
7 756 284 322 566 534 513 512 7 873 431 579 574 520 517 507 7 871 623 391 481 541 484 522 
33 843 485 486 550 516 505 499 33 907 671 450 515 505 459 494 7 920 703 358 551 554 510 537 
6 672 552 477 504 522 498 513 5 768 719 417 538 555 511 534 0 733 630 432 478 550 513 487 
0 599 373 505 493 469 477 504 14 830 631 433 504 498 529 514 26 827 721 441 474 527 522 519 
0 444 606 562 498 516 516 516 0 928 377 538 488 505 495 496 6 933 557 455 474 536 517 509 
0 814 608 403 479 508 511 506 0 845 782 326 518 523 511 518 0 854 613 435 478 497 522 525 
0 940 382 570 480 521 517 512 0 1016 693 307 461 514 513 505 3 1014 489 520 521 506 517 528 
0 583 455 571 539 549 520 536 0 1015 251 652 616 457 511 515 0 1022 659 343 409 510 516 520 
0 1011 776 286 516 540 504 504 0 1024 874 304 602 529 535 525 0 1024 861 279 513 504 502 509 
0 949 594 383 523 503 500 512 0 1013 729 293 551 527 509 502 0 1015 552 432 483 535 518 517 
0 305 668 537 509 526 513 538 0 989 188 667 487 495 491 551 2 1001 424 521 479 492 505 512 
1 772 442 486 475 526 520 510 3 910 536 487 518 493 521 483 3 878 483 505 486 525 527 503 
0 580 484 483 508 514 502 527 2 850 464 481 488 508 541 516 1 817 455 510 496 534 521 492 
0 77 483 529 506 510 508 523 2 470 588 547 522 546 507 505 11 502 562 559 537 532 491 495 
19 175 368 547 482 482 524 503 98 348 685 564 506 519 510 516 125 347 717 558 506 507 511 512 
1 267 506 463 472 514 505 501 24 645 527 490 512 532 522 537 54 667 509 481 541 514 524 521 
25 644 507 469 532 506 496 523 229 735 489 496 489 509 525 534 384 609 552 501 479 527 510 538 
14 618 457 509 491 528 496 483 228 705 545 503 498 506 505 553 390 589 539 514 500 522 507 503 
3 725 376 496 508 473 490 493 227 708 630 504 489 533 522 527 511 447 474 520 530 514 502 522 
4 398 694 404 384 476 523 511 206 727 367 386 499 534 484 525 294 670 470 622 441 477 510 520 
0 350 191 394 407 471 470 480 23 406 433 364 412 505 478 540 128 314 333 394 547 522 502 502 
0 241 99 272 317 501 463 507 32 244 308 311 408 546 500 530 137 151 215 273 639 483 489 506 
0 63 111 319 386 444 463 462 7 112 412 456 430 537 494 522 23 171 408 457 579 492 506 494 
0 380 426 524 528 519 511 498 0 699 511 498 507 519 532 521 0 774 484 447 515 529 516 521 
0 959 592 436 529 499 530 487 0 998 665 375 613 509 493 517 0 980 590 312 491 553 517 475 
1 826 653 371 515 493 537 495 5 894 685 333 527 464 507 502 2 857 574 386 459 496 514 505 
0 826 345 520 525 509 512 518 1 1003 595 424 457 502 493 496 1 999 796 280 469 510 512 509 
0 601 542 429 553 519 523 531 0 1012 312 599 542 523 516 495 0 1018 592 414 451 515 538 496 
0 843 525 417 521 520 523 497 0 939 583 358 485 528 482 530 0 896 486 436 477 503 544 511 
0 696 539 503 487 516 524 503 4 879 598 395 491 508 518 527 3 852 560 459 486 501 537 541 
0 409 605 444 549 529 507 509 0 1001 301 665 485 509 522 522 1 1022 695 321 488 515 500 507 
0 753 479 498 544 516 515 508 0 948 592 430 533 510 506 529 0 954 538 424 488 527 509 525 
0 687 564 445 529 481 516 523 5 833 676 427 514 492 495 506 5 820 647 416 507 510 523 530 
0 251 619 474 486 495 513 507 0 993 278 526 473 532 531 505 4 1011 598 449 531 508 515 527 
0 490 484 545 519 490 496 515 2 835 499 489 515 536 516 506 6 877 463 456 548 512 502 519 
0 478 410 484 505 504 507 510 3 662 556 513 528 517 509 522 2 650 515 528 512 491 547 536 
0 83 187 308 439 487 469 489 0 248 600 494 494 514 515 504 0 243 450 614 555 530 503 499 
0 0 62 249 398 482 484 505 0 41 467 648 532 503 512 499 0 33 388 675 450 530 494 532 
0 0 83 395 469 510 488 499 0 65 714 556 518 499 506 532 0 50 657 563 444 530 522 521 
0 68 388 418 506 507 496 507 0 436 580 468 518 526 510 488 0 482 577 452 504 511 503 514 
0 71 484 427 488 502 489 504 0 578 536 457 514 529 530 503 1 615 552 474 497 500 516 486 
0 211 670 585 521 509 489 524 0 889 340 590 525 526 531 528 3 918 595 498 508 488 502 520 
0 470 424 465 471 410 513 469 5 857 540 559 521 489 438 517 42 887 807 318 531 520 409 584 
0 0 0 0 6 157 235 271 0 0 0 0 162 854 343 686 0 0 0 0 90 891 308 312 
0 8 57 91 159 271 476 479 0 13 60 102 280 640 507 496 0 8 61 120 479 523 529 518 
0 72 405 501 469 477 498 511 0 427 408 461 488 525 500 512 0 613 250 458 542 504 530 511 
0 602 362 531 525 527 524 535 0 951 378 493 490 521 521 507 0 998 328 535 531 538 507 522 
0 1019 406 548 511 513 497 520 0 1024 697 394 497 512 515 499 0 1020 467 510 514 518 525 511 
0 1002 261 566 511 500 533 527 1 1017 418 545 524 517 515 501 0 997 248 603 517 510 521 545 
0 973 120 634 495 517 500 527 0 1024 665 362 471 517 519 503 0 1024 728 296 490 522 496 536 
0 443 587 570 548 526 497 531 0 1022 134 704 552 500 498 508 0 1024 411 588 534 526 486 510 
0 1024 470 527 504 518 510 551 0 1024 723 313 452 502 506 519 0 1024 414 592 520 516 533 511 
15 995 571 441 473 534 553 484 23 996 804 222 489 507 470 496 21 994 589 419 445 508 520 478 
0 441 606 385 517 533 503 531 8 1015 296 625 457 523 514 509 9 1015 783 293 489 525 518 550 
6 800 348 572 518 483 504 492 29 982 534 443 477 506 501 524 34 967 573 443 499 498 499 508 
56 516 462 466 482 497 489 514 76 711 459 550 466 544 523 532 86 747 447 526 498 518 530 521 
9 198 653 448 483 524 485 516 18 968 257 593 497 510 496 535 61 961 568 489 491 540 520 512 
70 460 591 488 525 518 489 515 121 844 421 494 512 529 508 525 144 851 483 526 505 485 515 492 
97 480 485 531 503 527 483 523 119 651 548 492 510 509 519 523 110 648 538 501 500 535 500 502 
28 200 248 356 412 453 453 452 43 335 576 518 543 521 509 512 43 348 499 568 551 520 511 512 
0 7 15 51 256 481 482 491 0 14 94 919 497 499 525 525 0 12 65 895 330 533 510 515 
0 0 0 59 433 476 469 452 0 0 329 675 553 521 523 512 0 0 81 761 466 508 504 508 
0 0 13 88 452 434 460 436 0 0 376 617 550 536 508 478 0 0 235 680 430 516 493 527 
0 0 0 54 380 394 438 439 0 0 646 410 487 516 524 522 0 0 221 746 562 519 502 503 
0 45 253 243 411 438 505 513 0 266 309 678 489 516 509 514 0 270 308 567 479 493 518 492 
0 2 187 736 751 245 342 536 0 157 822 786 235 756 629 554 0 207 787 783 783 682 345 460 
0 0 0 4 15 73 148 167 0 0 0 9 131 873 231 818 0 0 0 8 80 897 189 206 
8 181 300 343 428 512 476 485 9 197 315 370 467 558 527 518 8 172 300 356 425 529 564 509 
5 263 699 452 497 506 520 522 5 858 266 432 522 525 495 514 5 870 278 570 531 546 483 510 
1 807 578 468 518 514 509 515 1 1005 650 437 529 499 506 513 5 1014 618 443 518 518 525 513 
15 1009 937 547 495 510 505 516 8 1016 947 472 468 493 538 517 0 1024 850 335 483 510 490 511 
60 963 759 528 518 527 500 500 11 1013 811 524 505 522 522 540 4 1017 672 391 516 494 514 510 
97 806 545 473 526 524 511 514 0 1021 799 510 518 531 528 539 1 1023 841 411 530 494 505 519 
25 330 672 477 529 502 523 494 15 959 329 421 572 477 505 512 4 1011 297 667 453 496 553 520 
305 695 553 506 486 506 527 524 55 968 837 737 555 492 532 505 1 1015 837 490 534 518 509 510 
521 498 430 352 412 457 489 551 111 913 836 771 611 498 489 487 44 980 885 696 383 477 529 516 
64 289 590 436 503 539 529 521 15 865 457 597 512 518 512 519 55 947 484 537 480 550 496 506 
717 306 258 228 433 547 500 479 492 531 502 452 505 522 488 532 192 831 792 755 679 471 520 532 
857 167 134 131 359 531 481 463 605 419 392 374 419 524 517 560 326 698 666 635 664 537 499 526 
189 311 407 456 486 516 530 514 218 692 401 356 457 491 533 503 210 808 355 493 524 540 504 497 
603 273 336 292 535 511 531 502 564 402 356 370 405 534 500 517 472 537 420 433 460 472 532 520 
866 158 159 180 374 526 506 538 554 470 469 455 460 503 515 509 218 806 801 751 613 494 512 501 
135 257 448 499 525 513 499 528 103 676 536 496 526 484 540 515 103 799 480 523 547 486 510 528 
52 342 385 454 496 490 484 511 66 435 479 569 527 528 524 523 38 448 428 551 486 500 489 557 
5 77 109 252 442 428 485 463 10 99 230 685 495 522 536 495 5 86 147 613 498 498 510 512 
0 0 8 98 339 434 481 502 0 0 134 730 472 516 519 512 0 0 80 687 473 481 515 512 
0 0 0 114 388 430 447 443 0 0 240 659 502 491 520 484 0 0 30 610 517 521 506 481 
0 0 4 55 335 416 427 453 0 0 41 623 575 533 511 519 0 0 10 424 545 496 493 517 
0 6 32 268 533 469 521 460 0 21 261 493 449 604 532 557 0 17 224 518 437 485 493 445 
0 0 15 95 185 357 357 390 0 0 28 92 429 590 390 647 0 0 21 77 338 600 420 404 
3 459 489 504 514 487 518 532 0 475 516 496 539 546 458 526 0 422 425 505 474 552 518 477 
3 578 603 498 470 573 540 483 7 851 446 505 468 478 555 544 6 897 361 523 499 501 534 548 
10 878 548 561 542 471 466 530 5 975 556 508 534 548 517 479 6 989 421 565 528 568 470 472 
118 906 900 798 450 557 534 556 1 1023 1017 436 541 585 553 488 0 1024 959 77 485 578 560 479 
175 849 848 835 639 533 544 556 0 1024 1022 754 326 503 462 548 0 1024 1011 76 582 448 474 493 
176 607 673 554 479 491 483 485 3 938 817 557 425 578 461 507 1 984 775 276 450 462 477 478 
39 246 523 586 499 523 478 520 4 632 589 560 569 467 527 482 1 828 386 383 529 514 489 544 
222 766 747 640 479 545 456 464 42 980 882 558 574 540 543 484 9 1000 831 421 472 526 544 540 
195 800 783 727 641 598 529 532 32 965 921 867 513 456 569 483 4 989 902 581 595 512 532 540 
14 152 472 573 575 464 534 473 7 555 598 553 487 537 548 477 5 912 264 341 543 554 557 540 
296 632 618 512 532 514 571 550 135 827 787 744 618 520 455 537 78 908 818 700 643 508 523 561 
275 726 676 638 506 601 566 518 42 946 905 797 645 500 447 549 2 975 934 680 629 470 487 532 
40 169 544 594 474 427 457 475 60 543 523 507 540 503 470 545 39 866 264 450 517 495 492 541 
144 526 551 604 509 545 480 528 119 681 624 573 546 536 488 538 83 808 533 477 554 548 479 491 
193 668 710 527 503 542 536 542 85 787 778 541 484 506 532 528 7 844 683 610 537 519 483 489 
9 91 429 584 466 543 506 496 15 531 532 506 474 490 561 470 14 828 266 359 550 506 537 533 
37 599 527 554 566 466 542 458 36 754 591 563 476 550 533 475 10 829 482 502 471 456 560 529 
14 236 446 428 513 543 413 454 16 312 606 561 529 487 494 456 0 303 621 572 445 537 527 466 
0 17 244 330 393 498 447 424 2 148 486 579 533 495 493 539 4 188 457 525 533 480 536 472 
0 56 245 346 410 477 481 488 2 153 380 579 477 531 564 477 1 150 330 454 493 485 527 459 
0 87 236 410 442 410 449 515 0 157 411 456 457 544 491 459 0 152 388 433 464 472 561 535 
0 0 5 24 126 721 217 708 0 0 8 39 741 264 409 497 0 0 8 51 750 245 253 631 
