757 682 719 698 670 626 596 572 1015 410 652 571 444 472 482 509 929 380 281 473 561 518 570 502 
676 422 440 438 514 511 494 528 939 146 491 488 473 516 501 533 762 287 394 529 507 510 475 530 
638 466 491 538 539 561 516 529 1024 91 804 354 515 501 500 522 997 86 388 559 516 540 509 536 
521 542 555 573 526 543 498 506 1013 58 767 338 520 495 498 519 955 85 592 427 476 507 528 506 
325 699 673 515 515 525 499 507 947 78 617 424 548 512 515 508 800 224 464 508 483 528 502 506 
143 881 876 630 468 527 509 515 955 74 708 460 526 512 521 500 835 191 606 473 496 479 505 522 
125 899 825 526 513 511 493 534 921 106 538 418 530 506 503 504 626 398 673 504 529 522 507 540 
57 967 891 575 489 489 531 512 984 50 734 526 523 512 536 509 925 99 660 451 544 495 540 515 
75 949 845 664 552 502 520 505 862 162 712 488 500 500 543 511 825 198 603 457 549 498 538 525 
248 776 771 669 512 512 521 517 1024 6 648 493 518 486 489 531 1024 0 676 470 507 533 501 514 
115 909 786 574 512 504 494 522 1023 24 612 509 500 505 495 517 1004 21 621 395 533 513 521 527 
78 946 909 624 508 515 498 511 1024 27 931 529 509 513 512 501 1023 1 789 403 529 493 561 506 
140 882 819 582 553 495 487 509 1003 34 742 511 559 500 525 483 980 45 590 511 489 508 532 529 
112 899 694 533 518 517 489 514 857 221 638 511 480 531 510 523 717 326 604 530 508 539 504 498 
231 793 687 486 499 522 490 516 1019 158 587 506 534 498 487 490 1004 162 470 495 513 494 495 510 
59 927 613 547 535 513 504 510 671 373 528 484 504 487 513 490 562 461 432 502 500 486 500 511 
29 958 593 496 518 524 536 494 568 469 581 525 538 524 509 507 431 544 541 532 486 533 516 540 
153 862 619 508 484 528 504 512 834 254 631 538 498 519 518 521 749 290 547 498 535 526 508 523 
203 821 697 433 507 510 525 487 937 167 596 484 521 509 500 505 900 194 509 520 547 511 536 529 
61 955 802 545 537 511 522 535 985 158 636 547 522 496 510 516 963 76 521 555 491 505 522 521 
68 956 750 480 508 490 490 543 1021 116 728 543 517 519 509 515 986 56 492 499 523 522 509 490 
32 992 796 478 493 478 508 512 945 95 563 496 537 481 517 508 790 234 366 529 533 523 499 534 
60 964 768 533 545 478 517 530 962 71 400 474 508 497 550 488 813 211 439 477 521 527 512 511 
6 1014 681 441 508 489 492 516 698 326 410 531 519 532 515 528 504 520 470 453 503 540 493 528 
36 988 720 458 518 528 502 471 498 526 547 560 485 486 506 522 354 670 592 528 531 526 510 526 
20 1004 757 543 543 526 492 506 969 76 451 558 540 517 497 536 895 132 337 558 505 475 500 512 
36 988 717 510 503 516 504 508 1020 5 525 555 493 505 513 549 963 61 248 567 500 502 507 496 
11 1010 793 418 499 496 510 471 866 158 304 490 526 512 498 500 557 467 510 505 528 503 479 518 
3 1004 604 524 518 503 511 498 993 31 297 503 533 504 526 506 655 369 369 508 539 515 535 523 
11 1013 729 455 481 525 521 518 990 34 308 437 496 531 500 538 582 442 497 592 499 483 508 510 
20 1004 912 469 499 512 535 526 1020 4 492 474 510 509 501 538 851 173 336 549 495 499 487 506 
1 1023 865 432 479 494 524 515 714 310 506 531 495 540 518 529 565 459 500 606 521 486 540 533 
2 1022 865 416 497 516 521 514 879 145 530 494 522 503 546 532 677 347 545 479 499 525 496 485 
42 982 833 502 511 535 511 521 884 140 551 434 505 510 507 532 661 363 525 508 530 493 500 529 
48 976 888 602 475 517 546 530 1024 9 936 422 530 492 512 502 1024 0 697 404 488 506 531 518 
16 1008 999 705 484 499 517 517 1024 8 994 642 453 492 510 496 1024 2 916 447 512 509 510 500 
81 943 933 776 522 513 515 520 1024 3 942 490 520 500 524 504 1024 0 836 439 473 523 517 529 
58 966 963 674 534 518 516 500 1024 13 947 610 480 519 491 535 1024 3 835 479 527 516 515 519 
22 1002 817 477 514 521 503 547 1024 41 757 559 509 513 510 512 1008 17 602 441 515 524 493 546 
13 1005 795 519 498 542 528 505 964 73 668 493 530 507 503 509 902 117 553 413 510 506 498 524 
32 992 822 455 503 534 528 523 1024 79 770 498 540 515 499 500 1019 25 641 500 505 533 531 532 
17 972 690 573 528 499 513 511 893 200 664 500 524 477 538 509 784 268 657 489 509 554 511 510 
24 977 702 407 537 503 498 506 840 246 574 554 475 526 542 525 646 395 602 521 502 492 565 514 
31 987 596 549 479 547 497 555 934 119 502 565 530 486 498 522 757 275 523 475 529 496 531 535 
32 971 698 509 541 522 506 516 945 112 580 503 523 516 487 484 868 170 414 499 507 497 505 507 
57 950 785 581 517 492 521 454 943 117 717 524 535 505 517 501 916 121 594 467 517 533 537 483 
139 885 807 634 514 489 499 512 1019 16 626 533 497 532 507 515 1015 11 617 487 466 490 510 520 
32 941 485 456 529 511 538 506 958 90 602 525 473 495 531 495 801 228 436 536 515 488 518 502 
4 952 398 527 521 520 545 521 980 118 556 541 503 505 506 529 880 168 483 476 518 486 524 471 
9 994 589 482 537 488 523 512 1020 113 698 519 522 486 514 522 967 79 576 477 525 523 503 518 
1 833 531 457 533 529 504 506 850 176 537 477 536 494 538 491 545 479 504 531 520 504 532 557 
123 887 671 538 509 494 508 497 956 83 453 538 495 499 504 505 843 182 326 612 499 499 504 509 
292 732 705 544 483 503 494 496 1015 50 424 565 542 514 525 481 1006 23 349 569 537 510 501 529 
92 886 578 537 533 500 502 500 956 74 477 531 482 520 537 467 728 296 479 556 479 558 510 538 
13 948 438 506 532 504 520 517 1000 25 513 498 537 507 515 522 770 254 378 507 536 507 514 514 
1 602 559 614 516 482 504 522 376 648 372 443 556 498 482 516 138 556 629 481 540 522 515 537 
2 923 466 479 530 502 533 513 759 265 533 502 517 503 502 521 426 590 432 489 496 503 540 498 
6 918 606 531 517 550 531 513 828 197 484 552 482 507 500 518 661 333 417 491 494 504 511 518 
28 995 710 507 513 508 543 539 1001 49 669 523 523 528 533 492 916 109 574 461 503 501 516 509 
58 946 736 475 483 531 519 504 950 110 604 548 497 518 527 472 862 166 500 506 543 509 537 530 
13 959 446 492 510 484 486 513 856 188 572 535 512 531 495 566 569 455 472 523 544 510 529 525 
6 979 541 524 503 490 482 498 914 111 427 471 515 505 487 511 538 483 491 500 534 499 521 526 
11 1008 551 522 502 502 499 524 814 218 628 489 480 538 522 530 553 471 460 580 521 516 554 531 
2 1005 630 460 498 522 534 537 958 91 654 506 506 511 530 570 788 235 388 506 483 518 541 504 
0 1010 461 452 501 493 509 509 967 57 571 481 504 500 516 524 808 214 388 515 543 510 507 510 
1 965 371 488 514 501 551 467 403 621 547 520 518 516 506 506 218 753 440 478 487 512 483 510 
1 1023 750 481 520 511 499 530 1023 2 838 442 491 500 498 521 1016 8 495 442 500 518 499 487 
12 1012 907 521 533 527 507 515 1024 4 802 521 501 516 532 507 1023 1 585 494 498 529 511 515 
14 1010 837 465 463 493 507 498 1024 0 770 439 540 540 514 518 1013 11 517 472 534 519 511 494 
9 1015 811 477 508 503 520 496 1019 6 595 484 492 509 506 525 999 25 413 501 528 484 493 521 
6 976 555 507 525 516 531 499 821 213 646 535 519 525 492 478 705 314 537 521 496 532 523 494 
16 778 471 534 519 497 512 509 537 494 565 493 517 505 538 534 317 673 570 577 487 498 519 546 
0 872 311 480 485 509 531 502 728 297 502 497 534 536 497 487 491 513 522 498 515 501 499 528 
7 861 376 511 507 497 521 519 711 325 553 511 515 496 488 512 505 517 514 529 514 529 480 510 
2 933 419 514 468 514 518 516 795 239 524 492 515 503 496 513 601 411 492 502 495 513 498 525 
3 973 430 477 526 524 494 518 954 113 627 522 525 495 524 517 869 161 571 489 495 506 522 515 
9 893 504 502 514 490 519 530 756 310 664 538 517 494 504 502 543 477 458 507 542 533 493 498 
92 932 643 532 504 510 486 508 825 199 550 511 514 525 527 528 697 327 463 536 523 522 495 518 
95 904 606 527 542 504 523 490 840 184 439 516 521 507 480 497 669 352 359 529 515 509 486 531 
0 897 342 502 506 534 508 511 723 301 406 494 524 523 519 534 315 676 534 540 489 516 507 480 
5 872 458 515 523 521 511 518 627 398 538 483 503 523 493 538 491 512 470 530 521 486 500 504 
7 832 453 496 548 510 505 514 435 575 524 516 465 495 509 531 340 599 411 486 520 515 506 516 
39 822 484 524 501 496 483 516 460 562 464 497 512 533 505 481 258 735 490 493 530 514 497 503 
349 678 601 508 492 515 502 535 860 180 397 519 528 520 528 515 796 240 380 491 483 506 515 519 
483 523 496 516 515 520 534 510 689 356 468 515 516 517 521 516 640 383 458 512 504 528 504 493 
250 721 568 488 502 520 536 506 811 213 330 588 517 497 509 508 713 311 353 563 527 485 516 492 
13 710 458 527 503 499 524 521 514 509 546 495 503 503 530 469 313 687 420 518 493 508 499 478 
1 404 662 590 516 517 492 508 289 723 428 474 513 494 539 500 122 501 594 518 499 524 520 515 
0 471 588 537 480 511 524 489 374 643 503 509 528 518 486 519 181 555 508 494 492 527 540 527 
0 511 559 534 493 538 524 491 258 764 523 503 533 541 520 516 77 693 498 525 515 547 511 522 
0 519 541 631 561 524 500 488 294 730 431 612 525 522 487 512 131 506 578 597 513 524 496 507 
13 796 483 551 517 521 508 525 713 318 510 497 517 478 513 518 381 607 482 496 516 505 519 508 
3 875 419 502 521 519 507 512 725 299 438 510 481 488 537 528 377 604 498 541 525 515 521 510 
0 634 439 527 512 510 536 534 409 615 521 529 502 500 494 512 70 802 501 496 513 549 526 513 
4 860 447 501 490 521 512 507 695 330 460 539 522 499 496 502 313 626 528 520 488 489 480 503 
1 992 393 512 524 511 525 501 862 168 482 520 508 479 481 523 448 573 499 536 534 514 519 519 
0 962 255 566 508 507 491 527 918 109 495 497 503 527 512 508 727 297 420 492 504 508 511 483 
0 1004 312 470 521 530 500 516 952 72 514 485 518 512 486 512 769 255 338 503 515 511 514 502 
0 1020 520 495 500 503 535 534 993 31 391 549 518 501 526 540 866 158 285 562 544 484 533 510 
0 991 453 458 483 532 472 528 857 167 448 489 492 515 509 535 625 399 375 556 521 485 514 501 
0 884 269 525 535 494 563 515 605 419 478 545 506 492 492 503 324 697 556 501 514 495 521 515 
0 982 323 586 491 524 472 488 910 114 510 436 498 510 551 508 718 306 343 577 519 495 513 487 
0 995 366 519 521 520 516 524 907 117 511 488 513 508 499 512 744 282 447 543 516 517 509 497 
0 940 446 458 512 501 498 526 956 70 501 464 493 511 493 530 640 384 590 470 504 488 531 517 
0 962 263 507 481 512 493 501 967 62 540 492 517 500 521 506 679 345 405 477 497 529 510 474 
7 1011 689 431 509 472 503 507 978 46 500 449 494 534 507 534 852 172 320 521 495 501 505 483 
0 948 315 528 503 532 521 520 954 86 556 492 499 528 497 514 713 311 348 516 515 491 526 500 
1 708 417 514 516 501 498 504 636 402 562 556 492 502 515 518 339 660 534 487 491 525 507 524 
0 650 429 555 503 509 492 462 339 692 628 548 501 492 486 515 188 756 477 490 514 504 494 487 
26 838 438 528 529 524 515 520 203 821 640 501 496 536 490 506 94 847 604 533 487 512 518 529 
22 487 592 581 519 523 484 505 85 939 427 568 528 495 523 520 46 634 486 536 532 525 502 502 
0 275 751 589 502 511 510 493 50 948 370 511 506 548 506 519 2 470 615 537 485 510 521 529 
1 685 446 514 494 516 528 532 596 415 509 477 498 485 514 453 313 623 502 537 501 535 504 524 
0 536 553 539 534 517 514 492 170 827 432 500 496 489 488 492 34 666 523 527 524 516 513 497 
88 738 480 495 509 502 506 488 335 683 544 511 514 501 529 536 155 788 516 520 510 540 483 520 
311 683 496 517 494 518 485 529 711 335 459 538 519 508 535 491 568 465 475 496 530 516 529 501 
561 475 453 494 527 516 514 483 722 346 448 539 546 514 501 496 719 339 414 509 523 519 510 502 
296 701 569 505 516 519 500 508 712 314 383 552 505 531 531 482 653 372 426 534 518 516 495 523 
8 399 783 634 465 513 545 516 186 715 341 463 480 504 496 522 118 364 743 410 493 512 518 539 
0 134 900 679 448 505 536 515 49 631 406 521 550 490 527 504 1 123 880 262 427 478 509 493 
0 252 760 573 501 498 511 520 193 666 447 527 517 503 504 528 64 384 672 443 485 516 486 514 
0 141 869 661 459 522 500 505 12 704 455 519 484 510 493 518 0 161 762 372 481 541 516 511 
0 73 953 922 535 515 539 492 0 800 231 386 520 511 520 515 0 10 969 214 471 501 527 504 
0 397 660 592 495 505 498 498 127 824 483 530 480 510 530 529 8 505 605 484 482 520 536 507 
0 435 620 639 525 502 529 506 234 790 392 541 514 494 536 492 57 477 652 525 522 513 500 545 
0 575 521 591 504 476 524 520 400 573 414 437 488 516 530 504 104 601 622 457 520 506 511 519 
0 535 550 598 483 513 507 526 360 660 392 522 554 508 546 525 108 540 622 478 529 489 491 505 
0 775 437 516 513 498 525 527 560 465 555 498 515 517 524 509 269 640 454 547 499 512 487 491 
93 687 424 479 504 518 482 503 373 710 791 557 510 516 529 507 244 793 390 529 504 488 536 501 
54 803 322 492 486 511 507 518 570 479 592 531 514 509 511 471 201 819 532 482 520 516 510 511 
303 938 387 530 497 500 494 523 951 325 520 465 487 504 511 507 696 580 522 493 501 522 501 519 
538 885 474 567 567 535 507 526 975 481 595 414 481 511 505 512 902 567 537 586 557 527 510 517 
296 833 384 526 545 518 508 483 560 683 479 595 523 531 511 522 524 724 503 557 554 523 506 510 
67 822 364 490 476 511 506 512 540 532 472 547 520 533 514 519 250 791 573 516 521 520 525 544 
18 789 500 553 489 488 535 514 664 324 472 497 523 506 513 522 392 565 455 509 494 547 511 490 
6 548 480 551 532 492 497 496 359 475 600 502 530 517 510 529 108 678 585 483 470 512 518 485 
13 600 405 543 519 511 518 480 691 79 605 396 425 543 506 512 442 318 571 410 455 513 533 498 
24 706 578 521 533 513 511 495 616 169 553 464 518 512 505 511 485 293 498 482 450 492 525 522 
11 694 344 506 502 514 521 526 681 233 428 491 480 561 541 534 168 747 669 479 472 539 539 539 
1 912 340 512 518 513 511 512 958 89 491 509 537 521 490 505 508 515 503 539 516 495 484 519 
5 457 671 484 499 514 529 513 316 688 422 508 523 538 491 487 190 555 518 521 533 504 532 514 
8 332 753 573 496 527 527 528 103 733 414 544 525 523 525 487 24 382 734 498 466 495 523 526 
1 258 785 481 526 521 517 523 81 717 437 526 510 494 515 520 16 327 710 416 523 518 511 506 
1 332 704 503 518 499 503 487 125 791 443 475 487 496 485 514 23 485 638 461 502 482 525 488 
55 533 527 500 530 538 528 494 290 701 553 501 506 499 548 539 104 747 525 549 536 534 541 518 
0 369 655 507 551 528 506 501 100 778 477 520 540 486 516 500 16 546 595 446 534 536 499 488 
0 345 691 500 487 525 527 494 50 855 443 491 507 516 513 500 1 460 635 483 500 523 502 496 
86 537 623 489 501 536 529 532 233 586 560 504 536 530 470 474 144 550 573 489 520 524 512 503 
249 687 527 501 523 535 535 511 406 598 517 537 521 549 500 502 349 622 529 508 519 500 527 499 
294 586 569 476 534 497 534 524 406 655 387 520 478 469 484 524 373 555 496 500 514 494 509 514 
174 404 671 542 479 520 538 506 185 598 498 632 510 530 514 540 179 292 712 406 456 487 501 529 
0 15 1009 734 419 508 546 506 0 373 656 625 525 516 527 513 0 2 828 248 442 502 510 496 
0 317 712 556 513 515 526 510 14 886 273 447 481 514 500 520 1 370 680 432 480 514 479 508 
0 181 876 679 417 520 511 542 71 326 708 673 541 473 511 490 41 132 623 451 476 502 546 537 
1 423 752 731 449 537 491 499 39 550 667 615 463 524 510 509 13 363 637 461 486 531 528 532 
25 796 500 567 543 538 510 503 233 740 414 553 502 508 531 498 127 640 495 474 502 525 499 524 
6 574 581 600 556 512 534 530 132 886 399 501 497 538 522 483 78 491 565 451 488 497 509 524 
1 534 535 613 502 519 539 526 345 416 605 581 565 542 538 480 111 500 596 416 472 512 519 546 
0 247 789 630 498 505 504 515 87 832 392 565 522 522 483 510 5 329 714 487 528 518 504 487 
0 632 509 527 509 525 499 499 452 572 520 574 485 516 504 513 169 678 497 516 502 507 552 532 
979 748 549 468 501 501 526 519 989 759 714 384 527 510 537 529 994 765 716 387 529 519 508 534 
1003 876 595 500 494 483 487 507 1005 889 747 440 495 501 508 513 1002 885 725 401 508 505 503 511 
823 771 695 474 559 509 508 516 845 771 779 473 523 525 525 523 823 759 800 378 597 501 520 516 
662 502 627 526 481 520 500 518 681 580 578 577 486 509 497 534 689 606 647 527 491 552 534 494 
943 659 342 519 530 522 520 494 964 747 441 523 494 498 513 523 971 781 625 544 506 503 516 529 
677 618 481 506 527 491 502 501 740 616 476 496 497 473 506 529 775 618 475 538 530 522 533 522 
497 509 561 514 510 497 524 489 602 515 459 517 519 510 514 506 613 511 475 524 520 534 493 529 
273 619 480 533 533 515 523 539 311 693 421 519 502 529 527 533 292 619 505 547 461 513 529 507 
167 507 604 496 560 523 512 517 223 548 518 522 481 497 526 547 240 521 539 509 527 504 502 477 
148 597 552 489 513 510 533 516 198 704 387 433 526 547 540 486 197 693 406 444 521 501 483 524 
333 402 635 439 519 545 490 499 424 455 609 601 467 544 533 539 389 532 617 548 510 529 501 502 
544 663 488 516 516 503 524 521 808 520 575 509 500 527 491 484 708 645 552 539 505 505 548 524 
477 784 566 470 562 514 505 508 845 497 550 467 519 515 524 508 812 518 481 509 526 546 513 525 
430 694 543 502 522 512 506 515 560 655 571 555 508 546 525 494 527 650 637 515 522 501 520 537 
362 407 689 484 525 509 502 476 379 542 633 558 496 496 497 525 380 405 693 430 522 540 510 512 
341 392 687 480 492 490 532 522 354 680 517 541 497 516 519 517 350 424 696 478 518 523 531 520 
290 389 673 565 483 510 503 495 305 731 470 482 517 522 528 506 309 425 724 474 495 523 513 531 
231 349 740 477 538 519 507 514 238 600 584 554 502 503 513 538 240 319 700 460 500 527 511 531 
173 326 738 529 508 498 516 506 173 790 411 476 547 485 532 542 173 364 716 493 547 496 519 504 
151 328 752 376 555 498 490 506 195 386 721 422 474 547 512 521 158 306 506 554 594 473 512 519 
494 669 507 495 527 525 512 485 608 636 530 524 510 523 534 497 560 643 535 513 484 525 517 504 
746 684 347 340 382 511 507 523 667 832 248 633 440 487 497 497 597 861 266 613 412 477 525 527 
792 759 384 418 564 492 503 552 778 807 351 531 493 494 493 507 746 725 349 611 439 544 505 517 
31 266 771 699 463 504 485 513 27 382 651 625 499 516 517 504 24 60 875 326 484 532 507 512 
0 347 688 731 501 534 493 529 8 692 495 548 564 509 539 503 1 392 734 469 561 472 492 503 
100 560 550 577 494 493 524 526 324 630 467 525 496 528 499 531 120 621 561 481 511 478 513 500 
47 791 466 517 503 507 508 502 511 517 524 511 497 483 482 512 227 724 477 503 499 511 510 513 
9 670 528 520 522 480 512 550 216 606 414 537 502 509 534 524 108 394 685 471 516 487 515 509 
16 700 421 554 535 494 496 521 90 853 431 491 517 511 472 493 35 634 515 523 513 516 526 499 
7 700 420 534 507 502 503 503 339 659 409 522 495 502 504 510 107 655 529 498 483 524 495 495 
42 281 748 743 449 499 513 518 35 981 88 345 570 506 494 499 28 113 919 383 619 519 499 525 
0 202 843 768 431 511 513 488 34 453 642 464 591 517 504 475 7 170 709 463 500 523 497 499 
876 768 506 416 499 533 524 536 1024 899 691 421 503 511 506 526 1021 699 835 448 473 489 497 505 
807 741 413 580 459 513 521 500 970 881 592 337 476 533 497 496 971 628 816 464 487 527 506 538 
539 478 555 547 543 494 500 545 736 675 486 420 534 452 500 496 729 353 800 514 564 476 504 544 
396 662 707 666 470 533 486 533 800 675 475 461 488 535 492 510 802 342 819 540 463 507 488 489 
549 804 611 553 529 525 533 533 1010 865 376 328 510 483 488 522 1017 445 832 450 546 525 512 485 
211 783 688 465 529 507 500 500 842 386 596 580 494 474 503 538 797 305 581 484 515 491 510 538 
81 730 496 553 521 492 512 509 703 321 642 606 536 476 519 484 628 325 448 535 499 514 513 512 
34 630 736 458 488 516 541 511 594 262 786 642 516 514 502 541 548 190 704 482 523 525 505 523 
97 457 726 431 515 521 501 504 406 365 645 467 493 535 518 521 341 312 716 433 502 477 545 530 
109 319 657 482 529 513 541 540 190 395 622 473 503 522 508 502 156 342 719 407 475 528 504 510 
321 284 539 507 467 491 521 515 355 314 626 559 486 518 508 522 379 366 603 562 500 521 509 520 
486 330 454 617 524 517 489 527 527 384 503 598 503 514 507 506 545 542 493 495 506 492 494 473 
461 340 456 616 504 505 515 493 483 401 508 599 504 533 546 516 489 523 496 546 547 510 523 532 
493 463 409 558 514 514 484 487 518 532 473 571 516 487 494 499 550 571 570 541 487 494 523 534 
464 392 541 523 503 526 505 538 497 461 561 567 525 511 481 504 521 584 519 558 514 520 519 536 
499 430 479 558 502 538 534 528 536 498 515 518 505 532 505 532 565 543 535 552 548 517 525 512 
472 440 462 601 502 528 523 500 513 480 529 565 518 536 528 524 534 529 590 540 521 510 537 510 
513 439 499 561 498 502 497 531 549 500 516 543 536 534 519 525 573 539 571 540 522 550 523 517 
539 491 503 531 500 529 478 524 565 560 529 519 534 501 533 494 584 613 572 532 527 524 540 519 
536 478 496 587 514 517 485 523 577 557 527 496 516 530 492 519 605 597 585 504 537 507 499 521 
553 554 492 488 509 509 517 529 595 592 519 540 504 535 516 484 629 628 570 547 530 531 526 534 
597 544 544 535 544 504 520 507 629 562 620 518 540 527 501 501 668 573 624 550 537 540 519 557 
634 538 551 486 502 511 526 508 652 553 608 520 533 522 521 528 676 579 627 543 536 542 497 501 
573 595 538 448 510 502 516 528 589 596 592 497 497 481 476 510 613 605 632 530 520 521 523 527 
529 570 549 533 498 486 498 489 539 613 572 519 519 498 496 490 553 601 648 491 516 511 523 524 
551 592 523 480 520 475 530 514 578 661 489 512 492 514 528 537 592 615 551 506 512 536 490 531 
443 560 554 561 524 512 515 513 521 713 485 548 513 562 476 482 512 659 492 535 522 496 496 495 
432 606 490 515 502 535 533 496 679 537 513 537 530 536 476 518 524 759 496 507 513 487 508 525 
406 628 544 539 517 519 506 527 602 609 443 489 522 498 533 499 574 547 483 510 499 525 506 520 
515 632 483 475 473 513 509 526 445 741 461 496 490 515 514 516 409 719 426 497 503 545 522 514 
397 615 468 516 531 522 522 512 355 644 493 476 512 493 513 498 305 573 450 504 501 482 502 513 
26 698 504 567 487 518 490 509 192 673 536 562 500 498 500 495 198 565 534 481 521 512 481 541 
4 1020 864 526 535 520 529 514 1024 301 719 508 516 510 498 504 1022 2 358 562 540 476 525 493 
29 995 817 614 539 496 516 480 1024 376 634 371 498 493 524 486 991 37 493 497 501 512 547 517 
51 973 740 636 530 499 510 515 1024 420 577 317 523 524 488 510 982 42 543 500 471 520 560 492 
4 1020 785 503 488 546 517 540 1024 303 719 550 479 525 507 512 1023 1 488 504 470 519 518 515 
6 1018 819 379 513 510 494 532 1024 241 784 708 482 500 522 530 1024 1 426 585 525 512 499 501 
14 1010 641 483 456 490 519 523 1024 155 864 696 552 510 509 528 1019 6 372 532 533 504 496 528 
21 990 450 544 522 527 504 480 1024 152 848 635 501 515 535 534 1016 15 246 598 497 533 518 507 
8 985 546 480 499 507 503 538 1020 119 843 527 522 515 516 520 1003 22 354 557 527 482 523 521 
28 901 403 540 516 525 512 473 923 140 517 516 500 522 497 494 813 216 406 497 513 532 492 515 
64 626 508 520 495 490 503 494 760 366 518 528 535 483 521 510 528 496 486 478 513 533 523 521 
192 331 347 651 461 556 505 511 293 383 368 597 469 504 494 526 268 357 428 574 488 523 496 529 
59 125 219 758 515 512 504 518 89 109 336 691 544 515 532 514 99 105 465 567 540 521 521 519 
29 173 285 704 489 521 490 513 54 166 436 598 523 515 504 499 64 160 545 507 537 520 505 509 
46 138 235 751 497 475 527 503 80 119 343 665 556 513 489 518 94 117 432 588 527 537 499 507 
66 137 290 665 540 525 502 500 91 125 456 572 513 523 506 504 108 119 624 440 504 507 510 528 
112 97 300 721 526 516 512 532 130 109 444 571 489 519 497 487 131 114 550 516 487 508 489 503 
78 122 246 750 468 500 522 484 91 124 319 689 502 481 519 527 104 119 433 596 523 557 512 508 
46 176 276 731 492 520 502 514 66 166 364 687 524 502 491 529 83 165 473 590 545 500 475 504 
80 172 306 720 504 525 511 505 101 170 399 629 532 513 528 547 115 169 538 509 518 510 535 506 
78 182 324 678 544 505 508 529 97 174 411 609 579 522 512 509 107 184 544 490 525 493 522 505 
45 192 379 642 497 483 500 502 52 197 379 653 581 534 530 531 57 202 432 605 577 527 534 492 
276 351 602 505 483 519 521 543 287 354 642 476 502 507 515 487 301 361 637 443 550 502 504 493 
16 325 631 470 525 479 523 531 37 328 729 393 505 550 500 486 57 336 756 413 505 523 506 535 
9 332 549 525 528 506 504 514 22 374 643 437 495 533 514 499 35 410 649 415 470 521 517 519 
9 410 565 482 514 534 508 511 21 464 624 437 496 508 516 509 38 495 622 437 488 500 498 519 
30 283 711 402 502 515 478 497 40 320 700 382 491 514 516 518 44 356 641 414 497 482 520 508 
125 483 622 531 517 517 487 527 156 522 587 548 537 524 523 521 173 551 571 564 524 500 535 484 
13 331 774 610 502 538 498 487 47 412 669 599 533 505 518 488 73 407 630 646 572 484 503 511 
109 419 674 647 544 508 512 523 133 465 613 534 522 478 516 494 135 457 611 478 496 490 496 514 
1 533 548 672 565 482 493 494 16 484 575 552 564 522 552 536 30 207 830 579 552 513 532 544 
138 870 630 484 477 508 518 520 65 905 342 573 496 498 518 467 16 569 555 493 509 520 528 527 
109 589 584 471 554 495 488 489 398 467 516 514 517 507 511 518 254 456 542 492 466 508 484 511 
0 1014 217 691 502 503 497 504 1024 11 985 363 532 555 511 523 951 73 102 375 520 509 509 522 
0 1019 116 608 494 504 527 496 1024 3 868 249 490 537 496 516 773 251 259 376 457 537 527 520 
0 1024 109 753 495 485 512 507 1024 0 889 221 524 496 495 534 847 177 179 247 468 519 519 509 
0 1024 437 516 478 528 505 520 1024 10 947 347 520 509 527 518 943 81 98 345 513 521 530 543 
3 1017 354 619 496 500 485 519 1024 25 990 535 494 519 510 503 1005 19 56 477 481 499 486 500 
19 999 230 574 530 492 493 491 1023 164 839 660 439 516 522 513 1008 31 299 612 522 486 502 522 
43 942 378 547 507 494 493 543 1024 259 711 545 523 526 510 519 999 46 431 549 546 528 517 535 
18 981 627 419 506 489 532 517 1024 261 742 565 485 515 498 542 1017 14 554 494 506 495 516 493 
325 699 492 530 515 505 499 541 1015 260 578 536 514 502 510 535 989 185 498 504 517 501 504 523 
154 712 543 473 500 536 543 530 896 365 520 518 497 511 507 505 743 361 548 506 509 523 521 519 
294 383 481 543 517 504 502 481 483 391 562 478 528 549 506 495 484 407 597 445 522 516 524 526 
56 219 400 646 520 513 544 493 143 173 570 486 526 495 505 532 175 196 679 455 507 509 523 513 
61 192 413 604 517 490 501 504 139 156 529 528 494 509 520 514 176 189 628 529 494 482 525 515 
93 183 422 570 498 536 515 501 147 177 586 497 528 507 505 530 175 262 665 465 494 527 520 520 
103 208 484 546 507 504 521 513 155 218 645 428 507 508 499 513 187 267 696 484 526 506 510 513 
113 199 350 628 529 504 505 531 149 204 511 564 539 520 485 518 177 230 683 477 492 500 514 476 
88 235 359 651 533 493 520 547 135 225 534 545 554 518 503 525 183 242 652 456 506 502 514 524 
118 228 485 542 484 511 511 509 167 266 605 514 514 527 509 501 201 322 638 529 515 488 506 533 
142 226 455 570 510 499 532 498 184 263 608 511 538 517 495 505 219 305 650 510 518 518 515 496 
75 191 347 655 494 506 493 503 99 236 480 553 499 490 478 521 132 254 629 497 509 497 523 526 
58 133 504 512 507 484 518 488 80 146 447 569 525 509 521 507 88 163 474 621 542 517 516 536 
466 289 676 395 481 514 526 519 481 325 675 384 447 529 514 516 484 331 576 493 497 501 527 509 
219 263 599 441 490 518 519 482 254 272 542 525 548 498 502 523 281 331 523 504 572 540 499 529 
52 180 736 339 483 508 505 529 83 179 684 383 429 512 514 541 114 193 559 501 553 549 512 498 
66 109 838 264 507 513 505 517 88 116 790 269 444 485 499 530 99 128 652 432 506 506 518 525 
22 41 949 408 510 527 505 528 30 40 824 313 539 500 505 524 32 45 581 453 519 559 527 496 
262 234 776 616 541 484 507 511 261 204 813 483 518 499 530 499 251 183 727 403 520 506 527 537 
0 9 1011 636 392 493 504 534 0 8 1000 83 495 526 497 533 0 11 503 547 547 518 508 498 
152 165 836 800 421 509 495 480 152 126 881 301 660 513 514 524 140 100 758 317 371 514 504 506 
0 870 155 438 566 520 512 490 0 696 328 333 421 532 525 483 0 6 1009 581 396 483 519 521 
32 973 327 502 523 514 515 511 36 948 257 510 502 496 504 511 7 431 637 561 530 519 497 512 
23 532 592 652 533 532 501 510 176 382 601 606 476 488 534 515 34 366 709 415 467 504 522 518 
0 1001 126 457 545 490 506 505 1024 4 857 298 483 515 507 519 823 201 216 354 479 495 510 515 
13 995 246 428 492 536 506 524 1024 12 943 319 547 471 507 517 871 154 210 474 525 486 523 529 
2 1015 161 428 550 510 543 526 1024 11 902 246 478 498 528 523 739 285 302 416 539 525 519 519 
0 1017 245 493 532 524 501 516 1024 0 879 271 491 516 533 499 758 266 266 404 492 493 498 544 
0 1024 268 654 511 498 503 524 1024 10 889 385 477 536 532 529 873 151 161 356 492 525 513 527 
4 964 401 536 502 537 521 524 1024 54 809 541 539 526 519 498 924 100 218 535 510 494 524 485 
1 791 318 487 527 529 514 539 1004 108 789 499 514 521 488 520 896 131 262 511 512 509 512 487 
3 843 368 559 503 484 510 509 1024 77 860 537 519 511 503 526 939 87 271 594 502 514 530 520 
125 820 518 517 538 492 527 489 1024 367 604 501 522 529 521 510 982 149 565 513 500 501 514 508 
149 822 532 524 504 510 497 513 997 277 531 513 501 528 516 506 890 208 531 478 512 497 538 504 
216 532 453 525 502 535 494 525 745 351 565 527 518 519 534 503 680 301 548 500 500 505 494 504 
107 274 329 566 491 492 504 500 225 253 510 537 545 523 502 518 246 330 587 497 536 504 504 537 
101 147 285 677 519 482 517 553 113 179 579 551 493 531 510 510 127 250 672 513 536 541 494 524 
56 206 327 656 498 533 509 513 124 179 475 540 506 490 500 501 139 225 600 566 534 496 512 510 
56 131 403 592 477 519 516 503 72 162 526 582 484 506 506 545 89 211 564 602 534 504 531 503 
52 80 244 720 519 511 503 503 60 102 258 759 462 530 527 515 67 131 412 660 477 517 541 517 
10 69 148 814 549 479 536 492 19 65 159 808 457 506 513 488 21 96 255 761 503 506 522 506 
0 44 187 801 696 506 523 517 0 46 314 695 624 559 486 498 2 68 352 685 679 491 524 502 
4 39 313 705 630 539 484 518 5 43 509 515 547 490 500 518 11 61 456 587 582 535 511 504 
0 13 317 707 672 526 520 521 0 12 348 677 572 549 518 512 1 15 299 724 538 541 516 507 
0 6 551 521 605 514 531 486 0 4 377 680 490 511 529 535 0 3 262 772 469 529 484 523 
185 71 721 335 476 532 488 496 188 77 590 468 523 540 523 524 182 74 386 660 574 496 520 514 
382 168 762 303 461 559 525 480 381 200 546 493 507 497 531 550 379 183 363 684 613 489 522 496 
0 0 1024 139 718 513 514 503 0 0 948 82 223 536 502 532 0 0 523 501 521 476 487 515 
0 2 1022 454 511 495 539 512 0 0 982 72 600 517 534 486 0 0 542 485 498 577 485 531 
0 3 1008 342 497 492 562 534 0 1 870 226 535 495 435 525 0 1 529 504 513 475 487 489 
245 214 772 452 550 540 511 523 245 158 818 348 477 497 486 545 234 131 640 453 495 511 502 506 
0 160 864 849 540 499 512 508 0 3 1021 501 557 494 518 512 0 0 764 263 383 538 517 551 
181 148 854 831 566 478 526 508 198 98 908 605 460 509 477 502 189 61 880 185 320 468 526 535 
303 556 549 575 490 518 514 521 630 289 557 516 513 517 504 512 511 369 517 489 488 514 540 544 
289 691 490 529 518 513 526 475 756 282 509 478 488 494 497 525 662 363 458 464 505 520 499 484 
196 809 477 504 529 495 522 499 817 215 499 479 527 513 517 525 655 374 454 488 497 520 538 505 
0 850 192 371 484 462 501 530 995 29 205 620 480 473 528 515 323 701 698 655 477 538 520 528 
0 709 320 455 518 508 491 524 978 46 361 493 514 522 540 526 422 602 575 608 496 520 502 506 
0 879 190 404 520 482 502 495 1014 17 564 444 487 515 506 477 560 464 474 530 499 512 498 523 
0 740 315 478 538 500 521 491 1020 4 500 528 516 479 509 511 390 634 628 584 514 511 516 528 
0 810 287 512 492 500 546 525 1024 4 496 518 492 530 495 492 597 427 431 481 502 559 534 535 
36 977 348 557 513 495 525 501 1024 71 808 486 540 519 528 520 1003 35 295 442 495 533 539 508 
17 878 296 503 518 492 536 484 1023 123 810 501 483 501 518 490 954 86 241 455 510 488 495 518 
4 718 396 546 537 519 501 495 1024 107 794 512 500 532 485 527 919 114 300 522 487 525 521 520 
114 788 422 542 548 495 511 519 1015 273 568 514 502 477 496 521 890 232 435 522 508 528 530 498 
135 844 540 530 484 531 523 531 1023 358 636 537 509 505 511 520 1019 122 637 530 506 506 513 515 
156 746 579 554 529 522 536 505 952 450 505 495 514 492 511 535 899 193 612 556 515 521 490 534 
687 253 461 479 522 493 480 503 872 199 401 570 522 499 506 505 631 326 507 517 524 477 490 515 
776 185 355 642 533 556 555 498 878 83 191 699 615 538 519 504 504 449 484 462 493 507 518 529 
93 158 625 511 478 493 522 521 145 99 497 566 511 513 523 503 40 195 460 645 517 522 518 488 
0 52 617 435 558 513 527 503 2 57 439 600 512 506 516 509 5 45 252 768 541 520 494 509 
0 0 485 546 594 504 535 524 0 0 246 780 568 525 516 500 0 0 121 892 464 523 503 519 
0 0 328 701 528 571 518 503 0 0 134 853 510 463 534 519 0 0 45 912 541 425 481 525 
0 0 622 402 421 587 515 495 0 0 599 425 447 558 505 532 0 0 146 878 812 489 511 531 
0 0 704 322 360 538 518 507 0 0 669 357 392 494 505 518 0 0 209 815 786 529 506 518 
0 0 600 434 512 570 516 521 0 0 474 555 456 464 505 503 0 0 205 819 566 526 504 496 
0 2 658 423 503 522 521 510 0 0 428 624 513 501 485 512 0 0 278 755 557 506 493 519 
138 72 619 421 510 517 522 539 143 77 452 587 563 523 524 510 138 71 280 763 595 511 523 482 
433 282 736 438 507 513 499 530 432 309 667 386 458 531 526 513 431 297 474 524 564 485 508 543 
0 0 1024 342 646 550 521 507 0 0 994 47 330 523 523 506 0 0 347 677 673 533 498 498 
0 0 1024 695 373 514 505 530 0 0 1019 101 659 505 517 510 0 0 672 352 377 466 510 528 
0 7 1017 630 514 530 486 496 0 0 1007 231 511 504 486 511 0 0 646 379 482 519 504 490 
283 251 752 578 486 492 531 504 351 239 735 342 598 517 503 540 327 203 652 366 437 499 502 524 
12 751 344 449 509 496 493 517 101 742 366 499 494 505 491 479 74 491 582 539 504 491 521 512 
117 706 416 429 489 540 513 516 140 651 499 532 539 512 519 481 52 556 658 460 551 521 478 502 
513 500 500 515 530 520 518 504 712 347 408 568 493 490 506 544 403 633 657 514 487 534 518 523 
731 369 533 527 512 482 535 511 747 361 458 589 538 511 510 513 496 603 643 523 546 515 520 507 
693 419 644 439 533 518 532 491 721 362 532 591 512 514 516 527 581 483 528 478 530 538 524 495 
0 506 526 539 527 490 505 487 521 503 505 563 534 495 496 498 94 930 708 550 509 533 497 472 
0 191 810 573 483 524 540 487 463 561 568 582 516 519 514 536 86 937 658 490 490 519 506 509 
2 644 401 512 527 533 525 513 949 78 233 598 491 525 493 512 323 703 692 536 483 505 488 522 
0 674 376 456 495 525 507 511 926 99 256 457 460 512 490 498 247 777 702 516 508 513 545 542 
0 462 554 536 528 526 535 530 889 135 211 385 512 486 498 506 132 892 805 494 529 504 524 501 
0 549 507 563 543 503 516 498 859 165 268 496 527 521 525 512 183 841 735 468 504 535 503 496 
0 826 244 451 516 522 509 473 1023 28 635 482 491 537 525 519 823 201 278 516 527 489 523 506 
0 557 472 483 522 525 508 501 1024 157 768 490 515 465 534 509 991 35 318 509 531 529 515 539 
24 894 365 517 527 498 511 521 1024 212 777 550 513 538 517 495 1011 45 424 545 508 506 511 519 
42 907 448 497 495 494 508 482 1022 193 762 504 539 509 530 499 1009 58 497 539 526 529 502 509 
51 944 544 491 496 517 516 537 1024 367 633 523 495 537 509 528 1018 103 633 505 516 509 471 483 
225 737 583 525 499 506 530 543 1015 487 495 515 505 497 538 505 978 181 609 506 534 531 550 503 
317 409 583 504 535 523 494 533 593 353 551 528 510 516 497 506 581 242 542 544 508 536 507 495 
0 87 648 468 511 537 513 529 5 82 424 659 679 525 514 495 3 54 293 763 610 482 516 515 
0 0 632 393 459 506 535 520 0 0 333 693 669 533 548 500 0 0 135 891 694 438 518 532 
0 0 454 574 624 529 531 509 0 0 219 805 610 541 487 521 0 0 71 949 512 530 523 506 
0 0 461 563 537 497 534 525 0 0 162 862 637 554 499 511 0 0 66 953 567 463 493 503 
0 0 940 92 282 508 512 538 0 0 785 241 305 522 505 495 0 0 251 773 712 524 528 524 
0 0 923 109 285 503 483 488 0 0 669 358 418 474 489 542 0 0 191 833 793 537 484 504 
0 0 806 228 477 524 510 512 0 0 608 419 511 511 513 521 0 0 293 726 596 493 520 507 
0 1 789 335 502 532 488 516 0 0 604 474 582 519 499 513 0 0 387 650 543 518 511 522 
119 71 866 233 381 490 495 524 126 77 724 352 472 510 507 519 121 68 444 611 654 499 466 547 
488 365 629 502 500 506 528 514 491 569 443 521 494 487 532 498 489 511 419 529 555 518 532 512 
0 223 790 532 412 511 514 508 0 471 477 637 500 511 502 495 0 424 406 527 591 516 514 523 
0 243 777 604 480 500 495 509 4 484 528 515 513 515 511 543 4 381 524 443 499 561 521 513 
0 335 689 589 460 480 499 527 2 495 544 538 507 490 534 510 1 397 585 339 469 572 479 491 
117 553 578 594 556 525 522 527 240 560 544 531 486 524 503 522 206 512 611 404 460 500 530 506 
444 600 573 559 497 511 500 524 684 441 526 522 510 508 519 513 620 494 494 507 540 503 520 499 
746 435 541 492 536 492 500 522 730 462 487 529 527 527 505 503 606 578 499 481 527 527 532 506 
965 159 369 498 545 506 544 474 923 211 352 501 483 501 498 496 597 521 612 548 486 515 501 525 
977 119 524 511 502 511 508 509 960 109 378 559 497 520 502 538 640 403 507 493 521 508 474 523 
922 278 576 516 500 517 528 481 957 182 423 471 487 489 531 516 652 444 507 560 503 490 500 505 
0 198 795 547 526 512 521 489 312 712 705 516 503 517 500 510 3 1011 247 564 526 495 494 516 
0 164 851 576 513 505 487 510 509 515 516 458 511 519 524 541 7 1017 618 430 509 518 542 525 
0 340 689 575 510 573 476 508 577 447 466 468 529 502 537 506 49 975 666 478 523 508 498 531 
0 303 725 611 510 518 526 521 657 368 367 432 488 536 528 479 12 1012 669 430 527 500 492 517 
10 629 457 442 515 507 529 523 999 38 200 501 493 518 515 505 251 781 734 551 540 524 527 506 
33 384 676 542 534 540 523 547 669 393 445 518 512 526 514 537 178 857 566 519 516 481 509 496 
0 607 521 523 498 507 500 523 981 76 413 585 507 472 502 535 619 405 567 549 506 521 495 496 
0 513 575 504 527 511 519 517 1024 84 797 485 519 496 500 518 971 54 328 529 516 518 502 500 
0 727 402 516 496 509 512 514 1024 150 819 512 521 540 523 543 995 45 497 527 528 522 505 487 
43 622 506 549 484 506 517 520 1024 265 729 522 501 523 499 512 1017 75 473 556 499 553 527 525 
20 940 399 515 513 481 496 467 1024 319 672 539 495 516 516 520 1016 69 605 524 518 526 536 522 
82 877 561 504 523 512 500 510 1022 464 511 493 511 502 528 535 995 178 664 517 501 492 490 501 
75 908 529 518 513 490 528 512 1021 455 531 506 512 520 511 505 1006 103 634 492 484 515 504 506 
123 606 586 486 472 498 517 477 677 296 638 429 458 490 506 494 620 266 532 527 509 508 507 498 
7 87 842 350 381 544 529 493 33 102 741 362 451 471 532 528 22 66 394 685 698 559 539 514 
5 81 787 361 451 555 510 513 8 78 642 518 529 541 515 515 11 67 336 731 648 540 533 525 
0 0 853 307 421 530 514 522 0 0 638 464 519 511 507 513 0 0 355 669 572 519 517 512 
0 0 1009 142 427 523 514 521 0 0 914 166 373 492 518 483 0 0 450 578 640 560 488 512 
0 2 989 168 477 499 522 533 0 0 921 179 423 476 508 516 0 0 550 483 566 505 528 522 
0 0 754 280 483 503 518 521 0 0 523 503 532 515 500 536 0 0 269 755 614 497 478 502 
0 0 783 281 462 510 503 534 0 0 531 506 512 528 507 495 0 0 303 725 564 510 500 499 
114 38 722 315 396 540 536 513 119 53 592 459 515 523 496 506 117 40 321 718 669 501 515 496 
528 461 562 564 519 522 524 511 548 821 332 627 488 511 490 508 551 805 368 601 515 531 493 502 
0 362 676 629 500 519 467 489 8 1016 295 624 526 521 505 525 9 1015 334 642 529 503 501 509 
9 574 522 580 526 540 516 511 37 987 344 698 518 495 505 529 34 990 334 661 517 510 483 517 
87 901 449 487 567 531 525 541 142 882 680 535 513 511 508 504 93 931 611 535 507 541 487 498 
609 414 395 473 509 498 518 517 649 375 380 506 524 510 522 515 375 649 590 538 521 517 540 534 
867 172 555 477 493 514 509 486 852 182 401 559 524 511 514 501 633 395 414 460 517 486 509 482 
1016 21 757 444 518 482 519 483 1006 18 459 524 478 518 507 523 888 136 150 405 479 503 516 515 
1024 11 794 492 525 512 508 500 1020 6 468 496 520 481 518 538 898 127 136 445 461 521 500 488 
1024 64 811 538 490 487 490 525 1022 38 530 464 505 494 507 515 865 187 209 436 557 530 524 525 
1023 185 817 514 513 500 515 525 1024 137 574 398 490 507 511 517 903 227 231 556 489 490 502 496 
0 501 430 509 490 524 505 519 515 509 466 484 480 501 494 519 69 838 628 542 495 525 491 515 
2 561 497 564 496 553 538 493 482 542 513 498 548 538 527 487 73 936 571 531 520 505 545 524 
0 113 908 558 533 516 534 514 94 930 921 642 511 506 492 512 0 965 207 546 479 506 485 552 
0 139 869 510 562 511 482 498 372 652 652 640 472 516 525 544 8 988 291 515 557 513 530 497 
0 50 664 496 485 514 513 515 225 799 691 477 542 509 466 492 5 740 411 529 500 507 516 520 
8 427 645 489 510 506 511 504 717 313 415 529 495 526 520 493 255 769 537 490 525 531 502 505 
3 674 411 531 484 502 508 509 1001 30 338 519 502 485 499 526 701 326 371 511 515 520 509 489 
3 547 531 524 490 520 483 518 996 38 375 513 531 529 488 513 800 225 300 491 508 521 533 511 
0 450 601 490 513 519 505 521 1018 32 621 519 490 509 516 480 847 178 301 508 512 518 514 533 
25 393 689 509 531 536 513 512 1022 141 609 502 523 519 535 516 919 149 358 526 525 497 512 505 
10 450 602 556 528 517 529 527 1013 123 702 495 493 518 524 517 944 98 376 531 523 511 531 530 
7 828 401 550 498 520 543 514 1024 341 655 503 500 489 508 523 1017 67 633 516 510 492 490 485 
22 907 466 490 478 533 535 495 1024 365 641 518 518 492 542 545 1019 99 654 533 523 479 483 512 
148 780 567 490 535 506 517 510 892 357 468 496 518 489 528 506 833 296 526 494 492 514 493 529 
253 580 551 499 510 522 517 524 744 279 559 512 513 519 510 496 687 265 494 516 534 542 520 524 
124 167 430 689 628 532 480 504 192 149 480 710 704 619 503 522 183 114 419 761 681 535 502 505 
0 60 472 749 749 578 582 473 0 173 310 774 770 549 457 482 0 94 392 819 702 511 487 489 
0 197 417 598 585 487 530 500 0 271 287 670 618 636 479 498 0 72 472 809 730 578 503 500 
0 237 500 512 571 575 527 478 0 303 402 571 547 565 523 508 0 86 563 709 705 494 531 491 
0 201 680 414 498 498 519 501 0 288 570 435 453 480 512 509 0 121 615 594 560 556 485 497 
0 217 771 359 463 506 521 532 0 301 634 385 467 522 501 528 0 167 662 509 524 527 510 515 
69 82 876 381 525 489 534 493 83 195 754 404 500 497 520 539 83 193 638 412 561 558 508 505 
248 705 393 497 500 525 499 512 636 515 583 536 530 528 504 514 565 566 532 547 528 511 540 517 
380 611 487 514 521 511 483 536 527 657 483 591 502 507 511 493 534 644 530 537 507 501 541 507 
293 752 549 539 508 543 523 521 355 784 591 536 524 513 524 519 346 777 633 534 539 494 493 495 
667 392 434 514 531 522 525 540 683 373 444 508 547 521 514 500 598 454 454 474 514 530 528 498 
908 117 523 457 512 519 501 514 912 112 319 558 506 513 534 532 781 243 271 454 524 517 515 520 
1014 45 674 476 518 510 531 505 1019 29 607 495 498 495 494 520 973 54 237 542 525 495 514 518 
1023 24 678 496 495 490 531 497 1024 75 671 499 495 516 520 489 1005 35 288 532 495 522 552 493 
1023 25 813 415 520 517 513 514 1024 23 716 426 519 512 490 482 1007 19 185 595 517 532 509 526 
1023 76 815 402 524 506 499 498 1021 48 681 440 477 497 523 504 1004 38 173 511 521 502 548 486 
1024 172 821 522 480 500 546 503 1024 66 732 420 495 523 525 528 1013 32 255 569 526 527 492 528 
0 175 846 554 532 530 520 466 140 884 883 699 506 504 518 487 3 1019 217 569 516 473 534 536 
0 144 778 406 522 494 526 480 255 769 546 497 471 503 505 514 8 653 585 522 524 510 521 538 
0 4 957 271 509 518 519 513 5 1019 938 353 570 520 492 503 0 548 476 504 527 512 491 529 
0 3 626 447 498 487 507 505 1 992 368 501 505 523 513 505 0 201 811 525 482 500 504 566 
0 22 708 459 544 515 524 525 38 984 751 466 490 483 503 532 0 707 352 440 486 487 497 492 
0 464 563 488 497 515 530 526 417 607 608 573 522 529 498 512 28 994 552 493 518 502 531 500 
0 307 693 490 500 506 515 491 469 555 570 536 522 530 518 508 39 941 425 522 495 506 522 475 
0 288 617 457 510 494 505 507 698 326 363 504 508 502 505 512 169 844 550 503 521 534 520 495 
4 442 606 486 508 505 523 531 999 81 535 498 504 519 512 498 692 339 508 478 520 529 509 531 
12 492 635 476 509 511 547 539 1024 141 699 463 524 525 510 525 982 73 343 518 522 507 530 536 
10 696 418 537 522 523 514 509 1020 167 714 497 488 536 516 504 934 111 456 506 550 522 520 506 
49 821 559 538 533 519 490 521 1022 333 610 496 482 509 513 498 970 141 651 519 501 515 521 537 
80 884 583 541 524 497 514 507 1024 412 610 570 513 550 525 498 1024 94 733 513 481 499 514 515 
59 747 574 526 520 520 529 509 952 344 512 494 495 494 531 513 799 268 613 527 506 515 477 498 
118 665 509 512 538 513 506 494 932 254 559 502 507 505 542 516 864 231 442 527 494 490 524 544 
456 556 506 509 519 515 521 519 974 265 545 508 521 505 524 523 958 234 513 546 513 527 508 494 
164 501 588 482 547 510 507 538 568 539 388 531 531 514 533 507 532 545 478 548 501 530 505 517 
0 211 875 336 604 488 514 508 169 854 144 565 517 490 521 518 151 872 414 583 574 487 484 512 
0 98 932 446 565 529 506 523 7 1017 133 689 457 502 502 494 26 998 708 376 456 509 521 498 
0 94 936 500 517 508 539 508 8 1016 131 627 470 498 517 500 29 995 650 400 453 488 509 515 
0 83 943 472 585 544 518 502 2 1022 80 499 574 519 522 498 5 1019 521 564 515 490 528 496 
1 424 722 486 522 495 523 506 64 960 317 557 540 499 500 472 122 902 521 577 486 507 501 533 
20 823 573 471 506 507 518 511 235 790 626 552 482 533 501 524 381 645 556 424 508 506 512 512 
274 715 457 495 503 525 531 504 354 739 565 539 511 495 516 509 403 685 635 468 530 507 500 521 
751 406 463 482 508 518 518 484 753 416 478 504 519 501 497 517 696 468 513 516 509 527 517 516 
706 430 429 521 523 536 512 503 744 400 448 535 489 523 533 508 693 436 473 485 509 513 513 500 
991 151 528 519 508 504 543 512 995 140 444 570 534 485 504 517 953 162 324 532 478 543 505 516 
1009 43 615 481 500 508 518 553 1004 47 617 464 543 525 501 498 985 55 304 633 524 521 487 471 
889 138 392 534 487 518 515 518 1017 73 623 480 477 530 516 487 990 51 412 522 508 520 516 520 
984 81 604 467 462 522 520 501 1003 64 631 454 530 525 527 494 975 77 294 630 493 482 517 531 
1019 95 658 498 512 506 514 504 1024 84 776 470 524 487 506 498 1024 48 503 547 537 504 530 525 
1024 138 776 404 534 491 495 520 1024 101 777 406 479 528 481 528 1024 46 493 614 584 479 516 457 
3 192 805 502 471 503 524 517 102 922 776 509 509 520 491 482 38 815 297 537 536 509 510 528 
0 16 822 373 515 510 502 528 0 1024 605 447 511 522 500 503 0 372 664 542 511 510 510 532 
0 34 762 318 485 500 527 527 11 1013 373 649 481 501 498 542 7 228 807 690 511 490 506 501 
0 2 686 444 554 516 495 483 0 1024 196 682 487 543 504 547 0 115 909 525 593 554 533 500 
0 13 658 440 477 480 506 501 1 1017 139 628 525 544 489 523 0 130 889 586 438 505 549 493 
0 108 486 572 478 522 509 512 157 848 406 445 518 483 511 487 0 478 713 428 490 519 546 519 
0 244 779 550 502 506 490 500 92 932 864 537 496 499 479 523 0 988 146 492 521 523 522 505 
0 225 793 422 508 483 511 513 424 600 613 604 511 485 509 532 38 986 462 579 522 511 521 522 
6 379 688 493 507 523 524 523 1002 37 383 543 508 526 502 496 560 467 564 561 478 492 488 528 
27 440 609 497 495 538 537 512 1022 103 691 490 515 481 483 485 959 108 293 498 500 497 522 507 
2 698 363 470 504 534 505 520 1024 154 836 534 532 499 545 527 1016 21 567 477 513 510 490 522 
7 671 475 501 505 494 510 514 1016 88 619 497 567 520 500 511 883 155 447 527 525 526 516 509 
0 453 572 545 524 538 510 525 1024 18 736 418 492 525 533 498 924 103 162 420 537 518 513 533 
10 741 415 518 511 525 526 500 1022 71 705 486 508 510 501 512 906 123 325 503 510 494 510 490 
34 762 461 551 510 507 521 502 1015 128 610 481 508 511 509 517 874 161 404 551 528 526 488 513 
104 834 458 507 503 518 479 548 1000 272 590 560 524 498 529 507 913 156 446 500 536 525 519 499 
222 712 539 513 532 489 494 510 1020 415 534 502 497 501 518 507 943 200 526 506 519 503 508 509 
84 767 530 527 503 490 493 492 940 249 598 523 505 520 506 492 783 277 452 471 503 518 507 533 
41 379 734 456 520 538 525 509 334 713 304 605 489 498 526 521 259 773 549 473 500 523 472 503 
5 266 801 500 543 502 510 493 69 955 212 668 478 494 472 525 83 941 694 407 482 531 489 502 
48 374 702 608 502 518 508 526 71 987 260 652 497 508 472 513 87 971 625 465 495 509 521 504 
2 735 497 505 522 505 511 493 43 981 620 615 503 522 505 512 118 906 735 522 529 509 510 518 
25 968 523 459 507 510 491 483 141 865 739 579 525 534 505 508 239 774 702 559 510 528 518 506 
266 726 547 531 505 480 528 517 328 699 538 536 523 533 496 509 310 718 589 492 522 540 522 518 
636 443 509 488 525 506 522 516 617 461 502 468 506 542 527 546 526 548 501 467 490 542 518 510 
953 182 451 520 498 529 502 509 942 184 321 515 551 490 491 530 824 269 321 450 524 522 513 499 
994 58 591 477 506 529 489 505 979 64 474 493 522 504 497 534 929 103 210 533 509 502 498 524 
998 96 619 461 517 534 526 515 1003 76 529 480 532 492 514 497 952 115 239 543 492 520 493 524 
849 207 442 463 509 511 505 510 982 115 473 482 508 493 490 496 910 156 315 519 499 501 522 507 
891 227 429 501 517 524 531 517 1001 153 573 489 489 521 514 507 949 159 385 512 489 476 521 511 
984 122 458 527 534 504 493 540 1024 154 729 409 527 522 523 528 1020 66 452 573 518 520 481 520 
1016 52 626 508 500 514 516 520 1024 90 710 465 514 513 495 526 1023 42 445 609 518 497 497 527 
13 320 696 473 492 512 525 512 290 734 716 498 532 494 487 517 128 794 376 484 501 507 512 506 
0 8 877 346 500 513 514 524 2 1022 629 462 500 507 511 507 0 385 639 666 397 544 494 522 
0 217 771 550 494 510 523 539 29 995 668 469 538 532 505 496 0 825 273 519 498 512 506 513 
0 27 789 446 491 508 494 528 2 1022 450 564 474 507 515 503 0 461 581 632 480 494 521 524 
0 235 653 465 517 510 547 506 64 960 723 548 481 516 530 516 14 827 372 569 529 521 502 503 
0 17 646 515 532 511 514 518 3 998 443 417 512 496 522 532 0 354 641 449 494 521 490 509 
0 101 846 475 524 509 510 511 12 1012 524 515 507 514 518 534 0 638 425 569 520 514 516 515 
0 185 664 504 492 485 529 499 71 953 811 492 483 506 524 525 26 905 357 472 495 496 528 481 
2 331 678 525 527 532 499 494 975 84 630 493 496 515 495 500 763 264 329 507 504 510 499 520 
5 542 537 513 521 497 515 512 969 97 522 524 507 499 488 534 767 267 445 527 519 541 520 511 
44 530 513 551 518 508 498 519 1019 229 530 571 530 507 507 499 840 304 535 555 522 513 505 488 
50 800 493 516 498 551 531 522 1022 422 496 519 513 506 490 484 986 201 609 520 515 503 521 527 
0 439 618 522 521 510 521 490 1006 46 497 534 484 509 528 527 786 243 333 483 497 526 495 519 
6 453 613 545 518 515 513 519 1013 51 407 575 502 553 514 501 764 270 317 492 486 522 491 504 
12 769 441 529 534 541 506 532 1008 99 628 495 515 492 489 508 845 184 367 484 529 501 522 529 
17 772 434 513 518 483 516 525 992 192 601 550 521 531 500 509 792 251 426 497 521 516 496 505 
41 535 523 526 521 513 536 501 846 333 598 503 528 539 510 517 578 408 431 528 511 523 514 533 
102 753 516 520 518 511 507 518 1000 289 556 536 524 528 518 492 795 270 457 527 520 522 528 524 
90 827 511 543 518 521 507 525 1017 257 581 499 533 509 500 515 801 242 469 513 535 522 481 516 
55 839 484 512 510 495 516 534 873 295 592 515 510 510 480 525 546 479 519 553 518 539 496 519 
116 905 502 495 521 490 488 498 959 218 713 495 509 492 486 485 815 263 362 494 540 514 494 508 
39 829 483 487 510 511 522 519 772 299 776 521 512 493 524 503 652 396 392 478 525 499 544 501 
48 650 617 525 478 528 530 527 544 293 706 496 517 502 528 517 297 525 603 538 494 512 529 496 
335 456 551 536 522 479 492 478 692 212 620 444 512 512 473 500 387 491 498 525 552 525 497 531 
248 560 489 513 535 531 549 521 1015 109 719 423 505 521 493 508 627 478 516 517 516 528 516 512 
428 621 394 516 522 501 515 510 1024 133 595 464 530 527 508 507 874 258 341 522 472 485 527 515 
488 560 354 509 524 527 512 534 931 219 468 540 533 546 509 503 765 366 390 513 493 508 515 488 
489 511 426 537 507 505 532 517 886 222 569 522 588 520 517 512 826 255 350 484 536 515 503 510 
342 673 478 544 501 501 548 513 892 232 528 490 484 520 538 537 788 310 358 458 505 507 491 517 
675 633 460 459 477 487 535 507 1024 346 686 446 465 493 525 498 939 381 450 481 495 519 505 523 
532 515 568 508 532 496 511 515 990 284 616 469 488 507 489 506 821 361 566 527 506 551 526 522 
561 474 505 522 510 523 505 498 1002 163 644 506 503 497 504 507 960 142 537 511 503 496 503 494 
0 10 298 606 513 510 489 526 1 1001 404 513 514 514 531 500 0 277 748 502 490 514 528 510 
0 0 375 641 448 535 504 514 0 1020 327 546 524 508 512 501 0 98 921 474 542 479 540 525 
0 246 717 490 503 523 511 495 94 930 828 511 515 534 525 501 0 839 447 540 520 500 504 519 
0 75 793 454 501 504 516 495 19 1005 663 505 530 539 491 547 0 652 441 516 495 498 508 483 
0 62 724 467 549 486 525 504 16 1008 748 398 477 505 495 459 1 833 255 464 511 497 528 511 
0 16 450 611 542 524 497 526 16 948 348 381 552 499 479 502 0 371 675 451 505 529 494 500 
0 79 748 506 501 541 528 504 21 1003 651 488 522 513 543 504 0 728 347 430 515 518 527 510 
0 16 754 423 485 513 487 494 47 977 733 444 502 528 502 524 0 840 281 462 522 506 519 526 
1 243 715 516 505 519 488 502 767 259 354 516 533 482 550 516 268 756 617 506 481 514 531 536 
0 255 703 521 509 529 482 495 970 54 214 544 521 499 516 512 256 768 726 532 522 512 503 517 
2 288 671 506 496 517 497 508 1013 64 486 518 509 519 491 501 664 373 467 548 490 518 512 527 
160 587 502 517 516 484 476 531 1019 395 448 572 542 506 521 526 879 422 533 508 482 524 516 515 
221 540 459 484 514 508 500 513 1022 386 513 518 498 512 545 505 917 351 464 535 502 558 518 523 
12 490 568 499 518 515 481 496 940 142 409 500 511 492 525 501 585 452 522 516 471 490 516 481 
7 596 529 534 518 512 511 541 1010 79 448 529 503 475 524 487 617 412 516 517 552 528 532 513 
21 295 524 576 512 526 512 518 596 408 471 535 517 524 494 514 317 458 574 517 520 505 493 500 
3 75 465 504 486 501 499 494 246 705 622 560 511 512 545 540 19 553 469 500 499 510 506 495 
38 465 520 532 525 557 493 518 894 202 431 554 524 528 506 531 279 718 564 506 521 527 502 500 
196 596 541 532 554 538 521 495 932 339 537 528 524 539 532 505 556 562 527 531 520 512 496 481 
80 775 452 504 513 529 495 517 1010 232 614 524 551 495 550 508 750 308 456 530 536 545 513 500 
33 898 441 537 514 506 518 542 1024 190 724 547 521 481 499 519 840 186 300 505 555 533 502 497 
52 910 481 540 523 505 479 485 986 336 655 506 525 496 510 532 903 222 312 509 511 506 518 505 
71 800 479 545 530 504 495 524 891 344 607 530 512 514 514 519 766 319 313 426 506 530 509 542 
131 823 500 501 480 493 535 494 911 329 608 507 504 517 519 528 815 188 489 498 534 505 536 509 
8 879 647 497 492 495 525 505 1020 285 617 425 484 513 507 498 893 134 504 480 507 501 520 501 
1 1002 375 467 535 485 498 505 1024 156 539 501 487 515 503 526 807 217 449 427 500 530 496 510 
11 910 362 529 501 497 504 488 1007 148 587 503 505 516 498 513 790 249 415 417 507 495 507 501 
0 878 274 516 483 522 490 520 861 159 630 427 504 526 507 525 602 389 385 460 495 492 539 511 
12 872 364 518 522 504 523 508 909 133 664 393 488 532 513 488 654 372 393 480 501 513 498 539 
27 913 428 492 527 532 521 511 1017 40 614 490 522 491 534 518 768 261 383 504 501 514 502 491 
76 675 486 487 494 496 533 509 719 316 496 509 514 502 508 515 493 546 493 515 554 518 512 504 
71 944 554 523 532 535 495 513 958 84 507 511 496 546 517 535 877 152 304 516 521 517 535 511 
0 31 386 506 569 513 483 528 60 912 671 545 527 529 517 526 2 642 450 513 508 494 528 542 
0 128 489 567 535 512 520 518 144 855 613 508 523 542 495 506 2 616 510 520 499 489 484 506 
0 54 790 368 494 522 523 513 0 1000 163 508 514 501 522 511 0 121 889 470 492 527 497 486 
0 377 646 444 485 495 519 501 112 912 575 548 522 526 518 483 69 690 548 516 492 519 531 515 
39 472 603 516 513 504 495 506 244 759 476 530 484 481 519 500 264 642 404 520 482 535 515 528 
2 108 440 614 513 520 517 524 26 888 237 454 536 510 494 517 21 281 796 463 516 492 554 472 
0 2 426 622 472 501 503 518 0 978 177 482 531 508 497 510 0 147 841 448 490 514 529 527 
0 56 439 551 513 491 499 496 90 899 524 524 502 505 508 519 10 559 585 538 511 478 538 502 
0 181 600 491 513 506 525 498 238 786 617 527 523 510 517 506 50 786 425 534 509 492 510 505 
0 94 475 516 507 497 527 509 375 646 473 495 518 542 496 465 41 740 549 484 554 527 539 506 
2 366 579 501 515 491 483 513 821 210 438 478 549 519 512 518 348 677 510 516 520 533 507 494 
43 372 522 524 493 504 525 508 869 224 467 498 520 512 526 531 541 523 523 523 524 503 507 518 
45 735 523 503 500 515 531 518 1020 270 595 491 509 493 516 474 905 186 471 526 499 548 497 479 
81 630 557 478 496 531 502 547 963 331 563 514 501 500 514 496 761 323 471 514 534 521 526 506 
200 480 528 528 508 514 539 499 853 424 545 518 503 510 507 519 567 553 464 501 489 500 508 522 
29 384 565 516 531 534 517 527 696 362 491 529 519 490 488 518 235 727 485 543 504 499 516 530 
18 360 501 527 508 521 515 510 502 501 460 516 511 496 492 499 113 662 571 528 493 511 494 495 
29 610 464 534 503 528 522 519 854 238 530 496 493 549 514 531 397 586 500 534 532 529 528 520 
61 701 486 538 501 505 469 523 972 190 471 565 511 522 494 528 513 532 562 556 501 528 506 515 
26 653 437 505 503 494 502 521 962 136 501 523 513 516 504 520 440 594 550 553 536 562 521 507 
95 920 529 513 488 530 544 515 1024 381 622 525 470 511 527 511 1005 176 568 530 509 538 491 490 
32 992 797 494 535 505 522 496 1024 585 439 455 467 513 550 485 1024 248 745 578 513 501 486 496 
57 967 784 538 507 543 529 549 1024 549 476 430 469 518 528 509 1024 168 728 632 498 532 487 515 
42 930 662 481 526 521 518 535 1022 474 474 415 493 526 498 526 968 149 724 613 483 504 471 492 
103 900 565 473 531 489 489 487 1024 400 579 479 515 512 510 542 1004 92 570 469 514 511 497 514 
28 995 659 411 529 490 521 521 1024 306 672 601 516 509 510 516 1009 27 630 393 482 506 537 509 
63 961 809 470 518 523 493 509 1024 494 533 485 498 537 554 494 1024 17 832 429 499 523 536 511 
0 1024 586 544 535 537 503 541 1024 282 742 676 531 504 507 510 1024 1 667 547 525 499 510 540 
70 954 852 416 490 505 483 516 1024 416 602 563 474 525 525 510 1023 30 833 469 552 515 507 513 
45 922 726 530 507 509 503 528 1024 411 557 486 521 538 516 496 961 130 742 534 520 513 502 549 
13 924 431 522 517 510 511 523 1024 246 466 439 521 545 528 520 691 445 582 592 539 507 503 511 
10 754 475 460 506 489 516 512 938 104 389 573 520 510 527 533 504 521 598 588 496 523 536 513 
0 37 389 546 498 484 526 552 21 860 358 488 522 501 535 502 0 110 732 482 490 519 508 502 
0 166 566 496 505 513 513 516 84 938 569 541 509 507 508 505 0 541 544 502 511 502 516 515 
0 146 662 461 500 532 528 519 6 813 381 485 521 517 526 524 0 146 774 448 505 489 522 521 
0 105 601 495 516 514 504 507 17 672 532 543 513 515 518 522 2 233 563 570 480 509 528 529 
0 121 737 529 507 519 520 493 38 903 434 501 525 503 523 500 17 291 718 486 508 507 519 491 
0 29 437 605 524 510 472 514 3 586 512 540 483 529 524 513 5 67 564 541 563 532 531 492 
0 21 724 417 489 502 509 509 0 970 216 545 504 511 548 525 0 25 851 375 521 500 491 516 
0 101 690 413 538 508 515 509 48 885 257 491 515 500 502 526 23 179 760 433 525 513 502 529 
0 15 656 467 511 517 502 480 8 987 348 549 505 528 530 522 0 126 805 465 536 515 509 506 
0 57 678 468 540 495 500 493 76 934 524 521 504 469 484 513 4 373 618 503 506 513 492 530 
3 336 630 517 515 523 514 507 434 591 552 542 503 540 493 539 43 853 485 501 538 512 524 509 
31 406 608 523 522 541 525 503 531 505 522 501 496 495 506 544 394 643 563 529 503 504 497 496 
75 592 504 514 499 512 523 531 804 320 552 498 505 508 501 531 547 525 504 492 482 481 517 495 
280 512 558 489 505 511 516 511 752 563 579 504 511 528 517 539 541 588 476 521 532 523 509 466 
56 370 625 534 525 515 503 503 401 678 612 489 513 492 506 518 154 634 503 489 512 502 519 489 
0 159 766 536 463 558 507 500 120 904 780 528 487 505 528 523 9 715 364 491 535 510 531 506 
15 543 541 449 517 536 509 513 599 433 488 541 472 519 498 540 146 860 501 518 520 504 534 493 
22 740 420 494 501 513 547 500 810 230 418 575 498 515 516 508 445 580 495 513 525 520 519 505 
102 875 414 510 480 507 518 540 988 137 384 524 516 499 491 497 718 350 551 464 519 503 532 489 
91 843 426 545 498 521 512 528 967 164 531 559 531 500 507 514 818 274 542 536 490 509 513 512 
14 894 595 506 514 499 530 503 922 167 694 540 506 524 484 514 819 247 547 527 506 522 509 521 
11 912 379 475 502 530 516 496 997 54 483 575 495 524 511 535 793 238 462 477 527 486 507 493 
23 846 437 514 507 531 497 507 936 157 495 551 514 508 508 485 719 329 511 477 521 511 531 514 
0 619 460 474 492 517 511 514 828 203 470 534 506 507 497 519 418 598 475 529 524 521 512 471 
0 830 287 515 517 490 510 528 937 99 554 520 493 517 485 517 620 404 385 546 514 505 525 520 
6 805 407 578 496 488 506 485 890 163 587 515 534 484 529 496 640 381 408 531 524 517 498 515 
8 760 548 539 536 469 495 516 840 260 594 500 527 528 516 499 602 382 510 528 530 518 520 510 
12 777 482 495 515 502 527 540 802 297 690 533 541 523 547 527 606 392 377 541 498 551 501 530 
39 640 623 537 509 487 537 522 685 443 688 555 512 546 538 556 550 413 468 505 515 524 513 521 
11 878 477 516 519 505 530 539 831 243 763 564 499 509 490 490 695 328 429 547 501 513 525 483 
0 914 296 562 519 516 516 519 939 106 929 440 533 506 493 506 895 127 251 572 533 495 513 518 
39 915 484 563 472 506 501 511 951 177 789 539 474 502 492 537 904 162 531 522 522 505 505 473 
0 128 762 469 489 511 508 493 71 951 736 443 541 493 513 511 0 254 730 598 530 489 515 495 
0 215 712 451 504 508 508 529 177 843 494 513 509 544 511 488 3 375 681 486 501 518 522 524 
0 163 764 451 525 546 518 496 156 861 691 504 522 525 514 525 0 430 598 529 542 515 502 490 
0 147 738 478 511 530 508 508 60 933 653 522 518 522 492 536 0 314 662 538 519 501 549 494 
0 123 842 487 523 543 529 518 32 989 664 473 475 515 534 505 0 200 791 579 517 520 538 520 
0 97 812 385 495 528 516 523 40 968 723 353 506 530 500 528 0 175 796 603 498 504 521 520 
0 6 939 280 511 508 531 503 2 1022 521 484 518 496 505 478 0 19 981 441 518 482 499 540 
0 25 906 460 524 505 501 510 1 1014 645 416 501 552 509 532 0 65 920 569 493 487 525 520 
0 115 829 606 503 520 497 524 42 953 701 516 494 467 526 497 0 385 560 498 518 515 517 481 
5 257 755 534 526 505 503 510 189 835 766 540 501 534 507 510 8 637 456 513 505 508 519 519 
8 238 792 472 496 528 477 507 163 862 824 464 527 520 535 535 14 559 530 548 528 519 516 496 
18 323 756 476 532 532 498 542 224 800 761 449 534 506 498 509 0 663 439 585 537 490 502 519 
0 158 842 454 527 490 523 527 48 976 929 413 560 468 527 500 1 468 569 593 550 514 526 535 
0 41 869 353 521 512 516 522 19 1005 631 483 523 524 508 494 0 211 817 544 535 489 503 535 
0 16 816 364 477 509 493 516 1 1023 547 483 474 503 545 485 0 140 888 607 514 504 539 510 
0 219 797 493 540 536 513 519 169 855 821 538 506 508 513 493 8 845 314 610 497 520 500 509 
0 429 594 506 534 503 502 479 207 817 807 537 514 490 513 509 3 870 479 572 493 504 496 496 
0 338 678 488 494 534 516 492 120 904 887 489 541 501 516 509 0 860 358 481 516 492 500 497 
0 228 794 542 490 507 520 525 211 813 775 354 503 514 511 522 46 740 426 485 516 525 534 497 
0 154 818 476 528 527 486 486 98 926 770 438 495 538 501 500 0 658 525 437 568 503 513 532 
0 68 818 439 507 506 518 501 75 949 753 440 510 494 497 510 4 570 524 568 534 491 509 520 
0 176 839 389 565 550 521 518 200 826 769 473 502 535 511 478 115 669 360 477 518 518 530 520 
0 71 905 389 464 537 503 493 78 946 701 539 571 511 512 484 5 607 489 552 480 541 524 495 
0 227 764 444 521 504 516 493 248 776 633 493 497 549 535 505 18 645 556 545 529 512 513 532 
0 190 814 506 525 524 512 516 219 805 714 576 528 492 515 525 2 846 341 602 489 511 548 500 
0 155 859 597 520 517 518 515 236 788 697 600 495 532 514 534 0 864 341 586 488 523 523 502 
0 111 908 532 555 476 545 473 87 937 813 522 528 502 507 538 0 740 337 545 492 502 513 503 
0 73 932 338 490 504 515 488 51 973 669 508 498 506 523 492 1 433 632 610 492 545 529 522 
0 147 867 452 544 464 480 518 193 831 656 512 510 493 500 507 0 696 477 519 480 539 510 487 
0 106 903 502 518 529 501 506 125 899 744 530 523 509 521 491 1 727 375 579 519 537 513 494 
0 156 852 560 489 521 506 526 139 885 788 368 481 516 525 496 6 832 336 376 488 523 500 513 
0 266 755 591 506 507 506 499 162 862 785 492 495 493 538 509 1 867 388 493 545 507 489 515 
0 50 826 375 561 472 526 501 204 820 728 508 494 543 474 501 4 536 501 528 469 497 523 535 
1 326 685 489 506 513 496 512 637 388 425 519 485 487 503 527 22 961 398 469 502 508 521 507 
0 167 758 516 508 511 487 501 455 573 599 528 555 507 501 529 27 869 311 512 529 530 519 514 
4 119 838 432 509 491 511 506 225 802 759 533 500 515 523 525 8 556 551 543 515 504 499 545 
0 78 793 433 498 511 509 496 91 933 644 461 500 537 540 513 0 293 746 574 516 521 508 514 
0 69 872 446 534 498 521 515 112 912 849 441 499 533 524 506 0 496 556 569 536 515 515 500 
0 131 825 445 504 516 525 508 122 902 710 471 543 516 498 527 6 405 658 584 522 519 499 485 
0 47 817 452 476 530 506 532 27 997 567 612 513 517 508 497 0 367 621 365 494 504 474 505 
0 33 825 425 529 496 494 510 16 1007 751 484 476 510 524 534 6 304 705 484 481 502 510 539 
0 71 854 365 475 505 526 518 43 987 768 406 514 514 510 506 18 267 764 574 505 528 498 479 
0 72 933 435 537 504 497 529 45 979 857 386 501 510 517 514 2 364 670 618 483 504 524 506 
0 46 937 441 509 527 532 494 27 997 925 347 525 495 528 501 1 407 628 634 532 534 533 491 
0 94 904 459 553 530 492 501 102 924 832 401 506 492 509 500 6 485 611 609 496 518 526 476 
0 63 851 486 504 495 523 547 13 1011 792 429 513 527 523 494 0 395 638 556 507 501 522 505 
0 125 886 528 523 498 522 507 8 1016 881 310 480 497 508 516 0 373 655 676 484 529 500 482 
0 55 932 467 516 505 516 509 19 1005 896 308 527 523 485 460 0 442 587 586 512 487 494 508 
0 118 837 496 504 529 529 513 48 976 826 385 471 520 493 515 3 466 591 539 521 523 515 525 
0 34 941 434 492 520 508 506 41 983 850 372 468 528 514 512 1 508 530 489 511 513 521 489 
0 21 924 410 493 521 537 510 3 1021 811 380 542 507 529 505 0 491 546 480 525 530 509 504 
0 169 797 429 557 494 498 500 285 739 543 537 487 527 527 503 11 635 648 552 516 507 502 501 
0 156 792 473 471 544 527 547 186 838 518 598 517 499 540 516 16 515 631 484 558 528 507 506 
0 236 736 413 494 529 497 518 215 809 579 502 525 512 507 526 29 576 612 538 509 533 490 535 
0 230 801 487 524 515 500 515 116 908 615 609 505 504 489 499 12 587 566 542 530 517 505 494 
0 110 823 373 462 498 465 519 63 961 674 543 540 514 518 508 10 466 632 588 491 523 483 507 
0 188 816 543 502 507 488 496 124 900 790 485 519 515 499 507 1 783 343 500 505 504 479 527 
0 81 920 501 507 516 495 494 73 951 774 602 520 484 532 539 0 700 389 598 507 504 511 508 
0 38 937 334 535 495 504 501 18 1006 695 556 541 518 495 518 0 515 519 556 486 501 501 509 
0 20 939 376 530 490 515 509 19 1005 781 437 530 528 508 503 0 482 547 559 495 515 512 494 
1 68 865 476 527 539 536 516 50 974 771 455 476 509 502 474 4 579 468 526 510 513 517 515 
0 36 937 384 504 513 513 507 30 994 823 332 499 525 517 515 3 445 594 600 527 520 525 479 
0 15 857 282 470 504 517 511 16 1008 428 584 529 536 520 535 0 237 800 621 495 516 524 525 
0 128 750 451 508 492 507 503 29 995 608 566 547 467 515 537 0 557 553 497 502 509 493 525 
0 28 802 482 509 493 517 521 14 1010 548 544 515 546 493 499 0 238 787 557 525 515 526 512 
0 143 854 582 523 503 541 529 116 908 896 610 503 491 509 485 0 934 133 419 534 508 505 522 
0 212 761 442 521 533 514 518 304 723 735 514 485 502 502 534 41 902 293 429 502 492 536 530 
2 233 748 535 512 506 509 489 466 570 592 560 491 516 524 509 49 954 357 543 515 508 480 514 
0 229 796 631 467 487 526 491 404 620 621 625 523 495 515 507 8 1008 357 529 507 523 513 504 
0 605 500 543 506 498 510 505 619 411 455 539 482 516 513 552 279 749 430 470 515 500 540 480 
4 797 483 547 512 513 533 521 762 266 377 525 490 487 530 498 484 541 419 512 532 520 519 500 
13 645 612 561 506 535 522 537 561 481 631 535 526 489 494 502 407 600 327 478 527 502 499 519 
17 632 674 524 537 529 505 506 696 382 716 544 526 514 488 492 524 487 425 480 464 503 517 488 
6 561 536 532 500 511 524 526 765 274 482 539 553 529 519 526 370 654 467 497 502 520 515 520 
0 453 588 552 510 473 462 524 715 309 354 531 530 474 514 498 120 902 623 573 509 502 503 523 
16 424 639 527 532 498 512 510 564 476 534 557 515 530 503 525 165 818 466 494 499 518 547 515 
0 93 887 504 517 517 529 500 195 832 826 611 517 483 518 534 20 939 197 468 522 513 530 499 
0 273 701 523 511 508 497 508 432 593 524 561 513 540 531 533 70 824 499 503 517 486 530 521 
0 364 663 588 502 531 502 501 532 494 546 520 502 511 516 497 128 867 432 508 514 540 523 503 
0 258 757 570 509 534 520 509 537 487 493 518 505 480 525 502 14 1006 512 539 500 516 534 526 
0 210 770 535 535 506 502 495 566 462 526 545 512 476 509 529 112 904 495 519 516 520 493 533 
5 223 732 549 508 524 497 509 638 399 523 494 524 509 540 503 195 812 539 469 520 476 539 501 
1 180 754 495 489 522 512 503 451 589 566 488 527 489 518 480 71 911 464 499 479 507 503 527 
1 305 707 498 524 500 511 505 485 551 623 493 510 533 503 510 138 847 418 500 486 481 515 521 
8 557 516 523 524 524 498 520 654 402 584 541 522 543 511 489 350 650 497 496 509 527 546 533 
0 559 491 506 494 501 495 500 539 485 528 534 511 538 517 535 132 881 631 448 507 514 508 525 
0 617 454 503 522 540 511 505 521 503 505 509 547 543 514 516 72 950 671 521 527 493 510 514 
5 679 420 529 504 514 491 507 695 333 498 536 526 533 504 533 272 748 502 509 502 526 496 513 
2 599 491 535 544 507 519 521 838 200 451 544 521 490 518 535 418 602 513 495 510 501 515 492 
5 569 561 521 505 511 509 525 667 371 607 571 504 519 497 535 415 608 323 478 496 511 540 538 
5 508 588 530 521 511 522 497 679 353 568 495 499 540 534 511 388 547 404 497 500 518 514 519 
1 393 567 408 489 509 536 497 518 516 575 490 499 519 493 520 232 535 541 548 482 524 505 511 
0 253 612 455 519 520 518 527 483 558 437 548 518 509 505 510 220 359 712 554 501 524 506 511 
1 215 764 432 526 489 500 499 429 598 471 535 504 488 527 544 100 631 689 451 493 500 526 520 
0 284 618 508 497 518 497 486 259 765 536 515 533 529 500 516 5 704 628 553 534 521 537 503 
0 74 858 431 541 502 497 509 64 960 746 500 492 512 495 517 6 741 346 567 527 518 542 498 
0 230 796 546 520 531 525 508 182 842 800 402 520 467 507 518 6 839 367 536 524 491 508 507 
0 78 771 523 535 506 482 511 90 940 759 540 504 493 519 520 37 714 342 450 474 508 515 509 
0 144 846 526 505 525 511 506 198 826 814 561 516 531 496 514 0 934 261 497 510 531 518 544 
0 250 771 566 528 496 524 498 423 601 614 543 506 496 518 513 32 986 438 513 530 495 538 508 
2 497 523 492 500 518 519 510 735 292 322 501 551 531 508 495 104 911 752 488 493 498 520 494 
2 725 340 510 501 519 508 515 830 195 228 473 512 530 506 546 292 732 720 494 492 510 513 512 
0 825 292 475 490 492 481 526 733 291 370 519 523 524 505 490 407 617 600 514 542 518 485 505 
18 642 531 537 484 511 511 482 607 437 638 523 489 545 515 526 500 538 476 517 521 482 519 524 
18 711 571 500 502 513 487 524 803 258 591 509 519 523 487 527 558 484 588 527 507 502 532 516 
3 699 405 493 499 506 523 482 995 44 445 509 527 526 515 497 717 307 419 478 541 494 508 494 
0 697 418 580 514 516 519 494 1008 21 436 487 518 528 516 507 608 416 473 557 509 520 510 480 
13 815 310 508 516 483 523 529 927 114 422 521 520 546 468 505 625 402 424 493 486 503 483 494 
2 528 511 550 497 475 518 494 561 487 538 554 495 519 524 517 235 799 479 520 497 495 488 509 
0 211 789 557 522 505 516 520 188 837 769 557 517 529 516 508 8 947 280 547 523 523 500 525 
0 167 785 524 505 504 484 481 107 918 865 560 494 520 519 475 4 951 219 559 513 523 494 516 
0 193 783 499 511 520 494 518 349 675 670 569 495 494 531 535 60 954 493 526 518 521 491 494 
0 188 761 464 515 492 538 538 285 736 665 457 536 529 492 519 11 960 384 513 526 484 491 499 
3 232 753 545 504 505 541 505 412 614 615 548 521 504 496 501 31 977 494 486 541 525 490 548 
0 331 640 524 487 519 508 531 383 642 627 493 496 494 509 492 26 961 440 484 513 531 480 521 
0 235 771 516 505 503 524 495 344 680 678 549 548 491 519 504 8 955 341 493 498 518 521 529 
9 256 762 553 519 530 528 504 331 701 689 553 490 520 527 535 43 945 396 505 487 520 506 523 
0 264 741 528 507 509 490 513 365 659 665 565 501 526 511 503 51 945 376 546 491 510 511 524 
1 313 671 515 511 521 544 515 358 667 684 469 518 510 524 499 79 905 396 435 547 527 500 507 
0 196 767 461 508 536 510 508 298 728 702 541 541 505 498 504 37 908 325 513 483 475 497 514 
0 245 632 509 515 517 517 497 544 497 495 526 521 493 497 522 72 904 566 523 525 500 484 503 
0 365 660 538 521 500 514 521 744 280 353 522 516 516 499 523 174 850 652 563 496 484 509 562 
0 361 691 554 487 485 544 516 641 384 531 552 543 533 520 500 232 785 482 561 520 522 508 530 
0 445 568 499 522 523 500 511 871 157 387 514 528 511 503 515 344 678 577 494 512 500 513 506 
1 524 505 524 509 531 475 501 974 51 236 563 510 488 504 519 404 620 610 494 515 505 519 502 
0 623 421 542 512 506 515 523 977 48 345 505 527 537 486 503 428 596 576 534 526 516 521 517 
0 703 421 517 513 484 520 490 976 48 307 542 518 514 522 516 414 610 597 511 528 487 470 501 
26 680 392 488 496 519 520 503 979 73 332 565 513 507 506 522 496 536 512 468 475 542 495 488 
