0 659 514 190 430 471 490 460 153 511 447 408 389 476 518 491 225 439 388 350 337 435 524 510 
0 166 335 325 499 499 492 510 16 285 221 590 462 470 506 496 21 299 277 559 477 525 523 504 
4 388 415 574 494 523 506 523 261 138 238 464 419 529 509 532 251 151 330 481 429 488 546 486 
1 987 703 458 487 463 515 500 39 981 829 729 517 524 531 527 39 980 830 764 501 472 527 495 
51 646 534 432 457 503 510 497 161 641 697 689 472 531 489 527 219 619 683 661 503 507 499 512 
11 296 450 411 495 486 509 486 36 454 422 564 484 519 497 521 34 461 421 548 499 512 516 534 
690 896 811 394 365 566 614 525 827 807 769 700 369 346 420 519 802 839 816 791 616 513 482 473 
970 979 867 159 335 660 563 439 988 977 970 672 358 377 419 481 1006 965 966 960 363 648 591 561 
115 934 870 861 636 391 501 496 936 117 177 652 282 342 536 543 1005 69 679 342 332 520 515 525 
32 160 240 511 604 475 517 536 165 27 378 753 363 467 561 487 184 339 596 463 443 450 441 565 
0 471 207 452 396 484 491 453 0 570 350 310 482 482 510 487 0 572 338 320 482 477 496 517 
0 316 109 289 467 513 486 498 0 351 145 671 535 490 524 515 0 352 473 427 595 432 533 491 
1 372 417 563 403 492 514 525 94 284 394 673 540 522 508 525 113 265 669 479 535 515 496 494 
0 983 725 392 495 484 487 543 2 1014 886 708 520 536 520 518 4 1013 871 750 463 512 515 493 
27 602 630 292 368 556 488 510 69 653 651 669 468 529 525 501 82 638 636 671 617 445 474 491 
39 251 511 442 508 516 513 507 172 443 472 590 532 508 521 504 136 387 482 557 551 508 520 506 
314 551 560 482 482 537 515 527 571 647 559 544 521 514 517 531 481 635 583 562 551 516 513 552 
966 975 889 129 534 498 479 449 993 966 964 811 230 310 499 458 1013 952 949 942 651 392 425 543 
143 908 855 848 772 537 456 488 970 85 109 714 273 627 456 500 1010 63 759 279 466 662 550 469 
30 175 256 530 604 562 523 540 192 24 363 730 283 435 547 521 192 371 656 319 324 543 500 524 
0 263 329 417 373 489 495 477 0 474 239 313 439 469 521 502 0 453 242 328 455 465 544 490 
0 299 105 245 432 545 516 535 0 343 152 579 383 616 480 495 0 343 244 574 669 483 559 543 
0 359 349 364 624 478 522 506 2 382 438 715 425 569 524 492 3 374 633 529 503 517 491 517 
51 836 600 402 532 522 528 502 135 878 750 573 486 517 501 500 108 870 724 568 503 523 546 508 
88 520 518 457 478 515 497 521 407 511 601 587 498 508 521 527 342 444 585 565 495 513 556 493 
36 218 430 486 487 515 491 515 198 368 571 543 528 505 507 512 128 347 525 515 511 522 500 528 
28 92 356 492 498 509 528 511 40 278 600 560 503 499 502 495 37 225 565 514 518 461 483 484 
770 885 857 192 428 568 554 554 815 938 849 782 253 290 492 546 819 935 857 872 665 388 414 479 
194 849 858 793 710 613 495 470 996 59 70 741 333 600 453 476 1023 56 754 253 509 608 573 488 
26 198 237 548 649 468 519 530 198 26 381 655 322 409 567 499 216 328 635 361 338 476 490 494 
0 0 257 135 324 479 462 484 0 12 287 226 356 533 472 491 0 10 283 220 348 534 483 511 
0 192 175 247 582 495 475 519 0 306 74 577 348 513 441 515 0 321 195 540 530 560 518 523 
3 118 253 406 526 483 515 508 3 211 400 563 434 499 537 533 16 151 391 549 489 487 502 498 
6 244 293 428 479 481 492 509 20 343 453 540 533 531 515 488 12 300 399 512 516 517 498 557 
21 81 197 386 520 489 459 464 40 174 349 491 510 524 514 513 34 121 354 446 487 512 488 534 
32 66 202 388 452 456 475 469 53 137 349 522 532 499 524 513 49 90 296 477 515 504 525 517 
15 36 118 415 447 464 495 481 20 48 288 562 508 522 509 497 17 39 184 556 564 507 534 516 
391 516 636 422 504 530 507 470 475 479 755 559 562 506 503 505 734 391 442 597 435 526 543 530 
457 536 506 665 504 540 515 523 792 236 470 361 538 504 533 496 883 310 454 621 500 463 508 521 
0 228 275 566 559 583 471 475 224 16 244 597 470 479 554 562 224 291 515 504 452 443 570 498 
17 51 226 231 331 421 482 470 15 66 273 245 328 470 502 494 19 77 215 293 354 460 492 478 
10 58 283 342 550 485 470 512 13 75 332 376 526 490 580 488 14 88 277 409 554 480 543 487 
0 53 300 435 477 462 492 502 0 168 473 489 514 522 502 509 5 84 370 445 506 507 485 498 
0 0 61 171 429 488 482 479 0 3 142 325 584 522 499 503 0 0 77 233 533 506 502 514 
112 88 138 381 528 468 495 481 112 102 228 590 507 527 552 528 113 117 200 520 559 517 543 525 
428 535 498 530 530 521 517 538 505 563 499 620 583 547 533 506 704 531 581 660 638 605 612 611 
632 639 630 723 700 619 607 604 629 628 677 778 687 670 577 568 686 604 695 792 717 653 663 613 
645 664 620 570 558 566 523 530 685 620 711 567 562 538 577 516 939 470 698 660 612 595 567 576 
573 634 619 607 470 535 517 513 821 439 600 451 496 580 551 525 916 544 515 660 574 548 552 556 
22 248 228 517 571 556 485 546 208 65 237 610 393 533 522 452 241 259 552 427 478 464 527 552 
5 117 167 234 325 447 448 510 4 149 169 247 369 437 448 526 4 145 166 239 351 446 433 523 
0 3 230 352 488 465 534 507 0 133 435 382 521 501 496 521 0 22 343 443 510 494 474 493 
0 3 180 365 438 488 479 474 0 118 409 408 474 498 489 502 0 11 339 394 473 515 511 466 
0 0 10 74 225 406 461 474 0 0 23 109 324 531 516 526 0 0 14 90 315 524 494 505 
407 199 253 291 476 524 538 521 415 219 274 362 530 544 524 503 420 419 398 502 611 574 559 571 
231 654 273 397 574 433 488 488 238 706 448 519 535 456 491 495 797 372 693 524 531 569 572 562 
382 613 404 434 484 468 486 496 397 674 493 560 487 534 503 522 767 510 631 642 608 584 582 591 
0 1024 2 543 476 527 488 517 0 1024 755 272 585 575 547 547 1024 3 1021 762 604 494 468 555 
106 710 447 543 509 484 502 512 163 709 701 503 520 511 494 526 811 438 637 577 487 544 525 531 
108 186 153 409 555 548 508 478 116 205 302 715 366 598 494 482 216 298 671 402 431 535 533 562 
0 406 101 132 359 345 474 456 0 428 85 293 295 388 492 467 0 427 84 261 305 387 498 481 
0 155 185 292 505 431 519 478 15 203 275 345 569 430 533 502 9 201 235 302 544 476 527 532 
0 251 186 304 428 471 460 442 0 278 345 376 513 493 521 520 0 274 283 346 500 495 500 481 
0 388 150 344 434 504 493 494 0 481 149 448 429 539 525 481 0 491 132 421 414 479 497 524 
338 475 357 454 484 538 504 505 347 575 357 491 484 534 529 490 430 596 490 563 503 559 540 534 
253 457 394 375 485 518 483 501 260 520 407 470 520 500 532 521 269 539 460 549 501 531 529 528 
168 460 441 440 516 508 530 511 188 480 468 559 501 502 493 515 200 480 502 592 504 514 493 508 
166 655 259 358 620 527 492 464 175 678 494 525 553 563 478 531 679 213 742 554 556 514 573 512 
3 327 415 498 488 520 476 487 5 421 498 497 476 522 509 515 154 321 554 558 491 487 478 501 
29 125 109 307 702 601 452 492 31 150 152 790 415 447 484 487 35 211 630 552 564 520 552 487 
0 136 630 181 154 168 755 794 28 198 653 654 141 164 233 797 35 185 653 665 148 184 743 278 
0 255 756 688 765 243 767 755 55 780 244 176 763 226 792 777 65 773 240 207 736 740 253 781 
38 971 973 289 729 763 774 763 53 957 969 883 202 267 778 755 67 945 958 930 269 752 762 790 
785 281 218 285 235 766 264 780 808 306 216 273 782 780 790 252 810 316 205 287 775 742 776 758 
1018 903 227 208 785 262 784 754 1024 932 275 785 274 752 265 775 1024 948 311 836 770 280 763 762 
883 378 727 286 752 254 267 771 890 384 868 678 259 268 276 772 896 394 949 849 746 758 774 270 
148 634 109 300 782 786 243 272 154 650 167 859 222 806 252 249 160 679 894 196 251 266 790 264 
29 11 43 783 779 268 778 766 29 17 600 400 142 288 244 760 31 20 799 255 790 782 246 269 
19 90 780 232 759 774 759 777 21 120 790 758 249 750 232 249 22 150 799 767 779 266 244 755 
60 50 603 127 884 301 234 254 64 62 594 387 709 718 799 784 64 80 816 813 777 800 787 263 
