1024 141 883 875 820 632 517 538 652 372 372 372 369 501 505 486 0 788 236 236 304 592 519 486 
1024 569 455 450 370 489 484 507 815 209 209 209 301 550 493 534 0 928 96 96 417 499 504 536 
1024 802 222 217 323 489 556 509 908 116 116 116 512 489 483 500 0 957 67 67 574 423 521 500 
1024 898 126 126 545 334 487 530 985 39 39 65 614 580 490 499 0 987 37 39 715 485 452 499 
1024 964 57 38 632 424 540 533 979 45 43 201 587 570 498 516 0 981 41 128 720 622 476 516 
1019 890 110 194 721 553 501 514 914 109 83 430 504 411 519 548 0 927 77 389 614 493 515 556 
1022 914 84 288 538 557 437 534 935 89 67 547 400 440 444 485 0 940 66 646 360 433 484 481 
1015 943 68 353 490 451 513 492 939 85 59 565 440 439 520 532 0 947 56 746 275 412 520 523 
364 358 519 455 520 531 515 520 314 196 480 553 479 513 479 532 0 369 378 606 441 541 500 538 
0 51 455 561 550 525 549 500 0 98 460 571 521 522 510 512 0 40 324 487 556 494 514 522 
370 322 526 563 512 504 535 513 219 252 463 530 535 512 527 498 1 307 293 553 507 509 528 510 
728 725 313 417 574 499 521 521 635 249 304 541 491 563 541 512 32 778 304 655 486 533 512 506 
1024 946 75 404 580 570 471 495 976 48 47 761 366 493 521 523 0 994 49 878 417 461 495 510 
839 778 246 462 569 555 497 473 799 136 209 698 398 540 541 498 74 764 257 770 422 517 489 503 
622 637 394 449 531 523 528 522 564 300 446 569 432 536 500 539 231 486 416 604 466 518 468 530 
857 594 426 479 502 499 508 536 781 272 430 595 468 534 509 527 391 541 463 632 465 498 547 546 
726 466 547 516 509 496 498 494 687 322 576 545 493 511 508 499 538 321 653 579 480 514 503 496 
793 301 713 586 514 537 499 509 749 250 722 563 511 518 492 500 684 257 683 565 530 528 533 492 
732 184 777 600 502 485 500 519 717 144 760 595 497 545 501 491 690 157 682 668 530 532 520 542 
271 89 861 565 457 517 525 477 272 77 894 347 544 526 499 530 271 66 863 294 529 478 498 506 
0 0 1021 676 443 407 480 514 0 0 1022 456 418 519 510 495 0 0 1017 7 794 283 497 541 
0 13 1011 663 625 492 461 523 0 0 1024 549 431 586 523 547 0 0 1024 39 829 450 488 474 
0 35 989 805 509 526 515 524 0 0 1024 671 389 543 509 530 0 0 1024 37 942 514 518 498 
0 39 985 888 557 533 531 561 0 0 1024 823 338 547 531 492 0 0 1024 130 877 497 598 495 
6 251 779 632 655 560 534 492 7 21 1006 772 631 465 423 551 0 19 1020 238 639 696 609 456 
267 264 515 489 619 519 479 528 252 86 722 608 401 512 485 466 49 243 969 373 751 560 537 536 
257 200 598 636 559 375 494 505 227 86 766 731 294 491 503 505 38 250 974 351 878 644 466 511 
22 133 884 829 375 579 606 473 4 51 1001 717 378 422 525 491 2 44 977 121 705 392 455 540 
0 0 974 916 217 689 462 544 0 0 963 564 452 535 546 505 0 0 917 107 727 393 472 520 
0 0 974 620 303 441 455 538 0 0 990 223 727 699 601 530 0 0 959 104 409 641 517 494 
0 0 968 372 569 498 516 528 0 0 1005 159 798 594 437 549 0 0 972 71 512 572 520 442 
0 0 956 222 711 604 456 479 0 0 984 148 816 564 455 540 0 0 950 74 387 647 503 518 
1024 941 83 83 245 499 485 507 1024 0 0 94 805 542 496 458 0 1024 0 267 675 410 501 517 
1024 1024 0 0 544 435 539 479 1024 0 0 418 606 517 547 434 0 1024 0 516 508 401 507 583 
1024 1024 0 22 893 475 504 520 1024 0 0 690 356 645 552 520 0 1024 0 601 423 640 502 504 
1024 1024 0 300 721 548 567 504 1024 0 0 904 285 566 506 552 0 1024 0 860 274 569 523 520 
1024 1024 0 785 239 395 477 566 1024 0 0 1024 482 313 587 465 0 1024 0 1024 245 476 523 467 
1024 1024 0 989 35 521 490 506 1024 0 0 1024 654 632 463 518 0 1024 0 1022 440 435 587 506 
1024 1024 0 1024 9 647 515 469 1024 0 0 1024 694 719 584 541 0 1024 0 1024 679 469 426 487 
1024 1024 0 1023 22 756 514 506 1024 0 18 1006 794 617 558 471 0 1024 13 1011 730 586 550 521 
253 369 505 541 519 544 552 491 224 238 485 598 508 526 523 536 0 311 373 574 504 527 532 487 
0 25 220 679 468 512 499 535 0 32 241 669 486 530 496 483 0 16 136 424 587 513 493 506 
61 216 551 553 511 484 523 521 36 183 575 550 500 491 492 520 16 107 343 528 524 510 525 492 
137 495 584 526 520 514 498 530 108 419 642 502 536 523 516 510 38 314 620 541 530 496 519 521 
693 426 502 490 501 524 470 531 660 133 544 588 548 519 516 525 350 374 526 560 580 505 509 526 
636 120 789 469 389 447 555 508 646 97 709 595 505 560 562 505 629 98 625 630 617 455 530 507 
558 44 867 483 380 504 506 499 570 39 843 511 422 511 511 480 567 38 686 640 506 465 509 538 
452 46 831 467 400 462 490 512 464 41 774 556 472 488 530 495 459 40 626 671 511 515 537 503 
332 56 721 381 416 506 494 505 348 53 645 521 505 557 522 509 340 54 547 599 522 529 516 563 
222 48 642 491 404 491 534 494 228 62 600 562 542 534 546 523 226 56 477 680 508 540 516 523 
50 28 540 493 449 516 503 511 52 31 463 593 568 477 496 494 51 26 282 762 604 505 527 525 
0 106 823 817 700 564 537 499 0 0 924 850 439 594 543 527 0 0 896 277 769 586 511 472 
0 485 539 539 528 584 536 558 0 0 1024 1024 643 471 515 474 0 0 1024 421 603 557 531 546 
0 755 269 269 369 612 530 466 0 52 972 972 812 489 469 560 0 0 1024 722 310 442 544 550 
0 922 102 102 351 420 562 489 0 134 890 890 850 527 532 533 0 0 1024 922 131 500 501 503 
15 968 59 58 343 372 531 513 14 211 817 808 784 512 496 532 14 10 1017 818 262 458 490 509 
186 724 246 253 407 567 476 536 175 264 715 643 648 532 468 501 116 131 953 705 339 461 553 513 
351 657 69 252 576 533 513 500 351 590 130 151 352 517 539 518 191 263 772 719 443 430 512 524 
58 965 71 758 242 579 521 498 111 913 17 330 552 490 559 526 12 444 684 692 695 652 529 510 
17 937 96 471 506 516 525 512 14 913 132 209 636 545 549 523 0 240 822 817 697 640 501 500 
0 586 438 438 512 560 480 546 0 574 450 450 269 507 532 507 0 0 1024 810 586 475 467 535 
0 0 1024 918 423 486 563 540 0 0 1024 727 296 465 526 502 0 0 1024 0 663 434 509 548 
0 27 997 476 562 508 496 551 0 0 1024 630 529 523 509 545 0 0 1024 58 661 549 549 516 
0 202 822 434 585 627 501 511 0 13 1011 970 486 500 521 492 0 0 1024 408 614 417 525 530 
1024 939 71 403 514 438 471 475 1005 368 65 592 348 414 599 520 400 624 441 819 365 511 538 487 
997 911 81 257 764 595 514 514 962 227 96 798 464 538 491 494 226 781 308 809 537 494 543 494 
871 882 154 479 550 569 502 522 849 109 140 890 792 339 544 526 14 908 228 817 741 485 524 470 
768 789 248 674 289 429 552 554 755 87 243 796 803 543 525 527 0 816 232 792 788 463 465 511 
646 681 343 669 284 719 590 478 638 82 450 584 592 598 505 511 4 694 296 741 738 594 507 564 
517 549 385 608 422 546 512 501 509 84 443 599 522 580 513 551 1 571 334 687 622 572 449 519 
427 398 426 574 443 562 495 497 420 51 477 542 462 468 440 531 3 455 360 683 513 502 494 508 
323 281 451 557 431 553 497 500 320 32 427 590 497 467 542 520 11 334 298 736 456 568 528 530 
54 103 379 661 589 524 489 532 49 90 241 797 642 450 515 498 10 103 153 848 500 471 501 499 
18 44 137 862 692 536 547 528 18 40 168 844 541 528 492 447 15 38 86 832 503 449 512 510 
6 9 154 868 621 527 450 524 7 8 170 815 524 548 479 485 6 9 79 847 458 397 539 492 
0 39 321 709 552 524 563 537 0 40 264 760 505 548 447 523 0 38 156 757 575 421 476 500 
0 0 504 520 481 455 532 523 0 0 434 590 415 519 505 500 0 0 248 747 373 509 523 475 
0 0 533 527 539 496 525 515 0 0 509 519 547 451 465 509 0 0 482 537 171 559 542 503 
0 0 553 607 545 569 526 494 0 0 528 569 619 523 511 518 0 0 511 513 403 543 469 567 
0 0 602 691 546 569 524 491 0 0 583 661 650 394 521 516 0 0 575 450 455 641 543 514 
0 0 686 621 647 575 548 522 0 0 667 696 667 431 484 505 0 0 650 402 619 668 435 485 
0 0 744 672 771 511 445 522 0 0 746 732 624 492 526 507 0 0 739 474 631 530 431 505 
0 44 890 544 579 506 506 486 0 0 895 688 524 564 463 497 0 0 855 492 568 412 491 538 
198 575 447 371 394 487 505 533 198 143 866 771 712 493 504 534 195 43 947 654 408 418 487 510 
502 556 443 394 470 565 499 503 488 368 628 525 459 500 525 524 483 77 903 732 344 526 530 513 
608 450 531 475 549 521 509 503 599 417 546 381 365 523 507 503 587 95 851 629 515 498 486 514 
704 342 634 477 522 536 515 479 692 342 614 327 412 500 508 502 685 78 831 529 481 530 514 516 
760 278 716 509 507 476 500 518 756 281 703 368 473 504 479 470 751 85 861 454 550 513 521 503 
815 209 660 345 586 538 493 492 813 201 644 277 600 536 461 508 789 157 696 218 550 481 481 488 
220 803 21 571 489 548 498 511 212 791 40 139 530 516 522 518 189 133 738 722 490 541 508 525 
0 1024 0 662 387 612 525 497 0 1024 0 113 910 603 538 480 0 109 915 915 915 755 502 504 
0 1024 0 804 340 617 471 554 0 1024 0 245 760 587 488 536 0 126 898 898 894 765 494 486 
23 883 137 368 463 570 507 511 21 814 206 227 544 504 506 500 14 36 991 881 646 568 480 518 
28 172 841 862 731 458 541 517 28 43 963 974 315 547 481 520 23 30 981 132 861 591 511 505 
0 570 454 458 546 537 468 531 0 264 760 760 565 574 536 508 0 0 1024 359 658 483 539 529 
0 1024 0 6 653 680 402 433 0 933 91 91 91 532 393 474 0 0 1024 987 37 171 587 541 
397 515 493 531 442 504 515 505 389 426 428 375 620 471 535 529 354 101 647 647 420 529 528 521 
96 182 680 376 516 545 531 488 93 163 497 495 669 557 531 537 90 58 410 680 439 535 554 496 
0 0 768 263 406 492 478 512 0 0 428 599 570 595 531 508 0 0 154 831 441 555 545 524 
0 0 743 281 399 478 535 517 0 0 418 606 520 520 520 541 0 0 54 901 584 565 514 541 
0 52 738 344 482 559 478 479 0 36 502 532 560 601 535 538 0 8 293 697 463 570 513 485 
0 118 858 226 364 397 442 568 0 96 540 461 634 678 537 485 0 10 408 687 508 425 535 536 
0 187 791 294 377 447 499 518 0 162 597 390 636 547 487 519 0 21 561 608 412 497 496 515 
0 10 904 601 462 416 501 527 0 8 838 421 552 505 508 506 0 0 719 313 309 601 514 511 
0 0 702 459 492 514 534 523 0 0 802 307 417 426 507 548 0 0 651 373 408 571 530 516 
0 0 374 518 463 447 541 504 0 0 451 550 259 312 477 541 0 0 424 598 268 589 472 501 
0 1 813 575 550 497 539 518 0 0 823 451 429 416 512 494 0 0 778 231 383 439 476 520 
0 0 732 616 610 499 514 432 0 0 578 653 487 534 466 510 0 0 554 322 339 524 498 493 
0 0 404 823 588 488 494 561 0 0 359 699 368 596 556 525 0 0 328 372 431 594 508 476 
0 0 337 933 613 471 489 521 0 0 295 785 306 678 475 542 0 0 279 457 458 416 451 485 
0 309 698 679 554 518 601 457 0 0 985 995 378 554 480 572 0 0 971 74 940 741 710 513 
0 624 400 400 377 381 507 409 0 0 1024 1024 671 351 591 570 0 0 1024 312 712 712 618 564 
0 742 282 282 282 527 448 536 0 0 1024 1024 931 296 572 468 0 0 1024 731 293 296 513 490 
0 833 191 191 264 507 549 445 0 5 1019 1019 1017 467 393 549 0 0 1024 989 35 119 390 451 
0 971 53 53 283 625 499 533 0 79 945 945 927 605 528 495 0 0 1024 979 53 351 522 500 
459 609 377 345 585 488 542 510 458 478 515 444 479 511 510 521 451 143 846 733 470 571 500 527 
1024 189 790 674 508 503 493 504 1024 209 776 663 472 534 489 520 1024 103 857 672 488 490 489 520 
1020 202 746 579 495 520 508 508 1020 178 760 585 502 495 510 516 1020 100 792 553 533 529 510 516 
1017 193 750 512 513 560 504 491 1017 166 770 511 531 538 495 533 1013 108 794 489 521 486 495 533 
1024 87 854 612 455 514 507 508 1023 75 858 598 456 498 515 516 1020 48 839 455 556 526 515 516 
854 170 665 632 404 448 480 513 849 175 632 608 428 497 500 514 845 176 604 209 682 506 501 556 
134 831 80 598 423 477 496 533 131 751 157 411 503 500 514 515 122 334 588 527 517 554 515 501 
0 1024 315 709 432 460 451 536 0 1024 0 978 461 194 477 534 0 628 396 396 615 664 566 507 
0 1024 470 554 584 363 524 487 0 1024 0 972 489 389 459 458 0 664 360 360 631 547 615 538 
281 743 322 493 454 523 499 522 280 744 83 601 597 439 521 497 217 472 454 438 573 632 481 524 
699 325 431 343 460 461 520 509 683 269 516 349 404 488 527 489 639 228 357 668 564 530 500 506 
0 971 53 509 461 624 466 502 0 905 119 135 524 503 537 490 0 0 1024 963 323 439 452 521 
0 1024 0 967 187 581 526 464 0 1024 0 0 722 537 587 464 0 0 1024 1024 573 403 432 461 
55 78 915 129 315 645 550 475 54 50 841 216 223 460 501 555 49 14 278 769 738 645 573 471 
40 57 956 494 386 523 504 480 39 42 929 165 546 693 453 513 36 20 686 348 298 436 481 462 
0 0 821 397 376 556 490 541 0 0 689 363 393 492 530 526 0 0 200 800 515 481 516 526 
0 0 353 672 208 512 520 450 0 0 173 848 258 382 535 536 0 0 61 742 518 443 529 482 
109 199 771 392 478 515 499 500 106 161 764 374 410 518 508 521 91 97 680 459 511 515 543 502 
99 267 728 393 504 534 497 506 98 243 709 325 461 524 511 488 94 142 645 392 458 505 469 522 
0 437 579 556 467 511 514 522 0 198 815 612 565 517 524 521 0 120 829 311 479 503 495 512 
253 243 822 621 721 573 533 521 253 87 939 677 416 475 484 504 251 74 928 82 555 468 562 525 
68 37 640 662 414 587 461 563 66 22 678 533 506 653 505 520 65 19 702 351 821 461 554 523 
0 0 0 1011 17 382 653 452 0 0 0 1024 0 596 409 492 0 0 13 1011 1011 729 376 449 
186 208 537 735 444 516 494 549 180 54 655 865 247 517 516 482 179 45 685 395 771 445 550 504 
39 642 427 576 519 527 536 499 39 427 483 573 479 508 506 528 38 107 709 419 599 503 469 523 
0 509 459 421 608 582 520 492 0 351 609 458 485 492 512 501 0 8 873 516 522 455 533 508 
0 511 424 331 465 530 508 513 0 385 414 510 430 477 499 527 0 154 412 787 459 472 508 486 
385 567 464 485 372 502 557 520 380 82 922 934 753 426 459 579 380 36 946 582 478 637 617 538 
440 591 417 474 324 688 476 551 416 143 910 876 735 593 507 519 416 32 1011 773 303 584 577 544 
440 584 424 503 594 477 536 425 423 246 792 774 727 469 508 494 416 33 1008 979 262 301 478 551 
415 626 401 470 738 465 560 511 408 467 545 559 523 289 491 462 403 48 967 954 314 462 451 497 
438 605 433 559 688 470 538 455 438 564 449 467 342 387 500 528 437 47 947 949 308 646 497 548 
661 414 630 688 524 521 510 501 662 398 620 594 479 499 488 474 656 203 785 678 514 509 528 504 
1022 219 742 626 538 484 500 530 1023 233 729 621 535 490 508 494 1020 142 802 595 539 534 506 494 
1016 265 670 550 540 523 494 532 1015 263 671 534 548 504 504 492 1013 171 733 542 532 520 504 492 
1021 162 788 543 500 531 521 489 1020 144 793 541 511 533 505 535 1018 90 818 486 495 492 504 531 
1021 49 937 715 385 460 509 553 1021 44 940 712 407 524 471 471 1021 21 934 523 493 500 471 471 
865 159 621 756 388 553 481 500 864 160 574 774 274 609 443 470 857 167 544 384 640 528 500 516 
55 722 271 609 571 510 519 527 50 671 323 521 452 569 510 509 46 305 693 501 625 520 527 504 
0 468 821 280 635 634 450 533 0 474 550 530 550 489 572 517 0 445 574 56 291 408 541 498 
0 480 924 80 737 525 563 566 0 480 552 448 724 650 520 585 0 472 552 59 300 295 603 505 
366 325 639 332 555 517 510 488 369 325 430 472 812 483 512 500 365 326 400 90 422 593 521 500 
687 260 665 301 481 497 496 523 672 248 697 258 438 518 462 525 654 200 609 417 380 465 528 489 
0 480 130 689 710 445 465 497 0 476 75 516 702 514 615 555 0 0 517 979 359 588 484 542 
0 480 40 978 706 305 494 495 0 480 35 599 792 540 459 542 0 93 419 899 380 540 506 562 
0 0 918 106 125 756 360 526 0 0 761 263 263 256 541 496 0 0 42 982 904 787 511 460 
473 137 447 620 541 448 527 523 461 77 521 615 368 605 506 516 450 78 455 383 475 500 473 509 
148 244 536 583 517 530 524 488 142 171 512 635 528 518 519 514 122 125 485 625 393 510 470 496 
0 3 422 741 222 371 590 518 0 7 387 672 262 309 497 545 0 0 245 730 300 314 481 487 
0 103 334 796 508 547 494 519 0 110 321 764 527 546 522 498 0 98 261 739 380 491 550 491 
117 318 771 351 577 476 507 523 112 297 751 307 511 479 492 480 108 246 587 447 472 514 524 516 
85 575 590 524 527 509 518 519 91 494 557 361 595 505 531 503 59 260 760 500 461 565 521 523 
883 158 903 211 787 717 455 465 872 149 914 167 845 542 546 560 864 134 928 112 564 454 560 571 
160 8 647 759 517 472 462 505 160 8 654 807 291 586 588 554 160 8 888 196 671 553 466 501 
0 0 0 1024 93 841 647 551 0 0 0 1024 48 903 607 470 0 0 408 616 616 587 496 390 
600 114 712 584 549 487 528 547 597 107 617 740 391 457 420 517 597 102 813 231 628 591 503 475 
71 736 318 527 489 523 502 531 70 561 442 460 588 529 525 495 68 163 749 522 497 502 509 524 
0 874 150 150 236 476 569 523 0 230 794 794 756 353 440 502 0 0 1024 317 712 486 537 514 
0 649 501 198 419 479 514 528 0 302 672 631 612 549 525 511 0 218 532 588 532 531 495 523 
1018 30 995 993 728 315 614 565 1016 19 1009 1002 885 304 463 474 1016 11 1016 995 216 724 449 468 
1024 0 1024 1024 923 119 355 499 1024 0 1024 1024 1016 78 595 526 1024 0 1024 1024 163 860 644 525 
1024 0 1024 1024 1004 187 465 517 1024 0 1024 1024 1013 87 791 494 1024 0 1024 1022 312 708 691 507 
1024 0 1024 1024 1011 57 551 579 1024 0 1024 1024 1022 250 685 445 1024 0 1024 1024 384 646 653 445 
1024 0 1024 1024 823 204 292 533 1024 0 1024 1024 963 99 527 488 1024 0 1024 1024 121 831 449 485 
878 291 719 600 585 506 510 481 878 309 690 559 582 511 520 514 873 271 700 547 531 514 478 548 
1021 204 732 547 493 533 499 517 1021 210 724 544 496 506 506 507 1019 123 775 553 484 518 506 507 
1024 196 799 664 533 527 527 526 1024 207 787 655 513 532 523 498 1024 117 851 643 509 492 523 498 
985 194 817 681 570 491 519 523 981 198 814 688 551 498 505 516 981 123 862 673 490 528 510 505 
924 146 886 705 400 556 504 506 922 158 868 720 425 561 514 511 918 142 848 676 368 468 475 520 
842 182 554 784 439 556 552 496 840 184 530 818 227 547 527 536 830 194 482 481 552 493 511 529 
0 506 534 319 521 540 506 541 0 449 581 234 569 446 517 523 0 126 901 415 528 553 506 541 
0 0 425 623 699 363 538 537 0 0 368 660 699 302 511 527 0 0 148 876 339 623 508 538 
0 0 386 638 764 368 532 499 0 0 358 666 652 258 494 534 0 0 126 898 315 709 448 526 
454 15 452 420 602 661 464 503 457 22 472 453 595 518 497 501 456 14 279 485 603 503 481 480 
601 195 804 295 532 517 542 516 577 205 761 255 653 496 497 497 561 202 663 343 404 552 522 532 
0 0 34 990 936 366 359 410 0 0 0 1024 652 491 632 614 0 0 0 1024 119 533 632 614 
0 0 0 1024 896 133 323 489 0 0 0 1024 435 589 536 647 0 0 0 1024 0 691 464 535 
0 77 783 286 355 409 540 528 0 64 476 582 590 543 544 493 0 47 178 864 679 422 523 532 
513 239 344 587 453 523 514 558 513 158 397 588 451 544 539 495 486 134 380 529 425 472 524 458 
278 406 462 473 495 561 522 490 231 386 486 555 610 502 486 505 174 363 436 628 538 512 499 471 
2 30 477 755 236 537 501 443 8 24 448 628 331 340 532 475 2 30 323 595 366 401 434 542 
3 116 322 791 432 546 508 531 8 149 252 780 452 370 528 518 0 121 244 626 405 535 506 472 
113 383 682 422 635 545 513 512 114 344 724 355 559 513 515 514 111 297 600 425 407 513 509 493 
436 443 483 583 494 502 470 523 375 379 658 527 542 504 530 509 316 371 689 390 523 538 533 523 
928 96 870 217 825 705 566 501 928 64 893 214 849 746 418 550 927 65 883 75 752 272 445 563 
133 27 759 710 609 504 476 522 148 20 673 800 575 545 554 496 136 24 953 596 423 470 486 525 
0 0 89 935 703 312 376 488 0 0 24 1000 488 588 508 503 0 42 955 147 144 494 448 486 
544 182 749 570 566 551 513 518 544 153 652 721 536 509 505 489 535 161 892 288 534 555 490 481 
1 843 489 580 517 499 553 496 0 752 390 551 503 554 559 521 0 405 558 560 504 552 515 523 
13 638 562 500 524 576 536 555 0 243 923 861 422 635 552 543 0 202 842 151 796 360 492 482 
28 412 794 292 572 514 480 504 14 268 811 443 440 588 541 490 0 257 427 570 671 554 561 530 
1024 32 992 992 892 165 663 611 1024 28 996 996 936 444 508 413 1024 8 1016 1016 782 244 372 413 
1024 0 1024 1024 1024 21 728 504 1024 0 1024 1024 1024 274 726 520 1024 0 1024 1024 793 231 456 520 
1024 0 1024 1024 1022 97 801 613 1024 0 1024 1024 1024 603 394 411 1024 0 1024 1024 681 343 494 411 
1024 0 1024 1024 1024 291 724 675 1024 0 1024 1024 1024 889 203 349 1024 0 1024 1024 1024 68 821 349 
1024 6 1017 1014 998 146 732 573 1024 6 1016 1014 1008 538 482 451 1024 1 1021 1017 693 351 605 451 
895 235 760 556 508 502 496 498 889 270 734 552 541 525 514 530 874 246 743 546 545 533 518 526 
1023 242 743 625 497 506 527 501 1024 266 722 611 502 536 519 517 1023 183 801 625 495 472 528 523 
1022 304 690 585 536 502 518 556 1022 324 672 576 538 513 513 468 1022 229 750 591 503 524 511 468 
1021 230 729 539 520 523 506 506 1023 254 711 525 515 503 530 512 1021 195 754 543 494 525 517 518 
963 113 913 776 412 501 523 500 957 130 898 783 486 549 532 530 952 109 898 792 371 567 481 517 
780 246 512 754 459 547 535 508 774 251 468 865 277 570 548 478 766 258 423 595 471 514 514 530 
0 450 574 289 676 494 525 529 0 434 590 107 580 468 527 524 0 163 848 317 430 523 496 504 
0 0 242 782 846 605 491 501 0 0 127 897 884 374 501 541 0 0 48 976 367 655 489 525 
0 0 91 933 933 551 573 597 0 0 87 937 937 381 588 420 0 0 0 1024 480 547 571 394 
543 13 413 599 485 472 522 519 545 41 393 584 542 582 467 504 544 13 225 620 733 396 495 509 
504 204 725 393 544 491 475 540 489 197 623 381 726 585 494 546 467 202 548 466 582 456 570 477 
0 0 0 1024 954 236 461 459 0 0 0 1024 724 367 554 565 0 0 0 1024 67 657 554 565 
0 0 0 1024 897 155 401 506 0 0 0 1024 625 404 473 518 0 0 0 1024 5 620 473 518 
0 56 266 722 519 548 513 516 0 95 498 556 415 476 517 521 0 36 130 660 499 548 491 515 
476 174 255 656 452 515 497 463 477 154 247 636 475 494 510 485 437 136 307 603 386 488 513 510 
248 500 437 377 496 495 490 519 184 460 573 471 569 523 486 518 109 471 518 565 532 467 478 523 
25 7 717 627 433 523 532 509 28 11 625 611 487 504 486 521 24 8 445 553 606 490 505 500 
6 95 335 686 649 496 465 510 10 114 111 850 763 534 479 520 3 101 90 899 362 456 490 563 
134 397 536 438 566 552 542 497 137 301 535 490 580 508 522 514 130 197 477 670 456 527 550 490 
423 705 463 512 528 491 534 499 417 620 579 402 479 534 509 510 413 449 592 516 497 512 516 474 
928 96 896 164 828 702 434 453 928 94 896 148 817 786 467 602 913 84 912 113 783 273 459 578 
128 161 648 562 649 485 556 521 128 115 662 726 674 425 498 526 128 49 988 626 619 644 507 501 
0 0 324 700 666 422 535 529 0 0 198 826 750 364 483 540 0 229 795 253 619 483 477 493 
640 110 800 706 381 619 450 515 640 100 732 709 385 689 426 524 640 101 894 517 515 471 486 514 
481 466 614 676 431 490 527 478 477 448 604 652 403 568 496 508 441 344 709 657 357 557 473 524 
181 804 458 535 575 493 520 508 188 791 357 546 513 501 509 500 124 770 376 430 458 527 509 518 
157 752 577 476 500 487 497 521 172 716 479 430 537 493 550 486 88 675 485 576 549 498 505 520 
1024 24 1000 1000 865 194 368 469 1024 19 1005 1005 987 85 585 573 1024 8 1016 1011 331 687 534 560 
1024 0 1024 1024 1012 51 735 487 1024 0 1024 1024 1020 312 668 537 1024 0 1024 1024 658 364 476 537 
1024 0 1024 1024 1024 241 741 550 1024 0 1024 1024 1024 693 387 474 1024 0 1024 1024 891 194 637 474 
1024 0 1024 1024 1022 649 532 545 1024 13 1011 1011 1011 917 481 479 1024 0 1024 1024 1020 408 543 479 
1024 2 1022 1020 1015 462 556 526 1024 25 999 997 992 698 486 498 1024 0 1024 1022 976 278 534 498 
884 338 702 602 520 529 493 488 881 400 652 545 509 482 518 522 878 336 697 541 543 503 499 541 
1024 209 796 713 530 522 530 519 1024 308 701 637 536 515 511 505 1024 213 792 705 536 522 513 505 
1024 225 778 678 566 513 498 506 1024 254 752 666 576 522 530 518 1024 176 819 701 550 519 504 518 
1023 231 758 593 491 488 502 504 1024 255 734 589 508 500 498 520 1023 209 769 587 488 510 526 520 
1024 67 946 857 598 433 459 509 1024 73 939 865 692 392 481 526 1024 59 952 852 434 559 551 515 
722 302 457 761 555 500 528 512 722 302 416 825 331 562 499 545 716 303 394 690 348 433 497 522 
0 391 658 727 492 550 524 528 0 376 672 523 518 519 507 532 0 333 693 132 494 507 509 503 
0 0 1019 81 393 439 548 519 0 0 840 197 356 514 532 497 0 0 345 679 683 415 530 525 
0 0 923 101 245 483 516 489 0 0 653 371 371 512 513 521 0 0 62 962 940 438 483 488 
641 9 630 544 387 544 505 517 642 38 633 469 393 588 509 536 641 11 415 584 642 526 470 513 
399 231 847 308 457 461 519 534 386 223 708 410 568 527 513 483 372 213 537 500 703 478 521 495 
0 0 480 575 580 484 535 529 0 0 178 858 867 511 607 501 0 0 50 976 630 468 601 506 
0 0 348 688 733 519 528 446 0 0 150 876 891 422 549 610 0 0 54 970 510 555 524 576 
25 348 346 737 382 489 543 534 77 301 388 666 426 473 511 506 81 299 390 622 426 498 514 516 
328 475 456 506 502 499 531 498 389 417 384 519 478 495 496 482 273 504 516 543 503 538 500 495 
281 539 495 434 535 535 499 515 255 483 584 458 580 449 524 523 160 498 613 574 509 500 530 477 
33 277 485 640 469 608 536 538 37 228 483 689 435 579 488 540 23 158 502 589 473 491 460 473 
0 3 752 409 497 500 493 515 0 0 472 614 739 550 499 540 0 0 332 706 463 511 504 484 
105 377 537 467 428 487 514 519 104 339 436 506 609 522 497 523 104 234 431 668 489 505 521 490 
361 870 394 616 461 525 525 511 358 845 381 429 559 472 505 507 351 742 404 395 606 540 498 495 
928 99 913 267 765 648 580 515 928 96 896 471 560 547 517 534 928 93 896 88 769 645 426 560 
128 290 612 330 427 566 533 521 128 304 524 502 461 533 498 538 128 298 725 478 559 581 483 514 
0 0 557 467 502 606 503 530 0 0 512 512 540 551 496 532 0 472 552 464 426 508 514 540 
646 138 895 717 368 489 539 499 645 97 920 654 350 627 508 524 640 351 685 732 320 493 518 537 
949 77 949 993 615 418 402 442 948 76 947 951 916 121 246 559 947 26 994 973 218 777 612 578 
819 213 815 987 860 249 474 516 815 209 820 852 937 285 625 476 813 124 901 892 393 621 598 501 
702 356 665 951 860 272 550 498 701 335 686 885 719 283 616 549 698 276 747 713 316 663 597 505 
1024 8 1013 1009 893 194 662 591 1024 5 1014 1012 991 371 587 448 1024 1 1016 1016 741 270 527 432 
1024 0 1024 1024 1023 169 744 550 1024 0 1024 1024 1024 556 516 474 1024 0 1024 1024 780 302 720 474 
1024 0 1024 1024 1020 390 616 713 1024 0 1024 1024 1022 937 227 311 1024 0 1024 1024 1017 150 797 311 
1024 2 1022 1022 1022 586 561 504 1024 4 1020 1020 1020 1007 471 520 1024 0 1024 1024 1024 462 553 520 
1024 42 972 966 947 589 478 552 1023 83 930 923 912 807 377 497 1022 7 1007 991 995 389 639 472 
866 335 708 588 497 494 514 527 861 367 685 576 505 518 503 503 854 324 725 574 466 500 519 509 
1024 189 825 712 563 495 484 557 1024 236 779 680 557 514 515 465 1024 160 852 717 550 505 507 465 
1024 263 754 690 526 486 500 523 1024 305 713 659 526 516 523 501 1024 212 805 726 530 491 501 501 
1024 196 819 658 529 500 501 489 1024 261 756 648 525 502 522 535 1024 191 823 664 539 492 502 535 
1020 105 901 831 751 387 535 569 1020 156 855 804 754 569 474 446 1019 108 900 839 721 392 534 456 
798 239 488 715 483 505 491 517 798 244 441 801 465 539 532 501 794 243 396 751 405 472 519 511 
904 236 109 797 528 552 503 517 901 217 143 822 486 523 526 474 899 196 140 757 363 497 495 505 
854 147 161 680 331 565 449 529 855 109 214 750 276 490 564 525 852 104 179 389 562 572 608 502 
825 150 208 752 335 558 510 509 816 113 257 822 271 575 549 513 815 97 247 558 420 516 518 478 
912 81 401 767 611 511 536 516 904 90 431 735 585 482 515 511 900 85 384 707 375 497 517 525 
780 241 827 602 435 491 503 526 779 238 811 656 412 453 471 483 769 177 823 534 532 545 500 471 
660 309 779 698 323 491 543 548 669 314 828 565 419 477 508 555 666 293 839 503 494 499 487 492 
629 398 666 480 570 524 513 501 636 466 608 401 671 595 597 502 635 462 622 373 736 514 463 518 
120 623 683 547 502 504 484 517 404 452 429 465 522 489 497 541 382 396 473 450 487 520 537 509 
159 543 548 509 550 537 499 515 152 580 635 467 491 527 482 519 108 593 549 500 536 486 492 514 
416 538 412 542 510 487 523 507 443 484 391 530 533 551 518 500 364 506 460 482 499 533 500 518 
51 526 664 603 441 544 541 529 47 429 722 445 633 468 533 494 28 354 737 400 396 439 495 542 
206 652 596 619 526 505 505 510 187 649 596 607 483 494 478 510 142 655 588 430 539 486 507 503 
546 389 422 517 508 521 483 541 513 365 543 499 580 491 508 487 464 370 567 546 474 518 522 507 
736 531 666 604 499 514 506 523 748 505 649 691 476 516 495 508 741 501 637 646 467 537 528 498 
928 114 913 430 570 473 512 423 928 107 896 739 279 358 512 600 928 89 884 438 589 492 529 592 
128 409 512 176 395 552 494 534 128 444 440 286 443 542 501 497 128 589 422 301 483 422 499 493 
0 0 816 225 497 480 529 477 0 0 754 270 507 475 511 514 0 521 503 727 638 533 513 499 
662 125 920 693 530 573 473 570 653 83 971 759 620 375 434 489 670 325 701 799 410 613 530 490 
1024 0 1024 1024 961 63 337 493 1024 0 1024 1024 994 82 617 527 1024 0 1024 1024 311 713 550 527 
1024 0 1024 1024 1008 18 662 539 1024 0 1024 1024 1016 302 615 518 1024 0 1024 1024 480 536 534 518 
999 22 997 979 835 245 480 511 1000 22 996 977 905 223 699 503 998 20 1001 977 526 510 512 513 
1024 0 1024 1024 1024 178 761 560 1024 0 1024 1024 1024 643 398 464 1024 0 1024 1024 1020 25 626 464 
1024 0 1024 1024 1024 717 319 411 1024 0 1024 1024 1024 941 282 613 1024 0 1024 1024 1024 199 742 613 
1024 0 1024 1024 1024 511 506 553 1024 0 1024 1024 1024 933 215 471 1024 0 1024 1024 1023 126 809 471 
1024 1 1023 1023 1023 779 273 536 1024 10 1014 1014 1014 975 381 488 1024 0 1024 1024 1024 352 643 488 
982 97 955 940 910 541 547 491 981 128 924 906 874 780 371 540 980 98 956 922 919 376 627 551 
917 352 680 562 533 507 485 527 917 443 595 497 499 490 519 514 915 383 642 538 509 472 509 490 
1023 432 574 506 494 513 522 516 1023 541 468 445 511 525 534 516 1023 483 525 481 498 509 506 516 
1024 501 505 451 495 473 545 508 1024 585 426 404 504 528 514 486 1024 531 478 439 489 487 504 486 
1021 267 726 560 520 524 498 520 1021 330 667 546 543 514 498 504 1020 267 725 556 542 526 526 504 
795 415 636 602 538 536 514 515 794 480 542 619 473 517 514 485 794 420 590 559 561 495 504 532 
776 396 603 621 544 522 517 510 779 492 539 605 514 513 507 505 775 459 555 612 525 501 508 547 
472 694 333 510 523 496 508 523 474 733 311 384 505 534 524 505 466 646 402 402 431 530 473 488 
226 777 127 219 567 518 518 539 229 742 171 248 383 545 527 509 226 381 519 548 603 535 536 527 
391 667 374 458 521 519 548 500 393 668 398 391 489 523 522 491 386 533 489 515 494 502 472 536 
640 675 463 507 547 503 509 507 643 660 487 487 512 505 517 523 638 615 524 491 460 476 536 486 
791 739 436 424 542 499 491 516 792 740 457 413 462 529 513 508 791 691 486 445 429 485 515 510 
898 597 554 558 358 568 505 532 900 558 606 599 373 566 499 518 897 530 616 608 372 542 507 492 
996 375 748 694 412 463 487 539 999 360 760 710 364 423 488 529 996 355 733 705 406 435 488 528 
0 5 132 902 514 488 503 514 0 19 421 629 606 511 489 526 0 10 89 910 415 495 531 522 
75 213 529 505 503 545 548 494 89 210 737 309 454 510 535 511 78 208 349 650 589 513 554 500 
29 624 587 572 522 523 517 505 51 597 699 410 467 479 489 507 28 605 442 588 534 514 533 527 
0 272 772 732 383 464 496 503 0 212 832 271 729 422 549 513 0 153 720 330 380 402 481 519 
0 1011 333 492 467 495 501 505 0 966 352 457 509 526 509 524 0 717 519 564 473 534 530 528 
555 469 671 467 415 549 515 531 551 473 683 446 539 468 537 503 486 532 715 408 536 501 510 488 
917 111 902 96 676 482 507 525 917 112 905 460 548 497 480 491 913 114 891 253 712 476 523 520 
940 85 922 378 620 495 537 509 938 85 938 793 223 448 525 487 937 82 911 665 355 379 459 531 
128 445 520 221 567 513 512 516 128 449 548 399 417 554 502 495 128 716 300 505 474 556 519 508 
0 0 1006 386 298 508 507 507 0 0 999 325 273 488 535 527 0 941 348 363 387 501 514 548 
672 200 842 792 635 482 533 552 672 109 919 941 565 430 531 496 672 332 937 689 393 600 608 472 
1024 0 1024 1024 880 263 671 526 1024 0 1024 1024 934 508 491 498 1024 0 1024 1020 636 399 652 498 
1024 0 1024 996 890 282 684 546 1024 0 1024 1010 905 616 401 478 1024 0 1024 988 862 168 618 478 
717 275 775 702 487 532 503 491 733 280 738 689 587 495 516 528 730 247 751 716 497 540 506 531 
915 116 865 772 431 543 510 526 917 130 875 794 614 429 467 468 928 114 863 791 562 457 498 470 
946 106 893 820 535 502 528 527 950 141 874 825 648 479 509 513 949 119 894 831 625 481 510 516 
976 92 927 872 540 373 546 538 981 163 856 831 731 417 517 541 980 135 884 847 671 388 643 545 
973 123 880 852 731 444 582 490 979 158 838 840 780 601 443 535 979 142 854 849 786 300 567 545 
801 279 824 734 647 469 486 503 798 283 820 727 724 587 533 499 796 276 804 729 712 462 516 512 
969 304 693 583 525 515 531 494 969 427 588 547 531 514 514 533 969 385 620 559 518 512 525 505 
1021 321 658 532 546 509 484 491 1021 389 598 513 526 555 547 507 1021 369 617 524 519 564 549 507 
1021 295 660 574 519 537 534 488 1024 364 601 547 535 525 516 524 1024 342 618 546 521 526 498 524 
1021 322 658 544 514 542 498 544 1021 389 598 524 538 480 526 544 1021 389 598 524 538 480 526 544 
1022 194 773 605 525 513 524 521 1022 255 722 593 532 502 501 521 1022 255 722 593 532 502 501 521 
1019 259 716 545 522 500 515 521 1019 380 614 514 521 511 488 505 1019 381 608 523 502 527 474 545 
449 649 361 590 507 487 513 505 445 661 342 282 686 505 506 517 444 593 406 327 318 532 482 518 
482 571 393 333 632 562 514 513 484 581 404 287 522 508 498 500 480 409 557 406 449 478 521 503 
1018 178 754 545 470 503 508 494 1019 200 740 567 506 520 504 510 1018 178 755 546 491 513 511 509 
1012 139 810 539 503 512 521 516 1012 151 804 563 503 518 505 509 1012 121 818 525 512 501 523 510 
929 252 708 578 499 516 523 504 926 241 714 545 512 523 483 535 923 175 761 558 516 508 493 513 
851 303 657 570 499 503 509 514 849 281 662 490 507 517 504 540 848 217 716 524 473 501 489 506 
768 317 645 548 507 509 491 519 763 299 659 442 478 514 529 527 760 256 693 455 480 479 498 504 
0 0 5 1017 54 601 441 466 0 0 42 982 326 677 554 468 0 0 1 753 294 358 482 465 
0 0 113 913 439 606 548 471 0 1 282 774 731 472 465 477 0 0 80 907 225 421 559 475 
0 2 628 441 501 545 551 529 0 76 884 253 590 530 499 518 0 28 492 567 472 490 509 502 
3 262 827 427 428 507 505 488 0 434 741 442 486 481 506 539 0 290 568 439 542 520 521 524 
0 462 610 546 527 534 490 498 11 554 605 568 528 560 508 510 0 353 689 455 551 488 536 531 
251 682 427 380 448 550 523 530 295 646 502 334 605 515 529 503 267 625 523 292 436 472 513 512 
326 557 479 267 626 522 521 495 334 497 580 551 470 512 522 523 324 318 738 654 397 426 537 536 
349 366 567 505 543 481 512 497 241 286 848 761 609 474 542 520 222 224 860 758 349 540 497 505 
123 448 551 597 555 515 499 536 121 458 614 648 532 507 558 510 115 768 419 585 474 527 561 529 
20 283 802 767 433 603 511 484 20 284 811 766 423 571 553 529 74 858 742 271 585 470 490 566 
570 446 699 598 489 545 514 500 568 428 727 629 557 546 490 498 592 503 735 586 547 530 519 511 
787 207 685 584 535 511 514 516 786 209 706 583 546 515 524 516 782 198 671 597 497 488 487 504 
522 317 701 553 533 506 485 529 565 265 675 508 499 502 509 511 553 246 665 517 508 479 498 512 
609 269 463 532 504 479 501 505 654 237 473 526 532 501 489 503 659 225 467 541 505 525 544 519 
563 341 395 524 504 496 487 515 580 340 405 513 521 502 524 494 610 289 401 500 526 503 524 536 
507 348 500 450 564 518 492 510 525 323 496 418 540 518 524 537 527 305 511 444 510 502 506 506 
628 394 342 440 521 532 524 520 636 339 380 493 522 490 488 523 629 233 496 603 572 513 502 518 
501 491 490 513 520 515 527 520 500 465 491 534 493 532 467 502 489 390 558 588 556 533 486 492 
327 598 479 485 489 530 518 509 329 589 477 432 507 497 496 518 326 482 558 539 505 501 511 526 
975 285 752 629 517 543 548 525 975 371 685 610 553 516 525 517 974 356 697 616 522 517 494 512 
966 224 620 607 570 548 504 511 964 287 688 479 458 516 519 525 960 275 668 508 473 506 497 504 
1022 235 739 569 519 497 502 513 1024 355 644 518 508 522 515 497 1024 335 663 521 510 512 508 499 
1023 356 633 531 521 519 528 507 1024 439 561 507 493 491 500 471 1024 432 568 507 490 482 507 505 
1021 307 663 531 528 514 485 510 1022 402 586 520 533 491 517 514 1022 391 595 519 517 499 527 510 
1022 297 655 554 532 501 510 508 1023 358 604 544 510 496 515 512 1023 358 604 544 510 493 514 511 
718 455 530 538 487 483 499 522 719 473 511 431 555 486 505 544 715 409 572 470 496 504 486 528 
995 184 758 587 515 540 501 492 998 243 715 579 505 514 498 537 995 193 755 583 502 521 541 543 
1020 168 772 597 521 526 497 508 1021 202 747 602 510 523 520 516 1021 150 785 591 527 557 504 516 
1024 113 846 604 517 511 530 521 1024 130 830 620 524 547 546 503 1024 99 856 599 505 479 478 503 
1023 115 830 579 507 506 484 523 1022 107 835 568 511 523 526 481 1022 78 846 561 521 517 529 501 
1023 147 796 565 495 494 484 527 1022 131 795 537 523 502 525 541 1022 108 808 527 515 524 503 497 
1021 112 786 581 466 520 506 530 1019 95 777 582 499 528 529 515 1018 79 782 569 501 521 507 494 
0 3 159 880 435 546 532 513 0 11 479 674 620 515 525 489 0 3 194 832 424 530 538 512 
0 17 651 488 543 511 518 520 0 31 969 383 537 498 518 514 0 12 702 407 522 482 523 498 
0 249 760 431 535 493 521 517 1 558 568 604 501 529 514 493 0 320 747 453 555 526 504 516 
231 436 540 499 512 503 510 523 215 780 392 495 510 496 512 501 176 641 416 479 516 510 501 509 
172 298 814 716 464 529 487 507 168 322 773 630 454 501 517 521 124 301 738 402 563 528 531 491 
174 520 478 475 559 530 518 507 211 433 515 516 493 505 502 510 207 275 665 580 501 492 509 505 
318 640 222 277 583 481 479 509 349 618 194 319 506 490 507 509 351 461 342 441 503 564 499 519 
389 308 489 523 574 491 499 501 435 222 510 676 593 474 509 528 436 153 583 704 429 529 482 504 
497 350 433 452 468 498 522 508 563 213 430 684 541 510 511 488 560 178 489 615 477 513 524 539 
622 369 271 416 515 513 496 495 715 284 245 578 466 547 514 521 716 262 267 608 518 482 526 514 
777 249 280 335 542 533 496 517 849 181 285 629 489 481 505 537 852 177 304 616 523 533 481 522 
459 554 475 520 489 481 503 514 570 443 557 439 480 484 498 549 572 438 549 426 496 500 506 525 
538 486 452 509 461 537 531 533 673 351 457 555 448 505 516 523 663 361 476 559 488 505 522 523 
754 270 271 507 521 481 514 503 881 143 328 551 512 549 548 513 910 114 382 510 497 517 472 508 
769 238 172 583 486 539 515 517 847 157 463 465 480 497 547 503 858 143 505 426 506 523 481 511 
686 118 395 569 529 544 506 480 729 83 722 333 487 488 535 504 735 75 750 324 478 507 533 501 
779 214 485 598 539 518 533 513 804 188 693 453 531 503 536 503 802 177 722 458 492 512 505 499 
480 351 619 528 522 569 538 535 484 328 698 453 518 526 530 512 474 314 674 469 532 502 520 492 
593 539 577 544 525 552 535 516 592 555 549 516 591 497 519 518 590 548 538 524 550 500 506 527 
871 387 606 546 559 572 518 531 934 358 539 515 537 544 498 568 921 350 545 573 515 541 504 470 
936 128 244 468 528 517 523 516 953 142 266 686 436 483 507 511 952 151 277 716 444 496 522 519 
975 293 561 492 550 509 550 553 979 296 575 530 545 589 545 527 975 290 579 520 506 542 521 513 
1015 281 723 640 537 496 495 509 1013 432 585 546 533 529 506 529 1008 404 615 578 524 520 484 484 
1022 217 777 658 502 530 504 529 1023 375 630 582 538 474 517 471 1023 349 655 589 531 477 502 529 
1023 112 858 594 490 504 539 489 1023 186 798 601 565 522 517 517 1023 174 808 608 546 511 541 489 
1016 146 801 541 501 510 512 524 1017 202 755 543 544 554 523 529 1017 194 762 549 538 555 515 524 
1001 290 674 560 493 497 528 520 1004 363 608 556 493 512 478 503 1003 358 611 556 493 522 493 515 
1018 269 723 613 518 538 509 509 1018 365 636 567 495 504 541 511 1018 332 669 590 507 507 519 527 
885 331 690 606 504 514 502 533 883 361 658 617 496 488 492 496 883 304 706 647 505 518 538 494 
936 217 797 586 540 511 512 498 932 221 791 616 523 506 514 521 933 209 799 596 519 503 486 495 
1023 114 817 523 533 514 521 510 1022 122 803 508 522 485 521 506 1022 97 808 507 494 535 489 514 
1023 44 841 514 492 520 533 481 1023 38 835 479 504 487 488 463 1023 29 825 439 516 492 518 543 
0 158 866 795 294 518 546 508 0 107 912 266 714 557 502 487 0 27 887 254 314 436 531 489 
34 228 829 818 534 502 497 520 40 152 892 556 489 548 524 520 25 125 933 171 428 523 546 485 
35 762 445 530 524 509 472 502 63 626 544 677 490 520 508 523 56 562 608 548 531 482 479 507 
114 908 702 612 523 521 510 515 429 512 490 432 532 551 524 510 474 437 467 403 505 547 482 514 
536 491 493 414 485 524 515 516 863 164 165 273 550 553 503 522 870 156 156 344 558 493 512 521 
735 289 289 258 405 555 482 500 917 107 107 502 491 515 505 526 933 91 92 615 444 518 515 520 
789 235 230 231 525 548 513 480 925 99 103 606 486 528 515 504 938 86 102 652 513 529 505 521 
764 260 249 247 533 546 491 523 917 107 115 615 574 509 483 507 935 89 118 701 568 519 495 548 
797 227 214 281 537 556 500 494 900 124 166 745 482 492 499 523 913 111 205 769 542 507 522 514 
842 182 174 425 507 494 523 564 914 110 329 620 514 526 546 490 928 96 413 604 528 481 528 511 
802 205 208 525 465 514 520 504 891 120 257 658 610 540 469 524 901 110 359 589 576 506 518 539 
870 154 158 353 569 494 507 541 943 81 148 737 516 537 511 508 955 69 212 720 548 500 528 540 
784 156 208 418 549 521 503 531 831 115 214 801 544 527 517 505 840 107 258 777 599 511 489 508 
658 233 269 626 447 518 498 474 690 211 383 688 611 501 483 493 701 201 475 577 545 521 523 473 
564 276 333 603 460 514 490 539 607 275 366 598 606 532 527 498 606 272 461 513 533 506 521 534 
401 336 440 644 501 496 500 503 420 335 554 563 536 532 513 539 410 305 641 540 511 511 488 482 
272 411 503 616 531 530 524 489 279 384 587 546 572 534 524 504 270 300 666 596 596 487 515 478 
179 382 632 541 574 538 535 520 168 365 660 507 534 530 516 507 150 291 726 575 585 505 509 524 
269 835 216 400 465 512 538 529 192 864 301 380 451 515 559 498 163 753 444 455 496 498 514 506 
765 409 534 568 523 523 526 508 752 442 606 537 547 530 517 509 740 443 626 511 495 534 515 493 
913 283 444 552 541 536 543 573 924 292 521 549 532 530 532 525 924 292 514 570 507 523 507 521 
1020 338 627 602 544 536 531 532 978 438 576 585 536 504 525 526 918 493 608 566 544 516 548 513 
1015 185 786 607 529 538 517 516 1018 343 653 580 484 466 507 512 1018 377 621 568 477 492 509 515 
1013 269 675 546 496 526 539 507 1017 419 557 461 497 502 512 522 1017 449 530 457 495 539 472 502 
1023 108 882 686 509 519 555 514 1023 272 738 638 551 529 490 524 1023 252 756 651 552 513 522 500 
911 310 674 559 512 513 554 504 922 400 605 535 535 516 505 537 924 381 616 535 542 504 556 530 
906 205 753 521 545 519 505 496 898 244 726 567 511 502 514 510 891 238 729 552 518 514 511 494 
1018 156 766 507 517 504 492 535 1021 186 744 528 507 532 532 535 1021 186 744 528 507 532 532 535 
711 342 715 568 513 530 515 523 705 350 729 537 536 518 504 520 708 346 728 585 511 507 506 531 
971 114 786 504 517 509 522 484 970 123 794 500 528 551 518 537 969 109 786 480 515 493 502 538 
1021 66 832 489 499 507 534 546 1021 76 816 481 532 533 515 472 1021 57 815 457 529 505 500 478 
1013 82 776 529 489 535 537 522 1015 90 781 531 474 530 511 522 1011 77 780 504 503 539 513 522 
0 393 803 723 394 484 516 499 0 345 842 297 611 540 507 513 0 298 648 424 460 536 529 531 
30 610 764 628 611 441 507 491 42 492 845 609 467 494 467 510 26 454 877 344 442 578 544 514 
44 453 608 721 691 490 535 544 62 342 687 705 343 393 516 496 52 267 762 260 537 460 476 493 
40 524 580 668 660 548 478 499 104 312 679 771 319 503 589 521 112 270 710 266 688 448 467 513 
352 665 364 494 474 531 544 515 542 432 253 480 449 498 499 480 534 415 290 474 485 537 511 501 
789 235 164 283 539 504 511 517 885 139 184 693 475 480 501 532 888 136 228 672 564 497 506 526 
811 173 180 374 591 513 494 480 880 108 218 805 495 517 507 507 884 103 331 702 610 519 541 525 
636 241 318 386 600 515 477 511 699 191 316 776 540 465 503 526 708 175 366 752 569 518 513 508 
491 370 369 387 549 520 510 499 545 318 360 708 413 505 469 518 553 298 374 744 482 503 505 500 
463 424 380 433 562 512 525 520 534 360 316 657 437 537 501 507 531 347 330 696 490 513 547 524 
428 555 524 487 559 541 545 518 450 475 544 712 568 523 535 524 440 463 531 730 530 504 523 531 
296 612 395 507 551 485 513 495 302 561 449 509 522 510 523 502 295 382 613 677 532 512 518 503 
265 652 385 489 514 532 531 514 267 663 415 435 530 491 518 507 257 610 416 492 469 504 504 506 
328 791 361 455 511 549 498 491 330 795 323 459 511 516 497 557 316 706 417 537 464 531 530 532 
263 690 334 399 504 518 511 523 268 594 445 475 534 519 550 514 263 518 519 519 480 504 524 509 
425 623 442 422 482 484 494 517 399 672 424 483 512 526 524 522 361 656 482 586 520 511 517 524 
723 459 650 526 543 538 546 532 710 459 648 567 495 502 534 520 700 436 647 595 502 471 533 520 
810 361 612 549 543 530 530 530 800 384 658 551 526 528 543 532 758 424 698 526 484 509 528 506 
479 274 504 641 524 511 492 500 460 544 362 358 534 540 500 518 426 582 356 361 505 516 527 523 
194 483 548 464 504 521 491 541 240 673 314 533 484 497 507 488 233 704 289 528 509 502 513 507 
265 520 584 506 530 508 509 527 274 752 391 478 504 507 534 514 274 758 358 469 525 533 514 521 
933 291 683 606 482 509 481 489 928 594 430 490 532 482 488 530 927 684 376 483 531 508 508 499 
473 565 533 545 506 497 524 510 622 491 576 521 507 495 531 522 545 569 524 494 534 511 477 500 
756 353 655 562 481 516 492 510 822 434 599 536 525 479 520 516 789 446 582 524 517 510 527 511 
1018 146 805 602 512 504 529 503 1019 259 725 605 540 527 511 520 1021 315 677 569 536 494 510 503 
954 225 700 543 524 496 488 531 955 341 621 533 509 500 517 519 953 349 612 532 516 532 531 511 
456 307 642 503 520 503 530 503 458 290 681 495 507 548 516 555 442 268 676 505 501 488 511 501 
1019 77 867 591 519 515 509 508 1020 141 835 645 526 511 508 490 1020 136 835 647 527 505 533 517 
771 324 765 557 498 537 514 518 765 358 784 550 558 532 488 519 771 347 792 635 500 505 497 499 
994 74 867 481 547 502 534 505 989 79 880 511 532 494 533 497 987 69 873 465 524 515 515 525 
994 108 786 564 493 514 499 524 986 103 791 567 517 525 508 525 985 97 780 539 507 518 499 506 
1002 74 767 470 495 497 509 487 1002 78 772 477 517 498 523 519 999 72 756 469 498 509 513 519 
0 0 1024 805 278 382 468 521 0 0 1022 53 604 450 477 503 0 0 328 696 709 625 547 503 
0 0 1024 975 194 618 468 506 0 0 1024 107 836 498 470 518 0 0 820 204 242 328 554 518 
0 5 1019 1016 331 662 510 491 0 0 1024 187 831 745 427 528 0 0 998 26 78 458 597 528 
0 53 971 971 788 505 496 527 0 0 1024 735 320 503 505 501 0 0 1024 6 479 529 518 502 
222 722 239 501 483 517 494 530 129 630 452 676 454 518 539 468 71 575 560 370 554 481 491 525 
226 767 289 424 497 498 538 514 182 461 634 680 583 538 514 530 128 378 751 598 495 549 504 488 
179 773 592 599 518 525 509 536 180 690 643 610 496 504 494 506 173 567 707 561 511 500 518 515 
212 444 538 462 547 522 508 533 223 307 653 577 561 515 527 497 218 254 711 478 501 549 532 504 
257 598 374 498 468 504 500 534 254 505 468 532 537 505 476 512 243 393 575 504 550 521 521 499 
266 638 293 360 448 461 507 507 299 394 475 550 568 476 533 535 284 219 673 676 477 515 520 529 
109 828 346 378 488 530 524 529 121 740 393 434 491 510 484 496 111 555 528 564 536 531 508 507 
132 892 432 471 517 518 513 488 159 834 398 496 483 502 474 523 149 743 419 609 523 520 524 526 
647 562 533 556 569 533 497 538 644 630 419 497 530 572 513 528 623 628 407 487 536 523 550 532 
414 804 572 563 589 545 572 557 396 778 543 556 564 531 537 520 368 734 546 619 562 554 506 510 
499 752 318 518 473 499 482 522 499 828 234 413 569 510 537 498 497 801 246 419 542 503 521 515 
866 768 348 346 456 519 504 532 854 883 251 450 555 525 494 502 850 891 242 511 524 520 512 532 
782 720 439 398 507 514 513 527 772 792 379 560 495 515 539 510 725 843 409 611 481 523 509 524 
131 463 594 522 499 509 505 513 172 691 318 526 437 550 497 537 132 719 365 544 432 521 504 500 
26 617 482 400 469 493 551 493 104 799 202 675 435 555 518 488 105 797 207 707 486 550 515 531 
38 689 452 388 428 522 483 526 153 779 202 695 486 522 495 518 166 777 212 691 546 506 515 507 
474 473 503 470 514 524 497 522 488 541 532 503 522 512 509 535 437 633 612 533 502 528 509 541 
330 570 504 525 510 498 502 514 630 434 537 505 524 538 511 517 780 505 462 542 523 519 491 481 
60 640 463 531 506 504 469 490 147 805 504 535 485 523 497 512 146 694 474 520 520 515 512 505 
301 350 627 499 525 487 482 503 392 533 583 500 520 488 515 503 416 456 573 515 512 540 525 519 
796 238 744 448 535 520 519 526 953 200 706 590 493 525 521 475 1009 309 668 590 522 503 526 507 
889 169 636 516 483 509 510 499 899 205 757 463 536 486 512 498 905 265 716 539 468 522 525 493 
189 439 634 516 517 515 506 510 200 423 647 530 524 515 540 534 215 392 657 559 492 522 517 514 
640 220 640 466 494 497 505 516 655 243 691 493 524 514 524 522 661 255 685 513 514 522 487 498 
554 458 656 486 478 528 527 505 564 467 699 441 558 534 525 496 573 465 697 496 523 507 502 552 
411 561 511 515 543 512 484 522 540 457 581 504 498 503 503 517 455 532 525 496 523 521 491 549 
752 296 609 513 523 491 525 504 785 259 634 501 473 542 522 505 744 290 619 480 515 513 534 496 
953 121 632 513 511 510 520 470 952 118 645 497 503 513 540 509 950 113 647 502 507 513 535 480 
0 105 919 678 396 481 530 516 0 36 988 252 699 447 513 502 0 0 639 484 557 581 563 522 
0 247 777 789 294 570 517 527 0 94 930 339 746 573 519 492 0 31 920 268 291 487 525 503 
0 339 685 723 562 537 563 539 0 124 900 730 489 494 500 502 0 45 977 259 537 517 538 531 
0 164 860 860 727 523 490 488 0 8 1016 874 292 463 542 522 0 0 1022 117 555 503 510 497 
5 854 254 617 443 526 496 503 0 647 426 670 504 552 480 507 0 516 535 386 513 557 517 521 
0 883 141 328 482 475 466 484 0 541 483 499 533 531 532 517 0 175 849 540 618 587 520 528 
61 872 505 479 449 521 544 498 51 682 628 680 532 507 539 525 45 579 657 459 614 528 524 513 
9 761 310 577 500 496 497 517 6 513 545 742 481 542 542 514 0 413 649 378 631 491 499 511 
5 975 354 462 501 507 512 512 12 866 419 549 487 530 516 514 9 811 408 461 513 535 493 521 
59 962 344 579 549 527 474 511 84 920 322 521 537 520 491 500 67 861 389 514 534 482 501 483 
36 925 297 503 570 554 507 521 42 866 320 513 460 534 500 489 33 714 451 562 533 538 506 515 
266 743 476 485 497 500 519 530 299 698 490 445 493 494 500 508 301 693 426 432 504 524 537 506 
187 837 297 629 507 535 508 519 195 827 233 566 536 533 511 518 191 788 245 474 536 520 515 511 
579 563 430 564 513 505 508 522 549 575 412 501 502 531 516 523 529 544 433 494 507 516 493 507 
844 472 543 569 529 562 545 568 855 480 552 543 545 551 516 549 851 507 523 516 569 551 490 495 
869 300 644 587 541 581 520 545 876 298 676 518 547 523 551 527 879 293 668 505 508 515 518 513 
518 564 593 515 554 533 529 504 587 597 428 458 515 505 541 515 526 654 447 481 491 549 493 531 
52 489 604 522 501 526 509 521 117 832 157 636 425 469 529 508 120 840 150 680 400 497 524 506 
420 822 361 352 487 532 517 504 474 882 238 804 404 583 529 531 474 885 237 830 476 535 504 506 
632 624 424 532 524 513 508 518 645 772 264 626 478 517 481 524 631 783 265 637 464 516 503 493 
823 569 366 374 516 501 505 516 816 650 352 589 434 508 517 510 797 717 355 649 440 515 508 488 
540 634 401 447 513 511 523 493 690 558 406 581 489 519 522 500 766 563 428 580 504 513 515 524 
265 505 561 530 500 499 518 500 416 448 579 507 505 509 504 522 550 380 516 493 508 542 515 530 
287 528 469 499 497 509 499 496 551 385 557 485 532 528 503 505 730 362 549 521 491 505 512 523 
240 688 526 493 476 505 502 518 723 349 514 523 525 521 515 505 935 407 511 516 515 515 500 535 
173 591 494 485 492 498 499 515 347 550 545 475 525 515 517 535 494 510 553 508 479 484 535 505 
27 567 555 485 521 475 492 512 47 629 615 468 525 519 510 507 119 650 562 456 497 521 522 513 
341 458 482 497 533 479 498 533 457 426 603 503 525 500 536 509 529 435 638 529 492 539 500 503 
160 709 561 415 537 492 507 508 211 746 607 429 532 516 497 506 244 711 601 517 533 511 515 534 
3 497 587 542 491 505 524 497 10 724 517 537 509 534 493 510 11 691 458 556 513 508 522 515 
179 708 422 505 526 518 523 508 264 751 533 497 527 478 513 504 197 760 438 518 504 524 513 537 
821 209 484 502 526 520 489 499 848 188 549 490 493 516 504 500 851 186 581 493 486 524 498 521 
0 82 942 651 433 448 524 553 0 42 982 203 630 399 466 472 0 5 643 454 523 553 511 552 
0 8 1016 839 248 419 548 504 0 1 1023 94 841 374 490 520 0 0 840 192 228 398 470 504 
0 1 1023 963 247 435 550 503 0 0 1024 166 815 458 518 519 0 0 906 118 217 339 568 495 
0 692 332 576 568 512 508 497 0 498 526 597 455 509 526 507 0 264 760 421 570 550 514 511 
7 990 222 430 533 472 511 520 0 895 314 447 391 520 505 517 0 554 643 583 597 478 506 501 
221 786 258 407 497 513 517 532 239 640 389 456 456 474 495 552 226 339 694 656 595 504 531 551 
21 989 618 460 537 502 498 505 11 886 637 538 540 509 536 526 3 788 618 540 515 542 514 492 
1 916 563 584 479 542 540 493 0 910 598 578 494 494 523 522 0 900 515 518 531 487 500 537 
38 628 576 592 482 526 514 496 60 591 585 497 530 521 506 522 52 559 599 403 562 500 555 534 
117 335 735 655 470 501 544 508 124 321 756 557 503 517 492 525 109 320 760 350 582 522 536 522 
22 413 709 664 525 520 528 484 18 367 750 572 433 512 519 531 13 304 801 348 566 531 519 514 
173 578 610 586 501 512 519 524 183 507 646 589 481 503 532 480 176 473 673 431 548 519 513 519 
624 793 645 631 602 588 607 567 604 772 627 603 637 599 560 554 576 775 630 616 567 558 546 496 
743 492 597 652 593 591 573 583 746 465 604 648 581 554 550 551 722 452 605 640 585 520 526 509 
568 229 443 558 501 528 526 497 576 194 512 616 471 532 505 522 578 182 520 543 505 522 523 507 
743 264 355 607 483 519 520 496 737 270 387 641 535 489 528 503 723 276 391 632 510 486 520 527 
492 345 393 542 547 503 551 529 532 429 313 558 530 542 501 487 496 461 349 579 516 523 481 517 
444 332 436 509 516 492 525 529 547 284 356 647 479 519 517 512 547 285 381 666 453 498 491 512 
344 466 576 572 539 562 514 522 402 445 503 572 535 510 534 526 407 372 580 585 542 548 518 507 
588 665 490 517 548 533 555 521 541 646 536 466 540 510 528 526 455 656 652 507 513 530 500 498 
368 710 285 430 514 502 509 503 369 655 337 496 544 506 488 528 368 583 399 524 536 498 501 531 
793 812 199 285 527 472 491 537 795 884 123 599 417 523 488 519 795 902 106 739 514 527 502 528 
244 820 228 344 513 532 503 520 246 830 210 355 563 499 482 510 240 786 261 413 481 531 517 501 
402 716 273 425 500 495 504 496 424 714 284 456 506 552 533 531 435 686 326 419 528 540 495 496 
689 655 325 361 432 529 504 535 801 608 286 536 489 512 497 507 867 572 308 629 376 486 518 482 
397 565 477 462 516 485 495 517 478 565 472 527 520 529 497 533 587 534 450 547 484 487 514 536 
9 806 531 517 524 472 536 527 21 854 639 522 522 525 512 526 119 842 612 539 511 510 496 516 
6 938 403 644 506 513 527 516 49 906 810 456 507 519 523 507 353 643 605 554 524 501 502 569 
10 992 524 439 491 520 519 509 45 963 806 391 510 517 507 501 247 774 721 540 497 525 511 506 
9 764 365 563 521 504 497 519 30 824 435 526 511 495 518 516 73 812 533 490 533 490 537 523 
21 491 569 491 520 507 511 490 98 627 560 493 496 539 532 486 183 614 564 536 500 519 485 539 
349 550 501 521 519 530 510 492 647 372 502 502 498 506 544 522 807 356 576 488 511 511 522 526 
0 938 315 556 482 534 492 510 0 865 387 508 582 527 515 555 0 720 466 510 472 551 504 466 
0 552 472 606 569 514 519 530 0 447 577 445 515 502 518 505 0 307 716 273 427 492 540 534 
0 383 641 652 465 528 488 506 0 179 845 643 540 537 545 518 0 39 984 394 446 539 502 505 
0 408 616 626 495 545 498 526 0 130 894 769 479 495 488 490 0 23 1001 425 468 547 488 532 
73 706 481 550 576 502 543 533 56 575 628 690 491 512 548 528 36 445 777 594 540 512 527 491 
3 919 392 485 528 546 495 521 6 842 462 501 540 522 556 474 2 743 545 507 464 463 459 510 
171 712 566 587 532 539 491 500 177 632 574 598 450 537 513 504 161 586 566 400 500 562 486 510 
18 348 732 664 437 498 501 498 23 316 751 476 565 512 535 523 13 280 797 247 534 523 522 534 
0 95 938 665 402 448 496 533 0 77 954 296 738 595 462 515 0 59 964 124 563 501 544 516 
23 169 895 500 535 494 501 503 22 159 898 326 598 542 528 504 21 137 873 215 494 504 526 503 
9 193 875 482 532 504 476 538 9 161 903 337 597 529 507 527 5 127 905 218 442 541 526 519 
52 200 826 622 472 515 521 489 49 102 923 469 585 459 508 518 46 84 933 192 543 547 540 507 
278 337 710 694 469 573 509 521 246 257 816 660 479 532 487 520 200 270 869 413 565 486 463 531 
262 453 776 753 665 587 607 548 237 297 868 817 526 576 516 546 230 232 936 575 508 488 512 511 
703 667 657 675 638 592 595 627 690 576 711 743 670 597 623 562 680 539 756 720 557 550 525 489 
741 447 549 645 586 566 539 570 729 422 573 564 512 544 514 511 616 501 661 512 534 519 512 536 
155 203 766 743 513 463 513 537 166 171 785 764 321 489 520 479 166 138 791 445 588 520 517 538 
0 112 921 953 681 380 516 518 0 94 932 922 205 578 508 489 0 51 975 513 533 531 497 519 
5 54 968 970 892 501 484 527 5 14 1008 997 265 672 524 504 4 7 1015 849 207 396 491 501 
342 558 367 418 483 472 514 507 303 290 687 702 668 472 503 526 233 291 798 731 406 556 559 524 
331 780 255 287 503 494 510 525 338 714 318 471 485 522 521 539 334 555 479 693 428 509 543 504 
767 804 214 239 560 482 490 537 768 859 142 511 463 509 515 484 764 836 163 667 378 556 526 523 
858 889 127 188 631 397 608 531 858 947 76 677 324 352 411 517 858 934 88 837 252 710 493 522 
760 878 148 190 650 454 475 543 759 935 97 577 391 372 499 485 756 927 107 658 308 637 508 502 
884 890 136 173 351 631 565 458 886 964 65 318 655 592 471 515 888 959 66 586 408 471 448 495 
737 826 282 242 299 658 474 538 737 872 239 350 685 606 466 494 756 889 212 643 422 512 532 516 
345 452 643 540 474 518 502 517 359 592 520 523 520 511 532 535 382 629 477 540 540 504 496 507 
15 785 406 599 516 510 521 513 25 842 492 526 521 521 515 521 47 873 635 457 483 518 522 497 
2 797 577 471 480 499 505 513 8 831 661 434 482 511 512 533 24 901 712 480 511 516 480 494 
0 556 539 492 511 502 549 469 4 625 539 523 512 521 498 514 12 712 577 502 499 536 523 535 
7 407 611 450 510 491 511 502 51 479 604 541 494 496 490 511 88 565 551 549 515 515 532 532 
158 773 525 493 518 507 516 523 609 438 510 542 518 530 518 490 897 297 519 522 491 535 496 498 
451 564 359 591 516 500 486 520 505 496 414 539 500 480 499 524 467 511 362 600 537 493 513 509 
447 412 396 584 546 518 514 509 500 326 392 636 495 501 500 530 461 325 440 528 501 499 530 488 
277 642 593 569 522 517 535 492 370 524 545 543 496 535 489 540 322 544 584 498 543 490 505 527 
260 738 550 472 469 500 518 501 288 682 549 528 521 501 534 494 272 647 548 601 506 508 516 476 
552 477 415 569 502 512 513 506 621 396 350 603 471 521 479 529 558 446 411 629 490 475 497 516 
713 311 405 536 493 485 489 515 849 175 382 408 463 485 521 524 793 231 429 420 475 513 516 522 
472 643 489 491 562 527 521 497 496 560 476 564 519 472 482 524 479 550 444 454 544 514 504 517 
325 308 625 654 483 484 486 504 351 278 638 597 456 465 487 511 340 281 657 350 518 548 529 503 
81 49 957 361 643 633 554 549 87 47 968 164 802 371 562 519 86 42 951 136 283 680 523 473 
0 3 1022 21 1004 780 351 539 0 3 1022 5 875 173 386 605 0 3 1008 17 27 698 388 420 
0 0 1024 20 1001 847 451 544 0 0 1024 0 951 122 491 535 0 0 1017 7 14 816 370 505 
4 80 946 467 552 650 554 506 0 11 1019 158 837 440 514 522 0 10 1010 16 185 790 567 523 
202 145 877 815 248 596 480 548 206 135 839 245 733 678 636 504 155 178 882 124 776 278 555 491 
18 23 995 980 160 847 452 534 17 15 1007 517 503 524 533 519 16 12 1008 46 935 232 529 487 
10 101 933 945 305 704 605 563 8 26 1002 766 334 382 437 548 7 14 1016 106 836 349 486 465 
528 590 606 649 584 540 553 554 499 492 687 606 424 495 549 524 377 546 830 433 579 505 524 493 
0 12 1016 1016 88 819 471 547 0 9 1018 439 588 577 559 546 0 8 1016 13 935 222 556 477 
7 14 1009 990 464 534 489 541 7 8 1015 705 350 443 529 550 7 5 1018 123 845 509 612 486 
308 452 572 558 515 499 512 505 310 341 686 679 591 525 565 496 310 297 726 671 410 500 526 515 
819 605 450 434 469 486 519 505 822 698 299 454 550 516 500 484 813 641 310 601 473 529 527 485 
1023 882 134 114 412 414 540 507 1023 954 67 294 663 393 566 525 1023 963 59 467 549 638 503 505 
1024 982 42 51 864 402 511 526 1024 1000 24 617 401 359 484 492 1024 1010 14 875 147 802 402 531 
1024 941 82 84 584 535 467 498 1024 972 52 646 382 372 499 512 1024 1003 21 924 100 691 429 584 
1024 915 109 92 391 344 594 499 1024 988 36 237 712 415 442 489 1024 996 28 531 497 542 508 547 
1024 811 205 153 193 374 612 556 1024 911 109 96 862 259 548 465 1024 926 95 137 888 732 419 547 
983 833 173 150 241 699 417 509 984 904 114 154 805 247 481 510 984 908 109 243 771 734 419 523 
569 511 518 489 498 498 515 516 570 652 401 407 534 516 502 510 604 663 354 414 560 513 513 521 
76 457 605 577 512 488 532 526 89 497 604 551 494 482 516 509 92 545 551 528 512 542 533 516 
16 602 545 555 491 526 493 490 18 659 582 483 520 513 487 505 29 710 601 473 537 515 530 521 
46 366 542 498 538 525 513 515 52 406 558 565 527 512 485 518 54 445 566 574 538 495 501 507 
97 381 609 511 511 507 529 472 115 430 601 558 530 484 509 513 112 459 609 579 546 507 515 516 
659 525 489 481 501 524 533 514 802 467 349 417 489 506 510 515 829 465 333 439 538 484 481 500 
433 591 606 476 571 484 546 500 481 543 577 490 567 485 523 518 432 592 590 453 457 505 509 528 
688 336 422 569 552 510 513 506 744 280 458 543 514 525 519 524 710 314 467 551 488 517 525 505 
453 571 435 546 542 517 507 498 512 512 460 523 492 517 482 512 475 549 464 492 502 516 509 500 
253 771 534 530 519 500 504 536 290 734 514 508 524 522 524 489 272 733 511 467 557 521 510 476 
809 197 573 474 467 534 509 528 837 173 663 476 556 495 490 514 820 179 669 500 523 512 497 506 
879 107 684 321 548 497 540 512 896 81 778 587 434 474 539 537 892 69 793 554 464 472 568 523 
573 354 652 495 538 526 495 500 626 233 708 650 389 598 505 492 613 210 745 485 547 525 518 497 
252 235 817 831 286 491 537 525 249 233 829 460 582 612 486 500 246 162 884 202 407 613 509 509 
0 0 1024 943 108 255 395 427 0 0 1024 48 976 443 632 433 0 0 1024 0 123 863 421 594 
0 0 1024 971 53 116 522 469 0 0 1024 0 1009 562 502 469 0 0 1018 6 249 770 571 555 
0 0 1024 654 369 490 619 535 0 0 1024 39 931 613 485 535 0 0 1017 7 432 530 478 489 
34 59 972 878 208 390 530 522 20 64 991 204 805 598 485 516 7 72 1000 51 322 639 527 518 
87 42 923 915 116 766 424 536 80 45 933 208 802 745 608 515 64 58 950 54 854 188 584 485 
0 0 1024 1024 73 803 502 587 0 0 1024 455 569 545 520 586 0 0 1024 2 837 315 527 437 
0 2 1022 1018 371 647 500 591 0 2 1023 699 351 465 522 566 0 2 1022 106 893 365 581 453 
428 353 664 705 553 515 548 521 418 305 682 680 409 530 486 496 354 344 743 430 558 494 517 500 
171 214 783 724 500 529 514 542 175 172 836 634 459 531 523 491 176 156 845 389 539 505 512 488 
136 232 788 653 520 509 510 520 138 150 878 599 461 522 531 532 137 124 874 368 566 507 501 508 
117 262 743 689 546 495 503 480 116 131 884 708 416 526 488 501 110 106 898 352 579 496 499 515 
372 548 507 516 517 487 508 510 369 330 698 659 517 517 506 544 355 271 733 502 546 547 489 532 
499 707 319 427 519 512 529 503 494 636 391 452 572 512 512 515 489 509 518 588 497 512 473 502 
771 872 161 308 649 475 533 524 764 910 117 435 518 517 486 497 758 809 223 697 381 444 516 530 
885 919 114 179 710 412 523 516 880 903 128 603 381 383 447 519 877 871 152 791 251 407 480 532 
1020 812 201 158 566 513 574 492 1019 897 126 287 638 526 497 530 1019 902 122 509 503 540 475 480 
1024 645 379 376 384 478 499 521 1024 1001 23 22 328 657 570 505 1024 1015 9 22 820 365 500 515 
1024 514 510 474 479 580 480 537 1024 905 119 120 504 398 504 500 1024 951 73 204 510 586 471 524 
492 571 468 496 493 527 493 518 486 687 372 367 536 514 524 509 497 699 372 373 541 544 519 519 
233 380 669 509 542 508 493 497 230 384 679 462 512 533 519 507 227 371 669 419 516 517 515 503 
210 627 494 500 540 526 487 506 232 630 510 512 521 518 522 491 227 626 503 506 540 511 521 539 
228 640 493 502 476 509 520 523 243 644 515 509 526 497 518 520 242 643 506 495 507 519 519 501 
132 531 610 513 507 509 507 520 142 545 616 505 528 535 507 515 145 561 602 530 536 498 467 491 
21 423 481 536 551 508 520 527 77 647 656 523 508 512 500 513 47 548 507 525 504 490 505 480 
466 445 528 542 510 513 514 539 519 384 497 557 446 483 489 490 461 439 496 540 519 488 543 523 
994 30 225 599 525 543 508 540 1015 9 392 461 543 517 528 483 1002 22 368 483 530 491 545 509 
1024 0 652 362 618 516 522 503 1024 0 830 415 440 505 512 510 1024 0 856 451 434 526 518 514 
1024 0 841 532 567 506 474 516 1024 0 909 880 191 576 539 509 1024 0 924 882 227 621 550 517 
1024 0 979 794 241 335 513 514 1024 0 1003 958 649 383 538 491 1024 12 997 943 824 526 549 521 
1024 0 991 517 519 548 522 529 1024 19 997 924 379 485 513 514 1024 33 988 908 468 561 465 513 
1024 2 999 740 692 444 484 537 1024 329 694 605 359 465 558 486 1024 522 502 429 183 400 536 538 
900 359 698 740 486 544 498 486 904 659 368 471 421 482 479 499 896 678 351 396 388 519 497 499 
443 111 869 811 441 528 487 524 448 308 715 520 391 466 540 506 448 295 715 264 508 509 522 532 
39 18 1005 971 308 515 503 515 42 27 998 448 598 665 485 510 42 23 1001 53 463 580 542 525 
0 0 1024 1002 493 479 512 402 0 0 1024 784 240 259 336 495 0 0 1024 0 837 233 344 541 
9 153 921 929 450 624 569 508 4 124 940 840 190 350 476 495 0 95 955 109 769 396 488 545 
79 42 983 962 582 504 519 522 81 74 950 788 288 527 482 522 80 72 952 153 761 535 523 489 
352 205 823 792 597 486 556 541 354 375 652 648 377 543 431 494 351 353 673 298 678 538 533 520 
561 323 682 597 531 503 487 534 562 499 526 526 509 545 493 526 562 467 551 414 554 520 526 507 
412 433 653 546 548 484 528 532 410 306 753 642 495 519 507 514 391 275 748 520 502 516 499 504 
95 184 848 809 582 496 515 516 91 113 924 800 361 521 491 491 89 90 935 452 557 503 512 496 
104 259 767 721 569 500 506 541 104 123 896 771 426 512 503 511 96 101 917 485 535 525 511 499 
113 390 630 600 549 527 501 516 111 163 858 785 513 466 504 509 101 102 921 577 494 514 462 529 
494 709 343 357 501 493 512 496 496 621 426 577 531 535 500 501 493 512 512 710 396 456 537 471 
722 756 267 281 478 488 528 507 717 739 286 425 624 546 522 530 715 681 330 642 437 465 496 516 
398 830 191 226 410 490 485 522 393 411 603 667 733 473 520 521 386 362 661 619 427 458 498 518 
19 967 82 95 377 559 491 507 8 179 877 888 782 477 533 512 3 91 963 689 387 445 528 496 
273 798 211 271 475 546 513 503 276 387 631 627 682 553 487 534 272 207 803 678 446 467 517 532 
926 827 185 186 579 407 498 546 927 862 154 165 803 642 536 539 926 813 199 393 644 598 512 483 
1024 994 30 30 462 461 466 491 1024 1024 0 8 961 537 474 510 1024 1024 0 60 937 695 496 512 
751 655 363 354 411 510 506 536 756 718 304 312 587 463 519 510 755 696 320 319 624 481 498 500 
784 383 625 576 511 491 490 536 787 719 300 233 351 502 493 497 785 715 303 176 403 507 514 528 
592 202 849 770 610 461 513 511 590 414 639 546 512 530 486 500 586 457 591 453 438 447 502 504 
178 360 650 536 508 513 503 503 205 407 679 521 531 514 513 503 196 380 614 524 534 523 532 521 
27 324 509 553 560 495 506 511 118 409 597 485 525 527 516 512 76 399 551 499 522 503 507 496 
0 294 459 536 469 527 507 515 64 595 586 523 493 522 518 512 11 441 438 590 487 507 533 504 
16 40 980 168 633 485 507 523 16 28 837 214 312 494 558 535 18 30 199 827 745 376 528 486 
609 122 815 329 514 507 541 518 597 109 867 252 559 565 490 509 612 97 700 355 747 624 512 530 
1024 0 932 118 821 522 526 510 1024 0 957 598 441 463 471 514 1024 0 952 593 444 431 525 501 
1024 0 957 239 707 644 558 502 1024 0 980 808 267 543 497 508 1024 0 974 759 299 449 548 516 
1024 0 1001 74 654 414 517 507 1024 2 1014 298 741 690 504 488 1024 1 1010 202 840 663 499 536 
1024 0 964 204 792 489 526 520 1024 0 988 747 375 396 513 517 1024 0 988 710 428 442 517 507 
1024 0 1006 680 516 586 529 534 1024 58 963 871 531 494 499 506 1024 175 847 774 467 553 511 518 
1011 37 980 913 529 540 517 490 1013 364 657 622 584 515 522 487 1013 747 276 259 335 475 512 525 
1024 17 1005 951 767 425 480 464 1024 551 473 431 428 472 470 553 1024 837 187 157 206 465 537 487 
892 101 907 792 659 582 503 502 899 622 398 339 283 477 547 478 897 735 286 164 428 481 505 524 
426 244 783 752 603 531 486 491 432 422 601 531 346 531 533 522 430 408 618 185 702 487 473 503 
680 248 766 764 657 514 495 508 684 648 370 370 309 543 531 511 682 644 375 140 737 491 510 495 
998 260 710 707 633 547 486 518 998 856 139 121 290 648 533 515 998 861 141 112 683 386 511 522 
1024 496 486 477 461 497 518 533 1024 898 108 77 647 403 507 497 1024 912 102 130 827 600 537 515 
1024 891 132 117 135 346 551 501 1024 999 25 24 867 269 476 584 1024 1004 20 153 851 652 558 447 
972 630 391 391 373 441 495 488 977 817 228 231 639 420 491 541 971 821 216 244 759 450 547 496 
456 274 747 697 631 523 494 523 468 416 583 570 518 508 474 515 461 406 604 248 697 537 510 521 
148 267 754 749 558 555 513 519 146 155 872 768 406 559 536 515 142 136 889 323 609 555 466 524 
571 594 421 460 500 491 512 512 565 588 428 451 599 580 514 501 564 536 477 510 467 498 531 513 
601 821 188 204 432 555 500 493 599 521 492 579 694 520 519 519 598 498 509 690 373 434 533 504 
93 879 157 168 272 422 574 518 88 136 898 907 822 354 565 490 85 98 933 764 302 344 516 538 
62 725 290 312 297 424 522 530 57 110 913 888 663 394 495 530 51 89 934 452 551 518 531 547 
523 506 486 488 443 460 533 510 533 474 526 522 514 417 493 493 528 473 525 288 497 564 493 505 
1012 897 107 107 123 492 528 519 1012 970 51 33 678 366 508 497 1012 971 42 41 872 468 544 505 
1024 964 51 37 173 648 453 541 1024 981 39 28 847 316 528 478 1024 983 38 42 905 332 582 545 
1000 716 274 224 254 497 534 517 1004 826 173 129 561 492 507 534 1005 829 170 131 668 438 512 498 
1015 449 571 568 526 482 488 521 1017 889 130 130 216 563 536 520 1017 921 98 99 373 512 477 521 
1021 11 1005 988 767 493 514 535 1021 389 630 616 609 570 511 494 1021 491 530 514 512 576 519 533 
602 324 636 681 496 457 516 489 721 312 664 647 630 557 516 494 693 377 586 602 591 534 510 526 
134 497 477 499 509 521 519 505 289 672 555 552 534 523 525 497 206 600 521 488 500 515 504 534 
0 423 458 519 507 504 521 535 133 773 666 497 507 528 527 510 2 716 390 533 515 490 509 538 
0 248 669 498 500 496 543 495 45 911 502 537 493 518 527 525 0 704 425 520 531 529 525 522 
0 25 972 230 415 569 507 538 0 2 701 445 507 516 519 524 0 0 320 739 557 494 493 493 
0 12 1011 320 680 451 510 510 0 6 949 145 318 440 583 523 0 6 296 749 722 494 540 502 
428 128 858 311 574 469 493 515 413 112 883 155 516 560 523 501 421 103 565 480 758 591 510 499 
1000 21 591 460 642 520 523 502 995 24 764 524 449 531 520 523 1001 20 822 498 383 420 515 499 
1024 0 932 213 268 535 494 500 1024 0 993 224 653 463 511 506 1024 0 997 233 725 483 549 518 
1021 3 1004 678 301 480 553 516 1023 5 1008 822 578 496 511 501 1024 30 982 857 708 472 508 523 
1009 20 930 887 343 532 508 504 1017 30 918 917 745 517 493 525 1020 109 847 839 767 622 524 510 
1013 19 953 896 392 550 505 498 1017 94 880 866 762 514 518 526 1017 337 650 632 589 536 529 497 
1024 35 965 916 531 514 491 541 1024 280 728 707 636 493 519 476 1024 519 495 482 475 516 489 549 
1024 243 763 740 658 549 491 508 1024 844 165 152 164 505 482 529 1024 925 88 82 407 526 530 484 
1021 470 497 476 419 414 510 509 1023 739 242 219 378 588 554 514 1023 859 128 122 612 453 467 510 
1024 156 832 806 778 517 526 504 1024 777 220 215 276 401 489 510 1024 899 102 122 419 617 538 520 
1024 620 404 403 401 470 496 529 1024 1005 19 19 273 589 511 527 1024 1022 2 9 901 531 495 495 
1023 744 261 232 244 391 531 529 1024 912 102 85 721 323 560 515 1024 937 82 145 847 728 475 490 
1023 644 338 337 368 454 511 522 1024 902 87 114 668 439 502 507 1024 921 74 347 648 533 487 530 
1024 846 179 195 247 510 514 512 1024 985 45 92 822 437 515 498 1024 994 29 419 613 552 497 507 
884 645 370 451 469 550 526 510 886 809 206 300 615 458 472 513 881 794 233 424 557 527 525 495 
862 462 546 494 540 525 514 499 865 757 254 243 483 504 522 512 864 736 276 269 552 499 523 524 
950 83 922 899 819 635 580 475 953 853 168 152 173 417 586 555 952 862 150 127 251 683 587 467 
951 217 805 778 677 592 536 507 953 902 129 117 136 536 524 507 951 899 129 111 249 688 538 528 
910 543 465 425 400 516 518 507 913 805 208 183 485 564 505 531 912 799 220 193 563 591 529 542 
874 484 539 512 491 533 502 512 879 813 209 200 347 509 504 509 877 803 218 196 519 510 503 509 
1024 38 986 981 935 643 503 517 1024 866 158 158 153 304 532 509 1024 965 59 59 104 455 534 507 
1024 349 675 616 632 590 478 503 1024 891 133 121 119 500 464 506 1024 913 111 111 229 593 543 517 
1024 249 747 694 689 598 533 506 1024 790 225 159 337 334 504 532 1024 877 142 86 369 638 502 487 
1024 578 446 446 434 336 524 508 1024 774 250 250 480 616 517 516 1024 1015 9 9 561 468 512 512 
1024 103 870 856 858 706 539 537 1024 806 195 149 161 433 467 465 1024 889 120 94 119 574 467 561 
869 162 645 559 567 553 528 525 943 211 736 529 478 476 491 509 916 311 692 557 407 500 539 503 
98 597 428 513 512 486 512 524 300 663 583 520 510 484 492 492 200 700 552 473 504 535 521 504 
2 270 610 513 489 508 512 522 80 862 504 493 518 506 528 501 11 669 436 511 533 524 514 530 
0 243 612 498 513 517 514 517 29 843 506 534 508 512 503 494 4 697 381 531 540 479 513 531 
0 251 653 516 514 505 512 534 12 917 494 498 505 534 514 509 0 779 347 569 528 499 512 503 
