0 93 329 501 452 505 515 470 67 539 522 480 505 500 557 497 18 270 488 473 525 497 502 542 
0 61 369 433 483 509 503 490 74 723 502 474 528 514 504 508 34 452 424 510 487 480 472 510 
9 237 396 451 516 532 521 508 407 505 608 510 531 515 503 520 240 486 400 567 503 501 500 511 
132 426 448 475 459 478 488 467 759 549 518 511 485 499 500 479 566 442 536 530 512 525 493 528 
487 359 554 562 475 535 491 509 676 503 593 508 538 505 521 523 589 399 618 499 508 499 513 515 
261 281 630 530 519 506 509 477 512 508 610 521 501 515 481 509 468 345 604 562 527 519 504 519 
74 420 482 470 524 519 517 513 652 455 528 534 500 495 528 542 410 473 500 513 516 531 539 542 
157 264 619 542 478 518 483 507 455 521 495 507 511 512 520 508 384 541 487 477 539 524 511 524 
81 377 511 490 524 521 497 500 818 358 560 484 525 509 508 518 417 599 485 513 494 488 551 501 
176 486 553 520 517 512 480 492 828 333 539 516 502 484 542 525 443 588 534 511 541 526 520 506 
3 164 235 398 495 504 471 503 33 452 640 486 534 513 501 515 24 301 453 519 482 529 518 492 
6 174 197 358 421 513 486 509 41 436 625 474 544 499 520 499 33 289 530 558 482 522 536 491 
25 104 208 326 484 445 496 483 65 435 626 536 483 507 480 523 48 244 510 538 529 506 539 513 
78 155 288 375 389 435 459 433 191 442 548 574 539 521 510 507 147 317 461 536 525 512 515 543 
82 210 320 341 354 430 412 420 200 494 486 511 484 503 522 508 133 409 435 475 503 508 543 518 
11 62 226 253 335 333 384 390 95 320 501 547 507 528 532 528 53 284 426 527 492 496 517 530 
45 270 389 432 448 469 459 467 357 586 550 508 519 510 508 510 285 502 508 543 525 519 512 513 
62 275 614 512 492 470 509 499 270 669 397 490 532 534 540 506 256 763 476 518 504 486 460 525 
3 144 220 313 367 397 411 412 271 418 569 499 509 519 483 535 178 312 375 530 528 494 524 504 
10 300 408 429 437 477 490 449 602 547 528 541 532 518 494 513 404 476 497 509 504 514 517 514 
53 760 474 551 494 517 506 472 139 869 605 582 569 488 527 517 335 703 581 433 505 526 517 507 
264 641 475 520 524 508 532 515 295 759 595 505 503 510 528 510 348 752 662 486 488 499 526 517 
94 499 496 476 484 510 497 498 130 673 540 556 507 544 517 530 209 644 570 559 509 568 514 492 
0 414 558 510 499 522 515 500 4 770 501 504 500 507 540 484 38 830 572 535 515 537 512 535 
191 634 439 493 522 511 501 471 221 856 595 501 469 497 523 515 352 812 603 534 488 529 510 515 
8 273 446 469 497 484 508 487 26 589 493 529 529 496 501 510 92 657 571 524 495 507 480 516 
26 256 316 439 424 484 450 466 195 458 657 479 521 506 518 516 261 504 559 493 534 501 534 554 
14 213 329 405 442 489 462 462 155 465 491 561 550 494 500 516 241 345 554 518 491 539 499 502 
21 91 187 301 408 425 409 441 107 275 478 472 502 500 513 485 81 204 359 486 474 485 498 487 
50 244 292 403 462 460 463 473 141 412 523 493 521 529 525 511 74 308 414 481 491 493 488 476 
58 892 361 536 474 491 501 484 166 867 741 598 497 473 497 517 596 483 453 460 551 512 518 500 
168 610 580 502 516 526 538 539 276 702 524 509 505 521 505 543 444 617 443 517 533 523 523 519 
41 395 501 565 485 485 507 494 82 616 495 467 501 546 523 495 198 583 461 498 503 504 501 494 
28 435 386 509 494 517 506 507 67 647 511 519 509 479 508 524 148 670 540 519 496 514 487 500 
63 334 431 550 518 521 523 492 108 444 594 449 518 515 508 513 151 501 584 497 517 533 490 509 
25 258 310 409 517 496 523 499 33 350 422 552 538 533 505 514 34 435 539 512 505 526 488 505 
65 287 379 459 498 493 520 500 137 400 570 486 518 507 500 508 262 566 515 533 526 528 514 516 
132 317 363 400 595 529 491 516 304 509 452 558 559 502 548 539 360 527 583 428 486 482 506 522 
233 576 448 504 518 529 537 486 733 443 488 488 532 503 516 516 616 561 513 551 513 526 512 506 
5 335 535 574 506 496 482 465 617 267 335 411 562 529 501 526 180 548 360 542 513 516 478 511 
207 259 438 578 504 503 525 495 310 410 692 510 510 513 546 510 455 499 616 553 507 516 511 525 
124 366 395 524 532 513 522 515 172 532 526 499 531 517 484 523 207 657 619 489 495 523 498 507 
75 368 482 509 523 531 530 491 139 543 583 492 469 485 516 505 254 612 538 512 489 534 523 478 
100 199 543 522 511 522 524 520 166 477 490 466 518 506 552 528 207 651 532 533 513 503 520 523 
21 273 538 554 512 502 501 480 116 331 641 479 511 508 523 513 160 552 477 530 499 524 512 532 
16 429 592 493 492 489 482 527 104 543 604 518 527 508 510 529 297 564 410 491 522 505 517 501 
283 509 488 500 532 524 522 501 376 548 474 567 496 523 522 518 463 560 538 578 530 516 512 491 
534 733 393 559 528 501 495 528 619 763 609 437 502 497 514 505 699 777 687 660 609 545 556 516 
729 311 593 487 512 517 545 499 835 609 406 520 483 541 504 515 908 785 702 582 528 554 514 525 
653 379 478 477 482 503 499 513 823 606 445 448 524 541 479 512 862 701 734 521 513 502 503 496 
3 199 434 464 485 468 500 489 6 357 572 507 536 495 496 499 55 429 562 528 543 483 510 529 
111 450 449 497 461 486 524 502 314 415 526 480 539 514 523 512 478 438 529 541 522 490 520 521 
174 444 488 487 496 491 520 531 373 445 536 466 526 507 508 491 534 516 514 511 508 522 540 518 
90 306 671 541 494 525 541 537 153 628 385 521 473 500 524 532 221 740 369 456 553 469 510 501 
4 133 702 627 513 513 524 519 8 501 443 468 530 529 529 513 10 734 305 445 512 527 514 510 
5 393 548 543 510 510 499 514 13 681 372 449 524 516 517 519 24 804 362 487 531 532 501 501 
59 733 575 502 472 544 503 511 142 736 502 436 533 510 512 529 239 689 413 490 503 537 529 510 
67 713 393 525 536 505 512 502 127 733 483 462 494 523 510 499 192 733 553 469 520 527 526 524 
654 321 564 486 520 494 480 508 747 618 430 497 528 517 513 506 829 775 666 578 509 511 509 519 
659 248 608 529 485 500 505 483 765 603 389 502 520 516 476 498 812 792 670 529 502 497 510 518 
50 167 619 703 337 720 693 291 142 553 362 284 716 708 702 301 195 620 779 328 319 307 315 700 
0 9 49 881 185 739 316 693 0 25 783 209 243 265 320 714 4 39 856 170 290 714 705 699 
42 72 599 368 682 333 708 317 69 83 844 628 684 324 718 308 95 527 468 312 709 337 328 308 
225 556 297 670 698 304 710 699 318 577 765 722 313 716 322 713 768 382 306 734 338 322 700 315 
156 628 324 720 308 711 693 729 242 660 706 307 694 329 726 715 693 406 283 305 321 306 711 692 
322 600 647 729 325 348 687 709 803 230 380 332 716 709 326 688 866 462 682 317 722 724 322 705 
379 537 665 732 709 313 313 694 840 233 365 750 331 698 317 696 890 473 761 685 318 691 697 326 
289 698 695 707 687 326 313 299 904 129 300 710 325 314 702 683 973 297 708 723 319 311 684 724 
235 669 687 358 714 296 693 705 421 504 697 708 699 697 701 687 870 236 297 700 333 715 702 682 
82 198 585 655 663 293 676 684 146 669 306 692 301 694 717 713 136 639 308 678 323 313 732 330 
