1024 1024 1024 1024 1024 1024 1018 916 1024 1024 1024 1024 1024 1024 1024 972 1024 1024 1024 1024 880 769 835 730 
919 955 938 946 945 926 856 906 917 978 929 940 939 935 923 875 900 906 966 923 916 895 871 780 
12 85 943 354 565 499 506 506 6 72 961 419 567 524 526 512 2 30 741 322 471 497 506 506 
415 501 817 679 650 610 605 616 365 467 855 704 634 621 632 566 337 398 818 516 617 603 575 545 
1024 1024 1024 1024 1024 1024 1021 1024 1024 1024 1024 1024 1024 1024 1024 1024 1024 1024 1024 1024 1024 1024 1024 1022 
1024 1024 1024 1024 1024 1024 1024 1024 1024 1024 1024 1024 1024 1024 1024 1024 1024 1024 1024 1024 1024 1024 1024 1024 
1024 1024 1024 1024 1024 1024 1024 1024 1024 1024 1024 1024 1024 1024 1024 1024 1024 1024 1024 1024 1024 1024 1024 1024 
1024 1024 1024 1024 1024 1024 1024 1024 1024 1024 1024 1024 1024 1024 1024 1024 1024 1024 1024 1024 1024 1024 1024 1024 
1024 1024 1024 1024 1024 1024 1024 1024 1024 1024 1024 1024 1024 1024 1024 1024 1024 1024 1024 1024 1024 1024 1024 1024 
1024 1024 1024 1024 1024 1024 1024 1024 1024 1024 1024 1024 1024 1024 1024 1024 1024 1024 1024 1024 1024 1024 1024 1024 
1024 1024 1024 1024 1024 1024 1024 1024 1024 1024 1024 1024 1024 1024 1024 1024 1024 1024 1024 1024 1024 1024 1024 1024 
1024 1024 1024 1024 1024 1024 1024 1024 1024 1024 1024 1024 1024 1024 1024 1024 1024 1024 1024 1024 1024 1024 1024 1024 
1024 1024 1024 1024 1024 1024 1024 1024 1024 1024 1024 1024 1024 1024 1024 1024 1024 1024 1024 1024 1024 1024 1024 1024 
1024 1024 1024 1024 1024 1024 1024 1024 1024 1024 1024 1024 1024 1024 1024 1024 1024 1024 1024 1024 1024 1024 1024 1024 
1024 1024 1024 1024 1024 1024 1024 1024 1024 1024 1024 1024 1024 1024 1024 1024 1024 1024 1024 1024 1024 1024 1024 1024 
1024 1024 1024 1024 1024 1024 1024 1024 1024 1024 1024 1024 1024 1024 1024 1024 1024 1024 1024 1024 1024 1024 1024 1024 
1024 1024 1024 1024 1024 1024 1023 953 1024 1024 1024 1024 1024 1024 1024 1006 1024 1024 1024 1024 1015 868 917 835 
1024 1024 1024 1024 1024 1024 1024 1017 1024 1024 1024 1024 1024 1024 1024 1009 1024 1024 1024 1024 1024 986 998 952 
1024 1024 1024 1024 1018 1003 946 928 1024 1024 1024 1023 1008 992 947 879 1024 1024 1024 1019 960 901 873 784 
1024 1024 1024 1024 1018 1016 995 888 1024 1024 1024 1024 1016 1016 981 842 1024 1024 1024 906 791 807 772 741 
1024 1013 997 976 969 944 893 831 1024 1005 983 961 927 891 690 632 1024 998 955 537 856 598 727 630 
1023 971 962 937 920 876 826 776 1017 958 936 900 820 590 552 533 1005 943 845 217 550 502 544 488 
1001 959 941 926 912 888 783 757 988 954 911 879 769 391 491 516 969 930 767 240 359 521 460 513 
1024 1024 1023 1023 1021 1021 959 780 1024 1024 1021 1020 643 382 443 508 1024 1022 901 120 160 383 370 472 
1024 1024 1024 1024 1024 1024 983 778 1024 1024 1024 1024 221 794 564 550 1024 1024 411 613 611 463 601 446 
1024 1024 1024 1024 1024 1024 998 833 1024 1024 1024 1024 0 755 349 443 1024 1024 0 1024 751 287 507 487 
1024 1024 1021 1012 1011 1006 927 705 1024 1023 1011 975 47 137 693 519 1024 1013 11 1004 57 674 607 529 
1024 1024 1024 1024 1024 1024 980 805 1024 1024 1024 862 162 163 273 441 1024 1024 0 733 291 344 533 543 
1024 969 953 942 920 900 785 738 1014 965 935 805 200 264 489 522 1006 936 83 825 242 598 480 532 
1024 973 833 832 835 822 742 670 1024 958 816 771 231 282 501 522 1024 904 133 872 260 603 539 480 
1024 951 652 695 681 682 644 577 1024 930 584 567 481 527 534 480 1021 872 146 693 388 453 524 512 
1024 890 407 628 555 558 521 524 1024 860 324 606 476 485 523 529 1022 691 300 483 496 506 508 526 
1024 1022 1020 1019 1018 1009 952 952 1024 1018 1018 1010 1012 1013 1007 959 1021 1017 1013 1012 1006 946 956 860 
542 636 862 705 719 732 626 727 549 717 790 727 709 747 731 651 513 581 827 687 723 679 664 601 
0 39 859 233 473 485 499 500 0 33 952 273 474 497 487 482 0 11 490 558 580 511 517 521 
202 392 806 528 570 557 554 569 175 365 818 598 562 570 573 538 155 277 746 434 583 557 533 531 
1011 1004 1004 1004 999 996 959 979 1002 1009 998 995 1001 997 978 947 996 1010 997 993 989 974 980 906 
1024 1024 1024 1024 1024 1024 1024 1024 1024 1024 1024 1024 1024 1024 1024 1024 1024 1024 1024 1024 1024 1024 1024 1024 
1024 1024 1024 1024 1024 1024 1024 1024 1024 1024 1024 1024 1024 1024 1024 1024 1024 1024 1024 1024 1024 1024 1024 1024 
1024 1024 1024 1024 1024 1024 1024 1024 1024 1024 1024 1024 1024 1024 1024 1024 1024 1024 1024 1024 1024 1024 1024 1024 
1024 1024 1024 1024 1024 1024 1024 1024 1024 1024 1024 1024 1024 1024 1024 1024 1024 1024 1024 1024 1024 1024 1024 1024 
1024 1024 1024 1024 1024 1024 1024 1024 1024 1024 1024 1024 1024 1024 1024 1024 1024 1024 1024 1024 1024 1024 1024 1024 
962 934 912 913 915 922 859 902 959 937 905 910 925 931 915 843 957 940 899 889 886 899 878 816 
968 900 818 838 867 859 833 837 963 890 821 835 824 866 853 823 959 863 837 820 830 814 816 797 
1024 997 998 992 993 990 957 971 1024 995 992 989 997 991 977 921 1024 987 991 995 983 964 969 899 
1024 1024 1024 1024 1024 1024 1024 1024 1024 1024 1024 1024 1024 1024 1024 1024 1024 1024 1024 1024 1024 1024 1024 1024 
1024 1024 1024 1024 1024 1024 1024 1024 1024 1024 1024 1024 1024 1024 1024 1024 1024 1024 1024 1024 1024 1024 1024 1024 
1024 1024 1024 1024 1024 1024 1024 1024 1024 1024 1024 1024 1024 1024 1024 1024 1024 1024 1024 1024 1024 1024 1024 1024 
1024 1024 1024 1024 1024 1024 1024 1024 1024 1024 1024 1024 1024 1024 1024 1024 1024 1024 1024 1024 1024 1024 1024 1024 
1024 1024 1024 1024 1024 1024 1020 1018 1024 1024 1024 1024 1024 1024 1020 1018 1024 1024 1024 1024 1024 1024 1020 1018 
1024 1024 998 978 936 882 854 811 1024 1023 986 951 875 845 801 721 1024 1021 949 875 854 794 761 701 
1024 1023 997 926 846 775 715 710 1024 1018 930 814 708 659 621 586 1024 993 741 609 618 609 598 551 
1024 1024 1023 999 953 890 820 771 1024 1024 995 918 770 701 567 566 1024 1021 821 342 657 509 545 527 
1024 997 993 980 968 939 875 768 1023 990 979 949 904 740 409 556 1018 976 923 103 810 311 615 528 
1011 978 968 957 954 928 888 803 997 978 969 930 863 332 572 529 990 965 863 140 343 632 515 506 
1020 1004 979 969 958 943 882 782 1014 992 975 948 855 244 576 512 1014 971 861 149 367 538 470 533 
1024 1021 1017 1007 1011 1002 925 779 1024 1020 1008 1007 690 387 496 477 1024 1014 797 221 350 552 483 478 
1024 1000 954 881 906 895 854 767 1024 994 921 904 145 845 514 436 1024 987 120 891 871 401 553 475 
1024 997 792 730 758 745 710 639 1024 989 695 799 276 405 595 521 1023 974 96 848 417 571 513 506 
1024 985 674 552 592 602 543 518 1024 976 530 637 414 442 514 532 1023 959 132 704 487 483 545 513 
1023 941 433 512 457 512 507 532 1022 920 321 598 507 547 508 511 1022 870 162 640 550 500 495 514 
1024 897 388 543 505 472 533 548 1024 880 273 642 525 546 518 540 1024 790 220 608 514 533 533 489 
1024 905 303 580 492 487 508 507 1024 879 250 610 519 528 525 545 1023 773 231 518 505 543 516 552 
1022 855 281 558 514 516 480 512 1022 821 258 553 533 486 524 516 1018 657 325 452 499 542 486 514 
619 691 863 743 758 722 721 721 587 716 826 719 709 709 683 640 561 610 812 727 701 665 655 563 
179 259 670 540 610 556 548 549 183 329 713 548 572 576 586 556 167 254 510 658 526 551 556 491 
2 10 639 411 519 520 521 506 0 13 860 293 518 490 486 534 0 5 434 600 496 500 511 502 
136 356 695 532 484 519 524 526 82 316 765 548 507 519 497 527 37 207 743 422 501 536 517 486 
972 969 954 950 960 941 894 936 946 974 956 947 937 953 918 858 935 961 959 954 955 929 906 830 
1024 1024 1024 1024 1024 1024 1024 1024 1024 1024 1024 1024 1024 1024 1024 1024 1024 1024 1024 1024 1024 1024 1024 1024 
1024 1024 1024 1024 1024 1024 1024 1024 1024 1024 1024 1024 1024 1024 1024 1024 1024 1024 1024 1024 1024 1024 1024 1023 
1024 1024 1024 1024 1024 1024 1024 1024 1024 1024 1024 1024 1024 1024 1024 1024 1024 1024 1024 1024 1024 1024 1024 1024 
1024 1024 1024 1024 1024 1024 1024 1024 1024 1024 1024 1024 1024 1024 1024 1024 1024 1024 1024 1024 1024 1024 1024 1024 
997 1012 996 991 1000 999 958 981 997 1007 1000 993 1002 998 996 962 994 1001 1006 998 990 990 974 934 
809 682 518 592 571 578 564 589 808 760 420 462 599 586 560 564 807 680 486 478 543 560 566 522 
821 890 285 660 400 575 528 508 807 888 303 171 604 598 506 510 804 754 270 344 319 533 504 505 
743 816 414 482 505 535 517 562 735 784 413 287 544 540 489 505 724 736 305 394 438 506 531 501 
924 768 500 590 675 629 595 634 923 731 502 531 675 645 619 571 918 678 532 523 617 602 569 571 
994 812 743 763 787 787 725 752 994 773 758 768 785 768 777 733 990 738 768 776 784 742 746 675 
1024 920 939 922 931 915 882 927 1024 903 937 924 928 925 919 855 1024 884 935 935 926 899 904 817 
1024 1023 1023 1023 1023 1022 1021 1021 1024 1023 1023 1022 1024 1021 1019 965 1024 1023 1023 1022 1019 1013 1011 979 
1024 1022 1016 1003 981 956 911 931 1024 1021 1013 1001 973 959 942 917 1024 1021 1008 1002 972 958 923 889 
1024 1019 974 874 774 693 625 618 1024 1016 947 828 712 625 621 565 1024 1015 903 750 668 617 595 549 
1024 919 766 669 608 591 557 546 1021 879 661 552 503 514 518 524 1020 797 505 506 517 523 530 524 
1024 1012 926 805 732 673 686 647 1024 998 794 646 589 543 529 509 1024 944 506 446 518 504 512 510 
1024 1013 962 944 951 947 890 743 1024 1007 959 937 932 926 807 637 1024 1001 939 528 608 609 483 529 
1013 946 835 727 768 749 696 657 1003 935 805 703 748 683 583 558 998 923 722 446 521 542 529 507 
1022 987 854 517 732 678 626 597 1022 976 806 537 682 653 543 551 1022 969 722 437 553 545 534 497 
1024 1010 765 320 571 552 542 522 1024 1001 669 364 534 519 530 531 1024 988 478 520 497 535 495 512 
1024 1019 683 331 532 513 498 509 1024 1014 527 436 494 508 502 539 1024 1002 347 573 485 501 511 498 
1024 991 596 411 478 509 507 507 1024 972 466 501 468 490 518 504 1024 961 253 622 563 508 486 519 
1024 950 395 495 509 504 492 509 1024 930 295 552 503 533 503 524 1024 876 191 623 514 520 496 515 
1011 810 362 542 489 522 500 515 1011 782 312 579 526 528 506 515 1008 695 306 601 537 530 517 538 
946 749 321 558 495 501 499 518 983 687 252 582 514 533 513 525 989 616 256 541 490 503 507 499 
913 616 277 543 575 532 508 518 1016 500 184 589 458 529 507 530 1018 442 195 558 390 533 535 500 
732 570 398 424 580 515 512 515 873 430 273 556 419 489 515 530 886 345 295 530 493 496 516 487 
118 193 696 514 545 543 527 507 95 316 696 466 527 505 570 545 74 193 617 559 511 510 510 530 
2 41 727 469 559 532 513 506 2 57 910 412 503 490 519 508 1 18 637 482 548 512 513 495 
64 149 540 531 568 533 538 507 58 129 752 403 496 477 524 508 49 102 423 626 519 522 528 492 
3 15 822 287 525 520 512 517 3 15 950 434 473 515 517 509 0 10 682 387 534 481 541 505 
732 798 852 830 801 801 738 788 703 796 849 827 796 802 752 711 676 752 886 788 814 751 785 714 
1024 1024 1024 1022 1024 1024 1020 1015 1024 1024 1024 1022 1024 1022 1019 1010 1024 1024 1023 1023 1021 1018 1008 989 
698 917 772 808 809 796 676 771 685 931 781 805 813 795 782 692 651 831 798 785 773 777 728 642 
932 973 929 942 935 927 896 921 925 973 935 932 928 926 920 911 908 966 912 925 911 897 879 869 
1024 1024 1024 1024 1024 1024 1024 1024 1024 1024 1024 1024 1024 1024 1024 1019 1024 1024 1024 1024 1024 1024 1024 1022 
842 792 693 725 701 734 690 710 843 847 637 669 745 728 715 620 841 824 664 653 677 700 705 602 
933 912 107 689 440 516 516 545 931 893 130 316 568 510 511 502 933 735 276 278 337 552 503 486 
1024 911 101 876 761 399 535 529 1024 899 106 691 296 329 561 516 1024 867 121 104 328 627 497 495 
1018 944 83 918 761 405 567 492 1017 936 80 704 289 321 510 559 1018 915 82 76 245 676 501 525 
824 899 298 671 639 423 493 515 819 895 209 457 528 503 484 524 816 843 182 219 285 605 526 525 
707 790 412 395 415 521 539 501 704 781 245 417 652 503 496 512 699 671 330 369 470 494 506 508 
818 655 355 537 564 525 517 543 815 611 369 464 550 498 491 520 806 503 476 447 484 500 514 502 
971 602 500 593 545 567 564 544 979 540 519 571 577 573 531 541 976 483 545 576 564 573 548 527 
1020 714 653 674 653 641 575 608 1018 687 645 641 645 609 635 567 1019 640 641 612 622 611 598 567 
1019 848 674 644 546 576 555 540 1017 823 641 580 534 523 509 525 1014 779 609 535 539 498 521 508 
1021 958 714 498 555 529 531 515 1021 944 655 466 513 538 509 568 1022 936 588 470 526 509 500 515 
1024 1017 831 393 551 512 528 531 1024 1011 761 327 562 522 509 543 1024 1005 655 353 507 505 514 492 
1024 1019 758 300 592 553 526 524 1024 1017 687 313 521 520 505 486 1024 1017 558 413 438 532 504 496 
992 962 729 323 555 509 531 503 991 963 649 364 484 519 548 537 995 960 515 474 505 471 520 538 
1024 990 692 344 547 503 508 499 1024 986 608 393 508 512 493 521 1024 976 464 523 463 483 496 524 
983 922 598 419 529 532 529 519 991 904 524 448 522 512 509 491 1002 878 419 506 492 526 508 515 
932 720 485 504 504 511 504 467 983 658 373 542 500 528 525 555 1003 620 320 555 523 531 520 500 
797 640 400 528 517 495 495 507 887 531 292 612 523 510 507 548 954 449 230 597 555 534 499 532 
674 537 464 485 508 497 508 525 823 384 324 590 509 519 526 561 931 265 211 612 571 567 504 519 
473 547 506 448 485 478 484 522 636 392 406 584 532 448 459 506 758 266 299 633 570 522 515 510 
269 521 550 465 517 465 525 526 430 373 562 500 576 519 504 512 538 266 458 570 546 465 524 503 
61 524 620 495 523 490 495 518 206 395 785 341 673 529 517 516 280 322 715 398 586 519 525 503 
5 373 627 493 474 522 510 547 124 270 863 212 783 582 502 517 152 242 839 273 600 448 501 538 
0 40 681 525 487 531 510 538 0 241 700 457 522 520 498 519 0 123 671 523 511 488 534 506 
48 92 498 578 512 519 507 503 31 96 696 434 529 526 507 517 20 74 447 591 486 511 523 508 
12 84 412 644 527 512 508 516 10 81 608 491 540 503 526 520 6 49 349 701 483 516 516 498 
63 141 601 464 537 488 506 507 50 126 806 333 523 506 510 526 36 90 545 521 530 526 503 544 
455 509 819 623 683 660 612 650 444 531 852 659 643 667 666 618 437 494 776 656 691 677 633 575 
666 864 718 743 770 722 643 710 653 892 699 753 744 746 709 644 599 784 754 741 703 674 667 587 
62 430 662 565 517 494 518 513 59 554 567 606 480 516 532 494 47 320 707 433 505 521 512 495 
70 564 522 526 497 530 509 542 65 689 444 575 507 504 524 537 46 428 631 463 492 520 500 497 
767 838 739 742 780 716 633 728 754 831 729 718 767 733 723 617 723 802 725 677 723 704 627 558 
839 808 235 561 475 506 522 545 839 826 213 307 570 516 546 531 841 651 376 379 404 542 507 531 
1024 919 127 876 726 438 568 498 1024 903 119 693 282 309 535 518 1024 858 146 103 193 630 491 531 
1024 962 67 928 839 397 530 519 1024 945 78 584 407 392 517 514 1024 840 175 140 169 582 476 499 
1024 908 129 864 545 442 493 498 1023 891 132 286 565 550 528 533 1022 540 469 442 337 511 488 516 
1024 703 364 737 436 528 510 475 1023 687 368 436 498 567 501 509 1023 433 618 585 490 510 493 492 
1016 371 477 308 557 478 491 508 1024 275 614 650 425 539 530 488 1024 103 915 697 638 493 540 471 
918 166 455 332 505 525 533 509 1016 67 546 627 471 468 527 525 1019 62 897 533 480 493 517 495 
394 633 669 667 455 497 528 510 913 113 174 425 532 498 541 513 1022 3 245 686 474 469 535 495 
561 535 594 463 495 542 505 508 752 334 414 629 461 496 497 517 987 75 225 535 543 475 505 506 
754 491 509 437 478 525 511 529 856 364 453 461 499 514 528 507 938 228 401 548 486 502 510 515 
909 508 523 503 499 525 503 505 955 524 451 479 523 503 516 507 983 490 440 553 475 486 516 528 
941 773 477 464 520 507 502 530 956 772 432 497 484 535 511 493 957 782 374 516 516 534 527 513 
791 802 565 406 533 540 546 511 863 730 464 438 548 518 501 504 924 663 365 523 463 485 508 545 
557 749 592 480 504 541 530 500 716 590 451 456 575 534 513 509 830 476 353 548 446 529 529 496 
385 613 577 491 478 490 504 528 551 456 504 440 535 545 523 497 678 342 376 539 536 515 506 492 
274 465 631 367 432 495 514 512 430 322 569 432 546 617 508 521 547 207 459 486 664 587 510 491 
148 395 741 284 359 479 511 508 259 298 733 477 517 529 493 497 360 199 637 393 709 576 525 494 
74 299 798 235 343 518 499 507 147 242 840 528 483 441 507 516 212 181 782 403 682 605 546 502 
165 168 698 257 326 528 516 528 181 169 807 562 504 458 493 522 192 164 892 309 724 600 546 538 
289 68 673 292 298 513 537 522 320 43 750 541 517 476 479 526 330 39 868 247 686 616 543 491 
313 210 679 351 381 490 521 502 425 100 619 521 608 546 509 531 503 26 697 248 603 570 517 531 
349 322 613 454 382 557 489 542 541 134 456 469 607 581 513 525 614 62 462 434 649 478 529 521 
591 264 426 521 455 487 485 527 775 84 252 537 536 562 528 514 805 53 297 522 584 525 534 544 
0 1 273 779 474 516 510 504 0 25 593 528 582 513 505 496 0 8 342 734 474 552 522 535 
22 36 117 883 458 515 501 510 18 27 425 606 575 517 526 525 12 22 218 774 456 513 524 503 
10 31 233 791 541 509 507 518 8 32 594 448 460 534 545 520 6 17 232 803 534 524 499 492 
0 15 317 735 540 541 532 506 0 21 748 335 499 500 481 508 0 11 390 662 542 520 530 504 
35 145 713 392 506 503 489 520 28 202 832 422 509 559 510 498 26 140 761 390 533 531 519 491 
192 482 662 526 527 545 540 502 184 597 560 575 514 507 544 538 161 423 679 487 511 533 528 511 
23 254 801 489 512 501 521 503 20 348 715 540 499 518 560 529 11 196 819 397 520 511 520 537 
69 409 677 589 502 511 539 494 59 472 624 594 513 513 499 514 38 294 772 446 528 482 518 486 
642 742 323 458 519 498 536 532 639 768 312 342 559 533 486 546 623 599 455 466 550 517 533 518 
1015 936 113 824 369 544 534 521 1015 900 142 221 671 512 508 486 1016 498 532 482 400 470 551 525 
1024 691 337 772 631 481 539 537 1018 688 340 434 654 561 504 500 1016 397 629 599 499 453 497 518 
1005 365 419 687 441 487 508 505 989 371 629 480 556 572 516 525 990 163 894 674 543 527 514 499 
1016 66 375 688 557 507 555 488 1013 66 889 459 540 508 517 501 1013 85 956 694 467 468 543 511 
1024 3 221 621 476 499 501 533 1024 0 779 446 481 529 525 518 1024 71 942 566 578 510 511 526 
921 31 137 504 533 509 499 532 934 89 566 476 538 520 525 480 939 93 974 441 599 520 534 522 
658 62 325 684 435 513 495 528 671 343 438 449 505 515 535 545 677 347 833 502 597 490 518 482 
107 475 884 389 617 447 538 516 226 635 562 546 597 463 531 505 542 479 142 420 602 476 504 512 
0 768 898 139 380 583 527 502 1 796 981 853 392 637 482 531 593 415 184 201 316 489 505 519 
2 975 571 473 388 532 515 500 13 971 995 503 429 475 512 499 186 818 806 800 609 514 542 520 
78 946 257 541 501 522 526 540 124 900 612 462 578 475 527 511 230 794 787 412 501 481 503 516 
67 785 665 519 514 525 538 508 189 777 559 551 488 527 493 515 346 631 469 497 527 498 487 499 
27 429 469 545 575 561 536 520 130 353 702 290 499 519 492 515 180 307 701 320 458 517 530 515 
187 351 615 419 452 493 500 494 289 304 584 399 611 550 516 501 389 237 532 419 587 515 468 504 
317 215 641 320 392 496 531 505 402 166 567 487 593 529 518 519 479 107 601 401 609 507 528 497 
317 320 632 403 499 528 501 529 464 157 513 656 446 433 518 498 549 60 616 491 441 541 517 505 
314 286 590 511 496 546 507 508 454 149 484 564 493 535 496 489 550 58 525 424 462 557 546 534 
336 250 473 560 525 504 496 520 464 126 409 542 519 549 531 480 551 41 451 472 437 552 544 520 
215 237 276 770 551 518 507 530 357 99 241 679 519 502 496 534 430 25 216 698 434 545 519 536 
86 211 344 732 539 491 510 484 197 103 340 635 524 539 532 545 273 27 206 729 483 499 530 500 
55 90 685 430 553 494 508 520 112 36 688 361 512 530 536 504 117 31 538 496 540 514 503 524 
3 9 537 540 532 495 518 476 4 11 666 397 520 526 544 499 4 11 501 528 535 537 519 497 
791 108 459 405 428 536 499 505 863 46 402 353 393 517 471 498 864 32 405 402 422 471 517 505 
0 5 57 923 424 511 520 496 0 5 375 656 550 483 511 474 0 5 80 883 504 495 517 511 
0 0 100 880 439 498 503 492 0 1 474 559 563 497 501 519 0 0 221 773 516 465 490 502 
0 13 108 871 420 500 491 509 0 15 411 629 552 508 528 512 0 12 180 830 484 502 497 507 
0 8 187 811 450 513 503 496 0 9 517 536 574 538 514 510 0 6 243 764 469 513 511 505 
0 1 323 691 503 499 490 498 0 2 797 345 518 499 497 521 0 1 526 514 511 512 543 516 
392 275 542 525 488 493 500 505 412 297 566 517 528 526 497 552 413 262 562 506 547 568 490 497 
406 393 549 494 526 517 510 501 409 378 573 542 498 483 508 533 403 358 585 471 482 506 509 492 
489 468 615 478 579 484 500 544 486 504 592 614 491 492 506 520 491 476 617 569 503 509 510 515 
950 392 402 462 571 523 513 506 950 358 662 503 469 514 501 497 948 231 823 591 504 527 507 505 
1023 111 444 510 562 523 513 520 1024 126 818 567 539 550 510 512 1024 175 850 552 550 501 527 499 
975 17 264 635 496 517 519 514 982 52 851 399 544 547 508 495 985 135 879 502 471 515 516 496 
712 39 340 663 417 494 514 500 727 205 786 336 452 509 495 520 732 293 831 551 535 496 529 527 
854 148 295 493 595 506 488 493 996 17 706 398 498 480 543 522 1001 66 829 535 572 469 522 507 
462 110 537 511 560 498 528 510 512 508 406 470 395 476 531 482 522 501 859 520 467 445 495 506 
2 262 760 641 497 533 524 511 4 994 152 653 536 507 483 511 4 1020 847 572 500 537 514 501 
0 384 640 636 535 516 492 517 0 1014 188 449 530 518 536 530 0 1024 514 823 483 516 531 510 
0 106 918 405 488 496 499 495 0 504 523 577 617 483 502 496 0 964 211 388 532 514 502 531 
0 0 1015 242 611 496 484 498 0 234 790 743 666 499 525 509 0 958 75 171 508 508 523 511 
0 13 996 75 532 520 508 484 0 77 956 835 514 477 510 513 0 844 191 189 472 544 516 513 
0 178 498 459 573 506 510 541 0 189 929 304 516 519 494 517 0 234 954 575 524 539 508 529 
0 188 110 838 678 410 515 525 1 220 734 343 298 449 540 527 29 195 685 374 437 452 472 510 
228 240 423 448 423 578 510 500 254 257 643 395 498 508 535 516 283 237 632 454 548 506 516 507 
200 220 231 659 473 548 513 531 310 113 192 640 699 520 503 503 383 61 210 626 563 479 508 504 
445 156 330 615 478 527 533 504 526 79 361 508 464 453 515 531 559 41 363 521 488 483 541 489 
64 104 536 536 492 561 531 510 66 78 762 373 445 492 556 512 75 49 759 361 429 508 491 504 
0 22 358 601 513 553 505 489 0 11 424 614 471 511 489 541 0 0 315 625 504 484 513 538 
0 8 364 636 502 532 513 496 0 6 420 634 503 526 508 513 0 1 303 680 515 548 497 520 
0 0 85 706 492 513 510 525 0 0 143 809 478 462 490 486 0 0 86 817 468 495 512 502 
0 0 86 816 459 534 504 521 0 0 216 767 540 488 498 504 0 0 141 809 501 511 513 503 
0 0 458 582 535 532 486 501 0 0 630 424 513 513 505 522 0 0 391 639 568 504 529 519 
0 18 806 408 509 517 504 507 0 10 869 346 475 523 507 511 0 0 640 422 520 546 506 519 
863 37 539 328 555 517 468 495 864 37 480 416 511 475 521 492 862 34 502 390 466 554 516 508 
0 1 38 917 413 503 505 519 0 1 333 694 531 532 509 508 0 0 67 900 438 481 500 521 
0 0 74 924 446 512 501 509 0 0 433 591 560 519 499 532 0 0 105 906 491 506 509 499 
0 2 72 873 365 520 493 526 0 2 255 757 547 502 502 511 0 2 71 888 418 522 521 528 
0 14 226 796 499 498 523 517 0 18 686 378 560 491 482 511 0 16 422 618 498 519 526 510 
1 36 253 781 511 491 518 504 1 56 655 413 526 505 526 508 1 46 426 629 504 523 507 544 
171 147 518 552 529 485 485 499 183 236 718 439 520 547 529 508 189 235 632 471 535 493 512 514 
719 436 520 445 470 499 502 513 748 410 776 460 555 495 528 505 827 365 719 381 514 508 519 522 
734 206 409 437 613 519 505 522 813 293 578 399 421 506 506 509 814 312 672 450 557 485 528 487 
552 215 459 597 480 510 514 511 729 150 611 462 526 498 523 531 735 282 589 539 515 516 502 520 
587 75 312 650 569 498 501 517 613 116 657 494 558 538 501 521 614 129 706 585 521 565 513 503 
199 221 542 617 496 499 534 502 209 479 609 384 473 529 528 513 222 496 647 557 488 497 526 521 
0 67 926 456 499 528 507 516 0 734 354 543 519 546 528 520 0 963 452 543 505 525 539 482 
607 224 338 392 524 510 462 518 745 195 359 531 530 487 519 492 757 200 644 359 577 449 491 510 
76 391 649 649 466 497 496 519 96 798 289 387 506 512 500 518 100 831 447 522 512 493 465 522 
0 654 370 583 490 507 495 475 0 1023 434 428 604 531 517 496 62 962 779 609 586 517 528 497 
0 359 669 664 551 497 521 519 0 1020 75 563 562 509 516 498 5 1019 544 537 584 514 515 506 
0 42 973 240 489 487 517 501 0 227 797 667 464 555 515 508 0 900 196 334 522 523 498 513 
0 0 1018 715 310 515 510 484 0 320 704 689 588 510 483 508 0 980 44 73 488 471 504 514 
0 9 1011 279 668 501 513 513 0 237 787 785 595 505 545 503 0 880 149 193 531 494 498 519 
0 0 895 183 584 514 491 498 0 202 820 498 484 505 519 508 0 461 563 680 416 518 531 504 
0 0 81 943 872 674 524 548 0 0 955 71 179 671 546 499 0 0 911 170 247 430 481 526 
224 326 541 400 481 528 522 514 284 292 667 477 421 490 514 525 366 221 546 490 488 528 508 505 
300 29 53 286 680 476 527 513 314 21 46 516 579 535 509 537 320 32 143 542 459 535 480 522 
459 85 255 373 565 491 542 542 521 23 138 601 367 502 518 495 513 31 201 549 424 549 515 494 
94 325 514 614 544 518 502 506 96 275 573 607 527 537 489 499 96 134 741 497 482 467 541 521 
0 0 2 667 441 524 534 508 0 0 20 857 437 475 516 511 0 0 7 773 448 502 507 496 
0 6 279 613 516 548 496 502 0 1 322 680 494 528 520 507 0 0 234 647 511 517 505 512 
0 0 140 615 507 521 535 519 0 0 225 651 499 506 510 500 0 0 134 699 513 483 525 502 
0 0 53 781 496 473 515 477 0 0 181 733 533 539 487 525 0 0 115 760 505 524 530 544 
0 0 167 816 480 514 508 525 0 0 393 639 477 513 503 518 0 0 228 790 499 515 506 519 
0 15 684 525 536 491 535 526 0 9 754 482 523 514 515 496 0 0 577 494 518 516 500 516 
834 81 569 298 604 636 513 508 846 69 525 326 599 451 474 507 823 97 506 424 545 484 499 519 
0 10 56 876 319 510 496 537 0 11 187 846 634 540 500 508 0 11 76 900 387 522 500 503 
0 1 87 887 433 483 509 509 0 2 363 672 537 527 503 496 0 1 187 841 530 504 535 501 
0 3 127 780 409 513 500 533 0 3 371 634 514 535 499 514 0 3 147 847 556 514 518 519 
16 85 283 763 538 490 514 499 17 106 641 431 479 517 510 513 16 102 448 626 571 518 494 505 
8 155 347 753 545 521 503 510 15 167 682 447 468 471 524 510 16 160 521 598 560 505 499 524 
259 414 662 448 523 521 500 548 284 437 709 547 512 514 494 495 260 465 687 545 505 519 533 521 
383 477 678 584 442 523 511 531 441 702 352 323 519 496 499 525 436 466 544 579 524 493 508 494 
63 450 559 552 455 515 556 513 85 931 118 502 553 517 499 503 85 895 489 426 505 508 537 532 
202 185 598 472 504 495 513 503 297 287 471 539 495 486 518 509 291 435 408 626 497 475 524 497 
64 112 430 623 609 470 504 542 64 181 553 404 532 533 541 513 64 174 540 421 617 528 536 520 
118 251 566 552 535 524 530 512 128 428 647 399 512 500 520 523 157 446 689 524 459 493 499 515 
121 234 787 407 574 515 524 535 128 525 505 635 458 519 502 512 133 676 414 618 527 496 520 528 
800 117 285 576 447 493 527 524 858 156 586 396 492 601 484 521 877 142 819 324 484 561 516 516 
277 465 492 427 493 512 481 484 328 676 475 406 463 475 519 517 340 671 624 641 518 535 505 513 
0 639 385 456 564 510 513 507 0 1020 476 374 542 508 534 536 113 911 649 682 570 517 519 516 
0 314 721 685 617 511 526 497 0 1014 99 590 538 530 531 492 12 1012 483 704 547 510 518 528 
0 42 982 652 536 514 522 518 0 699 342 550 593 536 496 491 2 997 401 382 447 532 516 485 
0 4 1020 505 486 473 518 499 0 119 905 860 612 498 513 498 0 728 296 309 451 554 532 492 
0 0 1022 111 663 540 510 535 0 29 995 819 376 455 493 518 0 218 806 795 415 539 505 496 
0 0 985 210 587 495 517 518 0 194 830 654 514 476 500 512 0 567 457 473 579 502 520 478 
0 0 378 648 657 608 507 494 0 0 983 154 250 678 620 528 0 55 889 204 230 419 518 502 
210 318 553 415 510 568 517 497 258 296 699 416 446 535 484 492 321 223 622 462 576 426 490 528 
303 208 222 392 611 618 508 516 346 174 177 487 555 540 518 527 402 134 159 431 636 613 531 532 
563 59 181 367 546 578 531 532 571 51 71 539 586 673 506 533 570 55 164 443 649 619 481 518 
105 26 568 555 512 547 508 518 106 24 703 448 472 514 515 536 121 44 527 524 502 527 522 493 
0 0 67 779 501 505 538 523 0 0 184 770 507 535 500 512 0 0 83 829 505 531 520 513 
0 0 13 550 552 468 516 519 0 0 32 726 469 506 527 501 0 0 24 646 484 498 530 485 
0 0 33 463 638 476 492 507 0 0 84 501 649 465 492 505 0 0 43 501 632 450 494 520 
0 0 26 768 446 523 518 504 0 0 87 836 453 521 525 520 0 0 48 805 444 512 522 528 
0 0 18 771 449 495 489 513 0 0 75 854 464 491 507 509 0 0 39 784 462 526 509 519 
0 0 181 787 429 517 529 520 0 0 307 706 474 476 510 498 0 0 183 757 486 512 514 493 
669 259 562 368 616 614 549 539 730 198 489 230 607 376 511 501 723 205 408 357 579 465 515 533 
0 9 60 615 458 511 521 513 0 10 88 812 446 529 489 501 0 10 81 729 439 483 478 515 
2 10 76 638 487 542 524 491 4 9 186 831 374 506 529 479 2 10 187 770 390 504 515 522 
0 0 133 772 439 530 515 532 0 2 378 670 516 486 510 496 0 2 351 706 497 527 527 542 
0 1 299 694 457 513 530 515 0 8 615 589 570 504 521 542 0 76 575 633 487 502 499 504 
0 29 567 617 459 518 521 513 1 213 666 484 514 515 526 527 1 374 483 518 505 513 494 533 
162 369 673 626 507 522 506 516 217 545 404 435 452 547 500 495 202 265 715 661 525 544 500 495 
291 675 391 360 544 463 499 505 367 648 268 350 548 493 522 514 357 569 290 350 402 537 507 504 
0 690 336 405 549 529 478 508 0 983 203 598 465 491 488 523 8 938 475 459 530 547 513 519 
320 147 483 400 479 544 506 517 320 244 509 524 523 505 534 504 320 277 513 654 566 503 504 512 
64 178 365 637 644 522 503 512 64 214 526 435 488 509 563 528 64 210 467 497 555 539 555 502 
2 238 702 543 553 517 552 505 2 555 526 403 517 524 510 490 7 599 541 495 505 521 525 531 
23 152 746 489 589 512 508 511 25 666 345 418 517 476 470 487 18 750 508 476 497 509 501 534 
842 108 441 405 516 539 531 502 864 153 649 450 500 514 518 501 879 145 776 570 421 585 536 486 
425 536 453 277 538 465 517 492 428 594 431 736 427 568 489 528 428 596 624 689 483 530 490 525 
0 634 390 400 553 486 498 517 0 982 104 617 554 513 509 527 0 1024 492 497 484 518 493 516 
0 418 606 593 558 512 526 475 0 997 40 498 451 542 501 516 0 1024 610 412 529 515 528 503 
0 70 953 537 504 471 514 532 0 420 611 629 497 497 519 519 0 894 260 417 572 544 506 501 
0 0 1010 286 573 461 503 517 0 65 959 813 415 504 513 491 0 832 192 195 313 486 488 505 
0 0 1024 108 688 527 486 535 0 6 1018 868 393 471 490 497 0 329 695 677 511 503 479 514 
0 0 990 118 545 434 522 527 0 64 960 800 411 578 534 498 0 364 660 649 692 586 544 514 
0 0 618 415 450 514 470 534 0 5 978 274 290 696 590 481 0 130 847 207 209 433 504 530 
164 380 545 429 570 603 459 495 211 333 734 345 482 596 540 532 268 276 652 347 588 459 506 481 
97 287 287 318 800 748 447 516 169 216 214 347 701 678 492 463 266 150 92 247 648 729 487 488 
456 24 48 351 741 698 474 517 457 23 23 372 772 672 449 516 448 32 39 369 839 724 454 530 
128 9 241 810 549 472 496 519 128 16 508 545 508 472 488 504 128 63 284 694 619 525 480 492 
0 0 9 510 656 421 501 513 0 0 65 596 616 530 526 482 0 0 13 562 630 458 517 492 
0 0 29 498 629 459 502 503 0 0 65 548 637 447 477 553 0 0 38 511 619 451 519 546 
0 0 1 394 674 450 499 488 0 0 5 481 619 490 556 497 0 0 0 409 653 473 489 512 
0 0 0 892 333 489 495 507 0 0 24 949 377 486 528 514 0 0 5 865 372 461 491 521 
0 0 0 501 582 599 545 516 0 0 3 696 481 520 523 515 0 0 0 523 599 609 521 516 
0 0 16 636 492 564 529 512 0 0 31 766 475 499 531 518 0 0 11 611 566 579 497 526 
702 226 515 467 524 420 523 509 727 201 466 258 601 383 496 535 734 194 390 300 653 445 484 522 
0 0 140 839 501 523 504 519 0 0 380 663 625 524 497 483 0 0 475 631 517 513 529 528 
0 0 397 503 486 513 515 517 0 6 551 716 463 513 521 507 0 66 524 671 482 497 520 524 
0 12 778 391 544 527 488 490 0 128 813 483 496 494 476 511 0 190 761 656 465 518 505 502 
0 2 618 453 553 513 508 515 0 26 871 568 506 532 523 517 0 165 799 646 541 510 525 515 
0 4 961 349 501 508 526 522 0 244 780 663 506 497 518 500 0 658 366 448 506 493 542 498 
596 247 302 673 581 477 528 495 616 277 223 562 419 567 491 524 590 243 301 435 458 482 532 515 
910 111 236 730 524 489 491 541 905 119 92 665 470 527 518 500 856 161 127 215 537 498 509 486 
0 821 232 444 505 499 510 503 0 1021 248 698 460 549 536 469 15 993 606 379 614 473 497 522 
314 250 474 368 448 492 497 534 316 342 411 530 489 512 492 520 301 385 415 627 542 495 528 512 
225 99 517 602 585 509 505 524 221 153 570 440 418 483 552 470 215 120 501 572 535 472 473 515 
118 348 484 487 512 506 537 504 120 514 400 600 519 466 503 506 117 527 497 586 558 475 530 523 
1 169 721 369 616 531 494 523 4 543 434 514 445 469 524 490 3 707 340 604 519 502 528 493 
735 186 525 420 571 464 526 527 804 189 588 392 527 524 500 501 832 191 579 528 573 556 497 524 
438 434 556 443 479 479 510 491 439 585 712 497 343 541 476 532 447 577 851 730 422 524 508 495 
0 771 257 457 494 540 527 479 0 996 276 448 551 518 526 513 1 1023 544 597 469 519 512 519 
0 544 484 555 506 522 528 497 0 922 169 435 508 517 531 487 0 1007 301 478 566 488 521 487 
0 150 872 464 571 491 509 513 0 299 752 787 564 503 501 524 0 899 254 285 396 497 509 505 
0 7 1006 445 577 533 492 508 0 141 883 850 678 494 508 499 0 807 219 308 431 494 530 516 
0 0 1003 130 590 509 505 509 0 12 1012 877 482 534 499 534 0 555 469 462 458 520 535 529 
0 0 839 220 498 511 536 492 0 2 1018 698 428 551 493 519 0 343 681 597 437 510 516 499 
0 0 199 825 799 691 599 522 0 0 991 39 109 604 442 516 0 0 742 310 398 427 526 476 
170 374 567 350 477 637 518 530 205 339 728 329 465 459 532 526 222 322 613 467 522 530 493 502 
181 427 437 456 683 608 514 532 196 410 423 486 647 619 497 486 266 362 334 441 592 614 528 489 
507 161 157 504 689 568 487 528 481 186 179 506 571 641 492 475 481 186 178 507 602 582 528 499 
396 61 212 652 500 520 502 496 368 89 194 773 557 523 519 483 363 114 234 679 390 508 517 520 
350 25 133 402 707 472 516 504 323 51 129 493 476 537 524 530 305 67 97 401 651 445 513 532 
370 14 242 428 576 497 474 485 367 17 140 460 635 461 485 521 357 27 104 367 611 519 527 530 
384 9 289 728 429 520 519 509 384 9 262 675 567 506 507 515 384 9 208 605 454 503 497 515 
390 135 445 670 492 525 505 519 392 119 337 654 515 509 499 532 387 81 279 588 448 524 518 531 
413 60 338 627 516 542 521 514 410 33 286 605 498 513 505 516 404 29 173 513 533 542 506 536 
416 26 498 544 540 488 518 486 416 16 364 613 485 505 491 526 405 20 154 671 508 521 522 545 
820 148 562 442 514 508 507 522 800 161 506 311 598 462 534 516 771 192 434 361 605 443 523 496 
0 0 316 707 499 498 506 519 0 0 536 514 509 537 508 489 0 3 577 488 550 541 524 501 
0 0 464 584 439 505 514 499 0 20 571 659 524 504 511 512 0 53 575 646 569 496 512 512 
0 12 816 369 520 517 507 511 0 139 879 369 558 523 480 489 0 201 821 654 467 533 493 514 
0 0 322 704 583 518 506 527 0 6 814 302 484 513 519 540 0 16 904 374 480 501 539 500 
0 0 618 436 493 497 494 476 0 9 836 504 570 522 475 505 0 84 767 669 477 519 513 527 
580 204 336 724 494 474 503 509 576 209 348 410 551 476 537 490 361 388 560 513 542 469 515 494 
926 97 240 782 490 514 495 531 926 98 56 519 551 494 558 493 667 351 293 320 539 558 512 512 
0 870 176 500 505 472 516 466 0 1018 295 555 482 521 507 526 6 999 504 452 570 496 503 524 
61 782 243 422 595 543 518 497 59 924 448 496 534 510 521 495 54 935 797 493 465 508 515 509 
160 678 302 355 468 530 495 534 157 858 227 507 451 509 525 481 150 874 330 647 507 530 537 477 
79 423 572 479 491 525 487 512 76 786 321 507 502 530 514 515 68 871 440 546 506 519 499 511 
0 394 629 398 463 509 551 521 0 651 440 591 465 495 518 524 0 819 326 556 516 500 510 519 
895 33 358 466 425 499 538 536 896 46 448 595 489 506 515 534 900 124 438 485 494 472 520 510 
459 411 558 288 544 548 533 479 460 539 513 309 575 542 478 508 466 550 546 451 545 543 517 505 
0 713 311 364 474 519 528 508 0 944 139 560 557 514 544 515 0 1001 379 527 525 492 536 500 
0 896 129 378 467 528 510 488 0 1018 143 473 539 513 490 510 0 1024 410 599 560 517 527 527 
0 271 764 569 516 507 524 510 0 430 662 765 554 497 507 506 0 811 409 366 456 489 507 501 
0 8 1012 386 593 532 525 543 0 55 969 928 551 508 538 521 0 656 368 381 428 509 502 484 
0 5 980 152 659 516 514 496 0 36 988 856 396 555 499 504 0 687 337 329 396 554 510 529 
0 0 794 296 392 552 503 493 0 14 1007 259 599 524 531 524 0 57 967 480 584 507 535 507 
0 0 319 702 643 552 487 508 0 0 914 146 222 503 444 527 0 0 600 520 536 597 537 514 
16 305 724 353 387 597 506 538 19 312 883 276 680 492 491 496 50 290 719 438 406 627 556 491 
96 32 793 127 544 468 515 501 96 32 835 159 795 751 513 529 96 32 831 97 586 437 457 495 
96 32 851 192 789 531 531 509 96 32 912 624 306 333 464 545 96 32 900 109 781 559 463 527 
99 29 896 537 460 424 466 539 98 30 910 812 196 637 486 519 99 29 905 281 699 646 511 523 
124 4 939 622 309 493 504 509 123 5 894 822 474 518 508 520 123 5 895 556 449 440 506 506 
128 1 942 675 390 602 538 517 128 1 939 810 589 413 566 493 128 2 950 641 288 564 467 470 
128 19 948 684 430 592 545 501 128 25 960 784 633 469 557 507 128 30 962 658 222 652 480 517 
128 10 948 742 564 429 498 507 128 37 957 771 695 576 517 522 128 18 981 683 273 688 502 510 
128 30 955 718 476 484 511 513 128 51 966 752 737 541 519 513 128 32 1001 679 228 676 492 509 
128 32 966 679 608 484 526 513 128 88 964 695 650 555 530 488 128 32 1022 629 334 633 478 520 
130 30 987 677 490 562 525 531 133 64 982 714 641 566 510 508 133 27 1019 615 292 571 519 534 
46 90 294 785 495 496 510 523 45 84 433 678 541 480 544 510 47 93 432 687 546 511 541 531 
160 160 430 716 456 545 522 545 162 163 526 653 542 579 558 522 166 175 500 672 518 553 573 537 
208 249 470 729 588 521 512 507 209 253 740 512 624 589 571 554 214 268 734 586 635 574 546 521 
293 374 387 763 596 493 507 537 333 351 523 633 570 550 537 551 359 339 551 585 574 552 536 508 
463 324 595 612 580 497 528 506 496 311 696 580 615 537 537 530 515 344 697 562 609 561 556 537 
743 508 618 573 529 504 531 532 665 579 719 651 544 526 509 509 445 804 914 833 609 546 548 560 
819 447 408 693 455 527 517 527 811 498 416 400 549 516 517 536 449 844 791 781 579 498 520 535 
70 831 263 452 548 476 512 519 74 949 502 460 566 493 528 506 150 796 674 569 535 512 516 531 
0 806 247 449 538 522 511 512 0 971 320 503 517 551 533 520 0 998 627 423 478 489 503 498 
6 475 571 508 525 536 513 492 0 808 221 365 512 500 483 504 0 912 209 544 525 494 523 469 
4 95 452 591 509 535 503 509 4 171 691 491 497 507 505 521 1 184 580 567 490 511 514 515 
0 60 886 366 533 526 541 504 0 105 882 705 503 512 527 513 0 460 547 488 507 533 519 516 
343 254 495 452 507 495 514 539 353 234 521 519 523 536 514 518 350 395 394 469 524 493 510 491 
43 57 522 609 489 534 533 518 50 132 713 503 489 522 518 509 44 127 669 538 467 513 490 516 
3 420 588 484 484 500 534 519 2 745 277 380 541 508 517 517 3 880 168 570 490 536 509 506 
7 772 255 392 519 490 505 494 3 925 154 616 494 477 521 480 7 968 567 464 476 526 482 519 
5 174 841 465 554 558 518 526 5 341 679 744 430 559 492 494 5 587 516 627 620 512 490 503 
0 2 985 265 603 524 515 500 0 22 987 717 350 475 526 509 0 83 932 741 527 560 498 511 
0 0 831 280 632 479 524 532 0 7 967 539 412 468 512 493 0 43 943 609 498 537 494 523 
45 30 822 236 471 501 502 526 31 35 912 330 585 519 507 487 12 49 944 515 446 501 492 517 
4 11 525 504 489 524 499 515 3 11 910 135 320 471 535 502 2 12 572 536 581 604 569 504 
2 313 716 316 452 569 498 518 2 320 847 234 761 443 490 512 11 304 774 362 396 641 562 508 
0 0 951 73 643 411 418 503 0 0 989 62 923 677 421 497 0 0 954 70 364 634 580 520 
2 41 880 199 775 529 517 502 2 42 917 373 577 581 513 496 2 34 847 183 682 462 505 503 
6 58 865 484 518 483 499 528 6 56 897 671 293 526 489 498 6 49 839 269 724 572 523 510 
0 3 975 758 250 509 485 533 0 3 1008 865 345 555 516 537 0 3 963 387 624 537 528 527 
0 0 1014 862 241 614 498 518 0 0 1024 927 622 375 483 522 0 0 1002 688 315 421 560 501 
0 0 1009 899 476 529 528 518 0 7 1017 943 813 482 517 506 0 0 1023 868 133 586 503 525 
0 0 1016 906 656 383 503 524 0 125 899 832 775 601 508 476 0 0 1019 899 192 675 522 539 
0 0 1015 905 612 389 540 517 0 69 955 892 832 665 570 497 0 0 1024 909 176 693 496 519 
0 1 1012 885 565 446 584 513 0 131 893 823 743 571 555 534 0 0 1024 884 152 730 539 517 
0 0 1013 838 546 462 495 503 0 86 938 855 751 595 517 478 0 0 1024 808 212 646 517 499 
249 751 514 564 540 510 502 532 478 736 602 587 556 543 569 536 306 889 631 549 566 534 550 536 
267 619 682 673 630 537 533 558 395 822 470 490 502 554 547 525 350 640 751 730 639 589 569 520 
583 722 891 862 831 716 612 564 588 992 618 615 810 642 629 567 611 949 634 631 648 653 636 561 
905 974 955 889 738 669 584 541 911 994 933 905 883 684 619 570 944 965 911 913 885 704 654 572 
1024 1024 1023 874 756 584 566 543 1024 1024 1024 1005 817 723 581 528 1024 1024 1024 1018 880 748 589 556 
1024 1024 993 778 619 517 538 532 1024 1024 1020 960 708 638 581 547 1024 1024 1024 984 838 689 597 595 
954 948 911 611 556 476 521 532 956 957 979 830 653 587 553 535 956 959 992 892 739 641 595 565 
581 758 649 577 544 514 499 523 601 841 711 598 644 558 513 523 640 828 726 668 607 609 549 547 
416 829 595 631 611 532 489 517 419 917 587 660 629 586 520 495 430 941 631 666 640 571 558 543 
583 839 805 738 757 645 555 524 585 910 734 721 761 695 564 527 587 937 706 754 752 702 574 549 
435 621 695 838 714 605 515 497 436 623 755 774 710 645 523 498 435 616 764 767 702 676 528 518 
299 481 712 638 652 530 505 537 279 504 852 581 671 555 520 513 273 513 917 611 644 567 561 540 
97 407 629 569 582 526 552 516 81 454 749 556 515 508 494 498 75 574 725 492 499 531 543 561 
0 48 571 547 504 511 492 499 0 107 763 445 496 490 499 539 0 151 793 546 529 509 527 497 
0 25 989 394 446 525 518 524 0 168 855 619 542 552 503 508 0 508 514 492 478 528 525 474 
0 142 761 631 550 525 500 487 0 376 621 444 491 492 509 508 0 640 391 335 472 537 524 521 
3 62 861 360 521 540 530 503 2 140 867 552 581 510 513 474 3 466 569 548 547 537 544 530 
76 34 866 226 586 511 481 516 53 60 920 524 458 496 505 471 32 115 914 642 503 491 502 515 
386 65 578 331 556 507 507 540 339 109 633 343 510 491 514 499 262 187 723 394 465 482 511 469 
461 213 474 505 489 509 484 509 385 276 478 452 558 536 506 516 306 353 556 458 521 502 516 503 
446 180 469 425 479 495 493 506 314 287 628 385 521 509 518 509 173 414 691 584 488 533 533 521 
426 218 476 510 500 514 532 517 396 246 432 454 576 507 509 525 354 286 461 456 494 505 504 500 
263 126 536 393 544 485 490 514 223 152 594 376 596 504 494 488 173 196 611 431 501 549 520 498 
0 13 726 312 660 523 506 494 0 13 824 239 666 558 530 508 0 12 701 337 558 499 471 527 
1 24 733 416 649 504 498 509 1 22 799 503 534 508 504 506 1 20 731 315 628 528 530 476 
0 0 973 635 374 424 524 508 0 0 978 836 223 703 530 523 0 0 960 178 755 618 491 498 
0 0 956 829 211 671 510 516 0 0 992 878 523 420 451 517 0 0 949 450 560 497 535 498 
0 0 968 878 431 604 509 537 0 0 988 917 851 218 543 518 0 0 964 839 167 420 518 548 
0 0 951 959 682 362 509 516 0 12 956 955 919 668 502 521 0 0 949 942 118 687 486 523 
0 0 981 1003 688 340 473 538 0 15 976 982 957 754 440 533 0 0 981 999 51 707 475 501 
0 0 1024 1001 441 539 507 494 0 3 1021 1019 938 541 466 506 0 0 1024 963 71 645 524 498 
0 0 1024 1018 186 760 551 518 0 0 1024 1024 963 364 515 521 0 0 1024 957 70 391 518 504 
362 648 513 472 501 506 535 481 881 361 329 453 486 507 504 497 660 666 478 571 499 491 510 531 
478 628 467 546 501 526 531 530 911 498 348 512 528 493 518 503 792 676 528 500 500 480 525 527 
577 501 547 444 529 521 508 492 686 735 369 459 588 524 507 510 690 821 444 437 511 502 503 526 
132 806 225 493 506 504 499 499 152 815 262 710 536 507 506 509 157 807 233 654 506 517 512 509 
180 748 502 756 662 539 503 513 211 766 701 531 464 599 562 525 237 738 551 684 619 543 535 568 
344 383 938 607 478 526 496 528 352 471 862 741 576 486 509 505 362 476 894 614 541 537 561 532 
533 808 713 609 618 590 546 529 577 809 678 628 627 605 530 515 587 815 688 629 657 631 540 550 
656 888 748 738 761 681 560 556 716 853 704 736 756 714 575 520 735 842 717 756 767 720 562 535 
659 894 796 762 690 626 566 579 718 851 770 739 768 682 601 541 744 831 758 753 752 689 594 552 
602 738 599 606 638 562 538 557 653 726 564 659 662 570 524 533 688 699 549 662 631 599 566 546 
393 643 633 599 541 543 513 568 450 773 496 610 563 568 551 504 496 767 653 574 638 580 549 533 
130 188 882 790 529 516 517 521 144 921 152 506 578 524 525 488 155 977 820 302 541 513 521 502 
17 112 915 795 447 517 515 512 20 893 144 386 656 535 494 506 25 995 694 272 442 486 527 512 
0 0 1009 285 632 519 512 477 0 266 758 692 377 541 512 512 0 590 495 613 578 505 503 508 
0 14 999 238 503 469 519 502 0 94 930 630 458 525 514 495 0 227 797 789 472 491 491 517 
0 90 826 716 497 529 533 521 0 245 719 651 544 511 529 522 0 523 495 379 464 526 507 497 
3 52 815 384 505 529 546 526 4 74 930 381 571 526 510 514 4 173 861 550 461 517 487 481 
41 94 793 357 654 516 511 529 44 114 820 743 522 537 546 491 96 646 400 347 466 515 525 511 
9 91 633 514 457 480 505 494 13 91 678 539 524 495 524 499 75 431 649 517 548 520 510 505 
4 21 373 646 464 496 508 516 3 20 482 635 426 541 513 520 4 284 618 517 518 479 519 509 
19 117 166 689 451 549 536 503 14 118 174 743 481 462 498 538 12 162 217 693 513 532 511 515 
0 158 524 479 500 491 505 539 0 166 613 440 430 589 519 517 49 438 498 482 438 487 519 508 
2 234 583 524 461 515 538 512 55 196 709 386 434 551 487 522 257 342 701 418 419 496 511 528 
13 291 569 517 540 499 502 482 87 231 640 374 542 480 517 518 273 327 688 445 479 533 520 522 
1 21 719 311 764 544 483 517 0 23 749 376 735 593 555 489 11 51 769 267 442 508 509 515 
0 2 947 300 718 684 545 525 0 2 955 727 310 317 536 530 0 1 934 119 729 313 485 525 
0 0 1006 815 244 332 505 529 0 1 1006 937 147 658 462 518 0 0 1006 132 905 546 462 533 
0 0 1024 983 80 514 505 526 0 0 1024 1008 293 681 512 535 0 0 1024 208 835 682 507 547 
0 0 1024 1014 117 773 596 509 0 1 1023 1023 685 333 421 499 0 0 1024 549 476 504 509 504 
0 0 999 934 141 735 594 523 0 0 1002 988 678 306 437 506 0 0 1000 570 433 426 551 524 
0 0 941 898 155 611 523 500 0 0 958 948 499 507 462 515 0 0 942 479 552 539 541 488 
0 0 954 818 211 448 530 489 0 0 978 938 305 660 552 520 0 0 960 250 761 630 508 490 
1013 619 764 324 444 520 492 528 1024 886 586 323 498 517 537 495 1024 969 642 342 487 501 519 519 
1014 928 952 100 526 526 491 466 1021 970 944 234 739 527 527 511 1022 992 942 181 760 537 496 505 
1024 1024 1016 102 689 508 513 539 1024 1024 1021 515 519 539 524 524 1024 1024 1022 409 615 550 525 495 
1007 1018 955 394 581 511 523 492 1007 1019 971 817 298 525 520 512 1007 1018 973 805 333 519 509 486 
690 884 801 388 622 512 499 513 709 882 817 630 456 541 497 496 714 867 809 626 463 518 511 519 
526 883 514 502 554 544 545 510 567 853 583 531 585 550 509 497 574 843 605 568 604 575 563 545 
618 951 726 747 784 670 610 548 619 973 786 766 764 710 616 530 632 974 809 783 751 751 615 552 
794 893 831 816 759 715 699 633 853 837 794 788 822 760 709 611 846 845 817 792 810 731 699 637 
538 797 640 606 608 576 545 552 603 775 589 653 634 595 564 533 609 772 605 685 616 588 612 560 
309 571 527 547 589 506 511 516 361 821 365 630 512 510 540 521 457 743 688 616 579 508 537 533 
30 197 829 677 552 515 520 483 33 804 271 601 603 502 510 503 45 960 679 492 532 486 515 508 
0 3 971 632 449 493 482 505 0 413 600 493 553 520 506 517 0 741 443 427 486 496 512 507 
7 9 902 477 450 535 520 519 7 185 800 534 523 503 533 489 9 450 575 583 536 498 515 523 
4 159 663 465 524 498 496 504 5 182 751 520 493 521 513 548 6 450 515 504 485 486 511 526 
0 258 573 416 466 501 492 509 0 294 628 364 534 519 509 531 0 453 515 536 516 515 510 531 
7 269 737 505 492 496 518 498 7 363 660 487 469 480 518 561 12 583 446 572 463 544 506 520 
173 204 738 460 535 531 505 510 189 294 712 527 474 525 513 492 490 570 564 649 564 560 560 583 
477 124 507 521 622 528 515 558 497 150 709 608 479 523 512 521 667 856 860 790 674 696 663 643 
145 277 443 633 495 509 503 499 263 182 480 560 519 542 503 520 494 684 796 628 609 571 544 566 
1 78 471 480 506 535 509 493 1 83 525 550 478 517 511 527 58 205 624 613 489 525 520 524 
72 180 457 499 486 518 533 506 180 87 403 524 547 489 532 536 323 453 607 659 536 524 532 568 
360 300 409 621 521 522 509 496 545 150 422 543 514 511 514 501 759 733 793 729 714 665 630 588 
312 422 442 664 538 515 521 521 543 228 457 417 538 508 494 514 861 826 770 743 650 612 620 594 
144 98 225 747 588 531 482 515 162 99 615 418 456 513 499 523 296 603 739 504 529 559 582 554 
65 216 561 555 482 475 548 530 47 235 682 453 433 475 526 498 40 307 550 548 584 546 504 527 
118 612 481 536 444 492 534 497 79 637 504 404 497 510 522 486 53 619 453 429 483 519 495 508 
109 409 289 642 419 472 497 509 106 377 297 721 319 426 486 495 104 317 353 561 495 557 520 487 
7 16 72 322 740 518 541 521 8 16 72 420 644 530 484 498 7 15 73 203 852 524 547 502 
7 132 379 371 703 527 515 552 1 136 392 399 703 567 493 516 0 122 375 230 767 467 532 498 
0 70 890 575 375 524 506 510 0 71 937 582 411 597 559 519 0 77 860 213 644 573 517 504 
0 4 822 555 375 468 518 497 0 13 898 595 290 551 529 498 0 15 792 246 692 508 510 484 
0 0 802 440 526 474 522 509 0 0 896 543 352 516 531 509 0 0 767 275 639 465 488 511 
1022 990 935 292 514 476 521 510 1024 1005 940 321 562 488 540 504 1024 1006 952 322 571 503 538 525 
1024 1004 965 300 475 476 474 492 1024 1011 979 472 598 515 524 505 1024 1014 978 452 567 523 511 504 
1024 1024 988 441 543 496 498 534 1024 1024 1001 868 286 507 527 488 1024 1024 1001 820 266 538 484 528 
1024 1024 1024 144 836 532 510 528 1024 1024 1024 729 312 473 500 508 1024 1024 1024 661 373 484 486 518 
1024 1024 1024 212 719 534 512 498 1024 1024 1024 697 362 550 477 492 1024 1024 1024 729 327 520 507 532 
1024 1024 929 226 654 523 532 518 1024 1024 988 556 479 511 495 539 1024 1024 1004 656 411 510 495 482 
797 1002 596 425 548 530 520 518 801 1003 867 380 516 541 541 506 801 998 906 584 475 536 512 526 
397 896 495 523 511 536 510 510 409 932 677 562 465 547 518 530 529 849 665 596 500 539 547 513 
388 740 358 669 526 530 533 515 395 851 654 411 435 485 538 501 434 898 745 669 577 496 512 499 
436 557 446 724 562 486 504 510 438 716 693 349 387 545 512 522 446 856 683 665 618 510 541 502 
581 636 329 613 434 533 547 539 588 657 656 418 453 504 524 521 597 705 887 774 638 511 568 535 
674 544 409 697 432 508 496 527 700 664 490 560 490 529 521 513 725 799 745 709 582 535 537 535 
918 592 410 569 501 506 507 499 934 904 127 713 512 534 521 531 947 976 878 715 490 522 493 506 
867 610 319 406 541 499 491 510 908 764 219 690 507 537 529 486 934 894 794 620 455 509 511 539 
635 844 160 507 458 512 528 501 655 891 205 585 698 531 486 501 683 937 730 725 464 562 520 497 
440 791 216 556 494 512 536 520 453 840 212 687 551 513 494 494 466 937 668 614 394 575 518 507 
236 816 189 422 486 507 526 514 256 897 115 437 463 527 521 527 283 936 432 620 428 504 529 534 
54 594 363 324 454 503 489 508 57 603 383 352 467 485 498 523 72 761 283 484 563 512 497 497 
0 126 727 710 533 498 516 537 0 155 736 675 554 507 510 495 0 487 436 429 465 507 552 525 
0 2 773 460 477 537 498 493 0 4 801 477 503 502 507 556 0 18 823 640 516 530 514 525 
12 24 584 472 498 501 515 504 12 25 634 473 520 538 491 502 23 69 683 552 530 503 513 531 
17 63 580 480 526 534 519 509 27 56 683 453 541 530 496 528 171 245 704 551 441 505 545 538 
0 43 497 737 549 520 508 497 6 40 749 535 430 458 522 531 51 438 703 474 446 504 531 504 
0 14 703 768 570 536 512 536 0 39 817 685 505 509 536 485 0 464 611 474 494 512 488 518 
146 115 792 700 551 531 528 506 157 234 689 672 553 508 517 493 169 598 459 369 476 498 533 506 
609 86 882 523 584 485 501 524 629 464 550 505 446 522 514 508 647 850 522 333 398 534 524 507 
850 210 755 386 577 502 488 517 941 488 486 439 441 501 498 524 1000 762 546 466 526 541 496 561 
760 342 724 548 530 560 498 526 892 570 411 425 488 535 513 518 974 678 620 482 487 520 515 510 
740 229 738 510 490 512 485 531 761 613 414 377 427 523 509 505 764 774 548 548 551 527 519 519 
434 109 739 396 590 531 497 506 467 262 705 489 511 507 472 517 487 509 515 636 604 495 501 513 
293 96 670 421 513 492 509 487 327 100 808 585 511 515 492 536 346 351 641 546 475 543 488 500 
119 129 469 582 483 529 519 499 159 114 750 431 511 505 501 504 196 179 750 437 517 485 507 523 
958 821 857 218 545 514 500 515 1022 852 855 238 620 495 488 505 1022 939 860 223 626 504 513 503 
963 730 780 264 609 468 520 511 1011 838 801 436 602 518 473 508 1016 937 782 392 672 553 490 501 
996 741 577 424 531 528 514 492 1015 840 574 696 433 535 522 524 1022 924 819 678 380 506 510 505 
1009 851 362 542 485 538 510 519 1017 904 378 765 586 520 533 506 1023 951 923 665 421 513 523 522 
1024 955 164 872 568 482 479 530 1024 975 588 498 478 479 486 503 1024 1015 955 792 445 581 509 531 
993 983 90 867 627 510 497 483 997 991 743 263 269 466 493 522 1014 990 981 930 465 534 517 508 
997 855 221 715 502 500 512 521 1015 877 683 321 421 474 518 502 1024 939 927 885 608 476 521 537 
1004 765 192 676 474 535 525 541 1021 839 591 431 349 540 510 499 1024 949 883 862 624 519 537 512 
1015 921 106 834 576 483 501 526 1023 949 736 272 340 585 499 502 1024 996 960 931 770 539 508 522 
1001 887 119 842 437 505 511 492 1017 925 600 398 415 509 499 513 1024 982 934 928 812 498 516 535 
1004 876 129 739 357 516 489 500 1016 915 397 616 588 508 498 517 1024 980 937 907 743 470 541 521 
1008 927 71 708 380 499 502 505 1020 941 266 740 670 524 511 534 1024 988 968 944 658 470 517 531 
1019 901 58 613 443 530 542 502 1023 919 234 783 679 509 510 510 1024 974 959 939 515 523 500 515 
1012 862 126 459 560 490 503 503 1024 921 154 829 638 507 505 509 1024 996 949 900 379 533 522 533 
1008 781 193 351 546 537 495 520 1017 906 216 755 550 507 510 498 1024 978 918 846 493 552 561 518 
906 689 254 367 543 516 512 501 926 795 233 765 559 520 513 487 964 913 810 762 442 531 535 515 
870 711 278 310 518 534 512 505 908 827 165 768 472 537 519 513 954 893 859 686 351 512 484 521 
749 522 464 447 526 512 525 523 766 748 280 674 451 524 518 510 799 931 718 561 497 519 528 503 
347 282 699 707 457 513 502 527 380 434 577 704 442 569 524 510 433 829 461 347 486 525 487 523 
128 108 754 626 445 546 492 505 164 130 722 647 428 495 552 528 193 407 614 517 476 487 523 518 
164 163 689 501 500 512 489 502 187 166 767 500 510 500 523 516 236 327 693 545 505 524 506 502 
86 74 807 461 580 468 508 543 90 87 885 473 580 487 513 505 115 243 773 582 534 499 506 499 
124 127 647 426 492 497 529 499 150 114 727 405 512 538 497 506 180 201 702 583 480 538 522 528 
195 77 729 476 448 485 516 510 210 71 853 440 486 566 478 526 227 314 710 532 533 480 534 516 
324 199 560 668 524 525 508 517 342 256 711 477 517 553 514 499 404 517 564 411 512 503 513 534 
849 173 623 656 538 495 530 530 880 533 450 349 552 556 501 497 939 849 581 330 600 495 538 513 
958 115 674 537 487 503 528 500 995 491 446 403 456 506 533 502 1009 883 594 385 511 516 512 507 
871 231 692 503 473 517 505 515 966 558 360 389 457 498 524 525 1005 795 693 353 497 524 515 499 
960 68 907 499 513 475 501 481 999 611 378 362 382 513 547 518 1019 945 671 350 466 524 501 501 
1012 15 927 393 582 539 517 491 1023 539 458 422 417 469 512 485 1024 993 439 541 472 465 521 534 
994 34 947 547 377 496 507 512 1017 554 444 423 400 499 520 512 1024 975 542 358 341 504 516 506 
998 28 912 260 496 503 508 484 1016 314 685 659 433 535 508 526 1024 984 247 587 535 537 517 507 
840 231 561 526 499 519 535 505 1007 538 435 519 491 552 501 515 1019 800 477 496 500 504 496 514 
868 169 481 518 496 505 527 511 1017 607 414 511 493 517 515 498 1024 913 459 490 502 509 502 486 
929 172 468 516 521 512 486 494 1022 678 362 520 513 501 523 514 1023 952 487 518 536 531 514 523 
965 564 380 560 503 537 499 485 1012 754 354 593 533 519 531 524 1023 874 733 619 457 517 512 504 
984 846 143 472 498 535 510 525 996 903 221 762 588 461 506 484 1020 945 906 860 427 560 546 496 
972 817 148 483 526 519 501 465 999 833 218 803 714 504 501 512 1018 900 892 841 509 514 524 495 
987 880 209 556 425 522 495 511 1006 895 377 639 677 524 510 523 1022 938 935 915 679 450 501 521 
1019 915 100 733 598 483 489 503 1024 942 531 482 488 564 503 503 1024 998 952 930 619 435 522 504 
1014 929 84 810 528 482 508 514 1024 940 658 349 399 571 515 528 1024 987 970 952 759 366 534 503 
1014 904 94 847 445 522 497 516 1018 934 673 349 414 548 501 523 1024 987 950 934 820 453 543 549 
995 940 83 732 391 482 527 522 1011 953 465 550 570 554 525 508 1024 975 968 950 854 465 551 546 
943 550 356 405 524 506 522 521 980 676 325 693 517 513 502 521 1020 842 729 751 563 530 534 538 
949 588 393 399 540 532 540 483 983 798 199 759 414 513 526 492 1016 904 806 803 603 517 516 508 
1004 718 254 716 382 502 515 510 1015 870 333 636 565 502 518 491 1024 958 890 855 568 475 525 524 
996 902 101 518 536 494 520 501 1009 920 246 788 635 510 529 514 1024 973 939 910 534 498 516 525 
996 978 36 484 496 518 511 514 999 982 189 843 711 495 493 524 1015 998 985 981 612 475 511 529 
955 941 67 442 496 506 523 521 959 969 114 898 675 563 502 515 972 985 979 950 488 509 533 512 
480 696 343 488 517 508 506 509 524 697 317 581 575 546 505 527 636 728 629 610 473 516 512 538 
331 448 596 577 457 527 513 501 346 600 453 640 383 539 530 495 395 810 500 529 434 507 487 532 
451 402 624 549 455 528 526 484 466 550 480 690 454 485 522 493 522 792 562 527 427 498 531 509 
660 380 430 553 519 504 508 521 685 459 541 490 541 528 525 479 778 774 460 468 447 485 528 521 
414 361 454 608 548 482 526 488 456 383 590 432 524 498 478 496 533 716 371 440 507 532 514 523 
122 281 656 727 460 543 562 520 135 251 752 677 461 556 537 522 161 875 141 364 466 454 499 514 
24 310 734 734 623 490 497 495 38 288 744 748 680 415 503 513 66 962 66 261 453 582 533 509 
248 486 408 473 497 516 515 515 298 468 449 446 496 510 508 490 368 673 381 529 495 504 521 510 
773 455 502 472 510 527 505 523 806 683 348 548 489 535 494 556 884 803 719 480 509 499 502 541 
970 721 245 248 648 495 530 541 992 836 166 762 333 549 514 554 1007 935 847 421 526 525 501 525 
973 778 206 204 623 512 467 507 994 849 166 748 362 548 526 517 1015 932 838 261 614 494 516 519 
1008 865 124 230 599 555 512 494 1021 936 70 842 395 529 499 507 1024 974 927 175 733 517 534 517 
939 602 341 330 575 517 517 520 971 735 253 673 498 521 486 496 1008 885 747 297 641 542 507 514 
962 588 419 305 372 572 501 499 996 849 153 559 339 496 502 522 1018 940 824 236 651 531 511 504 
953 318 661 433 489 512 499 502 992 716 279 438 555 552 513 530 1007 941 737 307 481 528 501 497 
794 270 427 474 516 537 513 537 1008 361 552 496 500 503 508 488 1024 731 406 494 545 516 542 500 
884 167 513 521 508 529 509 522 1024 584 414 522 504 520 510 502 1024 892 436 520 500 516 503 486 
880 170 473 527 514 484 516 522 1019 547 459 490 518 512 514 511 1024 870 441 515 515 531 508 507 
976 195 561 495 487 526 497 518 1018 761 385 496 492 503 522 521 1021 950 562 523 518 538 526 514 
869 431 482 550 492 516 517 526 969 623 418 564 514 510 542 524 1003 769 558 554 512 526 524 523 
855 607 386 579 477 552 501 491 949 619 515 496 487 541 522 498 994 721 667 639 532 494 495 536 
982 821 338 592 489 513 505 533 1008 833 644 367 461 553 509 492 1021 892 867 877 623 456 519 532 
1021 852 127 825 506 513 530 520 1024 892 599 439 433 547 508 486 1024 965 912 912 553 507 488 498 
1021 881 99 815 342 503 520 509 1024 927 547 460 448 506 497 530 1024 994 927 898 564 484 528 526 
996 904 91 774 459 479 502 530 1012 915 549 483 457 471 526 522 1023 962 941 934 555 529 541 515 
999 906 131 846 442 542 490 503 1017 922 647 376 385 531 538 502 1024 976 938 934 742 405 522 511 
993 812 215 699 421 504 487 515 999 900 467 535 491 517 523 509 1021 952 870 892 675 485 526 528 
970 774 253 598 422 484 491 492 983 896 383 572 397 549 525 522 1010 939 897 830 680 512 509 530 
985 639 368 560 455 491 491 496 994 950 126 846 364 578 512 533 1016 970 938 937 603 484 540 523 
1001 685 321 330 376 495 521 494 1013 940 82 886 365 602 494 483 1023 988 956 937 610 520 527 537 
993 686 299 302 355 510 476 483 1002 923 98 904 411 537 522 533 1012 970 933 928 567 509 510 517 
978 748 267 302 312 549 539 492 986 910 137 870 581 508 538 509 1016 961 883 891 616 495 529 541 
798 470 515 508 559 527 497 509 884 650 338 610 539 488 498 480 983 722 715 675 510 551 514 542 
915 815 197 291 622 515 524 505 952 849 195 804 541 511 508 514 1009 869 879 818 377 540 516 524 
1007 983 39 149 632 539 517 516 1009 1013 26 970 531 483 485 506 1018 1011 1010 956 194 554 512 497 
1024 1012 12 67 552 514 557 514 1024 1024 4 1007 289 632 483 546 1024 1024 1024 985 148 513 546 491 
910 614 329 332 508 486 555 514 947 740 236 712 419 536 530 527 980 866 821 747 432 553 550 530 
633 493 536 601 511 516 515 506 662 794 253 501 505 531 499 525 722 872 732 669 474 503 501 540 
652 579 411 392 552 547 489 512 701 700 294 536 517 512 466 517 791 798 627 610 504 492 523 519 
847 429 493 500 551 490 514 495 901 592 377 571 490 530 508 503 975 768 628 561 478 478 518 500 
1000 491 361 356 508 508 508 521 1014 684 241 637 449 502 487 514 1020 916 773 544 452 502 502 513 
968 403 483 501 541 525 511 514 991 693 260 514 498 490 526 507 1009 931 764 536 461 490 521 524 
908 381 502 483 526 514 517 531 966 572 325 531 516 514 522 501 1008 765 693 529 481 515 504 503 
1014 924 97 146 735 496 513 512 1021 970 57 930 348 554 492 523 1024 1002 974 520 479 498 497 498 
918 727 307 286 506 496 511 491 951 862 177 641 395 496 527 535 993 900 810 310 627 501 494 526 
928 691 312 325 401 568 520 496 963 859 152 591 413 504 519 529 1002 894 863 158 647 472 525 500 
1003 667 349 345 493 531 509 529 1008 967 60 520 473 509 517 524 1014 999 877 162 510 465 515 524 
943 229 576 520 538 537 532 475 1020 653 427 521 524 533 512 491 1022 865 482 498 522 531 509 523 
922 175 483 515 560 503 529 534 1018 600 440 486 528 516 514 477 1024 865 401 555 517 507 503 514 
885 237 555 494 530 497 482 532 1011 610 432 532 508 531 520 504 1024 822 510 515 527 515 526 488 
1004 291 562 463 524 501 511 512 1024 816 420 507 519 518 540 500 1024 962 600 520 518 527 542 507 
1006 368 559 503 516 520 496 470 1023 853 435 528 501 516 521 516 1024 981 641 514 529 528 514 542 
901 293 527 539 516 514 488 501 993 666 442 534 508 518 531 528 1012 852 568 505 554 514 530 535 
776 345 596 516 523 516 502 520 914 653 418 495 526 500 536 491 972 765 504 499 504 512 503 520 
737 385 578 501 520 532 508 544 891 550 485 498 550 503 531 508 961 696 464 521 528 534 530 514 
786 425 507 545 529 491 532 523 951 514 448 535 512 509 542 504 1003 663 510 581 511 524 535 533 
748 644 388 656 519 534 497 502 897 641 522 469 444 512 523 508 980 649 637 698 555 521 537 503 
807 826 351 692 518 474 531 520 934 791 590 376 436 540 503 502 994 787 738 780 613 489 504 526 
849 938 234 804 477 537 499 519 960 839 611 403 405 498 550 519 1016 804 850 870 689 495 554 521 
900 825 281 768 389 507 509 512 937 894 435 581 534 553 516 523 1010 881 856 862 705 499 565 538 
941 494 399 648 513 511 509 497 977 699 295 647 580 501 514 508 1010 825 815 758 527 521 549 531 
953 816 186 566 455 491 509 491 973 885 337 640 507 546 528 506 1003 928 898 853 674 472 509 532 
963 831 161 640 417 520 516 506 992 854 383 625 549 520 496 540 1019 911 879 868 582 491 525 518 
972 906 100 674 378 526 517 530 986 946 368 640 573 506 528 489 1016 956 949 915 571 467 491 492 
1006 986 40 502 523 529 524 484 1014 990 189 834 737 465 516 500 1023 998 985 982 496 508 499 500 
1024 988 32 453 531 507 512 474 1024 1008 123 875 718 502 533 523 1024 1018 1009 961 460 513 524 516 
976 890 128 326 599 513 500 520 988 936 126 857 618 491 497 518 1016 957 934 876 485 566 530 532 
913 698 251 284 545 515 510 521 938 801 184 776 415 523 513 509 982 869 860 811 423 570 510 527 
920 510 415 388 436 514 520 529 963 683 267 673 404 496 516 530 1012 830 770 710 436 507 522 544 
896 421 537 538 533 495 500 513 913 714 360 497 546 494 490 518 963 849 738 667 440 564 552 526 
1006 774 216 280 544 511 514 500 1019 909 121 785 453 524 497 522 1023 975 920 391 585 516 502 523 
982 798 225 247 530 474 497 497 995 920 94 755 440 506 484 474 1020 953 883 354 525 495 528 488 
1008 689 280 293 489 488 525 532 1020 888 85 647 426 513 526 487 1024 958 926 328 603 524 528 508 
1008 749 255 253 451 532 511 524 1018 942 53 642 451 484 518 505 1024 982 963 294 655 531 506 506 
969 515 434 418 441 512 503 528 989 792 206 464 542 548 499 517 1017 871 872 487 561 502 517 508 
892 736 226 255 506 508 531 522 923 792 192 786 350 509 506 515 955 871 847 581 448 515 529 500 
919 740 228 245 495 493 533 526 938 851 160 705 357 516 489 533 973 898 866 418 566 496 490 544 
838 412 573 548 463 495 492 508 903 704 289 390 577 529 517 504 973 787 737 316 605 509 503 521 
797 288 629 569 548 524 522 519 888 485 458 469 535 511 504 532 952 717 519 474 506 513 516 500 
956 256 508 512 525 517 531 509 1019 600 485 525 513 518 517 520 1023 806 459 514 514 499 533 536 
959 382 525 493 496 501 481 515 1020 783 441 502 529 542 517 500 1024 900 560 505 530 520 511 526 
867 328 537 541 504 520 517 511 996 644 467 525 511 529 518 487 1020 796 546 499 492 528 500 507 
852 296 522 507 541 513 505 510 1009 567 492 500 494 524 481 518 1023 793 509 522 478 501 526 488 
895 294 532 486 496 540 503 501 1003 593 476 520 520 515 505 527 1022 766 539 532 504 547 536 529 
886 277 520 513 521 502 497 552 993 581 482 522 541 530 516 505 1017 773 515 528 540 534 536 547 
877 238 539 504 525 495 494 528 998 554 475 508 521 516 510 511 1020 788 482 531 531 487 507 514 
876 288 509 505 529 482 527 500 998 547 499 504 510 523 523 529 1015 780 527 522 562 537 516 527 
851 271 509 517 510 521 511 530 1021 573 450 526 514 497 511 519 1024 852 551 528 510 509 504 522 
821 295 529 531 491 493 531 515 1010 568 477 524 524 516 487 530 1024 836 559 537 506 504 504 513 
919 245 544 501 504 520 523 514 1011 684 432 513 549 526 495 491 1022 903 592 517 486 500 518 535 
844 292 521 523 509 519 507 484 985 604 484 525 519 497 500 516 1004 839 549 569 531 522 531 535 
706 376 507 534 513 492 491 521 918 545 478 501 512 498 542 504 971 766 527 533 524 498 530 528 
747 382 544 520 529 519 517 511 958 539 453 509 526 506 535 511 1003 747 561 521 522 524 486 507 
701 455 507 477 532 503 529 529 905 530 473 533 497 501 519 520 981 707 547 544 524 539 513 539 
785 547 449 499 482 467 482 526 848 776 451 569 549 524 510 498 912 841 675 625 559 530 538 551 
767 578 477 473 502 486 506 516 846 765 418 579 570 510 502 499 937 779 645 582 534 519 525 544 
724 577 467 474 519 509 477 524 851 711 358 609 556 485 518 489 927 781 620 622 540 520 516 535 
715 632 444 428 542 518 519 493 856 644 392 600 518 528 502 508 938 691 606 654 509 546 541 499 
764 440 484 479 495 494 513 509 905 523 431 558 484 516 544 517 972 682 561 609 504 518 519 513 
805 700 356 367 462 520 515 521 945 741 222 714 355 526 516 525 1001 779 768 678 396 546 513 537 
822 898 243 324 574 517 512 508 876 909 199 751 494 515 533 498 966 851 835 739 380 545 534 495 
867 568 432 439 521 490 512 506 948 658 338 621 461 529 490 500 1012 730 739 652 482 558 525 514 
998 768 250 288 581 538 488 516 1016 908 185 788 497 517 494 515 1023 979 859 589 468 494 515 576 
1024 968 54 116 686 516 476 503 1024 1014 15 950 364 556 507 503 1024 1021 1013 486 519 519 524 531 
1024 740 282 276 453 518 517 515 1024 1007 17 655 387 492 466 506 1024 1024 1013 171 771 543 500 513 
1024 673 351 352 436 509 523 491 1024 1022 2 455 561 522 510 515 1024 1024 1020 159 809 554 503 524 
935 430 553 560 516 499 521 478 973 812 181 364 600 528 500 548 1013 861 871 277 708 550 520 521 
999 737 234 216 352 492 515 524 1013 899 87 652 358 487 532 535 1022 937 920 266 684 538 545 504 
1024 888 133 155 437 530 509 508 1024 1011 13 710 409 508 507 512 1024 1022 1007 137 783 497 501 506 
1023 872 150 165 312 549 510 483 1024 1007 17 658 377 477 487 486 1024 1021 985 58 664 462 507 512 
1024 384 637 600 565 533 533 527 1024 957 65 238 624 526 542 495 1024 1022 834 185 408 493 518 513 
813 267 522 535 535 513 519 506 1005 379 512 499 500 482 519 512 1022 562 478 543 478 512 514 524 
886 294 527 509 513 501 507 534 1014 579 469 510 503 543 488 511 1019 744 517 547 529 494 516 529 
915 246 562 528 517 500 495 506 1018 676 411 544 526 511 497 500 1024 875 499 501 503 522 524 521 
911 296 510 504 513 533 529 530 1018 664 486 501 532 492 503 493 1023 876 513 535 515 537 532 535 
813 338 514 534 525 520 506 517 1007 513 524 505 534 530 498 524 1018 757 512 512 553 525 523 501 
892 268 528 509 519 498 509 485 1016 661 460 506 535 511 513 522 1023 873 552 531 517 543 513 492 
865 320 513 531 493 506 519 509 1013 620 492 505 502 524 514 492 1022 833 558 546 530 529 503 482 
914 285 544 523 522 501 508 518 999 714 446 534 547 515 509 516 1018 905 591 485 524 523 528 501 
860 242 524 535 518 514 486 551 1011 598 438 525 519 494 494 515 1024 830 557 514 513 504 536 537 
858 249 545 512 525 499 499 507 1020 602 459 483 517 519 522 529 1024 872 552 503 522 513 527 521 
822 328 483 529 509 502 490 500 1006 613 488 485 494 512 517 490 1023 844 563 576 563 532 526 530 
788 287 486 516 502 540 516 521 1004 507 515 503 499 508 510 532 1021 823 493 524 534 559 519 512 
592 469 509 530 528 512 510 519 972 376 517 514 507 538 519 527 1018 644 502 543 510 534 519 525 
739 330 516 522 500 500 501 518 986 486 488 507 505 502 509 503 1018 768 530 528 512 512 499 530 
834 268 545 549 530 539 517 515 1013 580 455 514 465 519 522 512 1023 865 571 528 555 539 549 528 
917 294 518 494 518 511 508 486 1014 670 467 486 515 489 529 533 1023 917 616 535 525 504 517 510 
885 286 524 530 500 521 494 524 1001 641 460 517 495 538 511 518 1018 869 592 557 561 543 492 541 
872 233 491 527 511 533 468 514 1006 581 482 503 509 538 521 533 1022 864 511 537 524 517 537 493 
838 306 541 505 522 490 524 522 1005 599 438 528 493 521 505 519 1024 815 553 535 524 517 525 514 
642 405 532 543 497 517 519 533 977 389 468 517 527 527 497 505 1021 662 528 523 520 548 533 505 
680 382 499 490 521 483 492 498 964 436 494 523 499 500 497 509 1017 709 531 536 521 513 506 503 
616 415 542 526 506 499 547 518 884 514 458 494 510 500 501 508 942 725 546 514 549 489 528 559 
537 485 561 548 475 535 504 509 871 413 491 469 500 510 540 507 950 593 452 527 535 499 513 497 
607 491 554 503 508 520 528 507 871 443 538 488 530 496 512 532 982 566 474 495 539 509 505 533 
715 439 536 524 472 499 523 507 860 577 377 563 512 516 510 527 927 662 583 513 552 535 511 545 
596 640 530 469 440 490 456 527 816 651 298 415 527 493 538 504 919 630 595 429 556 501 498 512 
665 616 511 438 446 509 521 537 820 732 271 465 528 518 500 511 891 750 733 357 606 509 525 481 
753 441 588 567 530 498 518 509 857 677 309 415 579 510 534 510 948 682 742 380 607 552 506 518 
980 689 285 281 496 507 498 489 1011 881 105 724 351 531 527 485 1018 935 887 197 691 495 474 515 
1024 906 114 118 493 505 499 505 1024 1017 7 717 349 539 488 527 1024 1022 1000 33 571 477 514 534 
1024 912 109 174 523 504 511 499 1024 1013 11 691 410 497 493 514 1024 1021 886 133 386 545 532 527 
1021 150 872 864 705 527 494 528 1022 995 26 87 580 519 504 516 1024 1016 774 250 285 488 511 519 
950 185 500 502 519 511 496 508 1024 540 485 514 527 534 488 495 1024 714 427 544 531 541 507 520 
876 318 552 507 522 512 512 493 1020 628 453 498 515 514 501 509 1023 766 515 535 521 522 507 496 
754 340 549 511 520 480 513 510 987 483 459 517 504 515 497 498 1006 652 510 502 533 523 492 528 
889 263 545 530 498 511 502 545 1007 663 452 535 543 520 499 512 1019 847 537 526 497 524 516 507 
762 342 517 501 511 523 545 491 1012 538 465 541 470 546 499 516 1024 787 518 488 507 521 505 545 
668 391 516 524 510 495 480 524 986 409 525 499 519 515 518 503 1015 660 472 538 513 510 520 522 
793 326 527 494 525 500 526 500 995 564 466 477 499 481 515 512 1022 753 537 533 502 502 548 521 
863 274 527 503 498 541 511 516 1021 659 459 514 526 514 487 507 1024 898 581 518 515 519 522 515 
798 297 557 495 506 522 509 499 1009 569 432 507 501 493 537 524 1024 771 544 521 524 511 515 517 
639 408 528 519 539 505 520 532 998 388 504 500 532 510 517 487 1023 647 503 527 523 515 478 502 
571 468 539 508 510 522 508 517 999 313 502 510 519 484 518 536 1023 578 513 513 547 504 519 508 
531 513 540 502 486 516 522 521 978 332 480 491 524 501 510 524 1019 533 548 503 512 522 508 483 
330 644 513 484 534 513 482 471 867 293 535 523 521 505 503 495 988 359 520 504 527 472 511 506 
571 481 527 534 494 509 534 522 958 377 506 525 540 532 499 502 1015 569 509 533 506 516 491 539 
757 356 546 498 524 510 508 515 991 552 466 494 525 505 516 519 1019 786 551 536 534 506 514 544 
972 299 516 502 520 526 512 527 1023 757 425 508 522 553 524 494 1024 947 641 532 533 529 526 536 
956 344 559 523 479 507 530 526 1021 777 456 512 498 487 512 520 1024 944 644 533 520 537 528 526 
915 237 564 528 504 501 526 543 1015 697 405 525 538 508 503 521 1024 912 583 512 501 494 520 512 
841 236 499 504 486 547 518 530 1012 583 436 523 500 508 525 533 1018 857 510 536 523 500 499 513 
763 330 561 501 502 526 511 513 1016 500 462 507 507 520 519 519 1024 783 584 535 504 511 539 506 
892 223 534 544 496 524 520 472 1016 624 439 528 515 517 536 527 1023 917 557 527 517 523 542 532 
699 406 533 507 492 501 483 511 990 485 509 505 513 510 482 483 1024 730 592 536 516 507 533 506 
763 295 515 527 505 525 536 503 1007 512 480 508 500 502 472 518 1023 819 536 511 493 523 505 527 
810 270 503 509 479 506 506 494 994 550 481 533 525 548 504 510 1021 834 510 520 507 550 521 514 
835 272 552 482 505 530 515 498 1003 611 429 502 500 507 527 514 1024 839 545 525 516 539 514 512 
964 333 532 516 503 515 515 504 1019 786 448 537 526 524 517 541 1024 940 676 552 535 529 513 522 
716 374 559 517 535 495 498 492 955 545 466 527 487 521 486 483 991 725 540 524 547 542 524 499 
209 690 536 550 503 509 515 505 642 469 547 516 512 516 522 521 741 446 507 514 495 512 497 497 
317 613 516 518 506 519 536 524 646 494 545 528 509 506 507 517 701 506 554 508 517 522 485 521 
480 691 365 425 465 533 493 499 594 762 432 557 488 483 497 537 614 780 651 451 430 509 517 512 
860 491 492 506 504 511 538 487 921 752 271 374 610 494 522 507 934 823 665 339 416 527 512 515 
991 90 910 751 560 510 498 507 997 667 361 344 522 524 522 516 1007 966 261 683 560 533 512 532 
