1024 1024 1024 1009 24 663 719 442 1024 1024 1024 912 112 377 583 390 1024 1024 1024 1 894 458 759 391 
1024 1024 1024 1016 8 248 582 704 1024 1024 1024 1000 24 48 712 320 1024 1024 1024 24 1000 976 712 320 
1024 1024 1024 1000 24 280 568 736 1024 1024 1024 984 40 96 712 288 1024 1024 1024 56 968 928 712 288 
1024 1024 1024 1000 24 296 536 704 1024 1024 1024 984 40 96 680 320 1024 1024 1024 56 968 928 680 320 
1024 1024 1024 1008 16 280 536 688 1024 1024 1024 992 32 72 680 336 1024 1024 1024 40 984 952 680 336 
1024 1024 1024 1022 2 235 543 698 1024 1024 1024 1000 24 36 698 316 1024 1024 1024 2 1022 998 708 316 
1024 1024 1024 1013 11 201 626 732 1024 1024 1024 1003 21 28 726 295 1024 1024 1024 7 1017 992 719 295 
1024 1024 1024 1004 43 435 562 594 1024 1024 1024 900 124 205 577 438 1024 1024 1024 4 945 633 563 439 
1024 1024 1024 851 173 281 697 706 1024 1024 1024 892 132 169 736 381 1024 1024 1024 0 849 833 680 381 
1024 1024 1024 927 100 685 615 436 1024 1024 1024 816 199 245 677 505 1024 1024 1022 44 726 531 632 576 
1024 1024 1024 866 160 196 515 673 1024 1024 1024 485 534 507 582 589 1024 1024 1024 165 838 717 617 355 
1024 1024 1024 848 222 541 584 451 1024 1024 1024 633 390 526 437 473 1024 1024 956 71 605 424 569 477 
1024 1024 1023 490 489 483 519 515 1024 1024 1016 335 551 487 476 477 1024 1024 712 294 383 527 516 474 
1024 1024 1023 292 553 439 527 459 1024 1024 1023 177 446 607 496 463 1024 1024 449 536 345 484 543 455 
1024 1024 962 93 569 525 539 492 1024 1024 861 169 415 541 492 492 1024 1024 64 691 432 451 527 506 
1022 898 919 302 606 437 534 539 994 926 886 256 542 567 481 510 960 960 441 478 412 518 523 490 
226 1000 726 417 539 482 531 501 224 1001 603 452 572 492 535 490 224 992 119 475 586 445 470 510 
1024 1024 1021 204 759 492 538 563 1024 1024 1018 89 724 521 489 569 1024 1024 559 455 413 478 533 561 
1024 1024 976 66 518 494 519 462 1024 1024 716 310 505 486 542 515 1024 1023 97 498 471 478 521 531 
1024 1024 513 512 586 635 592 515 1024 1024 182 841 792 457 510 458 1024 905 119 180 369 443 500 468 
1024 1024 858 177 598 550 508 517 1024 1024 659 364 509 431 541 531 1024 1001 98 535 423 489 529 495 
1024 1024 1024 22 933 621 516 447 1024 1024 1022 8 750 433 537 465 1024 1024 522 502 453 394 481 455 
1024 1024 1024 0 734 433 546 502 1024 1024 1003 21 416 485 479 527 1024 1024 121 896 692 589 520 520 
1024 1024 618 411 531 554 518 557 1024 1024 325 698 682 523 516 497 1024 908 116 382 478 487 488 498 
1024 998 236 777 697 602 484 539 1024 998 41 941 773 403 529 499 1024 680 330 332 426 542 502 540 
960 759 513 604 570 581 472 544 952 753 304 794 702 454 468 563 939 708 265 250 310 630 565 430 
906 145 703 395 588 525 497 543 873 169 630 416 503 506 498 515 692 336 420 490 481 551 538 523 
972 121 750 410 603 503 499 498 963 109 695 373 545 523 517 515 923 124 243 464 522 494 523 487 
929 176 650 430 539 515 536 518 929 156 576 451 519 519 511 512 813 257 353 487 571 491 516 525 
964 139 530 512 523 543 534 522 958 124 526 504 498 524 527 517 896 161 294 545 498 529 519 503 
865 184 475 558 514 528 516 511 926 118 386 565 501 543 506 538 850 167 254 514 542 509 503 494 
698 347 442 569 520 506 540 525 755 295 442 663 559 466 511 501 705 326 367 481 583 551 496 523 
597 466 497 508 535 507 506 506 656 403 483 668 557 547 539 502 554 487 516 444 536 485 518 515 
424 595 389 517 472 486 533 535 294 730 687 541 529 536 500 508 64 959 852 512 481 493 515 564 
1024 1024 1024 1024 0 798 972 278 1024 1024 1024 1024 0 0 1024 766 1024 1024 1024 0 1024 272 992 784 
1024 1024 1024 1013 11 332 677 748 1024 1024 1024 989 35 67 700 296 1024 1024 1024 3 983 906 692 304 
1024 1024 1024 927 97 326 430 600 1024 1024 1024 770 254 236 595 502 1024 1024 1024 119 905 869 491 505 
1024 1024 1024 950 74 266 528 534 1024 1024 1024 802 222 199 486 544 1024 1024 1024 201 815 785 458 489 
1024 1024 1024 980 60 526 628 478 1024 1024 1024 926 94 161 599 443 1024 1024 1019 6 937 741 554 487 
785 1005 992 816 251 699 604 438 782 1007 981 678 270 336 634 580 776 1004 775 252 731 403 583 611 
562 942 931 756 330 479 510 502 517 986 944 421 520 451 521 499 508 988 728 302 588 535 490 494 
1021 1020 1018 699 323 511 612 553 1020 1021 1017 546 467 441 411 551 1020 1020 966 62 286 509 610 550 
1024 1024 1022 410 606 595 565 565 1024 1024 1017 275 673 586 460 562 1024 1024 817 212 370 432 564 562 
1024 1024 1024 633 405 551 549 500 1024 1024 1024 375 628 544 568 510 1024 1024 1003 38 428 461 595 552 
1024 1024 1024 825 216 484 573 430 1024 1024 1022 493 523 525 598 560 1024 1024 981 52 441 529 550 561 
1024 1024 1024 789 243 391 502 471 1024 1024 1024 515 485 483 523 468 1024 1024 952 74 306 632 501 468 
1024 1024 1022 806 262 457 477 427 1024 1024 1019 584 456 436 547 426 1024 1024 971 68 352 567 477 426 
1024 1024 1024 501 502 531 518 486 1024 1024 1023 255 693 635 506 486 1024 1024 891 133 251 495 517 490 
1024 1024 1022 278 691 632 557 526 1024 1024 1015 158 764 555 467 526 1024 1024 783 248 291 390 558 519 
976 937 915 344 586 574 477 491 963 949 914 255 469 502 497 507 936 956 439 559 524 496 523 484 
246 983 539 508 607 469 533 517 244 985 490 499 569 501 509 501 233 888 284 415 499 496 529 507 
1024 1005 1012 326 663 537 498 516 1024 1004 1009 80 852 607 510 479 1024 1002 801 221 245 546 478 483 
977 917 916 198 705 546 503 522 976 918 904 149 596 437 523 521 966 917 361 595 495 471 493 501 
951 833 785 267 469 466 547 505 953 835 598 425 616 520 548 511 943 822 284 454 484 533 520 498 
961 698 815 233 738 423 516 505 959 690 755 278 583 501 519 515 954 678 323 653 565 557 474 536 
987 528 793 250 664 448 464 546 984 527 721 309 500 544 519 555 979 515 250 724 609 578 481 546 
965 421 675 371 604 455 472 535 987 392 620 364 465 556 554 521 976 373 177 764 602 566 479 537 
836 391 645 453 580 521 481 504 918 294 502 517 546 529 521 514 879 302 285 670 481 507 566 496 
683 403 679 491 574 475 488 508 787 291 551 534 577 529 531 493 748 308 381 712 458 523 516 501 
560 504 702 527 568 529 535 515 767 294 457 524 555 512 467 493 699 351 335 685 508 511 522 523 
471 569 730 523 554 530 490 505 722 319 506 532 600 463 524 517 675 362 346 694 493 508 498 519 
346 654 679 479 515 506 490 512 593 431 576 460 555 490 489 491 497 527 383 791 481 513 512 536 
197 757 608 396 472 531 530 519 410 614 580 538 529 466 476 502 328 696 430 788 617 500 508 508 
55 698 768 526 523 509 523 486 245 779 614 540 454 499 490 501 173 851 442 813 515 544 521 498 
0 541 869 597 708 480 559 565 96 928 439 806 680 486 544 537 50 974 409 899 434 545 514 475 
0 547 455 593 518 509 498 536 81 610 377 462 577 450 542 490 7 864 603 589 489 508 513 498 
0 636 448 579 471 560 504 500 59 742 414 398 567 505 547 506 13 777 451 405 556 561 464 502 
0 295 458 835 347 364 627 608 4 595 228 375 648 354 642 632 1 535 238 374 643 669 357 400 
1024 1024 1024 1018 15 778 836 324 1024 1024 1024 983 41 64 714 688 1024 1024 1024 5 988 574 863 507 
1024 1024 1024 992 50 703 640 377 1024 1024 1024 905 120 246 590 560 1024 1024 1021 3 762 297 636 571 
1024 1024 1024 814 215 390 533 492 1024 1024 1024 533 473 485 515 535 1024 1024 1015 116 807 591 523 531 
1024 1024 1024 773 265 556 588 525 1024 1024 1024 701 323 363 533 504 1024 1024 1024 145 735 454 486 453 
1024 1024 1024 956 72 372 590 547 1024 1024 1024 794 232 266 434 547 1024 1024 1023 1 310 652 590 547 
741 1000 945 546 465 509 509 536 740 1000 887 422 536 548 510 508 738 994 700 285 410 525 503 543 
235 959 775 551 503 501 528 525 204 986 732 414 535 476 539 502 201 975 431 512 505 495 476 495 
1011 997 994 225 757 585 518 494 1000 1008 996 123 857 547 502 517 997 1009 793 249 316 445 514 504 
1024 1024 1023 167 819 662 512 471 1024 1024 1023 45 785 581 504 465 1024 1024 684 342 308 382 525 471 
1024 1024 1024 130 761 459 561 540 1024 1024 1024 40 668 463 481 523 1024 1024 347 673 443 484 534 604 
1024 1024 1023 91 892 437 535 539 1024 1024 1018 74 537 474 579 544 1024 1024 270 754 782 596 463 509 
1009 963 925 138 809 402 578 533 1008 959 914 135 676 441 486 503 1005 948 271 708 659 379 544 514 
960 824 747 341 641 539 504 522 955 807 725 322 611 550 472 480 944 771 502 507 438 469 529 496 
952 756 827 280 664 571 497 504 946 749 790 286 626 500 506 499 936 719 537 490 413 441 550 540 
936 601 774 329 618 525 507 531 933 597 725 318 606 535 525 551 915 579 480 537 443 511 519 546 
882 434 609 411 572 501 504 498 908 394 560 392 471 567 545 518 889 364 215 720 565 553 523 501 
638 422 597 546 508 539 491 532 789 251 414 465 484 497 491 468 763 236 240 624 494 531 545 532 
659 401 580 558 549 519 538 524 882 163 320 485 517 522 517 508 859 173 200 579 499 484 500 516 
648 389 558 533 539 523 529 530 894 132 327 520 470 567 567 495 839 182 224 703 518 488 477 506 
598 431 604 511 564 521 527 505 898 131 366 494 449 497 504 527 884 145 153 713 453 512 496 500 
262 734 569 489 478 536 502 464 545 479 603 336 557 461 490 503 561 463 348 519 500 481 489 535 
124 899 441 374 412 589 562 533 391 633 664 271 569 536 478 476 408 616 498 362 383 448 437 527 
27 992 410 296 310 548 528 518 292 732 681 253 381 554 494 497 297 727 333 532 591 547 510 506 
7 995 323 261 368 521 501 521 202 822 657 275 444 624 464 479 192 832 240 663 660 600 559 533 
1 988 225 223 253 518 491 511 168 856 576 197 496 561 496 563 150 874 272 495 577 509 442 464 
0 992 98 104 225 596 532 545 61 963 568 170 504 462 571 507 54 970 183 545 670 520 446 461 
0 930 94 96 416 483 501 500 0 1024 478 427 308 449 501 498 0 1024 102 578 752 553 555 479 
0 869 155 157 605 582 474 470 0 1024 285 589 386 428 468 462 0 1024 25 512 846 396 599 536 
0 774 256 322 733 430 514 563 0 1024 223 637 497 470 567 538 0 1024 51 461 598 509 611 470 
0 500 537 594 582 494 499 523 0 992 357 442 453 583 518 477 0 800 425 509 594 512 485 565 
0 754 373 397 638 423 524 527 0 979 296 357 675 600 546 524 0 922 316 323 647 366 536 500 
0 435 318 684 575 489 506 531 0 428 347 237 732 579 454 530 2 963 456 327 563 515 530 541 
80 669 653 644 441 494 551 504 0 739 734 316 654 552 491 506 0 738 727 219 569 477 509 507 
0 108 376 744 197 494 511 492 0 102 272 262 792 506 468 528 0 99 262 241 823 722 356 511 
1024 1024 1024 742 272 501 581 447 1024 1024 1021 422 552 543 539 522 1024 1024 944 82 465 485 616 519 
1024 1024 1023 775 254 594 529 446 1024 1024 1022 608 400 458 544 455 1024 1024 968 74 661 487 487 475 
1024 1024 1024 902 139 559 509 470 1024 1024 1024 714 302 455 529 481 1024 1024 1019 18 735 378 539 467 
1024 1024 1024 817 249 448 586 529 1024 1024 1024 535 482 492 530 527 1024 1024 1007 97 538 545 527 467 
1024 1024 1024 836 212 443 494 510 1024 1024 1024 567 459 472 582 460 1024 1024 1018 7 577 492 544 463 
1019 1004 999 686 335 449 517 532 1019 1004 1001 456 545 492 541 505 1016 1005 967 56 645 495 528 493 
915 740 779 521 492 530 511 497 877 756 802 429 584 518 511 505 846 766 732 352 437 523 493 505 
987 731 900 523 447 440 485 509 983 716 912 273 656 584 535 489 972 692 794 299 356 586 544 495 
950 607 753 326 667 580 487 563 976 570 756 246 687 464 532 556 974 527 534 498 382 475 482 542 
792 564 733 459 573 503 501 507 878 465 651 424 623 491 520 519 905 412 396 563 492 538 512 516 
634 553 650 508 527 507 517 520 818 339 494 450 515 503 464 528 761 372 370 639 484 501 526 512 
467 571 650 645 484 488 516 523 637 396 521 563 547 543 527 508 642 385 382 580 544 458 504 518 
402 633 661 672 538 494 516 515 575 450 573 579 498 507 519 517 575 449 407 501 569 528 501 505 
331 693 667 716 580 492 511 505 558 466 495 594 461 521 519 492 512 512 429 453 443 572 475 519 
384 640 560 620 507 529 512 493 582 442 427 638 414 458 491 545 551 473 408 377 432 475 522 495 
310 714 523 643 551 491 490 532 471 553 562 552 506 481 523 519 374 650 596 371 520 477 494 502 
720 304 227 418 414 474 525 484 908 116 116 623 512 455 508 483 886 138 138 737 327 534 559 497 
990 34 50 383 557 472 477 499 1024 0 28 846 448 544 462 519 1024 0 0 810 311 527 559 514 
931 93 93 559 439 479 497 519 1024 0 38 854 485 506 491 495 1024 0 0 853 497 424 499 475 
827 197 203 641 420 580 501 561 1017 7 22 675 564 517 528 511 1014 10 16 698 416 554 502 504 
30 878 285 585 488 474 524 525 67 954 449 601 493 518 525 507 54 959 358 580 527 507 535 492 
0 1024 3 650 401 468 504 450 0 1024 93 903 361 489 478 487 0 1024 28 953 324 528 525 485 
0 1024 0 331 672 558 528 465 0 1024 11 858 230 492 537 454 0 1024 0 320 694 537 451 568 
0 1024 0 18 921 349 477 548 0 1024 0 234 790 659 516 469 0 1024 0 8 916 428 487 475 
0 1024 0 0 428 583 579 620 0 1024 0 0 952 164 724 381 0 1024 0 0 449 580 505 368 
0 1023 1 1 150 824 696 712 0 1024 0 0 824 234 527 560 0 1024 0 0 670 340 419 560 
0 1024 0 0 903 160 465 532 0 1024 0 242 782 738 592 430 0 1024 0 6 999 711 435 604 
0 1024 0 2 943 297 335 491 0 1024 0 395 629 621 510 445 0 1024 0 0 994 285 662 533 
0 1023 87 149 801 457 542 514 1 1023 218 585 508 465 520 516 0 1024 139 120 865 371 540 513 
0 676 520 529 489 503 507 453 0 1002 393 476 464 581 520 500 0 817 535 263 575 452 487 464 
56 871 361 339 583 434 463 505 37 893 387 475 629 599 534 507 31 901 393 356 623 442 459 549 
59 335 352 668 448 493 511 512 20 374 324 403 716 546 503 515 45 596 386 621 527 509 518 535 
590 246 300 568 487 502 509 498 413 426 429 486 604 511 508 537 271 753 644 478 484 484 496 510 
193 497 438 684 502 487 508 496 17 648 605 632 510 501 538 527 3 660 634 395 585 472 484 506 
1024 1024 1024 772 280 489 487 551 1024 1024 1024 432 587 510 542 515 1024 1024 1002 27 398 547 512 514 
1024 1024 1024 707 340 495 490 501 1024 1024 1024 429 588 583 541 528 1024 1024 1015 29 610 592 509 497 
1024 1024 1024 666 345 455 566 441 1024 1024 1024 386 604 586 542 520 1024 1024 986 89 434 620 562 522 
1024 1024 1024 746 295 440 570 500 1024 1024 1024 332 672 587 534 541 1024 1024 1006 18 351 586 534 540 
1024 1024 1024 392 640 609 480 492 1024 1024 1022 140 862 611 554 548 1024 1024 998 38 398 559 524 558 
1019 767 920 276 687 566 550 479 1019 760 910 175 713 552 459 485 1017 750 646 368 386 483 549 490 
803 335 522 461 520 508 541 479 882 259 474 411 505 528 501 514 824 290 341 507 517 511 504 505 
686 338 360 425 528 511 494 491 970 55 126 482 456 520 482 506 959 65 64 579 476 462 497 514 
777 247 247 473 411 547 518 499 1020 4 9 777 400 500 528 512 1021 3 3 828 403 488 504 544 
586 438 385 583 501 500 498 500 834 190 202 657 461 510 507 518 724 300 287 657 481 521 507 515 
417 607 580 761 620 512 521 502 375 649 684 685 489 516 517 502 354 670 648 405 570 535 527 521 
629 395 402 623 606 502 508 527 565 459 480 661 432 507 499 528 488 536 485 451 465 501 521 545 
339 685 549 480 512 499 545 515 329 695 503 524 455 530 496 525 304 720 300 645 466 491 525 470 
671 353 466 451 547 539 509 485 671 353 433 406 466 504 503 510 629 395 150 590 559 526 535 517 
138 886 808 337 582 492 505 541 137 887 724 287 405 527 475 528 131 893 199 795 635 525 507 515 
409 615 834 498 469 534 511 526 607 417 488 396 496 495 552 516 233 791 689 630 563 494 460 512 
916 108 707 326 371 586 486 534 1023 1 401 455 518 471 494 520 906 118 131 919 629 560 510 542 
1024 0 820 151 215 685 493 509 1024 0 501 462 477 461 466 539 1023 1 30 930 637 523 512 477 
1020 4 894 101 448 534 542 469 1021 3 703 286 290 455 476 545 1018 6 30 954 759 406 502 482 
1024 0 902 122 324 622 508 528 1024 0 628 396 405 458 529 513 1024 0 6 1016 590 461 497 491 
43 976 533 422 454 509 523 520 114 910 650 323 373 531 500 506 40 984 511 476 472 471 488 506 
0 983 78 878 427 515 532 506 0 986 146 861 523 457 481 537 0 982 70 900 458 501 540 502 
0 881 143 510 462 499 469 500 0 893 131 815 292 487 517 566 0 882 142 360 632 507 527 501 
0 337 680 424 394 503 467 522 0 382 638 610 580 501 531 540 0 377 643 508 471 342 504 522 
0 496 523 226 383 716 634 506 0 514 506 474 545 275 417 421 0 504 515 399 423 399 379 518 
0 861 163 101 128 567 427 486 0 914 110 87 514 470 452 616 0 905 119 94 445 519 399 486 
0 1024 0 0 448 576 456 464 0 1024 0 0 1024 632 552 560 0 1024 0 0 1000 208 648 464 
0 1024 0 0 416 608 519 274 0 1024 0 0 1024 488 664 751 0 1024 0 0 1024 128 737 479 
40 956 190 325 460 541 472 524 41 983 314 423 614 535 519 488 37 977 219 220 577 512 525 508 
0 621 556 538 440 542 506 485 1 960 378 297 491 608 561 453 0 671 534 488 631 446 447 606 
0 710 314 186 471 594 529 438 0 734 290 375 675 627 631 531 0 716 308 278 639 258 378 586 
0 502 459 255 385 692 554 513 0 527 435 468 579 503 543 480 0 516 448 339 569 383 501 539 
14 134 545 611 550 473 528 469 9 146 477 483 605 564 494 495 7 623 550 531 540 499 479 496 
105 447 411 743 713 559 466 470 52 440 442 454 627 549 478 522 48 945 647 398 516 552 491 512 
961 973 943 658 339 344 578 545 977 964 949 595 419 426 541 460 963 970 939 209 772 660 574 470 
808 932 813 656 389 429 542 532 834 933 881 465 546 521 470 539 810 930 807 304 526 541 461 512 
721 937 730 469 551 544 573 545 779 915 893 347 670 587 508 534 727 957 761 253 342 497 556 521 
391 863 487 402 536 489 524 524 464 860 748 449 568 498 566 502 381 900 489 429 450 517 501 507 
297 842 359 422 517 542 523 510 359 882 708 460 529 508 496 534 295 875 324 502 487 499 526 501 
298 818 402 451 513 525 513 514 376 835 576 464 529 518 490 509 295 828 334 521 530 505 511 523 
222 726 337 476 518 516 484 525 321 750 490 522 518 563 491 502 233 783 320 488 475 540 510 526 
878 141 426 433 406 459 504 525 889 132 137 753 639 475 525 520 850 170 130 775 379 478 523 494 
1023 1 757 216 501 490 513 507 1024 0 578 399 413 456 508 503 1023 1 9 960 745 415 491 479 
991 33 579 328 548 475 471 537 1024 0 310 543 521 500 504 462 865 159 162 729 582 429 513 529 
362 662 850 814 571 475 466 537 333 691 855 306 677 460 552 529 329 695 756 222 361 531 457 547 
671 354 750 662 555 490 519 488 637 387 644 518 623 469 509 510 571 453 527 383 485 543 541 479 
465 559 880 781 454 532 499 548 405 619 885 390 548 511 496 499 387 637 808 258 375 501 539 495 
761 264 797 642 433 530 511 534 746 279 688 448 538 487 507 511 719 305 521 314 423 541 518 489 
579 445 921 720 372 542 525 524 564 460 846 343 593 495 508 510 553 471 749 285 383 559 521 509 
648 374 816 508 463 480 513 504 810 211 455 450 607 501 494 487 413 601 724 568 535 538 515 515 
998 26 813 132 559 630 460 528 1019 5 722 176 293 518 466 537 904 120 134 926 669 565 479 475 
1024 0 947 66 880 478 476 500 1020 4 879 96 135 651 453 477 1005 19 53 936 774 555 493 536 
1024 0 939 104 845 670 538 636 1021 3 911 69 453 492 500 634 995 29 65 948 903 753 499 390 
1021 3 912 138 781 657 532 475 1021 3 882 89 400 579 477 474 997 27 85 906 840 586 457 547 
27 996 809 213 529 542 490 520 87 937 724 286 500 499 503 524 19 1005 535 409 496 541 531 495 
0 451 467 520 507 508 485 532 0 440 452 536 500 484 487 510 0 421 389 589 527 507 502 479 
0 756 261 456 516 466 519 511 0 780 237 645 445 478 499 546 0 753 263 343 622 519 501 529 
0 177 364 782 389 551 491 504 0 334 200 462 440 498 499 516 0 238 297 514 448 559 529 505 
0 9 545 831 430 576 537 515 0 87 473 667 477 469 486 509 0 29 516 649 591 474 518 522 
0 500 524 333 424 456 456 583 0 728 296 238 143 654 523 489 0 719 305 226 129 600 488 583 
0 1024 0 0 0 1022 338 611 0 1024 0 0 1024 32 888 412 0 1024 0 0 1024 4 342 609 
160 786 230 259 249 761 344 557 31 894 171 177 824 262 576 491 216 907 190 208 736 283 343 551 
153 837 265 378 525 495 501 506 15 747 438 389 589 511 528 528 236 882 396 392 537 506 528 526 
0 416 809 561 615 538 521 541 0 740 544 446 441 575 516 508 4 525 654 618 440 475 507 505 
0 1 518 758 252 343 703 640 0 19 474 346 702 352 639 654 0 6 462 279 728 690 397 401 
0 5 399 878 273 366 625 608 0 5 382 425 719 438 629 559 0 0 359 172 818 671 372 437 
0 0 336 852 205 315 631 696 0 0 322 274 736 390 659 669 0 0 245 224 812 679 332 310 
0 0 707 385 364 452 468 531 0 0 451 540 669 590 544 487 0 161 566 390 567 441 510 495 
134 508 613 579 515 517 507 517 169 924 457 512 487 518 521 494 140 759 381 503 496 530 508 520 
7 492 571 535 508 516 511 493 25 870 410 478 536 517 491 518 8 557 533 527 525 495 533 488 
0 676 365 478 485 506 512 495 16 1003 636 541 535 487 519 506 0 942 289 478 523 513 500 512 
0 418 607 612 505 547 513 487 1 925 310 484 521 511 496 515 0 551 513 568 502 508 517 500 
0 490 536 530 505 544 511 512 0 997 349 478 501 515 553 508 0 746 309 530 497 495 516 512 
0 562 463 503 498 521 501 526 0 1019 267 615 464 511 509 541 0 827 206 387 474 509 515 525 
96 392 612 563 466 481 506 504 97 888 198 436 494 498 527 515 88 472 488 606 458 477 490 516 
906 118 806 167 653 404 510 417 889 134 625 311 367 507 489 630 823 177 176 858 626 391 511 402 
1024 0 960 76 892 573 496 514 1024 0 898 80 252 630 515 523 1020 4 38 932 813 507 507 497 
1024 0 676 222 724 584 525 590 1024 0 518 442 436 496 498 603 812 212 227 757 674 584 487 413 
444 580 862 357 533 537 489 507 436 588 691 380 496 514 512 501 418 597 333 645 565 515 537 527 
614 410 798 447 442 491 473 485 609 415 574 490 518 475 527 527 549 471 274 554 521 494 536 501 
306 718 850 789 445 490 498 529 176 848 978 450 586 458 536 518 153 871 946 137 484 527 512 502 
583 441 790 570 452 506 544 477 557 467 659 438 531 540 553 497 491 524 465 391 479 505 529 538 
7 971 680 426 530 537 500 501 4 972 612 392 448 541 493 514 3 949 243 681 529 524 528 524 
545 408 560 443 438 491 520 523 653 299 288 509 601 552 506 518 178 705 718 712 621 478 525 515 
1021 3 828 115 835 557 497 543 1024 0 800 128 246 673 564 558 949 75 116 875 828 434 467 494 
1024 0 952 118 876 715 527 480 1017 7 914 76 370 638 494 455 1009 15 48 936 910 532 564 567 
1024 0 954 372 629 608 538 513 1019 5 919 70 711 417 482 523 1001 23 203 808 775 628 494 503 
1013 11 936 443 556 536 528 477 1007 17 900 96 688 445 522 466 993 31 243 735 696 579 503 564 
12 1012 853 336 599 495 512 530 63 961 743 282 509 483 453 542 0 1024 512 459 536 566 534 479 
0 542 384 552 532 503 484 531 0 535 369 554 520 487 527 527 0 516 321 557 476 524 531 497 
0 532 347 533 586 496 540 525 0 553 318 599 632 590 542 508 0 511 353 499 537 377 547 526 
0 159 198 812 303 593 536 495 0 223 129 439 533 413 589 495 0 149 204 520 483 562 398 444 
0 3 346 877 196 466 521 549 0 54 286 339 691 429 573 602 0 6 328 422 636 634 393 436 
0 642 382 196 313 380 532 493 0 750 274 228 173 580 488 522 0 554 470 262 426 538 494 493 
13 1003 33 41 774 297 405 436 10 1002 26 44 943 288 764 534 33 992 44 78 770 260 310 536 
361 335 522 502 534 510 484 506 231 356 522 498 517 525 510 504 498 351 526 537 492 540 504 497 
206 466 469 546 499 496 503 525 162 362 524 492 549 544 527 501 319 467 469 504 502 514 541 504 
0 386 611 584 500 504 485 494 0 524 526 476 614 458 547 498 4 547 545 570 476 536 505 513 
0 0 272 922 132 213 779 791 0 0 272 200 828 226 779 711 0 0 248 143 828 728 300 219 
0 42 192 870 301 401 615 658 0 61 147 290 795 332 619 640 0 0 176 248 800 677 358 377 
0 20 406 625 429 504 482 482 0 18 391 452 570 492 533 507 0 9 182 569 577 521 522 492 
0 0 748 536 253 603 403 547 0 2 741 460 427 567 455 521 0 0 655 416 412 494 442 587 
0 205 819 670 523 527 495 513 0 892 222 482 501 534 500 505 0 492 532 544 535 487 523 488 
0 232 781 484 510 520 512 526 3 706 468 555 476 508 507 486 0 345 674 462 489 490 521 499 
0 271 727 502 526 532 513 501 0 754 459 494 506 498 527 510 0 480 512 504 510 510 508 502 
0 121 901 572 514 531 518 506 0 427 610 631 494 533 516 510 0 129 891 514 514 476 503 510 
0 179 842 535 504 514 513 507 0 456 600 576 468 548 495 522 0 187 824 420 565 511 497 494 
0 180 841 640 517 524 485 514 0 870 214 498 550 518 503 501 0 405 621 552 537 518 538 522 
98 134 904 547 511 505 495 497 96 413 621 593 471 486 490 537 96 131 814 476 551 489 502 476 
937 87 783 212 681 456 561 536 910 111 649 305 345 578 431 481 870 148 112 827 672 452 551 545 
1024 0 960 111 897 651 459 419 1024 0 931 63 245 739 584 447 1013 11 33 946 766 420 507 580 
1024 0 718 232 648 579 464 514 1024 0 512 424 374 605 556 515 751 273 295 799 670 441 478 512 
132 510 828 336 633 553 524 530 128 514 752 395 547 525 519 498 128 483 498 487 451 532 494 505 
467 266 737 439 491 497 453 478 466 262 602 464 510 467 503 537 372 330 403 528 517 524 511 491 
127 768 676 541 523 521 486 510 27 870 768 496 503 514 531 494 0 811 659 415 521 533 526 501 
592 273 625 503 482 486 515 520 523 347 555 521 553 526 509 485 368 454 519 501 573 513 550 497 
0 251 743 231 558 514 496 512 0 253 697 274 488 507 509 523 0 189 425 527 517 489 507 518 
519 270 736 434 469 467 519 521 642 143 447 433 601 551 521 488 143 636 868 617 560 504 522 501 
1022 2 849 158 794 634 434 385 1024 0 821 128 338 696 663 459 956 68 112 888 806 326 395 612 
1023 1 959 183 819 749 508 502 1018 6 930 64 545 499 540 505 994 30 96 921 866 495 483 503 
1024 0 973 477 506 553 484 509 1015 9 928 98 756 398 575 493 1004 20 233 783 741 604 527 523 
958 60 867 413 551 511 468 478 951 64 827 162 599 533 543 480 904 105 172 830 735 481 539 539 
1 1023 854 390 615 498 494 535 29 995 807 299 492 492 490 519 0 1024 404 508 584 480 484 492 
0 1024 311 684 418 509 461 502 0 1024 221 798 550 502 522 533 0 1024 13 647 525 525 546 525 
0 768 256 643 400 534 521 568 0 773 251 837 511 470 505 530 0 760 264 244 567 527 550 526 
0 152 168 841 417 522 519 586 0 210 110 538 459 420 554 486 0 84 236 626 447 554 437 429 
0 13 352 884 353 367 610 640 0 42 317 446 685 392 636 639 0 0 339 478 633 657 360 343 
0 478 515 336 496 485 579 495 0 551 443 378 372 494 548 482 0 282 737 483 586 498 486 504 
0 930 71 61 941 235 663 357 0 933 66 59 949 405 658 616 0 917 90 71 746 278 394 615 
45 635 221 316 686 556 501 487 46 639 214 349 652 582 557 567 45 640 218 244 706 460 461 531 
62 919 126 591 512 499 516 532 73 911 411 698 354 549 515 508 58 923 337 251 663 400 484 465 
0 429 630 659 502 557 520 511 4 843 418 356 589 564 508 493 0 490 686 541 568 478 551 529 
0 7 231 892 131 361 769 804 0 2 231 161 902 180 843 650 0 0 225 213 800 676 294 402 
0 96 202 780 253 427 598 589 0 96 119 329 779 344 640 605 0 0 192 402 691 607 383 483 
0 29 453 685 483 494 496 509 0 43 422 597 556 487 543 506 0 12 256 627 531 491 534 516 
0 2 749 650 221 656 628 578 0 195 550 287 682 370 500 512 0 2 714 389 500 350 553 507 
0 146 840 493 536 525 478 488 0 532 558 506 522 528 489 533 0 226 717 480 554 549 504 517 
0 53 750 446 495 523 488 502 0 307 756 327 439 525 503 508 0 149 405 664 542 498 533 515 
0 97 819 410 456 487 518 504 0 331 695 377 499 524 522 501 0 161 544 575 575 490 512 525 
0 113 899 452 540 545 498 519 0 430 699 619 483 531 486 508 0 242 776 354 542 514 479 466 
0 240 781 508 518 528 510 520 0 699 406 548 501 525 518 528 0 398 635 466 517 530 540 476 
0 130 890 578 511 496 516 512 0 719 364 536 514 517 506 516 0 282 739 520 534 509 508 511 
127 50 921 358 530 481 462 509 124 107 868 575 465 515 510 522 120 34 734 431 506 546 508 499 
946 78 821 227 678 601 452 541 915 109 737 245 369 606 590 539 869 155 147 826 594 464 536 484 
1024 0 972 243 764 691 480 546 1024 0 949 39 591 448 557 544 1005 19 71 938 909 644 443 480 
1024 0 682 378 564 609 511 473 1024 0 481 462 542 487 520 523 690 334 353 853 759 519 489 512 
128 24 788 281 478 540 525 522 128 23 709 334 410 563 535 512 106 38 149 871 591 500 529 518 
461 51 692 425 481 568 530 520 458 54 587 358 558 489 539 523 304 208 346 678 586 511 524 489 
0 344 678 316 541 463 519 499 0 352 684 313 444 542 515 505 0 255 367 638 617 514 512 476 
511 111 746 405 509 520 498 495 502 117 599 434 559 480 492 490 337 258 572 537 465 478 523 514 
0 0 766 255 284 478 553 550 0 0 530 492 487 524 504 476 0 0 23 966 505 542 502 518 
448 324 772 441 437 576 494 509 668 103 398 447 435 525 501 540 141 627 685 730 538 510 533 505 
1021 3 894 123 831 585 530 511 1021 3 884 69 289 664 489 585 967 57 62 942 755 565 506 477 
1024 0 960 345 688 715 521 577 1024 0 960 41 742 396 468 574 1012 12 111 871 804 726 524 440 
1024 3 957 365 656 638 531 496 1024 0 958 42 699 395 477 504 1017 7 99 869 820 497 513 527 
745 251 759 418 581 518 485 486 752 235 735 268 593 437 558 483 728 231 231 741 686 533 489 525 
0 1024 730 358 586 507 519 476 0 1024 704 337 534 504 543 491 0 1024 218 623 597 529 498 503 
0 1024 131 737 501 516 487 506 0 1024 105 856 538 514 500 518 0 1024 7 447 539 496 518 503 
0 736 299 596 457 541 549 519 3 738 292 706 515 520 524 499 0 701 327 167 512 533 496 478 
0 138 284 804 642 518 498 499 0 147 263 781 402 569 565 529 0 69 334 807 326 519 537 507 
0 11 512 836 575 514 538 556 0 16 497 802 500 474 502 495 0 0 486 755 346 486 470 497 
0 294 628 430 579 473 509 511 0 295 621 487 536 516 529 500 0 175 835 498 581 519 512 507 
0 838 169 121 866 571 409 585 0 840 174 414 594 422 398 561 0 838 181 122 153 788 621 455 
0 1024 0 365 653 627 546 354 0 1024 0 737 294 527 524 532 0 1022 2 6 851 295 492 407 
0 1004 329 587 368 398 547 483 225 778 146 757 305 566 536 506 0 1004 359 228 733 485 565 485 
0 551 679 452 461 531 549 494 151 744 202 324 509 532 489 497 0 505 727 631 429 481 527 479 
0 58 424 830 253 459 562 578 0 175 297 279 736 504 482 503 0 0 459 620 443 615 507 514 
0 124 465 719 319 451 580 573 0 178 359 451 707 510 559 530 0 0 478 530 576 522 463 527 
0 101 581 752 413 564 522 486 0 222 450 571 539 532 500 514 0 0 565 615 418 472 489 484 
0 33 857 650 500 506 456 557 0 338 532 396 498 585 534 473 0 1 861 584 446 570 569 571 
298 471 613 548 549 502 500 538 315 699 594 470 541 501 509 508 309 539 710 412 556 485 520 510 
0 25 592 487 525 542 479 509 0 103 828 278 360 505 500 515 0 44 236 801 545 531 506 505 
0 36 487 578 651 531 494 505 0 76 679 456 478 548 523 498 0 44 278 751 441 566 507 512 
0 12 912 220 527 499 493 510 0 48 944 333 549 543 513 518 0 15 544 517 574 480 547 513 
0 88 897 384 493 547 510 509 0 436 611 422 531 494 488 509 0 161 690 536 538 514 535 500 
0 37 915 443 516 529 512 533 0 425 601 542 525 500 507 506 0 121 822 457 524 487 502 513 
140 205 637 460 503 527 508 491 213 420 543 539 504 505 505 485 150 308 618 461 538 520 498 513 
915 109 819 193 715 547 479 484 883 141 701 320 281 638 448 559 825 199 157 827 462 582 439 465 
1024 0 955 113 899 675 389 494 1024 0 920 67 237 778 613 540 1022 2 29 930 816 292 430 484 
1021 3 659 264 702 513 528 512 1021 3 495 381 429 575 482 493 629 395 397 894 701 458 556 529 
99 29 253 823 769 573 449 572 97 31 274 794 680 388 435 502 83 45 56 929 267 650 453 519 
463 33 458 658 553 527 551 508 458 34 365 614 581 479 467 549 301 179 265 774 491 508 511 514 
0 45 858 484 508 529 501 513 0 40 855 543 483 513 509 517 0 15 741 565 497 572 533 524 
513 112 580 575 509 533 519 513 513 111 446 573 466 518 541 510 336 253 459 599 552 519 498 483 
0 0 298 726 703 608 543 516 0 0 337 687 618 498 501 504 0 0 16 956 317 604 562 508 
394 406 677 620 573 553 492 514 619 181 328 556 496 487 525 510 100 698 727 690 381 539 514 538 
1011 8 922 133 734 437 459 561 1011 8 858 132 228 676 492 555 980 40 58 892 319 496 506 454 
1024 0 1014 10 832 355 607 499 1024 0 930 94 182 567 492 519 1024 0 0 1011 424 575 536 501 
1024 0 1021 51 909 582 474 487 1024 0 985 39 260 700 512 499 1024 0 3 1016 434 596 433 518 
935 89 924 151 742 508 505 497 956 68 858 137 283 634 524 492 904 120 126 898 642 474 493 561 
177 838 379 544 521 492 502 517 160 855 380 602 493 465 536 514 105 866 229 522 514 510 511 522 
236 738 225 347 584 503 523 489 220 739 213 543 513 494 512 502 146 726 276 401 441 497 516 515 
52 551 678 630 463 565 466 504 232 498 402 469 612 505 518 503 2 581 724 477 541 491 506 497 
0 81 242 865 440 508 515 509 0 82 227 645 482 448 506 504 0 23 280 616 477 490 509 507 
0 4 516 804 623 456 500 530 0 4 489 760 401 528 517 487 0 0 440 743 328 520 551 527 
0 194 751 471 603 474 476 496 0 175 815 466 596 481 513 515 0 53 969 659 515 523 483 485 
0 869 155 135 745 512 467 601 0 884 140 240 723 569 434 409 0 843 181 169 129 377 606 524 
0 967 27 171 828 686 556 462 0 968 28 694 326 320 519 492 0 960 31 57 502 434 519 524 
3 688 551 493 490 504 508 490 321 359 246 378 575 507 479 518 7 628 739 472 433 507 538 523 
117 760 405 561 400 558 512 513 264 728 104 503 591 496 536 518 93 651 484 531 569 561 513 515 
130 672 364 560 432 521 501 499 129 790 165 640 561 518 514 499 128 637 275 428 525 535 513 511 
128 652 377 519 498 473 532 480 124 723 283 620 504 539 514 521 120 618 315 405 397 492 538 520 
107 669 356 381 558 588 500 469 104 761 231 535 518 440 548 509 101 627 321 364 360 570 583 566 
56 153 605 538 592 504 501 558 56 169 538 586 573 504 493 525 51 126 500 569 485 538 527 493 
0 241 793 654 499 509 531 514 8 1015 717 367 539 534 486 501 2 991 102 618 480 497 548 494 
0 91 909 766 479 479 488 515 2 914 799 293 546 521 500 527 0 856 210 701 486 513 527 496 
0 85 888 765 482 514 516 524 8 853 801 319 531 531 487 507 0 753 285 716 529 522 536 519 
0 62 916 688 535 522 475 501 11 821 773 305 497 513 513 544 0 800 159 665 456 518 481 516 
0 123 896 658 508 482 493 519 17 847 763 431 546 482 521 504 1 779 360 612 481 507 485 529 
0 134 901 694 503 535 499 512 17 823 754 359 522 505 527 506 9 702 364 665 451 531 525 517 
146 274 639 627 515 534 488 521 209 775 571 445 496 514 516 466 140 741 347 587 502 506 515 522 
919 121 763 285 511 478 520 529 891 137 607 418 436 501 529 506 838 186 221 716 437 547 486 513 
1024 0 946 62 615 451 495 493 1015 9 701 297 290 464 496 514 998 26 27 720 385 483 498 503 
1012 12 639 254 589 504 543 501 1005 19 421 385 381 583 521 501 573 451 453 767 339 440 500 545 
502 78 700 517 476 534 502 536 501 69 619 450 476 504 533 507 310 242 469 603 500 502 492 512 
689 52 674 516 464 501 545 495 689 50 521 455 442 532 493 494 392 344 476 668 581 498 520 524 
416 23 887 530 486 489 527 517 416 23 798 498 477 508 509 523 288 147 713 540 503 509 519 528 
718 67 632 615 497 485 510 504 711 62 543 500 498 514 513 527 411 338 660 514 474 506 502 548 
376 28 778 532 537 528 522 531 376 33 730 489 494 520 495 516 297 95 455 560 470 503 544 514 
507 383 703 521 548 511 504 513 634 255 483 468 512 528 528 485 175 712 731 534 485 503 486 501 
652 101 794 291 514 526 496 520 649 104 726 421 413 495 511 502 622 369 171 639 466 511 543 528 
1006 18 925 105 416 437 529 525 992 32 505 512 514 523 506 513 992 32 32 577 481 474 510 506 
1023 1 919 68 605 470 443 439 992 32 696 326 335 496 430 579 976 48 48 809 351 522 457 449 
917 109 833 204 610 437 507 502 911 113 739 244 323 445 502 515 825 198 156 764 372 458 498 495 
136 762 462 505 512 539 547 537 104 781 452 599 624 489 546 543 91 716 352 530 532 510 523 545 
437 431 679 525 543 518 549 527 421 441 628 482 569 499 501 484 367 440 424 496 538 498 540 538 
66 668 433 476 467 486 490 530 67 742 542 409 572 513 508 501 52 590 496 425 518 522 488 503 
0 172 409 764 397 485 542 578 0 162 411 494 610 439 534 551 0 107 464 400 603 564 465 468 
0 9 608 739 558 537 440 515 0 8 605 680 383 521 538 501 0 0 528 586 403 505 442 451 
0 23 946 626 637 498 483 531 0 52 927 631 629 536 502 504 0 2 986 626 338 528 496 508 
0 874 150 166 728 461 492 498 0 881 143 167 777 504 502 525 0 558 466 456 360 425 533 548 
0 776 190 159 804 406 539 519 0 776 171 210 808 620 503 480 0 750 207 164 215 438 567 532 
375 283 571 524 487 537 502 495 379 283 510 387 545 502 522 551 222 432 611 424 498 514 490 488 
266 710 349 524 546 509 505 526 267 708 394 503 516 546 516 524 158 719 438 560 507 512 501 497 
292 726 186 496 549 517 518 494 273 748 107 587 567 538 542 491 230 740 166 329 539 521 479 514 
786 225 692 312 601 559 489 480 784 228 544 415 419 534 448 569 744 246 126 662 455 516 499 464 
1024 0 1022 4 498 544 508 500 1024 0 680 344 366 522 506 527 1024 0 1 1021 523 578 534 486 
532 385 619 424 499 454 502 519 434 478 568 546 535 499 521 500 399 489 457 596 523 512 479 494 
4 293 729 605 548 495 499 502 596 430 435 411 480 504 531 507 70 957 731 453 532 511 512 505 
0 237 784 624 512 517 516 537 675 349 345 306 399 514 516 539 39 985 768 393 442 500 500 524 
0 178 802 567 526 519 515 515 339 674 655 513 518 484 501 509 33 990 627 471 492 519 517 529 
0 58 898 535 473 538 512 495 128 896 781 545 534 520 518 480 1 1006 408 490 496 512 527 503 
11 139 870 526 516 506 545 523 208 818 745 529 534 511 545 532 60 967 484 509 516 516 521 546 
48 352 706 590 528 498 533 473 421 613 643 544 536 520 510 502 207 846 623 498 436 510 507 541 
162 466 481 559 522 530 499 503 509 515 502 566 521 503 527 531 272 747 532 480 510 524 488 493 
857 189 762 388 428 502 506 521 831 194 536 600 552 491 515 466 807 216 332 428 560 518 520 521 
952 72 792 222 312 572 505 515 934 90 235 783 695 525 522 508 865 154 137 237 611 525 504 511 
917 107 743 307 307 478 526 505 956 68 92 858 645 434 490 503 803 221 204 155 460 528 511 500 
834 190 701 351 325 462 506 515 850 174 170 866 642 475 528 527 626 398 337 221 568 467 489 529 
821 203 591 491 441 430 526 515 826 198 212 815 466 476 476 508 551 473 393 281 468 550 508 519 
804 220 716 338 380 449 534 485 828 196 182 865 581 445 471 474 533 491 415 266 388 559 526 490 
813 211 604 447 435 482 512 519 816 208 184 781 391 560 524 490 409 614 538 321 394 533 475 493 
660 278 606 475 457 501 484 514 680 262 272 705 572 467 520 484 320 614 568 325 505 539 511 520 
611 409 667 422 441 517 495 513 719 301 289 675 580 529 519 514 407 613 493 218 523 503 533 539 
762 201 695 275 385 492 509 504 756 236 296 646 612 530 505 523 726 295 176 356 631 501 504 510 
342 244 532 491 511 505 522 497 330 254 357 614 589 495 523 535 291 275 440 370 488 525 488 504 
679 154 528 480 448 514 484 511 606 223 362 642 567 470 518 511 385 431 499 444 566 534 510 529 
867 181 709 341 406 493 520 529 884 159 384 593 551 455 526 494 781 243 233 362 510 502 493 503 
438 831 586 597 535 496 518 495 437 829 587 578 559 520 532 505 394 848 527 444 542 476 484 525 
470 565 580 572 543 503 537 543 396 637 619 482 517 492 551 537 299 713 582 458 529 482 504 533 
0 688 609 365 390 520 546 527 0 785 606 497 523 603 487 519 0 543 729 471 427 492 526 473 
0 196 827 588 570 496 512 535 0 201 826 624 521 516 520 519 0 109 912 496 529 545 496 499 
0 1 1021 478 496 564 515 550 0 0 1016 269 677 587 518 555 0 0 997 227 718 588 520 521 
0 0 842 484 522 522 493 495 0 1 719 530 629 553 509 530 0 0 827 340 479 520 517 511 
41 600 433 428 585 480 480 510 45 640 398 400 588 487 506 528 42 205 827 710 509 504 527 506 
369 945 378 409 620 514 492 465 362 952 377 368 647 559 492 514 358 844 472 347 399 455 546 512 
266 741 785 422 395 538 499 479 249 748 797 672 590 552 491 549 194 806 771 245 580 551 496 493 
169 734 396 553 485 535 518 506 152 747 406 564 504 519 542 508 43 799 424 494 484 505 515 520 
159 809 293 593 548 502 503 518 153 820 229 631 532 483 499 495 131 759 203 400 500 523 490 512 
377 420 498 568 542 503 506 535 350 430 447 605 543 532 512 514 293 465 425 378 561 478 471 510 
289 533 547 474 487 528 515 514 257 568 444 508 551 504 520 512 224 550 476 392 533 539 495 479 
227 580 566 445 528 509 518 508 192 602 511 494 553 543 539 562 162 599 426 514 556 506 517 519 
38 397 596 470 519 512 481 510 160 494 591 538 536 511 488 515 239 496 554 502 513 501 526 510 
0 359 635 471 487 533 516 529 302 533 450 497 521 507 518 517 223 533 494 516 504 502 523 518 
1 282 677 481 537 506 496 503 198 645 471 515 499 516 494 526 134 552 524 498 511 522 489 483 
0 51 878 316 483 520 526 501 2 426 724 479 495 534 498 509 0 272 606 474 517 526 488 505 
7 303 696 439 521 511 525 494 83 707 564 515 523 557 507 513 109 625 583 485 493 499 523 538 
27 409 613 537 521 480 521 501 164 796 458 502 532 526 492 523 188 773 476 520 507 500 511 499 
78 517 512 528 501 507 502 512 320 702 533 551 518 508 525 490 345 657 496 477 529 500 496 522 
486 403 456 514 494 503 499 505 703 437 438 537 518 526 482 533 649 481 470 504 476 493 498 545 
270 437 475 537 509 512 508 507 391 589 423 476 506 508 503 520 81 766 603 568 519 497 541 506 
479 370 391 556 510 516 516 502 553 469 319 452 538 507 527 534 122 794 688 600 527 494 536 485 
396 476 487 519 492 539 483 500 491 519 378 522 509 511 519 496 144 763 598 551 532 506 503 517 
415 453 508 533 520 498 510 523 553 394 400 605 510 535 523 514 206 668 614 500 514 494 511 505 
296 482 507 498 505 484 502 493 300 528 383 581 500 503 520 506 109 473 647 555 538 547 498 489 
680 332 428 566 554 486 489 508 660 359 310 612 428 546 487 522 132 839 696 692 590 463 541 524 
387 403 555 535 485 514 517 500 441 486 370 604 522 531 512 528 240 620 567 517 523 515 533 505 
404 484 544 487 514 500 492 531 383 497 400 608 524 511 518 519 259 478 485 450 490 509 509 521 
669 336 523 430 472 514 524 534 651 364 286 646 536 481 478 522 494 492 338 405 516 531 517 528 
380 339 471 496 552 517 491 509 381 380 396 500 537 538 500 500 190 544 534 496 489 486 535 511 
399 492 439 520 507 490 530 525 358 594 458 559 483 518 516 519 114 778 631 555 564 564 515 516 
640 317 503 511 480 470 544 504 764 187 216 628 458 557 547 522 423 514 496 441 471 531 498 525 
288 685 330 727 447 544 572 537 309 662 675 388 438 521 480 495 187 773 390 649 634 450 531 544 
537 371 509 581 533 503 482 492 475 432 494 404 580 542 500 517 224 640 587 569 534 549 524 498 
35 508 719 409 482 559 516 508 19 696 593 417 472 524 491 527 7 414 707 620 593 485 525 499 
0 0 785 532 617 575 473 487 0 0 724 479 656 453 530 539 0 0 717 459 648 458 545 468 
0 0 692 468 545 523 542 508 0 0 655 307 624 392 519 519 0 0 521 363 582 471 563 525 
0 0 218 776 449 503 498 499 0 0 155 528 732 386 542 522 0 0 149 547 715 591 477 491 
213 357 587 611 521 488 528 507 412 188 401 526 590 511 511 511 222 339 542 546 554 505 483 524 
415 612 527 653 459 539 504 520 396 639 648 522 502 517 496 527 378 644 459 618 511 510 509 513 
222 681 745 459 571 485 490 521 275 623 665 658 573 546 524 530 169 731 690 230 457 484 491 490 
128 615 469 488 531 501 502 517 113 620 480 501 539 549 495 483 1 667 500 478 511 492 523 546 
293 414 573 478 538 526 526 500 326 422 532 519 516 536 519 510 273 383 464 487 503 505 530 527 
324 314 570 491 530 507 527 483 330 341 522 538 526 521 522 497 339 358 536 430 526 513 550 508 
158 205 580 433 546 523 515 481 158 214 534 421 567 476 508 504 113 255 567 379 520 494 523 497 
180 439 436 452 548 490 581 473 173 438 436 360 587 497 476 501 78 500 519 301 529 530 499 512 
369 346 506 481 499 546 520 498 627 132 600 488 500 564 495 503 658 184 653 508 491 524 501 513 
453 291 422 495 507 495 490 505 664 180 599 482 518 528 516 517 690 212 729 502 514 522 530 508 
434 295 477 414 503 489 495 513 643 142 576 488 524 504 518 527 654 152 765 495 504 500 526 525 
405 299 502 465 502 515 515 497 527 196 640 482 525 489 515 529 593 189 715 488 507 548 494 499 
82 445 596 476 494 533 471 543 489 403 598 517 547 524 517 520 456 454 592 456 507 510 523 500 
4 209 728 526 486 499 516 492 242 790 525 551 499 502 531 495 109 841 392 462 478 493 513 507 
0 118 750 449 489 525 519 511 47 889 275 492 511 507 515 498 21 442 643 558 517 542 518 536 
19 213 643 493 521 510 520 497 124 769 478 534 520 516 516 508 106 550 571 492 502 516 501 507 
16 174 666 496 522 494 512 513 123 812 357 511 510 517 518 502 91 443 606 536 525 509 499 502 
61 274 669 519 512 526 540 510 206 791 373 534 527 513 500 494 162 563 527 510 488 502 557 506 
116 509 579 508 510 511 500 524 346 553 521 530 485 523 513 495 224 520 553 490 527 498 524 524 
96 263 616 501 537 516 499 510 131 350 658 476 526 523 497 520 96 239 501 549 531 514 502 516 
71 570 539 486 498 529 513 487 111 653 526 534 482 491 527 497 55 494 530 492 499 554 499 507 
292 437 579 478 499 527 508 500 311 533 615 486 521 527 522 532 196 492 590 496 508 519 518 505 
253 371 585 515 495 505 514 517 299 538 563 479 515 520 513 520 208 497 588 490 514 501 520 502 
164 609 488 510 516 532 513 474 172 662 460 507 515 516 507 502 66 533 579 506 535 524 484 531 
256 455 657 506 494 495 518 514 296 685 469 498 523 511 514 513 195 599 588 515 519 515 537 496 
78 326 645 430 523 505 514 485 188 765 385 474 501 522 523 525 76 521 659 492 492 514 509 507 
7 330 601 494 536 508 543 513 127 707 482 518 546 503 505 499 74 562 579 523 559 505 506 507 
254 272 400 495 602 500 509 553 342 192 377 614 590 544 498 515 226 292 352 598 531 532 514 492 
232 772 323 717 564 518 530 528 221 794 710 371 602 476 511 517 172 784 317 632 668 522 483 500 
365 526 704 528 522 519 511 524 312 613 681 479 518 488 562 514 248 571 568 503 520 486 519 510 
0 684 507 489 537 510 528 505 0 778 398 578 478 515 506 519 0 260 710 521 538 491 516 530 
54 678 820 277 570 489 504 519 17 701 832 302 470 533 494 540 0 550 389 400 531 516 524 483 
226 403 649 405 541 456 519 543 24 600 819 472 605 508 523 525 0 556 472 501 543 505 530 510 
322 237 579 250 462 535 503 529 9 551 853 562 555 498 553 485 0 497 658 414 530 529 542 521 
411 376 494 431 498 514 512 489 472 313 500 474 514 507 514 501 184 562 628 390 541 508 507 515 
410 545 448 591 451 521 500 507 373 582 655 481 488 497 503 499 338 586 364 626 429 511 468 519 
261 645 636 499 492 520 490 525 215 699 548 508 560 513 482 501 121 753 385 455 560 495 499 505 
135 477 590 428 519 505 537 505 71 553 619 467 533 519 548 517 1 511 606 461 502 508 504 509 
352 339 523 453 556 501 540 500 340 347 523 346 576 488 549 523 194 413 612 469 527 515 520 512 
545 426 403 504 481 507 506 534 601 391 444 504 508 534 528 532 633 346 505 484 500 520 496 508 
591 309 357 417 562 495 501 520 633 292 304 423 609 493 505 513 641 297 303 553 472 522 514 537 
425 479 490 537 537 511 529 491 422 486 447 567 582 466 503 498 441 454 484 599 441 558 466 553 
836 330 296 516 479 505 532 511 1012 176 562 500 526 500 497 536 1024 272 721 519 481 486 523 499 
595 615 434 508 496 513 539 543 987 240 390 558 499 487 524 483 1011 275 590 531 514 528 525 516 
511 768 374 512 499 484 540 523 928 365 351 592 542 531 501 518 940 376 541 508 493 505 499 512 
547 621 432 536 493 507 490 522 805 423 366 640 513 513 530 500 819 450 503 542 537 517 496 508 
129 267 760 418 594 466 538 516 148 326 743 523 569 507 493 463 147 366 719 557 560 570 467 547 
257 495 644 536 486 505 540 508 412 653 447 561 499 534 504 505 499 555 366 521 517 517 514 519 
186 274 704 445 509 550 536 504 275 651 345 510 530 520 499 512 332 321 514 536 526 535 525 503 
126 238 680 468 501 505 516 511 183 499 554 552 524 497 518 512 197 298 596 478 500 545 529 515 
98 508 539 502 494 489 506 502 367 526 538 531 528 513 501 536 341 523 553 499 496 481 495 485 
384 525 527 537 534 504 493 509 640 416 477 484 545 503 498 494 595 418 492 515 509 506 524 518 
226 515 529 530 487 492 525 516 298 526 494 483 525 495 506 493 254 437 559 504 497 503 548 524 
178 338 519 524 508 490 530 488 182 410 573 490 532 522 537 509 170 276 474 606 496 516 502 512 
102 368 685 510 540 522 513 511 112 408 729 468 519 499 498 501 96 297 608 473 534 504 503 528 
173 345 603 512 480 510 492 490 237 461 575 489 515 501 522 519 198 366 625 503 497 491 490 524 
159 443 537 506 516 504 493 517 288 638 470 458 500 531 509 505 235 499 564 553 498 510 538 511 
116 511 633 489 514 505 521 502 145 623 575 538 493 495 521 481 94 447 603 518 511 521 545 496 
6 105 802 420 498 509 509 499 19 574 508 510 507 514 500 529 10 264 659 493 548 503 519 492 
2 78 765 456 497 497 498 519 9 542 523 561 515 505 500 535 4 144 744 492 527 518 512 514 
2 79 811 458 506 517 516 533 11 456 548 494 499 558 531 503 5 132 766 545 539 497 501 516 
224 218 359 560 524 503 525 523 340 117 297 674 576 527 518 497 247 202 302 560 556 499 501 499 
288 644 382 683 577 497 493 501 285 675 751 393 546 513 532 510 248 676 497 626 571 516 491 488 
344 602 704 529 499 469 504 515 228 735 711 517 488 541 525 502 82 789 413 609 514 544 505 532 
707 259 237 427 449 526 522 505 387 580 511 566 583 486 526 542 27 839 651 448 481 505 483 533 
670 345 383 588 533 497 520 541 648 365 231 563 484 550 511 488 67 786 842 657 441 506 500 499 
375 523 615 590 515 493 480 516 356 532 593 524 518 524 524 540 156 568 594 524 505 498 510 517 
299 590 647 539 525 506 546 525 265 612 667 532 479 517 528 513 169 533 496 459 509 524 508 539 
483 387 439 459 517 505 538 511 500 385 573 474 475 517 501 505 330 491 415 586 507 489 525 526 
561 649 446 585 461 486 513 535 512 694 697 387 455 526 543 484 454 737 429 642 466 482 519 538 
53 711 776 400 553 534 502 511 28 734 744 405 469 526 496 499 27 536 461 434 504 514 521 522 
3 643 637 503 471 505 502 495 0 640 571 543 503 537 519 496 0 384 488 487 485 519 465 511 
163 720 720 545 542 496 502 510 30 857 822 512 532 466 503 520 0 799 302 528 555 494 514 517 
540 429 374 329 354 460 539 515 72 920 822 755 507 457 515 496 58 894 463 523 604 546 482 520 
134 792 571 616 513 524 490 511 136 829 546 486 572 517 523 518 131 821 298 586 477 489 493 503 
329 655 470 502 503 522 530 516 339 672 466 495 598 478 506 506 327 584 522 552 513 529 503 456 
1024 1018 50 811 515 510 527 513 1024 1024 302 676 560 512 509 507 1024 1024 752 280 449 517 500 511 
1024 1023 27 812 450 491 526 495 1024 1024 205 790 609 548 523 509 1024 1024 759 266 419 517 510 515 
1024 1017 16 735 417 492 530 496 1024 1024 182 787 592 494 507 494 1024 1024 687 333 437 477 513 526 
1024 1014 20 690 431 546 518 484 1024 1019 171 787 586 544 521 484 1024 1024 645 373 439 525 527 540 
1024 1010 17 497 460 484 501 518 1024 1024 63 797 541 505 527 504 1024 1024 488 526 477 494 517 520 
1021 961 59 293 555 543 535 535 1021 1004 35 758 447 521 492 492 1023 1008 294 712 565 518 513 539 
949 931 119 431 493 488 517 513 978 923 127 722 494 491 500 506 1005 907 426 556 502 498 540 503 
826 906 246 460 556 510 489 509 877 882 219 746 484 519 532 518 977 792 378 554 559 525 491 516 
550 732 337 431 503 520 510 500 564 752 355 560 548 529 505 548 583 778 520 530 485 490 507 487 
430 777 364 467 519 505 500 505 471 819 394 568 523 532 540 520 512 816 498 541 522 514 521 525 
225 597 477 540 517 542 538 515 264 744 520 520 537 514 506 506 284 763 540 500 511 513 506 507 
132 444 615 532 515 484 499 511 226 535 615 535 523 509 507 528 258 488 624 514 515 502 519 513 
64 390 785 402 586 502 503 509 173 434 749 455 559 485 500 499 223 349 666 423 502 512 502 513 
88 502 584 512 519 528 531 513 170 626 560 525 523 522 515 530 223 518 529 452 534 493 492 533 
105 314 680 489 536 519 549 515 122 396 716 488 509 536 513 508 142 314 707 485 480 516 526 492 
76 247 786 473 537 516 501 523 150 296 750 485 548 492 489 476 102 264 795 381 485 479 505 512 
112 371 600 487 493 492 511 505 183 608 558 523 520 512 501 501 180 520 576 493 537 514 538 488 
347 450 735 513 492 529 532 518 368 675 624 546 508 492 505 514 353 502 728 452 492 521 495 513 
108 174 720 461 514 548 526 481 116 404 641 523 494 506 534 500 113 248 677 515 524 546 497 514 
258 220 479 435 484 539 496 521 375 120 370 653 585 482 510 497 294 191 381 553 618 496 504 499 
23 797 279 531 510 505 519 504 43 814 379 514 566 518 523 538 35 496 532 620 508 531 545 479 
295 737 608 453 524 516 518 507 191 838 692 447 470 492 478 519 80 874 255 452 518 506 503 503 
830 293 375 578 588 530 522 505 802 323 245 520 434 528 510 509 190 917 780 556 397 526 488 491 
754 296 475 458 546 502 495 513 736 316 353 538 469 502 532 535 280 745 656 638 437 538 552 506 
607 270 560 471 526 526 523 504 596 285 490 514 508 522 492 531 338 502 554 537 540 519 510 509 
823 268 556 447 484 489 477 509 812 280 346 584 509 532 488 503 335 732 664 599 549 471 494 508 
584 366 306 463 581 432 500 530 682 271 589 378 388 476 504 499 492 428 342 659 459 532 525 525 
502 527 401 591 515 507 526 509 485 548 539 507 449 507 508 504 303 699 423 576 452 489 501 517 
104 441 573 349 509 498 537 518 58 513 597 444 560 513 516 536 20 165 642 397 548 529 557 502 
71 234 713 535 487 485 513 499 69 244 693 576 508 523 502 545 49 91 490 590 584 508 518 512 
26 120 899 692 543 494 495 540 28 183 841 690 585 493 502 505 5 84 782 663 542 510 496 514 
128 240 788 680 477 481 504 515 165 346 623 571 488 533 512 493 162 332 611 578 536 531 495 538 
130 192 598 674 542 466 554 564 129 203 537 581 626 472 537 535 151 348 528 492 535 536 510 508 
6 550 437 520 509 448 507 510 6 625 351 506 505 492 540 465 6 420 573 499 562 528 442 536 
1024 1024 166 741 523 519 522 516 1024 1024 442 563 529 475 534 517 1024 1024 801 277 487 504 523 510 
1024 1021 118 753 483 528 481 515 1024 1024 389 617 516 551 519 519 1024 1024 792 265 520 535 499 509 
1024 1023 67 809 503 479 522 527 1024 1024 346 670 549 490 500 527 1024 1024 789 265 474 511 493 497 
1024 1017 37 800 443 548 516 526 1024 1022 262 726 588 518 526 522 1024 1024 762 274 435 519 530 502 
1024 1007 25 711 450 501 506 522 1024 1016 159 818 575 518 524 522 1024 1024 599 404 480 521 508 502 
1024 1020 13 743 405 501 508 547 1024 1023 137 857 584 517 512 483 1024 1024 734 291 412 500 501 541 
1024 1000 73 648 477 510 502 492 1024 1018 219 706 542 485 500 492 1024 1024 582 419 495 494 530 532 
1024 1003 35 631 470 510 513 541 1024 1020 134 819 543 492 487 497 1024 1021 586 435 480 536 540 527 
1024 1020 57 646 514 529 510 520 1024 1022 262 670 518 543 516 516 1024 1024 675 371 491 526 478 508 
1024 1008 26 591 443 501 516 508 1024 1015 111 780 551 523 534 516 1024 1023 588 433 443 497 518 508 
952 931 104 442 552 526 493 540 954 950 142 770 464 496 520 525 961 961 388 598 576 500 514 502 
790 831 211 479 484 500 511 499 791 909 157 664 546 535 506 488 794 939 341 613 468 515 514 521 
592 732 306 489 507 515 532 511 600 779 299 546 552 536 503 474 609 775 408 508 537 512 534 525 
523 692 435 493 514 496 515 528 577 688 414 530 514 511 521 509 638 673 419 534 503 525 527 509 
353 622 475 500 537 507 510 490 388 656 485 504 524 530 497 490 456 659 471 485 502 498 512 544 
152 562 528 456 589 549 507 516 160 601 559 378 575 503 522 503 191 592 595 405 537 507 521 495 
425 630 527 512 498 524 511 516 454 646 585 452 540 495 514 548 516 629 582 518 528 498 502 505 
1022 602 696 508 466 517 518 502 1018 625 643 572 532 494 514 505 1018 660 644 468 572 513 533 499 
764 350 435 478 496 492 504 494 705 404 460 508 538 506 511 503 727 404 415 527 517 534 515 511 
284 574 552 512 516 518 507 515 265 668 526 528 542 547 530 513 284 801 317 523 466 531 514 527 
614 473 343 483 496 504 488 506 476 634 454 473 559 514 505 492 215 888 762 530 484 507 537 535 
265 825 556 498 509 499 499 504 203 924 564 440 500 523 477 519 213 889 374 485 506 546 515 528 
386 783 561 541 494 530 503 497 350 846 542 370 531 487 504 515 241 942 315 590 544 522 523 517 
514 383 600 455 479 518 486 507 521 376 592 488 477 480 518 493 301 544 507 507 525 511 496 522 
409 190 630 585 533 522 519 483 411 189 708 553 539 492 517 518 317 230 549 372 458 488 501 484 
367 184 781 512 517 515 522 485 365 175 770 503 507 511 521 541 242 245 623 485 472 495 537 535 
613 351 436 357 577 484 557 524 707 288 570 422 427 516 524 525 587 428 354 628 449 549 528 508 
7 570 656 443 523 515 485 516 5 608 617 457 464 490 497 517 4 468 401 535 525 507 493 505 
0 733 307 293 478 576 442 499 5 903 133 319 516 564 482 561 0 17 910 152 595 470 560 496 
0 1024 44 467 602 574 541 499 0 1024 197 800 466 566 517 537 0 17 1007 383 609 530 516 507 
0 288 501 520 547 541 530 491 0 437 472 517 521 507 507 540 0 3 417 683 611 456 546 512 
176 118 558 409 524 538 494 511 211 85 513 438 508 522 531 499 246 55 388 545 541 502 512 512 
4 348 514 573 489 518 509 513 4 403 512 530 548 492 503 523 4 134 581 535 500 527 501 505 
0 803 162 551 271 494 451 579 0 807 160 628 302 657 469 465 0 507 447 418 705 389 426 450 
1024 1010 132 739 449 524 482 529 1024 1016 378 604 572 537 509 529 1024 1020 771 302 474 525 526 495 
1024 1013 135 729 445 488 505 505 1024 1021 393 599 567 489 518 505 1024 1023 783 286 487 541 511 519 
1024 1018 243 658 487 506 503 543 1024 1022 473 509 553 522 495 519 1024 1024 828 272 479 511 462 501 
1024 1001 81 709 403 529 503 514 1024 1009 213 766 599 527 513 505 1024 1019 705 321 401 511 488 518 
1024 964 91 539 479 502 517 510 1024 999 179 675 545 497 497 500 1024 1013 512 496 477 494 507 524 
1024 975 60 555 525 475 517 523 1024 1006 158 760 499 475 517 523 1024 1017 474 517 519 491 536 501 
1024 1019 6 629 467 480 500 512 1024 1024 105 799 568 514 516 496 1024 1024 576 440 437 495 494 528 
1024 1018 19 659 442 487 506 526 1024 1022 163 797 582 487 506 526 1024 1024 606 421 448 485 500 498 
1024 1009 33 610 473 465 507 495 1024 1020 155 771 533 474 493 495 1024 1021 585 440 480 486 504 529 
1024 989 40 544 471 477 518 492 1024 1019 81 774 555 485 528 522 1024 1024 488 502 466 484 496 502 
1024 1006 26 592 436 519 487 506 1024 1017 121 780 589 505 494 508 1024 1024 518 487 468 538 516 516 
1024 993 42 687 413 482 534 516 1024 1012 157 783 595 495 535 505 1024 1021 616 392 429 498 513 519 
1024 991 54 599 480 520 501 525 1024 1003 164 779 540 520 508 504 1024 1015 573 448 492 513 506 520 
1024 999 28 508 485 510 495 484 1024 1018 62 818 530 512 488 536 1024 1023 456 545 485 506 509 493 
1024 987 37 558 473 499 531 500 1024 1013 57 860 496 507 538 517 1024 1020 506 486 475 511 523 511 
983 986 73 500 482 515 491 509 982 999 113 797 506 535 495 523 985 997 505 513 457 532 494 518 
994 920 182 476 487 528 518 510 998 945 271 589 544 518 506 531 1000 966 573 476 510 525 500 490 
973 766 211 638 425 511 532 519 958 797 282 678 564 510 532 539 964 817 604 401 503 481 510 503 
889 794 207 442 524 490 492 540 871 843 209 692 478 523 521 502 888 860 434 578 527 476 529 534 
993 933 107 377 516 533 475 516 1001 980 113 618 508 549 499 508 1022 981 330 648 523 535 490 527 
819 731 354 517 519 505 502 500 871 876 206 587 522 504 497 487 962 805 359 621 523 541 502 497 
716 450 574 463 504 504 524 500 890 402 386 497 531 502 491 522 941 426 346 579 507 492 509 507 
527 423 678 409 525 526 518 496 657 356 586 518 518 533 512 526 734 324 367 687 420 498 512 509 
340 239 696 391 597 521 544 502 347 256 682 442 575 479 538 493 271 326 628 418 479 510 520 517 
395 517 501 412 574 497 507 502 392 594 465 554 545 502 523 522 348 626 541 534 548 507 517 503 
517 411 424 452 548 505 528 505 489 464 433 413 627 468 516 510 304 636 679 553 529 499 530 513 
590 545 341 471 498 493 508 516 542 640 340 434 555 521 494 513 310 866 546 648 496 505 532 513 
218 451 489 479 527 527 511 513 221 479 436 472 549 504 525 514 221 315 609 541 532 492 531 496 
162 398 515 544 464 520 509 496 164 554 346 418 472 516 532 513 165 246 531 393 544 518 537 531 
143 797 185 332 530 538 539 453 145 849 156 611 488 573 544 455 145 150 847 397 548 547 542 496 
33 152 408 629 518 481 534 517 36 186 409 550 526 524 516 506 36 64 330 652 539 520 509 540 
198 128 351 591 549 524 543 528 240 109 342 600 529 514 494 521 264 91 267 722 446 477 479 542 
2 425 451 504 464 531 492 507 4 477 486 482 531 504 512 529 2 164 475 550 498 512 523 526 
0 774 397 711 546 502 491 492 0 768 392 702 563 489 531 491 0 759 337 374 344 544 591 456 
591 801 320 472 527 548 547 511 826 662 311 601 510 506 517 508 785 714 411 600 537 529 508 531 
577 804 423 470 515 540 516 510 644 772 400 572 513 503 486 490 658 779 459 535 540 521 520 529 
402 826 550 587 507 503 507 519 364 869 559 510 520 512 515 519 379 860 604 509 489 505 502 504 
452 719 536 531 500 514 512 515 342 835 594 572 548 494 477 514 366 825 608 559 508 518 519 496 
736 812 315 603 495 506 501 524 680 892 402 663 550 505 534 508 702 888 539 548 505 509 511 535 
994 965 98 512 513 524 524 491 988 990 173 742 492 521 508 524 997 992 483 525 528 464 510 488 
1024 1020 23 682 431 490 485 527 1024 1024 158 821 571 496 491 507 1024 1024 631 401 480 486 502 517 
1024 1005 23 681 413 509 503 493 1024 1017 111 846 598 500 496 519 1024 1019 636 382 419 522 519 505 
1024 983 213 573 444 490 539 536 1024 1007 354 572 565 513 526 525 1024 1020 695 371 500 520 528 491 
1024 999 124 520 518 507 508 484 1024 1015 218 712 517 527 509 535 1024 1022 542 495 536 553 503 513 
1024 999 47 623 524 528 495 554 1024 1018 222 702 504 531 511 524 1024 1023 592 418 517 534 513 500 
1024 994 71 577 493 530 516 526 1024 1009 164 792 509 510 514 524 1024 1024 526 494 501 521 483 500 
1024 989 159 492 529 490 503 529 1024 1008 256 673 529 494 485 533 1024 1012 560 498 563 492 485 483 
1024 1018 15 647 507 498 527 494 1024 1022 191 759 493 525 509 529 1024 1023 631 394 488 503 535 495 
1024 1021 11 522 502 511 533 499 1024 1024 62 870 470 521 516 525 1024 1024 527 502 502 511 533 499 
1024 1007 26 627 540 535 483 494 1024 1019 151 784 495 495 531 543 1024 1023 584 433 527 520 481 481 
1024 1006 28 583 445 470 485 487 1024 1018 103 769 558 468 524 537 1024 1023 577 441 445 470 485 487 
1024 966 87 542 511 509 544 525 1024 991 170 748 469 517 517 499 1024 1005 551 482 511 509 544 525 
1024 1014 35 612 500 510 502 516 1024 1015 186 720 540 545 525 547 1024 1020 588 441 484 545 527 477 
1024 1021 10 523 511 524 489 514 1024 1024 91 817 482 494 508 514 1024 1024 528 501 510 525 488 510 
695 885 169 429 525 514 499 507 700 940 162 591 498 508 539 515 699 887 434 516 505 528 499 524 
485 548 507 499 615 491 507 524 489 628 435 686 501 516 502 527 482 588 544 684 539 522 527 507 
543 478 559 428 577 520 489 530 546 505 567 466 574 472 534 516 526 493 578 477 457 491 528 499 
291 360 665 576 489 514 513 512 307 388 639 554 526 488 497 474 282 348 728 458 527 510 513 498 
184 500 516 368 541 543 527 538 190 540 475 414 542 544 521 502 193 491 550 438 488 526 497 520 
242 443 561 495 574 550 503 531 240 490 521 540 579 527 550 503 243 418 610 582 563 512 491 500 
658 621 391 376 493 513 486 483 672 694 334 435 522 505 528 497 681 713 344 591 547 489 504 521 
870 630 384 415 473 508 488 516 878 726 307 473 544 526 511 499 919 756 293 639 482 524 499 495 
792 799 271 353 427 519 529 510 795 903 165 456 582 499 487 483 804 915 219 739 462 526 529 509 
1024 873 151 290 503 532 521 505 1024 998 35 578 534 516 518 514 1024 1019 304 649 447 507 514 508 
1018 908 117 163 474 475 510 482 1019 1005 22 493 548 489 499 540 1020 1017 117 853 464 538 511 482 
1017 674 282 358 461 531 516 483 1018 836 203 444 541 535 526 506 1019 878 313 665 527 479 529 467 
731 508 459 492 517 508 509 504 725 639 402 467 531 534 522 510 697 663 391 534 507 512 490 514 
150 825 699 625 532 483 478 527 150 867 667 681 391 489 530 509 151 875 648 305 602 473 525 490 
8 386 612 556 516 521 511 513 400 629 626 529 514 488 531 488 82 938 606 498 511 525 490 535 
25 534 532 542 514 486 528 499 481 545 547 500 484 537 518 534 253 761 551 485 492 496 513 522 
127 658 507 519 494 503 535 505 540 540 525 574 516 525 522 498 408 668 586 506 475 520 501 503 
340 714 383 494 499 510 529 526 526 768 499 588 504 520 509 496 480 824 538 569 497 511 513 505 
620 851 261 519 510 500 526 490 792 771 306 599 528 512 537 522 793 793 492 510 504 509 500 497 
981 921 130 603 481 498 534 498 988 947 232 709 535 511 511 513 996 956 549 456 471 527 512 503 
1024 957 92 695 421 511 497 484 1024 997 182 720 573 526 521 538 1024 1014 672 330 424 512 503 486 
1024 983 52 545 539 479 503 516 1024 1005 156 728 475 497 475 507 1024 1023 516 480 540 474 505 517 
1024 919 118 489 499 475 532 491 1024 965 140 684 530 485 518 522 1024 986 411 575 496 498 507 511 
1024 970 69 675 475 477 527 533 1024 993 188 748 523 494 491 480 1024 1010 610 387 476 503 525 552 
1024 980 130 586 519 517 497 532 1024 1008 292 622 467 514 528 484 1024 1018 661 384 538 496 498 535 
1024 981 113 449 531 491 522 517 1024 1003 177 707 481 498 520 529 1024 1018 453 569 527 485 489 501 
1024 989 33 462 494 486 506 505 1024 1004 48 818 531 478 505 522 1024 1015 435 568 479 485 512 505 
1024 987 43 441 515 505 512 492 1024 1003 76 767 515 485 509 516 1024 1019 418 579 525 522 500 509 
1024 989 34 660 416 538 487 507 1024 1000 118 807 581 537 539 515 1024 1009 654 364 416 538 488 509 
1024 1012 38 540 535 495 514 516 1024 1023 188 679 496 492 506 537 1024 1024 539 492 537 515 512 489 
1024 1015 74 629 533 506 510 517 1024 1021 314 605 491 521 527 502 1024 1022 640 420 517 509 506 522 
1024 976 71 449 531 501 477 474 1024 1001 113 708 508 533 512 503 1024 1016 392 600 509 497 494 515 
1024 979 85 501 549 531 501 506 1024 1001 176 710 481 554 497 537 1024 1013 515 529 557 523 494 484 
1024 982 89 555 498 496 514 511 1024 1011 177 715 491 493 520 505 1024 1022 569 463 483 502 504 517 
757 851 188 454 504 511 515 519 762 926 157 587 564 525 511 493 763 936 398 488 459 551 486 526 
628 658 423 571 515 509 530 508 636 704 464 629 569 535 514 507 640 765 607 450 474 559 513 556 
734 675 345 329 622 541 518 537 734 695 349 523 546 503 480 506 736 714 466 519 621 476 509 521 
773 715 309 330 536 529 508 508 774 775 276 634 491 496 514 509 774 787 394 645 552 516 496 505 
586 712 312 404 549 493 501 536 590 736 311 638 520 461 539 497 593 746 485 540 474 508 522 518 
778 923 104 340 519 514 517 533 779 959 106 549 529 536 537 493 779 932 292 631 515 510 527 524 
929 932 115 394 533 503 492 510 929 968 164 594 492 513 511 517 929 984 311 650 529 507 500 492 
1024 910 108 426 493 512 522 520 1024 982 67 686 505 525 554 532 1024 1008 312 617 498 524 500 492 
1024 912 125 505 445 538 531 481 1024 994 130 518 598 506 492 513 1024 1017 360 562 421 526 509 511 
1024 921 94 394 490 525 516 524 1024 968 94 651 531 525 514 508 1024 991 331 645 499 522 515 515 
1024 951 73 224 489 497 489 522 1024 1005 23 554 558 498 491 493 1024 1019 189 770 492 491 491 531 
1024 846 175 209 426 513 529 509 1024 968 57 468 567 493 512 519 1024 1009 114 815 513 489 488 509 
1000 830 221 360 451 547 474 483 1003 923 195 459 561 524 499 510 983 895 278 659 475 528 505 510 
843 631 376 407 470 513 525 553 873 664 328 534 503 465 524 455 841 676 360 476 472 505 508 529 
0 266 731 522 546 527 521 511 398 627 614 535 508 509 526 498 60 953 559 527 511 500 504 508 
0 264 720 521 542 516 506 512 444 581 580 530 458 499 523 518 55 960 617 473 567 535 506 516 
2 297 686 495 513 526 520 526 347 678 646 497 497 509 511 506 75 940 551 533 515 520 540 513 
4 476 523 546 498 504 531 499 330 689 613 511 512 524 524 511 143 871 623 499 544 523 487 502 
7 594 529 522 534 483 481 507 451 575 587 519 505 515 515 482 330 694 601 515 520 540 470 520 
89 695 508 505 534 523 511 516 517 527 567 509 532 524 518 518 457 589 579 510 525 514 498 482 
411 856 427 555 568 515 510 496 793 517 409 556 501 538 520 481 838 485 510 472 546 518 507 527 
646 842 323 585 494 507 514 526 888 645 370 548 495 497 509 535 916 640 503 506 528 521 508 499 
955 878 169 329 500 514 508 532 1012 867 122 549 570 528 526 519 1012 900 213 754 495 526 509 506 
1024 985 39 395 527 519 526 499 1024 1003 63 716 499 545 484 531 1024 1018 323 672 504 554 518 494 
1024 1007 17 503 488 488 519 493 1024 1019 44 830 511 518 507 531 1024 1021 493 520 487 487 524 493 
1024 993 65 609 515 494 512 495 1024 1006 182 751 515 502 525 500 1024 1022 506 511 526 515 508 524 
1024 1012 104 637 535 515 498 507 1024 1019 352 606 504 479 511 521 1024 1024 739 348 506 481 516 491 
1024 981 44 395 518 525 500 545 1024 1011 62 702 496 527 475 486 1024 1021 335 657 549 525 510 532 
1024 947 77 339 543 490 517 517 1024 999 36 748 436 497 496 507 1024 1022 282 672 574 487 503 517 
1024 946 97 331 601 513 506 523 1024 991 101 706 396 521 532 479 1024 1014 287 694 586 521 491 545 
1024 947 77 350 528 497 511 492 1024 978 60 755 459 488 537 532 1024 1006 294 689 522 501 519 492 
1024 996 35 515 499 517 515 507 1024 1007 95 827 519 496 508 501 1024 1018 473 540 490 545 515 523 
1024 994 35 610 453 494 486 531 1024 1017 131 740 553 494 495 513 1024 1020 576 429 461 495 486 511 
1024 999 81 630 515 518 521 523 1024 1008 241 715 503 520 498 499 1024 1018 650 392 520 505 504 525 
781 846 213 588 539 505 519 514 787 879 293 650 535 509 496 534 791 886 557 455 504 499 559 482 
759 843 185 384 466 528 529 519 760 877 204 630 514 530 517 507 763 907 374 588 526 525 500 524 
435 740 312 508 564 475 530 479 436 751 340 523 575 501 527 525 438 746 471 345 525 511 539 509 
564 776 258 451 544 539 471 502 571 794 268 550 541 509 530 525 572 784 454 442 477 529 505 519 
649 738 282 473 514 494 501 502 655 775 303 530 510 506 490 504 656 777 501 444 479 499 514 497 
1022 953 90 494 451 532 503 526 1022 1009 101 664 557 499 524 497 1023 1015 409 590 478 525 510 527 
1024 939 88 573 431 480 486 500 1024 989 99 762 544 509 511 524 1024 1012 527 453 432 492 502 501 
1024 953 77 523 520 528 525 515 1024 973 185 631 531 518 518 510 1024 984 430 563 480 522 514 516 
1024 928 189 399 489 479 527 522 1024 960 224 575 515 525 506 517 1024 993 416 551 525 510 510 513 
1024 968 114 530 537 485 505 520 1024 994 230 677 486 486 527 533 1024 1009 500 515 574 485 509 491 
1024 957 69 493 457 478 508 532 1024 988 82 779 530 520 493 506 1024 1003 419 573 505 503 501 518 
1024 954 70 570 473 519 512 522 1024 986 143 722 557 509 517 488 1024 999 536 467 477 509 501 536 
1024 975 55 409 532 486 517 510 1024 1009 85 718 475 500 525 494 1024 1019 350 633 532 501 493 530 
1024 983 49 325 668 473 577 549 1024 1002 69 835 332 455 574 472 1024 1020 300 700 666 474 579 552 
0 118 810 576 496 518 527 519 314 710 678 579 508 492 546 506 17 995 579 460 509 518 526 541 
0 183 775 549 522 521 528 503 449 575 575 548 489 504 505 510 49 974 646 450 519 485 503 524 
0 243 710 518 537 505 507 493 424 600 597 505 489 525 524 528 90 923 598 494 526 505 494 511 
2 367 605 532 490 514 512 502 456 571 547 535 514 475 505 486 134 856 588 510 524 506 522 515 
2 408 611 520 487 503 514 507 447 579 581 498 481 526 515 522 167 838 508 529 527 502 511 513 
2 326 656 549 510 532 525 481 370 655 619 545 502 548 476 491 118 891 573 464 539 504 515 510 
0 254 695 484 512 523 529 509 254 770 722 498 510 506 517 525 48 967 467 532 544 556 493 554 
2 454 583 520 495 496 514 498 374 650 616 524 500 531 490 503 146 875 608 517 494 485 510 521 
87 728 513 515 507 505 529 507 563 471 536 513 535 508 491 517 493 547 552 516 519 507 511 495 
381 770 503 490 490 490 496 516 866 361 317 478 545 499 518 521 876 376 449 546 513 513 494 518 
682 795 331 434 499 546 535 497 883 634 286 615 496 503 514 508 925 623 442 602 529 533 497 528 
877 809 231 587 462 517 477 531 951 779 241 683 568 536 519 484 985 792 564 449 478 545 511 492 
1019 965 63 457 516 518 500 525 1020 988 98 778 506 538 481 498 1023 998 466 543 515 535 492 514 
1021 981 82 627 474 505 485 531 1024 997 224 690 525 515 509 512 1024 1006 640 392 480 506 483 541 
1024 966 62 491 511 529 492 518 1024 1002 166 621 510 516 520 506 1024 1020 464 526 511 532 500 518 
1024 968 54 287 526 519 508 514 1024 1015 20 779 425 496 527 496 1024 1020 275 725 587 511 510 506 
1024 945 88 507 500 545 528 518 1024 975 103 816 440 513 492 538 1024 997 330 670 579 505 516 478 
1024 941 119 605 488 514 540 520 1024 964 220 713 539 556 498 502 1024 987 560 453 477 526 536 522 
1024 985 51 687 394 501 515 528 1024 1006 134 808 624 489 507 496 1024 1019 628 371 426 500 533 528 
1024 1003 118 676 498 511 492 522 1024 1016 345 591 500 510 512 503 1024 1023 744 318 471 516 497 511 
1024 984 128 552 485 508 531 485 1024 1004 234 663 514 498 487 536 1024 1013 552 499 509 514 515 490 
949 933 106 422 550 522 536 497 953 970 95 725 465 542 527 525 953 989 270 681 554 525 509 499 
798 896 166 468 551 524 499 525 799 918 173 707 520 531 509 489 799 927 390 544 514 540 513 516 
677 933 100 362 550 511 506 524 678 946 104 705 501 502 479 470 678 948 330 460 495 541 530 507 
788 959 185 633 536 543 503 524 790 964 437 519 473 521 486 511 789 956 663 335 556 530 538 499 
1023 1002 148 646 446 476 488 523 1023 1016 365 592 560 480 515 511 1023 1020 799 282 482 513 512 513 
1024 1000 136 457 541 495 463 535 1024 1023 293 553 443 494 560 520 1024 1024 519 513 562 509 492 494 
1024 999 48 604 420 546 513 503 1024 1019 134 722 584 531 502 522 1024 1024 602 420 419 547 515 502 
1024 970 82 486 582 534 524 509 1024 1001 187 715 444 527 539 490 1024 1011 500 507 533 525 506 544 
1024 970 92 507 526 513 519 510 1024 995 196 690 514 542 510 514 1024 1011 562 473 502 526 509 505 
1024 940 93 473 546 518 513 515 1024 978 121 739 488 526 501 501 1024 1004 382 593 514 528 515 527 
1017 949 71 461 527 489 532 517 1017 975 130 729 534 508 498 495 1017 995 467 538 483 524 482 537 
791 877 229 689 478 482 508 537 871 827 339 653 574 494 545 527 905 831 618 369 483 488 517 519 
691 747 334 454 550 530 514 532 828 644 377 634 477 508 482 549 866 684 530 530 546 489 551 486 
0 188 740 545 554 530 517 511 389 635 634 542 471 503 501 551 45 974 529 485 542 524 516 505 
0 84 827 511 551 495 498 512 234 791 773 515 476 502 504 511 12 1007 408 514 522 511 522 516 
0 102 722 534 567 518 499 514 240 784 736 522 458 504 505 519 15 974 356 502 523 516 525 505 
0 123 780 500 544 524 537 488 284 742 714 536 487 523 523 544 33 977 382 542 515 485 500 538 
0 133 715 500 533 478 504 504 233 792 713 502 508 506 522 521 37 969 363 534 493 501 495 527 
0 201 700 532 515 498 537 525 251 772 662 529 482 497 522 503 43 954 486 483 521 509 501 525 
1 175 735 474 517 528 544 521 219 805 744 507 482 483 488 481 32 966 360 563 529 504 516 466 
0 151 733 464 499 492 510 537 121 903 705 496 539 513 497 507 10 978 367 550 493 520 512 533 
2 431 595 507 513 508 520 502 316 698 597 513 534 511 497 517 164 821 555 504 519 481 514 493 
91 692 494 547 514 513 513 528 618 420 491 513 519 517 526 532 621 418 539 482 531 530 528 542 
96 761 497 523 511 527 485 537 632 396 482 486 536 518 520 522 698 344 474 514 502 501 501 515 
140 725 497 466 524 516 486 505 695 334 422 531 503 527 487 522 739 308 506 506 509 500 502 533 
177 746 557 493 516 544 518 528 724 341 437 518 496 509 480 515 808 279 465 503 492 517 486 499 
415 722 471 476 504 508 521 495 760 468 405 530 522 534 523 516 862 417 487 499 484 504 526 520 
841 747 267 345 522 496 520 497 972 656 206 542 544 483 498 502 1005 685 354 603 515 501 543 509 
983 873 123 286 573 518 512 501 1004 905 86 727 461 520 516 529 1017 917 340 661 568 495 500 490 
1024 943 96 490 600 498 509 505 1024 979 216 693 458 508 512 517 1024 1003 472 533 550 540 514 508 
1024 956 74 403 545 488 502 514 1024 991 79 775 445 512 522 502 1024 1011 346 637 540 479 486 522 
1024 970 54 475 517 528 520 501 1024 1008 55 804 472 519 554 509 1024 1017 419 564 529 514 509 515 
1021 934 140 656 458 525 507 510 1021 960 290 632 569 528 485 492 1022 984 680 342 463 515 488 531 
1024 992 50 566 489 490 497 509 1024 1006 133 802 526 498 503 517 1024 1016 533 491 483 513 516 507 
1024 1014 12 461 571 523 518 512 1024 1022 111 802 453 523 518 512 1024 1023 394 622 561 550 496 512 
1024 995 29 357 569 518 513 523 1024 1013 57 785 457 500 510 523 1024 1022 277 720 571 535 531 501 
1024 962 58 303 453 537 508 511 1024 996 49 690 533 530 513 513 1024 1013 315 675 522 516 514 511 
1024 969 99 735 442 541 503 504 1024 985 284 687 568 528 514 525 1024 997 778 289 442 540 504 499 
1024 984 52 593 432 508 486 510 1024 1009 134 688 595 525 510 514 1024 1018 577 431 432 508 486 510 
1024 1015 52 750 510 519 525 523 1024 1022 362 580 528 512 497 497 1024 1024 786 252 468 536 506 518 
1024 964 185 704 516 524 523 530 1024 986 508 483 522 508 532 523 1024 1003 786 286 545 511 510 499 
998 968 176 504 493 493 510 477 997 982 281 667 524 501 515 511 1002 991 533 523 533 502 507 532 
749 833 227 410 456 509 496 509 839 849 226 578 547 541 501 504 820 893 345 603 486 496 515 518 
465 871 325 428 523 531 484 516 797 618 299 611 542 521 469 503 776 654 443 537 548 500 499 517 
141 789 565 538 503 498 515 524 643 412 426 525 483 488 500 513 699 399 440 521 559 526 513 510 
74 842 621 493 518 534 515 519 675 351 385 489 523 528 487 523 793 258 476 510 523 521 508 512 
133 824 571 484 418 584 490 484 647 378 413 460 478 519 468 494 818 250 392 533 458 497 492 549 
0 210 738 520 522 505 488 512 402 622 619 534 504 492 540 523 43 977 600 510 518 515 511 530 
0 159 784 521 502 550 518 506 360 664 664 564 517 503 515 526 56 965 602 491 505 516 527 546 
0 70 805 477 528 516 486 518 192 832 773 543 487 511 489 511 5 1008 400 528 532 536 515 489 
0 42 725 487 491 537 501 511 99 924 746 470 542 520 534 529 9 972 308 510 506 502 507 507 
0 80 743 501 508 533 522 503 195 829 733 521 522 504 521 499 30 956 449 474 519 507 538 488 
1 124 787 524 521 523 509 513 259 766 721 526 494 537 531 536 17 1004 452 497 517 544 538 496 
1 137 785 469 554 505 530 528 279 746 724 555 473 506 498 494 18 1001 406 547 562 512 527 496 
0 111 773 517 528 503 511 483 248 777 726 546 500 520 549 522 30 975 414 516 536 536 487 530 
0 236 700 538 501 480 504 509 329 695 666 547 525 493 545 495 103 898 435 542 551 553 476 508 
11 380 613 517 475 497 497 519 404 623 589 509 516 518 514 498 209 789 496 489 519 500 517 537 
7 505 548 507 521 527 520 509 394 620 566 528 524 542 536 520 310 682 472 495 531 505 508 485 
35 494 562 504 491 529 498 502 437 603 546 506 556 510 510 536 291 714 527 513 537 524 503 516 
34 747 515 537 528 519 503 523 535 491 516 501 523 518 523 540 543 486 520 498 527 525 498 499 
137 777 551 511 512 512 499 510 781 262 421 528 537 521 518 505 749 302 520 499 517 494 510 496 
113 784 522 532 507 515 510 542 738 296 416 535 526 506 493 528 714 335 617 477 526 500 514 493 
236 747 553 505 529 530 500 476 781 261 410 515 522 499 509 499 856 214 516 533 521 520 510 500 
303 710 450 502 504 557 499 497 618 581 439 529 546 522 512 493 608 606 450 537 501 503 528 512 
560 822 335 431 552 521 489 508 796 669 311 603 454 494 514 478 788 701 367 650 605 498 501 513 
789 772 279 335 418 515 475 503 883 773 243 510 557 522 487 501 896 798 262 721 467 532 532 512 
1003 867 153 458 495 508 531 529 1006 923 188 712 565 463 484 487 1018 938 510 506 500 477 505 505 
1024 943 83 450 507 504 495 515 1024 998 113 778 500 470 511 495 1024 1017 490 499 496 496 515 543 
1024 974 50 419 529 525 468 517 1024 1005 100 758 482 534 505 506 1024 1019 458 535 531 510 552 520 
1024 950 118 659 449 497 507 523 1024 993 312 571 538 500 500 485 1024 1012 637 375 451 503 506 519 
1024 871 144 327 342 551 520 496 1024 949 148 417 643 547 511 507 1024 983 261 717 408 531 529 517 
1019 929 108 442 527 471 521 529 1021 967 196 612 491 480 528 507 1023 987 398 587 491 495 513 514 
1002 865 145 363 520 489 518 518 1006 917 144 645 476 501 555 559 1015 951 305 651 519 497 507 476 
835 766 216 305 534 512 497 513 871 787 222 567 494 506 525 503 904 817 285 720 583 536 524 530 
687 572 367 408 497 511 505 526 810 551 411 606 451 518 508 501 864 643 379 609 582 551 518 499 
655 376 439 506 508 526 508 522 858 242 555 503 523 524 523 524 928 381 533 520 503 483 490 519 
322 622 480 508 478 497 490 524 747 301 550 486 486 522 520 500 787 325 549 511 491 518 525 479 
63 765 510 522 501 494 536 510 558 470 495 520 512 474 509 513 541 484 499 492 520 535 495 487 
153 653 548 511 525 509 515 522 614 418 453 542 511 518 489 525 626 426 493 516 504 511 514 525 
137 772 564 539 518 516 464 510 590 440 480 509 525 529 529 509 762 311 477 514 544 482 494 510 
95 853 541 528 452 523 522 534 682 350 380 470 456 576 561 488 762 285 409 474 551 541 493 448 
1 72 751 492 504 506 497 536 151 874 772 527 500 521 489 548 10 980 334 518 500 500 523 501 
0 113 803 511 541 490 533 516 296 728 706 570 467 514 493 510 28 983 513 511 572 541 544 501 
0 96 781 517 507 513 524 506 218 806 748 526 524 514 502 516 29 972 410 535 509 522 506 527 
0 16 727 474 537 491 488 530 50 974 824 538 484 501 539 494 1 983 311 509 509 482 493 499 
0 31 819 442 515 500 520 515 91 933 905 524 497 501 515 514 5 1016 213 599 548 532 497 501 
0 53 795 481 547 512 524 482 131 893 847 535 476 481 515 481 3 1004 248 550 494 515 508 506 
0 69 827 479 513 503 493 508 173 851 834 544 500 515 527 509 11 1007 314 524 503 524 487 501 
0 68 750 518 542 542 499 521 198 826 680 551 482 530 513 461 8 945 374 485 506 538 524 470 
0 44 730 510 530 510 507 523 153 871 760 487 470 503 501 499 6 964 266 483 495 517 511 527 
2 93 741 501 525 527 515 507 197 828 750 506 505 512 508 521 17 972 331 531 542 513 503 514 
0 133 736 499 478 515 546 507 203 818 693 535 535 505 504 526 11 961 438 514 539 515 520 532 
1 212 727 490 522 498 533 481 311 714 642 538 502 513 488 504 39 958 545 490 516 523 518 503 
13 387 617 528 524 507 482 497 334 693 633 485 511 539 484 513 112 889 534 549 512 506 498 509 
35 528 550 474 490 502 507 514 365 640 529 487 535 521 497 513 258 711 549 538 515 516 481 515 
26 497 538 492 469 525 482 508 350 642 530 516 544 515 488 516 282 697 499 530 488 499 522 498 
2 396 585 529 526 524 516 546 310 704 559 542 517 526 495 483 160 816 530 488 503 506 533 503 
15 625 503 532 503 505 517 494 434 592 517 517 512 522 517 524 289 708 516 491 516 512 494 523 
23 611 514 536 482 500 494 507 423 576 512 485 511 499 520 562 276 708 538 534 486 482 529 490 
189 689 657 551 522 552 500 497 678 334 376 515 525 496 503 530 764 284 545 494 537 494 500 517 
372 663 682 526 475 514 508 494 876 188 345 516 552 508 495 523 1002 165 568 465 529 484 497 509 
639 605 416 468 538 511 525 481 872 407 407 555 491 527 537 525 980 384 492 550 502 519 524 522 
864 624 268 470 497 524 552 508 982 559 273 621 544 500 499 520 1010 608 492 564 502 497 530 481 
926 819 186 255 455 482 532 507 943 851 178 626 432 513 493 511 974 873 199 774 528 521 504 492 
699 682 388 360 465 506 520 502 808 671 285 481 556 537 505 520 843 721 259 679 499 515 509 505 
382 733 383 483 488 487 527 515 746 512 415 521 500 543 529 541 700 588 445 541 517 516 530 503 
393 585 489 493 495 479 533 494 753 297 521 518 544 522 505 494 846 284 585 522 512 529 520 518 
473 538 498 499 521 486 515 486 867 187 476 487 512 527 497 533 960 172 615 513 525 536 522 491 
400 596 523 502 513 525 508 510 846 203 477 513 546 481 496 502 935 208 611 501 487 533 521 518 
616 389 411 511 512 528 525 529 896 156 594 518 483 509 514 488 960 284 586 509 477 527 502 499 
597 406 363 520 524 518 516 506 854 192 603 492 522 543 498 517 898 311 596 540 512 518 508 524 
531 444 418 501 516 499 515 509 839 206 579 492 501 502 508 540 895 287 592 536 542 523 510 525 
231 706 546 511 500 522 529 465 719 310 459 531 520 550 540 502 801 258 562 510 538 527 533 505 
213 718 501 514 512 525 506 468 631 399 491 483 512 495 524 518 714 337 542 513 520 515 501 491 
37 860 416 652 616 419 559 475 707 317 331 418 389 543 469 556 682 338 348 407 404 446 514 497 
0 50 930 874 152 166 169 159 87 937 906 879 168 869 864 165 4 1005 152 862 860 879 174 165 
0 31 944 166 882 864 864 143 81 943 934 865 143 867 863 147 1 1018 108 856 840 168 162 143 
0 15 956 188 872 864 172 862 50 974 961 897 145 862 146 162 2 1017 106 867 881 173 878 164 
0 27 971 875 157 171 160 165 83 941 932 885 156 862 870 859 3 1021 887 145 161 159 165 883 
0 60 951 870 172 869 147 166 145 879 878 859 843 869 148 865 3 1021 920 153 156 875 167 873 
0 1 969 114 872 168 151 159 14 1010 998 166 854 859 863 862 0 1022 54 903 173 865 852 164 
0 4 894 161 168 159 874 847 11 1013 927 135 152 840 866 157 0 958 83 121 865 166 161 169 
0 9 934 155 874 156 168 161 24 1000 970 141 838 839 151 169 0 1011 54 858 139 161 178 845 
0 9 915 150 150 842 163 879 14 1010 951 142 860 151 153 882 0 985 63 148 863 880 168 859 
0 0 883 157 143 159 159 158 3 1019 928 150 189 833 143 864 0 987 54 136 855 867 159 168 
0 18 937 147 865 151 155 870 49 975 961 857 157 134 866 170 2 1016 74 872 149 869 861 164 
0 51 912 168 855 883 875 165 43 981 872 157 860 149 156 169 6 979 111 865 165 851 181 151 
1 85 926 877 166 846 863 865 41 984 934 128 867 866 161 875 5 1014 115 878 864 883 172 171 
9 881 175 159 877 156 156 150 137 891 890 855 869 868 870 160 77 949 865 152 853 871 861 161 
2 871 170 151 155 169 868 148 109 915 898 868 877 163 166 854 55 968 871 154 858 162 868 159 
0 124 878 872 857 157 140 861 117 907 875 867 876 153 176 166 52 961 875 167 864 166 156 877 
3 154 869 857 874 856 871 875 151 876 869 868 858 880 879 851 84 931 857 165 874 883 869 161 
2 892 170 155 161 862 869 152 905 125 160 160 860 168 136 162 100 917 881 856 177 158 868 869 
32 953 155 870 851 870 156 856 937 88 124 168 856 155 863 170 926 101 157 150 857 166 873 869 
41 970 904 155 879 167 148 867 971 55 104 874 160 163 141 159 965 64 141 876 174 171 860 853 
55 956 922 167 876 866 863 168 908 112 122 154 173 154 872 867 973 56 149 862 169 868 164 861 
132 891 894 866 867 861 152 162 967 75 110 875 160 159 857 874 1007 61 856 148 161 163 858 870 
861 162 177 159 153 154 162 149 978 54 112 881 177 871 158 146 1014 37 894 139 170 859 167 858 
83 924 899 878 165 159 149 166 948 83 102 185 870 878 164 868 983 58 163 852 852 173 863 166 
167 848 850 869 875 858 859 146 991 38 172 853 859 163 882 166 1014 52 907 153 852 141 180 860 
904 119 102 149 160 164 159 158 994 32 172 855 866 187 863 868 1008 56 926 158 867 168 845 148 
49 953 901 168 846 172 161 166 896 129 126 178 166 145 882 876 977 55 118 856 170 160 847 859 
112 908 891 872 870 161 164 144 933 96 135 150 882 152 855 857 988 65 133 872 883 877 155 159 
9 924 166 163 850 850 874 850 100 921 868 842 158 184 855 155 84 935 854 160 854 869 861 157 
5 908 145 159 866 148 155 160 75 938 892 161 865 871 872 873 61 953 879 163 862 164 870 851 
125 885 849 855 160 167 868 851 928 103 158 161 870 863 159 838 966 71 171 857 151 872 854 864 
37 917 166 885 864 176 856 166 901 132 159 158 849 161 164 154 149 874 877 865 868 861 871 163 
51 915 164 852 866 859 164 843 882 138 149 175 157 168 868 160 884 131 154 158 158 162 160 164 
33 943 132 881 894 168 852 174 169 852 841 863 854 875 147 892 105 897 895 901 163 142 890 890 
