0 0 829 190 543 577 495 475 0 0 931 536 784 302 582 485 0 386 559 485 232 270 575 524 
0 0 979 240 460 440 492 399 0 0 1024 636 927 148 565 395 0 477 547 525 166 179 331 588 
0 0 990 413 387 376 465 496 0 0 1024 752 871 288 564 499 0 495 529 519 253 288 558 525 
0 0 1006 353 509 495 460 481 0 0 1024 846 766 374 563 481 0 433 591 589 410 422 571 544 
0 0 1009 422 551 503 507 501 0 0 1024 945 616 445 555 501 0 398 626 621 547 522 450 523 
0 0 1024 471 547 538 508 506 0 0 1024 1018 476 533 503 507 0 304 720 720 707 607 454 517 
0 0 982 342 683 706 549 475 0 3 984 986 462 558 488 483 0 93 893 894 886 680 438 560 
0 0 922 550 469 454 475 486 0 0 923 927 434 583 515 488 0 101 820 825 830 707 390 538 
0 0 932 555 429 509 511 478 0 3 935 933 309 682 528 516 0 62 876 872 842 314 564 529 
0 0 943 355 641 576 639 490 0 0 944 868 196 480 550 508 0 0 944 908 680 334 412 540 
0 1 463 318 558 414 522 494 0 75 391 393 797 414 526 523 0 426 40 43 397 513 483 520 
0 1 366 361 536 306 522 496 0 58 312 314 842 404 517 472 0 341 29 33 566 454 532 492 
6 8 279 335 618 442 491 532 6 83 209 312 754 561 533 490 6 253 50 118 598 494 511 488 
13 16 207 325 562 366 482 542 12 33 178 220 883 371 444 510 12 153 55 64 633 419 503 511 
44 43 165 287 645 344 601 478 42 46 130 187 851 354 501 519 39 63 94 115 552 529 545 547 
118 123 163 240 683 489 466 505 115 114 101 158 805 322 564 499 111 56 107 110 465 543 484 459 
122 127 133 285 643 451 404 570 116 125 81 104 875 252 456 441 113 62 81 91 348 710 431 453 
224 230 250 388 811 564 533 518 223 213 167 173 793 375 605 527 218 89 154 168 449 585 585 539 
229 252 592 682 657 566 580 546 224 307 437 452 576 506 555 520 222 281 291 323 444 564 542 499 
100 162 200 286 835 452 354 465 97 123 175 173 830 258 664 482 96 57 152 166 303 749 587 471 
706 407 246 374 542 530 525 509 696 63 493 540 477 493 573 531 597 157 223 610 611 491 502 505 
268 408 481 635 661 506 495 501 528 149 231 211 483 503 510 502 347 323 417 355 520 554 509 539 
926 925 934 952 873 827 679 604 924 923 914 412 646 736 573 537 922 761 544 590 565 688 615 509 
973 972 986 982 942 923 811 491 970 968 923 98 455 648 554 501 966 633 352 352 344 613 585 521 
1024 1024 1024 1019 1003 987 921 551 1024 1024 998 26 374 705 464 606 1024 530 494 494 530 581 571 503 
1024 1024 1024 1024 1024 1008 970 728 1024 1024 1024 0 436 699 342 598 1024 617 407 407 499 539 463 525 
1024 1024 1024 1024 1024 1024 899 706 1024 1024 1024 0 433 720 475 533 1024 728 296 296 551 463 443 556 
1024 1024 1024 1024 1024 1024 970 738 1024 1024 1024 0 544 748 399 460 1024 816 208 208 485 579 425 668 
1024 1024 1024 1024 1024 1024 991 795 1024 1024 1024 0 608 672 480 433 1024 960 64 64 416 616 448 464 
1024 1024 1024 1024 1024 1024 934 389 1024 1024 1024 0 372 667 569 552 1024 1024 0 0 188 564 468 508 
944 565 259 580 498 493 455 513 956 160 598 698 622 498 467 493 902 128 665 392 471 483 483 520 
314 550 780 636 631 426 495 566 679 192 296 441 257 481 544 533 601 271 399 336 525 563 539 494 
1024 1024 1024 1022 1002 921 748 622 1024 1024 1024 841 563 662 643 609 1024 1024 484 772 676 596 560 634 
1024 1024 1024 1024 1024 1024 826 669 1024 1024 1024 712 312 440 505 510 1024 1024 73 663 567 446 521 583 
1024 1024 1024 1024 1024 1024 800 600 1024 1024 1024 704 320 478 498 418 1024 1024 67 669 541 460 412 561 
1024 1024 1024 1024 1024 1024 851 645 1024 1024 1024 704 320 480 497 620 1024 1024 65 711 535 546 551 519 
1024 1024 1024 1024 1024 1024 880 600 1024 1024 1024 720 304 424 600 521 1024 1024 87 729 569 505 481 498 
1024 1024 1024 1024 1024 1024 928 584 1024 1024 1024 800 224 384 543 442 1024 1024 97 767 558 528 554 421 
1024 1024 1024 1024 1024 1024 992 604 1024 1024 1024 752 272 432 650 614 1024 1024 192 704 448 592 637 441 
1024 1024 1024 1024 1024 1024 1024 233 1024 1024 1024 508 516 576 612 432 1024 1024 72 952 200 440 476 616 
886 491 401 656 479 522 506 498 922 454 310 582 439 521 540 500 882 311 435 477 533 489 504 490 
307 505 810 627 501 536 529 539 596 245 603 368 426 487 482 533 694 166 455 297 378 507 505 512 
1024 1024 1024 1024 1024 954 687 754 1024 1024 1024 1024 664 733 559 619 1024 1024 1024 496 698 658 677 668 
1017 1008 1006 996 1001 950 850 665 1004 1021 1011 1011 321 713 397 503 1002 1019 999 125 522 375 541 608 
1017 987 983 990 980 965 880 684 1015 988 984 983 273 744 443 443 998 997 995 129 512 373 580 581 
1023 943 937 946 948 930 893 689 1024 942 936 945 211 843 502 547 979 983 976 116 554 499 513 574 
982 918 922 925 935 888 852 655 1002 897 902 913 273 744 461 503 947 949 950 99 535 426 572 520 
986 927 920 926 941 888 818 710 988 923 916 915 242 706 507 503 916 991 975 135 569 498 541 600 
951 921 919 936 932 891 691 634 969 900 901 922 164 873 483 584 899 966 960 147 552 563 488 534 
999 958 958 875 899 874 501 531 1001 954 917 877 143 846 282 678 993 959 839 139 347 567 461 517 
17 609 476 471 515 519 532 526 55 789 488 504 472 467 510 531 97 818 416 492 494 540 510 522 
61 551 644 618 482 554 510 522 313 525 447 418 458 516 513 507 349 508 426 443 508 543 529 509 
476 822 695 615 596 549 534 551 523 847 675 617 635 573 595 557 471 896 534 596 618 579 566 567 
139 668 613 497 529 519 508 498 197 829 675 554 527 510 531 500 108 875 460 474 544 499 489 509 
199 823 766 471 493 541 510 506 251 773 719 493 519 504 507 503 111 911 495 539 515 473 485 491 
66 857 809 545 484 524 519 510 138 843 748 477 548 500 505 533 29 929 630 531 532 531 515 523 
115 889 828 666 505 505 505 516 267 754 709 611 491 524 486 551 147 874 732 477 511 500 512 474 
94 930 909 628 510 548 474 529 197 827 768 569 490 519 545 519 105 918 627 577 498 539 486 511 
64 960 957 833 578 518 496 484 126 898 939 801 634 432 484 498 100 924 896 687 367 545 528 500 
165 859 857 849 800 580 429 519 404 620 632 597 685 677 554 605 292 732 713 711 744 573 318 482 
28 629 531 549 492 504 514 509 83 692 584 535 529 467 521 527 133 690 525 501 515 508 502 505 
24 707 481 437 490 527 497 497 58 729 604 621 478 509 474 477 188 615 502 504 522 502 498 506 
659 569 706 634 596 566 556 492 745 565 581 678 637 598 617 539 546 772 711 663 607 609 541 533 
875 218 706 502 511 489 504 512 903 99 280 576 521 515 514 495 352 750 701 536 516 517 493 514 
766 239 570 487 525 508 510 514 778 59 242 679 448 492 516 470 251 568 742 507 484 505 462 506 
31 327 507 548 501 518 485 490 42 568 532 490 527 515 479 514 21 517 635 532 504 512 517 515 
37 567 452 493 523 503 510 492 166 678 441 528 503 495 561 528 127 680 542 477 529 490 507 538 
765 258 663 561 536 513 512 524 834 82 161 756 455 549 493 521 222 694 746 663 494 549 522 547 
891 99 817 695 494 515 535 489 922 6 73 847 403 531 503 515 173 755 790 732 517 541 528 481 
982 46 840 579 371 399 455 543 988 8 41 814 249 555 416 614 124 871 869 861 400 561 587 578 
0 295 557 530 487 501 482 481 18 735 384 493 531 542 547 506 46 766 627 485 520 494 529 524 
32 583 547 462 428 568 484 505 32 808 631 662 400 554 470 503 299 564 495 431 449 505 520 489 
519 643 651 678 651 591 534 543 607 684 718 692 710 678 669 545 773 748 694 729 694 700 645 554 
75 358 369 412 435 493 455 466 206 472 517 493 521 514 499 540 574 553 418 524 513 530 534 499 
124 243 318 457 496 480 504 455 166 279 464 512 526 535 521 489 394 627 488 508 501 496 525 521 
2 95 131 355 525 498 457 508 8 140 282 710 540 501 513 513 138 690 356 458 479 508 524 517 
27 244 318 417 450 489 453 467 71 255 456 607 498 485 530 546 194 437 622 459 498 484 523 549 
50 494 349 428 462 448 470 513 414 269 463 516 489 508 483 517 560 598 661 553 550 561 552 566 
10 346 336 389 452 474 483 513 100 369 351 594 482 503 535 515 160 504 599 475 546 500 525 527 
0 120 630 254 569 523 445 534 49 557 246 394 425 604 438 459 55 681 346 508 448 514 513 511 
0 108 320 437 514 517 503 532 0 237 416 599 462 532 500 522 9 294 531 581 511 508 533 496 
23 323 370 532 488 491 517 501 46 421 650 513 445 529 519 518 205 447 522 385 495 544 485 509 
202 327 411 493 541 501 527 532 261 457 556 624 599 563 565 539 455 660 585 590 589 570 546 537 
144 417 469 462 500 476 496 521 165 492 508 505 523 530 538 493 241 703 621 477 506 491 518 489 
96 302 332 480 495 480 535 477 65 373 364 600 498 527 530 505 90 732 423 472 522 502 540 526 
16 124 245 280 463 458 491 467 17 139 338 667 454 510 515 509 62 420 635 563 510 512 488 509 
78 199 320 392 450 485 514 497 99 272 439 501 519 479 505 485 181 508 576 512 505 481 521 534 
126 333 367 464 451 468 457 494 234 323 477 495 515 537 537 517 355 714 561 534 530 563 530 535 
410 312 540 522 458 483 507 499 362 387 321 564 445 495 489 494 259 568 461 533 484 482 490 513 
157 466 755 448 549 379 503 503 129 692 427 506 434 451 527 431 79 847 175 691 669 570 540 631 
9 314 299 430 493 482 507 484 14 346 384 511 539 511 520 499 17 428 395 507 561 501 505 520 
0 243 433 440 488 508 535 515 1 452 543 367 472 544 535 529 60 676 395 506 529 509 528 493 
0 16 342 340 623 481 501 509 2 115 520 681 558 524 512 528 59 582 508 582 483 497 518 515 
118 825 677 471 496 506 484 535 224 742 499 472 462 500 528 528 473 578 744 590 460 513 527 511 
11 835 357 585 528 500 497 517 34 860 395 570 505 518 501 535 287 735 614 447 522 511 539 508 
0 340 603 558 521 499 506 495 7 634 434 473 455 494 506 508 133 867 431 540 520 521 487 497 
0 336 570 585 519 535 516 516 1 637 363 462 475 515 532 502 59 905 532 577 499 504 502 523 
14 413 568 559 553 508 516 499 12 623 404 453 544 537 519 499 211 724 433 500 537 524 509 501 
2 961 932 514 538 526 519 508 0 954 406 532 563 480 502 525 0 976 401 386 513 497 548 513 
24 994 942 197 329 677 590 578 0 995 147 826 210 359 450 433 0 987 128 273 723 443 617 569 
0 760 265 345 530 530 539 483 0 942 86 351 535 512 499 525 0 1023 243 698 536 486 513 493 
0 518 514 502 562 520 518 509 0 922 126 391 549 504 495 519 10 1014 447 563 516 541 520 497 
22 482 579 571 475 512 503 480 45 812 311 526 496 516 506 526 105 919 701 504 521 497 508 508 
0 988 744 498 516 488 503 490 0 1001 687 284 400 561 461 483 141 830 838 566 510 504 505 496 
85 837 511 468 525 527 531 496 26 777 407 523 505 495 521 524 20 466 728 371 535 525 497 530 
11 634 388 468 455 505 488 531 7 244 630 613 629 611 534 517 6 63 409 501 497 478 499 472 
4 585 451 406 507 538 478 547 0 404 494 431 447 466 473 541 0 125 180 743 676 523 539 514 
9 556 456 452 461 526 509 524 0 537 420 435 441 497 507 513 129 225 402 576 548 496 510 514 
144 503 562 478 465 491 514 498 0 583 557 409 479 465 522 522 0 312 394 522 589 496 513 511 
55 831 491 545 645 446 579 511 0 689 598 401 570 501 510 695 0 483 638 532 355 506 442 496 
0 731 293 344 417 483 516 494 0 1009 15 194 563 514 524 510 0 1024 284 732 553 507 512 510 
2 612 515 589 551 534 514 500 47 956 195 324 455 521 525 503 130 894 435 626 556 517 499 518 
291 631 376 530 541 513 498 511 398 487 520 483 551 542 505 523 472 386 689 454 506 538 499 507 
215 775 396 357 508 502 515 496 0 840 458 466 419 528 532 514 0 188 836 432 473 516 521 497 
802 222 180 165 442 414 525 513 0 1012 823 186 355 399 438 521 0 4 1008 623 552 577 586 522 
132 892 496 783 614 556 538 511 0 980 268 401 478 542 519 508 0 19 910 350 500 572 520 520 
829 195 126 140 203 395 429 406 0 984 761 260 327 526 562 478 0 0 956 833 323 481 481 636 
421 600 352 453 437 508 524 494 0 1007 699 310 365 431 554 520 204 115 763 813 310 508 441 539 
948 76 76 105 434 564 547 476 0 1024 995 30 380 592 455 521 0 60 964 944 391 713 519 551 
1024 0 0 160 643 476 459 487 0 1024 1004 37 694 573 465 551 0 160 864 864 687 472 583 487 
0 138 886 853 588 486 542 516 0 597 427 463 491 507 523 529 0 1019 28 718 461 511 501 542 
0 550 534 615 549 520 499 490 3 618 482 514 480 528 483 496 23 643 426 554 521 512 523 518 
77 903 660 523 565 494 525 497 82 734 318 679 533 583 505 512 82 56 803 309 570 500 508 515 
111 913 913 885 645 546 500 447 0 1024 230 794 715 347 541 469 0 0 1024 104 733 418 456 571 
0 1024 1024 1024 560 859 577 538 0 1024 1 1023 959 527 389 567 0 0 1024 0 776 324 569 457 
2 1022 1022 1022 510 616 455 601 0 1024 2 1022 1022 403 468 409 0 0 1024 0 688 627 603 423 
0 1024 1024 1024 505 439 540 558 0 1024 16 1008 953 534 488 554 0 0 1024 0 1016 440 588 466 
0 1024 1024 990 547 300 561 424 0 1024 64 960 939 547 450 479 0 0 1024 185 838 470 635 564 
6 1018 1018 1018 601 315 570 485 0 1024 77 947 947 620 607 487 0 0 1024 226 798 552 585 539 
208 816 816 816 717 465 590 580 0 1024 212 812 807 679 537 485 0 0 1024 751 273 413 398 540 
0 83 941 609 485 487 504 529 0 190 834 846 566 487 508 492 0 972 67 273 557 461 494 499 
0 555 666 476 502 518 480 489 0 582 465 632 461 472 520 521 0 568 402 455 517 511 509 509 
149 855 437 522 525 528 521 504 142 878 369 575 417 468 500 496 125 501 770 445 464 521 497 508 
0 993 714 332 464 534 502 479 0 1018 6 662 261 687 588 508 0 228 736 257 359 607 502 492 
0 1024 900 624 383 440 550 543 0 1024 0 887 210 631 539 503 0 80 927 109 154 740 399 431 
0 1024 1019 358 644 250 446 540 0 1024 0 1014 194 426 607 479 0 0 1024 3 88 935 546 491 
0 1024 1024 185 839 450 612 526 0 1024 0 1024 423 348 388 499 0 0 1024 0 478 514 349 498 
0 1024 1024 351 673 401 506 496 0 1024 0 1024 455 521 274 416 0 0 1024 0 664 361 638 448 
0 1024 1024 512 512 512 304 568 0 1024 0 1024 480 544 240 312 0 0 1024 0 1024 80 528 312 
0 1024 1024 744 280 283 383 520 0 1024 0 1024 648 376 348 584 0 0 1024 0 1024 80 812 424 
0 0 1024 16 1008 997 997 36 0 0 1024 1024 998 37 36 31 0 1024 0 27 997 997 984 20 
0 21 1003 1003 991 1002 35 988 0 1007 17 26 42 994 990 36 0 1024 8 1009 22 987 988 36 
0 1024 0 1006 13 33 33 31 0 1024 29 989 988 991 34 28 0 1024 1016 32 994 31 998 990 
0 1010 14 16 24 35 993 989 0 1008 16 20 43 992 31 993 0 1023 4 996 28 28 33 37 
0 1022 2 2 9 998 28 35 0 1015 9 9 9 22 31 995 0 1024 0 35 982 998 992 997 
0 1024 38 975 1004 980 985 37 0 1024 0 30 978 980 38 31 0 7 1017 15 978 1011 19 999 
0 1024 1024 0 1024 0 4 1016 0 1024 0 1024 0 0 1020 8 0 0 1024 0 0 1020 4 8 
0 1024 1024 0 1024 8 1016 24 0 1024 0 1024 0 32 992 1000 0 0 1024 0 8 1016 984 56 
0 1024 1024 0 1024 1020 4 24 0 1024 0 1024 0 1008 20 40 0 0 1024 0 44 980 980 984 
0 1024 1024 0 1024 1024 4 1016 0 1024 0 1024 0 1020 4 8 0 0 1024 0 1020 4 4 8 
