587 616 556 542 537 565 555 546 612 605 585 535 548 566 513 528 548 643 569 530 507 497 489 515 
881 562 660 637 622 615 578 606 915 511 614 604 551 549 556 566 835 565 633 558 571 506 525 510 
836 438 630 573 566 572 543 563 861 369 657 565 539 532 555 526 799 412 693 539 539 485 562 527 
290 739 531 670 557 488 498 479 545 480 698 571 529 472 516 521 1018 8 251 145 641 518 480 519 
51 990 715 516 525 530 514 524 463 580 580 565 652 527 520 504 1001 52 38 341 660 523 545 543 
152 899 890 430 512 435 536 541 821 233 225 247 598 476 551 477 1004 66 35 777 580 451 497 556 
231 795 861 670 594 483 506 458 931 92 170 232 590 518 488 504 982 92 100 811 629 529 535 559 
390 582 616 586 486 514 524 536 825 102 241 294 740 602 579 524 846 127 445 518 540 480 413 460 
768 385 361 379 455 496 505 479 915 232 220 619 415 441 483 513 937 217 584 406 422 424 522 550 
959 115 190 599 368 461 499 407 990 86 297 702 493 561 527 613 1002 76 818 232 369 578 380 730 
136 491 488 520 481 486 501 506 292 705 498 513 524 499 528 515 213 647 484 491 522 502 517 512 
97 660 522 514 495 512 496 507 293 718 537 507 483 503 515 521 200 768 512 495 509 529 503 522 
40 533 533 517 507 511 487 492 132 797 513 498 495 501 502 526 71 676 506 517 472 552 530 511 
430 620 704 731 560 500 519 561 895 167 266 315 563 499 569 539 917 151 252 528 475 493 547 497 
880 257 364 608 525 514 513 512 912 244 368 622 489 483 488 509 922 252 326 633 519 496 517 515 
900 129 347 332 543 541 509 490 922 111 296 683 458 457 517 496 933 109 537 475 496 551 520 512 
330 241 687 529 492 491 481 479 352 252 633 631 531 482 502 553 371 176 749 505 520 516 534 549 
217 152 779 324 627 616 551 487 229 153 769 743 409 554 553 572 235 133 845 290 658 600 487 564 
889 204 520 642 479 480 471 489 905 187 575 483 520 475 496 533 913 185 797 337 570 511 506 515 
1024 3 1020 587 500 443 560 465 1024 0 1006 109 771 245 704 417 1024 0 1007 133 771 378 632 504 
4 186 627 483 486 537 528 492 13 510 576 542 522 494 536 515 9 445 598 521 495 505 482 510 
5 207 657 502 515 513 519 520 37 650 505 499 490 504 480 527 18 561 550 522 536 517 525 520 
17 224 539 481 497 487 524 494 84 565 554 528 526 501 503 503 48 388 570 507 514 510 488 497 
385 644 625 679 638 527 527 509 767 276 253 313 600 457 537 545 781 236 255 532 491 451 475 487 
550 675 255 589 525 534 516 499 544 667 222 621 513 464 523 505 541 677 223 595 507 512 477 519 
724 404 279 709 384 457 497 467 719 402 202 775 718 504 528 502 721 407 615 375 558 512 567 554 
531 204 540 810 346 460 500 468 531 284 445 686 673 499 545 514 531 138 849 574 456 390 482 507 
267 123 798 829 318 447 485 464 266 145 867 769 760 509 514 453 264 132 886 635 385 454 508 470 
787 419 434 624 733 596 546 500 771 425 757 245 290 632 419 527 785 429 797 632 312 359 523 479 
748 479 438 319 605 533 480 656 648 471 471 494 540 482 568 496 668 475 475 405 483 554 523 568 
7 109 474 531 485 519 522 494 64 285 698 471 504 518 506 513 22 238 662 457 494 469 497 506 
67 118 568 520 481 517 492 509 79 247 665 434 529 507 525 505 73 209 647 449 553 508 521 491 
357 532 509 506 518 515 516 503 321 531 440 457 475 520 534 492 328 515 441 479 504 527 511 479 
355 518 589 561 547 526 504 517 538 338 360 363 582 492 532 498 560 307 367 536 489 509 518 495 
431 743 352 539 436 506 486 469 424 721 264 652 513 517 515 500 447 714 350 601 457 513 535 497 
531 543 412 581 424 548 542 508 529 537 362 620 632 550 493 504 548 528 662 378 605 425 539 550 
553 319 429 763 544 590 506 483 552 490 257 468 576 535 497 563 552 194 797 574 603 476 508 526 
241 181 797 847 532 568 569 471 243 635 376 346 371 445 490 499 242 181 831 803 406 558 476 492 
753 438 575 578 605 547 459 440 740 441 786 230 299 688 423 587 745 440 867 681 286 495 590 546 
42 1002 1000 299 714 741 685 600 40 1003 974 58 794 290 305 633 40 1002 982 65 900 222 556 541 
97 535 493 473 514 502 515 492 680 425 513 497 538 543 518 524 346 624 527 491 519 502 503 500 
109 408 476 470 467 505 463 473 588 534 559 557 502 507 472 522 380 541 479 495 510 506 507 532 
37 810 312 530 495 508 498 513 32 796 276 523 538 531 516 491 47 863 302 559 510 504 514 508 
426 315 516 592 547 516 525 506 499 271 468 548 512 516 506 482 558 306 609 500 509 504 499 508 
562 177 367 553 487 524 485 500 568 223 359 561 528 505 516 502 651 260 697 423 456 509 530 500 
193 623 514 512 496 525 518 505 206 631 504 522 533 496 532 510 313 635 576 485 509 516 496 516 
531 445 377 588 506 481 507 514 537 502 308 403 514 491 524 526 544 285 659 526 595 466 509 491 
211 396 608 677 582 539 511 504 208 837 190 130 389 498 554 487 206 272 761 730 709 472 506 478 
1006 41 710 318 312 386 444 423 1012 35 954 88 198 596 544 489 1022 27 999 886 159 348 582 574 
1011 123 920 147 218 693 431 673 1016 119 927 187 778 477 536 574 1024 151 919 887 580 426 516 471 
687 833 797 772 754 766 773 297 916 791 806 811 801 772 754 319 842 805 784 789 764 758 749 299 
772 858 817 796 805 786 805 291 833 841 832 824 789 798 779 270 835 816 846 837 815 772 789 285 
661 801 699 784 713 621 518 508 653 768 706 769 724 645 525 476 677 762 789 723 696 674 537 505 
542 595 552 551 541 525 504 501 511 604 539 575 538 524 510 496 579 597 632 569 548 562 537 538 
511 492 589 554 520 513 542 518 500 460 569 523 541 506 521 518 554 499 598 547 579 525 540 523 
436 493 477 507 532 551 522 509 433 489 451 506 487 504 535 499 470 573 509 518 504 521 470 510 
838 300 605 522 523 512 510 499 785 276 668 515 500 510 473 523 800 336 627 549 522 507 524 480 
834 443 518 501 515 514 530 532 772 361 532 514 518 515 497 500 788 356 533 525 527 528 539 539 
692 183 479 672 640 523 477 512 693 254 458 535 573 529 554 510 700 270 741 342 581 488 479 533 
730 221 607 523 515 465 565 594 871 121 583 209 276 414 479 535 892 117 670 253 762 618 399 476 
1024 1024 1024 1024 1024 1024 1024 0 1024 1024 1024 1024 1024 1024 1024 0 1024 1024 1024 1024 1024 1024 1024 0 
1024 1024 1024 1024 1024 1024 1008 48 1024 1024 1024 1024 1024 1024 1008 48 1024 1024 1024 1024 1024 1024 1008 48 
995 976 933 862 747 694 671 528 995 973 927 857 716 679 579 506 995 980 943 873 770 727 723 613 
902 862 601 618 572 551 548 523 901 851 603 603 561 522 503 521 917 895 729 603 617 593 584 589 
917 833 606 638 560 568 537 559 916 831 587 634 575 579 552 498 924 905 735 594 640 571 548 567 
943 856 755 623 586 538 516 524 939 848 746 622 587 541 559 495 950 902 793 722 661 578 614 587 
1011 998 731 805 642 591 517 540 1011 933 782 815 808 647 512 549 1011 1004 733 823 839 795 582 682 
1019 1006 508 769 688 647 574 428 1019 951 550 679 721 619 550 464 1021 1007 523 756 759 738 699 576 
1021 1000 437 654 629 600 554 529 1020 923 373 586 593 567 570 473 1021 965 368 663 669 589 595 526 
1024 921 246 616 482 596 602 506 1024 662 397 439 560 527 545 503 1024 814 264 365 519 497 582 472 
