3 1014 653 429 486 526 529 506 34 979 944 491 531 514 498 505 905 110 113 539 545 532 501 496 
0 1024 694 351 543 467 466 517 42 982 981 653 526 436 468 517 1018 6 59 693 516 462 458 545 
4 1020 841 347 535 563 514 493 271 753 753 642 476 548 524 505 1024 0 279 688 461 523 472 505 
49 975 848 443 497 515 508 497 482 542 544 578 508 525 520 553 1024 24 474 567 492 524 508 517 
246 778 763 538 474 566 525 520 853 171 199 520 505 540 513 491 1024 28 829 532 506 542 522 528 
429 595 596 599 544 471 509 519 1020 4 115 667 506 486 489 499 1024 101 920 679 512 494 477 491 
759 265 268 433 493 474 496 473 1024 0 408 563 526 516 508 523 1024 414 609 550 517 509 503 527 
1003 21 70 564 508 511 514 519 1024 8 831 443 505 514 551 505 1024 819 206 355 538 497 528 515 
1023 2 435 590 534 499 516 512 1024 265 743 460 474 482 521 514 1024 1006 96 581 493 496 526 520 
1024 1 682 369 467 530 503 509 1024 326 688 653 514 480 489 513 1024 1005 139 714 536 526 495 501 
1024 19 841 413 492 481 479 528 1024 627 409 475 538 522 485 536 1024 1024 262 672 519 482 466 510 
1024 57 891 536 524 551 481 494 1024 882 183 384 507 474 564 559 1024 1005 542 494 492 500 550 537 
1024 377 652 559 538 489 503 504 1024 1017 185 580 550 489 477 511 1024 1024 790 355 566 510 527 521 
1024 308 659 641 544 478 498 532 1024 857 290 650 492 558 470 470 1024 926 775 401 540 462 515 552 
1016 357 534 522 485 522 535 498 1007 778 268 557 469 518 515 522 1024 783 689 399 485 499 503 556 
876 539 463 487 547 520 521 497 875 798 443 532 507 509 538 540 931 734 713 496 517 543 527 497 
855 478 493 487 514 508 501 493 871 652 464 497 539 501 505 524 861 678 549 547 526 508 533 543 
621 676 391 517 496 526 491 507 636 758 498 458 508 496 528 519 647 734 557 484 539 504 517 548 
1014 187 725 458 499 521 506 533 1014 302 758 297 501 503 452 525 1013 298 480 568 522 519 528 491 
1024 108 485 531 513 532 514 457 1024 175 527 474 531 494 520 477 1024 147 242 661 538 516 513 523 
1024 77 896 310 541 494 505 498 1024 55 845 254 504 477 486 500 1024 46 350 656 544 453 515 522 
1024 5 706 441 544 535 516 549 1024 0 658 390 510 492 528 497 1024 0 276 640 521 522 493 511 
903 166 764 443 483 531 520 497 934 93 723 446 523 531 514 512 944 80 256 663 523 491 532 505 
936 210 749 559 547 528 541 518 947 78 886 445 477 520 514 508 918 106 400 592 520 534 503 507 
903 690 770 691 654 611 623 628 878 684 748 656 632 610 601 597 736 636 606 551 529 516 523 530 
814 687 597 605 597 576 588 524 773 661 652 611 565 568 543 546 473 669 515 517 521 533 459 518 
664 818 607 616 606 619 557 596 844 637 616 606 549 583 542 569 483 637 499 514 513 503 526 512 
892 628 666 590 574 575 553 555 860 538 584 562 546 530 547 558 446 622 511 504 506 531 532 496 
289 558 588 565 506 511 507 526 281 737 454 500 515 496 507 519 106 455 619 620 523 496 506 501 
147 539 571 540 495 480 511 519 168 887 452 508 521 485 520 530 110 530 516 583 502 510 521 523 
611 565 592 494 480 512 500 490 656 776 497 496 527 524 481 504 617 614 491 568 519 505 484 510 
963 467 650 535 518 510 557 500 978 665 450 467 520 498 479 480 959 704 426 535 551 537 533 552 
792 582 687 547 525 523 505 469 818 614 607 529 546 549 517 552 811 686 465 668 514 527 563 540 
1008 498 609 541 546 505 533 523 1014 552 481 506 522 536 527 511 1011 592 508 492 513 555 532 524 
1024 912 308 444 543 458 498 620 1024 962 231 342 766 642 460 592 1024 965 344 556 664 516 521 511 
0 390 673 830 564 483 635 382 0 445 869 702 644 455 663 358 284 195 636 697 617 499 633 356 
0 610 661 566 511 462 517 474 21 596 857 699 519 525 536 496 473 236 379 639 492 468 512 508 
0 672 727 528 479 508 517 455 65 669 827 688 514 542 565 551 613 163 340 742 507 528 585 551 
0 824 769 411 520 479 492 575 224 576 733 655 461 533 517 477 734 121 457 631 468 532 503 485 
64 836 822 597 502 511 528 500 648 262 322 431 536 511 508 496 862 106 681 462 536 532 482 517 
249 744 719 563 491 517 520 488 858 154 153 527 472 524 518 509 987 58 864 535 491 524 497 540 
659 365 353 351 477 508 520 502 1022 2 135 708 563 525 500 522 1024 134 887 717 551 521 501 536 
880 144 146 293 514 518 503 529 1024 0 505 496 488 482 533 501 1024 448 574 534 493 478 508 511 
884 140 215 417 507 534 531 545 1005 24 716 369 465 545 561 465 1024 530 482 506 491 564 564 455 
980 44 205 566 521 520 532 519 1024 42 874 425 532 501 491 535 1024 848 207 370 518 529 516 499 
1008 16 360 505 531 515 548 497 1024 207 738 445 507 514 500 485 1024 853 240 497 488 516 531 527 
1022 3 542 561 537 465 509 522 1024 334 682 543 488 481 470 504 1024 990 231 507 524 479 506 504 
1024 6 702 482 528 516 514 526 1024 443 582 533 539 526 526 526 1024 1015 218 530 482 514 512 490 
1024 20 753 622 491 508 514 502 1024 613 417 557 534 505 520 518 1024 1019 417 489 525 509 505 508 
1024 343 667 574 498 505 512 488 1024 994 244 562 497 510 514 520 1024 1023 793 403 492 510 536 505 
1024 511 518 507 523 489 499 524 1024 1023 324 621 510 537 511 481 1024 1024 939 333 526 503 517 522 
1024 508 510 518 542 511 534 500 1024 1022 413 566 545 505 495 521 1024 1024 931 433 500 531 497 532 
1024 657 367 398 547 531 493 502 1024 1024 542 488 462 532 529 514 1024 1024 995 472 485 466 493 561 
1024 857 227 511 524 504 531 511 1024 1024 776 391 540 497 514 522 1024 1024 1017 596 534 540 549 529 
1024 797 229 371 518 530 525 517 1024 1024 737 358 536 497 529 513 1024 1024 981 510 512 475 534 516 
1024 841 208 479 505 484 479 532 1024 1021 607 441 499 502 522 502 1024 1018 943 568 530 549 502 525 
1024 801 257 508 525 501 490 528 1024 953 619 475 547 488 502 532 1024 942 899 523 537 540 520 531 
875 684 371 466 486 523 551 505 862 927 413 551 541 505 499 507 849 922 690 392 547 491 541 499 
783 445 567 564 511 518 534 504 778 466 603 515 545 528 518 522 760 451 435 574 541 546 494 475 
855 491 585 490 476 541 522 515 817 210 891 681 434 474 475 516 741 271 665 384 469 474 490 510 
867 460 594 518 516 516 504 548 802 409 533 556 501 485 494 541 451 556 483 479 525 501 525 486 
350 653 414 522 502 523 513 535 459 579 525 499 496 515 506 498 90 690 432 517 493 512 492 516 
371 538 540 523 500 509 531 519 476 619 517 533 512 505 475 506 194 598 503 519 509 501 483 495 
213 529 574 525 518 512 483 508 226 612 511 558 526 504 520 531 91 388 681 639 511 531 474 517 
433 611 517 554 531 526 475 526 452 622 570 481 523 509 484 518 315 616 484 499 492 506 513 496 
541 697 696 504 510 520 534 514 505 675 692 539 482 502 528 519 351 753 622 581 552 527 532 500 
627 650 713 462 538 545 511 546 535 690 728 589 505 526 550 531 444 747 687 538 478 533 515 556 
860 376 545 527 526 508 526 498 756 605 510 478 523 520 538 493 802 618 525 456 510 514 515 541 
873 611 415 506 517 508 510 517 817 659 425 456 500 511 496 516 745 736 663 491 524 550 521 503 
961 483 569 444 533 467 441 555 947 531 440 368 353 543 533 412 930 680 620 390 380 561 533 526 
53 373 666 710 649 360 660 452 36 640 445 487 531 397 556 495 19 769 314 396 624 362 546 389 
0 0 1024 976 480 568 920 592 0 64 960 960 872 544 424 592 0 544 480 480 528 544 448 96 
0 3 1021 928 459 531 892 558 0 34 990 995 872 503 475 552 0 522 502 511 503 497 472 126 
0 102 928 905 201 556 794 814 0 144 917 929 808 547 375 776 0 655 380 422 413 508 417 256 
0 144 913 878 340 347 764 788 0 280 791 782 714 344 268 776 0 839 232 226 321 334 281 246 
0 108 916 901 426 406 686 652 0 231 805 860 706 411 408 660 0 665 364 385 397 419 393 314 
0 201 839 810 601 397 662 701 33 514 532 552 512 402 345 707 76 772 259 292 567 438 352 357 
41 252 832 733 472 480 565 479 150 643 326 424 457 448 579 491 183 760 276 365 584 452 469 503 
145 329 719 721 471 440 545 528 258 560 478 445 486 469 546 474 287 830 234 415 586 455 517 500 
274 364 604 600 497 511 528 499 372 506 541 494 527 511 517 498 398 858 220 419 530 496 512 519 
403 331 628 568 501 492 508 525 503 507 564 499 513 514 531 512 524 836 262 482 566 495 496 527 
523 320 467 582 499 496 491 501 592 433 661 494 539 482 504 521 620 848 279 504 507 474 503 535 
610 299 426 601 558 501 510 538 688 396 693 614 484 489 537 500 712 883 246 483 522 499 490 530 
733 201 437 505 560 511 480 516 773 381 654 574 473 510 538 492 815 896 183 591 474 502 532 544 
789 142 686 552 530 543 506 524 847 563 461 476 495 522 525 510 885 931 289 593 461 580 531 487 
906 233 731 539 474 487 495 508 957 841 267 507 512 499 497 512 986 984 523 504 506 521 516 528 
1009 378 585 518 503 501 524 538 1024 972 287 558 509 533 524 482 1024 1022 735 471 499 514 517 515 
1024 549 477 512 479 497 517 520 1024 1024 360 581 541 502 489 502 1024 1024 872 344 539 545 519 518 
1024 820 211 481 466 508 516 546 1024 1024 670 481 526 527 512 512 1024 1024 950 453 556 503 549 540 
1024 701 324 436 511 491 501 546 1024 1024 485 539 504 531 507 478 1024 1024 988 460 520 542 491 509 
1024 662 362 431 533 539 490 499 1024 1024 366 644 516 508 526 539 1024 1024 983 331 524 472 484 519 
1024 812 223 436 511 490 515 514 1024 1024 673 446 555 529 521 536 1024 1024 973 428 563 575 506 529 
1024 660 364 436 506 474 497 546 1024 1023 497 512 503 521 507 498 1024 1024 951 340 487 510 500 532 
1024 636 391 441 544 530 511 527 1024 1022 380 575 514 509 516 529 1024 1019 868 424 494 485 541 511 
1024 581 443 461 500 529 543 531 1024 641 481 771 461 501 493 492 1024 600 771 319 459 526 491 510 
904 460 610 551 558 505 544 536 849 374 715 627 472 528 487 528 722 405 589 410 491 504 477 509 
747 619 532 531 517 563 521 533 726 554 542 515 505 511 502 522 378 616 470 502 515 504 517 507 
355 610 514 522 509 504 527 530 320 704 464 495 527 495 515 498 168 533 559 543 501 502 530 526 
183 461 607 571 513 495 526 529 224 678 448 569 507 514 517 526 103 409 622 607 476 517 475 536 
756 748 733 702 676 663 608 644 809 742 662 601 613 600 608 588 615 639 627 585 605 593 567 559 
1023 937 939 920 829 741 730 775 1015 885 760 732 730 739 691 670 986 572 784 718 649 651 683 675 
759 717 666 623 609 573 605 594 643 700 643 603 626 593 549 541 488 777 715 563 559 525 533 564 
486 650 573 434 527 506 525 526 331 701 651 459 534 482 522 540 218 806 721 437 489 514 499 498 
750 556 525 492 486 491 494 517 559 507 680 397 531 521 492 513 347 677 597 485 517 519 506 493 
960 177 327 520 692 510 562 539 463 589 633 569 505 582 444 593 128 896 909 684 529 520 542 402 
0 137 890 910 777 383 739 717 0 838 207 235 253 409 714 711 1 863 169 204 289 415 723 299 
0 0 1024 1024 792 248 968 984 0 792 232 232 232 248 904 984 0 840 184 184 184 256 912 40 
0 32 992 992 576 496 888 864 0 592 432 432 464 496 440 864 0 864 160 160 384 512 440 160 
0 32 992 976 736 464 896 880 0 808 216 216 264 464 288 880 0 1024 0 32 624 464 248 128 
0 64 960 960 648 408 864 648 0 1000 24 24 152 392 384 648 0 1024 0 80 912 384 152 184 
0 64 960 944 184 576 896 248 0 1008 16 16 248 576 832 248 0 1024 0 192 800 560 128 184 
0 89 935 930 512 683 810 352 0 1019 5 94 448 683 874 288 0 1024 0 411 620 737 214 416 
0 256 768 760 608 488 736 536 0 1016 8 264 608 488 736 536 0 1024 16 752 424 472 288 536 
0 385 639 639 508 451 762 624 0 1024 0 369 516 459 746 624 0 1024 24 799 541 427 278 624 
0 356 668 661 577 492 626 507 0 1017 7 475 641 476 594 635 0 1024 32 821 508 632 238 635 
0 503 521 513 588 389 677 467 0 1016 8 567 556 381 661 467 0 1024 136 707 519 412 331 467 
0 597 427 445 635 438 606 484 0 1024 18 611 635 454 606 484 0 1024 258 642 424 430 418 484 
0 521 503 509 583 558 623 544 0 1017 25 550 604 561 573 512 0 1024 288 530 478 555 401 512 
10 667 390 403 530 555 497 464 20 1004 83 678 540 462 460 534 0 1024 573 411 512 470 452 438 
8 917 168 424 413 576 497 516 46 964 211 699 521 549 490 526 28 957 632 534 587 540 514 466 
15 872 210 345 563 454 481 515 27 965 321 606 449 563 488 510 19 942 636 525 545 471 552 509 
57 764 303 486 556 499 484 498 88 912 351 580 513 517 516 515 100 912 616 565 514 554 447 490 
235 720 339 416 507 484 527 524 299 883 260 595 542 560 500 522 323 883 561 487 497 477 511 491 
885 586 425 474 499 512 511 515 927 906 472 507 527 518 490 527 949 951 755 461 555 502 522 511 
1016 676 350 511 496 526 482 520 1024 1011 579 473 494 501 524 513 1024 1024 863 529 572 523 522 512 
1024 839 215 429 528 506 514 504 1024 1023 553 527 499 516 493 522 1024 1024 921 463 555 535 545 511 
1024 756 293 479 530 530 491 505 1024 1024 561 519 487 519 532 513 1024 1024 942 486 547 517 544 527 
1024 694 331 395 497 503 529 531 1024 1024 447 529 531 498 492 481 1024 1024 876 396 544 479 535 495 
1024 711 322 471 534 476 505 535 1024 1022 530 489 529 539 504 513 1024 1024 929 405 519 555 542 516 
1024 749 321 530 525 493 506 550 1024 1024 462 524 511 537 514 534 1024 1024 888 343 518 530 514 558 
1024 588 439 498 488 508 519 486 1022 927 371 570 537 539 544 487 1016 894 668 411 558 531 494 484 
888 615 627 608 574 576 580 567 871 721 527 634 582 557 551 572 751 715 566 488 552 527 508 523 
604 627 635 607 556 560 565 558 543 674 567 557 538 542 541 541 367 512 555 564 519 517 509 497 
227 447 595 566 493 526 498 531 246 507 566 591 486 513 496 505 125 504 576 612 504 496 514 524 
783 926 871 862 796 757 773 717 836 926 860 851 845 808 802 753 805 908 873 786 814 742 745 779 
1024 981 978 985 935 836 733 685 1024 989 999 985 975 939 754 724 1024 1018 981 873 909 876 738 751 
1024 853 689 690 642 618 614 605 1024 768 638 651 653 599 623 605 998 665 552 613 587 585 621 623 
1024 664 564 606 530 516 480 519 1024 498 528 570 507 511 486 520 999 469 458 461 498 498 533 494 
1024 829 502 539 549 578 565 535 1013 656 415 499 545 526 496 507 1008 475 465 523 538 511 531 551 
1024 934 683 399 504 554 538 524 1016 566 431 456 652 561 549 376 975 105 722 388 474 406 468 507 
1 730 328 572 621 414 631 544 1 1000 69 321 540 432 573 638 0 927 100 238 363 498 515 413 
0 699 331 685 622 245 667 659 0 1011 19 199 448 355 629 695 0 1001 29 37 306 435 535 323 
0 664 360 645 640 579 730 640 0 1024 0 298 372 632 664 640 0 1022 2 7 408 661 582 384 
0 880 145 449 515 551 854 800 0 1024 6 500 446 527 818 544 0 1024 0 86 736 535 554 544 
0 1016 8 456 416 344 600 584 0 1024 24 720 552 336 592 440 0 1024 0 304 720 504 632 584 
0 1024 0 514 599 574 486 498 0 1024 81 783 609 533 554 398 0 1024 0 679 397 503 534 686 
0 1024 32 739 388 460 396 386 0 1024 332 662 484 433 580 590 0 1024 0 956 376 493 452 670 
0 1019 67 685 381 594 448 480 0 1024 391 633 648 607 490 384 0 1024 61 944 593 459 632 636 
0 1024 62 692 794 343 314 328 0 1024 731 293 346 408 416 392 0 1024 183 841 714 564 640 728 
0 1024 100 663 685 392 466 430 0 1024 591 440 545 464 573 496 0 1024 368 656 596 559 498 698 
0 1024 117 517 670 534 487 487 0 1024 661 363 505 501 505 487 0 1024 628 396 431 504 546 585 
0 1024 406 338 456 642 364 430 0 1024 760 326 616 554 524 462 0 1024 936 106 338 602 506 738 
0 1024 418 376 480 546 471 513 0 1024 778 346 540 570 487 513 0 1024 984 111 474 603 530 615 
0 1024 438 568 357 589 526 591 0 1024 960 298 389 605 574 655 0 1024 1015 450 553 563 376 643 
0 1024 546 516 636 522 428 512 4 1020 974 390 544 452 572 568 3 1021 1021 903 395 461 420 508 
13 1009 531 586 509 459 548 519 9 1015 1011 497 510 474 499 509 125 899 899 793 480 481 431 553 
34 990 660 659 472 518 476 506 180 844 844 483 547 490 436 562 217 807 807 807 576 471 450 458 
32 969 777 719 481 536 443 580 218 806 624 599 550 477 568 566 413 597 451 442 433 503 505 452 
68 936 627 733 460 623 432 595 223 747 595 615 565 510 591 601 400 590 476 376 409 488 580 433 
388 590 453 411 450 539 493 535 549 437 365 339 567 502 577 513 615 406 352 457 509 495 528 526 
555 444 406 374 488 480 513 544 644 449 350 423 554 487 461 534 652 431 420 576 464 563 521 468 
562 564 395 415 516 466 568 470 609 610 404 508 519 479 461 482 631 591 501 573 474 525 547 542 
575 532 407 446 513 495 519 517 624 644 357 538 485 542 481 533 646 637 532 498 486 507 517 500 
587 472 442 539 524 518 493 519 641 665 350 534 505 508 513 516 627 714 590 516 497 519 506 511 
704 449 557 550 523 492 493 532 696 708 429 540 507 488 500 524 710 742 597 451 513 488 492 510 
680 504 596 527 496 535 487 476 717 747 421 549 536 542 506 552 737 771 613 509 549 505 523 525 
711 579 494 502 491 529 496 497 761 802 311 620 505 498 500 508 776 819 566 470 485 499 506 486 
657 451 523 547 484 504 487 510 667 546 561 538 526 527 527 523 547 537 593 565 478 518 538 508 
369 605 570 538 514 518 540 528 392 549 614 596 540 515 518 530 232 588 564 569 522 518 491 474 
875 653 651 615 628 610 582 598 859 590 705 603 614 598 585 569 779 667 682 617 609 596 594 581 
937 612 537 554 545 554 552 534 900 629 573 522 523 533 504 525 859 621 620 522 518 511 499 506 
962 581 565 623 574 523 508 533 905 631 550 546 532 538 517 483 814 666 640 580 517 527 540 509 
942 538 558 570 560 596 556 534 816 593 619 527 530 520 523 506 757 651 527 492 536 540 481 526 
1007 502 464 549 568 531 509 531 1000 73 710 520 563 523 498 481 960 102 332 479 516 514 503 536 
1024 19 975 935 316 453 610 449 967 57 159 852 671 654 567 557 248 776 734 728 625 541 514 475 
8 929 266 762 641 579 650 367 10 988 145 722 685 567 398 393 1 876 191 334 601 434 550 435 
0 1024 392 628 458 353 772 298 0 1024 304 646 432 401 252 298 0 1024 0 68 797 655 610 414 
0 1024 444 580 514 570 676 331 0 1024 296 701 430 578 348 331 0 1024 0 423 589 445 485 437 
0 1024 521 499 471 523 666 350 0 1024 425 599 572 515 412 338 0 1024 0 712 349 477 510 430 
0 1024 816 223 552 549 663 389 0 1024 735 293 524 372 433 309 0 1024 30 854 488 483 524 499 
0 1024 984 239 520 574 689 361 0 1024 990 173 485 557 359 313 0 1024 101 898 572 450 689 361 
9 1015 983 478 314 636 728 608 3 1021 1021 338 506 500 456 416 0 1024 622 402 498 380 488 672 
51 973 973 706 480 417 708 446 12 1012 1012 472 638 641 372 430 0 1024 877 164 401 627 466 570 
104 920 920 850 472 498 716 524 56 968 968 670 518 562 308 524 0 1024 1008 72 556 508 534 464 
160 864 864 747 600 424 691 576 9 1015 1015 762 489 565 397 512 0 1024 1024 277 550 547 565 512 
260 764 754 574 566 536 613 543 46 978 978 862 528 473 481 531 0 1024 1020 492 469 480 552 481 
449 575 575 477 485 464 566 552 176 848 848 797 465 548 500 540 18 1006 1006 548 536 558 552 484 
596 428 428 420 483 508 496 519 353 671 671 661 431 588 537 581 63 961 961 667 616 604 573 445 
649 375 384 463 488 617 514 490 621 403 403 389 426 570 515 596 214 810 810 782 557 552 584 410 
714 310 310 586 449 420 568 573 728 296 296 325 557 598 432 565 435 589 589 587 479 570 561 467 
828 196 207 602 558 443 502 545 889 135 135 426 462 539 462 529 724 300 300 340 549 533 521 451 
883 141 358 547 482 465 400 494 1005 19 42 518 665 569 540 422 813 211 211 291 595 613 532 438 
1024 6 475 650 527 496 497 519 1024 0 435 486 499 460 517 519 1019 5 13 443 503 496 593 519 
1020 80 463 545 550 518 480 520 1024 0 485 623 481 485 479 526 1024 0 114 497 501 503 571 502 
1021 76 634 316 531 476 511 472 1024 1 577 597 473 513 501 504 1024 0 248 580 485 491 527 556 
1022 157 436 414 525 558 495 513 1024 7 633 515 533 537 538 511 1024 0 295 618 524 496 515 489 
1005 77 453 564 527 517 504 482 1012 26 535 597 497 542 552 534 986 38 388 489 509 529 509 504 
767 135 251 464 591 453 558 471 817 86 262 713 397 471 534 463 769 201 224 648 442 454 480 534 
804 85 226 573 545 577 651 385 845 71 299 733 558 578 499 533 854 114 157 675 425 569 520 663 
975 70 607 552 502 484 467 560 988 44 743 419 461 544 462 438 978 46 442 557 579 499 559 551 
1024 118 722 565 526 526 531 494 1024 73 871 458 558 519 482 514 1024 0 742 339 548 549 538 492 
1003 370 638 466 494 476 484 508 1002 279 732 456 535 529 472 501 992 45 870 460 508 487 522 519 
745 346 677 587 526 540 550 531 700 365 625 476 538 541 544 516 659 348 428 521 499 492 498 533 
380 646 625 653 581 532 582 529 466 632 685 647 574 535 592 480 350 660 645 598 536 490 523 475 
1024 1021 1001 972 883 839 873 827 1024 1002 960 907 885 840 781 781 1024 904 851 779 750 801 743 781 
1024 1024 1024 984 912 960 752 752 1024 1024 984 1000 976 896 768 808 1024 992 944 888 752 816 712 688 
1024 1024 1024 978 920 935 765 757 1024 1023 973 955 942 911 755 749 1024 969 960 890 894 800 656 715 
1024 1000 848 868 820 768 749 769 1024 858 813 791 774 767 751 683 1020 619 830 711 736 700 663 708 
1024 889 362 555 540 558 493 527 1009 462 488 418 505 510 540 513 937 87 685 376 508 543 490 561 
1019 37 850 164 466 352 443 471 683 341 374 349 336 437 621 618 48 976 889 163 391 644 407 537 
0 695 403 788 536 594 607 428 0 901 143 732 459 432 402 438 0 660 364 583 535 439 393 612 
0 1024 652 372 379 585 774 282 0 1024 533 491 490 525 250 282 0 1024 0 333 642 439 710 346 
0 1024 973 274 458 373 690 392 0 1024 901 125 494 440 406 316 0 1024 0 784 355 655 702 312 
48 976 960 400 646 535 730 450 0 1024 1016 138 735 483 470 330 0 1024 70 938 615 473 834 266 
217 807 807 619 511 555 555 487 0 1024 1024 617 474 617 552 541 0 1024 534 490 468 602 694 541 
267 757 757 722 590 517 570 519 48 976 976 914 574 503 470 679 0 1024 905 139 489 491 682 679 
578 446 446 538 690 665 584 510 181 843 843 843 715 655 444 582 0 1024 1022 197 681 463 676 582 
826 198 198 457 429 483 516 472 563 461 461 459 469 490 504 660 0 1024 1024 477 536 482 732 660 
988 36 40 518 532 421 379 344 815 209 209 219 519 401 633 676 10 1014 1014 741 547 415 685 676 
993 31 86 537 597 547 483 548 938 86 86 202 535 620 535 608 151 873 873 765 598 588 597 564 
1011 13 138 570 545 560 468 558 975 49 49 288 450 509 523 564 255 769 769 753 569 450 592 534 
996 28 388 614 435 582 374 572 1024 0 0 430 517 522 412 432 678 346 346 335 486 519 460 436 
1018 6 518 454 478 436 418 590 1024 0 0 601 485 594 466 430 784 240 240 240 413 612 478 454 
1024 0 335 613 545 470 466 539 1021 3 66 748 524 536 472 479 928 96 96 156 451 545 481 497 
1024 0 497 639 574 482 498 539 1024 0 259 674 507 420 532 503 1001 23 23 283 473 492 554 491 
1024 24 675 482 582 501 386 592 1024 0 507 508 486 559 494 480 1018 6 6 442 517 540 463 442 
1024 16 893 591 485 487 467 462 1024 0 848 321 528 475 470 544 1024 0 65 674 519 551 522 544 
1024 732 319 505 556 430 488 462 1024 210 810 673 393 496 529 484 1024 0 502 520 578 439 550 470 
1024 930 108 515 574 432 426 608 1024 548 476 493 442 603 579 578 1024 0 919 286 470 472 419 446 
1024 1020 40 580 513 539 545 515 1024 773 253 350 544 506 552 425 1024 2 1007 268 604 478 529 439 
1024 1024 157 597 605 554 567 413 1024 954 70 377 453 492 464 403 1024 4 1020 536 594 538 442 471 
1024 888 201 695 503 557 543 565 1024 728 244 390 498 531 519 517 1013 44 859 684 436 527 535 509 
109 128 898 888 628 250 817 362 103 102 923 921 448 649 597 730 98 684 328 314 274 266 290 345 
0 32 992 984 552 416 936 152 0 16 1008 1008 240 776 848 504 0 448 576 584 192 472 560 192 
804 816 263 478 527 530 483 535 811 746 290 447 498 519 516 521 809 248 772 623 535 505 533 503 
1024 993 361 459 462 524 562 481 1024 854 207 592 583 519 461 503 1024 254 769 530 492 509 460 513 
1011 978 562 472 500 531 547 492 988 950 323 517 523 485 505 529 973 462 609 540 537 464 469 508 
587 870 696 692 638 559 611 561 594 879 642 711 638 579 588 581 600 858 612 552 533 567 524 545 
662 759 618 613 617 620 608 639 684 755 621 598 658 645 635 597 627 750 560 617 643 624 608 613 
798 879 878 875 851 818 797 742 761 975 776 781 809 768 758 801 746 853 855 795 766 727 739 743 
273 367 899 878 678 681 772 490 270 818 452 446 447 483 438 679 283 390 849 865 740 452 448 404 
792 796 873 836 723 749 720 747 773 886 746 768 724 678 735 667 752 816 769 748 676 617 602 614 
1024 1004 856 688 759 669 702 703 1024 931 563 667 687 653 623 641 1022 436 888 674 620 585 630 604 
1019 735 561 507 465 489 514 483 934 521 406 541 509 522 509 535 785 240 651 501 459 524 507 477 
1014 346 738 395 620 436 560 456 1001 122 455 559 677 547 553 535 963 61 147 340 502 458 606 551 
0 671 429 752 540 544 526 465 0 988 153 628 532 499 455 461 1 823 209 468 470 490 469 532 
0 1024 900 131 298 458 686 382 0 1024 802 226 292 472 338 382 0 1024 1 538 522 566 686 382 
0 1024 1024 573 654 479 671 499 0 1024 1002 127 650 520 479 399 0 1024 59 940 533 507 661 399 
432 592 584 507 474 384 495 408 0 1024 1024 713 363 366 573 588 0 1024 558 466 483 467 657 584 
928 96 96 98 478 505 347 353 7 1017 1017 980 481 576 802 671 0 1024 987 44 481 576 802 735 
1017 7 7 371 563 394 308 348 499 525 525 524 520 405 702 676 0 1024 1023 500 520 405 702 676 
1024 0 29 892 414 436 379 397 981 43 43 187 468 443 652 623 59 965 965 882 398 443 652 623 
1024 0 139 866 622 369 218 326 1024 0 0 205 649 436 686 706 205 819 819 819 649 404 718 738 
1024 0 504 518 490 482 304 538 1024 0 0 708 394 600 566 558 604 420 420 420 466 600 582 558 
1024 0 897 129 269 493 249 649 1024 0 25 967 448 394 636 655 784 240 240 265 480 474 580 583 
1024 0 891 189 512 419 334 548 1024 0 128 871 564 656 560 668 999 25 25 89 372 560 664 692 
1024 0 1013 328 443 583 302 513 1024 0 332 691 611 561 491 487 1021 3 3 381 523 441 363 359 
1024 0 1006 469 495 496 228 760 1024 0 713 309 364 431 524 524 1006 18 18 455 476 509 496 492 
1024 35 988 682 521 489 520 534 1024 0 894 244 573 496 488 522 1024 0 70 706 447 496 490 510 
1024 258 765 721 473 519 446 528 1024 5 1011 491 526 485 507 554 1024 0 263 741 489 486 504 556 
1024 537 487 490 463 484 508 478 1024 3 1021 751 526 520 504 502 1024 0 490 531 472 472 464 478 
1024 769 255 261 450 508 440 439 1024 60 962 828 540 402 518 379 1024 0 531 495 531 422 497 573 
1024 1008 150 758 497 400 452 593 1024 842 182 251 569 437 572 421 1024 0 961 154 521 432 565 511 
1024 1024 620 430 571 566 501 467 1024 1022 2 617 398 552 542 489 1024 0 1022 640 384 580 630 489 
1024 1024 699 333 475 494 543 463 1024 1024 14 825 404 495 572 553 1024 12 1012 822 417 503 559 491 
1024 1024 872 188 614 473 632 380 1024 1024 3 986 487 474 660 576 1024 2 1022 988 491 475 734 552 
1020 968 618 414 515 468 532 514 1019 876 209 696 516 544 540 530 1012 114 823 689 493 549 506 538 
23 124 901 859 631 358 734 359 16 51 977 967 462 563 694 571 14 593 436 486 507 303 449 337 
0 140 934 942 676 348 830 235 0 149 919 934 421 634 861 429 0 466 569 653 497 355 606 295 
943 928 800 334 541 448 548 551 941 927 490 528 504 550 475 454 936 639 423 379 463 472 526 560 
1024 1024 1016 508 603 416 595 534 1024 1024 927 186 448 583 455 490 1024 958 66 132 440 420 583 566 
928 911 897 781 581 561 659 555 868 950 924 398 507 541 515 534 848 901 219 341 473 464 604 601 
131 389 735 723 557 461 634 386 182 307 711 702 556 436 615 395 125 361 737 729 581 460 671 393 
698 803 760 765 722 693 639 699 679 847 713 734 686 695 651 648 665 812 672 700 638 638 673 611 
349 913 427 493 613 533 547 543 267 955 356 527 552 568 599 651 238 665 535 597 677 570 455 440 
0 184 840 840 808 880 784 272 0 792 232 232 248 288 256 880 0 0 1024 1024 880 192 112 144 
603 709 871 824 754 776 737 674 620 893 669 683 678 643 650 627 636 709 828 754 722 643 617 645 
1024 1024 757 556 566 608 614 593 1024 887 445 742 559 554 586 507 1023 257 903 686 519 565 574 570 
1014 673 507 481 534 510 503 508 939 454 459 443 539 495 515 505 760 265 584 522 474 496 527 504 
1024 1013 760 675 538 498 445 649 1024 770 372 674 421 591 545 511 1023 76 708 483 554 396 440 557 
0 617 525 708 595 486 574 560 0 818 264 716 548 534 475 555 0 744 288 528 510 556 522 495 
2 1022 946 247 426 532 728 376 0 1024 899 136 480 583 364 292 0 1024 10 848 261 540 780 280 
115 909 909 651 722 493 605 544 0 1024 1023 332 638 598 550 386 0 1024 252 766 647 543 688 354 
783 241 241 243 181 705 336 325 18 1006 1006 959 270 604 743 707 0 1024 939 85 222 556 839 707 
983 41 41 87 598 475 423 417 106 918 918 911 726 580 646 479 0 1024 1017 113 598 580 646 479 
1024 0 0 791 240 304 264 312 933 91 91 91 150 404 752 648 0 1024 1024 869 214 404 752 648 
1024 0 236 756 554 569 453 508 1019 5 5 325 602 539 549 516 284 740 740 735 626 539 549 516 
1024 0 496 524 533 576 334 474 1023 1 17 650 507 648 578 546 567 457 457 463 529 648 578 546 
1024 0 836 208 388 528 330 549 1024 0 26 951 489 420 633 615 934 90 90 108 392 478 560 553 
1024 0 990 116 552 449 454 533 1024 0 237 779 529 591 564 569 997 27 27 133 502 585 603 571 
1024 1 1009 313 565 565 497 508 1024 0 585 439 500 502 600 618 1017 7 7 368 580 495 592 614 
1024 37 983 692 472 491 389 563 1024 0 898 180 491 554 467 443 1016 8 9 659 457 586 483 507 
1024 238 786 751 524 538 462 443 1024 0 1019 270 547 476 536 471 1024 0 71 886 587 500 528 519 
1024 358 666 656 563 475 491 517 1024 17 1006 694 440 499 508 523 1024 0 243 760 613 491 503 557 
1024 825 199 245 569 457 484 549 1024 163 861 814 462 535 492 485 1024 0 702 327 457 543 480 533 
1024 1008 16 151 540 419 626 456 1024 428 596 596 576 505 410 432 1024 0 943 142 446 507 408 444 
1024 1007 29 214 576 470 613 434 1024 589 435 437 476 449 502 492 1024 0 895 157 432 491 487 442 
1024 1001 62 654 525 515 505 536 1024 722 302 344 511 526 520 446 1024 0 830 284 482 518 525 444 
1024 1024 509 518 506 591 439 553 1024 1022 18 556 504 593 577 477 1024 11 1011 562 515 598 559 469 
1024 1024 813 224 364 581 436 616 1024 1024 46 932 431 623 652 408 1024 36 988 941 413 595 676 408 
1024 1024 981 129 675 703 704 317 1024 1024 259 757 727 719 653 707 1024 222 802 793 758 713 672 669 
951 975 760 212 500 592 618 500 947 854 446 575 524 510 519 493 941 276 708 590 572 549 573 587 
0 66 958 918 407 506 658 579 0 93 931 927 610 431 417 681 0 924 124 327 537 393 527 641 
63 195 914 879 587 350 703 360 45 225 919 883 382 672 641 612 26 679 471 441 411 395 494 462 
1022 1002 898 531 593 518 545 530 1021 989 791 217 522 560 522 500 1020 881 135 198 591 516 536 504 
1024 1024 1024 1023 768 545 712 600 1024 1024 1024 676 445 504 439 491 1024 1024 0 587 487 454 645 556 
813 894 847 846 785 709 711 735 774 824 867 810 507 556 419 475 711 812 289 711 402 517 609 565 
74 217 835 846 319 703 827 192 57 204 874 874 254 765 848 258 61 248 812 805 248 704 762 188 
641 708 896 868 814 671 777 650 650 705 907 882 829 699 818 683 654 731 864 853 788 627 770 667 
211 840 454 442 599 561 506 526 116 981 344 254 377 487 574 655 83 665 387 484 526 471 319 389 
0 498 526 528 670 622 518 540 0 807 217 217 260 354 513 774 0 65 959 943 772 436 248 256 
763 881 844 860 772 751 720 739 775 928 832 829 823 789 750 711 793 914 801 746 728 700 687 672 
1024 1021 776 470 596 552 577 535 1024 989 377 632 575 501 529 503 1024 336 709 627 516 513 512 480 
1019 694 548 617 553 558 524 508 953 521 524 507 494 477 497 533 793 276 634 491 494 492 519 495 
1024 1024 1022 1013 928 271 904 532 1024 1022 1003 892 262 437 612 521 1024 963 101 145 780 378 380 584 
0 551 588 645 539 535 578 492 0 647 418 727 552 491 467 492 12 790 357 594 462 511 490 557 
2 1022 958 250 466 525 724 358 0 1024 877 173 500 538 364 290 0 1024 17 865 310 516 720 290 
197 827 827 692 635 407 550 500 1 1023 1023 455 555 575 678 484 0 1024 430 590 568 504 696 484 
880 144 144 152 283 552 348 329 31 993 993 947 313 505 707 695 0 1024 978 77 313 505 707 695 
1012 12 15 386 532 341 469 542 369 655 655 652 615 560 685 418 0 1024 1021 366 566 560 688 548 
1024 0 29 768 494 499 455 456 932 92 92 136 521 515 635 576 44 980 980 888 513 523 635 576 
1023 1 552 463 460 469 440 569 1009 15 23 686 458 516 585 587 632 392 392 379 453 514 555 583 
1024 0 901 201 349 536 364 561 1024 0 87 888 615 441 572 589 924 100 100 128 515 505 508 525 
1024 0 956 152 589 495 466 532 1024 0 386 617 495 456 553 578 944 80 80 189 587 417 591 602 
1024 0 1001 464 511 549 470 543 1024 0 694 333 442 462 543 545 1018 6 7 483 514 462 543 545 
1024 9 1015 774 446 445 401 621 1024 0 938 172 568 532 479 501 1023 1 13 772 388 524 495 477 
1024 288 734 684 615 482 444 496 1024 0 1001 489 499 486 558 508 1022 2 161 781 580 474 551 538 
1024 454 570 565 514 506 517 519 1024 15 1007 742 433 517 504 541 1024 0 315 690 560 526 502 541 
1024 704 321 338 472 461 529 499 1024 12 1012 912 452 528 491 504 1024 0 556 460 442 426 406 454 
1024 913 111 393 517 581 413 614 1024 196 828 802 694 428 505 538 1024 0 890 155 500 494 415 478 
1024 1011 15 540 453 464 431 592 1024 445 579 573 574 582 605 580 1024 2 958 134 637 442 390 378 
1024 950 74 438 522 474 421 577 1024 341 680 632 606 591 603 577 1024 0 847 196 504 490 451 469 
1024 921 103 276 517 607 471 467 1024 140 884 754 497 525 529 511 1024 0 434 573 479 521 474 541 
1024 1021 57 647 516 502 524 500 1024 776 249 338 591 482 515 550 1024 0 984 141 556 443 546 516 
1024 1024 351 626 426 564 573 481 1024 1024 10 508 539 565 568 535 1024 9 1015 487 553 533 627 385 
1024 1024 678 360 538 436 564 484 1024 1024 114 853 466 426 540 492 1024 181 843 774 498 407 534 532 
857 862 587 432 492 609 564 506 852 788 299 669 440 514 460 499 845 286 648 693 543 593 517 524 
0 154 870 761 519 497 544 503 0 448 576 593 521 527 508 530 1 1013 227 529 547 509 541 501 
171 277 822 800 641 352 686 439 149 304 830 779 560 524 566 553 140 598 550 530 475 441 555 501 
1024 1024 977 366 541 557 626 621 1024 1024 753 270 635 515 387 482 1024 965 59 105 517 612 530 672 
1024 1024 1024 830 492 516 602 599 1024 1024 1016 413 545 448 502 500 1024 1020 4 331 585 464 578 588 
741 811 810 736 622 568 566 586 735 848 748 614 479 498 524 520 765 732 323 616 489 544 513 534 
48 405 645 639 542 534 502 471 124 399 721 658 522 536 544 506 255 287 660 638 571 526 494 458 
817 853 889 821 755 697 693 686 838 876 855 837 750 737 713 655 853 863 824 759 712 690 656 637 
402 891 419 458 698 701 448 694 286 968 341 413 465 707 703 724 238 792 394 411 374 416 425 399 
167 915 238 311 594 539 488 543 149 836 299 341 369 517 565 544 140 331 798 800 722 579 446 477 
977 999 978 965 858 840 818 828 979 1004 968 921 896 852 787 803 984 948 896 860 799 739 746 718 
1024 1006 666 494 542 548 564 578 1024 913 424 508 508 500 461 491 1024 382 564 470 478 542 541 547 
1016 631 645 660 607 556 576 566 908 585 628 549 589 501 561 503 769 449 629 517 520 540 507 548 
1024 1024 1024 1024 1008 1000 717 763 1024 1024 1024 1024 1024 1014 1015 454 1024 1024 1016 1016 999 676 722 806 
0 660 503 606 527 491 503 492 6 914 321 644 506 527 468 525 16 781 359 598 483 534 506 534 
0 1024 970 101 549 614 687 352 0 1024 870 170 561 521 337 352 0 1024 2 899 607 410 559 480 
341 683 683 625 334 423 571 468 15 1009 1009 741 377 401 490 566 0 1024 603 436 479 498 664 566 
851 173 173 188 352 643 326 346 30 994 994 980 399 661 720 806 0 1024 1010 44 271 789 848 806 
1024 0 1 428 534 455 414 442 608 416 416 421 407 517 648 566 5 1019 1019 555 447 517 648 566 
1024 0 137 754 638 592 595 634 969 55 55 263 577 436 633 398 208 816 816 761 585 404 665 622 
1024 0 749 307 521 468 412 538 1024 0 36 930 364 565 644 590 809 215 216 239 387 642 529 504 
1024 0 998 504 459 518 324 465 1024 0 498 526 481 310 681 631 1015 9 9 248 701 488 543 547 
1024 0 1009 481 524 435 515 561 1024 0 653 373 388 561 430 435 1000 24 24 424 505 562 479 469 
1024 11 1002 526 531 544 463 539 1024 2 851 223 458 466 566 565 1010 14 32 457 578 466 558 549 
1024 155 869 772 515 506 449 477 1024 0 1024 354 542 516 577 477 1024 0 48 897 472 519 571 541 
1024 486 538 518 570 479 461 536 1024 15 1005 753 381 530 569 548 1024 0 243 759 629 527 555 532 
1024 747 277 304 486 560 451 520 1024 21 1003 902 416 455 578 526 1024 0 382 644 587 458 537 532 
1024 831 193 249 570 433 466 596 1024 68 951 881 536 580 591 574 1024 0 630 374 418 446 466 344 
1024 918 106 320 500 568 506 507 1024 374 650 633 541 500 554 499 1024 0 849 202 436 487 518 471 
1024 977 47 471 543 442 480 440 1024 565 459 459 472 519 593 554 1024 0 902 152 507 488 499 514 
1024 796 230 480 520 437 493 564 1024 344 669 549 555 539 515 568 1024 0 732 265 618 428 431 428 
1024 539 485 481 425 509 444 490 1024 7 1003 605 504 559 477 552 1024 0 53 710 455 559 487 548 
1024 878 159 332 575 472 469 560 1024 242 783 733 477 572 570 566 1024 1 623 428 430 443 418 434 
1024 1024 47 806 546 429 454 607 1024 958 67 162 519 445 561 353 1024 1 987 199 561 444 571 497 
1024 1024 374 650 574 607 454 501 1024 1024 0 553 491 594 553 523 1024 7 1017 566 483 594 553 539 
767 813 419 566 517 534 564 529 758 648 375 601 512 485 514 540 757 225 674 590 489 533 472 516 
0 83 941 880 490 435 678 448 0 197 827 841 642 416 604 414 0 583 475 602 539 413 623 360 
273 371 711 769 505 526 678 289 231 397 766 782 441 601 697 367 224 409 694 715 435 493 677 315 
1024 1024 975 230 483 508 542 515 1024 1024 540 489 564 505 514 561 1024 915 109 144 395 517 544 557 
1024 1024 1005 388 589 483 628 586 1024 1024 989 106 556 591 421 539 1024 981 44 89 540 467 574 558 
524 725 706 537 528 491 576 433 580 856 707 422 565 547 550 478 870 598 387 472 538 480 544 568 
0 646 380 449 546 509 536 501 300 693 440 443 545 480 492 492 748 404 554 489 534 516 500 527 
886 931 935 902 887 810 844 812 912 963 924 933 899 859 855 811 932 986 958 863 871 815 797 840 
1024 1024 1024 1024 1024 1024 1024 1024 1024 1024 1024 1024 1024 1024 1024 1024 1024 1024 1024 1024 1024 1024 1024 1024 
1024 1013 1006 985 960 931 954 935 1021 997 993 990 960 955 939 953 1006 999 987 967 935 918 898 913 
1014 988 929 913 811 763 768 766 1008 959 871 838 832 755 737 738 1005 827 860 788 728 696 669 684 
898 449 716 623 544 568 537 497 851 396 730 541 537 503 535 512 879 325 649 521 554 546 520 516 
819 740 691 630 602 579 607 614 779 675 641 612 609 597 578 578 719 677 622 593 573 605 563 586 
1024 1023 1021 1013 1006 688 530 527 1024 1023 1021 1021 1006 530 602 581 1024 1023 1021 1010 881 473 769 735 
0 639 459 651 525 538 566 487 2 818 416 683 440 515 456 518 0 703 355 648 468 485 533 485 
0 1024 888 196 496 520 580 431 0 1024 712 337 571 514 444 431 0 1024 1 857 396 503 574 431 
138 886 886 725 488 483 664 413 3 1021 1014 628 456 476 371 403 0 1024 408 612 632 548 675 403 
694 330 330 374 409 693 431 446 49 975 975 957 462 686 568 768 0 1024 1003 52 384 664 804 768 
1014 10 20 513 488 445 490 487 732 292 292 306 382 489 561 553 6 1018 1010 710 398 489 561 553 
1024 0 194 793 626 400 383 420 1004 20 21 275 682 409 634 674 213 811 811 795 650 403 631 672 
1024 0 775 249 508 404 444 438 1017 7 54 805 396 495 588 650 789 235 235 275 452 623 460 522 
1024 0 905 217 485 487 377 604 1024 0 199 755 692 471 611 624 899 125 125 173 464 535 547 560 
1024 2 970 436 512 488 440 470 1024 0 336 640 546 424 558 602 962 62 62 234 606 496 444 414 
1024 8 949 427 518 455 453 495 1024 0 485 536 524 554 560 485 896 128 128 267 526 545 563 555 
1024 44 965 542 524 569 520 498 1024 1 866 248 517 502 492 478 1008 16 19 479 516 497 502 462 
1024 350 668 597 427 475 467 500 1024 6 980 353 608 522 547 488 1007 17 44 666 453 529 610 606 
1024 357 664 621 524 514 557 499 1024 29 976 566 492 498 500 509 1009 15 125 602 541 456 504 469 
1024 567 457 471 489 485 482 435 1024 65 953 777 498 553 557 589 1017 7 153 816 487 504 520 491 
1024 843 189 283 528 474 428 585 1024 122 902 848 633 453 586 489 1024 0 335 666 606 451 574 481 
1024 911 113 202 535 560 454 572 1024 152 871 828 642 536 599 450 1023 1 230 766 632 557 587 406 
1024 667 325 278 567 478 452 544 1024 129 788 705 481 571 553 586 960 64 334 586 549 524 473 534 
1024 114 833 479 490 466 459 470 1024 0 636 534 465 555 549 454 756 268 268 524 578 540 542 528 
1024 467 549 394 541 514 503 504 1024 94 777 579 552 516 491 512 983 41 135 509 485 537 477 512 
1024 691 368 684 485 480 507 569 1024 458 563 290 557 493 529 473 1017 7 460 360 569 495 541 537 
1024 770 315 586 563 500 508 478 1024 390 634 448 549 538 489 500 1024 0 509 395 475 495 504 562 
700 575 475 633 620 425 604 437 677 300 680 609 601 437 601 424 636 106 609 603 570 444 626 400 
80 98 921 926 255 749 909 131 76 66 952 940 263 771 920 109 52 59 956 959 265 760 884 145 
368 412 691 669 471 526 639 357 349 357 745 657 456 531 641 397 324 270 717 722 494 496 657 377 
1024 989 153 545 553 565 464 567 1024 672 360 544 563 499 560 559 1024 69 908 553 426 601 496 503 
1024 999 367 482 518 481 525 485 1024 841 332 569 506 544 505 530 1024 264 759 562 518 520 485 529 
325 623 539 506 468 525 515 514 336 811 423 585 491 477 520 518 546 593 471 459 486 478 501 501 
19 294 734 676 516 564 483 484 28 827 412 527 457 538 502 515 387 584 497 564 547 475 566 538 
1008 1005 990 960 959 927 858 853 1016 1010 998 973 972 956 878 861 1019 1007 982 962 934 928 864 863 
1024 1024 1024 1024 1024 1024 1024 1024 1024 1024 1024 1024 1024 1024 1024 1024 1024 1024 1024 1024 1024 1024 1024 1024 
1024 1024 1021 1017 988 998 982 981 1024 1021 1004 1005 997 986 963 990 1023 1002 1003 993 990 980 982 978 
967 749 803 747 714 706 706 701 953 751 811 768 744 711 699 689 924 731 800 741 682 611 638 697 
748 619 660 613 533 542 560 562 758 681 688 600 586 586 566 580 756 665 623 571 515 508 530 528 
765 772 558 612 560 550 544 552 738 797 520 597 560 552 579 530 774 770 493 525 507 505 524 501 
1024 978 917 477 638 654 419 503 1024 978 918 548 586 582 499 549 1023 972 904 264 650 688 442 581 
14 547 545 718 499 527 582 473 49 689 448 592 515 551 582 415 61 576 480 620 522 543 583 455 
0 1024 706 415 461 497 633 482 0 1024 484 506 484 591 461 410 0 1023 3 712 422 543 609 418 
59 965 965 828 639 499 583 529 11 1013 981 235 607 612 604 435 0 1024 202 801 613 552 668 435 
724 300 300 330 332 519 438 530 44 980 978 833 329 575 628 502 0 1024 875 191 321 567 652 518 
924 100 100 295 552 497 497 557 341 683 683 633 473 553 543 473 2 1022 971 355 497 558 540 507 
1008 16 82 765 568 360 392 391 870 154 154 212 494 722 702 363 61 963 963 627 418 749 681 409 
1024 0 394 599 448 534 528 507 996 28 28 453 560 475 553 469 209 815 815 731 545 517 586 547 
1024 3 752 312 570 505 476 534 998 26 80 771 526 434 532 514 446 578 576 510 508 466 612 482 
1024 3 949 189 765 497 354 364 1023 1 115 863 556 504 694 336 592 432 432 390 410 470 728 660 
1024 18 920 246 511 639 425 620 1016 10 350 659 588 445 575 544 580 444 438 434 537 449 528 598 
1024 15 918 517 539 520 546 510 1018 6 648 323 455 515 529 516 668 356 351 328 470 507 477 548 
1024 40 904 660 546 428 502 495 1022 2 666 319 516 482 502 551 718 306 306 317 560 416 554 519 
1024 75 896 599 625 540 472 475 1021 3 786 316 597 537 520 503 798 226 223 291 584 515 457 549 
1023 314 667 514 519 447 422 486 1012 16 859 494 519 492 553 460 835 189 198 569 456 493 513 576 
1024 546 477 452 460 529 475 518 1024 25 950 525 478 500 503 514 974 50 75 554 463 498 508 520 
1024 774 250 450 530 522 459 489 1024 50 939 702 503 541 493 537 994 30 99 682 545 551 509 537 
806 614 390 524 490 560 506 475 801 191 792 599 554 492 519 506 736 273 142 601 538 507 545 481 
192 197 744 755 698 465 764 737 189 732 144 256 286 442 309 683 16 972 243 230 724 413 317 351 
191 549 437 417 488 469 666 678 189 820 82 213 470 533 346 678 50 972 173 551 506 516 378 426 
197 727 290 286 494 523 503 527 196 824 139 394 546 554 511 515 95 925 217 720 518 505 449 515 
490 525 343 440 505 529 491 497 526 584 377 527 551 509 518 522 523 794 261 593 476 565 478 503 
632 290 477 481 512 499 542 489 632 467 491 442 502 548 522 477 608 849 237 591 483 539 450 521 
633 159 613 611 462 497 534 529 627 461 554 484 487 511 546 489 645 832 241 541 520 480 525 503 
608 270 631 486 500 527 466 501 632 652 347 419 518 519 491 501 632 863 420 516 518 536 530 523 
647 395 586 473 546 522 521 517 650 811 245 535 499 529 494 495 683 853 565 463 484 506 564 534 
642 439 613 609 502 541 480 526 649 869 292 612 471 506 511 532 684 863 716 460 537 534 533 512 
586 487 503 569 556 521 535 502 610 875 274 589 513 534 498 511 634 943 766 381 506 550 523 496 
656 523 547 614 521 498 559 532 681 900 422 574 514 567 535 549 795 863 732 491 507 511 538 517 
1006 937 869 834 817 757 759 747 1007 944 903 842 815 774 754 735 1005 948 931 874 780 768 774 743 
1024 1019 1017 1016 989 981 890 881 1024 1019 1017 1016 1005 957 946 929 1024 1019 1017 1008 925 981 938 897 
810 694 736 746 679 663 665 666 814 760 740 703 676 695 656 654 807 729 745 714 633 625 623 637 
710 509 601 596 547 532 591 531 716 564 721 661 617 578 541 542 712 590 706 586 541 521 534 503 
739 510 657 553 504 519 527 472 737 562 722 616 566 567 526 510 739 557 702 612 528 527 527 534 
765 629 688 613 616 568 582 557 774 614 753 650 601 619 587 573 770 601 719 593 540 572 518 530 
1024 1024 1024 1014 1010 1000 777 829 1024 1024 1024 1024 1019 1005 991 623 1024 1024 1013 997 993 798 844 697 
0 303 727 811 363 669 763 266 0 308 747 779 337 610 773 248 17 276 780 789 372 646 777 252 
0 813 461 702 533 543 587 504 0 821 301 704 496 560 509 472 0 805 219 393 575 561 498 546 
0 799 953 635 475 456 679 613 0 833 767 379 386 533 649 373 0 845 187 724 373 548 651 381 
37 779 884 859 602 455 662 515 0 832 896 364 491 481 561 549 0 820 232 748 487 487 587 529 
348 425 609 589 535 476 611 427 11 760 955 769 534 432 536 489 0 839 413 578 505 518 554 517 
634 117 346 456 577 405 475 393 89 705 844 821 681 471 570 499 0 930 575 324 449 475 587 545 
635 95 429 582 502 529 626 608 392 405 507 508 594 649 381 594 2 935 663 253 464 567 520 420 
580 179 504 665 582 497 558 511 488 263 416 506 592 462 481 613 70 917 674 331 517 476 470 535 
596 166 747 456 513 491 528 474 536 273 294 597 504 542 504 503 105 887 722 559 530 514 526 512 
549 152 624 647 493 521 520 480 535 423 141 333 473 522 503 486 26 949 562 393 563 515 527 474 
537 131 550 621 484 413 549 478 449 553 138 254 465 440 498 544 0 1016 461 386 588 489 454 508 
504 250 633 431 526 548 511 519 465 430 200 348 647 546 448 509 4 1020 495 430 545 468 576 541 
455 294 641 527 495 516 501 532 445 550 78 510 425 514 515 512 16 985 493 694 465 505 504 522 
417 329 575 470 514 510 524 528 404 602 77 535 514 513 524 508 59 933 482 470 584 523 534 536 
415 317 673 452 590 563 582 552 396 624 145 452 621 502 579 522 77 945 429 588 552 480 391 490 
383 566 453 329 545 539 477 512 382 639 169 525 555 495 488 514 135 889 393 663 460 500 473 508 
252 675 349 447 522 513 582 507 257 745 181 548 565 468 516 515 123 898 391 651 432 491 492 551 
58 879 166 489 521 512 528 499 78 967 198 484 497 532 492 491 101 972 359 525 506 501 479 537 
114 913 158 514 529 524 486 509 129 971 288 550 511 494 531 515 141 982 494 576 486 510 431 507 
170 870 261 614 513 553 523 527 182 966 314 647 505 479 501 526 198 969 622 451 556 486 493 505 
211 819 332 683 515 497 514 491 233 927 422 553 536 499 514 504 263 938 723 358 498 510 505 531 
549 482 527 528 552 505 549 521 577 700 517 540 530 485 506 529 634 903 619 503 506 499 513 495 
942 135 826 470 521 513 533 511 956 770 293 448 491 499 517 497 1000 947 603 472 499 522 521 503 
1024 138 850 531 540 501 491 523 1024 960 98 515 518 486 518 521 1024 1024 778 403 533 515 517 502 
1024 342 676 630 523 502 510 525 1024 1019 208 650 500 523 520 493 1024 1024 872 387 529 533 520 525 
1024 361 655 611 502 555 487 535 1024 1024 222 678 511 498 490 477 1024 1024 857 323 521 482 518 485 
1024 244 774 638 551 490 498 523 1024 1010 137 681 473 512 505 493 1024 1024 775 383 520 519 469 496 
1024 630 424 538 497 519 534 508 1024 1022 452 576 501 524 524 518 1024 1024 947 466 536 552 522 559 
1024 1016 444 456 504 505 479 485 1024 1024 870 562 541 503 476 480 1024 1024 987 743 717 659 635 560 
704 495 616 540 521 503 529 514 723 710 545 575 536 545 528 549 751 830 474 567 564 507 508 540 
596 578 642 625 513 524 502 528 617 658 695 663 603 599 536 546 629 718 619 574 521 536 517 524 
609 513 644 576 541 507 528 531 636 546 686 670 588 552 570 570 643 596 654 598 511 513 517 543 
712 508 587 539 489 532 504 533 731 491 742 612 546 558 549 554 732 469 761 585 550 533 530 528 
782 651 672 676 588 565 568 558 789 647 728 678 658 600 596 584 777 637 710 626 568 535 535 547 
1024 1024 1024 1022 1008 992 844 775 1024 1024 1024 1024 1014 1004 1001 618 1024 1022 999 994 824 868 838 866 
0 368 664 662 457 562 594 425 3 556 527 672 428 585 587 459 50 492 681 658 484 603 561 475 
8 805 605 532 507 495 520 494 58 841 764 513 540 508 533 521 676 278 246 601 550 547 522 529 
23 896 780 485 515 505 473 484 327 610 648 574 489 547 526 521 879 134 491 513 473 528 494 518 
74 772 783 517 499 504 495 473 459 409 483 529 537 519 486 511 784 201 582 484 510 525 524 531 
147 768 758 579 481 519 517 518 680 256 288 460 512 504 522 501 846 221 762 524 514 503 522 492 
393 540 594 520 509 517 520 548 847 143 241 552 528 539 528 531 909 334 696 577 522 525 534 516 
467 335 461 566 515 503 498 519 649 308 481 452 487 508 511 502 698 712 359 454 492 513 487 506 
549 216 434 603 542 532 556 542 665 269 582 438 506 468 526 509 738 778 265 472 491 519 514 498 
565 289 312 582 536 497 512 503 661 283 682 400 523 549 509 502 831 669 293 420 489 509 515 497 
710 226 280 546 525 498 522 520 760 309 643 469 513 505 508 522 787 890 212 522 487 502 527 510 
780 128 374 579 541 516 479 484 812 328 665 461 516 518 508 530 819 928 189 470 500 483 511 505 
820 143 389 525 532 493 539 528 845 374 650 529 511 491 523 520 868 916 218 518 534 494 490 526 
883 140 467 507 507 533 512 506 913 393 613 543 487 513 501 528 922 926 343 525 509 499 527 498 
942 104 672 457 496 493 494 496 956 612 429 496 514 538 502 532 980 967 446 514 499 523 516 504 
966 94 785 485 486 516 516 520 986 700 340 455 537 537 501 498 997 974 450 552 504 518 516 509 
1012 87 842 544 510 514 495 543 1019 848 202 477 525 512 511 495 1024 997 537 478 515 494 498 500 
1024 87 825 560 536 479 519 500 1024 867 197 419 501 533 496 506 1024 1021 473 554 534 490 526 511 
1024 153 823 568 511 519 500 511 1024 953 133 518 541 527 514 499 1024 1021 567 485 530 538 502 501 
1024 220 781 605 504 535 525 502 1024 1001 155 578 510 502 524 508 1024 1024 683 422 503 546 506 506 
1024 291 718 574 487 505 513 526 1024 1005 186 626 469 511 491 498 1024 1024 773 404 504 520 544 511 
1024 307 706 577 528 501 510 514 1024 1013 188 622 551 522 509 536 1024 1024 712 425 548 497 497 523 
1024 286 726 546 526 512 500 520 1024 998 183 593 496 545 491 504 1024 1023 758 430 509 501 520 524 
1024 246 765 603 483 511 506 528 1024 982 147 599 520 495 515 510 1024 1024 807 368 523 508 516 533 
1024 295 710 608 523 535 510 504 1024 1003 169 657 545 505 509 522 1024 1024 814 359 500 526 520 527 
1024 465 564 527 517 524 535 517 1024 1011 252 634 505 517 492 503 1024 1023 817 462 517 509 531 526 
1024 433 589 555 519 503 508 512 1024 1018 220 678 512 520 507 518 1024 1024 866 307 497 518 504 527 
1024 165 852 624 506 505 518 500 1024 1011 110 557 507 496 508 516 1024 1024 663 426 539 514 497 498 
1024 291 723 572 527 473 495 543 1024 994 162 520 496 547 487 494 1024 1024 718 420 516 515 504 533 
1024 616 417 489 508 512 524 502 1024 1011 175 587 493 522 503 504 1024 1024 768 392 512 517 523 511 
1024 201 795 596 518 520 488 506 1024 898 163 371 493 505 546 530 1024 1024 524 531 531 526 526 485 
973 65 806 375 521 512 503 507 984 365 673 605 499 519 533 495 992 974 215 634 506 553 492 507 
696 265 469 543 523 522 510 491 708 269 757 515 530 504 518 521 730 831 324 509 518 515 514 488 
519 328 452 555 480 518 492 550 538 308 606 539 531 475 528 506 557 653 381 525 517 500 497 528 
558 478 567 589 545 529 535 533 596 483 567 572 538 518 489 550 643 520 560 562 500 524 516 503 
1024 1024 1023 1015 990 979 732 684 1024 1024 1017 1011 1008 992 679 674 1024 1016 994 953 752 807 800 802 
5 436 652 712 521 548 613 410 13 510 651 706 563 541 608 406 136 435 670 677 540 511 617 400 
38 983 771 449 499 521 500 499 214 810 784 581 510 498 524 525 985 43 418 537 520 526 491 515 
85 939 811 486 496 522 508 537 471 553 557 556 495 520 527 523 1024 29 650 503 495 538 488 507 
219 807 749 492 503 485 524 492 686 343 395 490 502 527 513 510 1024 72 788 466 523 487 501 540 
349 675 672 564 515 559 542 508 964 60 168 472 502 532 510 504 1024 192 789 527 485 526 502 544 
547 477 493 525 512 531 511 526 1006 21 261 571 498 487 518 521 1024 303 717 576 504 477 496 516 
796 228 262 471 525 500 511 524 1022 8 510 528 509 514 528 506 1024 511 516 536 506 514 515 500 
768 245 300 551 508 526 519 492 995 70 684 464 511 504 493 540 976 620 406 482 526 496 508 535 
558 412 484 531 519 510 496 494 878 245 607 504 522 532 552 518 846 523 469 543 507 525 512 501 
1009 19 357 542 531 520 554 526 1024 148 804 544 516 531 525 508 1024 908 238 530 541 532 526 510 
1014 21 414 542 513 520 502 535 1024 225 763 569 496 533 510 501 1024 970 199 537 483 528 517 521 
1020 34 620 472 501 527 530 512 1024 416 604 527 518 535 510 518 1024 993 308 566 507 487 519 523 
1023 28 631 489 507 501 525 514 1024 459 569 555 501 481 490 506 1024 1012 362 541 511 517 519 490 
1024 26 829 459 488 525 516 498 1024 639 393 473 504 498 535 512 1024 1024 457 530 495 501 533 524 
1022 80 776 505 518 508 516 529 1024 736 318 466 506 532 494 523 1024 1015 485 531 524 511 525 510 
1024 151 814 555 500 494 506 477 1024 923 165 485 506 518 507 523 1024 1019 524 537 513 525 519 506 
1024 136 779 523 513 492 503 513 1024 848 241 487 534 540 518 523 1024 1011 463 544 525 538 516 535 
1024 198 748 545 492 509 519 530 1024 885 246 509 506 501 525 502 1024 1006 545 523 506 508 514 510 
1024 212 775 562 507 520 521 525 1024 976 198 575 517 508 503 513 1024 1020 691 432 515 520 505 501 
1024 464 548 500 489 496 512 519 1024 1012 354 501 543 518 516 502 1024 1024 812 467 541 528 532 558 
1024 464 542 519 524 512 522 534 1024 1009 308 599 547 516 508 497 1024 1024 869 476 517 511 532 543 
1024 397 615 558 538 486 535 519 1024 1005 263 595 508 523 506 508 1024 1024 825 466 493 536 518 505 
1024 337 685 573 527 512 486 478 1024 1011 230 564 532 513 518 538 1024 1024 815 466 525 534 521 524 
1024 342 671 562 513 521 484 515 1024 1011 215 620 499 498 528 511 1024 1024 821 431 560 540 495 511 
1024 369 637 538 496 517 511 539 1024 1003 238 570 493 515 544 524 1024 1024 845 420 510 544 512 549 
1024 162 817 570 529 499 535 508 1024 952 153 549 519 540 536 522 1024 1024 742 426 528 496 522 529 
1024 94 867 495 533 513 516 514 1024 845 227 463 520 487 532 505 1024 1023 622 459 535 498 524 538 
1022 75 879 470 537 501 512 518 1024 849 187 419 504 492 504 507 1024 1015 600 470 556 486 504 553 
1024 125 858 532 501 517 504 537 1024 905 142 406 479 500 537 531 1024 1024 637 440 514 508 521 530 
1018 71 806 540 480 510 481 517 1024 673 342 438 533 521 502 535 1024 1004 477 521 521 502 482 475 
1023 10 595 514 504 521 506 544 1024 274 733 548 508 529 500 515 1024 1012 190 614 506 500 505 518 
1013 15 522 519 503 505 508 524 1024 60 906 584 509 494 539 498 1024 1001 102 566 523 531 525 506 
1021 7 479 537 470 536 500 521 1024 43 912 464 497 554 511 523 1024 959 118 511 501 529 512 501 
1024 61 613 552 507 496 509 507 1024 99 797 513 516 524 521 504 1024 910 192 522 527 520 503 526 
1024 1014 987 982 722 503 539 441 1024 1020 995 987 820 633 606 495 1024 1022 1009 955 181 780 822 549 
9 514 665 696 539 505 624 411 14 552 753 677 546 517 596 440 286 341 579 621 535 498 608 437 
60 964 791 471 516 509 517 502 295 729 723 578 506 510 503 511 1020 9 416 558 500 546 542 498 
334 690 672 538 520 546 508 497 785 239 275 491 520 500 526 497 1024 62 799 476 484 530 506 512 
413 612 603 513 513 523 532 513 885 141 220 497 540 494 530 532 1024 147 824 505 481 527 506 527 
530 494 521 547 524 495 516 522 999 25 248 575 476 521 517 548 1024 295 714 591 546 522 522 500 
676 348 394 492 541 503 524 508 1017 9 379 541 483 495 516 506 1024 385 635 549 488 520 498 524 
807 192 303 482 538 528 529 529 971 90 670 502 507 533 527 528 964 642 392 509 529 519 489 534 
239 509 529 553 497 489 533 477 586 446 629 484 527 525 491 533 506 553 479 533 523 517 501 490 
281 395 569 577 528 481 534 530 546 588 609 523 553 478 551 514 335 592 479 532 497 525 510 509 
726 312 418 530 513 532 506 501 854 477 745 571 548 519 532 521 765 658 373 462 519 512 500 509 
572 260 457 531 507 499 512 532 731 423 708 511 523 513 526 508 670 664 382 527 503 519 500 541 
552 308 508 515 471 488 483 476 799 413 635 535 496 522 474 517 641 629 453 509 511 504 496 492 
1021 24 537 508 532 495 521 511 1024 337 668 511 487 514 534 502 1024 979 294 526 505 501 533 521 
1023 69 592 517 501 518 518 514 1024 486 554 539 516 543 510 498 1024 1014 393 557 534 550 506 508 
1024 77 770 488 514 496 533 495 1024 645 409 495 498 497 493 515 1024 1017 524 536 540 499 501 552 
1024 99 837 492 494 547 525 517 1024 867 189 462 534 509 507 510 1024 1023 620 451 495 508 527 538 
1024 199 788 530 497 514 516 518 1024 916 226 486 511 500 499 510 1024 1023 674 468 549 522 509 518 
1024 135 807 497 490 508 510 527 1024 879 211 495 501 502 502 497 1024 1023 584 489 537 520 519 534 
1024 338 664 469 510 491 486 479 1024 964 288 512 492 519 523 541 1024 1024 759 471 544 515 508 505 
1024 285 699 549 531 482 537 498 1024 991 253 521 502 509 494 498 1024 1022 686 495 529 515 543 487 
1024 290 680 554 513 527 483 479 1024 979 244 539 520 521 517 531 1024 1022 710 473 511 519 531 526 
1024 229 740 525 493 519 521 515 1024 935 195 553 531 515 519 560 1024 1024 725 507 517 503 517 538 
1020 169 752 622 527 492 519 508 1024 886 232 540 484 498 499 515 1024 985 690 446 537 509 538 543 
1013 254 626 558 492 490 511 504 1024 830 299 544 503 525 499 524 1024 974 701 513 535 527 537 514 
1015 101 735 568 481 496 505 513 1023 757 304 490 494 515 503 507 1024 991 558 474 530 505 497 503 
998 83 690 531 506 514 505 506 1022 608 390 469 533 521 510 512 1024 942 387 511 503 510 495 488 
994 53 707 451 504 532 563 517 1020 521 429 474 497 496 502 506 1024 923 502 525 478 503 488 543 
796 237 632 479 509 530 534 495 937 366 508 496 516 489 507 508 1017 632 516 507 518 526 521 549 
957 111 669 472 481 511 502 544 1016 386 501 486 497 508 525 502 1024 824 372 530 517 488 530 548 
824 222 497 499 524 542 522 497 909 274 523 520 497 515 482 499 996 551 455 521 505 510 543 509 
638 395 632 507 493 517 501 504 797 340 604 560 491 521 513 487 960 564 466 521 495 525 518 520 
792 232 426 490 514 514 497 534 835 216 778 470 504 521 492 506 934 748 299 508 519 509 500 507 
886 145 422 544 525 538 484 498 930 116 787 437 555 521 505 530 997 762 237 469 556 526 519 540 
1024 43 662 424 531 484 518 537 1020 100 795 451 483 504 531 552 1024 876 227 481 513 508 505 514 
1024 871 224 544 590 597 612 404 1024 912 490 533 432 502 591 478 1024 1019 915 165 454 476 636 466 
24 741 559 595 502 477 536 505 54 801 658 544 480 535 543 542 522 403 387 505 483 478 472 499 
118 908 704 484 512 514 482 513 320 707 690 564 540 503 486 494 1015 33 464 495 535 524 547 494 
193 831 758 517 520 508 536 525 542 482 494 531 521 537 529 523 1024 35 711 477 513 495 514 503 
342 682 668 531 511 516 516 528 784 244 312 504 506 517 512 530 1024 151 800 528 499 500 519 499 
617 407 440 484 479 479 525 490 993 36 228 581 500 520 515 516 1024 399 627 561 516 519 511 526 
694 338 411 495 522 493 516 544 976 107 412 519 514 515 517 524 977 484 514 510 531 508 523 494 
415 496 514 504 501 547 499 509 723 453 520 488 527 521 510 496 581 481 554 568 507 486 489 508 
329 555 506 552 505 505 497 534 507 713 582 533 552 528 516 530 354 496 572 536 518 499 487 513 
26 329 692 650 456 450 519 492 86 920 432 460 563 509 526 532 29 322 716 676 490 536 481 505 
192 522 539 521 539 512 507 531 464 724 532 487 500 527 488 526 227 482 556 551 518 523 507 523 
206 554 556 510 523 492 488 520 544 667 585 557 529 524 507 551 251 534 548 536 501 508 462 511 
226 484 562 534 551 526 533 502 556 601 574 527 514 519 484 512 283 621 489 580 506 523 530 511 
677 278 522 509 516 489 510 525 730 490 574 542 506 512 517 523 710 759 398 510 519 515 540 522 
1021 19 624 496 529 498 522 476 1024 416 590 507 503 527 522 552 1024 994 391 539 507 532 515 543 
1024 106 725 488 518 519 498 503 1024 642 420 523 522 519 535 519 1024 1011 566 510 535 524 531 522 
1023 117 770 517 496 507 523 515 1024 762 309 508 510 514 523 536 1024 1015 644 483 548 511 516 494 
1023 124 783 491 540 528 485 537 1024 798 283 487 505 510 500 483 1024 1018 685 475 524 546 518 511 
1024 204 738 478 514 535 514 530 1024 876 263 502 505 501 532 510 1024 1020 663 512 529 542 550 557 
1023 311 651 513 515 498 517 518 1024 897 335 552 541 542 512 520 1024 1023 754 486 527 521 568 525 
1024 323 668 530 502 506 470 535 1024 965 290 525 511 504 510 478 1024 1018 731 507 533 522 520 523 
1005 162 674 483 515 513 538 506 1021 720 373 527 504 528 507 526 1024 975 568 517 509 547 514 503 
1024 139 694 542 508 525 532 493 1024 764 332 506 501 519 502 535 1024 1002 538 514 527 532 505 525 
971 156 637 511 519 523 503 500 1014 586 425 524 537 511 517 486 1024 864 490 493 512 518 534 513 
992 126 531 491 500 529 513 519 1016 519 458 482 494 505 484 473 1024 830 436 486 530 519 527 536 
934 146 564 523 507 507 500 516 1013 452 460 513 531 527 487 507 1024 814 430 514 528 515 515 512 
869 176 486 523 524 537 503 506 961 287 570 509 500 459 502 519 1011 528 456 524 517 522 509 506 
568 458 537 518 490 521 504 520 831 243 472 524 533 510 525 504 990 245 528 518 517 516 522 500 
689 339 483 484 541 519 500 513 826 248 648 533 502 497 511 504 992 421 418 493 531 519 525 507 
574 453 483 505 507 496 505 480 841 200 503 540 502 500 488 522 1005 359 484 514 520 507 482 522 
642 385 446 554 533 537 497 541 816 259 628 477 504 519 517 526 954 449 408 486 517 490 527 526 
445 579 503 479 516 508 512 489 695 340 506 523 512 482 530 509 930 252 585 505 476 508 507 529 
314 709 588 499 542 523 522 518 574 450 510 508 502 497 505 506 867 227 585 503 488 538 524 532 
431 593 585 510 516 524 506 534 610 415 546 511 542 535 502 546 933 209 476 533 497 512 505 504 
669 360 487 515 551 469 503 495 665 374 661 495 515 512 526 506 833 466 482 511 486 492 552 472 
945 79 153 497 704 690 563 441 945 79 175 356 810 486 530 542 999 180 753 320 327 459 520 565 
4 738 550 592 522 516 524 514 18 788 726 560 530 527 489 518 492 325 400 580 526 536 504 488 
61 961 643 522 536 538 517 536 231 793 753 540 496 514 517 525 1012 17 469 507 476 509 513 525 
229 796 739 496 493 513 502 538 597 428 470 498 522 532 500 541 1023 78 761 499 511 512 519 508 
365 659 657 551 510 515 513 510 871 155 259 463 507 512 483 494 1024 209 776 519 538 528 527 502 
668 356 439 496 494 525 503 509 944 92 366 528 524 528 493 515 1024 326 665 518 488 527 524 517 
431 468 472 534 508 502 507 548 564 389 570 529 541 492 510 503 595 530 526 515 501 492 522 514 
424 647 591 523 498 526 518 536 519 709 646 622 585 567 580 531 440 618 532 505 482 511 499 535 
249 541 569 547 531 515 550 514 339 689 539 556 560 579 551 485 297 539 527 592 506 535 516 533 
215 547 524 509 494 543 523 504 428 604 516 496 494 531 502 545 269 517 548 555 509 504 529 514 
132 526 580 579 530 503 529 510 288 625 543 537 517 508 521 517 297 508 546 535 536 516 518 538 
305 508 594 573 547 484 570 467 471 612 647 654 585 510 590 520 380 525 548 584 535 460 535 493 
103 437 663 662 554 481 623 391 286 447 647 671 582 513 618 436 294 385 678 673 579 494 592 405 
163 257 720 712 454 511 550 551 213 495 603 618 553 498 549 524 187 384 689 684 554 500 552 488 
987 96 559 489 497 548 528 509 1015 403 615 516 554 512 542 511 1017 934 376 561 552 527 544 526 
1014 46 602 493 517 510 526 547 1024 476 542 496 498 507 533 497 1024 1001 447 526 523 542 534 485 
1008 81 666 527 526 514 492 515 1024 562 446 489 508 504 497 513 1024 985 539 523 530 516 527 528 
995 98 630 509 500 507 527 520 1022 534 481 533 523 520 512 476 1024 949 476 524 538 525 507 520 
985 102 676 486 518 518 500 512 1015 528 432 539 520 521 505 514 1024 900 472 525 524 509 491 488 
998 210 623 496 509 533 487 501 1017 705 416 535 500 513 504 533 1024 967 588 571 565 547 532 540 
918 175 574 509 524 524 549 514 1006 442 458 512 509 532 526 480 1024 789 547 541 564 560 530 540 
1006 185 625 492 482 528 501 515 1021 690 368 518 533 495 512 529 1024 948 580 523 525 531 542 519 
981 100 654 504 512 523 522 500 1019 551 427 523 541 503 520 479 1024 909 516 530 547 534 483 520 
919 126 563 511 514 502 538 494 996 409 506 508 501 537 487 502 1024 824 488 509 507 512 518 516 
674 376 559 518 533 501 492 518 846 417 488 498 534 521 537 522 989 494 499 504 505 514 503 480 
680 357 494 527 516 481 503 502 789 412 571 520 526 501 495 527 924 556 423 525 506 518 500 509 
728 300 509 540 511 499 552 516 918 296 563 553 494 530 511 512 1019 487 396 523 550 516 519 498 
705 323 448 500 535 503 495 508 924 211 541 541 501 511 498 542 1011 414 488 506 511 510 498 516 
548 480 552 476 501 530 491 528 781 337 563 509 514 522 471 511 899 367 569 469 476 495 515 504 
309 712 504 507 511 465 498 520 544 487 590 518 508 510 518 528 711 431 545 490 506 510 495 517 
403 616 450 483 513 512 521 502 566 467 635 542 507 506 532 524 695 467 494 496 536 497 515 536 
310 713 528 538 526 524 520 498 584 451 619 497 526 518 496 544 774 354 532 501 515 509 528 530 
174 823 557 470 502 494 513 510 453 570 549 506 530 505 504 520 669 366 534 546 515 503 495 521 
232 744 544 524 527 498 511 513 633 391 427 529 545 537 508 510 730 312 548 524 545 508 511 501 
300 590 573 533 492 526 545 526 521 506 396 492 513 513 513 504 617 225 613 567 494 495 519 492 
581 368 460 483 548 657 481 504 718 311 269 622 364 460 523 646 906 82 572 360 456 536 499 475 
5 685 476 571 541 475 573 483 20 737 585 556 535 507 553 471 319 534 441 526 529 451 533 488 
102 920 659 536 510 491 521 487 350 674 646 495 502 508 510 507 984 72 454 515 507 494 539 497 
317 702 614 512 522 520 508 486 625 409 458 519 514 482 500 502 1018 114 673 514 508 501 499 537 
405 623 590 500 503 526 533 484 779 251 376 521 533 502 509 519 1023 192 702 502 543 524 503 530 
601 430 462 506 496 519 514 522 901 136 407 498 507 516 496 510 1024 307 654 543 506 489 517 539 
210 632 432 556 513 539 484 523 350 512 621 578 542 525 509 517 421 549 673 590 491 530 498 510 
7 774 364 627 498 508 505 525 8 896 612 459 496 505 504 509 5 871 494 602 536 510 489 533 
0 212 812 778 433 562 633 556 0 509 519 613 563 616 615 472 0 476 549 604 469 592 559 488 
0 30 1002 989 368 380 815 600 0 296 736 739 726 549 821 280 0 30 1002 1000 500 554 363 280 
0 0 1024 1024 448 576 1024 0 0 0 1024 1024 448 576 1024 0 0 0 1024 1024 448 576 1024 0 
0 14 1010 1010 396 629 968 65 0 14 1010 1010 396 629 968 65 0 14 1010 1010 396 629 968 65 
0 0 1024 1024 624 168 992 288 0 0 1024 1024 880 168 992 288 0 0 1024 1024 880 168 992 32 
262 148 734 764 614 386 635 456 306 154 819 767 617 410 648 456 317 307 731 754 612 419 639 444 
971 106 458 509 512 510 509 496 1024 343 607 537 486 526 514 505 1024 902 380 554 517 515 528 517 
1001 56 557 512 508 513 517 509 1023 407 608 485 504 525 557 503 1024 975 307 507 526 501 515 524 
1005 117 584 515 502 504 504 539 1024 528 495 507 532 501 507 537 1024 956 439 521 511 507 512 491 
972 131 574 516 510 528 495 521 1003 507 492 528 498 514 491 519 1024 883 451 529 521 491 514 521 
955 222 512 534 505 523 523 495 999 564 519 525 490 508 510 529 1024 897 482 525 528 515 513 540 
895 215 511 494 496 499 539 522 1006 381 510 515 518 533 505 515 1024 755 413 531 531 530 517 530 
906 181 539 525 522 516 501 531 1002 422 487 537 501 508 514 524 1022 707 474 497 523 516 496 483 
816 242 501 529 500 517 519 511 937 394 520 504 526 511 516 507 1016 665 435 534 516 519 518 518 
579 488 577 534 507 534 506 531 861 323 432 515 526 545 511 523 989 348 469 541 531 511 529 500 
701 344 525 528 498 483 515 500 897 372 476 515 510 519 544 484 944 510 513 531 501 494 506 525 
476 447 555 508 511 514 533 509 618 626 528 550 542 520 476 514 634 609 495 535 526 529 508 509 
539 322 543 563 481 509 471 498 672 546 478 487 531 508 520 525 660 477 558 589 502 500 507 526 
177 644 570 543 521 542 461 504 428 615 579 510 527 506 487 523 408 502 520 535 550 533 493 498 
267 356 579 618 547 468 545 502 356 735 534 551 472 540 547 449 319 396 651 645 519 507 494 505 
78 458 730 669 469 517 502 546 246 768 382 475 528 502 509 564 215 293 740 709 511 530 538 470 
93 301 764 708 526 473 547 525 152 807 280 489 567 515 539 493 133 288 766 732 481 557 457 539 
2 222 817 758 505 516 547 544 6 888 240 478 506 489 531 533 0 211 826 792 489 492 520 569 
0 140 884 850 446 573 626 609 0 840 223 344 413 454 614 421 0 93 935 913 484 457 423 447 
0 58 966 804 471 584 525 520 0 654 378 480 516 527 516 513 0 51 973 873 455 543 527 587 
0 98 926 864 427 545 665 510 14 657 459 511 541 363 636 390 0 54 970 959 547 344 517 442 
0 152 874 814 514 462 571 585 0 895 273 490 601 509 546 419 0 132 893 850 428 563 447 508 
0 2 1022 1020 271 738 817 544 0 1024 0 319 638 270 568 303 0 2 1022 1022 419 616 552 686 
27 608 611 617 523 499 550 473 112 608 639 615 563 525 556 486 318 457 523 558 570 484 531 469 
70 868 652 467 508 484 548 504 266 753 638 576 496 443 517 506 765 219 405 546 515 520 524 500 
197 817 580 543 489 488 516 530 494 533 559 553 484 523 511 516 839 228 532 508 509 516 524 494 
352 653 527 510 495 516 521 525 617 412 508 525 521 513 523 513 857 271 579 496 509 522 490 462 
400 600 552 542 516 512 498 480 738 286 392 533 518 488 499 498 938 234 676 523 523 482 512 479 
352 546 424 496 468 521 483 513 548 383 481 523 557 513 523 501 661 454 648 514 502 511 510 499 
0 366 658 622 561 550 560 525 0 856 201 580 449 565 516 545 0 844 198 527 501 551 573 487 
0 68 956 937 608 363 766 424 0 255 769 774 648 357 766 424 0 237 787 787 651 363 756 284 
0 0 1024 1016 456 360 992 224 0 24 1000 1000 680 536 992 32 0 0 1024 1024 456 536 800 32 
0 0 1024 1024 64 960 1024 0 0 0 1024 1024 64 960 1024 0 0 0 1024 1024 64 960 1024 0 
0 0 1024 1024 0 1024 1024 0 0 0 1024 1024 0 1024 1024 0 0 0 1024 1024 0 1024 1024 0 
0 0 1024 1024 512 512 1024 0 0 0 1024 1024 512 512 1024 0 0 0 1024 1024 512 512 1024 0 
310 140 743 755 355 663 744 280 395 123 789 775 354 692 745 291 410 274 742 758 357 677 742 299 
898 135 387 517 506 500 507 522 1023 195 665 518 522 526 477 507 1015 694 413 498 508 488 516 539 
902 187 464 532 530 513 495 519 1018 340 573 491 539 528 503 504 1023 716 409 518 501 535 527 503 
911 180 522 503 541 513 528 511 1014 402 554 536 526 503 505 491 984 808 406 543 526 503 547 495 
737 235 550 481 495 522 485 520 997 371 469 509 552 506 504 519 802 767 475 526 514 517 511 514 
681 308 477 510 511 508 507 526 1006 365 461 487 515 497 514 519 740 801 433 540 534 475 500 519 
461 428 494 507 533 521 518 540 894 339 530 530 502 516 532 515 584 688 469 490 508 525 498 507 
351 330 592 586 535 512 532 515 630 534 595 514 492 529 530 528 398 549 528 574 498 500 519 509 
47 503 577 527 518 513 519 497 486 543 528 506 484 522 523 505 87 564 527 567 486 519 533 513 
17 415 647 613 497 494 506 523 215 810 640 593 501 501 534 507 26 423 641 637 501 509 490 505 
31 412 657 595 516 521 508 504 264 760 509 518 498 496 531 519 45 412 646 653 514 492 492 503 
0 165 863 798 510 498 487 526 34 933 504 492 497 482 473 506 0 133 895 833 503 552 558 548 
0 168 856 814 488 498 504 548 0 945 267 518 489 496 541 539 0 176 848 778 545 479 524 539 
0 105 920 852 399 588 602 585 0 978 111 468 476 444 498 487 0 107 917 879 508 487 448 459 
0 63 961 891 416 544 606 520 0 769 282 500 485 518 524 429 0 78 946 934 478 497 426 528 
0 192 832 804 526 432 583 575 0 914 185 461 592 506 572 456 0 140 884 842 420 618 422 522 
0 60 964 923 505 489 662 590 0 789 235 355 428 495 671 380 0 28 996 975 610 423 456 466 
0 181 843 778 510 521 537 457 0 967 168 609 444 498 490 464 0 184 840 806 537 520 504 546 
0 97 927 890 651 488 578 598 0 967 96 314 609 472 599 449 0 117 907 882 438 547 456 598 
0 75 949 901 504 542 674 555 0 994 31 220 567 426 541 397 0 79 945 922 485 505 387 517 
0 132 892 856 320 533 658 497 0 738 291 464 529 548 588 393 0 87 937 910 434 517 396 501 
0 54 970 922 449 378 665 513 0 1001 68 256 616 495 524 368 0 58 966 929 419 605 382 631 
0 18 1006 1002 308 700 725 486 0 1003 57 663 555 610 590 482 0 6 1018 1004 373 657 694 446 
24 625 588 554 527 515 505 502 226 614 539 524 492 504 490 498 125 634 506 534 471 510 499 535 
60 520 582 549 491 489 526 533 164 553 554 557 534 491 488 526 88 544 577 554 513 524 505 508 
28 460 664 602 557 491 561 468 113 592 510 550 545 457 539 491 61 508 596 593 557 507 537 472 
75 516 603 581 567 499 559 454 213 504 552 560 557 512 542 511 106 565 544 590 563 488 547 448 
183 601 546 498 533 498 533 484 377 577 518 494 502 508 519 506 275 585 505 511 523 508 523 514 
284 488 544 558 513 527 506 513 431 486 458 491 517 500 525 519 498 523 544 507 501 498 514 515 
0 59 965 911 472 601 699 285 0 220 805 812 393 646 698 355 0 328 698 722 390 571 652 347 
0 0 1024 1024 176 864 992 64 0 0 1024 1024 176 864 992 64 0 0 1024 1024 176 864 992 64 
0 0 1024 1024 192 832 1024 0 0 0 1024 1024 192 832 1024 0 0 0 1024 1024 192 832 1024 0 
0 0 1024 1024 0 1024 1024 0 0 0 1024 1024 0 1024 1024 0 0 0 1024 1024 0 1024 1024 0 
0 0 1024 1024 0 1024 1024 0 0 0 1024 1024 0 1024 1024 0 0 0 1024 1024 0 1024 1024 0 
0 0 1024 1024 0 1024 1024 0 0 0 1024 1024 0 1024 1024 0 0 0 1024 1024 0 1024 1024 0 
24 287 797 743 529 533 627 386 204 361 706 721 521 518 654 406 92 363 709 702 496 526 658 379 
48 525 545 575 487 520 518 514 585 419 500 488 551 536 524 526 110 740 419 499 522 474 510 529 
37 602 486 568 491 489 513 509 576 463 530 522 532 514 523 507 143 735 497 540 505 508 514 491 
6 624 524 546 502 484 480 526 789 248 492 516 524 503 500 507 75 811 441 497 524 535 500 507 
0 441 601 582 486 497 518 498 534 491 522 556 500 521 520 574 9 606 476 550 506 518 493 502 
0 298 735 658 532 536 534 508 570 454 544 522 547 511 512 502 0 580 497 550 495 514 497 507 
0 341 690 600 491 497 521 482 335 681 439 523 511 513 495 537 0 406 650 640 511 483 502 558 
2 339 695 666 501 491 494 512 269 755 675 511 546 511 526 531 5 402 644 660 507 533 501 484 
0 425 634 616 482 524 506 493 396 629 483 508 524 509 513 501 5 424 674 663 519 518 512 531 
0 283 755 728 564 551 525 519 254 770 642 519 514 501 551 539 1 318 766 696 529 521 512 484 
50 333 709 645 488 522 531 493 271 773 522 480 519 500 501 522 48 345 697 672 473 510 524 482 
0 253 771 714 531 517 550 514 93 910 367 559 515 509 484 486 0 228 797 754 501 500 509 526 
0 130 894 809 458 528 548 458 3 994 147 577 414 528 497 472 0 122 902 880 531 470 503 564 
0 65 959 921 522 455 684 411 0 1024 130 636 469 480 590 338 0 28 996 953 530 468 392 511 
0 119 904 868 497 535 580 559 0 1006 36 514 442 407 614 414 0 68 956 930 515 518 433 468 
0 109 915 882 612 477 623 538 0 990 58 337 521 431 561 415 0 71 953 897 467 561 403 574 
0 185 838 820 347 553 615 413 0 1015 176 508 532 492 447 411 0 154 869 849 516 447 424 635 
0 89 935 884 500 443 614 435 0 853 196 412 583 463 544 419 0 72 952 930 535 452 446 556 
0 170 854 805 481 498 569 513 0 837 288 474 536 503 543 487 0 97 927 888 448 493 489 629 
0 35 989 914 450 521 657 553 0 822 210 437 487 427 596 414 0 58 966 937 514 497 368 591 
0 21 1003 980 640 438 635 634 0 926 108 338 533 573 614 376 0 46 978 963 496 561 407 534 
0 58 966 939 641 485 654 518 0 834 190 227 529 457 684 450 0 31 993 960 503 488 450 482 
0 12 1012 990 187 719 538 596 0 966 58 69 323 491 362 419 0 6 1018 998 79 919 331 770 
13 491 599 594 532 571 459 495 119 600 520 582 507 515 486 523 50 458 639 629 477 519 533 552 
57 596 508 582 506 504 518 544 259 597 511 571 488 515 528 510 121 614 525 524 516 548 507 512 
48 537 587 598 507 476 547 481 212 543 542 584 548 468 547 481 122 509 562 581 520 476 540 488 
39 391 690 611 541 518 527 503 119 420 657 622 541 526 511 525 53 477 619 598 508 497 519 475 
85 537 582 568 486 515 519 485 213 569 529 532 502 508 514 515 122 575 557 534 482 526 495 537 
73 545 549 532 534 491 509 508 153 661 465 537 490 506 501 513 133 698 435 553 502 531 506 517 
0 110 914 850 489 572 544 535 0 487 537 568 631 547 584 571 0 593 443 489 569 558 593 493 
0 0 1024 1024 176 776 960 96 0 16 1008 1008 288 840 960 96 0 0 1024 1024 176 840 896 96 
0 0 1024 1024 0 1024 1024 0 0 0 1024 1024 0 1024 1024 0 0 0 1024 1024 0 1024 1024 0 
0 0 1024 1024 0 1024 1024 0 0 0 1024 1024 0 1024 1024 0 0 0 1024 1024 0 1024 1024 0 
0 0 1024 1024 0 1024 1024 0 0 0 1024 1024 0 1024 1024 0 0 0 1024 1024 0 1024 1024 0 
0 0 1024 1024 0 1024 1024 0 0 0 1024 1024 0 1024 1024 0 0 0 1024 1024 0 1024 1024 0 
0 11 1013 1013 137 912 962 52 0 35 989 989 113 912 962 68 0 11 1013 997 113 912 970 92 
0 88 935 900 409 633 825 203 6 238 856 893 413 621 847 189 0 125 902 906 408 635 817 188 
0 209 815 767 583 426 624 384 87 588 692 667 594 464 632 416 0 392 645 731 555 462 631 386 
0 282 740 673 511 523 511 522 270 753 634 532 494 523 541 523 0 543 507 579 558 541 523 504 
0 267 756 683 578 478 461 540 190 834 796 436 494 556 497 526 2 446 606 631 544 497 476 499 
0 239 787 717 507 502 521 525 125 899 715 494 524 545 484 503 0 253 771 759 492 518 521 503 
0 209 815 738 493 477 454 500 26 991 529 466 513 453 480 445 0 199 825 765 459 553 520 568 
0 198 826 768 495 525 560 551 47 977 634 533 543 525 497 476 0 193 832 792 489 511 526 539 
7 350 731 637 531 506 495 505 242 788 674 517 499 506 507 501 35 401 682 627 502 473 514 535 
0 175 845 769 484 508 507 513 37 987 578 528 523 507 517 492 0 214 809 759 540 504 550 507 
0 332 702 615 521 470 524 497 175 849 697 520 507 513 510 527 1 330 707 678 517 460 509 487 
0 204 820 740 479 517 493 491 6 1011 502 504 474 487 480 498 0 219 805 743 525 498 529 506 
0 170 854 807 510 527 434 514 19 1005 783 350 446 510 449 526 0 245 779 761 486 486 600 570 
0 88 936 862 563 457 513 419 0 1024 475 519 468 519 493 443 0 70 954 861 504 534 542 503 
0 93 930 880 523 542 565 488 0 886 201 541 530 527 473 441 0 88 936 904 455 477 478 635 
0 217 807 752 481 515 536 470 0 901 288 511 475 508 514 562 0 119 905 846 477 498 529 654 
0 60 964 922 599 457 572 489 0 1018 199 385 490 464 485 414 0 64 960 929 527 520 485 650 
0 143 881 814 549 501 508 517 0 1000 155 519 527 510 507 507 0 99 925 881 497 516 530 545 
0 54 970 910 505 487 568 530 0 1007 206 348 592 494 531 421 0 79 945 920 493 560 404 574 
0 105 919 897 513 498 609 577 0 941 264 402 488 423 594 382 0 49 975 950 437 535 406 538 
0 156 868 807 482 578 571 517 13 982 166 435 468 448 500 453 0 139 886 842 559 412 435 547 
0 35 988 929 343 516 671 503 0 957 81 464 406 490 464 397 0 64 959 944 615 464 385 579 
0 16 1008 970 127 547 454 396 0 1016 8 204 799 790 387 434 0 8 1016 982 125 896 147 634 
3 264 780 750 678 548 657 364 45 637 454 492 637 348 655 585 7 567 514 516 415 365 665 347 
22 653 428 415 385 631 615 412 145 760 355 628 624 606 632 599 31 650 466 435 644 389 381 636 
15 610 493 443 398 603 414 621 108 698 346 648 394 624 411 398 26 571 513 479 402 624 408 607 
13 658 467 435 393 625 607 647 148 643 405 665 655 379 417 627 52 586 511 478 637 400 637 401 
5 304 751 731 619 618 683 607 36 614 515 511 608 413 680 553 18 608 494 508 375 630 685 329 
2 224 843 786 663 557 467 581 39 534 494 513 459 586 479 548 9 594 486 473 453 377 680 567 
0 35 989 953 391 643 742 504 0 122 902 900 638 432 747 306 0 197 827 845 612 665 523 310 
0 0 1024 1024 112 936 992 32 0 0 1024 1024 112 936 992 32 0 0 1024 1024 112 936 992 32 
0 0 1024 1024 0 1024 1024 0 0 0 1024 1024 0 1024 1024 0 0 0 1024 1024 0 1024 1024 0 
0 0 1024 1024 0 1024 1024 0 0 0 1024 1024 0 1024 1024 0 0 0 1024 1024 0 1024 1024 0 
0 0 1024 1024 0 1024 1024 0 0 0 1024 1024 0 1024 1024 0 0 0 1024 1024 0 1024 1024 0 
0 0 1024 1024 0 1024 1024 0 0 0 1024 1024 0 1024 1024 0 0 0 1024 1024 0 1024 1024 0 
0 0 1024 1024 0 1024 1024 0 0 0 1024 1024 0 1024 1024 0 0 0 1024 1024 0 1024 1024 0 
0 0 1024 1024 72 952 1024 0 0 0 1024 1024 72 952 1024 0 0 0 1024 1024 72 952 1024 0 
0 0 1024 1024 0 1024 1024 0 0 0 1024 1024 0 1024 1024 0 0 0 1024 1024 0 1024 1024 0 
0 166 859 813 618 421 681 334 19 785 333 542 668 607 684 552 0 206 834 825 590 645 466 341 
0 181 843 762 618 403 366 633 9 1014 305 635 650 650 394 398 0 249 779 785 610 642 423 409 
0 172 855 836 553 428 648 372 61 957 609 430 386 352 595 591 0 154 877 856 608 341 572 426 
0 163 860 782 591 424 407 367 26 998 583 476 365 364 366 362 0 210 812 777 635 378 607 433 
0 126 898 855 626 397 383 645 5 1001 195 529 394 642 394 387 0 102 922 872 329 630 650 638 
0 86 938 870 635 424 458 390 8 1013 244 642 589 398 360 589 0 99 925 879 651 347 373 433 
0 161 863 788 616 380 394 621 5 994 371 647 628 597 378 600 0 149 875 830 617 394 369 606 
0 168 856 812 621 427 641 433 13 974 226 557 360 586 427 328 0 116 908 859 689 348 335 608 
0 126 898 846 613 413 407 399 13 964 345 577 632 388 375 614 0 114 910 876 655 386 420 630 
0 108 915 861 694 402 430 608 3 1015 328 631 563 399 627 580 0 83 939 899 631 429 400 376 
0 132 892 805 647 418 431 411 19 1002 346 632 637 631 660 607 0 122 902 848 599 403 375 400 
0 103 921 854 720 384 429 583 5 1019 124 635 382 683 435 604 0 77 948 896 420 569 599 578 
0 114 910 840 616 451 441 381 5 1004 125 220 583 588 662 605 0 67 957 893 415 553 605 619 
0 29 995 978 343 572 787 782 0 839 185 207 425 624 567 246 0 29 995 989 337 661 455 266 
0 43 981 978 780 299 471 692 0 945 79 95 418 572 699 334 0 31 993 978 354 721 551 691 
0 45 979 918 276 639 719 472 0 863 161 271 359 573 494 560 0 34 990 966 366 600 514 341 
0 13 1011 969 368 591 853 864 0 805 219 229 478 257 849 384 0 17 1007 998 268 680 411 376 
0 4 1020 981 221 693 534 750 0 753 271 271 305 302 554 306 0 6 1018 1018 411 536 486 314 
0 46 981 908 318 643 641 412 0 724 303 376 402 383 654 576 0 58 968 933 368 588 608 737 
0 6 1018 1010 887 128 300 304 0 1016 8 160 800 306 387 291 0 17 1007 1007 888 255 179 249 
