1024 0 1010 163 723 513 512 512 1024 992 32 38 502 498 508 505 1024 1024 149 874 787 558 527 501 
1024 28 993 477 479 492 520 513 1024 1001 32 53 526 476 493 511 1024 1024 294 733 643 537 510 527 
1021 1003 954 335 532 526 461 524 1024 1000 911 151 641 513 525 515 1007 1015 951 349 618 553 530 486 
514 318 334 643 414 563 551 517 513 357 301 427 530 521 510 506 209 418 462 558 466 493 498 516 
589 318 315 640 594 463 466 504 635 298 285 524 456 476 505 496 132 236 687 632 446 490 505 512 
646 339 579 596 555 521 518 532 645 345 382 623 499 517 515 514 291 315 665 597 492 517 510 536 
570 583 611 664 493 534 556 516 596 564 564 668 462 492 523 501 563 536 578 671 462 461 545 543 
765 1000 780 258 606 522 518 518 771 1001 823 270 642 539 484 512 791 983 944 429 556 523 543 505 
1024 95 929 571 453 490 498 538 1024 1023 4 117 731 492 461 480 1024 1024 616 412 398 481 504 493 
1024 1024 133 822 589 442 486 424 1024 1024 166 809 817 588 519 526 1024 1024 817 281 226 344 636 616 
933 123 867 731 328 500 518 531 962 902 61 162 712 486 533 495 861 1005 594 441 454 532 537 484 
953 91 489 602 417 478 479 497 985 473 80 187 724 515 497 507 496 873 432 451 468 501 530 545 
976 127 121 595 368 373 619 488 1001 103 105 122 860 512 544 492 95 704 444 403 422 445 542 523 
1024 0 175 801 496 501 464 479 1024 0 0 188 835 759 508 518 0 14 1010 1010 986 712 462 552 
1024 0 810 214 233 688 586 682 1024 0 0 1016 11 782 305 388 0 28 996 996 828 633 356 490 
1024 0 1024 0 0 670 686 419 1024 0 0 1024 0 830 542 509 0 8 1016 1016 891 463 693 584 
1015 13 823 221 480 625 490 425 1012 15 17 926 103 581 357 593 12 145 880 886 789 689 627 575 
991 307 902 231 731 513 541 501 976 316 307 621 372 434 511 507 282 701 591 492 543 507 499 466 
1024 276 648 590 520 497 495 490 1022 714 46 548 485 460 533 503 739 933 620 287 476 547 540 505 
1022 1018 399 611 720 662 427 549 1021 1018 932 109 176 166 574 689 1019 1018 964 188 402 587 570 462 
987 175 842 839 719 492 496 524 996 972 47 795 249 441 508 514 968 1000 908 110 243 545 534 528 
988 470 572 573 592 553 536 501 999 944 101 791 270 396 512 473 940 1000 834 154 240 569 520 517 
1020 895 899 410 513 519 561 498 1013 900 903 258 634 530 507 556 904 995 898 565 354 490 490 545 
496 510 696 640 526 553 556 532 490 479 674 594 520 555 530 506 369 541 726 430 508 540 522 512 
581 529 662 670 526 568 555 534 579 507 655 653 532 513 527 523 476 609 632 578 498 519 536 497 
591 510 571 760 606 558 545 557 578 521 515 786 546 558 539 526 492 595 485 767 512 538 550 505 
490 514 554 719 606 565 528 548 505 498 559 736 533 534 531 536 514 478 495 719 413 518 527 529 
882 966 825 396 598 474 527 506 880 969 897 296 639 586 552 542 884 961 923 724 325 525 515 496 
1024 589 477 514 414 418 487 494 1024 1024 56 859 231 624 472 499 1024 1024 971 86 456 579 564 520 
1024 1024 934 105 177 474 548 542 1024 1024 952 129 168 870 881 505 1024 1024 981 188 844 372 652 605 
1024 9 1015 1015 947 329 530 531 1024 1024 0 956 77 329 530 531 1024 1024 1009 15 73 658 495 531 
1024 347 748 707 742 475 487 486 1024 1024 95 908 163 480 512 496 1024 1024 1012 39 382 624 496 509 
1024 1024 1000 222 698 579 461 516 1024 1024 1019 298 601 559 523 508 1024 1024 1024 722 260 490 537 508 
413 574 728 631 497 556 528 540 415 571 710 623 471 514 545 541 426 555 731 524 482 519 540 501 
560 648 788 684 507 531 515 531 558 626 803 708 529 540 535 512 554 636 772 684 536 520 550 501 
541 535 731 674 522 546 530 530 541 534 696 733 532 566 526 519 539 531 624 739 528 555 538 524 
444 632 535 729 581 518 520 548 466 614 549 752 533 564 524 517 576 500 532 720 431 527 523 535 
920 1009 853 247 691 556 507 495 923 1008 900 424 580 542 532 488 954 979 960 678 373 520 547 534 
1024 720 372 389 382 404 471 475 1024 1024 75 909 272 613 486 463 1024 1024 978 105 474 525 535 479 
1024 1024 936 127 137 872 158 177 1024 1024 952 147 158 854 842 803 1024 1024 976 181 890 872 154 177 
1024 18 1006 1004 774 441 488 481 1024 1024 0 755 283 470 475 461 1024 1024 998 26 193 649 559 459 
1024 224 896 835 710 568 520 513 1024 1024 115 740 288 508 487 547 1024 1024 1017 68 278 620 502 523 
1024 1024 997 82 798 643 505 506 1024 1024 1019 352 568 527 475 527 1024 1024 1024 795 204 529 499 564 
410 599 712 563 560 503 531 567 410 593 734 518 569 538 560 516 410 533 729 581 573 530 530 535 
542 688 775 687 502 578 505 538 542 696 764 623 521 569 534 536 539 637 775 670 483 549 567 499 
449 643 741 654 533 527 509 530 450 612 758 697 550 555 543 540 446 473 694 688 472 528 482 503 
433 710 747 564 473 535 497 543 464 673 831 600 532 505 556 506 649 452 633 591 509 528 564 536 
968 964 918 254 679 551 528 476 972 1003 920 272 713 618 520 494 996 983 962 692 419 498 479 551 
1024 241 887 856 656 576 504 503 1024 1024 144 619 378 535 502 505 1024 1024 986 108 452 523 489 518 
1024 1024 952 93 209 674 324 696 1024 1024 972 123 358 672 565 559 1024 1024 985 236 810 676 324 696 
740 241 740 737 537 500 502 534 815 863 214 700 380 453 534 498 767 853 774 245 447 557 509 519 
452 330 650 565 483 517 516 526 489 637 457 497 525 531 535 505 487 643 695 385 496 497 517 479 
509 663 668 433 562 493 515 527 515 665 671 480 554 488 501 494 550 669 664 579 461 524 507 527 
490 560 479 584 558 522 510 515 501 556 433 564 481 512 519 512 297 649 674 509 521 512 516 497 
434 590 457 554 501 514 528 522 591 518 465 557 534 534 520 504 398 681 615 515 501 506 492 517 
207 522 511 508 523 515 524 521 198 518 544 548 522 513 526 487 139 552 511 533 498 504 508 524 
412 795 656 540 523 512 534 516 490 728 605 594 501 524 534 510 598 603 585 619 524 564 521 513 
771 882 850 423 542 483 486 514 824 882 783 380 625 510 519 487 887 843 794 653 478 510 552 501 
1011 676 624 613 510 529 482 500 1020 997 457 464 497 555 511 525 1023 998 979 371 434 533 528 527 
1024 1024 1010 50 489 626 585 468 1024 1024 1012 143 860 291 484 556 1024 1024 1013 533 534 627 585 468 
179 227 430 496 480 494 523 485 178 363 576 524 502 495 546 508 145 304 491 503 489 484 500 480 
295 253 478 499 471 503 511 510 282 325 552 494 495 527 501 486 247 321 569 485 539 529 506 524 
48 205 632 426 481 501 545 520 49 225 731 397 456 525 522 533 53 295 757 496 519 502 524 493 
33 228 619 504 511 516 515 513 35 267 676 486 538 515 492 518 42 401 653 497 462 559 493 502 
69 121 647 526 514 494 521 488 65 233 656 513 461 499 523 508 67 359 629 526 501 504 535 512 
117 285 477 614 500 522 508 530 131 347 493 585 512 499 510 526 150 393 579 514 522 534 520 540 
352 771 618 519 498 522 534 510 458 727 640 630 511 532 507 519 614 648 709 585 521 515 544 494 
593 853 720 499 619 529 499 532 604 912 747 546 482 485 547 491 636 916 781 732 451 567 518 535 
1024 1018 856 134 815 556 519 469 1024 1019 883 591 411 424 480 481 1024 1024 918 891 217 657 501 543 
1024 1024 995 41 261 782 715 290 1024 1024 1005 141 872 601 324 413 1024 1024 1012 842 223 404 614 432 
1024 927 95 459 486 477 521 509 1024 975 456 484 442 500 525 517 1024 1013 761 331 585 510 534 483 
966 488 502 397 530 511 562 531 967 796 263 617 528 522 514 550 972 924 522 422 549 500 483 519 
448 256 604 499 489 522 520 513 510 465 434 467 514 508 522 502 538 643 424 540 505 490 509 530 
158 423 601 565 485 479 516 532 229 533 485 537 533 496 529 507 273 713 422 521 507 521 501 547 
167 308 647 517 477 503 513 504 187 460 543 584 522 484 514 523 215 719 402 433 503 547 516 514 
618 442 443 539 517 512 493 509 625 558 369 580 513 473 495 532 643 641 461 447 546 514 496 503 
646 559 412 525 489 526 513 495 644 651 407 496 520 506 505 533 664 666 578 494 499 558 507 522 
737 893 377 548 518 520 491 497 746 909 625 454 511 504 510 500 791 903 759 503 514 531 529 544 
1024 1024 832 192 378 517 506 488 1024 1024 1023 188 613 436 511 536 1024 1024 1024 795 332 558 487 502 
1024 1024 1013 11 63 500 535 410 1024 1024 1024 79 924 262 601 553 1024 1024 1024 998 37 208 802 604 
1024 1024 0 924 201 366 621 665 1024 1024 702 322 319 389 369 409 1024 1024 1024 105 877 634 369 410 
1020 968 58 536 543 657 613 388 1022 1021 370 627 598 636 374 620 1022 1022 988 60 795 373 374 369 
957 906 129 533 261 420 698 373 985 939 405 592 297 373 415 362 1007 936 654 401 734 668 420 381 
964 919 188 492 322 623 642 383 969 920 510 514 405 405 387 366 976 925 670 594 696 367 637 361 
1019 1018 507 495 520 663 631 628 1019 1020 964 192 716 358 369 396 1020 1019 1017 829 207 391 376 387 
1021 1019 847 171 486 394 666 617 1021 1019 998 203 665 401 658 383 1021 1022 1020 878 164 415 385 646 
1024 1016 922 103 454 607 383 654 1024 1023 985 231 714 376 670 688 1024 1024 1006 923 168 453 645 358 
1006 1017 987 81 937 589 331 401 1006 1018 997 613 409 446 337 397 1009 1019 996 970 193 559 381 627 
1024 1024 1016 69 922 804 374 431 1024 1024 1024 841 173 218 353 422 1024 1024 1024 1003 149 824 413 610 
1024 1024 1024 18 1002 576 484 305 1024 1024 1024 612 412 427 465 431 1024 1024 1024 1024 43 893 192 593 
