0 619 406 516 527 491 498 532 459 540 463 573 470 496 510 498 190 805 616 447 494 528 517 535 
136 417 493 526 499 508 509 492 275 602 520 502 503 500 494 524 241 582 528 542 513 500 520 525 
211 443 457 491 511 498 506 508 425 505 531 526 510 514 528 522 367 519 504 513 521 521 505 530 
0 211 408 473 462 437 463 477 56 540 526 516 490 513 523 500 3 416 470 507 492 514 515 494 
437 472 540 478 512 495 507 517 565 500 557 482 535 501 515 531 606 508 495 535 556 501 534 485 
584 539 496 537 533 545 520 506 657 587 456 420 518 504 535 538 737 572 479 432 513 484 511 514 
888 879 240 651 561 482 531 506 907 932 398 524 504 509 489 506 942 933 689 310 542 505 512 530 
23 338 522 516 508 488 528 515 106 738 547 506 512 513 491 514 125 609 536 501 486 498 533 520 
3 204 462 486 514 474 485 497 26 535 503 497 516 500 499 516 30 562 517 503 526 482 504 498 
1 605 358 422 608 570 538 549 12 832 378 447 463 576 497 504 27 884 658 567 471 568 491 532 
10 619 433 497 507 488 521 478 252 662 557 536 507 503 496 488 224 668 563 514 499 514 531 495 
89 663 572 510 504 503 526 525 212 727 616 474 500 517 512 522 650 359 505 505 519 484 503 518 
105 477 531 481 483 534 493 509 141 783 614 473 539 489 514 498 235 770 397 576 508 491 520 533 
653 739 237 260 631 489 499 513 697 910 249 449 560 502 509 521 667 919 156 683 343 458 485 518 
1010 968 58 250 660 593 508 512 1015 1015 13 748 262 450 501 493 1014 1013 15 834 261 513 491 522 
1024 893 115 279 610 494 486 529 1024 967 66 544 474 545 489 488 1024 987 148 679 346 572 516 540 
844 538 441 461 520 509 488 523 849 738 304 539 480 506 546 484 868 859 386 533 500 495 512 512 
208 194 383 434 464 478 489 466 215 391 388 452 529 514 510 544 227 439 363 500 519 501 501 527 
132 130 359 505 548 502 502 474 116 206 515 461 511 506 504 506 128 281 509 512 517 500 503 519 
43 48 874 276 558 502 627 517 27 278 723 703 605 561 478 578 19 781 249 262 326 514 489 585 
503 447 448 550 532 514 499 525 614 469 402 531 506 506 522 522 681 474 421 549 505 493 504 508 
406 541 492 526 492 510 523 505 501 562 503 535 494 502 516 515 668 507 520 502 521 525 528 536 
334 454 442 500 479 498 486 514 360 508 480 460 487 492 496 519 393 553 566 494 523 536 506 502 
537 466 555 517 498 551 510 537 555 577 467 510 639 521 518 497 570 660 430 538 596 517 522 503 
584 725 363 349 546 506 535 492 604 782 372 478 502 509 521 517 655 739 454 460 493 458 541 535 
587 462 462 524 540 517 497 520 636 518 468 473 566 520 525 536 693 559 500 537 520 506 534 486 
190 824 583 480 535 528 492 506 375 649 550 510 507 524 508 531 753 272 461 495 507 511 487 519 
64 780 511 492 501 511 514 520 172 789 547 535 496 520 504 507 490 524 537 538 486 519 509 500 
72 295 396 536 492 519 494 497 83 358 311 427 567 485 512 507 154 371 363 364 501 472 503 504 
8 134 440 556 603 369 440 430 8 135 346 572 505 475 606 504 13 173 370 621 336 482 628 396 
44 762 505 528 462 482 496 506 105 838 582 504 527 522 487 495 388 620 459 520 530 536 492 482 
26 251 290 560 521 514 515 506 37 258 314 631 472 486 492 507 66 268 517 569 555 487 494 531 
59 393 567 529 532 515 529 524 94 424 564 506 526 533 510 531 69 579 577 494 503 508 510 517 
238 637 504 526 530 517 522 492 393 570 558 551 470 510 500 507 326 689 591 541 504 548 501 532 
711 495 572 487 481 505 522 488 778 543 565 532 504 538 480 531 773 547 537 532 536 521 516 502 
683 418 498 493 523 540 507 512 794 322 481 488 525 506 523 541 894 284 524 532 543 517 508 506 
373 748 525 462 498 542 509 493 461 712 510 498 450 493 532 493 588 670 606 494 519 498 500 522 
36 916 385 516 495 518 528 479 43 918 384 516 524 514 499 515 91 911 516 504 502 523 514 498 
142 571 491 514 512 526 526 512 206 583 519 531 509 491 527 506 411 460 508 518 492 533 500 513 
8 626 432 427 361 647 470 675 16 703 383 693 461 354 567 475 75 872 565 281 323 542 565 617 
209 577 613 673 495 518 502 559 458 386 491 489 536 542 514 510 550 337 526 512 539 526 498 505 
400 253 426 394 479 534 495 511 457 214 484 542 525 513 465 522 483 302 488 572 490 522 503 507 
225 523 426 474 496 483 508 503 348 457 425 474 477 495 512 477 306 564 463 477 518 535 489 530 
214 561 423 490 483 494 498 494 452 399 524 473 482 488 482 480 307 597 575 482 516 501 518 507 
544 338 546 472 490 493 514 525 629 316 607 482 527 521 517 500 590 382 574 542 527 502 523 510 
559 252 478 490 497 518 482 483 617 241 527 490 544 503 526 511 600 330 489 505 480 538 509 482 
473 462 546 397 457 512 518 524 492 467 552 396 461 484 543 501 514 477 547 478 559 526 530 506 
245 635 520 558 505 536 512 505 287 612 544 549 494 497 509 531 396 555 610 498 511 538 516 543 
193 710 574 489 492 520 507 479 244 715 566 518 515 534 483 506 392 632 576 526 512 509 529 514 
208 760 480 605 462 405 522 568 352 659 656 426 489 590 540 509 515 578 582 674 470 516 469 630 
438 454 703 679 435 480 489 517 562 355 694 600 597 507 512 535 700 261 589 541 557 478 492 534 
51 71 241 582 515 516 504 537 54 84 422 677 478 485 520 508 55 137 736 412 501 508 528 514 
394 174 468 555 452 515 511 530 405 205 544 552 596 472 491 490 426 223 765 336 457 525 520 514 
481 150 406 400 440 448 462 454 492 203 407 442 507 485 524 513 505 273 401 513 487 494 524 506 
495 63 470 320 451 479 487 508 503 93 476 367 544 484 508 506 507 187 401 445 470 516 522 491 
526 147 461 385 430 456 503 453 529 285 341 328 460 463 510 470 530 378 270 348 512 473 505 519 
524 182 436 410 447 489 518 512 549 198 455 424 558 520 537 516 572 259 420 502 484 488 524 490 
32 583 542 522 486 526 512 527 81 599 462 516 519 494 508 509 181 650 336 462 484 525 520 509 
360 420 444 546 524 506 516 528 372 439 443 593 522 496 541 530 405 530 479 564 509 474 512 496 
1024 0 904 248 762 569 483 492 1024 0 953 784 404 622 454 629 1024 245 772 649 677 614 470 377 
890 97 865 635 490 504 511 517 891 437 550 344 465 498 517 518 894 568 423 280 632 510 477 555 
547 378 861 611 540 502 511 520 555 590 658 493 447 489 515 537 604 659 527 457 510 526 492 509 
348 341 536 518 502 515 521 524 362 342 618 561 530 509 506 531 407 331 690 512 523 495 501 540 
375 320 326 428 489 492 504 474 450 257 376 558 529 495 497 510 536 201 497 502 494 507 522 518 
412 449 469 426 514 544 525 508 498 365 491 475 505 546 522 505 580 296 478 532 521 510 522 525 
221 679 663 498 469 510 493 517 281 626 646 573 534 536 509 513 377 540 598 545 555 518 472 504 
32 822 444 512 559 521 491 515 62 834 517 477 472 530 485 539 124 817 612 485 491 530 496 526 
99 684 387 532 491 510 504 510 119 705 448 514 497 487 533 522 176 692 594 503 495 510 500 498 
669 129 238 518 529 529 496 525 699 104 387 515 522 491 509 507 716 108 631 527 464 519 500 527 
1024 0 117 867 522 469 539 493 1024 0 397 647 614 572 597 485 1024 8 996 67 739 426 353 618 
932 231 747 674 601 508 516 515 934 510 471 466 489 475 516 494 935 528 466 508 519 509 510 517 
1024 160 667 560 471 575 524 506 1024 206 725 487 539 470 480 508 1024 239 642 504 564 543 517 524 
583 311 592 506 543 502 511 500 791 112 466 467 483 539 510 484 832 115 474 483 491 508 494 508 
390 547 566 505 456 472 518 509 535 404 475 579 522 490 500 498 642 299 470 526 485 485 529 521 
264 695 685 413 514 497 509 519 306 658 722 564 487 529 526 502 353 619 704 585 520 499 534 512 
443 474 489 621 532 484 512 534 466 452 639 581 457 524 519 524 473 448 755 501 393 492 507 529 
438 450 514 507 513 499 519 507 460 435 685 418 498 517 529 543 509 394 698 426 517 494 509 484 
447 508 575 424 510 491 518 510 432 526 635 585 545 474 527 523 553 418 537 553 538 488 503 502 
645 262 434 525 503 504 516 504 629 278 496 508 512 515 529 516 625 284 530 542 495 540 504 505 
1023 1 518 441 564 477 499 590 1022 2 485 472 486 412 552 370 1022 2 535 457 453 422 573 539 
1024 249 775 687 580 463 549 482 1024 592 432 445 525 505 486 506 1024 715 312 541 501 525 556 523 
1024 39 933 410 546 502 479 524 1024 184 821 591 343 514 486 522 1024 289 688 584 577 482 524 507 
976 13 834 527 481 520 459 512 981 51 900 797 580 532 523 546 982 374 616 531 513 469 524 516 
1023 1 738 382 505 556 517 514 1024 18 841 778 638 472 516 508 1024 156 795 691 540 553 478 516 
1024 6 489 589 533 563 522 525 1024 71 755 471 507 515 491 516 1024 139 754 468 504 546 507 516 
1003 17 952 737 551 491 517 500 1005 114 876 724 586 562 490 514 1006 397 589 466 374 509 533 505 
900 49 602 470 499 519 488 528 908 44 674 558 540 520 511 509 910 130 629 531 512 509 515 510 
626 398 473 644 584 517 488 519 648 376 552 593 557 496 536 509 678 346 630 559 454 506 507 501 
773 245 684 484 503 541 505 520 743 294 756 483 569 489 516 512 737 343 740 541 560 526 522 502 
1024 16 445 550 393 528 536 494 1022 8 446 459 487 467 495 467 1006 58 407 434 516 433 502 527 
1024 918 106 90 131 196 194 862 1024 980 44 74 896 208 192 183 1024 1022 4 157 871 822 817 210 
1024 33 991 912 167 839 169 180 1024 102 922 923 853 151 848 836 1024 820 204 229 244 247 197 829 
1024 22 1000 993 925 218 835 199 1024 40 982 978 947 220 839 835 1024 64 958 954 927 858 197 187 
1024 178 846 832 814 811 199 824 1024 897 127 161 139 211 840 171 1024 915 113 176 172 874 818 202 
1024 45 979 821 245 199 839 827 1024 99 925 839 155 821 831 832 1024 129 895 828 810 183 191 842 
1024 142 882 882 869 798 179 835 1024 918 106 106 121 205 186 827 1024 1013 11 11 112 824 184 840 
1024 48 950 852 153 190 192 851 1024 90 932 875 859 202 183 838 1024 845 182 182 185 174 210 192 
1024 0 843 183 277 183 172 836 1024 0 1015 134 735 198 839 188 1024 12 1012 824 281 206 825 196 
1024 116 908 826 863 193 187 828 1024 168 856 859 789 841 202 833 1024 886 138 159 155 194 199 840 
1024 21 1003 1003 974 52 934 87 1024 20 1004 1004 990 75 966 814 1024 37 987 987 981 833 200 807 
