10 23 169 594 454 481 500 480 56 245 520 517 563 477 516 498 45 186 340 619 575 513 522 501 
51 312 495 488 479 486 511 500 302 465 525 508 515 487 501 493 264 455 517 517 519 536 520 507 
60 124 280 365 426 426 469 457 222 464 491 522 512 524 490 482 171 465 481 493 533 510 485 529 
19 143 364 378 444 444 473 475 397 611 514 502 496 522 494 539 261 695 553 519 547 505 507 502 
35 165 278 362 407 469 446 460 368 495 502 553 527 474 496 486 286 486 515 513 492 520 540 515 
13 132 299 408 462 423 447 499 256 632 548 500 510 487 516 506 137 686 550 508 518 506 503 528 
14 73 293 415 428 472 506 436 180 711 544 491 519 529 503 494 79 728 509 546 524 531 493 495 
13 116 274 569 499 510 489 507 60 549 527 525 505 536 509 534 38 393 618 588 539 518 509 491 
0 365 428 605 520 513 510 515 22 833 546 476 538 512 494 504 36 727 541 518 499 483 500 528 
11 274 477 453 505 498 500 507 103 860 546 535 545 510 522 529 70 847 400 532 525 519 534 535 
20 122 398 520 477 497 486 502 90 493 575 501 508 514 500 512 74 478 514 499 502 496 522 516 
641 287 417 555 533 518 491 529 778 310 609 474 517 511 509 518 616 469 374 388 453 486 525 502 
714 278 290 597 473 544 510 513 935 91 382 473 459 487 509 491 563 461 434 405 413 487 530 493 
341 345 443 548 470 512 492 499 493 367 391 521 561 529 527 525 227 525 521 494 456 510 534 523 
381 567 405 507 510 514 522 518 728 296 464 525 483 506 517 465 330 693 527 522 498 527 522 517 
188 713 523 517 487 516 514 509 785 285 462 515 495 497 515 525 413 636 563 510 500 518 508 520 
205 726 463 507 518 502 505 517 503 545 583 553 517 533 533 550 168 848 648 512 522 495 491 493 
782 392 531 498 491 498 519 520 796 301 590 580 510 510 498 490 509 480 444 579 509 505 500 492 
183 421 575 513 519 534 555 503 347 666 645 485 537 500 505 510 187 752 427 521 496 498 483 495 
121 426 569 517 494 487 528 473 314 648 591 524 487 511 526 517 156 731 463 503 512 494 512 499 
555 399 620 490 516 488 512 522 785 289 660 566 482 512 514 537 582 441 412 545 492 528 497 494 
547 439 530 512 478 494 489 520 770 309 590 537 486 519 525 521 476 544 483 533 539 501 511 521 
929 97 853 473 539 514 511 542 994 209 743 647 486 520 479 527 908 115 329 662 462 543 488 512 
804 251 675 583 515 504 493 530 867 272 569 562 485 532 515 518 689 335 449 574 547 503 509 473 
384 611 744 664 606 484 491 525 490 540 596 582 597 565 498 496 184 786 804 716 448 570 491 511 
84 832 796 793 712 446 526 484 328 662 551 566 593 510 433 510 4 915 854 800 377 528 530 502 
103 488 778 669 588 506 513 497 210 553 624 604 546 459 484 494 8 605 847 633 476 507 508 504 
163 587 507 542 536 526 510 507 212 701 530 504 526 519 492 509 83 645 535 601 451 512 499 500 
37 703 356 427 527 459 493 520 44 964 684 400 584 549 511 509 14 922 237 726 559 513 478 529 
28 825 306 683 423 474 531 470 44 980 752 421 581 562 542 523 2 962 169 812 583 486 497 520 
344 574 639 539 560 544 550 520 367 571 818 543 456 508 513 512 331 586 407 568 470 479 511 482 
0 851 362 623 514 531 483 511 18 1006 829 682 379 445 525 487 0 928 355 558 606 510 503 514 
0 915 548 480 476 502 515 500 8 1016 862 712 386 499 534 503 0 907 323 644 626 545 521 521 
224 664 673 482 462 512 528 520 254 767 842 658 519 505 515 499 199 705 420 491 444 510 514 527 
476 295 582 524 498 508 517 525 457 427 545 489 582 539 496 515 264 401 623 545 487 532 512 501 
0 87 647 542 473 496 502 541 0 598 433 647 550 505 498 497 0 60 640 668 538 529 489 544 
15 583 436 559 499 514 487 508 131 740 571 448 513 497 527 511 37 547 478 568 498 498 503 486 
0 61 790 425 476 516 510 482 31 810 378 451 531 519 506 504 8 274 769 464 498 471 516 498 
160 204 633 459 480 530 536 525 191 555 546 413 445 517 513 472 121 252 784 272 477 502 521 527 
0 42 165 801 805 299 307 403 37 48 890 335 516 513 565 456 21 34 234 745 714 317 384 602 
1 47 315 609 502 523 496 513 29 225 594 477 540 512 508 507 17 144 506 534 579 478 516 484 
48 147 322 479 486 481 510 491 192 505 508 524 506 529 539 509 171 454 510 507 517 540 511 514 
34 77 279 470 488 466 529 486 104 660 428 462 520 538 517 511 82 486 491 501 498 507 500 510 
34 175 396 516 492 515 490 518 292 769 498 499 508 474 501 499 210 732 514 509 508 492 502 511 
167 287 400 471 475 481 494 503 296 442 499 491 499 536 516 498 244 427 484 487 515 501 515 521 
265 345 440 490 502 487 475 522 368 529 546 452 523 535 519 510 325 506 490 494 507 512 495 505 
0 62 220 376 404 440 446 470 76 847 569 487 511 525 509 503 20 811 426 558 517 512 519 501 
3 93 335 540 524 484 495 516 53 365 756 537 523 532 512 514 19 379 689 544 491 514 510 511 
3 500 600 429 530 539 513 494 37 783 744 563 491 507 492 489 84 697 668 561 557 492 486 521 
17 190 292 439 480 458 464 492 105 923 708 451 504 521 487 506 76 919 458 581 548 524 511 510 
2 63 414 454 468 508 527 482 54 650 582 514 531 504 521 531 37 535 550 523 536 502 514 502 
261 307 581 470 523 522 473 519 422 605 763 460 501 545 505 526 261 761 467 436 534 514 493 505 
858 166 791 240 450 505 525 512 975 49 848 347 567 486 519 505 782 242 217 195 557 532 523 497 
806 218 730 372 512 516 543 514 942 82 759 475 526 510 510 505 681 343 309 340 520 507 513 503 
826 228 598 429 536 534 475 502 981 177 730 511 522 536 506 537 801 314 328 509 529 509 527 482 
346 626 501 517 520 522 520 502 891 198 477 501 502 536 517 504 505 552 545 529 505 504 471 516 
301 702 453 531 537 533 498 525 772 293 487 489 531 500 519 486 461 550 545 487 529 500 497 505 
714 237 602 556 520 531 546 514 703 216 588 492 526 514 514 516 524 301 394 538 469 487 492 502 
885 193 702 476 496 518 518 507 916 232 716 593 486 542 526 477 860 102 226 614 530 524 502 497 
370 298 550 531 504 510 520 493 450 473 629 496 448 530 502 525 363 384 445 556 497 494 505 520 
811 268 654 548 528 516 483 518 914 316 590 523 501 510 509 454 729 295 424 566 487 517 496 514 
826 333 681 592 506 493 492 510 931 464 479 465 528 494 505 518 790 233 514 495 541 486 515 499 
1016 299 717 686 409 505 539 522 1022 608 406 402 601 530 492 508 1016 8 608 415 545 518 530 516 
845 365 534 470 498 505 528 531 936 358 540 521 511 500 520 531 794 230 494 485 529 531 528 506 
333 629 494 482 533 517 507 526 377 589 465 520 469 513 533 499 95 708 713 564 510 540 548 532 
17 916 738 579 538 473 524 512 452 571 449 434 466 521 522 515 0 934 562 447 489 525 510 510 
23 868 614 571 547 537 507 488 239 779 622 464 533 497 528 540 0 877 431 451 480 545 504 498 
200 779 507 508 510 533 502 520 427 538 544 481 567 514 508 518 119 739 463 481 501 507 495 522 
262 720 397 525 516 478 511 500 581 448 503 496 520 511 504 526 128 892 565 498 519 511 503 522 
211 752 644 428 485 486 518 515 293 674 708 337 542 500 516 499 83 823 330 590 573 542 491 517 
384 593 663 705 537 452 507 512 394 579 785 697 562 505 517 515 364 556 428 724 477 517 493 517 
9 836 478 504 525 532 504 506 124 885 370 692 571 502 517 523 0 988 299 663 483 459 501 510 
12 922 192 490 564 496 482 484 36 963 469 487 448 455 533 525 0 847 397 643 578 522 533 505 
240 699 606 570 523 518 499 529 259 734 700 510 471 525 514 515 207 596 441 651 470 504 506 519 
503 449 459 537 523 507 503 513 450 493 611 567 538 474 518 516 272 373 673 621 547 521 501 486 
36 773 433 508 505 529 532 524 49 879 521 513 527 480 496 508 27 268 690 560 545 493 510 501 
158 741 442 533 492 526 516 487 669 419 528 485 508 509 496 502 356 606 537 505 529 513 545 507 
160 529 589 505 498 535 536 509 364 680 525 506 495 530 526 519 111 697 555 527 482 503 526 511 
159 531 589 449 529 520 530 493 551 439 431 426 505 502 508 531 187 544 602 463 492 513 525 503 
13 375 678 612 334 488 470 551 182 804 886 335 335 438 448 552 112 839 309 376 563 629 394 484 
0 15 342 590 433 518 470 485 11 210 590 469 479 527 501 525 1 121 463 589 585 494 490 498 
0 35 192 401 495 453 487 473 33 458 411 564 534 493 508 518 13 435 395 588 533 504 489 508 
14 75 235 410 460 475 471 469 59 571 511 484 532 515 509 509 48 393 607 563 502 526 500 509 
2 155 307 496 519 498 490 504 62 839 417 513 522 492 519 502 31 722 507 524 530 498 567 520 
55 238 369 437 464 465 492 484 207 576 520 514 487 540 495 479 174 531 497 508 519 521 492 512 
122 330 490 476 487 492 487 460 488 378 500 517 489 528 506 500 403 378 528 499 491 496 520 506 
55 354 400 432 476 458 472 486 431 523 523 493 523 503 521 495 388 561 519 456 517 526 508 527 
111 238 367 500 482 480 513 480 364 378 541 457 503 511 488 502 241 490 550 495 500 541 521 512 
210 359 467 496 501 466 519 500 517 654 532 557 537 545 528 532 480 714 541 558 552 518 521 534 
466 347 477 455 508 531 480 500 670 463 550 479 535 524 556 502 531 526 425 544 496 528 526 526 
162 165 404 444 503 499 503 520 219 464 503 481 523 526 552 517 163 357 584 495 522 505 522 539 
288 507 479 509 522 498 523 501 563 450 494 499 535 506 501 531 326 636 520 522 527 513 510 548 
518 499 505 487 509 525 518 472 779 253 506 505 502 534 514 522 338 686 582 458 501 526 511 504 
820 252 736 649 559 529 501 514 888 231 716 644 522 532 529 518 715 296 239 554 509 529 519 512 
794 354 549 526 518 527 492 502 942 449 622 610 569 538 530 530 818 439 467 552 537 501 506 504 
685 300 592 517 489 498 543 496 842 281 659 519 514 513 495 495 657 365 352 534 530 511 513 530 
719 296 557 474 513 537 513 530 851 223 556 510 516 532 506 517 550 479 398 492 512 520 502 519 
881 256 593 530 487 510 526 491 864 212 597 409 525 496 499 514 604 368 406 422 504 507 504 521 
765 362 464 476 501 519 509 510 846 394 545 519 516 509 519 518 723 306 474 506 521 537 527 502 
360 433 578 523 505 519 509 497 559 583 530 517 532 519 505 501 536 430 548 553 522 521 513 500 
394 725 355 531 484 556 548 538 660 646 507 417 553 513 511 505 747 298 531 447 513 523 481 507 
117 685 310 511 470 520 543 510 192 886 862 430 556 495 507 514 301 726 614 578 509 505 493 527 
169 926 136 529 515 492 523 535 295 861 727 378 560 518 515 486 591 433 542 417 461 495 520 509 
335 850 230 597 514 517 521 525 530 723 579 535 491 533 508 518 693 354 567 388 557 527 520 532 
466 523 451 482 486 490 516 543 488 506 455 462 504 508 496 491 195 664 593 515 534 516 500 516 
51 813 538 579 535 496 500 528 283 741 473 495 510 540 536 516 90 898 426 482 504 504 518 541 
0 54 960 829 426 563 516 502 14 950 95 303 615 480 538 502 7 909 139 359 567 472 528 491 
158 774 388 506 511 490 527 518 211 798 604 428 491 518 504 499 110 753 469 477 517 516 489 536 
0 321 719 690 538 556 513 519 71 947 595 683 535 520 495 507 0 919 331 582 534 488 510 509 
419 535 628 404 493 514 520 517 430 534 733 434 540 539 502 516 149 786 372 519 559 552 517 521 
407 815 360 596 454 460 509 505 475 580 684 481 549 457 510 499 414 522 430 701 574 483 494 519 
0 874 104 567 467 531 522 514 0 930 95 906 667 437 499 516 0 917 117 872 657 450 535 506 
0 541 309 520 467 461 505 503 0 665 321 703 442 518 514 519 0 570 320 675 521 497 525 499 
279 464 544 512 540 514 485 497 291 530 655 494 499 524 497 526 239 423 379 605 488 505 484 494 
516 460 418 530 472 499 516 542 485 452 600 597 516 513 519 499 318 321 665 572 537 506 506 512 
0 870 626 386 531 493 536 517 4 986 784 379 479 523 519 525 0 297 677 532 497 495 496 517 
230 392 601 573 501 532 513 511 464 313 559 571 521 507 515 514 88 487 631 590 538 487 507 492 
270 589 525 533 480 501 525 510 632 500 447 487 519 522 493 511 157 709 502 523 538 524 507 528 
122 416 409 468 471 500 464 521 449 510 510 521 527 488 533 497 110 682 526 513 493 487 509 504 
8 561 379 485 515 562 506 526 443 567 526 557 413 642 429 517 14 945 445 592 495 574 598 509 
16 22 339 486 477 439 470 489 21 140 659 511 526 499 535 490 19 71 622 463 531 508 532 490 
105 253 289 389 508 493 504 519 390 352 473 573 458 560 527 501 372 340 455 580 530 508 533 522 
93 337 378 435 483 449 482 476 259 627 480 544 516 517 549 514 220 599 461 485 482 522 532 506 
22 364 570 567 553 531 504 505 238 721 475 543 522 513 507 510 112 734 518 494 477 516 498 534 
57 346 528 479 489 483 509 513 162 602 437 513 505 520 507 503 87 524 463 542 502 515 496 499 
90 448 536 474 516 501 538 496 161 729 490 414 492 544 516 504 18 720 417 559 470 501 513 513 
69 516 456 518 488 528 491 509 166 844 577 365 516 547 493 534 117 748 344 661 506 520 511 479 
148 283 439 492 499 510 490 510 182 497 617 487 544 500 527 491 135 418 523 539 528 503 515 509 
872 127 696 524 520 464 526 523 884 162 699 562 513 519 476 534 757 221 276 565 424 524 490 527 
993 245 635 654 552 459 506 528 1010 223 675 651 450 529 490 489 875 157 332 636 473 530 482 524 
259 134 528 546 480 476 479 486 278 321 523 466 512 497 520 527 208 195 542 578 518 495 512 515 
573 468 573 521 483 507 520 492 776 291 505 443 526 535 495 520 431 582 510 491 522 524 524 518 
163 378 517 542 517 555 507 516 289 717 499 510 517 488 496 520 131 828 439 503 512 488 481 522 
58 562 486 524 516 523 516 518 206 808 723 550 486 515 512 498 62 929 611 537 492 500 509 522 
119 587 521 518 518 482 498 489 539 585 581 492 542 526 513 517 453 650 608 521 518 520 537 529 
86 677 391 436 509 521 517 507 254 839 701 492 517 492 533 527 234 853 829 565 526 534 515 516 
473 454 488 496 498 534 525 518 616 372 435 556 568 508 510 493 293 624 590 524 524 493 513 518 
889 252 485 416 513 517 514 527 869 189 390 543 502 541 513 521 431 553 563 468 525 498 543 537 
610 231 486 536 486 530 502 515 679 193 571 483 510 488 538 508 453 341 517 478 502 523 539 503 
252 721 433 525 503 509 510 507 805 477 508 572 564 564 534 535 600 635 621 563 529 552 524 507 
195 885 341 614 523 510 507 539 497 714 744 597 547 513 518 508 785 418 446 450 489 518 548 538 
324 771 413 558 516 481 494 520 466 699 747 604 479 503 527 538 578 574 465 500 519 534 523 541 
377 708 623 469 538 499 507 499 505 640 748 543 517 541 535 503 403 680 461 579 530 525 508 509 
332 879 411 552 543 500 523 526 472 740 623 522 503 516 514 520 514 510 598 486 447 562 500 502 
493 522 469 436 488 500 539 504 515 504 459 432 526 504 517 503 195 689 589 521 560 530 522 512 
60 860 539 483 509 549 556 523 310 715 570 485 535 539 491 523 136 848 414 509 534 518 514 524 
0 296 729 625 551 525 491 484 0 897 294 394 482 503 500 504 0 833 301 430 488 503 525 531 
169 558 470 554 526 523 511 511 187 732 541 413 494 492 508 526 118 657 526 422 450 523 507 507 
0 92 898 665 518 516 505 514 0 995 165 653 556 480 490 506 0 827 446 469 487 508 506 509 
470 502 638 379 468 490 494 497 433 553 743 538 536 519 546 530 182 718 453 528 567 522 526 497 
435 852 300 485 479 513 527 501 530 572 536 455 581 532 528 502 491 466 350 640 548 550 501 472 
0 415 288 396 519 526 527 495 0 596 436 669 537 470 498 479 0 579 442 591 539 525 516 522 
12 131 326 527 502 471 482 484 26 408 582 466 531 490 516 526 15 304 603 482 508 525 516 493 
288 432 359 420 488 473 536 484 353 472 613 522 510 512 532 500 243 372 426 626 524 516 525 500 
538 389 385 452 418 491 503 509 477 440 522 632 551 473 504 486 322 299 722 574 509 484 510 509 
122 431 604 549 488 498 513 480 183 654 566 504 515 510 487 496 75 295 541 484 496 492 502 517 
130 373 469 493 499 487 502 471 383 551 546 512 496 507 531 515 121 636 495 554 516 506 505 509 
37 178 229 273 327 433 421 467 165 406 638 470 477 520 516 510 69 331 593 459 523 492 513 532 
4 22 56 102 201 340 387 398 14 177 562 528 512 523 512 522 5 82 523 537 506 535 500 499 
0 0 6 14 97 699 371 454 0 70 909 533 476 424 446 545 0 2 898 149 305 508 569 472 
0 6 387 477 493 464 468 473 0 183 595 525 480 525 528 523 0 103 610 477 499 521 507 510 
78 224 311 408 485 453 511 488 370 351 471 586 514 534 525 519 349 311 476 571 492 507 503 509 
87 411 342 502 493 484 470 487 195 550 609 433 491 508 510 533 166 466 408 486 455 511 502 491 
0 743 326 433 522 495 497 540 1 870 754 374 427 508 526 532 0 623 369 629 483 531 504 499 
44 406 374 543 505 522 497 510 66 574 607 472 519 526 502 488 58 363 395 535 476 497 524 518 
0 448 425 534 502 494 499 505 16 697 688 454 514 532 525 510 6 539 346 573 474 486 505 520 
4 340 474 450 479 496 511 500 39 673 516 521 493 523 528 495 3 414 466 483 493 484 478 509 
17 166 417 547 503 479 503 484 77 385 615 456 541 538 531 496 61 296 517 504 490 518 520 525 
33 655 540 506 516 521 503 506 134 862 610 537 500 515 498 503 29 853 365 527 494 507 485 509 
99 167 683 551 488 529 510 498 141 822 331 558 509 522 485 506 73 685 371 436 514 501 514 511 
31 222 356 617 498 509 486 488 34 303 599 537 511 496 499 491 13 75 758 482 448 502 500 483 
340 602 481 458 462 540 541 492 533 436 427 306 515 518 483 529 42 759 659 395 400 514 531 510 
177 342 621 660 523 511 495 535 281 683 340 503 503 539 516 505 117 823 415 562 476 551 494 533 
189 682 527 496 510 507 502 533 638 512 548 493 500 507 518 506 362 680 552 527 508 473 532 491 
139 727 472 545 523 506 515 540 637 602 576 478 505 521 509 496 538 540 648 475 534 489 511 517 
30 815 252 514 507 496 508 492 252 827 784 368 501 517 487 472 244 791 825 631 444 508 496 513 
550 382 543 533 497 512 507 517 556 425 477 488 520 511 506 506 298 552 528 440 521 499 512 527 
800 278 263 361 480 523 496 507 776 253 309 353 509 520 546 499 172 801 750 425 531 517 503 504 
834 223 461 527 529 488 493 526 859 183 452 462 555 513 517 495 520 473 526 506 488 505 497 521 
38 853 257 533 511 505 524 511 367 684 645 515 532 497 517 486 234 802 752 485 518 508 497 518 
291 792 391 496 500 519 506 507 679 572 635 542 545 543 508 569 633 598 638 622 539 546 550 522 
455 607 422 574 509 489 511 553 626 547 697 504 551 546 520 543 558 603 534 584 532 536 550 512 
630 561 594 514 517 531 527 512 759 656 683 622 632 546 549 547 700 643 525 609 578 536 513 518 
532 742 432 605 491 510 501 486 637 691 617 478 552 535 522 539 685 459 532 458 524 553 501 539 
518 504 448 365 515 534 503 542 523 495 434 449 546 510 543 527 156 736 618 545 603 542 525 502 
12 667 843 544 410 489 494 503 70 954 515 356 555 545 536 516 0 946 300 393 534 503 520 534 
0 132 910 858 492 514 510 570 0 937 140 270 624 527 504 505 0 811 217 269 538 492 534 488 
179 496 496 462 537 513 502 497 178 735 468 536 473 497 510 477 98 591 507 541 525 514 510 505 
6 71 881 567 494 549 507 529 1 913 194 576 510 522 524 518 0 675 402 651 539 499 528 528 
380 580 593 467 524 506 528 507 375 573 625 575 521 518 516 514 180 557 498 499 471 528 478 486 
465 818 277 483 603 526 536 540 548 613 492 385 560 550 521 498 474 501 415 614 514 501 500 554 
0 471 343 348 574 504 479 510 0 571 476 694 470 516 503 503 0 525 422 584 470 511 498 533 
2 32 349 518 505 516 516 496 7 353 645 538 514 519 508 529 4 83 765 430 519 512 500 492 
224 283 401 572 551 514 536 544 250 413 686 597 610 577 548 573 230 323 579 611 586 561 546 537 
318 310 475 585 523 529 518 532 258 349 575 580 576 561 496 518 287 297 406 482 586 550 516 506 
92 327 535 457 503 492 504 489 241 562 667 522 504 495 523 528 75 429 406 486 509 477 497 523 
67 207 308 364 444 469 444 465 200 718 551 535 520 524 515 486 62 549 528 506 537 508 507 517 
0 8 24 49 128 306 356 368 4 165 725 475 509 494 511 501 0 43 644 462 473 517 532 491 
0 0 7 23 78 245 294 338 0 50 488 559 509 497 517 513 0 17 322 685 519 518 488 517 
0 0 0 5 27 80 726 190 0 10 939 166 864 668 256 589 0 0 730 300 280 351 656 446 
0 1 489 417 488 486 467 510 0 307 463 463 439 497 522 514 0 144 535 584 549 519 498 540 
26 94 221 318 610 498 495 509 101 289 260 761 489 483 516 515 100 324 265 688 452 501 521 514 
71 265 457 519 483 491 499 477 129 550 620 522 547 497 525 529 107 370 452 487 489 549 520 509 
0 334 547 525 507 486 512 521 31 889 664 481 528 497 544 516 0 585 447 523 541 518 511 528 
11 226 464 482 496 500 494 500 79 679 574 523 529 494 529 531 36 575 445 477 505 496 543 516 
1 181 564 499 484 512 485 503 46 853 653 511 520 493 511 533 15 696 393 486 519 476 502 525 
7 291 422 469 456 497 492 489 70 770 630 479 529 490 522 534 11 686 403 482 485 517 528 522 
3 118 315 503 483 503 475 498 43 441 607 521 484 526 497 495 16 347 601 541 502 518 528 484 
17 252 502 488 498 500 482 489 123 877 616 536 531 512 528 496 86 853 366 535 513 506 492 532 
2 115 482 465 472 505 509 503 85 921 534 501 508 509 509 510 33 903 302 542 509 532 537 488 
1 230 251 674 532 486 520 518 9 442 665 531 532 517 494 511 3 296 690 536 504 514 510 501 
432 360 320 418 455 535 500 508 551 293 295 333 541 491 518 507 47 565 686 400 461 480 528 509 
254 604 513 520 524 507 526 509 716 312 436 468 523 505 512 523 334 614 478 534 500 501 510 505 
79 512 470 470 508 481 495 493 718 477 567 480 508 531 527 524 426 633 528 504 494 531 512 506 
62 477 427 491 487 499 506 494 626 510 552 607 503 498 526 519 302 713 536 498 505 544 489 522 
92 737 394 475 507 515 521 527 869 274 563 523 488 508 528 500 567 468 474 509 523 520 508 531 
335 600 436 495 538 524 528 519 511 506 546 479 517 500 492 530 428 513 472 524 519 542 518 498 
349 396 466 480 477 492 483 511 444 550 584 474 501 517 514 517 303 608 605 454 499 497 522 514 
124 469 419 551 505 485 499 530 244 555 678 441 519 525 536 525 191 588 638 500 496 515 531 528 
83 858 376 539 479 512 516 527 418 635 567 470 527 527 503 507 210 824 674 461 494 511 494 512 
82 828 436 512 492 540 525 537 730 362 479 500 488 488 506 531 511 557 579 558 500 480 511 502 
344 627 480 488 509 506 514 513 846 477 540 547 543 533 534 549 578 674 645 566 527 534 555 527 
678 468 507 519 516 512 514 550 844 591 629 588 573 562 559 564 794 524 573 563 531 526 514 493 
632 690 451 567 516 510 511 515 709 638 539 509 561 481 539 555 674 491 599 498 541 528 548 488 
504 496 460 405 528 513 515 519 501 506 470 395 549 530 534 521 153 715 626 565 564 533 514 525 
0 622 756 606 497 500 515 533 21 993 459 365 566 514 509 488 0 734 381 540 531 532 522 518 
39 289 772 724 535 502 526 521 33 945 155 384 637 514 551 528 27 719 309 352 602 496 517 500 
335 400 511 477 503 499 520 517 333 477 517 534 519 508 525 504 293 336 554 499 493 527 540 506 
245 624 472 489 530 523 508 525 248 719 398 591 506 520 537 488 228 419 573 581 479 513 488 515 
301 683 351 529 486 505 486 503 303 667 420 515 494 491 501 491 260 331 675 482 485 499 529 468 
399 446 381 470 480 517 493 507 412 434 380 487 493 512 492 495 360 275 453 500 517 506 484 514 
244 554 306 487 487 492 496 532 252 657 450 449 500 482 523 503 232 400 495 621 494 517 502 492 
259 307 301 508 497 518 500 505 264 635 340 552 496 524 508 512 250 242 556 557 490 515 525 542 
256 479 333 445 525 499 497 493 275 638 424 517 533 527 542 521 246 294 585 501 546 491 514 515 
282 312 564 540 531 524 503 497 274 480 491 491 497 461 519 537 203 367 548 486 460 486 475 486 
42 163 632 512 505 509 541 530 69 417 626 545 534 537 499 515 27 174 624 463 510 486 497 498 
40 97 312 349 456 489 479 495 85 744 440 555 500 523 538 498 10 472 589 566 504 531 521 508 
0 47 138 364 426 472 469 454 6 415 541 518 542 510 500 513 0 181 650 540 460 536 488 518 
59 148 198 224 309 393 409 416 103 377 645 529 510 525 507 533 65 263 623 503 508 483 500 524 
0 0 1 58 677 292 298 476 0 39 920 139 330 637 419 508 0 5 113 924 879 425 570 401 
0 8 475 513 485 528 513 525 0 242 631 465 467 510 508 516 0 135 667 509 513 515 518 521 
10 33 115 192 699 475 505 518 17 132 178 823 458 467 487 522 14 114 182 739 425 415 497 520 
77 192 367 448 461 457 491 470 175 571 493 502 522 511 494 525 148 362 506 537 485 502 498 519 
8 108 287 393 464 469 462 505 82 615 532 489 498 516 499 520 48 487 524 509 470 515 500 507 
0 13 125 557 472 474 474 487 14 256 668 460 520 511 508 501 9 168 645 484 530 516 502 499 
0 25 163 377 471 495 484 472 5 267 462 509 516 522 516 497 2 181 416 494 578 530 541 497 
1 33 95 223 443 493 460 443 12 191 301 441 583 521 511 535 1 171 276 368 616 504 478 499 
0 35 92 441 500 496 504 488 12 163 537 522 532 517 489 483 12 149 460 572 477 532 523 516 
29 98 245 452 462 460 503 464 147 358 621 489 488 517 530 521 150 332 581 489 503 480 531 519 
0 135 265 432 470 479 523 493 132 464 585 484 528 509 531 500 92 392 669 480 493 505 501 518 
13 111 226 606 499 490 507 493 64 274 688 541 542 483 505 514 47 227 685 561 488 502 530 522 
177 372 464 474 459 480 490 507 433 469 556 518 539 511 538 510 292 519 508 508 506 522 519 501 
82 584 443 483 491 516 469 513 658 342 408 505 498 506 533 506 190 755 648 470 510 498 503 509 
27 234 308 400 446 444 472 479 271 712 501 533 509 513 532 491 270 753 638 537 489 479 502 535 
26 200 333 420 455 454 473 510 264 731 505 550 524 531 527 534 216 760 494 508 491 521 493 515 
97 417 431 442 476 482 460 487 421 579 454 498 500 522 515 518 202 705 594 500 509 523 482 515 
354 368 486 587 483 502 496 565 474 353 459 590 521 512 519 508 308 344 464 489 505 502 498 514 
151 570 486 513 499 513 495 520 294 536 589 486 496 505 514 541 222 525 470 468 494 490 476 500 
800 541 468 523 507 490 520 521 670 621 524 607 495 507 493 520 404 625 484 536 523 503 509 528 
520 681 540 564 541 513 533 512 546 677 611 537 497 512 491 535 392 611 490 460 519 506 550 519 
75 685 464 456 501 514 516 554 386 645 651 568 489 534 509 497 265 733 708 526 522 522 544 511 
7 765 292 554 515 521 505 525 192 824 822 527 523 506 530 511 140 871 858 728 596 501 529 499 
230 554 388 504 527 519 502 532 315 617 628 453 540 517 491 515 326 578 542 536 539 493 496 509 
369 500 427 549 524 509 517 498 384 680 481 442 481 521 504 501 394 485 552 508 538 484 507 491 
499 504 463 448 530 522 497 515 488 511 464 496 590 544 502 524 152 727 595 557 533 504 502 503 
213 743 604 470 534 496 513 499 205 795 632 484 535 518 475 476 126 532 519 500 494 504 488 484 
579 627 560 525 533 479 510 540 457 681 653 481 514 536 513 535 312 575 398 458 522 512 525 516 
308 412 324 532 443 501 527 499 320 438 357 502 551 516 529 509 306 155 556 632 558 515 525 522 
341 432 386 504 433 508 514 499 354 498 448 396 554 501 516 483 339 214 655 591 510 530 500 525 
448 450 438 366 551 524 507 525 465 525 481 463 540 483 519 496 460 339 634 518 519 516 519 491 
260 253 269 470 526 512 483 514 268 282 359 497 510 517 495 508 267 218 377 359 554 504 497 520 
393 292 460 597 536 524 520 505 401 366 496 488 491 510 525 533 397 164 632 612 462 503 545 506 
264 355 462 500 515 526 532 516 266 411 406 568 437 514 496 545 255 148 626 569 525 521 546 540 
309 247 461 446 486 475 486 491 315 267 436 523 470 525 533 506 301 191 450 350 472 510 462 463 
499 420 603 568 498 459 490 523 455 654 576 500 515 544 533 509 311 544 757 636 552 545 531 531 
110 525 527 449 546 523 532 481 117 678 464 534 522 535 516 533 2 587 465 468 508 511 489 504 
5 59 687 500 491 516 504 506 13 369 685 458 521 514 498 521 4 346 655 473 498 512 513 533 
1 46 400 505 548 506 494 509 15 332 553 546 510 521 535 505 3 289 602 520 512 526 493 508 
156 181 504 472 510 491 539 514 166 321 611 564 536 503 537 520 130 266 631 552 524 495 495 484 
0 0 35 932 192 820 223 376 0 113 793 277 426 618 507 428 0 16 259 680 780 341 493 621 
0 84 460 526 502 500 501 525 0 371 647 488 511 509 489 513 0 143 756 483 494 504 522 507 
0 12 66 199 623 489 435 500 0 80 252 735 469 499 530 514 0 5 216 750 467 496 460 503 
15 46 78 196 420 466 476 484 75 143 278 651 468 512 507 508 41 141 157 586 512 459 514 514 
0 14 101 303 450 412 443 430 20 208 524 483 539 519 488 539 4 159 405 473 501 488 524 530 
0 0 16 407 525 502 525 515 0 0 254 673 575 526 513 538 0 0 175 717 569 511 509 510 
0 0 111 553 484 493 486 511 0 42 605 496 560 475 500 535 0 5 449 487 502 503 520 523 
0 0 41 225 521 527 531 474 0 12 325 477 583 536 485 508 0 0 229 467 567 466 521 500 
0 0 13 295 519 506 512 536 0 0 157 660 548 516 512 487 0 0 88 679 523 507 510 508 
1 15 27 450 548 488 503 496 4 93 407 655 548 521 545 508 2 60 335 725 529 522 530 525 
57 31 92 396 494 499 515 475 54 87 481 551 491 547 505 510 52 73 406 541 554 491 484 525 
120 68 107 520 494 500 502 487 113 76 388 578 510 499 509 512 114 42 337 640 529 484 525 527 
179 296 418 556 475 529 521 487 223 633 494 470 498 506 548 495 190 496 554 557 535 498 512 496 
148 280 316 350 387 443 477 459 266 718 410 598 514 514 505 520 276 770 693 610 491 516 490 531 
33 333 433 436 490 464 517 521 55 860 493 525 509 515 481 537 83 874 732 529 517 505 503 512 
139 245 381 409 461 472 457 445 156 742 614 432 521 520 511 503 252 763 638 586 498 513 522 500 
15 171 338 444 478 452 441 479 195 813 571 533 512 530 528 515 127 819 601 517 513 552 519 481 
223 367 521 577 478 512 546 500 351 414 565 550 497 506 501 503 363 352 397 487 493 509 504 506 
91 354 529 494 515 512 529 511 88 372 493 507 523 496 511 505 75 235 373 427 439 479 472 475 
601 589 477 578 531 493 499 514 488 629 538 506 517 529 544 549 375 493 372 413 460 501 515 492 
134 440 586 490 516 522 517 508 113 471 533 542 518 515 486 495 70 322 303 434 462 472 485 499 
170 497 476 533 509 490 500 511 233 698 713 557 522 531 503 524 177 717 614 483 511 509 520 507 
210 691 422 554 530 518 502 512 292 740 629 521 519 537 499 537 202 806 721 617 498 510 521 516 
313 416 395 495 483 548 517 472 335 439 467 453 521 518 514 526 318 426 429 503 459 494 497 485 
407 434 530 552 505 497 527 504 429 636 479 481 519 523 509 502 387 494 569 499 530 518 526 505 
437 563 479 508 523 515 485 540 424 562 497 504 506 529 503 536 131 711 541 543 551 493 491 536 
300 865 639 403 508 538 492 541 301 834 656 390 497 529 504 496 214 490 584 511 489 540 477 513 
412 560 574 486 511 522 534 512 379 525 622 441 506 496 483 525 265 397 431 426 462 492 489 481 
397 432 276 516 458 541 488 525 414 485 255 516 510 543 508 513 387 164 543 661 484 520 531 500 
490 381 290 568 490 499 535 516 499 427 442 398 523 524 532 488 495 123 705 611 546 482 509 507 
406 437 491 393 497 495 525 482 415 502 529 434 570 517 478 549 417 233 785 638 534 519 484 519 
299 204 242 446 554 513 520 512 313 204 420 462 483 487 537 517 304 137 421 358 522 527 511 497 
294 241 547 611 551 523 511 496 303 272 542 665 545 531 505 531 294 113 640 587 506 509 545 514 
316 282 505 485 556 531 478 515 333 266 511 665 520 493 508 514 300 165 550 481 525 530 524 498 
451 309 377 382 501 497 484 496 474 299 367 432 541 531 508 507 446 245 299 384 501 502 504 503 
457 409 605 518 554 542 542 537 419 533 553 583 545 512 529 476 309 482 777 544 576 519 546 522 
79 385 452 552 526 508 523 517 79 460 603 469 516 495 516 518 30 421 526 423 522 516 513 508 
0 306 654 434 502 539 477 513 3 509 641 536 519 521 542 502 6 460 676 528 499 523 522 522 
0 56 666 474 489 472 519 489 0 376 537 534 536 485 547 499 0 389 513 511 527 522 502 513 
127 220 597 442 477 531 494 511 120 348 627 590 516 500 510 486 99 302 642 590 522 499 544 512 
0 0 17 957 218 793 532 533 0 0 242 768 727 726 447 433 0 0 44 912 167 867 802 369 
2 144 696 558 539 504 498 513 30 730 594 451 545 514 519 548 2 520 508 549 511 514 516 494 
0 62 130 378 490 488 488 486 20 196 318 680 485 552 515 509 0 141 193 691 533 529 471 548 
9 38 70 171 355 502 476 451 167 61 203 363 655 513 513 483 14 195 207 280 617 458 515 540 
23 34 78 185 384 473 472 490 51 88 158 411 585 522 529 509 29 72 146 358 505 549 505 542 
0 0 11 214 576 492 489 485 0 7 167 702 443 494 531 545 0 3 91 645 498 500 513 510 
0 2 25 255 684 529 465 512 0 14 180 762 380 471 557 511 0 9 133 727 390 464 548 519 
0 0 41 265 546 470 468 510 0 38 246 623 482 499 492 522 0 24 166 550 513 494 508 520 
0 3 20 378 548 499 503 464 2 19 173 721 474 492 511 508 0 13 115 619 556 493 526 503 
41 67 182 542 503 498 479 486 76 204 590 545 515 510 516 508 37 183 425 613 510 509 521 504 
69 368 475 479 492 515 511 484 409 494 499 505 528 527 478 514 75 740 628 477 518 489 491 512 
52 668 519 482 514 525 483 505 237 726 553 482 512 505 486 508 47 899 592 475 478 500 532 532 
53 669 575 477 477 523 508 505 48 864 543 546 509 494 525 520 60 848 685 539 494 520 520 526 
18 546 535 461 508 510 515 527 14 806 549 443 541 521 529 509 29 948 603 473 496 509 517 542 
47 368 437 490 501 494 524 498 43 590 491 455 547 524 537 510 68 830 400 525 532 512 529 524 
50 281 535 535 490 528 484 508 39 443 565 473 522 491 487 531 56 840 413 490 528 520 541 511 
18 318 431 472 512 506 479 480 110 604 442 531 538 490 541 504 59 727 539 521 500 513 499 486 
193 516 544 525 477 499 491 504 166 716 571 472 553 514 503 534 185 746 617 478 514 528 502 513 
253 424 480 540 518 507 502 515 215 532 459 502 519 495 520 537 228 523 521 440 515 513 509 515 
211 520 569 510 525 507 526 513 158 562 502 472 488 501 511 515 126 569 478 385 451 489 486 475 
185 344 524 454 509 519 516 509 103 384 491 473 521 501 513 506 34 362 336 394 459 430 464 468 
116 623 673 534 561 541 525 516 38 676 701 434 536 530 542 500 26 662 636 420 518 504 501 507 
247 581 648 493 501 493 500 525 195 570 576 477 498 517 515 501 166 453 464 485 502 515 506 515 
276 636 691 472 482 515 517 507 219 609 648 397 487 514 511 505 166 652 520 396 490 489 512 494 
570 645 569 494 504 476 534 518 476 609 571 477 512 513 512 509 314 606 624 474 483 517 483 510 
420 406 467 503 539 488 470 546 411 393 449 483 551 514 523 511 159 584 515 491 516 540 493 516 
518 594 583 496 484 483 515 526 499 549 581 509 523 520 511 517 341 445 481 516 519 484 502 523 
363 324 416 574 520 493 477 531 343 317 458 507 518 496 540 525 243 241 367 534 516 499 482 469 
415 364 391 510 514 513 465 482 427 404 461 449 508 510 497 523 414 172 660 615 506 518 489 488 
316 432 436 435 526 514 503 533 329 471 475 413 508 547 516 515 327 189 745 502 498 493 466 532 
277 199 470 553 525 538 510 510 284 249 532 471 505 527 491 490 277 98 613 458 527 507 503 510 
249 154 333 432 591 504 467 483 261 166 331 617 475 493 540 506 242 106 353 334 539 509 499 501 
284 161 562 539 487 519 504 513 302 164 551 635 490 523 494 517 272 148 452 362 522 483 499 513 
357 218 449 514 508 527 536 482 412 149 438 528 521 500 498 499 308 231 451 437 487 499 508 524 
18 82 213 439 509 487 482 500 21 126 224 530 495 524 489 525 15 115 190 433 423 486 470 506 
418 529 399 498 487 495 522 525 381 553 502 499 531 541 506 515 264 581 545 489 501 517 489 510 
129 426 481 480 543 502 514 495 103 507 534 472 533 507 504 516 1 413 546 546 511 509 508 502 
0 632 452 495 518 487 532 512 3 807 375 592 512 511 506 528 17 531 602 554 506 490 474 498 
1 341 510 509 487 476 506 518 5 586 362 527 506 508 501 522 2 576 370 464 506 521 503 510 
61 331 436 492 493 503 515 504 65 401 479 535 524 516 516 511 53 359 490 518 476 504 488 503 
0 0 78 908 288 477 477 617 0 20 246 769 743 533 478 364 0 1 110 880 644 374 504 493 
13 144 425 434 462 481 473 479 188 580 533 520 498 511 517 486 10 607 571 520 476 489 529 501 
50 288 343 398 449 473 430 467 314 602 509 527 484 507 513 517 41 787 423 547 524 502 490 523 
27 219 364 410 433 519 490 477 268 596 530 494 491 505 515 530 67 709 430 493 539 524 531 518 
34 166 391 446 490 484 502 478 485 441 487 463 542 535 514 524 79 765 574 562 510 481 512 499 
5 27 150 306 464 448 461 459 147 322 399 592 497 513 534 504 7 371 419 599 492 535 509 517 
0 36 262 505 469 496 491 526 73 387 564 542 504 498 506 512 7 418 489 553 526 529 522 514 
1 94 348 383 459 488 469 498 37 502 554 534 490 501 510 509 18 474 398 528 504 496 465 531 
3 104 357 473 498 500 489 507 40 540 511 508 510 531 507 533 13 412 518 508 522 537 503 490 
46 459 461 512 506 500 509 482 297 511 518 478 522 504 492 545 21 659 520 514 516 540 505 502 
105 285 333 410 444 482 463 474 300 544 576 546 489 529 513 536 50 595 610 469 515 488 499 499 
97 502 466 481 475 503 503 529 262 678 554 499 519 490 508 508 30 793 384 524 503 523 538 496 
91 569 439 432 479 462 482 501 160 794 507 492 502 535 527 507 87 874 561 494 478 543 519 516 
14 714 536 484 494 499 508 516 10 860 546 440 532 511 499 545 15 950 586 454 496 516 506 510 
0 561 396 467 490 521 503 499 0 692 420 492 472 526 525 517 9 929 393 476 510 512 478 505 
35 280 416 523 507 518 513 529 34 495 509 466 491 500 494 512 68 879 445 519 535 505 504 539 
306 494 513 518 519 520 498 543 192 621 562 515 504 526 540 536 164 679 562 545 527 483 477 519 
100 516 451 474 514 509 513 488 77 786 519 436 485 514 515 513 81 883 594 486 502 478 487 531 
330 655 447 494 515 500 496 481 235 559 558 555 516 506 516 515 192 339 590 510 465 489 497 484 
491 538 484 551 508 532 520 533 382 497 574 533 514 516 471 530 364 454 541 495 468 481 461 497 
500 511 586 520 522 521 508 500 441 484 457 560 523 499 533 496 388 481 422 492 476 477 468 478 
558 689 598 551 526 508 489 521 487 650 566 538 504 514 478 501 469 638 577 480 488 542 493 468 
354 583 557 512 524 493 528 513 337 514 453 511 499 517 526 499 320 448 441 396 471 488 492 479 
382 554 677 539 488 506 510 520 348 530 560 532 530 515 529 515 307 468 465 443 484 502 499 501 
391 352 453 536 547 515 515 552 377 315 445 561 528 492 478 519 307 325 382 570 504 503 477 522 
219 223 325 576 488 493 499 518 204 220 365 555 553 527 528 523 106 296 386 519 467 477 497 471 
443 482 426 582 538 512 505 532 427 450 414 567 491 498 530 516 363 293 444 533 491 521 527 532 
459 408 474 625 548 473 515 541 449 419 463 592 608 565 542 480 430 403 391 553 500 500 501 495 
456 706 597 479 506 513 507 481 465 798 490 505 521 482 533 500 427 774 439 500 474 504 509 497 
333 632 477 530 498 480 518 522 335 711 413 510 511 501 522 503 312 579 399 513 503 527 496 510 
278 268 192 467 559 526 551 501 277 233 306 438 541 556 512 510 260 115 310 444 512 464 476 470 
372 436 265 491 513 526 503 499 373 387 327 565 507 534 504 532 273 258 481 463 488 475 482 481 
375 398 216 516 535 527 508 510 375 358 236 581 481 540 496 538 309 210 351 394 506 516 496 506 
127 266 409 529 521 520 507 535 166 174 421 545 519 540 512 524 67 233 395 492 497 497 512 494 
0 301 280 462 471 479 491 485 2 342 288 503 508 485 520 546 0 270 203 368 451 504 474 493 
412 491 520 506 530 531 522 533 343 572 589 479 572 488 520 486 329 429 648 464 524 504 523 511 
27 939 434 425 481 503 519 503 18 987 498 478 488 519 537 485 0 863 401 478 499 520 534 503 
0 535 577 559 560 514 497 503 1 828 312 438 509 510 526 521 0 494 632 560 504 500 490 530 
31 734 266 417 554 511 513 480 28 787 308 632 519 502 505 521 30 751 245 499 520 506 540 524 
152 580 450 493 551 509 491 517 145 694 361 457 544 531 493 518 145 558 366 509 491 474 500 532 
0 5 868 165 161 162 210 356 0 22 934 173 862 450 584 565 0 2 199 778 831 811 548 500 
125 445 449 506 476 507 501 494 500 516 442 475 478 496 523 534 151 799 568 466 517 494 492 501 
27 282 222 291 365 420 430 418 84 629 607 483 502 517 501 526 32 527 628 509 517 515 520 505 
50 110 129 205 332 391 382 424 125 511 568 518 515 533 524 509 1 457 596 475 494 535 538 491 
0 119 231 389 420 445 417 476 94 769 664 500 498 521 485 528 4 694 409 515 523 506 517 498 
61 106 540 495 502 534 517 508 466 571 573 603 524 518 480 540 50 977 350 589 522 523 507 540 
0 5 537 405 464 478 505 508 355 669 669 622 481 499 525 518 0 1024 241 666 519 528 484 513 
28 153 502 386 482 450 497 467 170 726 762 644 493 514 485 513 17 825 294 601 505 510 511 474 
2 102 177 292 439 424 451 479 40 213 378 520 506 506 520 536 4 145 370 506 475 506 519 504 
12 149 300 372 444 441 455 456 146 432 428 516 532 525 485 535 13 336 457 483 499 478 502 505 
109 157 257 434 473 469 502 480 220 444 494 557 500 543 511 527 21 368 735 554 525 492 481 513 
15 246 386 466 479 487 489 487 150 541 607 467 526 519 527 494 40 445 534 540 501 517 531 499 
160 608 516 495 505 497 544 518 156 739 539 556 534 520 490 497 208 680 493 525 503 497 516 491 
102 601 566 476 521 518 504 482 100 786 550 494 524 558 502 510 228 739 562 494 512 507 510 508 
114 410 503 511 504 532 506 516 117 788 560 492 487 511 494 496 168 853 621 554 505 532 499 512 
76 151 629 516 516 491 532 482 70 361 634 484 514 502 502 516 74 886 315 594 526 522 510 505 
207 412 617 520 522 514 524 523 186 614 514 488 523 525 515 519 193 788 402 561 515 506 504 516 
285 432 552 524 508 542 524 517 254 567 467 521 512 522 510 503 286 706 506 510 495 498 503 504 
379 714 452 514 511 511 535 518 342 624 576 478 527 528 522 482 364 642 566 577 498 554 528 500 
338 786 341 533 513 541 509 523 322 654 459 505 539 524 511 552 323 665 550 595 581 510 492 528 
355 824 369 524 477 492 492 498 335 676 487 472 559 528 483 495 323 648 535 570 459 538 516 495 
386 738 335 676 511 522 529 476 361 587 472 586 558 493 528 543 352 569 576 553 544 528 483 527 
331 590 410 607 550 528 516 517 321 426 538 603 526 516 511 519 308 447 551 457 537 474 498 510 
306 486 479 555 499 517 503 527 294 297 653 602 475 514 499 530 287 446 433 492 504 511 480 502 
326 293 596 460 531 502 522 525 320 215 616 540 505 537 485 509 290 252 466 556 472 490 510 531 
226 266 434 451 501 522 515 531 213 260 422 515 519 533 502 489 184 257 321 501 398 460 462 461 
370 325 286 487 465 502 516 504 345 241 349 522 492 512 515 525 296 159 307 380 469 466 476 457 
182 201 232 563 484 514 498 515 176 155 291 651 539 511 489 487 159 97 232 556 482 450 509 509 
265 178 295 559 466 520 546 500 261 140 310 583 531 473 494 493 236 106 166 447 391 477 441 443 
436 105 330 548 454 509 541 505 416 119 291 498 443 553 503 508 233 281 270 474 365 467 469 470 
376 134 204 378 576 525 521 531 363 142 147 573 451 541 522 515 110 366 383 532 399 449 475 493 
556 134 540 463 463 514 502 501 547 81 506 472 454 525 496 522 438 169 213 373 420 490 493 513 
288 168 341 434 526 475 526 486 272 115 336 526 387 465 506 504 261 94 169 360 513 493 477 490 
339 252 319 460 515 467 482 478 335 205 320 472 452 513 505 529 317 155 249 365 428 442 461 453 
507 443 305 450 479 481 496 489 504 311 357 512 418 507 509 495 481 214 365 429 461 448 479 521 
815 355 578 598 558 525 515 529 786 403 618 541 564 527 507 504 776 371 617 586 494 531 528 525 
779 751 655 594 561 495 526 513 780 793 704 603 589 619 562 514 762 808 640 596 592 588 530 517 
664 716 616 475 528 533 480 489 653 738 625 425 557 525 486 518 643 725 483 541 500 547 492 500 
586 768 654 555 532 555 528 514 555 784 674 527 571 513 532 506 548 760 544 519 543 514 493 493 
455 592 492 518 514 528 514 500 429 578 436 503 517 500 508 516 407 418 516 507 495 516 537 512 
120 305 675 383 587 480 540 546 117 320 697 371 667 534 520 492 76 172 556 476 522 449 514 402 
0 126 611 423 501 518 485 488 690 334 334 408 443 499 526 533 0 1024 270 758 548 533 533 517 
0 43 281 329 398 419 444 427 142 547 566 550 527 495 527 490 4 545 411 586 516 521 521 530 
9 67 154 246 322 379 397 406 83 472 601 494 511 471 528 501 5 364 559 511 495 522 488 497 
10 82 429 409 448 485 457 480 497 470 393 427 535 526 508 483 13 837 595 473 527 504 509 518 
131 261 501 532 492 519 501 508 610 300 337 413 507 518 512 515 114 733 521 497 465 521 494 523 
339 557 443 563 527 514 489 491 462 536 465 412 519 492 497 516 349 448 716 498 532 511 475 516 
343 512 369 454 489 481 505 486 697 411 443 525 489 526 522 509 347 670 674 445 535 497 533 527 
344 422 397 465 459 475 514 474 711 492 426 542 480 517 517 523 374 694 593 483 517 519 513 518 
409 406 304 448 425 477 471 466 728 532 500 439 488 491 503 528 450 624 547 598 502 529 527 493 
446 458 444 506 495 500 490 490 830 439 468 515 565 514 501 494 526 610 656 520 531 487 537 509 
484 469 367 551 492 534 521 493 882 397 550 467 500 516 534 520 552 606 673 598 534 519 515 524 
874 844 90 763 413 501 527 504 1010 281 616 663 649 432 521 501 875 341 771 668 569 489 521 522 
802 593 369 558 522 498 509 523 832 293 624 585 518 502 501 530 936 216 599 590 541 480 515 527 
360 461 503 498 476 500 499 521 358 521 609 472 471 501 527 499 499 496 513 535 480 513 506 506 
394 396 487 521 509 486 520 509 375 450 477 519 497 509 510 504 436 555 491 515 505 485 514 540 
630 532 476 522 525 505 516 504 621 477 530 508 517 520 523 551 642 506 521 498 516 507 511 479 
906 774 380 646 554 527 521 527 883 488 559 543 532 503 481 510 898 399 669 561 527 527 512 534 
1019 989 258 834 567 546 549 534 1016 559 571 593 553 538 550 495 1018 777 437 424 446 492 529 505 
1024 1024 379 668 546 529 507 493 1024 711 354 523 538 484 524 482 1024 740 454 501 448 499 532 496 
990 986 356 628 537 515 523 535 988 657 367 463 614 538 504 466 1013 665 353 581 579 506 515 533 
1024 1024 176 922 609 518 521 528 1024 459 666 677 622 495 525 518 1024 566 574 580 492 502 534 523 
879 858 267 684 507 552 503 525 877 540 450 513 505 512 505 503 875 598 401 434 485 521 499 521 
770 776 412 482 533 543 529 506 760 463 474 563 500 529 491 493 758 493 436 563 527 515 512 512 
1008 871 317 622 514 530 494 499 998 462 545 581 537 540 490 511 989 520 504 552 508 515 500 530 
456 430 444 500 514 533 505 507 452 274 453 412 436 487 521 514 450 314 315 433 431 448 486 513 
694 737 470 561 492 546 497 533 633 605 559 553 527 536 487 527 620 650 545 527 535 524 523 532 
448 426 309 564 502 522 530 514 436 344 345 485 476 459 479 508 427 362 296 489 443 464 466 497 
536 524 358 412 495 525 490 500 512 320 482 559 439 532 543 511 508 327 463 538 506 491 475 512 
643 595 317 422 524 506 503 507 593 291 627 621 464 500 535 526 582 261 611 531 529 498 484 524 
524 306 464 409 556 516 517 503 482 139 575 475 483 511 511 478 444 152 445 514 470 501 496 477 
414 211 361 482 516 492 507 498 356 144 417 514 548 531 479 499 347 138 335 517 405 491 512 460 
226 180 285 608 508 509 505 506 207 148 315 568 443 479 546 502 194 135 245 411 459 475 461 491 
302 219 361 528 505 511 494 516 281 192 353 532 497 495 502 499 233 203 255 352 458 517 515 487 
296 220 343 462 465 504 492 482 286 196 292 429 463 478 499 492 282 154 287 373 445 444 464 474 
900 390 590 503 479 485 493 499 879 422 498 581 518 544 521 533 904 513 441 539 480 494 498 514 
978 451 458 474 475 490 509 505 975 539 387 478 542 541 504 520 975 579 425 606 427 492 513 521 
916 434 542 459 490 531 520 522 908 507 449 463 487 509 519 501 905 532 468 492 523 526 538 500 
644 626 532 544 507 525 538 508 797 510 555 548 487 510 515 542 652 638 606 565 544 505 504 536 
452 535 512 514 524 514 494 495 797 345 499 531 527 499 530 502 508 604 543 525 518 501 529 498 
677 309 375 650 371 523 437 600 947 83 202 576 435 473 485 534 176 839 792 814 691 311 507 459 
36 482 622 526 517 523 516 516 140 753 662 531 528 495 512 511 14 835 437 523 519 491 537 535 
18 172 302 418 477 468 499 474 90 515 528 502 483 503 508 527 9 443 489 591 524 512 507 492 
45 311 366 418 462 483 470 466 87 432 537 523 501 507 512 528 39 413 448 486 518 505 489 517 
259 604 372 524 514 515 510 491 289 590 507 527 507 525 503 506 119 719 569 498 498 503 505 500 
150 420 542 480 495 517 473 513 192 524 594 494 530 500 546 518 72 615 532 561 523 514 505 523 
2 222 464 421 442 467 495 509 57 628 615 560 540 517 513 490 0 636 497 510 521 550 520 472 
3 188 345 370 363 409 474 456 29 819 482 488 524 522 505 522 0 820 363 471 527 511 532 489 
21 91 261 354 400 427 438 455 114 742 333 453 516 507 494 528 17 790 375 404 516 508 511 501 
19 85 151 210 313 378 380 423 57 684 511 487 536 504 524 540 27 703 453 444 508 504 513 485 
229 312 472 463 502 519 508 513 255 769 409 535 519 487 493 525 213 748 400 542 479 499 521 529 
330 380 387 338 414 459 448 465 433 807 391 558 510 526 506 502 324 694 466 547 490 529 518 523 
752 796 646 347 540 509 528 519 776 828 418 520 532 528 518 524 736 399 725 645 458 482 538 516 
972 823 545 513 525 525 518 500 982 586 479 566 552 532 466 520 1000 261 744 590 459 511 513 517 
699 660 408 527 546 499 533 519 697 494 570 514 499 497 501 506 736 349 696 549 494 506 489 507 
844 701 369 574 540 525 527 522 831 394 588 583 518 521 498 533 825 298 641 567 459 532 519 493 
499 423 481 532 496 537 542 509 495 383 467 501 541 503 542 483 552 476 489 509 500 509 506 518 
953 904 120 767 547 519 527 500 939 423 610 584 513 491 499 516 952 335 678 600 551 527 498 530 
1024 1018 29 874 510 478 504 513 1024 341 683 672 606 539 539 497 1024 434 588 542 530 487 517 504 
1016 1000 76 850 495 520 516 525 1012 496 528 516 514 514 480 517 1024 388 625 587 514 516 510 531 
671 713 287 681 613 501 519 529 674 658 434 485 507 483 525 517 1001 403 606 608 547 546 503 480 
1024 1024 298 759 640 514 507 526 1024 831 255 282 331 559 500 524 1024 517 593 589 510 516 532 530 
930 922 557 656 580 581 545 535 919 808 414 458 520 537 536 538 918 704 481 524 583 530 496 498 
825 815 596 585 559 522 516 541 816 680 429 490 533 512 544 546 813 645 449 511 515 469 517 507 
1004 987 308 649 576 483 498 514 997 781 293 416 537 523 498 530 996 636 432 580 571 522 520 527 
794 641 538 552 592 575 517 536 793 492 542 506 532 510 506 518 794 473 597 544 518 520 542 535 
861 659 447 579 536 544 517 556 835 548 493 522 498 494 499 522 815 600 470 539 523 513 542 499 
631 524 372 497 507 496 513 510 736 409 477 513 500 503 502 507 740 359 477 530 475 509 507 463 
681 659 379 508 495 499 519 512 837 536 736 737 671 578 558 543 843 547 678 662 614 536 540 502 
625 753 347 401 583 547 499 504 908 498 812 719 516 539 529 531 902 467 771 673 564 520 517 538 
548 772 311 363 514 540 530 537 527 490 622 552 489 533 536 480 491 520 663 570 524 511 493 497 
537 642 374 480 533 510 527 561 446 509 638 572 511 519 529 504 384 591 662 538 481 484 526 533 
373 698 487 496 505 508 505 488 308 606 659 541 486 494 487 526 282 698 614 499 508 507 511 505 
389 614 525 461 505 516 504 513 326 573 637 432 522 544 495 493 326 645 562 439 513 513 502 536 
402 398 557 515 484 510 497 514 348 427 537 416 497 493 509 520 312 500 493 421 483 503 499 484 
714 112 753 591 481 489 506 509 681 145 444 518 553 518 500 511 626 184 389 543 486 553 521 516 
571 183 628 451 536 506 486 500 783 169 387 615 505 510 494 528 671 251 311 640 537 528 528 512 
234 399 390 499 481 498 495 494 720 395 441 521 517 535 503 504 498 518 439 466 531 511 534 496 
87 349 402 457 463 474 512 487 595 421 517 502 496 525 514 489 286 669 517 498 488 523 518 499 
9 184 317 452 461 463 472 485 307 494 528 529 515 501 531 522 110 627 526 499 503 501 506 508 
0 27 279 631 691 351 418 503 23 707 451 321 523 595 523 542 10 434 555 684 584 566 372 504 
0 1 402 530 517 514 515 484 922 102 102 151 475 481 496 487 0 1024 342 679 571 530 539 512 
0 10 432 604 511 467 499 509 980 44 44 94 551 537 501 512 0 1024 442 581 536 483 515 518 
0 25 459 575 539 503 503 520 990 34 34 167 521 498 495 489 0 1024 471 558 559 558 524 507 
0 189 509 518 500 557 504 543 973 51 51 197 529 524 540 497 0 1024 585 444 483 521 496 514 
0 81 621 513 533 503 502 461 915 109 125 243 474 497 510 490 6 1018 507 523 518 510 526 493 
0 4 459 352 450 468 468 477 647 377 372 456 545 503 515 509 0 987 443 477 481 476 498 518 
0 149 303 450 458 474 484 459 210 804 464 572 552 524 517 503 13 917 300 568 557 491 500 510 
5 195 287 319 383 413 431 442 35 701 479 500 515 500 510 506 17 666 423 500 521 520 504 534 
18 169 285 314 361 432 450 453 17 519 544 500 545 511 531 521 16 495 587 565 518 495 494 504 
3 78 211 233 294 378 405 420 7 425 611 562 511 516 512 496 6 376 665 599 526 496 500 523 
12 123 357 436 424 466 447 460 203 558 406 540 496 490 531 514 18 671 535 465 509 529 516 498 
108 273 345 359 397 410 460 430 548 490 457 555 529 478 503 493 251 762 589 468 533 521 517 507 
126 393 471 514 501 501 521 491 299 566 568 498 548 493 551 512 275 617 603 536 531 526 496 506 
253 523 428 523 537 519 518 500 240 597 519 515 503 513 531 512 239 591 546 487 520 518 503 529 
456 650 402 490 515 533 491 538 455 644 476 471 521 535 508 517 450 600 489 524 521 505 482 508 
366 393 327 535 505 490 503 535 368 406 607 536 522 512 542 493 367 663 390 499 507 502 524 507 
463 484 390 532 495 531 510 502 463 599 449 512 494 521 536 512 484 716 473 515 504 516 484 495 
469 567 600 497 488 482 513 504 470 658 432 515 538 494 508 531 498 746 485 505 483 503 519 508 
407 475 658 455 541 480 471 529 403 776 270 490 512 511 520 512 423 779 490 455 514 499 470 519 
345 402 698 546 547 483 519 501 341 706 317 415 494 487 505 510 342 640 405 485 538 525 541 537 
315 371 719 476 565 490 523 518 304 618 467 525 494 527 509 520 301 776 388 439 497 512 496 499 
260 322 711 447 534 485 502 557 255 564 547 508 526 506 508 484 257 876 366 587 513 498 515 523 
227 266 758 627 508 528 515 524 225 514 710 409 509 525 491 509 225 676 583 528 540 529 527 516 
211 238 673 563 539 557 537 508 211 420 712 484 540 537 527 494 211 403 764 497 514 556 515 499 
152 339 357 604 494 520 516 533 150 390 710 404 517 532 520 503 150 376 740 587 565 476 537 514 
157 304 386 534 492 492 505 485 326 427 551 389 502 512 519 518 314 471 576 558 479 538 498 518 
133 551 506 499 510 493 518 501 822 568 559 516 537 511 532 524 772 517 515 546 494 529 509 541 
133 363 424 461 486 486 504 488 575 591 535 523 520 543 493 513 556 586 529 503 501 541 518 510 
78 243 393 441 440 480 476 500 428 546 563 544 533 508 513 494 401 578 580 502 513 470 513 515 
49 174 316 465 449 484 479 493 227 333 651 428 519 516 490 508 182 358 689 421 487 520 519 506 
0 12 102 621 456 478 525 497 0 28 769 305 391 515 542 507 0 45 898 381 585 517 506 498 
0 0 56 375 593 487 505 511 0 0 571 489 545 473 508 532 0 85 885 543 522 503 508 497 
0 0 69 296 579 485 498 508 0 0 485 579 520 514 490 500 0 121 777 546 483 504 478 507 
0 0 23 285 597 527 533 529 0 1 366 654 545 509 522 531 0 20 752 367 440 534 494 473 
0 0 25 285 620 552 501 523 0 0 188 777 565 519 506 517 0 0 267 673 539 504 512 523 
21 158 266 329 432 403 424 459 211 451 441 553 517 515 523 502 97 493 498 511 519 531 543 517 
5 64 121 223 319 388 417 377 38 265 516 515 532 534 506 502 28 273 566 485 527 547 531 537 
3 45 89 125 258 368 397 422 60 150 369 627 496 517 510 493 37 160 456 595 556 511 524 484 
6 70 146 214 301 379 390 411 60 304 348 541 524 522 514 509 15 261 375 616 499 547 500 525 
7 28 193 550 317 345 435 462 25 43 771 326 480 508 571 479 16 47 685 399 488 462 555 473 
0 366 531 546 526 508 479 533 977 47 79 310 523 500 480 504 23 1001 646 444 513 514 513 538 
0 13 408 546 507 517 532 510 960 64 65 201 551 513 529 519 1 1023 559 473 486 494 533 531 
0 201 450 496 487 478 487 521 1001 23 23 252 540 509 523 488 0 1024 652 386 451 535 502 489 
20 420 416 565 514 506 495 510 966 66 98 310 563 511 490 535 58 970 751 345 434 493 499 498 
0 479 527 549 510 494 541 501 987 37 52 335 546 516 513 481 5 1019 678 372 491 508 484 509 
0 239 598 538 481 528 497 502 997 27 31 279 565 523 516 499 0 1024 652 385 426 538 510 513 
4 209 656 466 509 496 495 501 987 37 67 303 552 501 505 525 35 989 695 367 457 519 500 526 
47 90 247 341 386 414 453 465 358 499 537 540 519 497 531 516 95 692 472 601 516 510 504 475 
0 50 130 222 299 394 430 425 48 442 695 565 516 517 493 531 0 419 606 566 527 513 541 489 
0 410 326 465 474 468 484 476 5 835 411 485 496 519 503 529 1 666 498 508 508 518 490 521 
103 222 229 293 412 416 434 481 111 512 585 531 530 524 496 527 109 521 552 510 468 506 537 525 
95 211 384 410 445 445 477 448 203 635 494 528 515 524 531 513 248 610 423 522 521 535 514 516 
23 194 439 429 444 485 477 484 76 805 485 527 518 473 502 509 8 819 297 499 552 502 509 484 
4 83 613 538 502 510 525 527 10 348 684 517 543 514 519 512 7 458 588 482 548 525 526 496 
0 68 517 535 471 487 486 514 0 461 588 480 534 480 499 505 16 769 333 501 505 519 516 504 
0 10 309 646 506 531 515 540 0 108 887 590 497 497 482 506 0 757 290 398 504 522 508 516 
3 49 387 583 520 528 517 479 3 318 741 629 486 508 508 539 15 941 257 386 543 516 523 514 
4 68 532 524 462 477 481 509 0 268 781 706 574 504 490 503 9 808 302 416 522 488 520 505 
45 51 316 679 528 498 541 488 45 94 920 640 456 506 506 518 40 663 368 373 539 538 528 523 
28 31 342 635 542 482 497 521 32 49 948 776 436 500 526 525 27 526 486 434 508 522 512 497 
33 41 404 618 551 523 537 536 35 68 954 771 421 489 492 494 33 374 647 670 481 497 504 523 
35 38 421 589 550 503 506 494 39 82 930 781 487 527 514 515 35 750 276 424 507 551 506 509 
0 0 307 715 579 486 498 483 0 0 1018 450 526 506 528 518 0 274 747 491 610 521 517 504 
0 0 355 654 590 458 500 491 0 1 1003 426 583 502 507 535 0 18 975 492 576 541 523 525 
0 0 72 886 497 518 526 506 0 15 980 139 628 474 517 489 0 109 900 410 455 557 533 492 
33 134 249 601 460 509 490 506 188 251 752 308 566 532 516 524 165 317 723 463 545 509 471 523 
40 143 219 320 430 425 436 439 151 389 484 556 497 483 499 542 135 402 564 530 538 499 532 476 
15 47 105 207 347 407 427 411 33 152 542 494 503 495 513 535 32 162 614 470 474 514 531 477 
14 56 103 222 350 424 398 445 41 152 529 530 500 508 505 527 38 160 622 540 523 532 548 532 
2 45 204 415 458 477 517 492 39 239 619 479 505 530 509 532 26 243 652 480 501 483 490 507 
0 3 97 632 391 525 489 495 0 20 630 406 432 517 511 500 0 61 712 480 533 515 528 523 
0 0 39 448 516 433 513 495 0 3 501 466 444 534 508 536 0 8 722 515 476 506 503 509 
10 68 131 450 530 493 503 492 30 80 579 403 441 465 481 511 27 105 779 469 431 470 511 483 
3 115 173 522 515 517 514 488 3 153 460 504 529 500 523 513 2 158 508 491 494 512 538 503 
39 191 227 455 558 508 501 497 48 183 335 657 626 492 517 530 43 192 396 581 542 481 533 503 
23 238 320 390 439 472 476 480 59 419 487 529 502 498 541 525 28 386 495 529 527 517 517 497 
3 29 55 100 226 429 436 433 4 36 132 541 521 510 507 495 4 37 119 634 482 514 508 504 
0 0 0 13 116 317 386 385 0 16 100 557 512 513 531 515 0 6 116 655 476 482 496 527 
0 4 27 80 194 342 386 421 0 56 153 649 516 526 530 509 0 23 155 704 517 508 522 486 
0 11 37 299 604 612 349 446 0 48 510 456 493 501 618 461 0 40 271 642 562 460 479 588 
24 180 558 579 518 499 506 529 1014 38 354 446 506 489 526 522 338 701 688 315 519 527 525 517 
0 268 593 497 557 466 526 542 1024 0 42 608 479 522 506 512 29 995 966 278 568 484 526 498 
0 74 480 567 531 492 517 511 999 25 27 308 578 505 509 486 2 1022 744 326 443 513 500 508 
0 115 320 531 476 522 517 544 976 48 53 216 533 499 505 486 0 1024 634 391 412 460 500 508 
65 258 547 523 513 494 479 481 904 141 184 363 549 511 503 501 78 946 553 491 491 485 503 512 
0 36 484 600 530 555 542 542 957 67 67 129 534 511 520 536 0 1024 548 477 490 502 505 466 
0 31 628 508 470 503 546 514 935 89 89 143 526 495 530 524 0 1024 581 446 439 537 507 553 
273 243 594 466 522 540 512 495 853 308 335 404 483 556 489 513 327 833 649 401 466 490 526 493 
8 72 414 465 470 489 461 472 563 410 393 386 458 534 513 529 11 910 379 630 561 487 512 499 
14 106 192 292 355 419 398 421 116 678 636 619 534 496 495 506 35 672 312 540 517 459 498 509 
149 184 232 324 381 424 424 429 185 598 557 522 476 518 471 502 165 465 411 456 481 516 509 526 
40 248 333 386 394 425 466 462 63 595 569 473 517 511 537 518 32 466 569 496 516 481 497 515 
17 295 416 447 435 498 506 510 15 572 538 474 513 527 485 485 11 424 575 501 525 497 519 513 
44 204 588 495 494 506 496 501 66 427 557 493 498 507 499 499 60 599 463 497 518 490 503 490 
51 411 394 514 514 509 521 496 53 679 410 549 502 527 475 513 51 910 365 550 531 505 539 476 
0 54 336 622 515 479 490 522 0 142 857 463 563 522 525 500 0 597 444 452 475 504 529 525 
0 2 404 607 556 517 495 513 0 30 953 425 507 503 529 515 0 177 800 462 521 544 524 512 
49 184 573 511 523 499 506 515 58 325 694 517 487 528 531 499 32 418 616 466 516 533 505 514 
287 636 540 547 526 517 491 506 330 766 532 517 514 529 494 480 191 849 527 525 542 475 529 514 
520 562 453 544 523 529 527 528 561 592 561 472 501 532 544 529 523 573 580 455 483 521 499 537 
603 652 443 484 524 516 507 507 675 628 532 515 501 521 502 490 636 544 583 517 493 516 492 522 
613 719 419 476 501 519 520 492 622 802 599 429 526 516 518 499 607 629 692 480 512 512 499 502 
386 588 612 528 525 538 539 555 422 706 664 536 521 493 494 515 393 741 635 463 518 503 501 521 
192 400 558 510 493 521 548 481 211 447 727 585 532 529 494 502 177 678 554 479 516 488 504 512 
2 32 283 626 491 491 528 503 4 77 727 384 499 531 513 504 4 119 702 498 495 487 515 500 
52 112 250 527 478 485 488 507 98 156 595 502 502 486 508 501 91 218 591 464 520 505 524 512 
44 130 244 400 446 471 479 484 95 370 543 500 507 468 512 515 96 411 585 483 506 539 523 508 
11 17 54 116 309 433 442 439 11 28 143 588 569 492 487 481 12 34 190 636 599 511 533 505 
3 74 106 234 422 442 448 467 4 102 216 654 541 514 508 488 6 110 245 711 540 498 530 512 
24 310 325 437 536 492 507 491 31 333 436 533 522 504 494 493 43 357 483 525 506 509 492 535 
189 474 473 490 510 513 500 519 233 473 491 545 490 537 522 497 254 470 498 547 520 501 504 496 
133 572 459 529 494 536 548 480 391 494 503 530 494 512 510 488 370 475 514 497 521 510 509 535 
52 778 520 508 492 514 526 521 350 606 515 497 516 505 520 522 270 658 508 496 525 520 521 520 
290 695 492 516 506 498 496 506 294 684 518 530 559 506 531 513 272 691 514 491 506 492 520 528 
227 747 580 517 499 520 492 524 244 730 580 530 507 482 534 503 253 717 554 534 533 529 491 503 
111 529 504 476 497 511 517 514 132 562 509 518 496 500 487 495 202 546 490 508 506 526 525 518 
7 39 75 170 320 549 483 495 9 42 119 271 496 557 532 521 13 53 140 285 485 559 517 543 
0 29 67 143 229 558 445 457 12 43 111 196 381 602 467 503 10 42 113 209 350 623 461 485 
36 261 270 299 371 439 489 438 270 220 345 347 490 520 503 511 238 223 296 358 450 525 509 488 
37 750 397 270 450 489 538 487 126 776 492 467 471 465 616 564 96 803 480 532 532 435 534 582 
0 205 620 534 509 520 520 528 983 41 64 599 450 525 516 523 29 995 933 445 515 536 519 498 
0 271 591 473 491 520 510 513 1022 2 50 640 526 530 487 518 36 988 970 510 463 477 534 495 
0 59 514 569 552 507 516 487 1000 24 41 625 421 558 519 513 10 1014 966 353 485 503 492 525 
0 27 559 480 524 505 500 504 814 210 210 508 553 503 498 518 0 1024 809 265 448 526 502 529 
0 0 176 473 472 507 497 526 455 569 540 404 517 501 505 509 0 994 302 520 509 516 508 508 
1 178 416 385 491 531 506 469 423 590 473 400 524 485 501 520 2 970 384 508 459 497 522 528 
0 253 557 554 490 514 494 525 397 497 379 414 502 505 496 511 0 899 351 610 513 487 514 502 
100 315 651 544 500 522 503 512 338 466 446 414 502 501 508 521 141 682 505 423 491 519 484 503 
71 195 435 450 485 505 505 498 167 388 580 557 529 501 515 517 88 445 542 530 490 515 525 487 
53 258 308 394 452 469 460 489 118 335 407 533 528 534 520 537 89 362 463 522 520 510 516 538 
40 320 340 493 514 498 493 494 49 443 561 494 502 506 486 521 36 405 582 510 508 505 482 504 
57 294 371 493 522 490 479 514 50 428 550 473 521 513 504 525 48 384 587 454 526 527 498 537 
95 418 504 448 503 496 505 530 116 486 518 537 535 515 492 505 86 539 531 513 502 512 530 521 
61 509 531 504 494 497 520 532 65 551 612 507 519 509 525 509 65 546 637 501 496 488 513 499 
87 522 532 521 514 501 503 509 86 629 578 468 513 504 501 500 71 717 534 514 533 500 492 526 
89 382 392 542 486 475 503 493 95 515 598 512 495 489 514 519 97 634 578 517 514 517 512 496 
189 500 510 496 478 495 492 520 203 517 622 530 471 527 517 502 161 562 649 509 506 489 555 505 
178 481 475 493 516 511 521 505 172 513 528 499 531 530 503 522 174 519 520 491 494 520 513 516 
149 644 491 455 521 491 501 532 158 710 546 494 515 530 491 494 135 719 448 522 498 524 527 518 
96 819 558 480 506 530 521 525 109 894 661 468 507 529 520 514 75 915 566 484 516 507 498 458 
160 767 517 501 493 517 499 527 268 729 676 523 501 487 500 517 234 760 677 513 493 510 484 502 
206 715 474 481 525 533 514 501 219 750 650 549 502 520 527 510 209 764 652 544 498 537 519 493 
160 781 490 527 503 514 518 497 173 833 633 525 524 525 511 491 168 842 671 546 532 540 525 496 
153 644 542 473 525 523 507 486 179 653 636 501 507 511 515 515 191 640 647 490 530 514 515 516 
390 595 502 497 516 484 510 526 415 595 494 493 491 499 525 537 426 587 494 511 492 514 512 499 
395 600 563 547 503 513 487 501 441 582 551 551 516 526 500 522 519 516 558 551 501 505 531 509 
133 630 480 473 485 510 503 498 163 658 534 479 475 520 487 528 207 662 501 511 521 502 510 499 
178 502 420 418 526 494 537 517 184 514 450 508 517 491 529 519 169 534 469 578 503 519 536 521 
157 539 446 461 489 503 508 512 164 548 493 522 525 557 502 516 171 549 503 590 485 511 523 506 
203 660 547 490 503 523 496 518 223 665 546 521 505 514 491 502 218 675 573 518 518 525 523 467 
428 606 559 507 510 543 510 530 446 593 573 520 519 523 488 532 482 580 566 507 547 492 505 473 
189 596 514 506 531 470 520 506 429 657 538 547 520 509 507 482 466 617 535 528 537 496 513 490 
170 470 391 421 435 469 467 482 270 602 506 505 512 506 551 506 234 625 522 514 513 521 529 525 
230 683 567 496 508 510 507 497 292 655 573 485 527 521 526 507 328 615 530 532 496 532 497 510 
378 629 573 480 507 501 507 512 423 602 561 510 525 532 494 509 518 532 544 525 504 530 501 521 
404 527 485 510 492 506 524 518 461 513 518 494 521 512 514 502 544 481 557 479 499 516 502 519 
280 569 560 525 512 525 532 512 345 551 541 527 514 493 518 521 429 521 546 479 524 516 488 532 
168 655 539 486 488 513 504 499 310 583 578 513 510 515 527 502 356 566 560 510 489 513 524 501 
82 438 455 510 511 506 514 483 365 566 535 509 478 510 505 509 332 593 509 499 477 532 494 528 
27 108 802 374 367 531 436 497 206 716 425 594 576 422 393 492 50 877 462 727 502 357 605 556 
0 39 509 562 503 553 497 518 893 131 134 246 518 517 515 496 4 1020 802 263 422 533 471 519 
21 184 483 527 502 495 518 542 445 575 510 490 513 528 520 501 27 979 594 425 490 492 496 510 
24 441 607 507 481 495 509 492 445 542 469 494 536 493 526 510 91 846 710 496 494 533 507 515 
99 599 599 507 500 518 522 503 199 765 631 545 497 509 528 519 142 794 564 521 509 512 533 484 
201 644 577 517 492 532 515 462 251 750 648 518 481 523 518 513 280 705 549 529 481 505 500 523 
275 708 516 506 496 508 490 535 314 676 537 498 497 524 506 509 334 676 548 484 516 489 485 508 
203 758 567 486 513 509 525 518 209 768 588 470 535 500 482 530 198 782 592 474 506 528 522 502 
345 605 587 520 528 524 516 504 374 603 604 495 502 506 527 515 370 630 612 507 510 486 546 519 
260 458 480 488 494 464 521 512 376 599 536 537 524 505 486 543 362 610 524 507 528 527 518 513 
375 563 517 513 518 508 492 507 463 530 524 511 515 537 526 532 450 578 550 520 517 513 483 516 
481 535 513 508 502 529 502 506 546 474 478 514 471 507 530 495 568 455 515 527 478 497 507 526 
373 592 543 492 516 498 511 493 375 601 561 501 527 509 520 487 408 589 546 508 515 511 518 513 
283 713 641 530 470 512 491 507 315 686 633 541 474 508 531 511 331 683 622 562 515 501 500 524 
250 726 618 553 499 491 511 511 244 741 647 539 489 524 518 516 226 770 658 559 507 486 516 512 
290 629 575 532 513 515 525 476 289 650 585 515 520 541 563 519 326 624 567 504 526 514 549 517 
274 507 517 520 506 489 483 522 286 515 562 509 527 518 498 499 302 514 569 536 527 508 514 518 
296 635 531 530 486 525 543 495 319 613 525 526 503 533 487 517 302 629 542 536 519 485 498 508 
285 666 539 501 511 528 530 526 275 672 544 506 506 503 500 531 266 683 531 517 486 526 487 498 
265 655 510 561 522 515 491 520 281 647 513 545 489 516 502 526 235 686 519 534 530 525 506 516 
389 621 547 523 514 512 516 523 356 649 569 518 508 519 492 498 315 678 585 482 517 492 508 510 
317 680 582 500 519 524 507 507 308 697 604 467 524 489 501 526 244 739 633 486 521 513 512 514 
508 680 565 479 508 495 518 523 492 682 544 458 518 543 533 521 466 688 500 453 518 495 553 498 
731 734 632 500 498 499 500 503 713 747 632 457 539 495 518 486 702 747 476 566 523 531 498 518 
697 738 617 505 524 479 493 489 702 733 589 483 528 499 507 526 707 719 500 512 521 500 526 508 
599 679 615 476 510 500 524 526 598 674 612 476 504 521 485 525 634 639 566 481 517 498 526 517 
424 597 542 479 497 523 527 499 443 581 542 493 482 485 492 505 442 581 554 510 508 517 557 492 
256 770 670 526 498 513 516 520 252 773 681 527 515 505 499 527 264 759 682 499 531 530 496 509 
249 753 610 494 524 504 542 526 257 744 604 480 516 517 528 517 239 754 625 487 520 508 522 530 
723 784 548 500 493 499 515 514 725 769 423 593 556 499 524 528 708 714 404 453 524 529 532 495 
816 821 397 627 580 494 514 507 812 810 355 660 461 516 508 519 807 741 337 391 526 493 524 508 
805 832 412 590 489 514 532 496 802 819 307 671 487 524 488 525 806 754 297 365 526 484 497 509 
543 729 613 456 480 537 503 505 522 740 478 537 504 504 519 493 504 731 440 450 543 504 514 507 
233 749 565 512 512 513 502 487 219 757 568 492 515 488 523 524 186 790 576 508 500 510 529 527 
203 794 617 520 503 525 509 510 197 807 619 519 524 476 545 559 168 833 622 514 525 497 507 532 
302 674 521 526 517 465 500 503 313 659 536 513 519 512 545 522 294 660 544 514 513 516 479 517 
781 794 420 609 542 528 515 509 793 773 359 675 513 512 497 507 813 723 335 397 560 521 510 534 
848 872 309 685 582 526 491 516 854 866 247 727 559 518 515 505 861 857 227 451 559 519 490 500 
739 791 515 536 539 507 526 534 726 790 481 583 555 518 518 531 735 777 409 557 524 532 514 495 
433 706 576 515 505 499 511 526 440 696 578 530 506 505 514 526 500 667 557 534 514 510 482 533 
95 900 601 421 562 639 368 480 121 878 619 725 462 477 570 483 157 857 680 747 658 553 483 440 
1 55 744 465 543 505 557 506 1024 37 619 495 523 504 511 524 727 302 363 436 517 479 537 520 
151 645 548 514 514 548 525 514 607 434 462 579 499 501 509 488 364 671 599 470 509 485 511 498 
183 782 597 497 525 510 539 500 239 763 637 481 528 508 520 493 315 696 622 498 485 524 475 509 
221 767 595 522 526 516 488 540 270 736 604 499 531 530 529 509 318 694 606 536 510 492 523 530 
380 636 591 477 495 509 512 514 445 577 561 486 511 515 516 507 513 520 536 502 522 503 524 517 
462 564 513 533 512 497 540 512 569 467 494 510 532 527 494 511 682 368 449 522 487 538 523 509 
402 654 587 512 522 531 520 482 487 576 545 516 527 544 509 523 630 442 460 494 516 508 512 526 
541 549 506 507 527 530 496 488 586 537 525 508 535 504 508 532 624 559 563 493 527 508 519 528 
537 360 430 452 494 506 475 500 641 400 479 501 529 519 522 539 664 391 513 527 515 534 526 536 
532 514 475 489 525 526 522 522 674 453 465 542 484 498 497 529 714 442 480 558 522 534 517 514 
531 573 496 517 509 510 530 493 612 546 495 518 502 527 499 491 674 557 521 533 536 515 508 498 
596 477 505 490 517 504 506 503 717 427 517 529 491 539 523 505 823 449 486 505 511 508 511 520 
573 520 514 529 536 487 525 509 695 504 533 512 495 525 504 486 771 543 583 525 527 531 540 524 
411 540 515 507 523 517 518 537 537 503 518 540 484 525 487 535 628 502 534 517 515 540 511 542 
155 637 489 492 512 508 495 484 229 647 516 518 492 512 519 477 336 602 520 504 495 507 508 523 
122 563 500 517 497 514 512 524 178 595 544 502 513 527 523 502 238 593 534 495 520 489 537 514 
135 656 548 496 524 539 500 522 159 660 531 514 495 513 503 519 161 671 533 509 509 492 508 511 
113 554 525 514 519 529 510 547 126 581 521 533 494 541 512 483 120 607 520 529 499 512 528 506 
206 640 524 508 527 500 495 535 187 659 522 511 536 517 530 515 150 689 529 514 513 508 510 514 
160 620 485 507 533 539 497 491 205 673 517 508 511 518 492 484 141 675 461 509 490 502 515 505 
241 431 383 406 481 513 517 528 321 619 490 499 488 545 508 489 180 608 541 532 494 510 505 508 
199 703 563 481 507 525 514 483 256 689 587 488 519 512 520 478 161 748 630 519 471 535 520 490 
297 700 652 524 516 505 526 462 313 685 646 536 462 491 505 504 299 700 652 554 468 519 510 502 
290 709 626 528 490 518 531 510 305 697 617 532 500 509 512 522 338 667 605 512 503 522 509 532 
439 603 581 473 503 495 520 529 441 601 580 476 497 502 512 500 448 591 587 483 503 530 515 497 
372 645 571 512 508 494 537 517 380 641 569 525 506 521 526 517 409 613 558 523 512 512 519 521 
364 675 622 522 509 495 512 516 393 646 594 509 517 521 502 493 427 613 576 493 517 511 499 489 
276 735 682 515 549 533 503 518 296 717 687 518 532 487 532 528 323 692 667 526 521 543 516 518 
312 697 644 484 487 498 511 511 341 668 629 499 503 509 516 527 361 648 623 519 513 494 494 516 
330 651 589 536 508 489 537 488 336 647 602 511 510 503 504 513 339 641 598 500 512 500 496 509 
227 714 587 497 514 486 527 513 222 722 593 491 507 540 506 517 199 742 586 494 516 509 497 511 
289 778 601 536 507 543 505 521 272 794 621 531 512 529 505 541 245 819 608 504 517 545 524 530 
236 692 598 495 521 504 522 526 211 715 582 484 543 526 487 476 181 748 572 499 534 520 483 520 
205 702 557 506 529 497 531 516 202 704 552 497 513 521 486 526 144 751 573 520 509 506 516 527 
167 806 546 523 514 492 513 521 159 807 533 533 492 516 519 527 132 827 545 505 498 557 516 500 
158 669 567 521 495 514 512 500 152 679 562 535 529 533 519 515 140 685 558 512 522 522 517 529 
197 701 511 533 488 513 529 527 194 696 520 510 515 504 499 499 189 707 532 511 495 522 510 520 
203 709 538 495 519 522 501 513 202 725 569 496 516 500 513 491 238 708 557 486 510 511 515 531 
216 691 522 500 526 527 530 550 227 695 539 508 522 528 500 530 264 672 554 507 522 528 505 525 
46 955 854 365 480 567 552 559 51 964 861 557 538 417 405 471 61 960 894 761 490 556 533 493 
0 52 759 438 533 490 480 511 1024 63 746 429 465 503 514 507 950 76 186 369 553 464 518 530 
0 153 824 504 514 498 523 516 1006 31 768 408 475 525 525 506 968 56 132 414 536 479 509 517 
6 433 585 544 508 499 506 498 806 498 543 515 506 501 512 491 763 261 680 491 518 522 509 524 
41 610 520 502 522 505 515 503 665 771 353 447 548 523 509 512 687 365 711 580 503 496 510 504 
194 687 576 542 538 516 525 512 744 550 482 476 535 525 533 486 839 262 595 494 489 491 498 507 
229 729 536 567 522 492 511 484 626 515 549 533 511 506 528 497 717 389 504 479 512 513 501 530 
133 786 537 507 506 520 506 520 339 668 596 522 515 528 512 498 381 626 576 534 521 508 498 532 
113 821 608 494 500 513 509 527 232 728 647 506 496 504 493 502 328 642 601 528 530 530 518 539 
188 631 504 500 486 505 515 511 310 586 515 508 504 490 527 508 399 510 539 560 523 498 536 518 
182 643 440 466 488 463 511 493 272 579 516 447 508 508 527 519 374 503 524 504 499 496 503 505 
240 690 552 484 477 498 516 497 310 679 564 524 503 524 515 520 432 586 548 517 516 528 509 537 
279 707 524 492 526 502 521 501 375 660 573 494 523 535 567 525 457 617 618 561 526 493 546 525 
281 671 550 492 516 520 507 493 352 644 564 512 504 512 502 511 440 594 554 508 513 509 512 522 
144 785 550 498 512 525 484 520 199 769 606 504 513 510 516 496 258 725 617 512 539 539 511 497 
144 815 538 462 504 530 533 516 181 793 609 506 524 524 502 522 222 767 603 533 523 524 505 509 
120 740 510 512 516 537 498 507 144 752 587 471 517 503 501 509 164 735 579 492 527 507 516 528 
105 797 597 518 502 521 479 499 130 789 599 506 499 511 505 503 110 810 612 499 522 491 536 518 
155 663 507 478 521 537 488 520 161 693 517 480 510 516 510 514 150 709 539 470 519 488 518 544 
149 717 557 499 510 510 515 533 153 727 577 494 492 484 494 504 137 737 562 470 484 490 511 497 
60 506 420 458 496 502 518 481 64 558 471 471 518 509 518 484 57 561 470 452 529 519 498 513 
23 322 344 402 465 480 500 506 30 363 468 580 510 510 530 549 24 367 443 589 547 517 507 522 
149 500 458 493 522 486 485 533 157 516 489 556 478 506 504 515 143 528 482 572 506 504 508 489 
217 681 565 467 511 536 499 513 211 692 565 502 516 493 534 511 208 707 565 510 521 483 496 518 
281 720 498 547 500 487 498 505 306 710 508 525 510 509 512 527 331 698 541 513 502 506 480 509 
410 594 555 520 525 523 524 521 444 574 548 525 510 497 516 508 488 540 556 541 502 531 496 512 
321 675 541 541 485 517 517 505 381 622 557 525 514 487 528 480 465 557 530 516 517 507 542 530 
409 633 532 549 520 527 479 538 490 567 517 525 502 507 489 527 570 492 497 532 557 512 504 511 
257 697 565 500 515 524 545 512 298 693 557 511 471 526 503 538 340 662 551 520 499 528 516 516 
193 692 553 526 493 531 536 493 220 694 603 520 517 488 546 506 212 702 606 534 487 507 513 531 
127 710 528 513 492 535 510 473 152 735 547 506 513 530 520 505 133 753 555 489 511 491 524 516 
150 583 558 504 508 497 523 502 243 597 550 496 489 487 516 491 203 624 567 506 483 530 495 493 
181 654 511 536 521 532 529 524 372 573 550 519 506 497 504 512 304 622 517 513 488 485 493 528 
93 570 470 486 520 477 522 502 301 563 507 512 520 518 523 545 209 645 485 523 497 527 513 508 
92 614 554 510 474 539 503 495 205 724 581 489 524 519 532 508 94 824 612 462 538 535 540 531 
22 462 426 487 496 497 482 512 268 589 482 464 513 512 509 511 33 823 599 446 539 495 508 491 
9 223 325 383 445 479 489 504 372 479 372 419 550 491 502 522 16 823 602 405 515 496 519 530 
24 342 459 500 491 514 498 503 440 464 406 469 502 499 491 521 28 865 753 352 535 516 493 521 
19 311 449 489 506 487 528 491 541 433 438 507 447 509 512 504 97 874 747 423 528 518 507 516 
20 255 427 494 486 517 490 522 656 344 406 444 524 516 515 517 190 807 718 367 557 527 501 503 
0 509 437 547 368 519 555 594 265 752 655 597 554 467 480 616 56 964 951 209 625 645 559 551 
0 28 450 435 504 482 499 505 998 26 342 483 487 486 515 508 422 602 598 537 487 510 492 516 
0 5 509 467 489 487 499 525 1023 1 218 652 496 504 511 557 460 564 564 546 545 521 511 501 
0 25 690 501 497 531 522 500 1015 26 454 562 513 510 509 484 748 276 341 454 524 496 491 500 
0 40 522 493 497 492 517 501 1002 42 320 580 544 500 531 528 533 491 559 567 534 499 529 492 
0 65 412 398 464 463 467 473 991 74 320 405 552 500 533 508 415 614 707 576 487 527 528 518 
2 57 354 409 457 486 504 529 990 102 398 528 562 527 531 521 551 478 641 547 467 504 498 527 
0 124 486 516 514 512 503 505 1021 81 444 532 496 509 527 522 744 291 435 536 508 512 494 510 
38 410 538 555 540 506 493 524 975 179 759 560 497 512 503 485 982 67 479 528 493 535 518 489 
193 531 578 491 495 526 529 513 1006 348 586 550 492 508 502 509 1014 160 684 452 532 519 517 510 
177 500 580 505 478 518 507 498 960 400 610 530 522 507 501 498 992 208 558 546 543 533 523 522 
19 411 581 527 526 490 513 512 791 315 644 579 500 526 519 493 758 265 487 520 515 504 512 525 
30 316 639 490 495 473 472 535 655 368 630 502 516 510 503 520 540 464 480 511 499 518 531 497 
10 282 446 503 479 512 506 464 658 353 497 549 494 504 510 519 497 506 442 488 492 537 495 530 
16 369 520 495 519 534 528 496 522 481 462 538 503 505 537 535 236 769 664 542 518 527 500 487 
69 474 432 489 488 515 510 531 574 422 355 525 472 495 493 507 246 757 689 573 497 522 522 498 
72 635 497 516 499 520 520 530 524 473 425 589 504 512 520 519 344 660 600 547 486 515 515 509 
41 538 480 510 516 497 514 512 419 535 384 495 497 492 503 513 117 838 674 508 519 523 495 501 
27 451 508 524 519 490 484 505 338 598 439 517 534 524 498 509 39 891 704 471 541 481 512 505 
59 402 433 498 500 502 483 496 327 575 469 478 497 509 505 492 78 818 615 413 526 526 496 491 
28 426 485 515 478 508 513 491 276 646 491 473 530 483 514 524 31 883 594 441 502 519 524 512 
48 478 418 543 511 476 521 511 222 752 534 500 540 493 493 517 44 924 562 413 459 520 517 501 
49 460 425 502 495 496 494 501 406 539 407 430 503 521 511 481 59 861 623 420 551 495 519 492 
80 427 446 501 522 522 530 519 496 514 386 416 531 531 528 493 74 937 721 352 535 517 572 498 
37 457 437 549 510 526 522 502 502 492 405 547 508 521 506 501 52 940 797 464 537 519 524 509 
65 359 526 538 515 508 503 524 674 347 371 590 511 526 516 515 198 820 743 609 488 504 510 508 
60 400 529 524 540 496 506 509 748 289 306 546 493 527 502 539 238 794 766 693 513 511 535 537 
34 308 608 519 525 535 527 485 851 197 261 617 542 470 498 504 216 823 806 661 513 497 509 502 
89 471 596 573 461 518 494 499 923 168 548 475 538 537 522 485 707 353 386 465 524 543 508 510 
0 221 732 425 526 507 522 539 917 155 617 503 517 525 540 506 736 279 335 479 504 520 482 519 
1 282 703 516 519 528 523 520 956 201 657 470 504 514 528 499 853 177 314 453 540 554 489 511 
5 243 681 460 544 512 523 479 1021 163 756 550 514 498 520 544 975 55 369 515 454 540 519 507 
20 455 598 520 516 514 493 523 1019 423 564 495 491 544 520 534 1008 45 597 510 516 495 501 494 
37 313 640 501 536 531 511 516 1024 228 719 549 500 514 486 518 1000 71 347 535 527 515 500 521 
5 197 758 565 480 528 522 516 1017 38 775 494 530 495 484 515 887 138 235 569 507 505 510 497 
0 99 562 552 523 539 514 528 1024 17 474 511 509 515 529 521 651 375 389 444 523 504 487 507 
0 114 568 509 525 503 488 510 1019 9 354 554 504 510 517 548 557 477 504 472 502 523 481 508 
0 8 501 520 518 483 500 510 1011 15 297 577 520 531 489 534 463 561 559 504 522 511 528 507 
1 74 613 509 523 517 480 495 1023 3 317 621 538 513 539 520 604 420 426 444 493 514 521 495 
8 137 633 504 494 501 531 479 1024 49 759 474 514 493 484 537 942 89 168 494 481 497 492 509 
0 47 945 680 404 441 513 377 1024 68 930 717 454 500 465 580 1012 12 114 751 755 542 513 505 
0 24 98 799 814 211 842 174 966 58 72 169 825 197 846 181 29 995 985 813 204 199 200 198 
0 73 829 199 824 197 829 834 1021 3 80 894 157 843 832 821 151 873 873 863 832 823 171 826 
0 8 872 216 172 843 185 207 1024 0 26 923 195 835 195 834 133 891 891 866 836 825 185 213 
0 13 140 819 804 174 814 824 1016 8 42 929 177 842 212 842 74 950 948 920 853 202 182 840 
0 0 59 746 166 189 175 196 1016 8 14 926 166 156 841 209 26 998 998 953 209 817 826 202 
0 0 22 122 792 806 174 815 1022 2 28 931 183 804 179 832 68 956 956 918 856 196 205 827 
0 13 108 821 833 192 821 189 1023 1 56 905 194 836 822 823 198 826 826 825 831 826 832 839 
0 1 880 179 183 200 831 838 1024 0 971 150 812 192 171 198 1014 10 30 170 853 829 827 819 
13 102 855 839 192 844 838 846 1022 74 918 815 183 203 193 834 1008 33 155 840 834 812 196 209 
2 35 915 189 822 826 176 208 1023 48 896 193 831 825 196 203 988 36 160 833 197 829 838 181 
0 25 863 202 181 843 826 214 1024 8 962 173 842 191 845 836 1011 14 65 857 202 840 193 193 
18 97 863 825 187 842 810 816 1023 56 928 867 184 201 186 835 1009 34 118 848 839 194 835 198 
0 7 181 830 843 836 842 815 1024 30 951 227 831 834 820 844 1002 22 87 865 203 829 200 198 
0 0 166 844 817 828 186 834 1024 2 889 159 192 199 824 808 960 64 72 135 833 179 187 199 
0 9 82 810 182 835 820 199 1018 7 17 897 192 194 836 180 37 987 986 909 203 862 836 193 
0 0 45 838 173 171 846 194 1009 15 16 85 849 190 839 182 0 1024 1016 59 869 194 814 199 
0 9 119 826 830 179 819 194 1020 4 12 184 849 810 852 825 10 1014 1007 142 823 834 199 845 
0 9 118 841 834 186 834 833 1014 10 19 206 815 816 819 851 3 1021 1008 124 854 840 188 201 
0 11 60 816 167 797 184 189 1006 18 25 166 823 853 190 831 11 1013 995 111 864 831 180 191 
0 0 17 130 818 800 174 810 981 43 43 105 177 836 822 826 0 1024 979 79 171 817 831 193 
0 3 60 791 164 182 815 192 958 66 67 103 171 833 186 824 1 1023 969 68 157 857 181 835 
0 6 64 790 172 171 832 811 982 42 42 70 164 840 828 201 1 1023 982 74 161 839 820 184 
0 5 98 822 190 816 809 829 1007 17 18 105 841 200 843 183 2 1022 1009 66 839 182 197 854 
0 14 105 828 815 185 176 822 1015 11 128 852 823 204 212 822 133 891 888 830 821 192 187 821 
0 1 934 178 164 822 864 850 1024 14 952 164 817 203 828 200 973 51 65 151 819 202 838 199 
0 43 941 178 839 855 828 841 1024 23 933 177 821 180 833 213 965 59 83 188 823 826 179 176 
0 88 848 199 834 835 816 818 1024 4 933 173 187 833 853 816 970 54 67 190 839 846 193 190 
0 17 880 214 208 834 820 836 1024 1 993 139 841 189 835 826 1015 9 23 841 201 188 195 178 
2 57 944 800 194 189 175 844 1024 81 944 886 811 202 186 189 1024 9 138 860 872 848 825 202 
0 109 899 840 197 823 845 857 1024 944 86 123 210 837 842 198 1024 16 983 153 827 853 183 841 
0 862 184 188 167 197 812 821 1024 938 97 153 214 807 838 840 1023 30 963 201 815 845 825 836 
0 142 890 846 837 834 191 199 1024 828 202 193 210 202 193 182 1024 33 886 177 824 196 168 177 
13 100 906 825 830 179 824 210 1024 167 838 804 822 178 829 194 1014 42 815 183 197 182 198 830 
12 138 876 824 830 823 194 852 1024 109 881 860 198 834 839 827 1003 52 178 833 815 831 827 837 
3 29 831 180 177 834 171 189 1024 63 854 166 811 182 836 182 958 71 144 821 216 197 186 815 
15 59 887 827 194 195 820 179 1019 33 835 206 186 181 834 812 916 116 139 201 831 193 843 192 
0 3 915 192 196 832 805 178 1020 19 940 215 828 201 828 823 984 40 65 225 830 835 827 817 
0 19 826 200 197 193 834 195 1024 4 134 859 851 840 188 198 871 153 164 193 186 186 824 822 
0 31 835 190 191 844 183 185 1021 10 853 189 204 200 170 821 927 97 112 182 835 181 189 199 
0 13 991 209 821 881 172 830 1024 0 1004 37 110 903 855 151 1019 5 7 164 863 856 841 215 
