0 109 440 479 487 487 497 501 2 368 646 514 515 511 501 513 6 355 569 515 519 493 508 513 
0 14 299 394 428 459 444 461 0 330 504 498 489 497 509 492 46 435 525 491 516 539 510 504 
0 141 404 434 505 455 521 503 8 559 517 487 542 496 505 511 158 512 447 555 517 524 532 518 
0 463 389 501 489 513 511 515 61 713 609 509 485 498 506 536 594 376 483 497 513 509 518 484 
13 955 509 513 542 524 527 505 412 610 538 525 503 485 491 517 1010 84 624 536 489 517 516 513 
0 962 435 600 511 500 507 494 302 722 640 569 514 507 512 508 1000 38 706 480 518 504 499 537 
480 521 641 346 573 529 525 554 568 478 873 757 535 539 512 534 1009 462 348 292 404 524 474 531 
369 531 596 450 549 474 500 510 678 392 462 467 482 530 516 509 873 392 317 533 507 530 506 491 
487 582 564 432 506 484 501 492 693 601 324 446 536 482 506 537 822 578 305 616 543 527 501 516 
1022 606 395 390 417 481 480 474 1024 965 48 295 696 545 453 546 1024 998 73 907 598 538 464 490 
75 507 505 499 525 516 522 507 115 743 416 490 499 530 517 510 226 699 369 532 527 528 512 520 
0 95 360 417 467 452 456 481 11 385 484 513 505 509 504 535 175 411 469 505 514 495 523 506 
0 160 315 433 463 486 483 467 38 345 581 486 518 504 515 527 180 433 502 515 520 531 519 541 
20 553 524 535 463 518 527 498 285 532 466 557 527 527 516 510 648 463 498 474 504 487 510 523 
499 540 462 499 522 512 529 497 935 113 436 554 509 520 517 499 1022 624 402 451 486 531 497 530 
524 691 415 613 529 495 525 517 743 530 386 564 496 524 491 484 831 631 642 511 537 517 485 517 
664 384 776 577 557 526 503 490 939 447 304 415 526 533 479 520 1009 685 336 531 511 509 486 498 
397 335 525 530 458 477 498 494 427 638 615 468 506 509 513 491 702 571 338 477 512 520 542 514 
487 375 548 449 584 521 505 533 549 484 727 601 580 501 518 550 785 567 293 412 524 477 536 514 
1019 5 909 129 408 612 550 507 1024 61 923 877 450 652 510 499 1024 894 130 139 194 501 709 586 
86 574 502 448 495 500 512 504 173 698 392 537 512 489 477 530 258 707 427 518 517 509 487 535 
0 48 267 476 474 487 448 457 18 434 557 510 508 542 525 498 53 412 585 501 534 503 480 513 
14 241 359 450 447 486 492 476 113 442 536 515 509 516 522 486 291 470 542 538 500 477 515 511 
58 468 483 481 500 480 507 491 278 549 504 500 513 480 518 528 592 523 490 512 511 482 487 524 
729 295 292 509 485 502 477 514 1014 11 702 432 528 539 485 506 1024 844 202 486 492 516 479 503 
839 170 205 600 481 499 485 507 967 71 808 532 536 527 516 516 1012 845 190 588 503 518 551 518 
720 500 321 444 485 514 500 511 906 443 420 543 491 539 513 517 979 744 413 497 496 500 525 523 
406 194 776 628 487 461 513 497 420 865 227 544 525 504 494 497 474 926 587 585 507 504 483 485 
491 378 624 539 462 498 511 529 525 730 554 477 496 476 517 518 727 740 350 389 565 480 477 533 
1002 22 921 188 183 160 451 461 1023 63 929 875 227 430 616 592 1024 902 114 110 229 205 281 544 
21 165 370 520 531 525 486 484 51 310 603 471 498 517 526 508 126 808 237 486 514 541 508 509 
17 132 302 492 529 513 506 459 65 258 638 520 524 493 523 527 107 611 449 482 515 507 529 527 
9 349 516 512 506 521 502 499 133 608 530 544 499 527 506 522 481 506 496 464 527 518 483 531 
144 434 634 524 531 530 486 514 360 665 380 468 487 497 503 489 627 568 570 495 570 534 527 550 
264 719 316 509 502 503 540 474 481 531 726 486 507 516 512 525 948 378 250 431 493 529 482 521 
333 593 425 514 528 519 530 487 661 358 619 495 485 502 510 508 942 420 459 519 513 516 508 495 
364 633 548 528 486 523 519 516 769 331 514 502 509 492 505 481 961 410 458 498 479 499 520 510 
250 281 649 392 487 488 507 510 369 567 415 482 494 508 484 531 465 737 448 557 482 519 501 511 
367 159 770 543 484 518 518 526 423 717 298 398 505 531 517 510 471 841 480 481 509 490 538 520 
712 215 639 479 536 468 501 488 869 203 619 627 572 470 437 414 873 479 363 437 407 653 561 490 
99 332 325 462 487 467 487 484 294 253 535 513 517 517 501 524 343 565 470 486 500 502 483 507 
21 293 405 475 479 508 476 465 167 278 573 505 532 494 496 506 311 416 530 535 531 511 506 519 
34 199 544 494 445 455 481 485 112 499 499 477 538 523 500 500 385 423 422 485 513 519 493 529 
53 320 605 518 482 509 498 495 140 592 389 451 490 504 508 477 273 620 500 494 493 486 527 524 
21 571 285 481 561 523 500 531 79 651 611 381 573 540 527 512 437 439 445 427 516 530 474 526 
16 650 352 502 492 500 509 532 108 755 614 461 530 515 488 504 480 489 485 470 509 515 528 502 
99 559 446 572 495 512 506 531 233 775 575 502 540 498 531 498 683 408 445 454 509 537 496 516 
247 551 434 454 476 490 487 485 413 541 498 485 464 522 517 485 649 432 496 511 494 489 539 499 
81 651 467 516 498 515 497 522 388 553 521 488 481 527 502 505 752 307 526 494 496 525 509 499 
34 210 704 699 670 576 483 492 86 817 577 458 462 622 444 442 99 774 588 425 557 524 525 541 
92 452 408 447 417 462 459 448 369 370 461 506 498 498 508 519 287 372 454 511 507 498 512 506 
149 525 518 476 474 495 495 472 452 480 481 518 516 526 508 530 689 468 542 545 523 522 509 505 
0 225 621 501 503 494 509 490 7 702 375 511 508 480 509 510 75 880 516 468 519 494 534 513 
18 525 429 519 505 505 528 505 54 629 476 511 535 523 496 478 113 714 578 528 510 510 509 531 
81 412 432 477 515 491 480 486 164 448 518 462 501 496 499 503 259 528 509 513 533 517 498 503 
77 564 528 451 490 499 485 503 224 500 507 524 481 514 526 541 467 337 392 551 523 504 492 541 
26 529 546 451 487 522 486 502 192 538 535 538 472 529 495 499 521 258 450 519 475 499 523 499 
33 274 454 442 484 463 459 485 71 627 422 482 488 507 495 475 406 350 428 488 473 512 479 496 
8 478 505 465 496 507 530 504 202 555 584 508 498 522 482 493 553 293 510 502 486 510 526 497 
2 28 290 616 647 567 485 523 3 62 888 651 429 594 560 592 3 54 788 201 412 639 470 440 
17 722 360 505 493 509 509 502 66 709 598 462 519 474 520 505 88 702 628 501 539 535 504 521 
78 762 469 534 521 526 491 492 217 744 617 463 512 526 500 531 357 693 634 488 521 499 520 525 
46 764 578 440 477 487 495 508 162 736 633 517 531 508 525 523 352 577 561 546 500 510 515 507 
10 578 648 454 493 515 491 518 132 564 606 543 493 503 549 485 332 472 432 502 502 513 536 499 
48 522 602 543 492 501 470 504 188 602 352 505 515 497 550 505 325 542 359 503 524 495 522 521 
85 741 505 506 505 491 518 519 260 639 438 530 490 499 513 505 419 512 472 518 520 503 511 506 
55 719 485 522 485 501 504 518 374 565 552 500 510 534 506 528 708 296 495 517 502 507 517 497 
77 621 578 515 501 512 545 538 269 723 522 536 493 526 528 499 558 489 473 514 476 508 530 519 
31 427 605 423 523 471 504 470 167 583 411 541 502 532 504 507 292 567 413 488 530 521 489 492 
0 142 897 369 459 400 460 534 20 450 594 644 443 448 534 478 39 697 335 490 565 442 556 515 
48 801 600 517 517 508 524 490 250 617 641 486 502 500 511 512 336 535 591 466 489 521 498 503 
97 816 708 434 521 525 500 536 350 580 593 561 549 519 504 536 562 377 431 504 481 528 516 474 
111 790 718 535 506 549 519 512 473 452 455 487 492 530 518 512 654 287 315 455 530 517 503 515 
9 273 728 468 492 535 521 507 74 290 764 582 497 517 533 502 137 495 504 468 493 537 517 496 
26 320 841 430 515 522 518 525 206 290 651 584 532 506 520 503 278 537 341 446 508 533 522 518 
65 520 593 454 533 504 504 532 179 556 537 587 510 497 511 528 264 638 446 495 553 506 531 508 
92 734 702 520 525 510 521 530 435 454 443 497 533 537 500 535 586 339 327 517 496 515 538 511 
162 848 757 502 528 514 524 502 674 350 346 474 524 515 488 509 807 217 286 488 534 508 511 493 
77 862 620 460 491 510 531 494 360 603 484 552 493 501 495 493 512 454 413 492 534 509 533 506 
3 311 671 692 439 596 637 495 36 854 128 260 290 463 608 695 42 853 140 305 481 591 647 681 
119 838 698 463 493 497 539 493 360 599 582 535 508 514 532 510 540 425 459 487 537 508 514 510 
109 864 723 453 531 512 531 521 360 624 628 588 509 522 522 528 608 385 412 484 541 515 510 516 
189 792 698 540 526 489 505 516 558 446 461 464 531 531 495 533 711 308 354 490 509 522 522 498 
323 701 673 613 524 483 536 516 839 185 287 440 525 501 520 508 933 91 272 539 498 487 504 517 
393 631 603 536 465 514 495 525 855 169 276 515 521 505 533 518 924 100 303 554 515 510 513 489 
361 663 646 582 519 505 529 514 877 147 245 467 510 495 491 520 955 69 237 540 535 477 540 523 
202 747 695 533 552 523 526 515 621 329 402 490 518 519 510 509 772 196 316 481 491 541 488 511 
100 915 784 486 502 500 510 536 504 519 496 515 496 526 513 525 713 311 334 446 516 507 518 500 
41 954 694 441 524 534 534 508 315 706 662 599 512 530 518 532 516 507 479 502 491 506 500 524 
11 990 374 685 451 548 476 495 120 889 846 361 402 471 478 604 155 854 825 515 321 581 442 460 
19 1004 917 139 186 830 830 820 76 948 931 878 198 844 843 182 158 866 860 859 829 821 195 825 
45 979 869 173 824 189 193 831 136 888 895 893 842 829 815 190 894 130 158 170 177 826 187 827 
43 981 915 201 816 840 195 833 185 839 846 829 815 833 851 819 894 130 148 181 216 829 838 200 
102 922 916 866 820 191 196 199 941 83 104 154 823 201 199 191 988 37 69 193 831 836 812 837 
143 881 892 867 816 828 192 841 963 61 123 168 839 812 852 204 1002 25 103 857 196 819 186 838 
139 885 885 868 861 841 191 808 984 40 63 156 861 841 191 808 1011 14 59 880 165 847 212 210 
39 985 950 190 821 845 836 838 842 182 179 198 190 200 196 198 910 114 122 162 206 815 205 836 
34 990 946 142 842 826 179 170 830 194 197 210 194 204 198 190 894 130 148 170 187 843 192 819 
2 1022 914 145 191 830 200 196 63 961 951 869 184 839 210 829 93 931 927 866 178 827 824 829 
5 1015 125 852 156 820 164 811 18 1005 976 192 809 206 166 789 18 1006 976 194 833 209 870 175 
