27 132 238 458 486 479 497 507 70 198 410 614 516 522 491 528 43 164 329 530 495 486 478 494 
24 141 275 536 512 485 519 495 40 182 499 562 532 522 541 506 22 148 323 591 488 511 494 495 
56 176 393 546 523 473 517 507 63 213 566 543 524 512 505 521 37 164 369 576 500 504 539 501 
108 246 442 521 519 504 511 480 160 436 603 509 523 524 533 518 119 328 514 507 495 523 508 486 
177 396 472 538 487 526 508 517 317 489 597 515 528 497 508 494 237 464 534 526 510 500 522 514 
442 735 555 517 519 508 548 522 558 661 650 559 562 526 524 543 408 727 629 531 524 499 493 528 
313 924 469 617 523 531 528 546 377 900 766 483 522 564 543 554 389 907 665 542 482 518 499 511 
386 580 512 492 524 530 506 507 614 536 603 550 512 524 526 504 658 796 680 604 553 534 532 528 
432 431 514 542 529 523 552 527 635 373 660 541 515 530 552 533 646 751 651 579 559 540 522 546 
135 559 430 555 533 545 495 513 405 356 473 539 510 519 510 554 477 720 494 517 498 496 510 500 
1 978 114 507 385 545 635 481 11 971 792 418 453 514 484 357 822 179 166 389 510 479 601 362 
57 142 237 448 509 506 490 481 71 182 341 607 505 505 515 505 53 142 252 454 504 510 496 491 
14 72 271 582 485 486 484 501 22 115 547 534 543 485 510 498 17 86 358 611 486 502 523 536 
8 62 224 552 498 529 487 521 12 96 392 662 515 504 515 510 9 70 274 649 505 513 523 487 
32 163 303 635 491 524 499 515 59 232 571 525 528 547 491 511 47 204 437 598 514 518 511 516 
146 416 497 531 506 492 512 494 256 542 582 490 553 501 521 517 285 439 552 491 515 494 538 500 
653 715 639 548 583 604 593 565 723 633 627 597 587 583 577 550 623 609 633 432 530 537 495 514 
446 769 610 615 553 583 543 573 554 703 653 598 580 590 556 557 605 692 654 499 462 524 500 527 
2 298 505 577 574 507 493 554 177 447 616 438 559 466 476 536 520 666 558 532 497 499 507 518 
85 439 463 496 535 526 527 515 183 611 659 530 487 516 476 538 645 719 472 457 539 505 522 539 
0 685 320 561 524 513 492 541 161 614 613 551 573 527 517 524 519 707 483 409 486 529 521 504 
0 1024 4 1020 830 298 609 639 1024 0 0 2 173 664 609 671 1024 1024 0 143 883 666 484 386 
170 259 393 534 484 462 475 512 249 365 555 473 515 512 514 482 196 308 468 561 496 520 523 497 
32 131 269 529 518 502 500 512 65 200 503 553 534 523 496 534 56 193 426 574 492 539 519 529 
6 85 224 550 487 490 502 541 15 173 377 668 525 506 524 492 19 199 390 644 559 509 502 523 
130 273 388 572 470 533 534 499 192 370 458 594 545 493 465 535 187 368 505 573 517 533 537 517 
322 457 427 565 519 520 500 546 359 477 564 602 541 556 523 531 372 485 628 595 568 535 553 563 
954 758 769 796 797 639 627 584 955 756 778 776 780 754 687 686 878 752 723 276 460 549 512 527 
725 737 681 701 668 609 560 578 766 748 667 702 692 626 596 586 773 733 627 416 477 501 540 514 
0 421 483 546 492 543 485 517 230 517 577 472 538 508 520 512 719 603 480 422 499 545 505 521 
93 636 411 472 503 491 491 517 310 673 531 516 542 496 521 516 800 719 450 458 517 501 504 519 
0 692 416 513 528 534 503 500 287 595 471 347 524 536 489 506 593 719 470 446 526 529 510 494 
0 1024 444 580 605 756 479 484 1022 2 2 381 634 547 638 544 1024 1024 0 1024 726 421 577 756 
7 35 143 592 508 503 498 509 13 78 334 680 420 490 497 531 8 74 293 695 461 475 535 490 
5 56 227 523 522 488 501 530 22 84 467 548 508 507 517 490 23 97 500 624 491 519 547 535 
0 50 195 628 436 484 521 502 6 97 308 739 552 476 486 489 11 119 420 616 577 526 493 535 
10 107 195 641 521 528 520 511 39 142 268 767 553 520 471 517 49 154 557 488 492 506 517 517 
7 44 134 797 478 509 524 501 12 58 307 721 587 532 481 492 13 74 586 503 580 519 487 521 
766 736 721 743 677 559 540 567 776 730 744 729 676 650 610 568 727 697 688 379 508 523 518 508 
614 680 589 572 531 519 534 512 668 662 573 611 560 558 525 540 638 679 571 415 487 503 509 499 
24 480 355 519 522 493 542 501 255 379 595 498 511 510 511 494 574 657 443 474 508 528 492 500 
52 674 308 458 511 528 485 494 364 488 532 492 511 505 514 547 790 678 474 524 561 494 529 510 
85 716 324 602 506 498 493 527 552 349 364 382 520 508 501 504 784 729 394 614 525 550 532 493 
0 820 203 418 539 477 480 512 0 1024 1009 576 573 478 579 474 1024 474 541 446 416 577 511 610 
7 50 89 409 575 482 535 505 37 54 253 420 630 572 457 507 10 76 312 399 630 506 481 510 
0 190 80 161 624 447 494 532 166 72 103 214 791 465 522 550 19 223 254 277 744 532 533 545 
29 308 194 403 501 487 529 527 277 116 211 506 465 565 510 496 97 312 368 575 524 489 498 539 
358 390 368 473 499 499 482 504 370 421 460 622 542 538 491 507 385 445 514 605 534 528 506 521 
279 443 345 601 456 521 510 508 467 350 391 627 476 529 522 493 544 420 476 578 532 522 489 530 
470 604 582 529 539 503 516 511 552 615 586 527 535 548 557 543 482 595 548 481 531 535 502 496 
326 583 514 499 537 522 521 510 337 594 524 535 555 546 506 521 298 523 559 489 510 515 502 522 
314 709 448 460 523 537 514 519 328 710 454 480 555 544 518 503 281 616 510 496 523 487 520 516 
366 506 478 616 558 558 513 537 401 490 588 606 571 530 550 572 487 468 527 492 523 510 518 519 
15 231 209 730 497 517 510 506 158 119 262 711 508 509 508 517 244 219 335 661 473 517 525 511 
0 0 286 738 736 730 419 539 0 256 754 483 544 479 449 512 351 653 224 296 325 543 513 477 
1 533 407 493 512 483 517 532 367 524 477 487 517 500 527 504 348 648 700 508 499 514 482 500 
2 376 320 509 505 516 503 496 404 223 307 553 513 482 517 497 162 551 663 563 519 506 504 523 
8 394 344 545 508 492 487 497 280 381 422 548 499 523 487 530 243 529 557 535 501 532 531 527 
233 480 413 512 534 522 506 506 249 550 456 550 519 512 490 514 247 572 530 526 513 511 528 507 
552 644 534 485 515 537 495 506 627 615 569 547 512 508 527 504 670 637 564 568 510 520 528 516 
113 314 373 533 495 534 512 546 132 382 490 546 494 515 503 494 156 438 492 592 484 529 507 524 
69 236 416 497 494 475 543 492 102 342 541 510 512 508 503 511 185 498 549 493 514 487 508 524 
27 238 441 548 476 528 503 488 74 357 556 519 503 491 519 528 72 355 569 543 477 519 505 519 
402 499 443 544 527 525 526 545 433 534 510 532 567 502 524 504 455 552 506 492 502 514 534 537 
73 96 275 458 596 554 491 526 75 99 325 496 538 530 518 510 68 113 325 533 496 547 513 530 
0 0 10 1014 223 795 483 539 0 0 11 1013 633 454 541 539 0 0 11 1013 633 454 541 539 
0 88 193 612 481 487 508 477 14 161 356 674 503 515 512 515 111 237 542 521 523 492 526 512 
2 74 218 613 493 509 499 509 12 147 376 684 555 493 524 513 81 235 542 527 531 513 494 530 
10 50 207 624 461 496 489 523 11 62 282 734 562 505 512 514 70 217 511 572 542 507 520 524 
7 37 197 666 509 525 537 520 12 57 347 664 476 510 518 507 28 128 509 558 520 513 464 498 
104 527 321 434 479 497 490 493 108 568 349 363 513 498 507 531 107 543 471 372 528 505 489 511 
339 696 271 511 485 514 498 534 357 702 309 467 523 516 498 523 358 719 316 487 510 514 518 495 
417 480 409 553 526 527 493 517 432 487 511 536 523 520 522 504 447 530 489 576 516 515 516 503 
499 545 500 584 549 495 503 525 520 582 536 563 555 518 545 524 566 629 540 568 541 519 556 529 
720 797 771 756 471 511 492 547 726 822 773 756 565 531 522 546 742 820 779 748 582 564 565 543 
337 581 744 668 529 550 512 514 338 682 646 594 622 476 551 545 339 738 593 590 607 531 555 545 
6 206 823 694 884 606 632 449 6 611 449 291 454 261 324 642 6 704 357 230 393 671 361 414 
4 99 256 651 515 502 519 510 22 147 559 544 530 513 531 500 58 218 648 478 523 529 549 548 
96 295 346 601 519 514 501 487 110 360 550 482 501 522 508 523 139 447 635 447 518 523 506 508 
417 504 466 497 516 481 504 521 441 554 572 549 497 517 484 513 470 627 653 543 526 534 532 531 
450 828 426 449 505 527 500 502 460 842 504 615 525 530 538 520 476 843 548 661 606 531 557 517 
274 913 329 532 512 509 526 543 277 922 364 563 568 554 513 544 279 925 364 564 613 539 528 533 
533 864 567 602 491 505 531 516 553 856 573 688 558 574 543 540 567 846 584 675 629 590 585 569 
930 890 855 713 489 486 477 524 940 904 875 833 754 657 583 557 951 905 893 846 748 617 562 566 
1024 1022 1022 862 586 494 529 541 1024 1022 1022 1017 789 625 537 550 1024 1022 1022 1018 810 553 497 518 
1024 1024 1024 930 537 516 510 504 1024 1024 1024 1012 873 656 599 592 1024 1024 1024 1006 899 521 530 490 
1024 1024 1022 514 667 590 506 517 1024 1024 1024 713 714 605 556 553 1024 1024 1024 743 758 637 538 561 
1024 1024 1024 7 1016 290 761 480 1024 1024 1024 265 760 763 790 390 1024 1024 1024 515 518 508 699 543 
23 921 116 172 817 836 846 175 25 920 118 168 823 849 837 853 25 877 166 200 862 849 848 172 
101 932 831 833 178 169 164 858 109 936 828 832 170 842 167 177 117 935 833 824 178 849 847 844 
1006 914 165 161 185 168 857 856 1013 927 234 176 846 843 853 849 1017 938 271 918 919 218 859 866 
1024 1024 945 193 828 189 175 176 1024 1024 1022 936 200 173 838 857 1024 1024 1024 1016 915 201 197 876 
1024 1024 1016 68 887 168 853 190 1024 1024 1024 985 150 839 172 854 1024 1024 1024 1001 211 859 835 856 
1024 1024 1024 142 841 847 175 848 1024 1024 1024 1006 192 857 856 843 1024 1024 1024 1009 170 833 837 169 
1024 1024 1020 203 815 859 861 852 1024 1024 1024 1011 891 200 171 175 1024 1024 1024 1014 895 199 185 189 
1024 1024 1020 151 854 842 846 181 1024 1024 1024 996 180 891 854 210 1024 1024 1024 1007 889 221 200 205 
1024 1022 1015 167 863 839 841 189 1024 1024 1018 996 184 845 186 851 1024 1024 1020 1006 923 206 203 200 
1024 1024 945 87 167 856 184 193 1024 1024 1021 91 856 161 865 861 1024 1024 1024 853 183 190 168 176 
1024 1024 1021 3 225 865 188 160 1024 1024 1024 190 829 98 897 801 1024 1024 1024 160 862 863 160 927 
