266 779 573 549 533 504 512 517 406 783 568 516 507 518 530 514 842 401 424 674 590 514 522 547 
502 504 571 512 488 498 509 493 647 517 507 509 513 523 511 505 863 392 618 523 586 542 557 521 
777 388 535 484 494 496 481 530 896 428 500 453 528 533 489 518 964 506 810 455 569 545 549 540 
862 415 515 540 514 530 501 504 918 544 612 546 533 539 530 515 984 714 753 628 539 548 534 551 
925 527 586 596 497 504 507 543 983 754 538 546 533 514 477 494 1012 958 657 700 582 565 581 563 
972 608 614 639 444 545 510 505 1001 874 573 570 549 479 512 504 1020 988 798 750 695 589 580 574 
986 753 606 682 416 580 565 506 1001 931 680 667 645 419 414 579 1023 989 928 766 768 678 648 498 
977 785 612 661 424 555 476 485 998 923 694 677 626 503 507 537 1020 996 925 762 719 670 619 592 
971 804 633 713 414 585 529 521 979 921 734 694 629 452 496 525 983 975 946 784 758 696 645 608 
1018 924 785 807 265 761 392 639 1021 1006 855 821 789 274 345 391 1024 1019 1004 900 875 842 509 692 
956 942 616 430 496 543 511 537 976 988 288 290 631 503 536 490 1024 937 346 387 449 527 509 534 
593 852 684 437 521 494 516 515 618 907 459 442 506 495 520 474 601 843 497 565 525 497 516 505 
621 868 705 275 493 535 534 525 643 929 265 427 586 520 468 518 594 851 315 414 500 500 518 491 
999 1012 860 158 266 539 488 521 999 991 41 116 625 528 548 515 993 586 448 438 431 530 508 482 
1024 1024 502 522 569 537 491 532 1024 760 264 351 516 563 508 527 1024 326 698 665 412 477 519 507 
1022 1020 472 565 643 593 494 512 1021 611 421 559 649 563 498 504 1019 340 677 470 544 571 505 529 
549 753 516 463 453 519 502 505 530 727 396 469 535 518 499 522 472 673 413 479 498 508 538 493 
474 763 469 506 542 525 500 510 490 557 620 553 474 515 510 511 380 591 437 548 543 514 484 479 
908 940 232 752 739 592 442 466 906 119 926 333 644 466 460 533 860 133 153 490 578 505 542 549 
78 944 610 638 562 506 523 485 459 565 565 430 496 473 523 517 1018 6 99 499 589 530 482 511 
447 577 542 530 511 503 528 513 756 268 393 497 459 494 544 530 1019 5 382 449 540 492 513 493 
894 133 456 515 501 532 482 509 964 60 592 478 500 524 494 493 1005 19 876 277 502 501 522 486 
960 623 470 560 483 565 519 509 977 661 466 585 550 509 524 525 1007 750 380 565 518 540 557 503 
983 966 377 480 557 487 510 502 1000 983 418 421 558 547 546 507 1015 975 518 471 522 513 556 511 
1011 986 513 456 541 500 575 531 1015 1002 533 524 472 511 510 536 1024 989 605 597 518 526 491 511 
1024 985 545 487 499 538 511 533 1024 1022 575 552 474 445 531 525 1024 1023 757 510 494 565 458 520 
1021 903 615 460 484 487 518 507 1023 1015 561 557 458 480 533 533 1024 1021 827 491 491 558 512 502 
996 847 584 481 546 470 528 518 1012 970 521 601 480 509 513 515 1024 1002 803 550 473 559 537 517 
995 837 528 538 521 510 533 517 1009 974 472 643 510 540 507 520 1024 1000 897 470 381 502 552 529 
982 838 423 524 581 508 510 531 1006 965 441 595 529 459 493 492 1024 992 808 556 507 543 550 553 
893 751 404 556 563 524 518 523 930 932 400 536 500 491 559 538 1013 911 598 671 616 590 529 526 
748 560 447 533 527 503 505 519 782 654 530 538 537 513 500 505 855 793 477 558 543 518 504 521 
879 733 514 472 492 479 528 494 904 668 401 399 507 485 514 488 909 527 649 582 493 538 488 542 
1024 1024 401 623 622 608 519 496 1024 260 764 767 815 645 484 503 1024 49 975 178 573 523 531 485 
991 999 294 724 733 696 516 537 984 62 968 962 882 350 501 510 974 43 951 74 253 639 540 510 
433 646 511 522 535 509 528 511 360 663 455 512 508 500 508 530 249 664 450 489 507 512 495 513 
91 677 431 518 507 522 483 541 135 850 351 511 512 500 509 516 66 874 381 516 485 498 525 511 
22 831 257 376 640 567 496 456 163 855 603 381 610 479 518 510 38 948 380 626 595 575 508 486 
389 630 443 603 533 467 529 503 808 216 203 99 809 418 509 484 1008 16 73 864 788 463 522 498 
754 571 701 362 558 553 478 549 1012 314 439 253 595 336 487 488 1024 305 462 845 409 529 467 575 
929 521 666 330 630 618 389 580 967 487 732 579 328 404 433 427 1004 458 813 561 351 648 435 597 
676 656 488 425 532 520 540 539 924 421 563 526 518 539 516 518 1000 369 768 659 561 562 514 502 
866 899 773 677 681 487 522 575 978 791 876 723 566 523 537 524 1024 810 816 855 647 529 535 550 
1003 984 944 790 824 468 567 527 1014 994 969 907 619 469 508 534 1024 995 978 972 720 514 613 551 
990 982 924 770 797 528 581 566 1011 975 923 906 763 390 485 471 1024 971 934 956 845 521 539 477 
994 979 931 751 749 658 427 551 1021 971 902 858 798 401 524 493 1024 976 927 912 817 642 566 513 
994 987 918 694 720 686 417 613 1024 967 911 788 767 442 640 446 1024 976 941 826 816 722 472 512 
997 985 947 620 688 673 552 519 1024 971 914 769 748 428 640 525 1024 976 943 822 769 771 406 563 
995 992 920 652 652 549 514 542 1021 975 903 807 676 416 594 502 1024 981 938 829 740 672 437 548 
1003 977 856 634 642 608 426 478 1013 978 862 716 661 407 569 546 1024 973 870 781 698 601 474 559 
1001 841 385 558 589 551 537 527 994 658 502 572 554 510 517 538 1013 648 575 574 517 527 499 522 
863 879 534 491 512 527 507 502 858 714 329 449 489 553 508 522 876 467 573 453 535 510 508 505 
632 869 371 601 595 538 496 503 658 572 591 597 610 510 501 492 614 378 725 423 463 526 535 520 
341 635 600 516 508 508 482 492 380 647 510 630 625 444 551 517 321 509 489 493 497 535 516 507 
188 614 483 539 529 537 489 502 297 682 529 503 507 489 510 522 108 809 492 493 525 514 529 525 
224 644 474 500 520 509 508 504 367 638 540 513 499 503 506 513 170 790 437 542 534 524 517 513 
697 408 448 555 486 476 470 542 712 416 376 627 470 467 453 485 709 409 387 545 558 549 527 536 
34 760 331 662 612 503 516 496 52 766 834 649 402 499 521 548 757 131 210 708 377 506 530 534 
567 692 443 456 517 562 503 529 652 605 576 448 522 486 496 505 942 317 333 699 417 556 501 537 
490 704 564 510 641 554 470 531 517 713 828 684 538 488 498 505 849 475 552 605 478 602 467 518 
561 431 272 472 509 521 475 499 646 375 697 438 444 513 525 505 882 146 738 563 528 488 504 510 
140 876 574 361 376 485 526 541 426 594 728 584 648 505 482 494 1019 45 729 326 381 518 499 513 
188 925 855 301 443 530 539 524 833 293 332 317 386 441 504 481 949 224 793 375 627 494 526 498 
596 925 865 724 775 454 606 602 887 648 687 698 343 701 456 551 963 632 768 810 401 653 634 478 
962 991 976 969 946 349 707 659 1014 937 958 955 322 700 327 647 1024 946 962 965 412 610 703 433 
1024 1024 1024 1024 1024 298 711 679 1024 1024 1024 1024 342 682 297 611 1024 1024 1024 1024 476 562 862 345 
1024 1024 1024 1024 1024 726 297 381 1024 1024 1024 1024 429 595 604 411 1024 1024 1024 1024 589 475 742 575 
1024 1024 1024 1024 1023 467 547 554 1024 1024 1024 1024 578 446 400 481 1024 1024 1024 1024 709 343 711 455 
1024 1024 1024 1024 1024 615 389 508 1024 1024 1024 1024 360 664 611 396 1024 1024 1024 1024 607 419 756 606 
1018 1019 1021 1013 1004 382 657 646 1018 1019 1020 1011 306 739 404 574 1022 1018 1020 1015 469 569 737 345 
817 904 895 887 845 656 409 425 815 903 861 882 194 820 670 331 894 915 879 863 263 799 784 708 
542 856 588 664 648 534 523 498 564 917 658 743 367 625 503 520 579 960 718 747 418 637 594 537 
239 655 495 544 512 536 515 511 281 820 497 546 507 525 517 505 288 876 464 547 538 518 534 504 
70 678 455 494 500 499 522 521 248 793 608 539 528 506 475 529 151 883 460 522 504 503 514 534 
159 601 502 506 511 491 495 511 404 679 577 507 506 521 496 505 330 755 514 515 523 508 522 501 
527 481 476 514 501 462 572 502 719 461 405 646 430 540 524 489 676 498 392 578 513 498 576 542 
1 787 814 359 465 464 534 487 47 761 812 861 459 595 532 519 747 55 164 849 275 508 511 551 
588 476 478 594 509 475 495 472 600 456 470 559 506 502 510 501 861 199 244 488 482 505 478 509 
100 649 717 507 495 475 502 548 316 660 525 602 556 532 531 514 656 275 377 602 513 518 490 504 
398 395 459 563 521 508 496 489 563 398 410 473 487 509 496 501 701 225 464 440 504 514 531 481 
52 606 708 611 485 515 512 497 508 301 320 319 473 515 497 481 635 170 716 334 542 519 513 502 
122 706 640 667 583 481 543 538 567 334 371 415 578 512 552 546 740 210 719 474 557 503 513 490 
356 485 460 362 440 503 527 487 548 331 430 618 449 548 513 505 739 235 732 634 391 501 499 510 
284 511 478 439 530 495 486 536 549 253 305 591 440 537 538 546 606 167 734 501 502 506 519 481 
692 839 752 662 641 483 555 551 803 730 710 776 353 629 482 547 833 700 825 752 510 627 553 528 
905 923 903 812 786 342 715 699 920 917 914 840 229 836 382 694 936 940 893 884 311 749 713 392 
1024 934 861 808 794 328 708 661 1024 943 949 858 167 801 301 629 1024 952 998 887 228 815 723 374 
1024 928 935 720 751 241 733 610 1024 928 971 843 192 744 296 622 1024 941 988 953 155 826 638 401 
1024 926 918 756 735 294 631 512 1024 928 975 814 162 660 380 528 1024 950 971 911 218 758 482 539 
1024 947 933 770 665 301 601 534 1024 950 964 817 194 577 492 512 1024 992 929 914 218 729 446 501 
1024 931 938 804 771 341 573 594 1024 928 999 809 221 621 392 615 1024 963 975 908 214 792 478 379 
1009 944 911 790 757 290 691 667 1012 934 960 757 313 706 327 636 1012 943 988 880 277 704 634 374 
763 810 788 700 544 494 525 531 782 891 813 644 488 546 516 534 793 893 812 696 422 596 547 511 
482 643 611 554 534 535 496 510 607 735 615 492 516 489 521 541 620 768 617 560 536 544 539 537 
159 714 559 490 499 530 494 484 499 594 468 445 469 488 523 538 430 682 479 533 579 527 489 513 
4 16 235 665 484 515 508 504 25 34 161 665 480 514 515 522 18 25 285 541 508 509 531 535 
201 198 441 572 493 521 525 511 333 308 368 569 500 510 519 494 234 313 392 547 509 494 496 506 
10 85 528 528 521 522 523 497 97 477 552 484 534 510 498 487 41 335 660 504 542 527 491 489 
88 143 590 537 498 517 505 540 114 488 514 490 519 512 502 527 109 322 633 478 481 532 504 502 
1 50 609 515 507 516 511 505 18 642 453 516 544 517 509 507 4 401 580 531 516 528 501 535 
28 209 533 494 507 521 526 518 127 843 481 508 520 494 493 504 125 698 477 523 534 544 543 481 
114 601 498 504 541 493 526 511 281 653 660 416 506 494 532 529 566 449 488 495 515 504 512 518 
2 462 497 513 527 519 499 531 19 486 499 528 546 508 489 514 53 403 510 518 490 505 508 500 
556 841 751 577 523 427 411 384 570 871 745 759 287 691 567 401 532 733 822 751 734 698 416 630 
571 717 742 561 528 529 524 515 583 777 665 613 419 628 489 526 615 848 686 612 629 530 548 529 
670 934 857 761 582 494 488 532 707 891 871 716 399 547 526 492 876 731 784 735 447 566 502 521 
898 860 874 761 703 490 534 519 936 829 889 733 478 525 503 563 938 877 925 805 583 469 533 552 
736 779 859 782 730 545 540 501 745 903 768 781 563 474 491 518 736 977 718 801 673 438 555 530 
502 711 783 711 684 622 473 600 535 816 700 738 650 443 562 569 561 817 730 719 676 468 588 590 
491 651 730 709 653 588 508 550 590 732 675 670 567 471 540 533 588 794 706 689 619 502 517 535 
448 669 781 669 633 507 511 521 518 811 672 638 434 501 483 499 486 796 684 689 493 490 488 511 
390 583 764 652 615 463 510 507 444 770 693 578 442 484 514 510 399 735 687 615 427 563 509 521 
294 595 616 586 509 544 490 509 394 689 569 526 492 480 513 502 342 712 632 528 458 509 531 519 
245 502 487 550 539 470 538 518 485 359 424 536 513 509 511 464 385 435 460 553 470 489 539 499 
18 92 467 501 483 491 514 532 175 351 353 568 490 542 489 508 109 306 444 468 516 515 502 495 
19 193 454 538 497 532 502 513 351 481 509 508 521 484 523 495 159 490 546 485 498 509 502 493 
18 119 544 497 494 470 523 520 137 570 497 526 530 523 518 493 71 419 582 512 520 478 510 515 
0 28 456 532 487 479 509 499 3 299 528 530 528 515 498 509 0 179 584 532 501 528 533 500 
2 23 419 545 515 522 493 471 5 262 596 505 538 516 504 529 4 193 623 471 482 518 498 502 
62 235 527 506 498 507 510 534 161 713 424 505 534 516 536 504 196 567 497 504 522 493 517 512 
128 723 442 445 520 510 503 519 299 660 613 378 471 523 492 507 594 441 501 530 504 470 552 502 
78 416 493 497 512 501 527 510 152 412 458 489 525 501 525 485 127 369 490 553 524 524 546 500 
563 812 732 399 648 583 504 502 604 819 743 750 297 681 485 510 523 730 838 755 743 665 428 527 
522 689 694 495 544 528 500 518 560 722 674 595 458 497 513 494 663 715 626 655 626 556 552 539 
94 770 715 481 461 507 519 496 279 586 600 558 514 533 524 497 679 211 379 520 524 532 513 492 
738 608 702 510 519 546 509 518 823 554 761 548 545 532 549 501 834 704 760 622 561 560 536 519 
389 388 706 538 510 514 489 520 516 692 559 538 440 524 534 509 579 816 453 622 501 561 523 501 
6 280 463 484 504 493 512 496 305 642 503 503 498 512 519 505 315 675 533 523 538 524 512 527 
20 323 549 505 494 499 503 492 239 724 510 505 513 501 505 516 242 749 493 535 514 490 500 520 
20 323 610 500 481 524 503 484 159 653 520 495 515 503 507 496 63 677 521 526 504 532 531 522 
44 195 612 528 503 493 517 508 361 474 505 501 507 513 525 509 77 678 569 539 507 489 511 518 
68 367 555 527 481 510 535 522 210 509 520 553 536 523 529 551 152 586 514 499 516 497 508 549 
71 401 461 512 488 549 470 513 78 524 399 391 503 503 580 535 82 503 469 359 490 544 474 522 
1 32 402 556 521 508 489 486 25 206 369 569 521 501 502 514 17 108 415 541 507 475 499 510 
4 75 426 564 512 485 522 505 43 302 577 490 486 502 528 502 27 223 627 440 522 504 533 518 
7 66 479 531 490 516 514 519 48 465 535 486 528 519 517 501 44 283 621 523 499 512 491 478 
0 26 430 523 512 503 522 510 10 288 540 508 515 552 509 500 1 197 552 511 536 513 508 522 
7 53 492 503 477 513 517 525 10 353 571 522 511 508 480 507 14 227 635 504 510 494 542 501 
18 155 507 517 486 517 527 520 52 636 467 485 531 492 530 500 61 518 541 514 512 521 476 520 
103 409 593 523 520 487 529 497 242 690 431 482 513 520 509 490 499 477 459 528 542 515 478 529 
84 439 541 458 487 486 526 494 154 570 525 503 481 518 494 526 263 300 446 559 526 524 490 524 
334 646 630 473 558 536 527 501 458 698 636 658 467 544 485 534 507 556 612 627 581 588 536 515 
246 598 483 497 520 500 509 519 545 503 512 570 548 507 519 501 726 694 539 568 574 542 529 501 
220 628 580 483 498 520 561 533 525 415 511 491 553 527 514 494 669 486 665 598 534 490 497 520 
816 728 753 630 419 529 487 502 951 690 667 702 513 517 542 505 964 804 761 755 672 617 512 558 
596 704 766 683 428 470 532 522 678 855 710 685 476 597 582 496 669 886 742 732 682 544 592 546 
66 380 552 481 500 509 511 522 289 560 556 514 522 551 508 506 282 636 506 526 520 518 469 514 
42 232 486 487 508 528 526 496 289 634 533 506 524 535 493 496 238 618 521 506 525 514 520 485 
265 307 526 518 519 541 515 501 608 441 450 482 520 538 542 538 589 607 526 551 515 532 489 490 
0 308 450 521 497 488 480 525 470 328 332 500 499 507 514 509 156 557 623 544 534 528 548 508 
13 428 565 536 534 507 499 517 517 476 404 468 525 511 518 514 115 874 599 586 522 497 522 484 
0 282 685 580 501 532 523 554 300 514 465 500 586 518 500 511 40 836 487 615 492 539 548 488 
22 114 289 510 559 476 498 525 16 250 243 471 567 493 512 498 41 173 281 509 564 520 508 487 
5 78 447 525 547 503 512 490 7 362 494 507 495 513 526 524 8 164 607 501 471 509 543 507 
0 29 348 557 491 547 528 476 2 182 574 505 509 496 517 562 2 93 605 510 488 499 491 507 
0 29 494 495 510 503 502 517 10 367 519 520 485 509 535 512 2 238 568 489 519 501 500 515 
0 27 407 557 527 524 517 497 2 244 611 534 519 486 520 480 6 162 666 511 507 529 543 531 
0 80 533 509 527 520 521 515 9 598 472 486 515 519 524 532 48 434 542 527 506 499 534 518 
0 250 696 643 520 509 497 552 8 990 422 592 539 544 522 506 831 163 233 545 448 505 494 529 
2 135 760 427 554 557 519 514 25 914 244 509 536 540 526 502 536 497 595 556 533 523 500 522 
102 296 544 466 516 487 545 541 157 767 424 463 506 493 508 504 574 529 542 538 527 516 526 524 
38 289 521 506 536 514 510 506 257 683 377 464 521 526 513 497 806 457 447 512 506 481 513 514 
10 494 393 551 551 531 531 510 308 647 381 431 545 534 502 478 874 291 590 563 530 501 508 496 
767 980 969 623 292 404 488 534 1024 730 753 942 370 609 618 527 1024 942 801 825 811 719 637 559 
616 675 710 602 399 440 547 449 732 868 760 718 447 610 588 494 841 865 790 751 717 576 628 617 
182 548 402 527 505 496 521 531 339 781 605 546 499 501 511 525 896 372 562 543 531 535 516 510 
364 587 513 499 537 502 493 525 783 347 480 531 493 518 507 489 978 563 524 528 520 516 506 520 
122 500 499 507 495 512 483 522 725 367 389 441 525 525 497 498 565 608 562 533 513 510 492 526 
55 374 644 575 520 512 501 506 714 335 341 403 497 531 542 504 280 799 776 513 476 527 543 546 
277 194 815 530 503 531 505 511 664 450 548 547 571 509 499 493 343 958 884 358 543 522 509 494 
360 212 765 583 559 419 532 522 753 321 583 595 523 512 507 516 474 910 872 236 593 491 534 537 
15 128 169 413 603 493 520 505 1 179 164 313 595 460 485 540 9 157 188 490 567 537 502 527 
41 252 517 498 478 521 537 501 88 423 558 541 501 486 532 492 127 250 595 463 519 521 505 536 
0 9 359 558 506 496 484 494 0 251 525 488 487 558 500 557 0 77 608 522 506 492 526 521 
0 34 428 545 499 493 514 537 1 299 584 508 523 496 529 502 1 140 636 478 528 511 501 517 
0 149 555 514 486 520 512 487 15 620 516 500 501 506 521 522 43 483 579 489 511 531 517 521 
0 217 561 479 506 519 502 527 16 804 469 464 467 484 534 499 274 562 475 517 505 475 538 511 
0 187 651 616 478 513 512 515 1 781 377 633 502 510 528 511 681 199 424 464 538 462 535 505 
2 211 669 560 540 524 548 497 13 795 393 581 535 540 542 534 667 346 335 515 505 512 501 483 
36 354 583 507 506 508 541 489 160 706 502 544 511 496 522 520 695 480 511 521 511 526 517 520 
36 317 563 537 502 534 525 499 181 663 530 507 520 507 496 485 715 462 493 534 516 519 508 506 
98 515 496 543 519 520 516 499 386 542 625 546 495 508 526 518 752 597 665 622 554 521 520 538 
820 686 730 457 560 515 494 530 942 724 778 719 450 500 494 515 1015 930 809 797 737 621 579 559 
447 457 578 477 543 502 552 517 502 666 721 669 449 506 532 530 944 604 722 682 650 618 602 574 
821 327 286 561 507 519 495 524 942 536 638 524 539 508 502 526 1016 983 950 893 711 595 606 572 
776 199 305 509 492 499 514 509 877 432 623 623 556 518 507 521 957 924 864 802 617 545 572 544 
652 201 524 552 458 504 495 543 759 531 527 566 520 500 519 506 889 794 786 586 473 536 513 532 
1009 47 563 556 485 497 526 544 1018 390 653 637 534 511 514 499 1020 1014 1014 463 548 511 527 507 
1024 238 339 595 465 513 540 519 1017 300 944 730 436 534 501 524 1015 1022 1014 421 592 542 488 520 
1024 346 420 640 450 533 533 487 1006 395 798 604 356 511 463 462 970 942 943 308 650 472 505 490 
24 523 423 429 516 481 521 534 16 589 400 420 556 509 511 498 121 613 506 453 570 496 521 527 
11 226 502 527 532 494 504 529 19 425 561 500 502 494 530 505 29 461 554 494 500 525 530 502 
0 90 511 555 523 523 506 521 0 326 587 489 518 517 487 519 1 257 652 491 520 503 506 519 
2 178 602 506 525 555 502 523 9 532 501 524 498 520 531 542 18 470 494 505 519 497 501 515 
22 199 552 510 509 510 490 499 38 524 513 528 528 529 502 551 65 462 540 508 531 531 524 510 
0 131 600 527 512 506 536 510 2 651 469 485 467 505 509 499 158 506 535 512 525 489 494 514 
5 377 579 514 481 527 507 505 7 795 482 538 504 482 509 495 413 523 490 543 520 535 489 536 
2 388 552 516 543 516 524 495 5 747 458 501 502 491 511 501 440 463 503 519 537 508 520 524 
31 428 573 515 520 496 496 481 61 749 440 496 533 501 511 527 507 515 557 525 530 500 506 540 
76 455 490 522 508 522 506 539 168 711 545 521 500 520 517 523 732 318 559 535 535 509 510 490 
134 386 493 514 494 497 502 509 302 723 552 477 512 512 508 512 541 564 633 546 526 508 530 495 
703 501 460 463 522 531 535 506 650 645 655 473 515 516 502 528 647 719 831 700 611 597 558 526 
788 416 414 436 481 516 496 503 853 614 656 485 528 527 500 520 878 899 939 883 755 627 581 613 
680 186 287 479 524 482 508 499 795 360 649 655 594 518 506 521 839 846 840 793 646 562 535 529 
584 259 302 519 523 505 512 526 683 456 635 599 603 484 514 525 822 827 791 757 550 566 532 559 
585 545 454 557 511 532 496 524 671 653 622 483 544 525 527 524 726 811 760 628 459 547 508 529 
948 862 673 513 470 518 525 497 925 697 780 360 565 511 521 525 825 830 727 710 493 542 520 536 
1024 990 856 703 441 528 548 536 998 347 815 260 550 522 503 511 412 849 462 567 498 501 489 527 
1024 1024 845 476 610 493 476 573 960 99 524 431 509 521 489 493 92 523 366 431 455 381 435 528 
18 333 711 525 518 509 492 513 2 784 289 334 529 505 502 521 3 736 540 469 539 486 492 497 
28 196 744 545 518 482 529 494 1 614 418 468 521 538 491 525 1 725 373 490 486 498 511 523 
140 552 563 536 513 522 547 505 230 680 445 483 519 522 529 485 423 565 417 468 536 523 496 525 
182 438 580 525 479 497 533 499 294 624 530 528 518 515 478 492 513 473 496 507 501 543 521 523 
23 140 514 502 501 506 508 512 40 380 521 511 495 514 475 529 69 406 622 493 503 511 528 501 
52 217 597 491 496 493 518 505 149 477 496 526 515 511 521 523 158 476 547 503 523 525 487 486 
104 331 572 514 508 498 515 517 174 535 484 505 511 498 520 524 249 617 510 511 488 503 507 507 
63 424 516 494 501 505 501 482 317 566 505 527 505 499 543 468 488 535 509 491 535 515 511 518 
60 416 550 508 522 475 523 521 337 542 509 501 499 493 520 507 546 532 508 493 510 495 503 491 
58 265 453 539 510 493 497 488 126 371 607 518 509 476 498 523 544 541 484 497 516 507 509 529 
189 457 471 507 496 496 510 487 518 426 515 533 524 510 523 507 823 634 632 605 557 564 524 548 
170 462 483 506 493 518 509 526 435 430 527 495 501 511 506 515 405 613 624 585 538 564 540 548 
294 480 482 509 515 500 516 545 496 557 497 475 524 487 487 531 422 691 570 542 536 550 525 528 
82 455 510 502 538 482 511 513 407 609 528 529 521 487 492 521 308 688 506 495 516 501 526 490 
132 502 525 517 519 488 515 533 409 612 527 503 497 503 491 485 370 684 528 539 514 500 503 510 
275 524 488 518 498 505 544 488 487 532 511 494 530 505 501 512 504 642 581 517 524 523 556 520 
641 336 322 476 533 531 543 514 758 302 663 620 442 504 502 518 801 723 789 562 508 528 475 537 
769 862 399 609 590 510 523 553 849 816 757 269 324 470 530 527 955 827 864 557 494 487 493 486 
1023 1007 774 468 467 522 495 486 1008 452 649 527 488 555 514 490 673 693 470 444 571 484 477 536 
4 677 390 498 494 548 521 484 510 515 475 541 534 523 519 481 239 780 653 524 458 482 540 480 
120 488 465 461 545 486 534 476 437 623 447 534 544 463 521 543 254 794 659 566 460 528 484 535 
701 199 431 495 499 469 472 456 809 561 451 437 483 542 493 474 846 892 657 445 486 539 496 482 
901 109 601 530 562 466 557 489 942 859 232 454 459 502 510 476 960 974 898 534 509 527 512 504 
174 503 468 511 471 462 523 475 284 585 520 466 490 550 549 555 483 576 542 494 502 505 490 496 
111 492 479 465 517 476 543 447 315 574 530 460 523 459 543 474 544 569 500 500 512 557 555 488 
98 463 489 471 480 555 562 536 383 563 531 542 481 476 525 531 372 642 568 570 540 487 488 498 
45 492 475 481 484 476 483 541 432 571 545 555 528 480 552 550 387 647 560 543 560 454 573 461 
318 551 546 491 560 512 545 494 648 496 477 489 512 550 536 498 794 536 564 493 471 537 491 547 
178 459 471 547 454 445 473 481 533 507 521 494 506 496 532 556 606 637 504 553 486 499 517 535 
188 459 471 541 496 465 558 474 430 639 519 550 518 563 556 480 538 597 523 509 537 511 493 462 
83 498 496 488 562 484 492 460 375 630 525 545 488 549 544 487 280 644 562 501 534 541 470 476 
79 554 500 456 551 481 538 558 345 627 548 548 452 476 528 484 222 657 523 496 475 565 488 467 
93 448 500 508 498 535 547 469 320 668 530 542 474 459 480 563 219 652 516 457 485 454 550 493 
108 530 511 486 527 570 541 467 321 623 511 486 583 548 522 483 233 655 553 479 500 530 556 508 
247 562 542 480 485 505 477 545 558 475 464 490 461 480 466 441 372 688 603 572 535 544 476 572 
258 738 644 548 470 475 561 496 670 410 398 401 480 537 559 521 858 274 587 518 555 542 525 520 
539 570 531 487 512 556 538 499 889 238 415 415 601 466 456 560 995 376 834 424 596 581 487 474 
870 494 527 422 597 568 560 490 921 458 755 478 592 490 483 540 973 894 631 491 460 577 554 512 
