358 260 658 421 506 524 535 529 388 421 683 536 480 493 492 521 372 314 640 562 519 524 528 517 
229 196 600 422 496 487 492 522 261 262 675 421 498 524 502 523 245 197 641 449 491 495 504 502 
1 199 724 318 439 533 521 526 37 276 761 314 426 524 503 527 1 236 548 466 490 509 506 533 
0 156 768 393 509 516 501 509 10 202 805 400 480 506 518 505 0 141 632 469 534 519 547 514 
0 84 840 339 429 492 528 509 0 137 805 328 399 497 508 520 0 53 650 507 536 540 505 506 
0 150 785 369 480 521 486 533 4 271 770 384 461 512 509 510 0 147 677 428 501 507 516 514 
0 44 866 251 484 527 532 526 0 46 861 318 489 533 517 502 0 36 728 365 478 481 509 509 
1 465 534 294 454 527 513 525 1 450 525 310 450 512 482 503 1 363 475 449 511 524 483 509 
0 225 784 611 488 523 532 515 0 210 792 603 464 541 499 509 0 138 819 583 489 483 499 509 
0 30 921 310 637 440 547 467 0 23 945 265 631 427 554 493 0 16 828 306 459 622 547 463 
350 250 706 420 544 514 515 504 411 358 747 532 509 491 526 509 363 358 656 527 521 523 493 542 
240 160 601 415 506 489 549 487 259 223 748 370 473 539 544 512 253 167 671 400 482 509 499 548 
3 184 757 372 494 521 523 524 14 272 782 335 503 503 506 504 4 191 667 420 511 500 490 510 
3 279 713 439 480 511 522 495 14 412 707 417 488 513 517 509 4 269 648 462 480 508 520 490 
11 181 816 369 465 526 514 500 13 215 798 357 461 489 505 520 25 162 658 445 487 552 487 542 
51 234 799 435 490 496 478 512 107 219 707 425 448 530 530 522 79 202 648 506 513 499 511 530 
341 522 410 430 499 489 536 509 434 464 405 459 499 535 520 521 417 462 376 470 538 498 507 557 
121 813 384 425 525 529 516 528 217 765 297 423 522 511 520 491 174 761 333 448 501 500 513 520 
1 537 536 520 504 522 509 490 2 486 581 571 506 521 493 539 0 372 681 591 508 508 482 536 
0 120 899 773 383 643 634 505 0 100 922 798 352 653 531 590 0 47 969 731 350 371 522 575 
336 317 585 479 494 489 520 523 414 460 731 523 469 513 507 498 348 438 664 561 488 516 502 509 
145 522 461 514 523 510 499 507 282 597 494 481 505 488 528 508 204 530 479 500 528 522 521 507 
0 627 388 336 614 525 525 532 32 704 362 276 523 461 498 544 0 580 418 358 375 486 507 525 
0 908 253 590 676 588 488 544 2 905 118 733 603 409 446 538 0 800 208 785 230 593 428 460 
0 1013 17 966 518 558 533 506 0 1008 17 946 138 504 549 531 0 1000 20 373 639 570 503 496 
27 881 185 843 553 537 577 587 29 909 126 795 303 500 570 556 29 863 162 470 514 532 551 454 
3 849 227 555 558 546 548 528 4 919 185 495 434 543 509 476 0 800 276 504 488 515 533 520 
45 619 481 558 517 507 499 488 68 715 543 618 561 495 504 551 39 648 552 659 490 519 539 533 
34 237 790 508 484 539 524 524 71 352 788 461 478 499 523 515 38 309 743 502 514 512 517 521 
61 248 760 552 433 517 463 482 57 150 865 624 521 587 575 559 48 151 855 470 591 426 567 553 
335 266 503 508 500 529 499 528 426 335 645 400 539 504 503 511 382 283 664 479 541 533 533 515 
8 657 461 483 523 530 475 526 293 699 492 531 514 511 520 506 148 736 462 500 519 546 553 525 
187 543 477 486 516 538 522 512 299 685 480 509 499 520 495 502 232 650 476 554 486 491 490 470 
208 512 563 533 493 493 522 523 274 732 465 609 537 511 494 540 238 643 485 531 534 493 505 540 
11 411 615 545 486 520 522 500 16 585 587 552 521 520 503 519 9 460 580 489 505 524 517 527 
5 556 550 531 493 540 505 511 142 648 601 558 512 499 504 498 44 674 541 455 522 516 516 496 
130 838 364 487 537 494 496 502 201 778 463 488 529 515 499 508 161 778 478 446 507 496 494 506 
156 725 331 462 502 497 518 519 165 648 403 502 563 515 561 497 162 591 449 506 497 497 532 529 
246 618 509 546 527 529 493 493 312 666 461 526 525 484 518 495 292 585 552 504 488 504 505 513 
109 759 415 599 475 532 543 525 68 830 423 630 531 440 484 548 32 751 497 603 450 566 489 527 
597 527 600 508 496 517 502 498 925 312 644 606 535 531 510 501 904 382 569 541 518 513 501 566 
382 691 511 562 530 534 498 502 803 405 559 575 532 519 519 535 680 555 611 537 515 527 517 527 
599 491 395 586 552 521 518 518 718 463 689 481 509 514 521 536 672 476 698 691 523 535 560 488 
434 589 450 508 463 525 515 513 530 545 674 358 588 526 523 531 517 556 749 443 516 477 522 529 
648 438 352 485 508 532 537 521 732 405 519 541 542 541 509 521 723 390 715 432 533 509 502 498 
700 300 320 352 550 524 508 532 762 316 336 678 570 497 540 508 754 298 601 467 508 531 502 515 
780 288 265 282 531 497 483 492 853 249 277 699 459 500 513 545 848 256 462 579 468 523 502 527 
622 449 396 378 469 513 495 534 836 238 214 532 531 473 497 526 829 242 281 646 448 539 540 512 
243 645 622 503 542 489 512 514 518 497 321 414 581 472 537 520 527 397 321 542 513 525 518 540 
301 678 602 491 489 500 569 519 354 624 474 453 503 531 467 533 344 588 369 419 531 546 522 503 
553 802 488 500 528 516 507 504 634 741 441 562 516 525 514 520 558 581 552 510 486 518 490 511 
412 703 438 494 492 523 510 520 431 846 307 509 489 506 495 494 398 658 455 546 539 548 520 519 
996 722 471 591 496 530 526 494 994 931 184 506 537 505 538 525 980 442 479 585 533 512 531 503 
339 856 533 517 509 491 524 550 328 860 630 397 502 511 506 469 293 795 475 481 467 519 502 470 
424 806 460 474 508 501 504 519 452 788 479 429 503 510 495 509 423 590 508 489 507 510 517 497 
664 540 372 553 513 523 503 529 708 515 532 433 540 511 501 506 677 427 656 513 495 502 506 519 
909 417 327 521 498 512 539 526 912 442 537 381 482 489 520 521 895 265 713 433 477 516 502 518 
993 943 107 344 514 504 527 519 994 761 298 387 481 511 531 509 988 153 511 514 562 474 520 506 
1024 868 170 329 520 495 500 519 1024 663 410 448 509 503 541 506 1024 139 423 567 534 521 495 542 
994 401 589 507 511 489 553 537 1012 185 804 757 423 569 583 555 991 63 245 703 564 472 521 544 
629 428 368 567 515 522 509 531 645 426 721 482 527 530 482 503 650 563 595 523 531 516 533 514 
138 880 450 443 498 484 510 516 143 896 598 401 536 511 512 506 145 872 582 447 521 517 505 534 
447 647 485 525 526 538 501 532 501 710 374 488 521 522 539 516 504 682 367 523 537 525 534 513 
311 785 454 569 525 524 497 527 413 727 331 510 480 511 517 496 387 664 318 575 506 491 483 525 
175 882 358 503 528 527 518 520 244 774 364 541 519 486 532 545 238 689 368 484 518 517 518 520 
553 623 480 523 500 528 531 530 602 687 423 461 534 509 487 499 609 608 458 444 529 496 495 520 
656 378 435 499 509 540 517 480 697 410 504 490 527 515 496 478 707 414 553 540 493 518 518 502 
874 385 386 456 485 522 529 503 976 365 367 449 494 521 526 497 996 167 536 505 508 505 517 507 
888 459 264 485 545 520 524 522 1003 329 369 396 468 523 520 520 1020 140 441 543 515 477 535 537 
835 468 431 444 498 479 497 505 976 122 658 577 590 482 543 522 961 75 244 755 543 489 543 550 
763 134 611 435 431 502 528 512 865 165 874 590 457 499 506 532 831 545 462 468 467 518 519 529 
580 333 469 560 540 514 501 533 700 330 755 502 487 502 512 521 684 498 545 540 532 555 524 537 
277 574 456 547 518 513 526 495 439 537 540 532 501 513 515 524 394 635 463 513 490 517 518 509 
701 300 301 623 525 525 489 503 838 182 680 423 546 499 509 486 860 236 710 590 495 543 528 518 
763 241 182 522 478 501 508 525 810 193 510 534 446 510 534 525 809 249 639 527 521 498 508 498 
362 654 420 544 497 533 495 517 522 501 497 490 557 513 501 525 545 477 604 488 485 503 482 492 
579 425 325 390 520 499 510 485 767 252 274 576 532 499 514 529 800 221 467 484 528 552 510 517 
860 161 155 377 500 513 514 528 983 41 172 594 487 496 494 544 999 25 426 553 466 488 515 557 
698 294 258 373 530 528 528 499 910 114 191 549 515 526 500 468 857 161 388 571 533 499 525 531 
243 640 630 565 589 539 479 528 755 269 220 371 560 535 509 505 618 385 299 412 573 538 548 535 
