0 118 421 480 505 508 491 525 3 311 554 518 515 506 540 501 5 319 585 523 511 510 500 505 
0 151 636 521 508 528 508 496 2 624 457 500 521 507 507 503 1 633 457 517 510 527 495 530 
4 366 534 515 516 500 526 511 16 792 466 505 522 545 537 505 17 819 504 498 531 518 477 521 
1 312 586 526 497 520 521 517 6 739 420 540 473 483 537 539 12 800 432 495 499 527 493 519 
32 467 524 483 496 507 529 494 46 864 429 560 499 517 500 534 78 915 532 501 487 501 524 507 
99 454 561 513 522 505 501 517 86 749 442 511 528 486 526 527 77 718 480 504 520 503 520 514 
62 315 560 561 509 513 506 500 60 786 452 523 505 508 530 512 42 694 431 541 491 522 508 529 
3 68 392 504 479 498 497 470 6 765 460 508 525 526 504 526 6 676 324 527 519 504 516 503 
10 216 389 432 472 494 471 463 45 497 538 547 500 496 526 502 40 489 496 520 521 489 513 533 
1 49 181 722 731 537 295 444 3 165 767 433 579 558 558 505 3 168 767 586 433 413 410 535 
361 466 563 545 516 511 501 530 521 555 382 472 485 533 490 498 573 598 486 566 510 502 493 508 
535 322 642 610 486 499 513 512 608 695 303 472 513 548 503 499 642 799 491 631 520 504 499 500 
629 362 569 571 514 493 489 541 670 675 418 432 543 513 483 531 760 744 438 575 551 526 488 518 
629 588 387 446 465 504 469 508 662 694 472 557 501 505 537 521 827 669 604 381 471 533 496 511 
673 661 649 609 538 513 547 503 712 834 570 610 597 595 528 503 796 816 620 620 623 627 603 560 
39 700 362 483 495 497 501 493 56 969 507 489 489 525 521 529 74 958 654 457 519 525 507 500 
30 286 412 523 491 523 507 512 99 743 464 489 500 509 500 498 125 567 569 526 506 517 526 512 
0 54 509 513 536 499 508 542 49 822 509 534 508 511 504 521 8 762 453 519 504 502 512 512 
0 18 450 476 475 468 470 485 11 885 507 498 558 507 495 494 3 787 377 493 505 502 513 506 
0 23 250 660 686 380 345 635 2 126 845 817 248 410 420 492 1 104 826 344 723 756 517 659 
384 444 381 495 486 490 494 481 452 507 406 509 506 493 521 508 503 522 464 514 485 486 499 484 
513 371 369 454 491 503 499 515 521 565 381 501 516 503 496 506 526 599 505 501 521 509 503 509 
475 458 545 564 531 503 492 512 485 526 634 554 532 501 517 507 515 584 754 568 579 536 575 528 
515 552 461 552 494 530 466 508 532 646 481 532 546 527 545 511 563 732 695 573 522 499 529 529 
614 517 359 500 490 474 481 494 626 612 390 548 518 556 515 505 666 660 804 521 515 535 529 561 
417 377 422 448 504 483 506 491 464 489 428 541 523 498 528 510 523 652 600 482 526 535 535 543 
152 285 480 493 495 479 473 494 243 571 375 442 505 490 480 490 349 526 528 486 519 496 508 506 
110 307 556 459 471 493 474 500 182 536 458 499 524 497 505 484 324 478 489 514 536 513 526 475 
137 181 518 510 445 499 509 508 193 684 511 534 517 537 511 495 253 660 510 524 540 523 506 497 
0 8 107 748 323 671 258 430 1 193 704 469 564 629 552 447 0 125 738 363 700 464 605 494 
1 244 299 375 426 435 453 434 75 292 375 478 498 515 526 533 115 239 334 442 451 508 517 523 
28 181 335 386 445 438 463 497 100 290 386 493 517 518 506 483 106 263 354 466 460 460 513 510 
650 263 498 519 539 533 494 521 795 278 523 531 515 526 493 494 817 292 560 502 519 509 523 530 
395 412 453 501 522 499 483 494 431 452 528 499 528 534 538 501 462 445 546 507 555 513 525 524 
171 374 596 529 468 523 479 523 198 494 564 545 512 521 496 502 247 532 575 575 524 512 519 523 
118 376 557 486 515 485 514 517 148 534 477 568 506 510 519 520 177 591 572 490 516 510 517 542 
313 433 359 416 464 477 483 447 365 592 416 472 479 492 510 508 438 578 614 479 527 522 488 517 
78 225 382 409 430 458 459 465 105 348 445 422 461 489 505 521 185 438 504 426 519 499 503 496 
99 221 448 484 479 507 487 495 172 497 466 478 517 503 536 506 287 557 465 542 500 503 536 502 
7 13 170 709 719 286 457 337 14 42 770 401 524 501 593 442 16 38 794 434 667 476 442 509 
12 383 449 472 485 491 520 513 85 523 550 494 518 509 526 515 145 482 568 494 511 518 519 517 
43 483 465 505 517 508 527 525 173 585 485 505 509 528 494 503 244 582 541 529 518 532 511 535 
77 380 495 447 445 462 458 470 266 574 487 530 515 516 526 481 329 537 477 508 509 499 518 522 
249 557 526 500 479 524 486 481 343 587 540 533 496 539 525 522 481 529 503 521 501 499 520 499 
428 613 458 541 512 509 510 507 517 637 524 483 512 544 514 489 617 612 573 507 509 531 548 512 
588 600 578 532 468 516 493 517 657 671 587 500 510 498 489 490 703 705 578 549 488 501 538 504 
255 422 545 433 499 492 526 515 347 455 560 459 553 533 508 518 419 483 610 478 527 508 492 505 
147 383 403 467 490 534 508 516 188 430 439 570 504 494 497 504 199 451 503 552 525 518 519 509 
197 427 391 432 471 453 516 490 286 431 377 479 504 492 513 495 303 453 387 461 497 538 532 504 
17 102 643 688 436 493 454 454 27 467 505 321 450 440 427 453 29 492 484 320 298 703 565 406 
594 197 460 537 505 487 527 524 657 206 753 470 531 496 512 542 688 403 588 539 521 516 475 510 
485 385 572 471 498 525 506 516 533 476 616 537 497 505 500 533 574 582 491 533 526 499 496 511 
518 411 614 516 498 486 502 524 556 528 525 482 531 534 485 498 589 601 459 498 515 516 514 499 
443 457 510 518 533 510 516 480 484 487 513 511 510 494 492 525 515 481 511 529 516 514 492 492 
309 530 597 527 507 522 518 505 360 500 574 531 503 515 506 482 384 496 586 507 526 487 533 515 
369 382 637 533 532 507 529 488 417 394 587 527 508 473 475 521 452 420 563 510 521 528 509 535 
480 296 706 490 533 518 528 509 506 376 648 509 533 490 515 512 519 484 527 449 485 519 491 516 
253 299 596 463 502 518 494 497 283 319 668 475 495 522 506 519 300 335 597 492 512 500 533 487 
72 303 380 454 477 508 487 488 116 320 396 524 477 485 509 534 131 302 418 541 529 518 504 506 
10 100 761 483 468 522 551 471 19 335 558 531 428 435 485 500 27 480 431 471 618 434 521 540 
1021 13 573 494 522 526 482 504 1024 84 895 563 521 510 538 510 1024 412 607 575 509 506 505 502 
958 88 727 429 500 495 500 502 978 205 766 593 523 515 515 519 994 464 515 510 481 483 523 506 
636 403 537 503 496 517 531 513 691 430 552 550 503 511 480 524 704 510 498 507 492 491 515 493 
476 542 508 496 506 515 514 516 523 518 514 506 489 524 494 504 561 526 486 504 535 509 532 530 
343 528 519 538 524 509 498 503 378 510 533 527 494 511 508 520 403 526 524 490 473 519 536 512 
255 471 610 537 501 489 495 523 283 450 616 531 493 515 512 495 284 442 628 505 502 496 514 517 
343 463 561 525 518 498 502 514 385 449 583 500 523 517 514 518 413 448 573 483 518 495 522 526 
657 216 534 488 522 523 546 504 703 199 652 517 504 494 506 518 732 220 641 520 513 472 532 508 
537 288 366 517 514 488 505 500 698 133 371 535 499 498 514 505 735 113 479 561 527 538 508 510 
144 320 250 404 534 518 568 603 207 319 226 601 441 469 524 514 225 326 319 538 468 543 478 583 
1024 1 1009 18 12 15 1013 11 1024 5 1015 1009 16 16 11 11 1024 14 1010 1006 1010 1008 11 11 
1017 9 18 1008 1008 22 15 17 1020 9 1013 16 14 1005 19 1007 1019 13 1012 22 1006 1014 18 18 
1024 4 1015 1012 21 14 13 1014 1024 16 1007 1004 1010 1009 19 1006 1024 1013 12 14 16 1010 16 19 
1019 5 18 1012 1010 17 1010 17 1022 5 1011 16 18 1009 15 11 1023 9 1009 14 1010 1003 14 1007 
1022 4 1012 18 23 1007 13 1009 1022 6 1017 19 1011 1010 1004 14 1022 13 1013 1006 15 1008 22 1009 
1013 10 18 16 1005 13 18 15 1015 11 16 1009 15 13 17 1011 1016 13 18 1010 1010 1003 13 16 
7 1008 15 1006 1010 19 1010 15 8 1010 1005 18 13 14 15 12 9 1010 1005 14 17 18 1006 1005 
15 1009 1006 1010 1005 16 1007 1008 1008 16 17 23 15 15 1010 1010 1011 15 18 13 1007 18 1009 18 
1020 4 5 15 1014 1004 17 13 1024 0 10 1010 1011 14 1010 11 1024 1 1014 13 18 1006 1011 11 
1017 7 8 8 6 10 1017 1018 1019 7 7 1018 6 9 1019 1020 1023 3 4 1017 1020 1018 1018 1018 
