0 0 0 985 39 451 446 504 0 0 0 1024 863 596 417 510 0 0 0 1024 922 541 390 504 
0 0 0 856 168 331 529 494 0 0 0 1024 557 437 488 492 0 0 0 1024 444 496 546 532 
0 0 460 417 276 370 525 538 0 0 576 476 488 512 572 516 0 0 571 461 475 429 536 544 
0 0 975 47 168 604 527 489 0 0 1005 351 676 554 532 520 0 0 1005 177 844 606 514 507 
0 63 968 503 378 572 497 497 0 302 750 516 497 527 504 535 0 317 735 442 547 581 486 522 
252 423 692 518 465 524 515 511 219 428 729 546 489 523 501 523 174 437 771 485 477 519 533 533 
774 706 717 728 721 669 626 671 777 699 631 645 630 712 685 610 724 769 641 643 648 588 635 585 
805 703 583 684 727 693 660 693 803 682 521 584 796 697 645 615 800 681 525 625 664 695 661 614 
755 705 565 614 732 682 668 720 755 691 483 503 751 712 691 598 714 725 533 605 705 661 669 574 
711 711 503 528 692 652 636 673 691 708 470 459 650 668 631 618 591 804 570 641 700 618 656 623 
665 728 453 516 704 649 608 679 658 699 403 484 719 680 628 587 588 766 474 676 577 602 633 546 
628 706 413 539 721 672 608 643 623 685 364 603 580 615 636 560 550 753 444 732 575 685 571 588 
578 707 378 526 701 626 591 621 559 703 337 647 484 611 527 546 466 795 438 748 706 613 550 548 
479 754 361 537 631 636 567 589 419 792 360 703 470 604 538 541 394 812 399 771 702 473 550 548 
343 862 341 427 661 594 563 549 300 862 345 737 440 484 525 559 247 913 400 877 440 569 538 520 
272 857 331 343 730 529 547 550 214 892 314 731 463 497 528 533 200 904 341 853 421 588 525 499 
142 906 282 310 645 551 489 497 77 964 332 862 348 443 533 509 72 968 338 931 467 541 472 488 
18 1006 310 315 635 466 470 504 3 1021 326 857 314 494 494 517 4 1020 332 969 517 523 477 514 
55 969 216 390 716 517 512 491 2 1022 269 907 295 531 530 510 5 1019 286 958 509 567 534 485 
1 1023 206 489 660 478 516 513 0 1024 211 958 255 590 526 545 2 1022 255 934 842 463 512 492 
0 1024 139 580 488 556 514 518 0 1024 155 944 545 442 537 534 4 1020 424 698 649 535 538 484 
0 1024 32 543 478 550 492 501 0 1024 52 909 507 493 515 505 0 1024 177 856 713 562 530 514 
352 996 398 805 561 600 608 644 352 992 336 984 635 646 639 592 352 989 337 973 701 591 620 539 
1024 1024 1024 1024 1024 1024 1016 1024 1024 1024 1024 1024 1024 1024 1024 1024 1024 1024 1024 1024 1024 1024 1024 1024 
1024 1024 1024 1024 1024 1024 1024 1024 1024 1024 1024 1024 1024 1024 1024 1024 1024 1024 1024 1024 1024 1024 1024 992 
128 950 172 255 471 537 574 513 64 1017 82 239 560 589 527 516 64 1017 71 149 554 558 533 525 
0 1018 45 204 577 488 497 485 0 1024 29 634 427 495 491 508 0 1024 0 741 458 457 497 506 
992 992 1024 992 991 952 876 914 992 992 1019 965 995 991 960 860 992 992 960 995 954 965 918 795 
1024 873 913 940 893 800 765 842 888 991 946 882 897 900 827 709 876 958 888 858 865 819 782 699 
1024 1024 1024 1024 989 981 899 894 1024 1024 1024 1024 980 977 914 844 1024 1024 1024 996 967 885 848 754 
1024 1024 1024 1019 995 899 791 727 1024 1024 1024 1011 976 954 899 679 1024 1024 1016 918 718 644 591 590 
1024 1024 1024 1024 1024 1006 930 758 1024 1024 1024 1024 1001 937 831 598 1024 1024 1024 475 504 593 455 491 
0 0 0 994 110 636 549 529 0 0 80 944 914 636 549 529 0 0 80 944 914 636 549 529 
0 0 0 923 101 415 515 500 0 0 0 1024 870 401 499 500 0 0 0 1024 813 369 518 534 
0 0 529 455 115 526 543 468 0 0 552 528 750 607 460 525 0 0 546 484 651 624 506 502 
0 0 999 25 571 470 450 510 0 0 1016 778 239 317 490 544 0 0 1016 417 594 573 547 486 
0 27 863 343 509 542 548 510 0 167 857 532 497 429 477 528 0 186 838 533 478 501 464 544 
0 82 931 167 558 552 430 489 0 141 883 841 400 477 444 492 0 137 887 908 526 523 423 495 
136 355 779 577 560 520 526 531 135 408 733 767 670 568 542 552 131 377 761 729 574 555 549 500 
530 874 662 682 698 753 659 738 530 896 639 682 763 731 699 666 525 764 767 781 696 718 687 674 
919 1009 918 926 958 945 847 932 919 1000 927 932 955 951 930 834 917 942 983 968 947 904 903 846 
1021 1008 998 994 1002 978 963 981 1020 1008 996 995 989 991 983 919 1009 1005 998 992 983 967 934 909 
1008 932 915 888 874 844 770 848 997 913 870 889 876 861 805 719 949 879 871 849 814 774 756 715 
949 791 818 766 752 712 666 730 909 790 758 766 726 703 663 644 793 800 728 710 675 622 631 569 
1024 1024 1024 1022 1021 1020 995 978 1024 1024 1024 1022 1022 1019 1016 961 1024 1024 1023 1020 1017 994 976 908 
1024 1024 1024 1024 1024 1024 1015 1024 1024 1024 1024 1024 1024 1024 1024 1017 1024 1024 1024 1024 1024 1024 1024 1024 
998 994 987 974 976 947 926 944 994 994 987 970 978 964 919 915 986 987 961 964 947 923 924 896 
962 873 857 819 823 798 718 801 931 879 825 828 815 814 798 770 864 861 797 810 777 759 728 710 
766 749 657 641 624 578 586 606 701 742 599 592 578 567 567 576 586 648 584 547 557 543 510 514 
712 669 577 578 573 554 550 536 640 674 522 516 537 536 537 519 486 609 530 526 532 508 478 506 
1010 914 938 939 905 804 803 855 986 907 901 888 882 871 830 740 936 930 914 893 845 794 766 718 
1005 927 932 953 919 891 861 902 936 958 958 960 944 927 889 800 905 987 984 958 938 875 859 818 
957 899 921 932 903 895 864 921 858 968 971 973 892 878 877 808 827 996 995 962 867 855 877 828 
259 686 621 537 537 570 558 539 191 880 456 483 600 568 552 542 181 885 398 485 585 571 524 516 
244 727 528 548 526 559 574 581 250 913 353 429 679 636 602 599 237 876 359 464 672 609 587 514 
966 997 973 972 960 941 907 948 976 994 975 975 970 945 914 819 960 994 981 959 934 906 892 854 
1024 1024 1024 1024 1024 1024 1024 1024 1024 1024 1024 1024 1024 1024 1024 1021 1024 1024 1024 1024 1024 1024 1010 989 
128 953 142 255 513 505 525 573 64 1020 71 306 531 600 515 479 64 1004 80 165 520 609 521 526 
0 1024 53 425 587 443 507 513 0 1024 56 814 616 465 528 494 0 1024 26 734 746 474 496 547 
992 992 1024 980 980 977 915 958 992 992 1012 980 996 1004 973 913 992 992 974 994 955 976 930 829 
1024 834 885 891 864 831 802 793 867 978 931 857 865 833 831 669 846 967 835 852 812 748 732 617 
1024 1024 1021 1019 1016 986 928 935 1024 1024 1020 1020 1017 992 975 951 1024 1024 1018 1014 995 943 921 712 
1024 1024 1024 1024 1024 1020 966 935 1024 1024 1024 1024 1024 1024 968 934 1024 1024 1024 1024 1024 1024 967 932 
1024 1024 1024 1024 1024 958 799 665 1024 1024 1024 1024 1024 974 923 750 1024 1024 1024 950 850 664 626 563 
0 0 0 1007 324 525 461 505 0 0 391 633 629 490 398 505 0 0 391 633 629 490 398 505 
0 0 0 986 46 532 537 487 0 0 30 994 896 597 526 495 0 0 30 994 919 581 533 487 
0 0 506 461 253 517 539 514 0 0 540 657 669 481 565 508 0 0 536 498 756 622 487 510 
0 0 1024 0 1001 487 474 429 0 0 1024 1019 5 571 458 493 0 0 1024 884 140 287 523 531 
0 0 903 286 513 425 497 537 0 65 959 662 415 549 481 542 0 58 966 737 369 504 558 532 
0 0 1023 4 642 570 570 498 0 0 1024 952 373 434 582 522 0 3 1021 1009 629 565 540 517 
0 0 1024 468 517 288 529 530 0 68 956 956 658 662 532 524 0 460 564 564 536 271 441 526 
0 44 980 656 395 740 532 535 0 470 554 585 563 338 509 546 0 615 409 439 440 662 456 550 
14 352 684 690 582 428 495 559 14 827 212 293 437 632 524 499 14 842 198 258 554 417 492 496 
285 627 482 540 589 529 551 559 264 855 286 369 496 553 535 548 204 780 367 408 537 503 516 544 
677 715 519 509 600 557 580 542 629 712 443 528 517 517 490 531 513 588 451 495 539 479 524 510 
985 915 880 842 827 787 760 781 956 901 849 820 826 751 742 700 907 852 809 759 737 705 670 648 
787 881 790 744 720 687 651 712 793 859 780 763 737 713 687 640 712 830 755 723 682 694 629 510 
975 840 837 845 845 772 733 772 961 840 807 813 808 767 776 682 868 853 821 772 784 720 736 698 
1000 958 955 957 931 900 863 903 979 967 944 956 930 926 887 822 949 975 948 910 914 865 868 849 
919 855 845 811 784 756 757 748 871 858 773 765 767 743 715 673 805 811 769 722 727 693 655 664 
859 769 714 662 647 638 608 616 755 768 667 637 616 605 603 565 665 697 620 589 528 540 508 525 
841 796 729 731 667 642 616 637 771 790 708 721 652 626 586 575 684 758 667 648 591 538 551 561 
974 887 856 844 816 726 738 764 926 881 868 833 838 795 731 647 878 875 809 805 758 721 656 576 
1018 996 995 996 986 960 922 950 1016 993 999 985 980 968 959 914 1009 992 985 975 973 935 938 887 
852 799 746 732 696 641 646 658 806 810 730 734 708 679 651 593 702 824 696 680 661 603 612 559 
292 918 411 433 560 580 586 547 220 972 404 701 476 545 559 517 209 966 215 824 435 503 531 506 
95 882 205 257 312 496 497 505 65 892 181 493 543 552 532 516 44 774 267 557 509 523 491 515 
576 734 580 600 591 561 539 572 491 762 545 555 541 526 544 560 394 640 540 529 520 516 503 508 
785 911 796 821 804 772 754 766 769 917 808 786 777 781 755 743 731 863 788 798 749 714 704 643 
93 973 106 195 628 488 498 542 49 1015 62 296 660 481 551 507 47 1013 57 143 635 522 486 524 
0 1024 95 582 397 495 525 527 0 1024 104 825 657 500 469 527 0 1024 64 808 649 457 530 531 
992 992 992 993 999 1011 857 997 992 992 992 992 994 990 950 833 992 992 976 976 979 961 927 786 
997 870 903 905 913 875 827 853 867 975 967 863 886 884 853 871 852 980 861 852 898 826 851 801 
1024 1024 1024 1024 1024 1024 1024 1024 1024 1024 1024 1024 1024 1024 1024 1024 1024 1024 1024 1024 1024 1024 1024 1024 
1024 1024 1024 1024 1024 1024 1024 1024 1024 1024 1024 1024 1024 1024 1024 1024 1024 1024 1024 1024 1024 1024 1024 1024 
1024 1024 1024 1024 1024 1024 1024 1024 1024 1024 1024 1024 1024 1024 1024 1024 1024 1024 1024 1024 1024 1024 1024 1021 
0 0 0 1019 674 287 323 497 0 0 749 275 275 375 632 511 0 0 734 290 288 356 580 443 
0 0 0 1020 285 630 367 537 0 0 354 670 642 555 445 541 0 0 319 705 682 564 403 573 
0 0 511 502 454 517 498 513 0 0 539 859 577 413 491 506 0 0 535 570 819 589 517 518 
0 0 1024 26 998 835 422 547 0 0 1024 1024 24 905 622 519 0 0 1024 1019 5 341 593 505 
0 0 971 238 568 509 469 546 0 94 930 734 322 720 441 510 0 89 935 809 295 588 507 498 
0 0 1024 34 756 632 553 524 0 0 1024 995 528 454 536 526 0 25 999 999 747 604 456 526 
0 0 1024 578 446 284 536 531 0 76 948 948 720 742 544 555 0 538 486 486 486 324 540 555 
0 0 1024 733 321 812 491 465 0 592 432 432 425 187 582 495 0 713 311 311 341 735 518 495 
0 0 1024 979 494 265 522 492 0 664 360 360 373 780 511 495 0 976 48 48 467 288 542 495 
0 0 1024 1012 614 522 524 517 0 783 241 241 669 401 433 501 0 1009 15 28 612 607 470 503 
0 247 777 845 696 599 472 537 0 933 118 196 507 366 514 549 0 982 65 215 578 615 505 529 
115 947 525 347 662 589 545 525 111 961 548 657 362 500 531 516 104 927 556 569 390 433 519 546 
466 880 400 724 638 584 561 568 434 873 423 655 599 576 560 567 374 851 353 629 552 516 516 519 
950 908 861 815 775 722 697 693 937 878 814 769 739 680 659 632 897 848 756 729 628 560 541 546 
1024 1011 998 993 966 934 892 946 1024 998 987 977 968 949 939 900 1019 982 967 959 943 907 872 811 
1024 1024 1024 1024 1024 1024 1024 1024 1024 1024 1024 1024 1024 1024 1024 1024 1024 1024 1024 1024 1024 1024 1024 1019 
960 969 964 939 924 858 860 881 924 994 923 936 925 905 881 841 914 957 936 928 902 849 822 826 
891 818 772 752 719 657 677 669 799 834 701 709 680 660 616 603 741 766 686 635 588 551 557 548 
1022 1002 991 984 964 932 909 934 1018 998 985 977 947 947 922 848 1011 998 971 954 911 903 870 841 
976 901 898 895 869 880 821 849 953 900 891 863 836 835 810 799 906 900 864 843 815 820 793 764 
919 836 798 759 747 651 675 685 879 810 755 738 690 668 627 588 813 785 709 686 652 601 594 555 
232 909 436 508 604 502 500 528 171 970 429 689 548 526 531 519 152 983 290 783 588 497 510 498 
312 851 357 449 632 553 544 552 278 910 301 662 500 543 494 529 248 874 304 684 472 525 503 506 
974 845 818 786 738 685 662 654 916 823 768 733 680 684 625 627 848 801 704 701 655 573 582 512 
965 841 835 806 746 671 672 678 912 831 790 751 735 701 627 624 851 814 743 727 664 632 589 569 
65 995 106 244 776 470 500 501 46 1000 50 393 661 570 485 513 40 1000 40 260 727 476 508 507 
0 1023 181 649 487 545 474 529 0 1024 346 644 557 484 515 516 0 1024 239 737 592 510 511 493 
992 992 992 992 986 993 929 979 992 992 992 972 1001 989 966 896 992 992 986 966 994 935 929 849 
994 861 913 910 895 890 853 869 864 982 978 839 907 898 852 824 844 997 844 927 882 842 823 763 
1024 1024 1024 1024 1024 1024 1024 1024 1024 1024 1024 1024 1024 1024 1024 1024 1024 1024 1024 1024 1024 1024 1024 1024 
1024 1024 1024 1024 1024 1024 1024 1024 1024 1024 1024 1024 1024 1024 1024 1024 1024 1024 1024 1024 1024 1024 1024 1024 
1024 1024 1024 1024 1024 1024 1024 1024 1024 1024 1024 1024 1024 1024 1024 1024 1024 1024 1024 1024 1024 1024 1024 1024 
0 0 0 1024 686 427 593 618 0 0 739 285 285 566 591 490 0 0 706 318 318 511 541 434 
0 0 0 1017 559 364 522 543 0 0 490 534 518 415 552 559 0 0 444 580 551 417 539 506 
0 0 501 520 672 408 502 491 0 0 534 938 500 602 485 530 0 0 516 885 538 416 411 494 
0 0 1024 11 1011 843 427 505 0 0 1024 1024 69 905 499 529 0 0 1024 1013 11 518 518 503 
0 0 986 244 576 458 546 504 0 82 942 799 318 704 454 497 0 78 946 868 350 450 576 488 
0 0 1024 226 629 525 466 493 0 0 1024 1000 642 527 484 530 0 148 876 874 682 526 502 530 
0 0 1024 647 374 464 494 536 0 206 818 818 687 593 510 528 0 667 357 357 354 424 507 534 
0 0 1024 867 269 704 500 523 0 665 359 359 347 320 542 507 0 795 229 229 323 742 546 507 
0 0 1024 998 583 312 491 530 0 769 255 255 398 712 493 513 0 986 38 38 666 322 484 534 
0 3 1021 1018 753 737 511 517 0 918 106 106 723 238 466 526 0 1020 4 42 786 688 473 510 
0 298 726 723 603 531 511 515 0 1006 18 18 729 489 522 509 0 1017 7 417 529 431 569 495 
95 866 896 356 628 557 503 465 96 883 877 843 192 679 406 537 94 888 876 805 210 418 559 514 
322 700 658 341 551 537 518 502 325 699 672 473 499 511 486 503 318 703 657 311 571 543 517 510 
829 821 770 745 707 681 610 648 793 838 788 740 673 681 643 586 738 847 743 665 613 572 552 537 
1023 1018 1014 1014 1003 969 937 964 1023 1017 1011 1008 1008 990 959 934 1020 1018 1013 1008 997 961 923 858 
1024 1024 1024 1024 1024 1024 1024 1024 1024 1024 1024 1024 1024 1024 1024 1024 1024 1024 1024 1024 1024 1024 1024 1024 
1024 1014 1002 1009 998 964 880 967 1023 1011 1002 1000 997 978 977 917 1022 1005 1000 994 971 951 930 809 
822 836 761 761 722 641 666 643 743 870 709 758 730 670 649 608 711 817 716 696 662 607 556 547 
904 834 783 774 745 722 677 715 887 823 774 765 768 720 698 648 834 830 764 727 728 671 647 611 
1023 956 950 938 912 893 774 863 1014 950 929 938 909 883 863 761 987 952 931 914 875 846 808 765 
1023 934 896 870 823 787 717 776 1013 906 863 822 799 733 717 699 988 884 857 799 734 672 630 582 
303 912 472 730 523 590 535 570 224 977 647 586 628 501 528 546 212 974 581 573 545 518 528 508 
386 942 445 780 586 595 589 574 371 950 695 583 620 582 563 523 361 950 685 556 583 535 523 501 
835 816 735 711 681 662 635 622 784 823 697 667 656 614 607 606 724 779 708 675 583 521 507 552 
799 781 676 672 652 594 572 612 745 773 642 650 649 616 559 593 664 697 682 653 580 570 548 534 
93 970 137 495 575 533 524 499 48 1014 68 708 403 519 501 537 43 1016 48 521 535 536 532 501 
0 1024 216 690 393 516 515 500 0 1024 361 660 519 473 516 521 0 1024 282 728 428 521 540 505 
990 993 997 993 991 979 889 936 990 993 997 993 991 980 968 906 990 993 997 973 1000 974 956 858 
979 875 913 908 913 872 837 848 857 980 981 861 926 909 846 835 845 987 891 913 880 831 827 779 
1024 1024 1024 1024 1024 1024 1024 1024 1024 1024 1024 1024 1024 1024 1024 1024 1024 1024 1024 1024 1024 1024 1024 1024 
1024 1024 1024 1024 1024 1024 1024 1024 1024 1024 1024 1024 1024 1024 1024 1024 1024 1024 1024 1024 1024 1024 1024 1024 
1024 1024 1024 1024 1024 1024 1024 1024 1024 1024 1024 1024 1024 1024 1024 1024 1024 1024 1024 1024 1024 1024 1024 1024 
0 0 6 1018 863 495 520 500 0 0 933 91 91 638 415 488 0 0 920 104 104 612 347 448 
0 0 0 1024 684 462 569 474 0 0 576 448 448 500 538 490 0 0 539 485 479 494 520 482 
0 0 478 547 679 448 543 501 0 0 556 897 511 518 545 503 0 0 493 802 697 522 528 521 
0 0 1024 36 985 823 515 475 0 0 1024 1021 125 800 564 549 0 0 1024 1010 14 478 497 475 
0 0 980 274 605 537 533 519 0 93 931 744 350 617 527 512 0 93 931 815 317 479 546 503 
0 0 1024 261 638 437 489 519 0 0 1024 990 553 546 468 509 0 192 832 832 646 426 478 497 
0 0 1024 575 449 662 478 524 0 194 830 830 692 488 500 462 0 544 480 480 480 536 500 462 
0 0 1024 921 251 498 509 498 0 510 514 514 515 298 606 482 0 843 181 181 325 579 589 502 
0 0 1024 1024 464 467 503 493 0 610 414 414 483 773 490 506 0 1024 0 0 484 497 467 517 
0 43 981 981 607 770 501 499 0 892 132 132 522 323 515 511 0 1024 0 28 620 809 598 497 
0 305 719 710 492 404 472 438 0 963 61 61 533 468 534 454 0 999 25 335 439 435 473 535 
256 705 881 688 380 447 485 500 256 719 858 902 240 682 541 531 256 720 852 893 183 613 473 521 
791 390 527 528 557 518 523 528 789 386 520 549 535 540 504 529 733 410 466 543 516 523 511 525 
815 771 729 687 618 589 549 572 811 760 680 660 629 591 568 568 743 756 618 600 560 515 526 520 
770 917 787 805 802 750 720 734 788 912 801 802 765 752 723 641 755 917 772 794 758 710 696 610 
766 917 767 823 773 778 764 748 767 916 785 842 806 787 761 747 751 917 753 783 776 761 752 707 
1013 915 887 832 787 725 654 666 1001 908 863 821 777 705 655 600 993 886 851 790 692 597 586 538 
823 942 901 861 837 741 767 776 785 959 783 871 803 811 765 700 773 924 807 799 816 767 728 694 
1020 1004 1000 997 991 935 857 927 1015 999 996 990 978 949 928 804 1012 994 996 986 962 939 921 812 
1024 1024 1023 1021 1018 1008 981 984 1024 1024 1023 1021 1017 1003 996 982 1024 1024 1023 1019 1018 1005 994 971 
1016 965 942 918 894 860 778 785 1014 956 927 904 840 798 775 676 1010 948 892 881 814 790 746 713 
314 899 525 712 503 564 588 577 227 984 756 517 552 567 554 574 207 1002 680 536 544 562 545 500 
386 956 675 772 632 599 614 632 367 969 851 612 613 636 621 610 361 963 856 584 618 609 607 566 
954 868 846 830 819 710 721 748 902 879 819 819 760 761 701 655 865 889 788 751 731 688 661 620 
818 718 710 671 650 615 621 616 762 735 668 641 647 610 583 561 659 755 629 635 593 533 536 550 
59 985 98 459 594 504 513 523 33 1009 42 868 251 470 522 493 28 1011 33 498 553 547 517 513 
0 1024 357 572 422 562 516 518 0 1024 550 469 429 523 547 506 0 1024 485 520 388 480 491 522 
930 932 887 865 853 830 751 841 926 921 882 843 837 827 786 741 909 895 842 830 810 767 771 688 
878 816 787 709 730 702 656 673 791 850 716 723 696 669 633 587 744 823 632 672 624 635 604 548 
946 726 757 771 757 720 639 726 893 743 779 743 751 717 700 636 756 831 786 725 700 666 648 603 
982 874 884 895 890 857 823 855 926 915 917 894 882 861 829 787 871 951 893 890 851 834 843 822 
1022 1000 996 997 1003 1003 969 994 1014 1008 999 1004 1000 998 987 941 1004 1010 1005 996 982 957 958 929 
0 0 1 1023 944 757 487 452 0 0 956 68 69 782 649 452 0 0 954 70 71 765 535 508 
0 0 8 1016 889 677 496 474 0 0 802 222 223 406 483 483 0 0 703 321 321 267 620 541 
0 0 458 587 829 342 518 563 0 0 570 856 512 614 598 483 0 0 487 897 620 520 531 564 
0 0 1024 89 935 863 537 504 0 0 1024 1024 248 721 466 488 0 0 1024 1023 10 716 388 536 
0 0 1015 234 620 597 480 507 0 92 932 823 283 633 550 507 0 85 939 881 329 468 540 489 
0 0 1024 384 596 458 519 516 0 0 1024 1014 660 598 502 535 0 229 795 795 690 511 563 535 
0 0 1024 811 214 676 474 528 0 347 677 677 611 459 474 492 0 740 284 284 284 565 474 492 
0 0 1024 962 446 428 527 510 0 724 300 300 300 392 515 461 0 915 109 109 382 556 464 451 
0 0 1024 1024 750 477 470 482 0 864 160 160 259 757 494 522 0 995 29 29 747 409 515 544 
0 152 872 872 668 743 493 500 0 1003 21 21 701 150 494 512 0 1024 0 31 747 874 494 512 
0 541 483 481 409 259 427 534 0 1008 16 16 745 656 440 485 0 1017 7 510 393 353 432 487 
6 840 877 646 414 482 504 488 13 928 821 877 279 612 538 525 9 908 834 848 200 542 534 530 
126 575 510 513 501 499 496 522 154 818 375 533 527 503 523 504 115 772 380 498 513 505 485 502 
75 688 416 483 537 491 485 509 107 856 466 503 509 544 495 490 83 784 450 487 520 517 501 502 
6 407 632 538 496 547 497 510 8 681 415 524 480 514 528 492 7 557 501 498 509 518 547 502 
6 397 664 584 492 493 515 526 7 456 648 578 511 517 523 514 5 358 715 489 533 514 518 513 
99 618 502 572 493 504 512 526 104 686 503 567 525 524 507 513 101 603 527 573 468 520 526 512 
353 723 574 570 556 544 536 534 354 755 535 542 539 545 541 527 334 705 536 527 535 527 516 552 
591 732 599 610 565 577 536 539 591 743 607 594 572 564 540 556 549 719 599 600 572 571 513 528 
379 751 463 538 534 510 541 543 417 798 497 580 519 530 540 498 383 780 457 522 564 518 513 545 
357 649 515 554 551 528 524 520 386 772 526 555 549 499 507 535 331 759 479 516 526 518 520 501 
25 909 550 754 505 475 490 498 26 955 844 328 425 572 495 525 16 950 781 266 434 523 509 523 
78 993 718 435 585 561 511 538 107 980 879 652 467 534 537 514 91 992 837 648 456 526 509 531 
266 817 459 578 559 558 560 552 281 910 503 580 579 557 573 544 252 881 454 569 568 551 521 516 
268 714 487 546 512 535 526 540 291 794 458 535 534 523 551 512 241 662 512 521 531 518 514 528 
16 1014 43 359 605 484 536 479 18 1012 37 637 511 506 497 493 14 1016 20 494 589 504 509 530 
0 1024 17 1006 631 509 503 518 0 1024 317 707 681 499 544 513 0 1024 197 827 731 508 485 515 
168 660 496 563 527 536 498 501 185 639 525 533 515 541 522 536 136 423 691 497 520 516 517 499 
478 812 479 558 580 557 541 532 441 832 453 517 546 524 565 516 385 694 476 492 491 494 534 536 
982 807 769 773 731 676 652 713 920 780 766 749 713 691 656 595 850 788 735 702 647 609 587 581 
773 558 605 548 526 499 545 526 638 628 592 530 535 525 542 534 481 675 493 534 483 546 505 501 
1010 716 728 737 708 682 654 689 940 715 706 716 674 688 630 608 820 759 747 676 651 584 575 577 
0 0 29 995 883 568 574 522 0 0 920 104 149 596 610 530 0 0 877 147 150 552 476 502 
0 0 23 1001 844 440 502 509 0 0 656 368 368 443 532 514 0 0 512 512 510 473 546 510 
0 0 436 593 753 493 579 494 0 0 550 849 521 632 478 530 0 0 485 846 621 449 567 491 
0 0 1024 134 889 811 530 492 0 0 1024 1024 271 724 597 532 0 0 1024 1016 10 593 452 492 
0 0 990 303 567 538 518 490 0 100 924 723 384 648 501 511 0 95 929 793 332 559 527 527 
0 0 1024 268 648 398 438 499 0 0 1024 1020 412 594 479 511 0 192 832 832 574 441 516 515 
0 0 1024 561 469 745 493 508 0 200 824 824 752 386 519 508 0 509 515 515 529 543 503 496 
0 0 1024 910 305 399 542 538 0 471 553 553 553 471 531 516 0 712 312 312 398 674 520 497 
0 0 1024 1020 492 458 517 536 0 676 348 348 414 697 530 514 0 1004 20 20 455 327 530 514 
0 103 921 921 574 689 560 491 0 1008 16 16 432 225 507 536 0 1024 0 40 520 783 500 539 
0 302 722 715 564 360 432 556 0 989 35 38 510 669 461 500 0 1012 12 280 528 408 468 509 
0 787 907 634 412 470 480 533 2 928 798 871 238 680 518 499 1 903 813 876 218 584 481 522 
0 157 806 418 446 510 506 509 0 530 570 470 543 507 528 511 0 447 620 415 548 494 504 494 
0 175 807 432 465 510 520 516 23 447 691 461 504 541 531 492 7 425 676 443 493 517 534 514 
4 351 695 514 502 487 520 489 28 603 565 545 531 519 511 511 12 553 611 516 534 497 484 519 
5 482 600 521 511 521 525 519 4 503 573 463 500 526 515 516 2 406 615 472 512 490 506 523 
56 684 591 531 525 493 499 539 34 671 510 504 484 519 539 506 28 531 556 522 525 529 537 470 
50 707 435 513 516 535 525 511 55 726 489 521 530 514 529 513 41 679 510 496 497 511 511 524 
13 349 622 477 537 521 532 519 40 552 612 505 498 508 530 515 22 455 626 481 509 495 507 510 
20 348 657 494 505 493 493 550 63 647 543 521 511 503 507 483 45 493 600 530 515 484 521 506 
12 432 637 533 510 512 497 509 49 668 502 526 517 515 511 515 30 572 567 554 500 508 497 510 
2 914 621 565 590 503 529 491 4 945 885 238 494 582 509 508 3 934 817 273 421 567 506 484 
4 764 852 461 583 580 480 522 2 793 883 754 395 571 509 529 1 768 904 738 436 563 485 496 
1 114 905 491 532 491 514 528 1 193 832 534 508 523 495 478 1 157 853 493 491 537 522 528 
21 586 513 514 510 507 514 503 43 742 482 535 519 500 511 545 36 696 497 510 478 495 477 529 
0 1001 23 352 619 509 530 493 0 1003 25 753 389 488 510 514 0 1002 24 556 526 556 515 513 
0 1024 47 718 564 523 551 531 0 1024 312 692 442 541 532 498 0 1024 256 739 448 547 479 531 
27 417 645 621 510 496 489 530 29 539 557 617 460 512 519 521 24 338 709 432 502 510 506 526 
107 792 359 461 513 504 518 495 130 884 309 465 517 523 483 536 81 755 372 479 527 549 484 490 
552 750 586 585 554 571 570 531 507 779 567 565 546 545 560 524 416 773 496 531 545 537 531 525 
797 702 678 618 582 559 583 577 713 729 602 594 565 522 562 559 626 711 559 556 531 519 514 529 
619 671 595 574 562 541 518 536 531 721 599 569 556 521 531 571 428 780 524 494 524 523 516 492 
0 0 80 944 901 776 552 524 0 0 981 43 195 710 564 508 0 0 966 58 61 767 534 500 
0 0 15 1009 953 701 470 547 0 0 847 177 177 355 558 539 0 0 702 322 318 356 543 477 
0 0 416 609 891 458 575 528 0 0 633 742 442 545 492 496 0 0 487 820 634 570 539 527 
0 0 1024 489 535 514 462 491 0 0 1024 1024 221 758 548 533 0 0 1024 1007 21 496 504 530 
0 0 1023 361 535 551 491 531 0 108 916 827 259 599 509 515 0 91 933 843 334 553 494 498 
0 0 1024 382 593 417 488 519 0 1 1023 1020 622 556 507 577 0 167 857 842 696 504 518 562 
0 0 1024 802 222 712 412 513 0 358 666 666 642 462 449 464 0 674 350 350 335 431 491 446 
0 0 1024 970 435 506 469 503 0 739 285 285 285 487 512 533 0 871 153 153 306 642 505 496 
0 0 1024 1024 745 293 663 529 0 900 124 124 311 655 482 512 0 1011 13 13 613 255 566 512 
0 110 914 914 755 751 521 547 0 1009 15 15 667 250 517 537 0 1024 0 2 793 730 581 554 
0 565 459 457 417 287 425 473 0 1013 11 11 775 725 407 526 0 1020 4 482 453 364 451 534 
0 724 862 683 422 476 585 491 9 754 877 809 245 645 575 517 0 757 838 848 243 564 424 528 
0 0 538 506 542 561 526 509 0 4 863 213 446 510 485 515 0 1 738 326 442 478 559 500 
0 2 557 479 500 511 516 500 0 4 820 247 448 533 539 521 0 2 715 330 451 482 482 532 
0 106 805 372 484 518 527 500 3 186 867 358 539 510 523 510 2 161 850 348 480 532 527 521 
4 385 649 560 499 523 542 503 8 440 636 587 496 518 533 502 5 345 689 544 524 489 481 509 
28 448 620 509 510 515 501 499 44 599 557 503 531 523 522 513 36 539 577 537 516 517 504 494 
26 301 723 520 516 512 515 508 38 436 653 540 516 490 518 500 33 386 683 528 497 529 514 529 
2 39 817 339 441 511 521 505 2 48 878 291 467 534 494 517 2 34 748 387 496 489 508 499 
3 47 707 398 484 519 527 470 3 61 829 330 472 507 545 486 3 42 698 411 479 514 513 546 
1 138 834 511 532 518 524 525 2 250 766 567 507 490 533 487 1 194 810 552 502 505 514 525 
0 868 673 608 501 417 537 509 0 886 880 373 464 521 520 518 0 878 843 286 485 540 509 519 
29 680 918 563 434 483 550 506 25 655 957 750 586 453 527 492 19 640 963 765 671 462 484 503 
26 361 681 526 502 530 517 506 43 496 601 496 491 513 491 497 40 445 633 474 509 512 531 527 
21 458 604 526 534 525 522 556 32 648 523 557 518 514 520 506 27 601 519 530 530 531 502 521 
0 998 21 444 538 525 521 467 0 999 24 831 313 516 514 547 0 999 23 665 412 502 489 543 
0 1024 4 496 687 449 545 494 0 1024 129 882 393 410 543 504 0 1024 94 917 389 430 530 487 
0 101 836 340 462 506 523 539 0 202 831 311 495 501 508 506 0 165 778 344 478 507 530 498 
14 246 817 426 513 523 516 498 24 416 685 457 523 499 511 516 14 318 767 461 485 513 521 508 
81 751 453 554 510 527 516 523 141 823 545 490 519 514 529 527 84 792 568 538 487 513 505 515 
374 620 611 569 549 532 540 553 373 722 556 577 548 521 545 526 343 683 564 546 527 519 517 558 
36 308 731 436 486 520 511 533 38 446 643 501 544 530 523 530 27 343 712 435 513 493 515 501 
0 0 236 788 731 566 555 496 0 0 952 72 191 650 637 540 0 0 854 170 178 624 529 484 
0 0 53 971 892 655 530 481 0 0 740 284 284 441 545 555 0 0 599 425 425 352 532 529 
0 0 398 642 801 400 555 500 0 0 557 721 585 535 521 524 0 0 429 731 802 674 526 494 
0 0 1024 225 799 773 601 540 0 0 1024 1023 15 680 478 518 0 0 1024 913 111 293 556 470 
0 0 1015 313 599 606 517 523 0 97 927 778 281 597 488 523 0 84 940 789 288 517 482 527 
0 0 1024 326 614 463 526 485 0 0 1024 1006 516 573 501 539 0 87 937 908 564 498 508 503 
0 0 1024 660 364 717 379 472 0 263 761 761 700 427 486 471 0 354 670 670 634 416 560 472 
0 0 1024 960 301 431 565 471 0 545 479 479 475 532 525 467 0 704 320 320 327 750 523 479 
0 5 1019 1015 545 502 526 527 0 826 198 198 332 585 527 517 0 1003 21 22 497 269 510 536 
0 143 881 881 657 615 500 524 0 1020 4 4 514 338 479 454 0 1024 0 62 597 696 488 459 
0 465 559 555 487 281 546 471 0 1007 17 28 581 781 412 514 0 1016 8 442 490 240 425 519 
0 749 764 866 247 450 574 474 0 753 818 856 349 650 528 547 0 757 782 864 263 553 543 518 
0 3 217 811 583 495 488 545 0 4 412 635 587 542 530 502 0 12 281 751 594 553 518 483 
1 35 490 572 538 493 516 547 3 176 502 472 527 518 508 514 6 179 540 534 510 495 486 471 
0 26 735 380 454 499 490 523 1 333 515 403 478 517 536 529 1 407 576 455 497 523 523 513 
16 81 709 413 529 502 530 495 21 428 482 410 514 504 516 526 23 524 454 569 550 496 528 517 
17 79 677 415 456 511 512 526 18 217 732 526 578 489 517 490 19 478 460 400 589 527 494 510 
8 86 750 404 536 506 515 545 11 463 517 326 452 518 499 496 13 538 452 606 547 495 502 489 
4 25 696 382 501 493 498 522 8 303 557 401 516 538 509 532 13 484 408 568 540 491 506 512 
6 44 464 620 520 480 479 508 8 183 458 620 516 543 521 500 10 343 288 631 507 508 521 532 
0 32 359 698 497 559 508 521 3 55 488 674 562 531 503 495 3 155 324 645 526 534 520 501 
0 830 612 511 552 535 517 503 0 832 750 465 534 517 492 493 0 830 641 550 528 541 531 514 
24 855 800 428 571 509 509 507 49 888 786 762 432 536 513 517 52 864 794 763 618 498 501 528 
51 461 621 482 499 519 479 496 81 590 563 504 494 509 513 483 69 510 597 494 524 540 519 502 
14 413 579 543 519 521 477 520 27 650 428 508 527 535 484 557 22 574 462 503 496 482 517 499 
1 1004 20 540 475 537 525 524 2 1012 37 871 383 519 480 483 1 1010 25 736 468 466 530 503 
0 1024 71 865 602 483 542 506 0 1024 602 422 360 451 508 502 0 1024 515 509 387 457 522 509 
0 254 771 540 494 524 527 549 0 559 513 459 502 511 505 524 0 455 589 492 521 508 508 508 
1 153 820 396 463 518 535 498 2 292 742 479 512 506 490 546 2 237 750 438 481 516 503 506 
0 565 556 491 539 532 490 491 7 658 624 533 546 490 505 534 4 638 622 506 534 519 516 500 
25 371 666 497 490 507 513 492 42 660 488 526 518 515 523 507 36 542 544 551 518 520 527 533 
3 67 863 304 464 520 508 504 6 113 913 371 547 495 494 513 5 87 852 313 473 524 505 476 
0 0 335 689 688 584 467 502 0 0 990 34 76 757 551 458 0 0 932 92 93 558 523 566 
0 0 65 959 918 692 501 482 0 0 821 203 203 346 535 542 0 0 588 436 436 384 510 512 
0 0 372 660 833 379 559 467 0 0 483 723 701 618 577 547 0 0 394 658 925 686 461 555 
0 26 998 412 653 603 518 492 0 54 970 920 265 415 527 522 0 46 978 705 408 501 492 528 
0 0 1015 395 507 522 579 481 0 79 945 783 348 622 477 500 0 71 953 776 337 420 536 472 
0 0 1024 337 557 456 472 511 0 0 1024 993 560 478 544 505 0 0 1024 1017 522 492 542 507 
0 0 1024 865 159 565 584 498 0 59 965 965 903 687 571 581 0 244 780 780 718 536 557 498 
0 0 1024 949 242 577 541 536 0 669 355 355 355 456 546 532 0 785 239 239 242 514 520 532 
0 0 1024 1024 658 461 521 529 0 934 90 90 203 628 547 537 0 1010 14 14 536 320 503 537 
0 217 807 807 688 602 562 513 0 1022 2 2 664 308 579 491 0 1024 0 86 748 702 543 491 
0 654 370 370 347 260 574 508 0 1019 5 103 710 714 521 508 0 1023 1 550 437 316 568 505 
1 781 898 847 277 612 524 499 3 907 798 894 465 549 550 492 15 908 881 826 264 689 558 445 
0 34 861 329 452 473 515 521 1 797 224 309 545 484 493 533 12 886 520 498 488 477 521 528 
0 109 899 712 412 502 495 509 0 1008 235 688 610 533 518 494 6 1017 914 618 462 542 506 532 
0 16 859 444 454 504 495 498 0 847 79 622 585 512 516 525 3 859 750 405 550 554 485 520 
0 43 929 291 486 502 476 530 0 964 52 337 519 468 520 517 0 1007 584 460 517 466 500 506 
0 55 828 390 396 513 525 514 0 504 510 740 596 500 513 513 0 993 275 341 581 514 519 513 
35 59 900 311 422 504 482 504 42 753 261 327 446 550 515 530 44 974 155 801 518 541 483 530 
1 2 934 222 472 545 532 515 1 828 193 261 530 535 522 488 1 1015 363 629 582 491 490 518 
1 31 862 330 565 492 490 528 2 630 401 377 589 511 502 529 5 954 229 613 576 509 504 520 
1 48 810 245 308 469 480 508 1 185 828 758 607 536 512 522 4 798 291 338 585 546 509 533 
0 749 401 549 501 552 518 513 0 776 620 613 540 504 511 540 2 821 586 649 477 539 497 504 
7 706 901 364 640 583 524 531 14 848 801 811 446 572 510 531 41 934 681 875 783 452 494 500 
3 88 835 272 550 505 491 508 6 520 483 447 543 536 526 510 12 824 204 705 486 504 516 522 
1 96 773 273 525 523 511 509 4 419 591 533 498 487 524 528 9 797 192 572 596 481 531 509 
0 992 32 727 346 517 518 517 0 1021 22 907 495 508 520 525 0 1023 5 860 413 495 520 533 
0 1024 62 926 560 529 536 495 0 1024 574 450 437 581 535 493 0 1024 509 515 482 590 466 520 
2 84 934 302 553 539 521 514 4 451 615 553 467 520 501 511 8 803 267 577 461 464 488 529 
0 87 931 215 554 513 534 507 2 282 759 731 634 518 533 486 2 825 225 269 625 439 511 544 
21 259 816 573 515 517 521 498 25 481 610 616 550 511 520 514 26 520 566 523 515 507 541 533 
58 332 705 514 493 532 513 544 70 570 525 548 507 532 522 533 68 497 572 528 514 510 505 509 
10 122 851 351 456 505 525 511 19 196 847 439 545 521 523 517 15 160 844 364 504 509 506 477 
0 0 519 505 493 446 425 430 0 0 956 68 71 844 299 594 0 0 930 94 94 177 725 594 
0 0 22 1002 954 752 458 500 0 0 840 184 184 273 500 524 0 0 493 531 531 443 524 524 
0 0 351 684 829 372 488 495 0 0 443 785 685 609 523 510 0 0 358 698 915 729 497 501 
0 0 1024 43 979 654 559 545 0 0 1024 895 129 321 527 485 0 0 1024 432 592 553 510 479 
0 0 1006 398 445 518 523 528 0 15 1009 813 413 470 494 508 0 13 1011 760 431 352 523 505 
0 0 1024 303 583 535 549 497 0 0 1024 941 484 464 536 498 0 0 1024 940 477 461 517 475 
0 0 1024 802 223 671 509 504 0 22 1002 1002 840 696 588 492 0 90 934 934 796 610 544 508 
0 0 1024 915 342 574 496 540 0 587 437 437 433 362 489 540 0 587 437 437 433 362 489 540 
0 0 1024 1016 630 409 448 527 0 882 142 142 283 615 448 527 0 939 85 85 414 449 568 527 
0 190 834 834 676 582 487 541 0 1024 0 0 596 328 536 531 0 1024 0 87 694 542 556 531 
0 574 450 449 428 408 550 512 0 1017 7 150 627 671 453 509 0 1020 4 527 461 269 480 513 
6 746 961 841 303 661 539 567 26 897 782 809 704 313 363 483 30 931 826 797 438 569 477 438 
0 108 830 262 417 544 529 463 1 679 377 355 460 535 506 495 18 913 281 689 543 502 506 498 
3 55 960 729 489 479 526 488 4 1010 104 838 571 537 487 539 8 1016 962 474 453 490 501 499 
0 5 993 363 367 492 521 541 0 1016 25 526 591 456 539 514 0 1024 855 312 504 477 540 525 
0 29 944 303 405 531 520 512 0 890 143 427 402 510 466 520 0 1023 485 571 546 525 526 486 
6 27 856 439 409 469 541 523 10 546 476 708 586 456 515 490 12 1008 345 242 571 507 498 503 
3 15 864 259 398 509 548 497 3 527 497 534 503 545 530 524 4 1007 102 677 529 521 523 517 
6 25 902 268 439 503 527 487 6 755 272 347 508 523 544 507 7 1017 258 698 606 525 519 515 
44 90 839 248 474 492 514 515 47 654 404 331 485 495 536 499 61 915 209 698 601 503 508 544 
18 66 876 250 300 534 484 504 21 358 686 794 701 576 503 512 26 1006 226 292 633 523 538 529 
0 735 330 439 614 475 525 510 0 793 647 484 395 599 514 514 0 916 526 428 480 471 495 531 
0 646 945 364 474 521 525 509 1 778 884 784 589 501 494 530 80 937 569 852 493 513 512 495 
0 0 964 92 505 508 513 508 0 476 548 541 543 550 520 546 0 1013 58 763 486 539 554 516 
0 0 983 50 380 555 508 502 0 414 609 590 549 516 543 537 0 1000 30 562 666 519 472 496 
0 1007 17 873 239 489 485 557 0 1024 21 981 519 522 501 501 0 1024 6 993 370 484 492 519 
0 1024 443 564 326 506 507 511 0 1024 746 278 614 482 478 512 0 1024 727 302 566 466 509 497 
0 24 1000 52 697 468 498 527 0 333 691 700 555 548 502 513 0 1024 4 432 509 490 531 549 
0 0 1024 14 508 553 452 561 0 363 661 661 647 491 506 442 0 1024 0 382 631 526 501 500 
682 627 441 463 542 496 513 501 774 704 337 515 473 520 522 491 790 736 315 565 460 536 526 541 
733 491 584 516 525 539 538 518 811 505 491 507 499 539 551 522 861 504 443 467 518 534 503 501 
17 317 754 420 513 515 509 536 35 474 649 550 527 510 529 540 30 426 682 498 483 516 504 503 
0 0 101 923 862 783 578 531 0 0 870 154 154 475 453 493 0 0 718 306 306 208 571 493 
0 0 3 1021 867 495 574 561 0 0 598 426 422 349 495 463 0 0 222 802 774 620 529 463 
0 0 311 732 664 471 445 526 0 0 333 850 785 557 514 519 0 0 317 739 861 448 563 520 
0 0 1024 27 916 462 500 568 0 0 1024 443 581 545 525 467 0 0 1024 143 852 569 499 466 
0 0 976 180 591 595 510 509 0 0 1024 601 444 455 548 533 0 0 1018 465 559 528 491 504 
0 0 1024 164 708 537 519 544 0 0 1024 856 328 521 497 538 0 0 1024 866 321 522 504 544 
0 0 1024 871 151 473 517 444 0 0 1024 1022 859 437 518 474 0 0 1024 1022 883 413 533 444 
0 0 1024 969 230 706 567 463 0 319 705 705 668 602 434 457 0 365 659 659 622 503 521 529 
0 0 1024 1014 676 373 534 510 0 837 187 187 218 511 551 531 0 863 161 161 205 632 546 510 
0 75 949 949 841 578 498 515 0 1021 3 3 547 450 498 515 0 1021 3 3 640 506 534 515 
0 644 380 380 372 425 533 481 0 1020 4 80 802 651 559 513 0 1024 0 442 557 399 467 496 
17 782 916 855 471 538 513 588 37 902 756 796 693 371 434 488 45 901 745 839 466 550 492 465 
187 248 829 275 428 546 530 488 167 683 358 326 488 527 509 515 16 753 219 692 541 498 518 495 
117 242 814 571 526 527 501 514 103 907 175 685 504 524 532 527 29 903 595 402 559 513 491 508 
0 13 761 407 508 537 526 511 0 709 111 509 476 569 527 510 1 748 498 503 500 548 510 503 
9 79 897 203 431 555 538 492 9 825 236 251 392 524 507 500 13 1004 218 734 605 543 516 542 
19 69 888 204 394 546 498 510 19 395 658 655 682 566 503 502 24 995 84 432 600 533 536 492 
8 71 788 314 466 537 511 538 7 572 488 438 486 462 510 515 8 932 193 731 478 505 510 545 
46 74 882 247 470 477 508 475 44 750 288 290 448 500 530 538 43 997 253 674 556 501 541 492 
37 102 827 273 534 491 509 508 36 680 373 328 417 545 508 497 43 912 234 757 625 503 497 522 
3 57 899 225 323 540 504 506 4 340 738 801 699 510 516 547 42 973 200 254 663 474 512 527 
0 729 297 491 582 510 531 499 0 808 641 462 398 509 522 488 0 922 529 419 477 528 528 512 
0 640 943 257 529 525 519 503 2 663 997 872 612 487 537 531 48 975 593 606 722 537 532 521 
0 0 974 50 223 551 524 501 0 132 892 892 689 523 482 494 0 997 27 379 587 544 530 521 
0 0 997 55 277 563 532 510 0 125 899 883 724 524 544 516 0 986 38 410 423 511 478 505 
0 1024 0 932 284 567 512 510 0 1024 99 925 604 528 511 496 0 1024 41 980 432 628 508 520 
0 1024 275 743 625 535 506 513 0 1024 863 161 380 540 502 498 0 1024 820 208 398 589 532 533 
0 0 1015 96 571 529 488 528 0 104 920 915 758 509 450 505 0 1022 2 198 690 448 576 561 
0 0 1018 6 513 419 506 533 0 131 893 893 846 557 474 491 0 1024 0 151 835 562 506 495 
661 387 585 508 512 500 533 541 783 517 445 469 496 504 500 490 793 597 372 480 513 520 486 524 
618 407 566 518 499 522 497 492 690 427 542 493 492 504 509 524 729 434 489 497 488 522 541 529 
277 486 600 535 537 514 548 551 318 582 549 559 501 539 523 501 334 579 546 539 497 523 528 494 
0 0 1 1023 951 645 540 468 0 0 763 261 261 229 552 556 0 0 365 659 650 571 472 556 
0 0 8 1016 830 376 561 467 0 0 284 740 717 642 532 557 0 0 56 968 919 658 492 557 
0 0 267 758 578 443 478 510 0 0 287 741 909 463 529 516 0 0 273 752 736 332 485 512 
0 0 897 127 542 522 490 489 0 0 986 50 807 460 515 536 0 0 946 79 685 398 510 535 
0 0 656 440 489 528 536 521 0 0 924 238 365 581 511 495 0 0 825 323 417 582 470 511 
0 0 1019 35 576 577 526 498 0 0 1024 442 534 538 509 500 0 0 1024 354 593 514 501 524 
0 0 1024 317 618 437 542 511 0 0 1024 837 503 467 481 516 0 0 1024 757 559 501 474 502 
0 0 1024 634 375 579 520 512 0 11 1013 957 590 477 578 547 0 11 1013 951 599 520 542 492 
0 0 1024 794 426 534 512 536 0 272 752 698 520 509 493 517 0 301 723 669 505 542 509 536 
0 13 1011 923 615 598 473 511 0 559 465 457 440 567 486 498 0 594 430 422 466 497 503 501 
0 160 864 862 601 512 479 529 0 808 216 216 501 544 525 481 0 898 126 216 565 482 431 534 
184 807 870 679 497 507 520 518 129 880 861 709 536 476 497 517 92 838 841 701 513 483 496 491 
428 529 749 353 508 536 490 508 404 621 442 470 489 500 495 516 34 643 358 492 512 506 496 512 
349 459 758 643 525 550 545 551 311 902 226 660 481 474 486 502 120 745 506 492 497 508 503 521 
46 105 886 332 570 453 498 505 46 884 163 330 459 547 526 480 57 974 248 692 557 500 540 525 
169 259 769 331 504 555 522 529 130 707 406 398 480 527 510 515 90 919 229 738 516 465 489 497 
278 388 788 409 529 574 541 577 252 585 627 601 606 573 549 516 197 930 317 520 538 537 497 517 
239 341 760 430 553 501 561 532 209 814 313 376 411 559 558 515 169 931 293 799 508 519 500 547 
149 228 792 329 555 541 532 541 137 788 289 328 547 486 503 539 119 960 339 660 446 521 511 519 
214 211 880 371 645 559 554 515 205 733 429 370 400 515 549 527 196 940 264 777 549 572 535 483 
35 240 761 219 452 524 500 518 41 370 797 761 722 562 523 509 92 928 256 301 655 546 517 511 
0 718 531 279 547 495 522 496 0 790 663 605 459 481 526 500 3 895 552 572 489 490 508 510 
0 640 918 662 277 529 461 498 104 536 909 781 641 508 535 520 399 429 436 384 433 511 524 502 
0 0 780 244 277 468 526 500 0 1 1011 693 470 531 523 505 0 472 552 509 452 564 517 531 
0 16 784 240 332 549 533 492 0 32 987 689 481 482 527 515 0 389 635 622 598 515 471 542 
0 1024 0 935 358 471 530 535 0 1024 217 807 517 422 476 495 0 1024 174 849 240 668 507 511 
0 1006 547 480 467 580 509 526 0 1014 936 85 572 537 519 506 0 1022 903 122 547 519 514 522 
0 0 996 70 404 588 484 499 0 2 1022 936 492 522 506 494 0 704 320 320 517 541 485 516 
0 0 973 55 401 562 468 516 0 47 976 903 656 544 507 521 0 906 118 179 673 534 520 513 
353 439 599 511 529 508 505 478 431 625 453 513 537 498 493 539 476 660 416 505 500 516 519 494 
158 589 615 516 518 503 508 504 264 570 646 515 478 532 523 483 302 549 608 521 515 505 514 512 
5 195 689 508 535 505 518 510 16 396 644 512 521 526 480 489 15 377 647 518 528 501 517 488 
0 0 0 629 704 344 552 466 0 0 0 698 804 604 452 544 0 0 0 626 784 375 566 558 
0 0 0 601 469 484 526 500 0 0 0 639 751 412 515 512 0 0 0 604 619 429 524 504 
0 0 9 480 555 505 524 530 0 0 28 518 727 477 452 498 0 0 11 517 641 493 532 498 
0 0 532 492 382 494 522 526 0 0 676 348 504 520 504 506 0 0 520 504 482 475 526 498 
0 0 414 616 639 470 484 510 0 0 716 342 459 467 490 514 0 0 510 532 609 501 518 497 
0 0 493 516 448 512 515 507 0 0 832 190 416 533 497 528 0 0 773 251 389 525 534 503 
0 0 458 417 368 542 461 478 0 0 587 402 519 514 463 525 0 0 603 391 476 482 472 499 
0 0 638 250 391 552 489 524 0 0 684 317 770 550 498 497 0 0 679 312 774 532 489 524 
0 0 651 290 621 419 469 510 0 0 696 551 553 579 532 476 0 0 697 554 558 567 534 537 
0 0 589 390 606 549 515 506 0 0 685 760 473 446 511 546 0 0 738 747 535 469 494 515 
0 0 718 856 328 513 492 480 0 143 624 772 717 513 516 519 0 380 516 425 413 527 520 567 
59 590 721 460 504 518 512 506 67 598 825 481 506 514 498 506 79 619 826 499 549 542 494 510 
93 306 708 425 516 528 507 537 95 361 725 649 573 515 531 522 95 599 485 489 522 503 514 544 
186 314 825 500 607 570 527 531 192 900 251 323 620 555 526 520 187 949 235 800 563 568 558 499 
54 82 722 495 567 497 501 504 54 566 309 436 578 512 506 504 54 691 298 697 579 520 506 536 
123 215 880 366 611 517 556 548 122 715 405 443 538 547 515 527 125 990 195 697 596 523 564 522 
336 501 860 639 691 627 595 597 340 808 539 579 655 646 578 542 352 992 374 666 649 666 637 594 
240 401 802 555 605 583 554 567 238 925 270 368 473 628 523 541 241 984 293 860 583 572 535 554 
160 277 848 480 595 510 570 522 158 875 280 336 519 546 510 504 162 994 310 726 573 568 525 540 
158 271 796 480 583 561 527 529 147 667 455 456 499 549 534 511 158 855 294 652 520 539 492 532 
17 163 804 355 526 522 490 529 19 215 828 733 602 471 534 532 26 608 478 384 461 501 488 506 
0 667 533 415 515 535 495 540 0 778 648 410 609 464 525 513 4 801 622 442 611 537 487 493 
0 778 807 508 455 473 526 520 12 771 837 776 705 425 498 523 310 480 541 589 490 497 507 516 
0 272 673 278 328 433 527 514 0 331 694 265 753 596 490 516 0 346 679 707 400 583 527 489 
0 194 664 413 445 526 540 507 0 297 734 294 631 472 542 516 1 343 695 589 444 494 519 503 
5 983 95 819 496 476 512 515 5 991 282 693 508 473 533 532 5 983 203 755 465 551 518 511 
0 953 617 419 468 501 521 496 0 964 901 160 549 527 538 492 0 961 892 182 544 521 509 489 
0 88 936 494 589 526 505 530 0 290 734 560 381 495 516 515 0 317 707 625 484 518 509 505 
0 203 820 523 601 488 490 501 0 320 704 680 479 510 514 520 0 472 552 545 560 500 517 497 
382 659 502 523 524 527 524 497 434 680 516 517 516 517 530 539 507 641 523 532 509 509 501 520 
359 503 637 497 519 505 511 505 382 532 633 477 534 505 523 513 422 598 613 430 498 524 508 508 
121 203 597 521 552 500 527 514 109 221 740 405 471 520 516 511 112 264 744 395 477 524 532 517 
0 0 0 837 223 590 619 519 0 0 0 875 651 390 546 505 0 0 0 859 428 422 478 505 
0 0 1 704 278 672 494 486 0 0 2 857 431 476 497 536 0 0 2 822 208 640 516 554 
0 0 115 557 595 475 495 529 0 0 373 386 398 623 517 456 0 0 371 366 388 580 538 494 
0 0 112 683 549 515 510 524 0 0 362 456 456 468 496 504 0 0 284 525 407 570 550 527 
0 0 399 495 457 538 518 510 0 0 664 246 470 474 522 508 0 0 620 290 496 451 509 508 
0 0 269 654 566 506 503 522 0 0 540 476 570 530 522 514 0 0 484 532 665 571 577 504 
0 0 165 571 565 541 518 516 0 0 419 381 341 564 530 485 0 0 371 429 372 521 492 478 
0 0 588 333 364 556 508 536 0 0 812 156 460 460 574 485 0 0 790 170 362 527 455 533 
0 0 739 196 340 487 577 517 0 0 820 169 672 572 466 511 0 0 809 173 595 568 546 472 
0 0 678 288 490 514 510 502 0 0 734 505 521 547 514 544 0 0 742 518 571 465 518 481 
0 0 848 815 288 474 491 561 0 65 799 916 641 526 510 502 0 240 683 694 565 494 474 483 
18 662 832 431 538 536 528 499 29 673 889 510 497 510 525 523 35 691 880 560 541 503 498 518 
4 195 714 578 522 513 503 522 3 361 718 488 507 533 505 496 6 403 646 565 550 531 507 499 
91 197 883 501 628 521 529 520 91 621 469 471 489 511 509 513 92 743 352 497 498 488 534 536 
32 86 951 362 579 507 535 519 35 536 503 508 519 515 509 501 38 799 245 572 507 502 557 534 
87 254 835 469 639 536 504 531 87 663 436 504 519 568 518 491 88 862 277 561 498 563 530 543 
108 313 813 489 617 546 524 520 108 544 586 589 462 506 519 514 110 720 419 477 539 535 526 542 
65 298 752 435 571 516 525 528 65 554 522 509 545 505 522 504 71 793 291 454 512 508 513 530 
36 199 847 332 569 496 526 511 36 430 623 616 594 514 475 505 41 785 267 430 496 510 477 494 
30 104 810 486 511 512 520 508 27 226 779 514 494 507 543 500 29 295 719 480 507 500 522 524 
102 264 833 470 620 523 516 535 102 336 775 656 527 514 547 514 104 395 716 640 564 519 528 499 
273 579 573 641 674 543 544 547 271 675 577 490 470 558 544 539 229 711 587 513 570 532 542 550 
311 713 662 505 493 514 511 482 299 705 520 652 503 521 554 519 299 704 464 470 382 550 464 539 
107 797 512 521 457 509 506 502 90 763 556 430 424 530 516 503 85 757 543 397 416 527 497 531 
256 638 647 457 551 535 554 509 235 589 746 388 439 527 517 551 236 573 703 431 462 494 528 510 
279 917 541 592 586 579 522 528 262 925 626 529 547 595 554 537 258 898 597 590 555 548 525 494 
199 860 780 407 576 504 566 555 187 890 814 586 511 557 537 529 189 894 807 596 513 576 549 507 
259 448 575 538 518 489 503 523 271 441 578 562 494 503 489 498 280 465 593 553 498 507 531 506 
285 787 590 450 510 487 507 534 284 818 490 507 526 514 479 494 303 809 335 625 527 500 497 502 
306 915 655 442 498 499 489 521 295 929 554 499 518 509 547 500 337 893 370 644 508 501 516 527 
819 742 381 542 509 503 501 536 823 789 494 442 528 519 517 492 838 811 556 429 531 539 470 522 
1002 632 430 487 505 521 482 522 1001 685 431 543 549 527 524 508 1006 770 524 472 508 509 502 511 
0 0 0 596 294 476 596 433 0 0 0 775 223 662 533 591 0 0 0 688 238 489 491 591 
0 0 0 416 371 449 537 488 0 0 0 571 338 601 522 511 0 0 0 513 349 439 498 511 
0 0 0 238 491 567 478 521 0 0 7 436 381 614 492 498 0 0 3 405 393 617 501 528 
0 0 0 164 844 642 556 523 0 0 0 395 636 550 518 470 0 0 0 162 855 653 533 470 
0 0 1 411 652 605 539 527 0 0 24 522 648 621 517 563 0 0 22 452 699 548 516 542 
0 0 54 596 480 502 490 504 0 0 144 661 430 499 535 489 0 0 147 647 417 511 536 511 
0 0 0 539 550 569 516 495 0 0 111 470 535 618 532 529 0 0 64 517 566 624 516 529 
0 0 439 466 452 430 480 538 0 0 625 307 329 477 535 508 0 0 543 389 376 448 549 508 
0 0 648 270 299 495 532 526 0 0 771 181 323 617 585 496 0 0 708 233 289 546 437 496 
0 0 629 268 465 528 502 536 0 0 671 406 575 519 542 509 0 0 675 409 549 474 498 497 
0 0 798 724 407 517 497 497 0 21 809 888 556 521 519 506 0 108 766 772 500 499 473 496 
98 641 748 475 510 493 526 523 114 644 785 579 496 519 505 504 166 634 772 535 545 490 519 529 
187 613 542 512 527 529 485 507 203 620 566 511 509 498 511 553 201 649 509 529 504 514 516 511 
247 917 701 625 515 510 523 526 263 905 673 604 594 562 548 502 259 910 630 597 526 482 482 503 
216 963 661 598 507 517 547 539 201 977 665 511 556 547 520 533 197 979 520 568 479 533 527 514 
253 959 827 518 491 538 519 518 244 976 787 370 518 533 545 537 240 979 605 518 478 518 520 494 
295 922 842 605 524 512 541 527 263 949 870 405 615 499 568 513 260 949 727 506 504 547 524 532 
226 822 778 552 515 491 514 510 214 824 766 453 543 551 521 495 217 811 674 507 513 545 532 525 
178 910 736 409 554 516 493 545 171 905 674 404 549 545 505 513 172 889 498 579 603 553 495 508 
185 779 669 458 520 518 512 519 176 775 629 450 486 532 526 517 178 757 523 540 525 524 506 549 
453 617 633 539 544 498 516 475 412 631 580 504 501 497 495 500 361 650 517 435 541 515 520 546 
625 310 831 356 550 507 540 510 613 402 186 692 342 433 506 495 279 732 498 500 514 494 513 506 
783 150 880 666 453 550 483 529 760 242 118 773 600 555 477 499 687 319 111 115 206 607 496 505 
652 262 718 676 678 560 497 507 615 230 592 373 407 456 498 502 519 318 203 306 593 487 495 531 
554 423 722 513 551 550 520 517 451 476 654 533 502 545 560 520 361 553 607 427 460 506 499 521 
864 907 855 879 860 704 712 676 833 932 880 868 844 771 635 656 808 950 887 866 842 776 638 634 
1024 1020 1004 1003 995 910 602 582 1024 1009 1011 996 991 892 689 602 1024 1008 998 998 995 887 658 592 
952 826 489 613 600 561 602 575 881 573 779 644 576 601 550 518 851 562 517 691 606 594 540 546 
768 695 339 511 509 506 499 528 761 575 521 567 524 514 464 505 779 563 438 551 488 528 497 514 
702 490 482 530 508 500 519 525 741 540 453 515 553 511 495 497 791 574 479 496 490 534 526 503 
640 695 473 507 489 492 499 515 644 712 530 462 520 529 491 511 692 706 571 501 530 529 548 494 
761 603 420 567 533 529 527 532 778 657 444 524 504 521 487 496 838 656 555 473 537 530 499 498 
0 0 0 30 421 660 469 512 0 0 0 74 464 739 555 512 0 0 0 74 464 739 555 512 
0 0 0 7 344 673 534 514 0 0 0 55 388 681 470 514 0 0 0 55 388 681 470 514 
0 0 86 212 378 598 504 504 0 0 0 368 333 511 471 502 0 0 0 251 366 552 479 487 
0 0 287 530 415 467 460 521 0 0 1 778 524 440 471 502 0 0 1 437 521 619 524 484 
0 1 159 600 619 566 530 536 0 0 122 689 497 509 489 522 0 0 129 457 562 536 522 508 
0 0 19 591 463 428 513 500 0 0 105 620 439 506 469 492 0 0 74 637 435 475 484 474 
0 0 0 323 522 527 536 505 0 0 0 462 579 550 476 504 0 0 0 455 543 560 503 505 
0 0 0 576 563 532 502 486 0 0 20 716 727 539 464 524 0 0 41 695 727 516 469 484 
0 0 22 615 597 570 486 484 0 0 106 755 573 574 498 526 0 0 138 780 504 478 512 530 
0 0 156 642 527 526 514 522 0 0 299 695 456 502 531 500 0 1 318 681 547 498 500 529 
8 33 325 635 507 493 505 526 16 28 456 650 531 518 500 532 22 61 468 622 531 489 510 514 
220 272 606 502 505 491 533 504 265 228 742 483 539 503 511 514 290 372 655 431 507 530 512 523 
346 422 694 550 522 514 520 507 371 489 668 538 537 511 488 495 373 636 598 526 526 512 512 551 
606 713 719 724 535 548 509 514 545 778 772 745 461 500 518 530 451 881 849 621 579 510 498 494 
808 659 644 655 562 547 543 543 591 866 862 780 663 521 545 550 527 926 910 648 624 511 563 499 
708 765 770 757 621 605 539 576 533 937 936 795 666 643 539 533 515 952 925 622 636 575 552 558 
604 850 826 829 677 567 572 602 479 972 946 718 676 682 578 554 475 972 920 506 600 592 553 532 
497 792 757 734 589 573 569 555 418 837 838 654 580 564 547 549 411 825 811 488 580 578 547 552 
303 927 918 839 518 502 556 565 285 929 939 401 719 511 574 497 276 925 611 647 651 594 548 518 
576 824 724 701 608 606 559 604 530 836 756 625 645 618 591 541 513 816 751 595 630 611 572 556 
712 863 760 716 694 667 550 599 707 901 755 716 729 668 618 567 689 865 773 749 755 667 589 582 
432 654 725 615 521 529 541 533 394 748 756 532 589 545 543 514 328 791 667 635 580 555 540 525 
45 563 814 652 485 496 501 493 2 837 639 392 543 494 530 497 0 862 330 481 541 518 514 506 
669 905 756 754 537 515 508 519 667 970 693 757 629 463 461 524 666 972 693 749 590 490 494 505 
159 359 741 600 503 521 524 536 163 762 381 462 591 540 540 522 163 793 356 468 583 467 543 537 
310 659 677 572 536 513 512 514 322 816 490 582 548 538 554 512 319 822 513 596 566 549 553 507 
404 836 455 489 490 503 536 505 429 872 558 586 502 509 513 500 417 862 531 524 515 497 533 489 
556 479 496 514 515 519 511 525 609 537 503 544 501 485 505 505 628 603 512 486 491 486 536 523 
847 380 522 528 534 506 536 521 906 470 497 517 545 514 489 539 938 563 490 510 482 527 491 531 
867 547 458 503 521 525 497 504 901 657 381 519 508 535 506 525 930 712 406 535 513 549 480 502 
840 212 556 540 495 525 536 513 890 304 519 483 527 526 521 525 919 391 529 514 511 502 518 519 
793 352 655 541 541 497 489 508 849 457 512 513 495 525 501 492 999 438 332 532 517 530 540 517 
0 0 0 19 760 709 423 516 0 0 0 47 781 655 579 444 0 0 0 7 715 704 425 444 
0 0 0 37 718 629 446 509 0 0 0 72 801 627 477 511 0 0 0 53 790 572 527 511 
0 0 275 258 468 524 508 493 0 0 0 419 393 456 499 536 0 0 0 93 408 587 497 508 
0 0 1014 112 589 407 469 481 0 0 0 994 57 332 578 507 0 0 0 0 247 752 594 511 
0 2 404 615 382 540 531 500 0 0 39 781 384 604 494 472 0 0 32 369 432 528 532 534 
0 0 65 407 577 527 514 524 0 0 115 587 381 539 530 511 0 0 111 482 479 548 500 523 
0 0 0 330 615 540 493 508 0 0 0 448 625 544 510 505 0 0 0 365 692 540 537 497 
0 0 0 531 523 588 482 521 0 0 0 647 498 581 492 529 0 0 0 553 567 602 478 537 
0 0 0 639 523 596 518 537 0 0 1 818 480 497 451 489 0 0 0 616 638 626 534 480 
0 0 10 822 381 449 515 516 0 0 13 925 374 450 511 518 0 0 13 868 365 433 487 508 
8 12 350 679 597 558 481 495 8 11 462 588 552 507 533 523 8 10 421 619 532 495 492 491 
160 335 617 536 510 514 492 485 158 244 812 510 510 496 521 512 158 238 838 489 484 506 500 513 
287 592 582 509 547 541 513 505 281 510 680 531 528 499 532 504 282 490 698 573 536 501 503 511 
911 998 940 922 658 359 426 496 911 990 942 912 668 374 424 477 911 997 941 925 685 344 409 499 
1024 1024 1024 1021 1014 578 436 518 1024 1024 1024 1021 1014 576 435 518 1024 1024 1024 1021 1014 576 435 518 
1024 1024 1024 1024 1024 1023 925 754 1024 1024 1024 1024 1024 1023 926 759 1024 1024 1024 1024 1024 1023 931 755 
1024 1024 1024 1024 1024 1024 1024 1000 1024 1024 1024 1024 1024 1024 1024 1000 1024 1024 1024 1024 1024 1024 1024 1000 
880 895 873 849 839 784 701 765 884 915 855 842 811 755 779 724 886 913 855 846 810 787 765 755 
674 856 738 751 732 710 673 704 668 886 736 762 736 714 665 622 664 826 722 740 719 708 656 660 
592 787 743 733 680 656 589 629 551 890 727 697 676 655 594 533 528 808 679 701 691 637 592 571 
478 737 768 652 653 633 606 605 458 906 636 724 660 657 639 554 451 856 565 600 673 639 613 533 
388 871 855 856 833 494 589 530 310 928 932 375 766 531 506 500 306 928 365 839 798 465 541 540 
69 679 856 806 603 501 509 530 0 1019 659 118 702 491 515 491 0 1002 94 668 656 442 519 547 
642 783 768 739 637 557 513 515 556 895 809 685 665 425 499 482 549 901 673 731 694 395 468 513 
339 387 895 770 384 515 528 503 344 863 470 517 410 504 538 499 344 860 470 460 434 480 502 482 
415 676 804 630 494 502 541 530 400 822 563 593 437 525 518 514 399 792 580 480 493 517 481 511 
0 428 708 432 533 561 498 532 0 547 594 556 519 487 519 490 0 362 667 619 491 497 535 508 
368 782 504 532 488 523 516 506 360 811 498 549 520 558 499 487 352 608 664 459 525 488 530 496 
738 780 521 485 506 513 525 491 704 856 550 498 527 462 502 485 693 843 511 481 521 497 513 514 
728 442 585 502 514 515 543 509 759 502 591 484 498 492 516 495 801 544 543 501 523 505 539 490 
611 415 532 563 515 504 522 506 779 273 473 516 505 511 506 495 933 169 444 500 495 527 496 500 
684 459 590 513 506 516 508 523 804 438 465 464 508 510 505 524 954 368 365 583 510 514 501 504 
0 0 0 829 310 720 630 515 0 0 0 924 675 279 532 531 0 0 0 827 488 527 504 531 
0 0 0 896 482 518 553 566 0 0 14 913 690 559 539 542 0 0 0 857 389 609 561 466 
0 0 132 707 413 476 486 539 0 0 140 572 548 540 521 505 0 0 26 565 550 527 539 485 
0 0 479 540 545 405 508 522 0 0 266 413 428 525 537 494 0 0 173 163 228 699 645 512 
0 0 552 371 462 489 445 484 0 0 453 465 379 481 521 510 0 0 323 428 410 482 534 513 
0 0 634 375 490 541 522 527 0 0 661 355 516 506 487 497 0 0 525 479 409 544 487 497 
0 0 722 306 530 560 513 497 0 0 755 264 540 510 513 527 0 0 640 374 348 544 524 529 
0 0 830 317 573 537 533 531 0 0 851 225 689 568 507 524 0 0 761 263 526 480 475 545 
0 0 954 524 476 459 493 500 0 0 970 503 392 509 531 530 0 0 912 178 695 492 543 530 
217 275 798 474 482 581 519 491 216 258 905 403 514 494 536 547 216 234 848 409 523 495 507 523 
396 513 837 359 578 475 496 496 397 519 858 371 707 529 508 520 397 449 911 417 691 569 479 518 
457 880 581 328 573 501 508 512 458 911 556 442 421 479 532 515 457 841 628 436 494 514 514 521 
669 981 716 631 395 529 516 532 669 946 731 739 319 573 512 535 667 879 789 777 366 567 516 495 
1024 1024 1024 1024 694 417 492 519 1024 1024 1024 1024 694 417 492 519 1024 1024 1024 1024 694 417 492 519 
1024 1024 1024 1024 1010 781 616 588 1024 1024 1024 1024 1010 781 616 588 1024 1024 1024 1024 1010 781 616 588 
1024 1024 1024 1024 1024 1024 963 855 1024 1024 1024 1024 1024 1024 963 855 1024 1024 1024 1024 1024 1024 963 855 
1024 1024 1024 1024 1020 1014 950 856 1024 1024 1024 1024 1020 1014 950 856 1024 1024 1024 1024 1020 1014 950 856 
965 964 951 919 886 812 760 781 956 969 929 930 912 831 778 742 957 969 932 928 915 847 751 735 
835 907 903 873 851 799 753 651 829 904 910 884 852 816 759 596 831 890 922 881 840 830 779 602 
725 734 886 752 761 683 641 643 710 790 827 801 771 677 597 544 716 741 876 790 761 705 570 563 
817 827 834 754 741 646 583 588 804 825 798 781 739 663 552 548 808 829 802 772 766 712 606 555 
438 857 778 737 613 590 510 511 365 887 848 361 666 534 500 516 359 890 409 741 670 519 519 500 
30 535 831 690 581 490 511 490 0 815 629 291 635 520 493 518 0 769 311 613 571 533 512 534 
163 432 798 555 585 497 520 521 141 470 852 472 607 507 518 532 137 464 636 666 546 478 485 522 
223 308 863 800 419 573 582 514 220 796 444 440 429 605 464 505 221 754 479 422 445 524 559 509 
642 728 784 658 485 504 521 527 630 690 793 629 439 490 557 522 630 697 787 623 446 505 516 519 
1 289 530 675 478 481 493 521 0 408 500 535 504 521 537 541 0 343 426 460 479 475 489 481 
6 312 553 611 485 510 524 511 0 366 578 552 452 553 523 542 0 230 456 560 500 534 505 535 
230 543 570 500 528 524 501 534 153 651 623 500 570 510 528 505 143 498 461 537 506 530 486 509 
733 838 798 258 685 508 483 502 726 853 809 214 755 376 529 475 717 803 792 233 321 597 493 530 
944 775 710 298 447 495 471 492 993 760 710 293 405 587 486 516 1022 782 670 301 304 492 511 509 
676 696 573 525 510 484 489 505 863 562 423 534 504 527 508 544 982 502 292 562 558 554 471 518 
0 0 5 1019 760 803 560 479 0 0 334 690 690 429 607 478 0 0 0 1024 689 574 532 545 
0 0 578 446 426 360 522 500 0 0 876 148 148 231 583 526 0 0 83 941 903 803 524 524 
0 0 688 336 341 479 482 528 0 0 981 43 55 504 514 524 0 0 328 696 696 665 562 496 
0 0 1024 0 804 238 545 550 0 0 1024 0 656 334 464 474 0 0 984 40 46 690 464 474 
0 0 1024 5 989 601 497 480 0 0 1024 1 965 375 533 544 0 0 1021 3 324 649 533 544 
0 0 1021 220 799 554 556 503 0 0 1021 200 820 592 494 498 0 0 1015 9 752 305 533 498 
0 0 1024 626 379 500 486 506 0 0 1024 402 566 431 524 493 0 0 1020 7 707 326 517 518 
0 0 1024 979 84 598 519 504 0 0 1024 772 253 358 533 525 0 0 1024 1 797 370 531 509 
386 412 612 873 426 532 505 523 385 395 626 925 265 525 493 504 380 381 645 497 566 515 505 509 
1009 1009 426 580 388 546 516 504 1009 1006 487 533 484 532 484 512 1009 1002 432 577 480 478 515 490 
1024 1024 741 250 662 430 476 531 1024 1024 769 249 783 564 508 467 1024 1024 734 259 772 515 505 501 
1024 1024 997 148 720 543 558 542 1024 1024 1013 332 577 523 466 542 1024 1024 1013 332 577 523 466 542 
1024 1024 1021 666 461 557 522 497 1024 1024 1022 803 353 513 570 497 1024 1024 1022 803 353 513 570 497 
1024 1024 1024 968 611 375 459 512 1024 1024 1024 991 530 411 495 512 1024 1024 1024 991 530 411 495 512 
1024 1024 1024 1024 928 502 540 522 1024 1024 1024 1024 928 502 540 522 1024 1024 1024 1024 928 502 540 522 
1024 1024 1024 1024 1021 679 629 569 1024 1024 1024 1024 1021 679 629 569 1024 1024 1024 1024 1021 679 629 569 
1024 1024 1024 1024 1020 655 569 558 1024 1024 1024 1024 1020 656 574 558 1024 1024 1024 1024 1020 656 574 558 
936 980 944 919 884 700 640 659 920 986 910 933 889 776 596 567 924 983 912 945 885 781 581 544 
953 936 908 866 806 727 706 570 927 947 926 888 772 740 658 522 930 949 928 902 792 745 674 542 
900 893 833 828 775 728 690 682 868 909 810 793 761 680 592 579 868 910 820 805 759 703 645 643 
716 895 767 776 741 662 663 668 684 900 697 775 717 665 607 575 688 891 684 732 729 682 630 608 
347 692 707 647 514 564 549 552 318 837 538 468 568 530 513 497 322 825 392 578 485 529 524 524 
0 517 635 619 461 497 511 516 0 748 297 596 466 528 503 516 0 679 318 379 457 542 498 517 
0 298 764 513 514 532 522 483 0 381 786 478 551 509 499 499 0 318 660 634 500 521 501 512 
136 190 874 650 537 523 525 506 141 672 443 360 465 515 542 528 140 473 635 546 541 539 514 498 
235 353 679 584 502 477 500 536 233 477 646 479 458 522 495 519 233 431 671 513 471 510 513 516 
193 596 809 666 468 545 525 495 188 717 458 571 601 508 514 482 178 703 347 322 509 510 508 500 
25 809 862 659 647 545 489 519 0 780 608 443 427 535 477 505 0 683 203 339 479 523 524 493 
812 315 311 278 534 574 486 518 136 981 974 428 451 511 506 520 118 992 108 656 497 513 521 511 
936 886 763 227 488 592 507 461 862 947 737 290 424 522 558 500 847 941 288 668 598 572 566 523 
1024 1024 933 91 222 479 525 481 1024 1024 818 206 241 446 527 545 1024 1024 329 695 682 475 612 507 
1024 1024 539 485 484 457 507 548 1024 1024 401 623 616 515 478 486 1024 1024 100 924 846 517 598 488 
0 0 376 648 648 621 562 490 0 0 497 527 527 515 533 534 0 0 2 1022 1008 509 533 534 
0 0 725 299 299 329 526 556 0 0 893 131 131 190 503 454 0 0 20 1004 1003 857 489 454 
0 0 854 170 359 495 511 527 0 0 912 112 275 479 488 509 0 0 535 489 484 468 514 509 
0 0 1024 0 752 410 553 535 0 0 1024 0 702 441 515 503 0 0 973 51 80 670 521 503 
0 0 1024 69 952 647 519 494 0 0 1024 69 952 647 519 494 0 0 1024 0 336 626 505 494 
0 0 1024 235 785 623 509 522 0 0 1024 92 912 550 514 542 0 0 1024 0 370 581 547 526 
1 7 1018 563 487 542 533 501 1 5 1020 196 799 488 565 525 1 5 1019 28 463 532 505 504 
487 504 521 628 505 500 516 510 488 490 536 713 370 541 506 521 485 474 546 479 462 502 523 523 
1021 1015 8 982 287 554 506 522 1021 1014 38 973 662 535 542 509 1021 1014 23 983 489 578 507 514 
1024 1023 11 941 742 476 552 535 1024 1023 218 790 608 572 508 495 1024 1023 71 915 695 711 542 535 
1024 1024 34 898 661 510 512 507 1024 1024 143 868 617 523 501 512 1024 1024 51 934 680 539 549 519 
1024 1024 263 754 462 522 459 503 1024 1024 404 617 402 527 516 502 1024 1024 374 647 373 531 553 509 
1024 1024 784 245 424 542 504 520 1024 1024 917 137 478 480 514 508 1024 1024 875 159 441 506 545 510 
1024 1024 1013 314 635 507 496 503 1024 1024 1018 489 500 456 491 509 1024 1024 1018 489 495 453 494 503 
1024 1024 1024 912 274 490 536 516 1024 1024 1024 1008 181 498 508 516 1024 1024 1024 1008 181 498 508 516 
1024 1024 1024 1020 534 391 549 488 1024 1024 1024 1024 626 418 479 488 1024 1024 1024 1024 626 418 479 488 
991 988 969 967 609 472 519 513 992 988 968 960 713 387 481 495 992 992 977 967 714 380 477 494 
990 1006 981 960 376 524 520 528 986 1008 976 977 445 584 513 527 986 1010 976 978 429 586 516 518 
936 959 959 877 470 554 548 520 929 964 962 896 562 520 488 490 936 958 959 892 571 495 506 517 
694 879 621 629 527 547 535 512 683 864 589 708 528 539 513 494 684 871 570 666 533 529 523 540 
268 950 258 607 517 529 509 521 270 939 262 418 586 542 515 534 269 890 307 318 457 529 520 504 
102 497 550 509 552 492 541 518 104 426 639 573 576 480 515 517 103 284 771 652 491 482 518 522 
0 371 653 778 683 443 488 518 0 220 804 809 530 560 531 511 0 22 1002 854 387 523 523 536 
0 144 878 567 523 476 539 511 0 72 952 640 474 526 490 534 0 0 1024 385 534 547 529 519 
121 228 760 557 532 542 526 513 123 384 677 587 560 498 510 505 120 281 762 639 560 506 518 525 
269 390 819 615 441 544 502 523 262 297 877 627 448 490 482 522 262 283 874 305 677 473 489 492 
190 516 625 516 465 552 501 501 178 346 751 546 532 522 521 519 174 229 829 393 521 510 527 508 
6 834 594 513 494 501 491 529 3 746 330 499 499 474 483 524 2 312 598 604 480 501 516 503 
5 1016 922 533 695 516 529 519 0 962 503 534 249 630 492 519 0 659 340 323 772 539 529 492 
290 894 649 576 558 511 500 499 242 857 468 572 500 519 500 518 224 674 335 446 615 519 513 528 
1015 999 104 912 901 569 519 488 1010 1001 51 972 963 531 575 520 1006 1000 21 985 460 584 495 513 
1024 1024 52 972 837 444 495 521 1024 1024 0 1024 619 536 501 508 1024 1024 0 1024 352 452 500 531 
0 0 165 859 837 487 478 530 0 0 140 884 883 498 490 494 0 0 0 1024 637 526 490 494 
0 0 877 147 149 371 506 534 0 0 748 276 278 448 492 512 0 0 79 945 937 660 481 512 
0 0 1024 0 463 567 535 536 0 0 1023 1 209 773 607 499 0 0 732 292 292 295 408 532 
0 0 1024 21 947 616 505 522 0 0 1024 0 935 293 549 519 0 0 1004 20 28 487 456 524 
0 0 1024 473 551 633 484 545 0 0 1024 255 759 485 539 503 0 0 1019 5 263 629 558 501 
18 41 985 811 385 592 527 509 18 25 1000 710 364 485 522 502 16 20 1005 75 682 557 516 506 
621 623 400 846 322 561 501 536 621 612 409 906 501 417 520 475 616 600 418 639 527 510 526 469 
1024 1023 1 956 218 471 540 505 1024 1023 3 1019 681 568 516 519 1024 1023 3 1016 536 385 522 533 
1024 1024 0 1022 639 449 471 484 1024 1024 149 875 873 637 483 540 1024 1024 57 967 940 494 483 512 
1024 1024 30 622 779 465 496 512 1024 1024 222 683 489 500 530 527 1024 1024 160 706 567 538 498 515 
1024 1024 322 627 592 565 526 512 1024 1024 795 229 151 599 521 517 1024 1024 765 259 140 487 522 507 
1024 1024 547 429 228 465 490 489 1024 1024 676 348 412 569 469 538 1024 1024 657 367 243 636 535 514 
1024 1024 776 248 377 567 467 518 1024 1024 832 221 855 471 528 495 1024 1024 825 209 811 437 501 524 
1024 1021 944 291 654 566 497 494 1024 1024 980 543 433 454 510 502 1024 1024 978 520 439 461 508 478 
1024 1024 1024 577 427 407 560 524 1024 1024 1024 886 151 444 493 517 1024 1024 1024 830 207 483 508 523 
1024 1024 1024 940 94 491 467 542 1024 1024 1024 1003 121 652 557 542 1024 1024 1024 1003 121 652 557 542 
1017 1013 1016 947 227 543 491 533 1015 1015 1018 998 328 558 550 541 1015 1016 1017 998 319 555 540 526 
899 939 932 832 541 539 518 512 881 948 882 863 485 550 545 522 881 948 872 831 506 533 523 493 
659 863 694 699 542 533 511 516 634 879 608 686 559 503 527 526 635 876 589 550 582 503 500 511 
678 927 704 533 566 519 548 528 673 912 666 596 470 436 502 531 676 902 686 608 440 435 517 484 
836 956 881 787 453 516 552 556 820 966 810 798 446 550 499 529 818 959 815 802 455 554 520 489 
342 947 332 304 474 526 545 517 330 890 372 358 335 510 498 521 331 478 777 764 656 446 527 533 
0 712 312 312 369 555 542 498 0 163 861 861 861 714 474 548 0 0 1024 1024 333 646 511 536 
0 154 870 845 640 577 531 511 0 29 995 966 532 588 502 515 0 0 1022 759 296 517 511 521 
59 95 887 705 353 465 534 511 59 78 923 703 304 485 542 512 59 70 890 252 736 640 493 516 
74 178 873 879 634 438 522 506 70 116 938 911 207 666 484 510 68 101 957 183 824 678 448 523 
24 479 558 572 684 573 546 541 22 201 837 830 584 460 492 529 20 42 992 416 611 549 565 512 
158 724 375 527 455 492 539 518 147 647 347 374 509 565 523 475 137 179 756 737 459 520 523 543 
0 1024 595 427 363 592 525 526 0 1024 0 616 335 490 480 549 0 40 984 984 775 585 496 512 
0 989 494 501 563 419 545 493 0 947 77 517 556 563 483 494 0 252 748 719 506 475 487 522 
478 876 386 623 468 525 556 492 460 888 162 672 557 452 495 509 435 582 441 692 529 586 482 502 
1024 1020 4 908 120 639 537 478 1024 1021 3 950 160 750 416 548 1024 1018 6 881 142 428 613 549 
0 0 583 441 441 409 538 523 0 0 458 566 562 492 521 493 0 0 3 1021 904 488 493 493 
0 0 916 108 424 463 515 540 0 0 903 121 167 608 495 522 0 0 364 660 606 473 479 534 
0 0 1024 62 947 476 494 489 0 0 1024 1 760 391 533 535 0 0 951 73 74 229 495 507 
0 0 1024 396 623 635 501 511 0 0 1024 203 781 459 492 500 0 0 986 38 151 515 459 504 
0 0 1024 950 120 568 477 544 0 0 1024 709 316 417 495 503 0 0 1019 5 673 415 486 498 
575 552 461 745 441 500 514 543 569 537 476 816 295 563 515 501 562 523 491 420 578 532 499 502 
1024 1024 0 921 359 419 491 512 1024 1024 0 949 546 398 529 512 1024 1024 0 843 340 606 490 511 
1024 1024 1 950 533 478 481 533 1024 1024 38 940 607 585 501 484 1024 1024 3 893 570 493 527 484 
1024 1024 4 979 505 528 537 525 1024 1024 63 931 771 482 483 513 1024 1024 24 965 602 525 529 513 
1024 1019 53 921 650 524 499 531 1024 1021 228 750 645 538 502 486 1024 1014 147 831 628 494 524 521 
1024 1018 175 819 670 586 489 505 1024 1019 625 382 311 440 553 533 1024 1018 513 487 367 408 540 524 
1024 1023 609 376 371 530 527 496 1024 1024 895 102 360 495 520 500 1024 1024 863 133 243 570 529 504 
1024 1024 847 149 444 523 503 531 1024 1024 883 155 749 426 529 531 1024 1024 883 149 710 433 514 526 
1019 962 816 578 451 536 558 538 1019 965 830 707 339 463 533 522 1019 966 838 701 353 454 517 522 
1024 946 830 680 439 535 530 498 1014 940 857 749 388 573 531 479 1014 940 857 754 386 556 533 518 
974 921 841 740 538 518 486 503 950 934 852 782 580 462 506 504 946 935 840 787 589 471 486 510 
878 927 883 755 754 436 495 534 856 931 812 818 747 426 517 540 848 938 795 784 746 448 497 537 
217 938 302 755 501 509 537 520 204 945 180 633 467 495 490 547 197 857 255 325 490 520 522 506 
0 1024 0 488 571 544 489 507 0 1024 0 37 536 554 501 551 0 466 558 558 584 489 513 468 
0 1021 3 51 481 550 491 513 0 930 94 94 186 395 541 522 0 166 858 858 802 444 470 488 
0 994 44 122 274 532 501 502 0 599 428 437 516 596 532 497 0 138 886 893 742 454 492 519 
0 865 159 159 225 259 464 534 0 256 768 768 759 784 535 500 0 0 1024 1015 307 744 546 505 
0 988 36 36 172 370 565 527 0 317 707 707 707 680 449 543 0 0 1024 1021 238 756 548 484 
0 333 691 691 612 563 482 519 0 27 997 997 906 337 573 478 0 0 1024 945 95 458 509 506 
0 22 1002 1002 860 626 486 563 0 0 1024 1024 728 331 506 522 0 0 1024 798 226 274 518 517 
0 324 700 700 686 490 552 526 0 0 1024 1023 904 331 479 459 0 0 1024 914 107 132 445 522 
0 721 303 303 303 395 501 527 0 3 1021 1021 1015 569 520 513 0 0 1024 925 99 165 435 510 
0 934 82 103 447 476 526 512 0 327 684 687 659 516 492 502 0 0 1007 867 148 336 507 522 
0 1024 0 606 434 464 538 524 0 1005 19 19 238 567 452 545 0 0 1024 1024 70 622 589 517 
0 1024 0 940 171 613 489 530 0 1024 0 0 289 663 537 524 0 0 1024 1024 158 826 526 529 
4 1020 43 982 400 617 532 525 1 1023 8 64 701 403 554 473 0 32 995 999 379 718 638 491 
693 844 238 612 402 445 469 547 671 871 154 549 394 466 469 538 649 645 370 657 455 421 453 530 
