25 246 455 479 523 494 507 514 95 418 503 506 543 492 516 532 50 330 516 503 479 491 521 503 
1 58 406 518 492 493 477 499 3 233 651 519 492 507 523 522 3 168 569 492 525 489 512 512 
16 299 396 531 509 519 517 519 51 405 555 515 507 513 514 505 30 416 501 529 493 485 516 501 
35 628 434 520 503 523 499 489 177 650 530 515 503 518 506 512 139 665 606 496 518 523 524 510 
58 691 505 513 532 532 531 515 296 677 519 514 519 475 513 543 286 669 512 505 499 492 507 510 
58 540 459 492 493 491 519 525 260 575 556 509 530 518 513 497 206 609 543 505 486 503 500 510 
39 609 519 500 500 489 510 523 415 556 495 504 530 533 476 498 324 642 513 520 520 523 525 514 
26 498 585 488 509 499 528 484 298 586 502 488 496 548 519 525 190 755 467 514 521 515 516 499 
16 599 485 510 530 518 518 528 581 410 463 508 504 521 507 545 316 657 521 503 488 534 511 507 
20 140 880 805 485 468 605 393 31 353 682 623 706 399 406 417 31 892 150 285 585 530 536 571 
273 446 519 500 525 545 517 506 492 328 606 511 531 488 526 529 482 343 549 498 537 526 515 510 
486 417 468 502 526 532 500 529 672 446 519 534 514 499 512 499 631 386 542 516 502 512 529 558 
161 766 543 507 523 508 533 524 684 355 472 513 515 501 509 515 567 445 437 488 497 494 541 519 
451 536 552 516 502 490 510 503 821 340 507 523 535 499 520 515 738 347 485 523 479 522 521 496 
392 594 580 493 515 517 504 513 785 363 484 502 511 493 503 481 712 337 445 522 545 500 523 469 
325 636 504 509 505 503 505 536 735 417 484 545 513 551 517 557 589 431 531 500 494 504 503 474 
169 606 517 476 491 522 537 531 395 571 536 511 503 503 483 496 262 596 531 541 505 511 513 491 
53 723 485 509 494 492 491 498 401 568 474 502 509 521 531 510 231 748 570 498 523 486 525 529 
48 545 468 504 523 525 509 520 510 471 481 512 527 524 488 544 169 669 524 504 507 503 492 520 
94 843 481 626 643 515 527 489 445 545 552 674 352 452 631 510 136 853 816 474 726 529 606 457 
83 596 502 529 505 508 504 506 691 393 524 521 509 526 502 540 339 550 502 553 521 510 532 521 
167 551 482 522 480 498 507 508 571 410 512 519 497 529 495 547 398 511 530 496 508 513 533 504 
460 477 563 495 504 484 494 519 550 395 491 549 512 490 538 539 531 427 458 503 518 528 533 508 
670 378 545 508 504 511 515 512 706 298 437 517 501 509 523 515 671 309 420 480 520 504 535 492 
541 239 592 474 523 516 505 494 559 243 393 557 534 499 521 500 500 276 388 472 518 531 503 513 
528 334 500 512 528 534 490 521 604 298 376 497 517 524 515 522 427 395 431 482 522 529 507 498 
347 664 602 508 505 495 511 519 320 658 484 519 518 488 494 541 373 613 584 507 489 520 500 517 
414 919 536 515 488 554 507 532 399 871 319 496 510 531 479 520 475 805 603 521 517 501 505 499 
333 669 491 501 501 531 519 503 428 574 473 547 523 513 503 545 381 646 550 486 548 530 517 514 
46 915 291 712 389 606 626 481 37 886 283 799 304 327 742 416 51 918 306 728 685 628 538 458 
25 244 413 480 504 476 472 487 149 476 486 521 487 489 543 471 84 476 521 498 506 504 535 521 
60 558 484 510 504 536 507 514 193 610 541 516 516 514 529 513 340 519 510 522 476 526 501 506 
858 170 749 484 551 514 497 499 848 134 545 489 529 505 514 534 848 146 575 503 504 512 498 539 
753 461 542 486 512 535 521 502 755 424 471 518 486 505 509 517 804 483 459 521 521 502 497 538 
302 484 509 508 503 496 527 496 397 403 489 519 497 520 515 511 569 298 486 506 542 524 506 539 
475 446 549 526 503 507 526 516 575 355 471 476 526 518 493 538 682 309 518 525 521 507 503 517 
929 434 469 473 501 511 525 530 877 290 604 515 487 537 497 501 909 393 546 480 517 495 510 535 
869 253 492 529 517 524 521 533 829 255 479 550 526 527 524 500 898 276 630 495 531 524 541 492 
294 753 527 498 493 533 514 496 223 707 428 509 514 508 521 531 341 747 572 521 540 514 480 517 
17 1000 872 189 227 708 293 377 4 974 107 674 367 344 308 419 32 988 909 221 798 351 665 513 
193 493 522 490 502 535 523 518 398 509 557 499 511 529 513 499 354 606 561 514 518 507 502 509 
264 672 466 514 514 498 507 501 439 621 465 523 505 492 486 531 579 495 559 567 520 518 523 502 
744 284 496 487 533 534 527 544 698 326 456 508 532 508 527 502 787 257 541 498 493 502 522 518 
986 468 469 501 515 515 514 537 969 252 565 517 507 485 532 517 979 318 570 533 503 522 513 495 
912 306 578 510 531 520 540 498 866 237 619 495 500 518 503 536 904 275 654 577 545 500 485 500 
907 161 673 506 519 512 500 509 903 152 568 515 530 485 520 503 927 230 607 484 528 507 511 515 
888 287 507 481 509 508 523 516 959 265 604 527 523 528 494 518 979 315 667 527 511 535 527 520 
720 298 518 522 504 528 536 505 891 234 449 521 512 464 506 505 937 178 623 492 529 501 475 545 
476 536 499 525 521 508 514 525 383 610 503 510 496 528 488 522 614 471 480 473 509 499 525 520 
145 877 794 515 550 446 465 543 139 874 391 594 448 479 476 597 161 863 844 484 508 487 515 561 
58 363 422 483 500 497 467 480 303 530 519 507 517 501 521 512 149 495 479 516 510 500 495 491 
101 358 459 504 494 477 488 481 372 547 542 521 533 511 484 509 252 476 481 490 511 516 513 486 
495 461 470 466 489 513 518 498 748 376 476 484 489 509 495 518 693 424 552 517 515 526 536 509 
678 443 476 505 520 524 517 517 521 503 581 533 511 516 519 512 664 421 535 522 494 523 507 524 
856 341 553 518 525 484 505 520 849 423 555 527 505 499 524 505 863 591 455 497 548 510 520 520 
636 483 559 512 514 510 518 503 627 535 541 532 513 532 516 523 714 509 526 512 494 516 534 503 
110 525 471 511 519 495 526 504 188 386 517 542 505 505 528 494 230 680 469 519 540 504 518 524 
360 573 494 509 519 515 524 517 362 605 483 492 525 473 510 501 406 667 497 535 515 529 481 533 
112 650 490 494 538 533 530 525 192 646 503 509 535 508 497 510 225 687 501 518 510 528 503 520 
33 826 257 557 562 518 372 448 499 478 480 382 395 582 522 479 152 788 766 496 461 435 436 512 
486 423 442 510 527 534 514 512 779 254 492 503 504 482 532 495 588 376 427 542 493 526 490 511 
396 257 584 570 485 515 483 528 544 351 569 459 495 506 535 531 427 340 565 471 501 521 519 533 
117 697 498 508 500 478 525 527 148 623 473 488 516 507 490 533 137 746 540 512 510 525 540 509 
242 751 594 540 517 503 514 517 188 691 487 528 472 506 500 504 261 782 573 513 527 516 507 508 
377 579 563 527 510 497 510 478 343 494 558 536 533 492 507 498 381 730 475 505 505 500 495 471 
53 811 406 567 496 522 476 516 35 620 444 466 509 489 529 505 59 861 425 526 501 506 501 499 
501 486 471 528 528 503 507 514 487 426 382 502 509 504 504 510 516 498 495 533 512 522 496 493 
924 234 582 495 523 503 534 532 910 348 478 512 523 519 530 500 937 240 562 498 504 510 511 491 
748 275 620 549 491 515 524 502 782 232 561 491 512 506 531 517 767 285 617 552 481 477 512 484 
164 395 600 625 406 451 501 520 184 787 670 413 468 416 515 585 172 770 351 405 513 519 551 373 
1011 13 14 18 19 1009 14 1006 1016 8 20 1008 13 15 1008 17 1012 12 13 17 15 1011 14 14 
1023 1 1021 1019 19 11 30 13 1024 0 1020 3 19 1014 1012 19 1024 0 1018 4 21 1005 11 18 
1011 16 23 1008 16 17 1007 15 16 1008 1008 1009 1007 1006 1008 1009 1011 13 26 12 1009 1008 13 1007 
1007 17 26 15 1013 22 18 1012 15 1009 1007 1006 1013 1013 22 1008 1008 19 22 19 1012 1009 1012 12 
1024 8 1016 1005 16 1016 1012 1013 1024 11 1013 1002 1008 24 9 19 1024 1021 3 13 1001 15 11 19 
15 1010 1005 1004 1004 19 1011 18 10 1010 1006 21 1007 16 1003 1008 11 1015 1007 1008 1008 18 17 11 
1018 6 9 22 1010 1004 1010 1009 1017 7 4 8 21 15 1009 15 1018 6 7 1016 25 17 21 1007 
1023 1 15 1008 1004 15 1008 1009 1015 9 17 16 1008 1005 14 1005 1022 2 15 1008 1007 19 1010 13 
1024 20 1004 1003 1002 1003 1003 24 1024 1 1022 22 999 1006 1006 998 1024 8 1015 1012 1007 20 18 6 
1023 2 1020 9 1019 8 1020 5 1023 1 5 1019 1022 1021 7 8 1023 2 9 1013 1015 1018 1015 5 
