11 170 653 508 481 523 507 520 28 730 482 489 486 521 461 508 64 755 445 517 536 521 521 520 
163 268 399 591 469 497 499 533 225 295 486 550 532 498 507 530 354 245 548 516 520 540 548 525 
258 368 508 561 498 516 489 513 302 534 578 504 541 486 533 525 373 596 615 530 497 557 525 542 
149 176 526 522 513 495 501 523 192 631 547 552 492 501 538 507 288 726 562 546 515 532 529 503 
273 245 446 502 532 535 515 502 328 446 550 537 494 532 546 486 487 561 588 543 534 542 540 535 
521 485 479 501 572 578 535 554 626 461 748 600 561 556 585 544 786 715 759 536 661 588 592 556 
739 759 716 735 679 661 576 599 848 734 732 734 709 677 630 601 944 714 751 756 733 686 652 599 
725 807 719 714 712 665 603 650 934 679 728 740 728 717 668 673 980 689 745 775 734 749 685 647 
865 791 813 763 754 753 709 714 973 751 802 787 768 745 750 743 1024 879 792 822 810 807 795 709 
945 931 784 676 704 731 542 503 1004 929 788 792 693 723 710 421 1024 978 941 803 833 697 700 501 
351 507 483 471 522 538 521 507 510 542 526 538 512 494 491 511 818 556 520 570 577 569 519 549 
313 538 489 488 479 497 498 491 534 522 540 537 487 532 502 537 844 582 552 480 514 560 540 511 
394 544 514 518 482 480 506 504 632 497 586 548 500 505 510 523 771 642 614 554 566 560 532 562 
566 342 429 457 478 484 515 543 800 275 689 550 486 497 505 493 919 812 576 449 553 505 513 531 
592 373 395 340 351 569 493 526 877 141 788 557 441 435 514 528 933 885 721 318 614 481 488 506 
386 512 422 380 378 524 506 534 686 264 597 403 576 528 478 529 768 828 614 363 593 472 509 470 
185 647 657 572 520 483 493 515 644 371 489 458 513 493 497 496 867 680 628 439 539 489 512 531 
495 438 563 511 505 506 492 504 781 444 509 514 512 510 514 519 952 720 645 591 570 577 551 568 
537 545 488 492 479 507 495 503 853 444 528 493 520 515 499 482 1020 801 696 600 598 571 574 574 
878 203 205 497 451 519 494 606 986 234 808 382 644 499 505 413 1024 984 527 697 664 525 591 558 
169 377 455 488 497 513 500 496 393 452 556 471 536 494 505 520 590 613 518 487 520 528 519 546 
140 374 515 495 542 521 499 509 365 443 557 495 488 540 491 533 497 611 532 532 503 530 531 516 
315 317 536 526 521 510 482 507 388 451 618 555 489 532 544 507 506 538 613 571 568 523 530 513 
299 591 487 501 525 489 509 494 510 469 472 531 494 503 532 522 649 602 610 522 534 561 537 541 
145 886 817 544 547 538 509 541 845 199 467 423 503 483 528 511 1013 531 419 638 555 511 521 489 
50 845 418 561 518 492 491 505 366 634 555 536 487 503 496 491 909 184 568 534 526 498 531 491 
166 332 362 518 493 516 513 511 442 263 526 501 521 497 519 523 545 653 476 459 525 527 509 498 
547 311 476 508 521 507 518 505 724 502 534 573 511 492 505 515 786 877 765 648 607 565 549 546 
592 465 574 650 588 545 524 568 692 652 563 683 673 628 615 582 744 763 869 779 735 678 604 615 
836 550 598 560 559 651 548 490 850 712 679 529 573 524 621 491 873 820 725 587 579 669 578 550 
72 324 440 534 467 542 495 494 327 140 552 423 550 536 524 511 401 658 419 455 620 513 508 513 
143 379 453 529 508 473 528 506 445 352 582 491 550 510 510 538 667 482 584 552 506 565 511 539 
177 365 583 510 505 516 527 523 320 500 573 517 522 535 525 507 754 508 529 565 540 529 541 540 
399 281 566 547 510 463 499 497 466 486 555 520 519 520 512 502 738 592 610 565 560 546 569 534 
170 406 452 552 511 543 506 494 324 520 593 483 499 509 476 526 513 498 590 518 501 510 533 499 
84 284 425 576 507 496 508 516 185 437 609 515 545 511 489 512 327 460 536 511 498 538 517 498 
159 311 398 461 497 516 482 518 328 391 545 488 510 508 499 534 447 500 530 511 506 502 521 515 
290 350 446 530 499 514 505 511 392 542 589 579 518 529 507 526 655 646 517 546 511 517 497 540 
244 432 467 538 463 547 495 502 466 419 494 567 560 519 496 503 571 534 648 564 573 574 534 516 
141 291 367 596 678 646 427 499 166 452 734 677 371 353 467 544 233 810 391 348 436 558 506 532 
146 462 430 518 507 519 509 483 572 399 582 523 497 533 518 530 725 480 581 504 540 528 524 539 
132 411 641 576 520 505 521 517 397 680 393 592 520 519 517 507 921 273 665 496 555 539 524 546 
120 519 503 534 472 497 516 493 240 796 531 556 532 542 536 512 862 349 618 540 558 522 529 543 
680 255 431 560 516 495 520 510 751 303 610 516 521 528 523 514 935 610 475 555 520 514 511 509 
437 466 514 531 535 507 516 500 577 560 583 481 522 499 515 499 731 607 483 568 511 515 523 516 
701 511 491 478 484 486 495 493 822 501 588 604 508 515 501 488 965 697 488 571 531 500 541 529 
846 724 260 278 491 473 545 519 883 806 461 586 567 516 532 497 968 886 790 788 697 647 598 571 
933 386 490 487 488 553 517 487 974 538 540 577 525 489 501 518 1011 852 618 624 576 536 584 568 
867 450 539 517 497 510 503 508 950 525 560 509 530 510 496 519 999 756 618 560 558 573 539 561 
881 242 582 469 369 515 502 475 997 301 751 749 739 490 616 464 1013 940 334 642 549 450 535 484 
287 606 622 495 484 506 517 494 650 468 451 509 500 496 503 500 843 795 571 512 516 565 515 537 
632 674 391 396 600 458 547 507 656 846 417 552 606 567 554 501 871 767 680 787 701 589 554 544 
841 828 223 443 588 596 488 494 854 893 841 209 234 428 496 489 953 896 843 867 862 820 704 593 
883 651 289 597 471 507 498 501 950 679 735 360 528 578 541 528 998 845 746 777 731 684 657 621 
443 455 492 457 526 484 529 525 591 663 572 456 504 499 508 496 696 716 574 571 567 565 558 547 
662 492 470 508 545 513 508 513 787 582 521 568 530 533 520 515 862 730 663 639 603 560 575 546 
884 749 239 248 594 513 505 511 948 776 375 623 573 561 542 521 989 864 871 832 770 701 600 581 
990 826 141 163 556 491 519 527 1003 906 392 607 604 593 531 496 1024 987 908 904 908 822 609 591 
976 592 247 315 438 519 520 519 1008 736 221 769 689 548 536 517 1024 985 772 854 779 588 583 556 
188 816 845 452 471 579 505 503 935 160 177 489 435 543 502 560 991 576 524 648 474 511 459 489 
995 36 1002 234 899 889 124 883 1011 994 20 109 155 137 906 881 1021 1014 993 150 876 124 134 128 
958 189 849 88 159 891 886 119 1004 154 851 889 125 912 904 128 1024 1015 917 203 192 923 912 909 
1024 992 18 26 230 938 891 892 1024 1003 211 819 808 844 131 130 1024 1022 1003 1008 1000 215 167 152 
997 181 833 833 173 894 132 131 1018 970 185 827 86 120 133 134 1022 996 983 203 968 186 928 160 
25 855 141 117 115 122 885 124 874 164 149 138 121 144 131 132 890 155 140 131 127 897 125 119 
126 929 854 854 873 903 909 127 923 200 918 119 119 119 133 128 962 184 939 937 934 150 140 130 
945 230 845 63 85 922 890 120 973 218 883 917 908 921 132 130 1020 945 198 971 964 157 149 910 
1010 184 816 819 105 897 895 123 1020 972 40 194 951 137 881 915 1024 1015 979 210 974 931 913 914 
994 125 843 102 108 905 894 907 1018 141 815 948 930 130 120 905 1024 1003 932 195 182 899 129 140 
1024 11 1004 1005 108 937 960 102 1024 1012 13 1013 56 65 871 149 1024 1024 1015 1012 65 901 150 168 
