746 763 663 508 532 540 551 533 735 766 653 456 538 541 549 546 749 773 632 477 520 534 512 539 
966 905 836 850 837 830 782 810 955 897 834 834 853 830 787 765 958 889 836 846 850 832 798 782 
1024 1017 1007 1010 1004 994 984 982 1024 1022 1011 1009 1000 996 994 986 1024 1021 1007 1005 1004 996 983 966 
1021 967 946 921 885 833 816 731 1023 987 952 929 891 862 841 780 1021 977 952 913 881 817 802 722 
1004 939 936 916 885 854 847 825 1021 941 935 923 885 862 860 841 1013 931 929 915 893 869 842 819 
996 952 893 889 855 825 781 759 1002 940 891 870 839 816 784 727 991 939 883 876 843 808 766 722 
558 502 604 544 545 528 504 520 548 497 579 527 523 507 484 507 514 451 616 526 550 510 514 503 
0 69 758 398 534 524 516 514 0 144 781 260 444 502 518 502 0 65 599 514 519 519 515 512 
0 49 774 554 508 535 526 516 0 82 797 561 579 492 513 526 0 48 717 578 469 557 470 506 
655 717 738 538 571 540 534 552 639 733 724 516 565 547 561 513 733 742 686 521 539 542 528 508 
345 653 517 549 532 554 502 514 363 720 465 512 546 530 544 538 442 679 504 559 524 540 525 528 
430 695 644 647 603 609 612 567 602 735 606 609 605 615 601 595 527 708 684 638 611 568 606 581 
189 536 552 496 530 508 524 533 366 635 507 515 501 518 539 547 310 583 560 536 505 507 513 541 
85 516 560 547 505 515 473 477 191 719 530 526 517 520 517 551 126 681 541 442 535 512 516 504 
107 478 631 503 540 523 522 529 145 639 568 551 517 540 538 500 119 574 574 523 548 517 526 515 
0 66 796 421 593 496 523 482 1 169 717 358 607 496 510 486 1 141 653 489 509 511 533 516 
0 0 230 808 593 489 480 509 0 16 253 788 584 497 533 510 0 0 277 750 460 487 509 497 
0 48 710 398 366 625 463 472 0 169 696 409 585 526 503 517 0 135 694 416 513 444 500 523 
603 697 782 628 590 576 534 554 603 857 656 553 615 556 555 577 613 885 677 555 584 554 539 545 
35 262 727 437 478 498 521 503 22 579 532 556 500 505 543 521 21 458 645 543 509 524 507 492 
187 200 771 454 524 528 511 522 187 549 504 512 519 525 506 530 172 344 620 570 507 503 486 532 
12 296 730 407 509 496 521 491 6 557 615 584 503 496 516 530 2 464 663 605 524 527 508 499 
5 276 747 454 490 524 532 516 167 425 543 487 517 480 533 520 7 539 621 480 506 509 481 500 
9 178 838 479 503 508 528 520 170 475 620 549 494 528 512 493 76 526 567 560 544 521 513 525 
49 41 915 333 432 504 520 522 66 525 839 434 517 546 548 488 20 503 569 382 621 535 522 497 
221 359 531 585 523 500 507 529 176 480 535 526 520 519 508 499 98 339 620 497 487 499 508 487 
153 555 455 575 492 467 455 509 74 596 591 483 519 503 490 517 45 555 290 634 520 506 564 554 
893 802 803 622 573 573 524 552 901 828 776 569 624 601 586 527 907 889 793 567 607 574 565 523 
609 420 583 497 529 499 514 500 629 503 554 455 497 499 526 499 627 548 540 487 506 508 495 516 
499 403 577 514 500 513 540 502 443 461 637 470 499 537 528 524 407 485 592 433 496 491 527 512 
379 373 634 612 552 490 510 526 395 321 657 527 497 539 528 509 350 358 686 392 516 504 509 507 
408 360 576 569 504 541 516 514 555 398 550 448 499 524 506 506 428 579 613 485 504 521 515 492 
190 494 553 530 495 532 517 505 159 540 570 503 522 514 473 514 445 627 502 463 541 519 519 527 
0 144 873 503 523 507 524 490 164 773 640 548 530 555 498 493 134 853 423 525 516 501 511 518 
0 9 769 442 479 563 499 520 137 708 687 551 540 466 516 486 0 571 387 673 506 508 521 521 
0 20 477 430 515 519 478 543 0 590 733 409 442 489 549 515 0 297 375 588 434 537 518 507 
762 733 791 616 571 520 542 538 795 830 745 536 582 542 519 535 821 880 716 552 598 542 534 532 
102 190 654 534 479 494 508 505 187 782 518 510 502 523 548 511 246 713 521 544 510 524 496 499 
730 299 512 541 523 522 536 494 859 237 550 500 559 510 531 490 926 255 549 525 478 482 498 509 
837 314 468 498 543 522 547 521 930 351 444 523 543 507 523 541 962 399 494 512 475 509 513 509 
892 149 642 496 467 507 517 522 963 260 636 542 514 524 522 528 957 501 468 445 537 504 524 520 
431 104 754 626 485 505 489 513 713 364 608 528 480 534 509 530 469 715 471 524 510 533 504 522 
20 89 944 639 487 548 493 499 390 610 553 506 466 527 517 536 52 954 389 503 498 524 515 519 
0 7 1005 534 497 533 526 509 393 631 631 598 532 499 538 518 0 1022 321 603 476 525 518 501 
0 1 1023 435 598 588 535 537 235 789 789 782 664 548 462 561 0 1024 212 755 542 453 515 533 
558 693 712 447 542 516 526 526 591 744 694 519 543 499 495 531 752 704 594 515 530 512 515 535 
118 163 548 471 481 510 529 512 151 468 583 555 487 523 499 523 267 540 516 530 496 542 522 518 
790 248 631 493 485 523 526 517 829 421 542 532 513 489 517 519 867 681 350 465 533 498 506 517 
1024 328 585 624 494 537 505 500 1024 664 366 470 482 515 522 531 1024 794 300 534 516 504 495 486 
1024 155 731 690 519 534 494 500 1024 649 331 343 461 504 510 500 1024 797 253 543 490 497 506 504 
812 52 848 576 537 529 500 496 885 458 568 481 497 516 528 481 828 766 295 488 478 515 497 508 
178 38 900 412 558 495 514 475 232 840 856 688 486 516 539 513 189 920 123 581 538 465 488 507 
0 15 951 397 515 513 511 503 200 824 822 645 441 517 500 513 1 990 128 582 589 510 526 541 
0 37 964 595 458 481 495 466 61 963 960 834 568 449 513 529 0 1020 237 620 570 487 488 478 
798 449 857 269 293 772 282 766 806 458 867 311 789 271 757 268 908 475 782 741 818 754 769 273 
92 766 360 747 747 259 758 785 194 706 752 235 273 733 772 272 825 210 306 198 734 283 278 747 
216 730 823 763 262 760 279 268 297 693 777 734 749 733 740 750 916 183 248 746 740 274 284 726 
1005 69 910 353 766 737 744 275 1015 312 672 678 761 278 768 732 1023 896 93 316 268 724 752 267 
1008 30 941 392 758 763 755 273 1021 291 684 680 755 274 737 264 1024 898 98 229 274 754 263 759 
1016 86 875 875 285 274 737 248 1024 387 596 603 774 743 754 739 1024 915 87 357 716 285 266 731 
989 47 907 295 272 731 751 282 997 274 741 717 256 780 781 745 999 896 112 226 285 287 274 267 
75 509 474 272 255 253 284 271 103 921 931 835 739 295 262 255 88 938 619 348 281 752 296 291 
0 0 1002 37 198 812 816 253 0 1024 1019 145 800 268 739 772 0 1019 5 171 768 242 792 769 
