8 486 565 531 543 502 502 520 16 448 660 670 577 510 537 493 10 514 561 547 416 496 504 485 
11 308 722 622 535 502 538 493 16 487 582 595 462 492 526 517 17 655 448 472 529 506 541 484 
1 165 857 617 501 525 526 514 8 328 698 596 521 518 525 547 104 695 625 504 527 525 515 524 
1 207 785 429 505 483 478 500 2 378 648 514 442 573 608 413 55 767 553 434 522 471 551 520 
0 108 795 360 503 521 532 467 0 195 732 425 485 477 516 499 0 468 644 333 517 476 514 483 
0 43 689 351 446 504 515 529 36 123 806 296 373 513 511 525 17 99 514 549 574 495 509 536 
5 86 517 501 507 546 530 532 67 228 630 454 515 531 533 544 42 172 512 573 557 532 538 534 
0 33 738 368 474 487 513 505 7 87 815 355 455 525 521 518 5 78 632 443 492 504 491 519 
0 17 933 174 810 533 441 469 1 36 961 372 550 655 386 598 0 45 904 426 692 476 464 522 
0 329 685 607 492 499 519 554 6 535 556 565 513 523 501 513 0 281 735 507 520 526 531 511 
4 258 714 537 496 493 518 499 32 529 576 546 518 531 531 494 11 458 595 505 506 517 525 524 
5 96 903 510 513 493 516 509 14 283 730 649 503 540 518 518 117 776 648 503 483 531 527 523 
22 116 831 456 494 522 524 481 34 257 784 600 514 538 503 530 140 582 718 611 503 485 522 522 
0 38 846 357 507 514 525 524 1 149 815 566 490 506 509 489 43 470 715 437 541 510 500 488 
3 69 671 378 433 508 475 529 30 226 743 392 472 529 503 529 12 170 552 512 511 500 503 520 
1 37 442 577 602 620 628 626 29 66 538 544 570 630 626 638 22 57 468 585 596 638 645 629 
1 67 552 522 589 566 564 584 10 188 588 513 555 585 541 566 7 140 543 536 554 568 561 575 
1 73 846 196 668 651 380 460 14 126 914 625 725 459 467 584 6 119 890 600 377 678 480 592 
1 173 828 536 502 481 513 505 36 370 707 532 519 498 541 495 10 198 803 369 455 504 483 500 
1 124 814 482 524 516 527 494 11 341 729 487 512 462 510 512 21 241 712 467 485 502 520 510 
32 97 880 465 507 518 515 512 39 217 810 617 504 515 521 531 46 704 519 487 522 518 491 516 
169 208 742 494 514 518 528 522 196 356 738 395 510 531 497 524 215 521 684 485 513 521 500 486 
50 292 651 434 489 503 492 543 203 329 653 548 510 491 500 506 140 482 637 474 505 486 520 511 
5 263 601 459 493 538 518 525 200 311 674 419 469 512 490 493 79 338 561 493 511 480 517 528 
2 150 596 448 527 561 542 596 60 186 628 444 484 564 555 592 46 181 465 596 600 578 579 584 
169 174 538 495 587 589 595 622 254 191 555 467 573 623 618 611 266 172 447 578 595 629 591 604 
83 185 801 321 607 363 387 418 107 299 732 452 544 574 532 634 108 253 738 302 520 482 521 505 
0 82 898 433 555 530 479 490 9 308 765 410 561 499 530 477 4 120 830 341 423 442 568 539 
338 292 686 521 546 481 510 538 408 595 599 539 510 516 553 532 371 599 629 490 501 540 513 517 
606 449 502 507 536 488 555 539 680 700 695 601 487 518 482 553 701 717 730 602 439 512 472 524 
340 316 588 507 477 482 483 539 457 475 682 447 553 520 524 531 484 524 682 521 523 517 525 520 
509 286 564 524 514 512 507 524 670 656 619 504 533 516 561 510 672 692 645 543 531 548 520 535 
95 164 661 441 526 503 478 511 210 423 667 441 536 549 526 511 186 387 624 492 502 517 532 518 
213 263 615 440 552 531 525 521 285 457 682 436 513 488 511 510 303 371 620 475 518 502 492 516 
636 331 495 543 534 516 498 524 781 563 546 516 516 518 520 529 793 535 535 499 539 530 511 524 
144 699 911 614 567 553 548 405 669 287 362 584 459 548 507 445 631 312 417 475 525 511 506 406 
18 195 798 512 504 474 534 476 143 438 695 426 520 513 508 524 37 243 705 420 455 474 524 536 
266 284 662 528 479 519 540 544 429 632 523 489 507 537 509 520 388 701 572 510 523 498 528 555 
694 650 381 540 510 511 487 530 981 745 761 618 559 549 545 546 931 774 737 627 598 557 560 568 
916 782 287 620 583 607 670 600 965 948 897 769 764 733 721 484 970 957 915 881 835 789 686 733 
673 665 403 584 593 578 625 586 747 802 824 718 684 649 639 422 739 797 845 761 754 725 701 688 
255 294 576 465 519 518 494 528 329 394 821 489 520 541 520 499 343 400 758 530 591 563 568 540 
140 169 718 419 522 510 529 530 151 293 836 362 518 523 496 520 178 306 750 456 538 514 538 511 
249 345 584 510 514 503 505 545 353 432 657 502 549 496 542 521 419 436 590 498 521 526 514 570 
122 647 795 463 373 406 498 497 243 622 737 663 423 625 397 538 256 616 725 666 522 504 532 524 
46 137 841 490 478 436 546 501 90 239 798 365 478 580 536 570 56 159 730 388 477 472 539 557 
161 345 647 487 535 513 534 531 428 629 410 538 533 524 506 509 459 638 469 512 506 489 512 513 
585 710 387 475 548 500 506 517 910 696 698 646 544 529 565 527 891 727 755 674 594 544 555 530 
819 668 407 429 513 561 553 534 1007 887 863 741 592 543 531 594 1007 853 877 802 724 658 628 570 
923 840 167 294 666 644 634 658 1004 947 950 882 684 407 437 462 991 958 949 926 870 820 778 707 
803 685 277 391 587 599 613 614 866 879 809 739 646 413 461 418 908 892 841 800 762 733 726 740 
801 592 389 459 519 527 516 520 871 840 782 519 524 514 526 524 889 865 823 744 549 576 576 549 
347 243 720 463 506 539 526 517 400 492 632 458 533 471 513 502 428 536 672 454 557 502 524 537 
136 620 613 501 536 511 513 499 380 439 601 442 500 468 531 472 404 425 633 499 570 572 587 499 
115 497 461 254 348 716 741 737 149 503 490 666 334 298 296 319 152 483 454 246 705 734 300 324 
32 136 844 667 714 295 294 756 66 573 472 202 300 738 309 300 107 550 444 218 711 320 296 720 
782 451 186 678 338 717 306 711 851 500 903 846 663 309 707 694 928 852 468 413 260 296 704 689 
842 480 559 244 323 349 753 340 1023 894 931 468 373 303 721 363 1003 877 494 898 876 797 383 744 
811 425 195 672 770 340 339 761 1014 869 479 832 742 292 298 755 992 846 479 865 405 812 385 719 
903 442 577 193 851 846 347 402 1024 940 938 438 367 691 687 246 1019 916 952 476 457 862 865 825 
221 662 743 275 713 291 328 272 673 343 449 334 287 299 300 717 694 408 415 330 749 766 323 339 
0 36 945 194 740 749 281 297 1 38 967 106 711 317 695 717 3 46 945 174 757 724 304 711 
0 6 1017 112 890 843 244 821 0 6 1012 48 879 229 289 788 0 4 1013 44 782 225 241 226 
