472 491 488 500 521 521 501 501 640 564 527 566 535 520 535 502 511 504 502 507 518 491 461 532 
566 587 561 567 566 559 555 559 663 626 567 614 543 540 540 560 579 551 555 524 516 521 515 494 
552 586 569 594 573 546 560 548 688 643 595 614 583 556 562 551 585 574 561 559 531 502 517 522 
280 401 462 455 499 465 544 497 416 498 476 517 510 522 525 505 334 463 481 493 502 489 515 517 
739 512 692 638 563 571 535 547 773 769 533 680 569 561 551 513 775 786 677 589 586 574 541 527 
761 503 647 580 594 561 560 555 823 821 498 659 650 557 508 520 820 837 680 632 638 615 587 555 
626 542 621 598 586 568 534 555 691 764 614 689 618 580 536 523 731 783 715 629 643 640 564 557 
780 427 634 671 614 639 605 604 807 656 633 716 686 624 433 611 816 761 662 604 675 649 639 603 
578 452 488 510 549 523 532 513 711 395 610 535 579 533 535 531 719 441 636 544 570 561 530 547 
186 414 450 456 460 486 498 498 316 432 541 559 497 522 517 484 281 393 515 448 496 527 472 494 
6 878 306 626 441 553 534 576 29 930 851 317 531 500 487 499 19 901 773 418 453 577 555 535 
133 309 356 410 439 491 482 477 267 370 480 481 512 494 507 509 198 331 407 430 462 510 498 486 
206 298 384 445 480 472 479 474 353 413 471 497 503 503 489 512 249 333 391 430 472 442 458 500 
193 331 387 425 460 487 501 485 345 431 445 505 492 516 521 514 234 360 384 406 446 475 484 472 
234 337 429 458 472 464 510 476 428 452 500 496 491 504 523 512 284 397 447 471 472 484 473 482 
251 445 510 499 486 503 520 508 373 542 521 530 521 490 525 507 301 493 479 447 483 508 480 486 
53 387 502 462 479 473 502 515 165 604 475 493 510 490 490 495 73 459 499 512 520 511 500 487 
30 275 366 407 456 454 438 483 123 378 463 496 566 492 515 527 130 264 391 438 445 499 445 482 
3 56 300 418 442 467 486 471 14 145 494 547 496 483 499 494 5 70 365 468 440 508 485 502 
0 76 244 343 409 429 471 448 16 162 416 491 521 493 549 508 4 95 299 391 440 460 469 442 
0 80 236 347 406 464 432 451 7 180 361 463 512 467 524 501 2 118 255 352 416 425 460 470 
9 376 530 592 632 441 519 511 54 837 206 524 523 463 539 497 24 794 220 352 548 476 476 556 
162 294 400 432 462 488 506 492 236 393 506 498 500 496 515 514 193 341 477 436 451 455 499 472 
187 290 371 432 476 455 466 459 320 389 467 493 506 515 503 492 241 322 436 419 429 503 528 504 
158 308 402 428 445 479 465 487 365 436 474 504 515 506 498 527 246 343 415 429 448 486 461 511 
212 303 414 444 433 472 496 466 435 420 520 517 492 527 551 511 318 342 432 412 479 484 484 483 
74 142 394 430 443 448 483 476 132 322 523 504 538 497 523 516 89 201 466 452 450 485 485 472 
10 207 380 422 452 442 455 445 106 504 485 496 510 491 488 499 35 325 415 448 438 480 500 464 
16 112 299 378 435 439 440 441 81 338 448 508 515 476 485 523 59 220 357 437 467 456 498 492 
2 90 266 395 423 424 464 443 33 201 473 489 520 522 522 511 9 134 354 447 464 492 475 462 
2 49 254 394 418 453 443 457 8 124 445 511 492 523 530 495 7 82 364 472 503 456 490 514 
6 83 308 437 426 446 495 465 54 158 477 558 541 503 500 531 18 148 370 446 444 489 454 514 
7 88 626 266 439 524 467 465 68 512 380 481 467 547 510 472 25 219 589 548 489 462 518 444 
424 486 510 507 522 501 480 514 605 561 540 548 548 517 533 525 560 539 565 543 518 525 522 505 
187 314 442 476 445 516 485 474 357 489 500 523 505 514 492 508 373 480 460 507 488 492 524 484 
331 458 457 507 482 486 494 508 523 577 520 526 513 530 538 497 516 543 529 520 509 527 521 519 
633 707 664 582 574 539 535 529 695 772 701 621 634 558 539 525 713 738 589 548 558 527 534 508 
430 527 510 460 508 494 493 487 497 593 601 513 553 515 514 497 623 603 458 544 516 491 504 513 
15 245 332 385 424 430 439 466 121 568 535 516 502 501 493 518 502 382 524 487 480 494 504 506 
32 439 286 426 450 480 469 459 93 588 592 490 498 513 544 492 420 300 404 469 461 497 496 502 
12 415 324 403 432 479 454 446 99 594 530 470 526 491 517 498 446 284 374 477 519 477 469 505 
1 81 229 307 358 417 432 405 34 294 410 458 490 518 502 481 92 325 368 435 419 463 483 465 
3 102 268 367 427 439 449 453 60 272 360 467 480 510 526 512 11 153 318 418 454 486 494 495 
0 63 240 641 620 647 591 454 12 170 683 374 625 520 491 510 0 85 636 287 305 297 635 432 
994 896 698 577 566 577 546 551 997 910 722 613 602 562 538 503 1009 959 892 746 670 644 615 564 
869 875 572 553 486 529 511 495 868 907 628 570 533 527 503 508 912 936 845 671 633 621 593 586 
715 666 519 522 488 485 524 529 728 685 565 563 547 516 513 498 816 769 695 616 591 556 555 564 
586 645 455 519 525 501 513 530 612 660 513 513 513 507 501 486 761 620 644 545 564 559 519 554 
227 481 498 493 499 490 506 504 278 546 484 519 487 553 512 506 548 471 471 518 523 514 498 516 
14 87 281 357 455 442 437 454 51 478 371 463 451 501 489 520 453 392 508 511 504 539 514 525 
16 136 197 309 394 430 479 468 23 253 345 474 485 485 476 488 180 467 546 503 542 514 492 491 
9 220 294 380 418 478 442 478 139 343 420 425 454 478 476 515 422 404 538 475 509 510 508 510 
12 170 259 406 467 478 468 486 26 272 422 461 471 512 507 499 106 505 420 525 513 498 498 519 
12 141 247 350 418 427 437 439 34 265 316 357 501 510 489 514 23 214 312 397 462 486 464 490 
1 61 114 572 502 597 465 526 26 94 505 379 366 447 466 514 7 80 316 435 451 369 478 496 
1018 910 867 809 737 583 578 568 1016 922 860 834 766 588 570 549 1021 956 933 858 501 581 563 558 
906 378 559 536 539 521 500 544 894 392 547 556 548 556 541 496 992 514 574 564 505 526 535 516 
814 311 522 504 502 500 542 475 773 347 536 520 536 522 498 535 944 337 541 518 482 527 529 541 
659 392 465 498 487 520 507 511 646 408 482 489 506 526 485 526 845 313 525 511 490 492 518 511 
367 586 529 508 531 498 530 524 377 590 535 510 499 505 523 480 672 373 490 498 499 512 510 512 
182 395 424 517 494 496 476 500 185 453 516 501 508 522 506 519 419 456 505 499 515 520 516 493 
187 416 411 468 471 489 494 500 190 453 488 505 511 550 519 512 385 518 514 487 504 522 487 506 
137 364 436 453 493 476 496 488 147 551 482 500 481 503 509 509 457 456 510 504 511 504 506 505 
311 585 504 543 508 504 501 497 296 644 531 527 482 539 509 509 649 383 473 527 530 510 517 518 
395 610 515 516 516 505 524 505 402 597 499 512 487 515 521 510 734 340 482 515 503 518 515 514 
151 718 511 485 464 503 514 515 155 713 507 515 487 470 512 562 313 693 650 579 578 494 496 457 
1024 1017 937 888 867 743 652 630 1024 1016 966 897 803 726 614 590 1024 1006 911 827 667 488 524 505 
1007 956 923 912 758 662 608 578 1006 955 940 906 787 675 551 578 1013 964 897 846 578 581 540 524 
910 690 708 710 643 550 540 525 909 694 704 699 643 589 566 534 964 713 778 707 556 509 561 526 
925 613 598 532 539 497 499 502 914 622 605 504 559 498 535 541 968 632 766 628 577 567 576 551 
909 599 604 520 548 520 523 543 894 623 612 528 539 501 535 516 985 642 699 609 568 570 545 539 
916 738 630 543 545 518 523 520 915 754 640 567 553 564 503 519 977 824 727 644 615 569 580 548 
956 747 630 584 526 542 514 524 964 778 645 590 551 535 537 506 1004 901 752 645 591 568 558 584 
961 731 619 562 549 480 494 507 955 743 645 593 555 517 523 532 1016 828 745 628 555 550 530 541 
881 665 560 540 506 501 518 538 871 683 570 542 534 499 533 496 983 697 639 563 573 553 536 531 
828 528 520 528 543 539 519 519 813 554 528 527 517 488 498 539 966 542 568 522 558 537 553 517 
704 452 438 498 493 525 498 507 676 486 456 506 426 529 518 499 942 261 413 621 523 489 498 534 
1024 1024 1024 1013 995 937 884 847 1024 1024 1024 1011 972 901 422 583 1024 1024 1024 973 922 773 779 635 
1024 1022 1001 990 961 855 803 754 1024 1023 1004 991 959 833 555 614 1024 1018 997 981 853 750 664 583 
1024 1016 954 914 849 793 725 720 1024 1016 968 905 836 774 562 596 1024 1008 929 871 773 585 581 553 
1024 1022 964 868 809 807 735 733 1024 1022 966 868 803 767 606 554 1024 1021 976 924 807 730 597 571 
1024 1009 782 632 656 575 593 587 1024 1010 801 649 656 545 550 545 1024 1020 980 816 699 634 581 588 
1024 977 766 552 560 536 513 535 1024 989 784 542 557 554 538 523 1024 1022 939 797 648 620 599 582 
1024 964 765 557 579 523 503 519 1024 975 752 578 564 545 503 535 1024 1015 895 763 631 587 588 606 
1019 964 787 579 543 524 487 568 1019 958 792 609 552 532 503 544 1020 1014 889 725 667 638 617 578 
1024 912 768 543 530 503 513 544 1024 932 757 560 567 533 558 491 1024 1009 880 702 668 615 601 559 
1007 913 627 564 554 516 551 518 1021 917 643 586 578 565 541 477 1021 986 835 627 609 568 569 565 
947 867 335 604 438 556 527 538 985 879 330 649 526 461 505 520 995 898 720 511 435 647 638 538 
