1007 347 469 509 501 503 497 510 816 292 525 510 493 507 549 502 747 298 591 526 463 520 497 536 
1024 594 530 484 556 486 502 502 996 306 471 463 512 482 523 534 983 277 484 461 525 512 499 541 
918 680 527 567 509 493 522 488 898 395 563 564 538 518 531 538 1019 276 436 514 511 536 478 508 
605 745 684 653 452 538 505 500 689 528 532 570 558 529 505 491 1016 243 215 598 494 510 513 518 
83 979 786 389 579 496 502 525 72 970 876 663 483 504 485 512 717 338 340 307 551 534 507 517 
0 832 236 601 508 502 495 489 0 841 329 570 503 506 502 514 77 841 779 423 543 530 488 489 
0 243 762 566 468 536 509 500 0 328 683 535 482 498 544 506 0 920 272 507 527 536 535 504 
0 533 454 422 502 493 521 521 0 650 360 389 513 517 488 510 29 943 652 424 510 489 520 513 
4 391 645 576 535 482 532 528 8 384 661 584 541 542 521 494 50 897 358 482 540 517 529 520 
3 319 760 620 501 539 511 498 14 231 802 491 517 545 519 511 74 749 328 406 509 500 538 510 
50 795 327 474 540 517 542 514 38 578 500 503 527 523 514 505 136 852 361 587 558 500 517 502 
762 799 720 747 676 603 570 584 787 795 777 746 714 665 615 561 793 839 782 748 716 658 600 576 
375 527 579 549 545 553 539 511 438 580 580 556 540 511 545 509 437 584 582 545 525 527 510 525 
387 680 589 598 572 600 589 561 359 719 482 544 519 529 519 525 323 647 523 532 525 501 541 510 
129 438 626 524 504 523 520 517 194 531 559 536 516 513 523 500 179 533 550 555 526 505 482 534 
236 670 558 430 548 582 503 505 236 718 616 566 524 537 557 498 232 691 586 538 477 532 470 502 
441 447 458 616 563 515 503 516 165 719 690 369 511 531 540 507 138 751 715 419 498 534 485 542 
853 181 363 514 543 536 516 504 440 563 624 527 487 512 507 507 450 557 615 511 511 540 507 499 
1024 69 521 492 542 511 497 508 827 205 350 512 492 506 531 514 891 143 319 529 474 512 499 504 
1024 186 766 457 514 522 508 508 1016 18 356 592 552 484 545 512 1024 23 524 537 501 538 528 499 
989 370 693 618 506 509 508 519 987 75 631 520 517 543 514 507 997 120 837 393 512 540 519 503 
643 577 573 664 553 533 539 519 638 399 686 378 487 515 547 529 686 398 877 548 491 533 513 523 
33 619 461 461 489 509 521 509 29 676 436 509 522 523 526 536 93 885 483 413 527 531 509 504 
0 268 754 485 492 466 507 524 0 240 779 501 506 499 492 538 1 824 334 462 528 481 506 527 
0 625 377 383 514 527 521 514 0 650 369 426 506 531 506 505 45 859 747 480 546 507 497 525 
0 297 718 485 537 508 492 525 0 327 673 445 522 504 508 526 2 789 480 548 494 504 516 514 
1 677 358 409 513 491 508 475 1 323 682 568 503 502 498 523 7 901 220 558 545 493 491 510 
453 699 456 477 524 511 498 491 523 631 632 645 566 572 528 564 566 795 573 607 587 573 556 521 
329 491 590 512 507 510 521 511 453 586 611 579 561 536 533 504 463 608 602 559 523 555 535 540 
363 513 583 521 523 513 523 509 434 579 569 564 524 541 508 538 398 570 567 559 516 530 488 531 
162 340 663 491 524 515 519 506 213 632 575 563 512 521 504 509 213 620 563 549 510 540 531 490 
213 522 501 589 551 561 500 502 241 625 513 548 554 551 557 424 241 624 610 497 493 521 497 541 
0 907 181 903 711 519 446 641 0 905 117 939 355 557 544 539 0 915 273 812 601 613 530 569 
0 897 130 895 802 469 549 552 0 894 100 911 440 540 431 509 0 918 601 421 456 431 597 579 
66 828 213 822 479 627 483 524 1 894 276 789 304 684 605 481 16 936 719 367 360 371 421 494 
226 663 263 719 343 522 462 488 120 770 344 647 347 515 504 545 159 758 588 476 494 444 486 542 
392 505 442 423 518 477 514 492 244 659 403 536 465 472 514 509 275 648 528 733 535 490 504 499 
619 277 453 439 472 571 504 522 330 573 527 585 552 541 533 513 494 434 511 541 480 517 511 547 
188 625 389 642 508 532 525 508 88 723 557 512 573 500 512 508 259 633 671 555 568 509 520 523 
228 545 398 516 478 510 525 509 106 711 449 514 542 515 488 525 221 774 467 479 525 450 471 522 
252 160 670 435 556 507 484 513 56 366 882 604 598 553 551 502 223 549 403 503 531 486 500 480 
0 11 840 399 475 521 499 505 0 15 889 439 480 498 488 527 0 450 578 567 545 499 535 519 
0 147 803 389 567 504 492 512 0 33 944 470 558 525 511 499 0 584 440 474 539 514 536 486 
387 638 422 509 539 506 504 508 422 639 611 492 515 534 554 514 478 781 575 593 602 595 567 576 
395 579 529 526 481 514 503 529 506 717 581 570 540 525 547 528 536 702 572 578 556 538 550 517 
184 475 559 502 511 513 499 539 316 599 499 511 506 500 512 509 312 617 493 518 510 514 518 511 
244 476 528 508 502 514 521 480 408 617 526 564 523 534 528 545 374 613 532 547 497 499 515 526 
363 482 578 375 573 534 504 552 491 462 563 618 585 541 477 534 476 469 600 606 583 485 557 506 
0 36 304 487 421 487 489 505 0 17 368 418 509 510 520 504 0 18 391 466 444 495 473 525 
0 23 198 426 507 447 510 497 0 20 217 637 476 487 517 506 0 27 390 668 534 454 530 500 
1 157 248 445 561 551 496 486 2 174 448 605 477 477 513 484 4 267 639 559 582 495 541 530 
0 789 129 907 182 412 536 546 0 788 134 925 155 628 511 510 0 828 321 717 722 707 524 511 
0 1024 0 900 124 189 388 419 0 1024 0 948 76 199 599 605 0 1024 620 404 404 423 427 605 
0 1024 0 105 891 563 556 625 0 1024 0 250 746 531 504 489 0 1024 61 963 878 493 517 490 
0 802 220 309 478 488 569 491 0 848 235 224 625 370 518 517 9 941 279 857 403 545 513 544 
1 592 502 615 523 506 524 508 1 785 390 388 440 537 500 499 13 888 448 591 445 541 512 483 
92 481 549 610 555 471 518 472 117 669 464 516 556 537 503 526 118 815 538 487 543 501 516 505 
193 491 517 476 473 504 513 503 247 571 676 505 561 540 530 546 282 621 722 629 525 524 558 523 
95 163 496 498 469 524 519 498 163 221 633 448 551 503 515 501 185 293 725 563 555 504 531 521 
465 512 505 520 533 509 524 530 506 577 675 598 606 574 554 538 531 655 776 660 600 586 585 572 
310 525 533 502 505 517 531 515 463 679 620 586 558 563 522 561 477 692 614 582 524 552 539 520 
70 371 638 474 497 518 501 495 148 704 448 510 549 512 509 530 158 711 443 504 518 514 510 530 
199 429 542 502 501 525 491 508 354 660 524 539 491 545 517 521 322 624 509 543 491 516 506 534 
157 649 357 567 626 510 509 559 391 640 582 482 535 548 460 484 248 725 637 624 502 498 472 462 
0 0 24 216 368 477 527 482 0 0 45 276 452 551 491 508 0 0 48 243 488 564 470 507 
0 0 41 375 563 525 506 516 0 0 159 621 619 531 550 498 0 0 452 559 508 477 517 514 
0 75 122 416 569 526 495 516 0 113 602 398 497 516 484 536 0 314 667 728 506 523 531 472 
0 749 144 895 314 570 554 531 0 746 147 908 523 528 498 543 0 817 659 294 317 467 562 538 
0 1024 0 1022 288 584 479 458 0 1024 0 1024 523 541 528 435 0 1024 918 106 130 474 494 438 
0 1024 0 875 258 525 489 502 0 1024 0 977 173 618 452 518 0 1024 458 566 558 589 573 499 
0 721 303 370 601 467 538 489 0 715 309 334 671 480 531 509 0 1005 19 733 552 452 496 519 
24 809 530 489 525 472 467 501 43 815 554 490 502 480 506 518 118 830 523 534 490 546 504 516 
116 283 620 560 555 548 464 468 169 645 369 386 656 522 509 534 175 712 360 670 645 581 532 499 
311 374 507 466 502 475 496 521 494 534 609 573 546 531 537 535 506 544 656 608 543 535 538 526 
193 372 475 476 502 493 514 459 331 507 537 531 518 481 517 503 365 536 551 544 484 511 492 530 
202 639 489 532 519 521 496 522 209 722 419 526 536 530 498 511 254 768 541 521 508 550 534 526 
598 642 538 526 515 523 512 525 665 717 619 596 568 560 538 507 684 731 631 635 571 576 547 606 
64 307 654 501 503 526 525 513 103 594 527 528 537 490 541 539 137 670 462 507 523 529 494 521 
152 247 521 476 504 521 497 501 213 407 682 526 520 518 505 502 217 474 644 565 549 511 500 523 
16 101 737 374 679 528 481 528 23 243 728 637 548 476 503 504 31 188 810 704 603 579 521 476 
1 83 318 628 462 502 514 507 1 78 357 637 464 484 532 519 1 93 304 665 499 529 510 508 
5 204 324 648 485 500 532 501 5 194 452 517 457 511 515 506 5 221 489 585 584 537 508 499 
45 249 417 553 508 474 487 484 66 327 428 568 473 538 499 513 83 497 412 514 532 526 489 526 
6 811 159 884 511 483 508 527 1 806 186 862 569 471 515 534 3 902 659 349 365 519 496 538 
0 1024 166 858 648 451 506 482 0 1024 4 1020 852 581 552 559 0 1024 989 35 204 572 528 544 
0 1024 202 810 493 535 545 552 0 1024 5 1013 777 443 502 431 0 1024 913 111 228 516 499 475 
0 718 368 643 506 502 507 520 0 717 307 701 415 496 539 515 0 790 478 684 662 523 498 500 
42 868 533 505 528 492 502 524 27 858 551 480 505 511 501 502 60 869 554 559 509 507 514 518 
53 260 514 482 497 505 506 498 69 484 364 358 559 497 488 489 76 599 355 591 603 555 523 527 
154 478 545 494 500 550 517 510 277 494 552 509 525 516 520 504 393 460 579 531 544 499 521 499 
62 364 451 515 484 480 461 531 109 465 493 522 514 521 504 500 157 527 576 491 533 488 536 526 
60 585 448 520 508 508 516 498 85 838 362 498 511 494 499 497 86 786 329 532 524 514 506 521 
156 445 501 504 522 528 534 535 231 671 509 517 525 523 513 525 272 686 498 551 532 562 524 511 
214 418 523 458 497 524 505 508 303 636 548 525 538 515 523 527 352 643 553 527 530 501 545 532 
187 389 494 538 498 496 506 541 285 503 594 539 537 523 544 547 305 546 549 531 537 541 498 508 
14 110 647 337 510 559 575 512 30 161 753 699 415 545 515 542 25 220 738 637 593 398 456 471 
2 849 149 753 237 556 516 611 2 843 118 560 406 451 510 480 2 845 140 762 407 512 524 472 
1 339 543 512 526 512 474 520 2 354 580 457 461 492 505 525 14 474 541 528 525 515 532 541 
11 243 456 587 574 530 483 533 8 179 553 559 477 520 492 514 9 271 323 505 513 507 490 494 
9 503 656 701 544 532 482 514 0 482 605 638 465 519 514 510 0 740 508 478 462 517 518 519 
33 430 721 472 461 509 516 505 1 391 402 577 453 535 515 501 3 353 405 548 479 508 522 493 
466 370 403 481 519 518 500 487 92 708 706 686 620 537 500 492 389 408 437 396 504 500 498 503 
70 641 893 258 507 488 513 536 50 653 574 456 493 471 475 513 71 660 777 478 423 517 519 530 
107 669 545 538 538 485 522 520 54 734 414 483 530 493 478 527 48 614 525 546 533 514 512 532 
116 464 365 453 501 499 531 513 20 716 444 577 528 476 537 504 13 417 656 671 461 521 519 512 
266 610 585 471 483 502 505 510 430 449 528 480 497 511 526 499 293 612 415 409 506 517 518 529 
505 648 530 556 525 516 546 491 686 531 462 577 509 505 537 526 483 730 464 567 516 528 524 556 
273 464 521 521 521 515 515 484 455 791 510 633 567 555 543 534 389 681 569 550 548 561 554 519 
274 399 584 534 506 519 526 500 441 785 434 589 568 508 548 529 416 640 574 533 517 561 546 520 
224 319 654 549 528 523 550 523 299 591 517 540 569 530 510 544 304 473 665 567 523 550 537 523 
332 381 583 463 514 501 505 493 381 456 567 604 535 537 531 536 368 444 572 573 534 530 523 514 
33 66 563 486 642 552 476 498 43 188 658 618 585 447 536 521 43 183 697 586 586 476 542 546 
0 203 424 510 501 526 492 534 0 120 545 542 505 483 488 519 0 181 644 432 509 505 504 487 
0 323 599 549 510 529 506 490 0 234 678 514 498 483 491 483 0 416 603 520 535 523 495 545 
0 510 427 615 455 528 507 527 0 427 497 531 531 500 515 507 0 677 391 608 477 518 489 520 
0 289 671 477 484 483 535 532 0 121 637 515 521 524 490 508 0 224 684 613 585 518 522 504 
211 273 687 482 451 460 487 490 0 454 309 409 500 519 499 507 0 157 329 496 525 509 483 536 
377 612 476 624 511 552 482 497 112 705 796 384 522 514 489 503 236 570 518 359 458 530 512 531 
450 300 561 369 478 524 503 512 49 687 917 271 515 519 475 499 63 688 922 545 585 501 487 498 
796 347 349 345 525 470 499 501 356 780 674 584 488 505 508 522 424 749 718 643 446 528 517 541 
867 233 466 509 542 527 532 498 624 477 488 557 483 533 495 491 753 382 423 552 535 500 524 561 
707 449 562 549 518 497 509 502 704 299 682 369 536 510 509 487 713 291 655 443 544 508 525 511 
48 857 263 488 533 527 539 497 173 852 504 570 517 498 496 516 92 751 387 424 522 478 479 532 
1 510 531 546 565 528 494 510 33 991 409 626 458 494 486 524 9 698 353 417 548 490 506 517 
48 699 354 413 525 529 488 518 97 958 350 659 491 531 542 500 90 715 338 440 534 503 519 523 
0 838 190 371 548 499 496 511 0 1023 463 473 499 475 497 531 0 755 269 312 524 514 528 528 
107 750 273 486 502 507 516 504 120 814 359 603 546 498 537 518 136 612 383 468 544 500 510 496 
134 562 423 538 534 503 492 562 72 711 443 509 538 474 493 456 119 640 392 481 516 470 450 485 
0 401 387 390 527 525 489 545 0 343 440 406 467 508 537 484 0 415 593 264 367 519 498 511 
0 451 624 483 526 499 519 503 0 330 674 496 544 512 530 506 0 548 530 567 536 502 506 527 
0 820 285 530 525 487 509 512 0 618 400 493 399 496 506 516 0 786 249 506 546 506 494 518 
0 809 528 481 530 527 512 506 0 642 439 580 520 501 499 505 0 737 363 717 526 551 520 512 
6 1015 859 354 513 474 560 522 0 1000 219 668 585 500 509 529 0 950 464 557 495 504 512 530 
7 1017 1015 668 489 521 531 526 0 1024 701 327 425 507 524 519 0 1024 892 216 600 553 492 507 
357 415 636 489 555 501 519 506 79 674 908 344 553 498 498 519 147 653 836 600 577 537 532 530 
833 262 498 520 514 517 488 532 659 423 404 532 508 525 534 495 743 384 442 522 529 477 509 508 
946 410 745 529 516 509 489 494 952 390 585 584 512 491 519 474 954 498 599 619 575 547 559 540 
153 544 549 587 509 548 503 543 354 748 549 461 514 484 497 521 282 724 336 485 508 507 511 502 
0 413 617 525 507 502 516 479 4 1016 261 472 550 502 529 524 0 504 544 648 523 513 485 533 
41 391 678 623 498 498 519 516 165 888 230 506 528 525 521 543 110 358 703 702 490 516 494 531 
22 502 584 609 564 499 501 528 209 805 374 552 512 515 508 509 81 716 475 532 524 512 488 517 
52 455 572 564 542 522 509 503 74 943 344 669 504 533 487 499 103 633 434 479 532 513 499 524 
13 663 377 497 538 533 500 528 15 1006 373 603 493 508 514 517 17 662 369 478 559 525 533 510 
113 668 655 623 510 540 513 503 78 866 459 398 611 468 524 578 101 591 671 548 483 493 511 486 
0 457 507 565 560 533 534 539 0 294 628 626 479 544 497 537 0 329 710 528 466 488 515 512 
0 625 516 406 484 538 531 508 0 458 582 497 530 528 512 493 0 565 507 562 514 498 503 505 
0 1021 798 310 431 505 499 530 0 980 295 663 525 549 501 517 0 1002 543 399 411 489 497 529 
0 1024 983 181 437 563 504 532 0 1024 444 580 551 528 503 523 0 1024 901 124 333 526 499 485 
36 988 988 343 632 510 516 477 0 1024 712 396 531 549 500 473 4 1020 978 270 462 550 508 480 
623 401 401 479 578 484 464 486 122 902 846 504 547 537 550 489 271 753 736 595 490 526 535 534 
721 57 364 570 526 520 494 515 344 427 672 453 623 528 496 487 557 357 318 414 471 526 506 514 
860 171 740 302 489 492 498 505 839 166 168 679 533 493 522 526 855 180 487 524 514 522 540 533 
346 403 659 605 529 525 501 515 437 764 438 582 507 514 525 501 415 804 366 468 532 510 510 530 
0 452 648 497 534 535 554 528 252 773 475 530 525 495 521 532 167 725 331 517 499 517 506 500 
0 168 868 498 544 490 500 489 78 943 193 432 581 510 509 520 26 530 577 602 504 529 508 490 
0 49 974 570 491 517 534 522 0 1009 25 249 549 478 505 484 0 142 885 760 488 517 526 507 
0 222 801 648 508 513 508 534 5 1014 251 638 503 538 522 536 1 734 307 422 504 511 518 533 
0 606 423 486 509 514 538 506 213 802 715 482 522 528 510 508 13 987 321 492 521 539 498 495 
39 478 561 554 524 489 516 489 49 963 528 508 520 501 546 518 49 871 263 383 569 508 492 514 
42 638 397 464 541 510 526 534 44 924 324 584 545 459 548 525 46 787 306 524 447 468 518 500 
0 1019 80 827 483 567 512 528 0 1008 16 411 517 540 530 510 0 1002 22 602 332 554 508 505 
0 1024 434 582 444 501 523 513 0 1024 12 880 548 575 492 449 0 1024 269 743 525 513 506 553 
0 1024 939 111 364 547 490 524 0 1024 599 445 592 540 475 524 0 1024 1001 188 547 422 519 494 
62 962 960 613 599 506 531 506 0 1024 972 476 363 530 524 539 160 864 862 503 527 506 511 486 
718 306 311 333 545 497 498 506 166 858 858 801 630 573 502 524 788 236 249 343 584 497 529 522 
1024 29 213 569 489 504 515 539 864 199 368 366 557 498 488 522 1018 125 258 504 522 511 511 542 
952 127 597 476 458 519 521 523 948 147 356 491 546 510 524 517 961 306 400 617 475 534 536 514 
488 487 557 470 539 528 504 496 555 565 505 514 512 493 501 506 580 619 640 508 498 515 515 519 
11 642 453 547 485 507 523 515 208 816 528 556 494 506 474 505 177 837 393 529 523 521 506 495 
0 213 841 676 475 507 511 502 120 899 213 515 550 502 514 496 98 732 324 440 476 506 521 487 
0 165 866 603 536 506 514 519 23 989 63 508 534 495 505 518 14 690 359 480 548 525 508 493 
0 122 902 729 508 496 539 502 0 1023 60 647 493 530 495 536 0 756 281 415 492 543 513 517 
0 580 507 563 533 504 532 506 166 858 579 529 480 505 535 520 95 914 344 485 520 534 511 524 
1 615 441 512 490 516 501 509 151 873 632 449 496 499 515 507 25 973 231 455 486 504 529 505 
39 597 472 556 507 491 528 533 190 838 554 477 528 501 543 532 146 881 238 411 541 528 505 502 
114 785 260 439 558 499 526 522 202 841 469 608 584 593 537 398 224 807 296 368 640 466 541 538 
0 1021 60 757 281 409 645 656 0 981 48 323 663 636 366 350 0 965 101 773 285 396 366 368 
0 1024 325 702 660 656 659 390 0 1024 114 861 694 363 359 656 0 1024 366 683 621 650 653 659 
0 1024 922 219 326 643 676 659 0 1024 833 244 344 626 346 363 1 1023 969 215 640 391 395 646 
340 684 684 703 570 699 669 384 162 862 862 836 648 377 661 377 793 231 250 288 369 680 372 355 
993 285 688 648 383 647 394 377 975 354 680 717 694 363 389 387 1023 694 388 412 392 698 381 703 
1024 695 428 398 350 623 357 651 1024 738 433 401 672 344 678 357 1024 871 498 675 714 390 373 650 
970 737 478 317 352 379 357 380 1023 732 456 449 681 389 675 650 1021 832 514 737 765 460 448 433 
35 977 132 625 375 621 649 376 257 795 756 641 654 673 353 365 210 843 788 628 685 375 367 652 
14 991 280 607 643 355 340 650 315 709 738 654 649 648 633 364 711 330 452 345 647 377 364 363 
16 946 287 689 672 358 350 375 717 344 382 368 675 386 368 343 776 278 331 376 650 374 644 634 
0 837 246 369 677 364 647 373 140 884 664 382 668 627 372 353 149 874 650 339 651 355 663 640 
0 240 788 750 667 639 362 380 2 1022 228 777 651 666 359 381 4 1003 71 250 672 643 669 663 
2 821 250 360 641 357 369 349 789 236 303 395 647 351 372 372 244 773 635 645 361 402 646 653 
0 883 299 645 395 367 362 365 716 308 355 367 398 651 353 334 323 693 562 650 387 687 663 635 
11 944 263 646 390 678 356 653 258 768 701 701 652 368 363 370 245 781 581 681 379 369 646 368 
50 916 361 643 662 358 658 608 828 225 257 292 718 291 395 672 795 269 224 394 310 709 343 695 
