302 332 424 334 540 501 515 505 290 301 338 353 473 493 507 504 282 253 298 349 424 476 515 487 
120 150 521 521 475 486 505 491 115 120 146 658 551 532 501 498 96 60 139 262 542 471 492 458 
68 39 212 305 440 519 498 506 68 36 130 348 460 535 505 509 30 114 108 169 413 507 456 491 
213 211 339 451 465 518 509 488 206 220 228 406 486 516 518 493 147 272 202 317 443 527 502 532 
48 401 537 484 497 506 498 515 49 569 347 352 502 533 545 550 30 838 559 413 437 510 524 501 
362 642 586 557 483 536 540 513 326 587 586 459 529 527 513 492 322 645 461 576 597 520 495 523 
759 377 490 531 533 526 526 527 563 537 514 500 484 505 518 502 278 572 520 509 531 510 542 522 
724 359 537 539 490 495 516 502 520 494 550 485 522 513 524 514 288 515 536 498 531 511 508 517 
830 294 532 525 513 486 509 538 696 393 534 460 503 513 498 520 439 452 463 518 517 521 513 518 
291 995 354 524 460 519 512 487 289 985 415 648 628 526 537 485 624 497 555 527 581 480 524 501 
0 1019 32 622 490 523 532 513 1 1023 497 546 572 536 485 515 430 594 594 623 628 488 539 525 
0 1024 77 843 443 527 506 522 0 1024 830 225 330 451 502 494 316 708 708 706 612 526 496 504 
0 1024 97 687 512 484 499 533 1 1023 784 296 373 518 502 497 491 533 533 559 536 505 518 493 
0 1024 90 669 496 514 509 499 6 1018 618 441 505 538 520 516 430 594 594 624 493 506 492 512 
0 1022 97 372 485 549 549 519 0 1024 388 703 483 485 501 527 304 720 720 682 550 495 519 489 
0 823 243 341 491 510 494 540 0 1024 179 718 403 479 512 516 276 748 744 645 551 508 504 509 
456 700 412 406 432 526 487 523 466 557 597 658 434 489 486 542 490 534 671 536 584 522 503 515 
1022 862 196 481 446 551 497 529 1022 572 451 653 548 469 508 517 1019 21 841 467 457 518 510 521 
1024 956 763 748 189 443 576 540 1024 836 794 284 268 263 343 592 1024 18 977 709 763 635 423 451 
411 644 693 636 482 479 529 483 396 718 552 470 495 473 523 527 369 394 654 614 578 509 520 521 
966 834 272 543 528 527 516 516 978 702 298 560 531 499 465 521 939 72 703 462 527 514 533 533 
943 872 205 598 460 595 539 497 937 676 325 658 455 521 472 515 925 57 847 519 364 496 496 517 
23 296 705 417 521 500 522 502 19 359 686 530 513 479 493 531 17 211 684 439 469 493 508 511 
1 212 760 509 532 497 483 517 0 416 618 472 483 508 524 511 0 155 808 545 502 482 501 543 
322 396 511 575 580 535 534 542 301 433 256 475 596 514 494 514 296 281 356 407 596 527 513 539 
276 279 378 403 525 528 517 480 250 284 236 424 526 500 532 490 214 226 306 348 417 469 490 485 
197 107 190 529 506 502 501 531 195 91 125 486 499 473 504 497 155 66 118 270 475 478 504 501 
2 95 227 437 475 504 479 514 2 75 157 339 507 512 468 520 4 69 105 236 421 482 447 478 
0 429 202 299 446 511 534 497 0 492 88 299 517 533 517 526 0 524 379 300 417 465 514 495 
88 598 586 441 535 532 509 501 83 589 538 403 495 520 477 523 80 819 329 582 563 531 507 518 
830 538 539 509 525 543 507 547 695 538 468 567 502 505 522 520 557 404 561 521 502 474 529 488 
835 254 440 532 502 518 516 514 620 421 449 488 519 530 510 499 306 549 482 514 512 516 494 520 
637 430 475 522 507 506 523 522 449 595 574 486 534 512 546 507 205 690 558 512 524 504 472 516 
410 856 424 441 513 497 493 536 443 836 340 635 572 535 520 532 625 439 597 512 546 517 501 513 
0 990 112 391 474 538 521 515 6 1018 394 677 741 550 478 468 672 352 352 407 613 490 513 506 
0 1024 97 340 578 503 533 530 4 1020 695 409 470 457 482 526 844 180 180 217 555 527 530 519 
0 1014 113 512 541 520 504 504 5 1019 690 392 488 495 492 532 593 431 431 481 584 544 526 503 
0 1024 66 696 492 517 505 502 0 1024 802 233 314 469 523 505 458 566 566 591 594 538 504 506 
0 958 101 549 438 509 510 523 0 1024 289 748 644 495 510 499 395 629 629 621 592 511 532 503 
0 752 310 433 557 525 502 513 0 1024 160 839 370 521 513 494 307 717 717 671 487 512 531 498 
128 697 371 453 491 498 515 514 132 892 253 519 572 551 535 527 174 850 881 704 517 508 522 507 
1019 878 227 354 315 514 521 514 1021 387 635 747 437 520 515 558 1018 6 739 488 451 518 522 524 
1024 771 564 519 453 527 504 470 1024 660 610 464 413 424 474 504 1024 23 958 468 551 559 487 499 
1007 919 846 808 309 530 487 568 1002 899 659 269 307 308 416 582 976 111 846 765 807 652 402 496 
643 372 448 461 526 497 525 516 680 364 464 492 486 529 490 489 431 461 477 470 485 516 554 521 
593 383 613 617 492 474 517 490 621 433 633 502 486 505 494 518 498 353 417 572 563 496 533 519 
723 591 551 497 496 503 526 507 744 579 377 397 529 489 503 512 575 431 583 423 591 500 523 479 
335 502 489 548 511 528 522 477 296 477 491 488 530 544 526 516 290 381 619 490 534 513 506 509 
993 994 881 536 439 504 530 592 989 934 104 659 573 506 507 513 981 95 898 670 588 481 528 464 
518 778 571 529 556 522 536 515 498 898 360 366 505 529 526 518 487 793 609 440 431 504 506 488 
793 631 705 599 431 445 516 534 782 636 489 388 403 501 530 509 725 473 427 402 478 467 500 522 
187 520 398 435 566 505 514 513 179 665 231 443 547 488 523 523 196 548 579 430 558 488 543 520 
18 644 471 467 481 502 496 480 11 988 144 256 584 487 487 512 29 981 864 407 509 549 498 494 
14 426 593 458 412 437 482 526 12 599 417 442 475 543 512 512 13 1010 249 695 535 576 515 529 
745 297 621 533 492 518 511 533 697 184 702 382 567 512 518 515 581 302 312 532 518 510 535 512 
606 508 501 529 497 501 531 516 559 435 579 497 516 463 517 495 401 416 497 553 510 519 543 518 
375 633 461 459 500 488 499 526 369 635 533 501 509 535 512 526 422 515 467 454 542 522 512 521 
237 594 461 520 519 495 511 512 340 648 367 646 461 510 519 535 530 459 477 488 473 509 526 491 
0 837 241 375 495 504 533 503 1 1023 251 814 738 482 537 491 705 319 319 361 575 568 495 510 
0 1020 58 537 424 532 497 515 0 1024 425 642 677 518 532 538 487 537 537 543 637 526 508 529 
0 1016 93 500 488 480 500 471 11 1013 762 317 375 438 486 522 715 309 312 385 540 545 518 533 
0 1020 80 301 690 548 497 507 0 1024 747 307 459 524 538 535 666 358 355 587 517 507 500 509 
0 1024 75 354 560 540 489 512 0 1024 364 699 708 437 543 517 350 674 674 700 616 472 501 542 
0 865 199 294 409 478 511 514 0 1024 102 859 508 501 524 523 340 684 684 630 548 493 512 499 
0 388 639 685 594 502 520 508 0 1024 58 515 530 491 511 532 246 778 776 698 558 477 534 494 
813 779 278 350 319 617 608 473 820 310 770 782 517 447 488 512 825 199 820 365 339 350 552 472 
1018 682 419 490 544 482 507 521 1018 578 452 583 566 558 518 518 1016 40 890 434 453 528 552 474 
1024 1003 919 865 145 239 593 654 1024 958 574 462 461 454 521 568 1024 23 992 890 921 639 428 487 
575 410 546 525 449 532 478 500 505 488 430 556 514 527 513 532 277 481 514 572 534 523 490 503 
359 219 482 481 531 479 514 515 326 360 594 535 505 524 485 515 131 404 517 517 516 506 522 501 
162 368 577 517 528 523 502 502 149 524 571 523 504 500 512 495 51 465 597 518 490 502 510 519 
168 458 602 543 492 504 494 493 176 545 623 511 522 511 507 514 98 483 545 511 476 504 512 532 
920 878 682 521 438 502 523 520 899 721 600 359 420 548 477 479 852 409 458 351 563 480 468 505 
794 607 566 544 487 530 526 492 664 654 570 439 457 524 526 509 735 426 459 448 486 531 511 517 
742 435 515 511 519 515 532 535 710 424 504 524 504 521 529 503 510 278 558 484 500 522 511 508 
609 376 550 496 506 492 504 515 457 553 438 493 472 496 536 498 530 468 437 536 518 490 538 526 
3 436 464 456 422 555 525 501 4 724 185 205 436 530 553 517 5 844 284 679 546 497 533 530 
5 186 499 477 469 497 483 515 8 464 224 251 450 487 488 494 7 630 271 498 486 509 495 506 
142 226 628 558 571 501 509 495 225 284 683 408 510 501 523 532 192 778 305 515 511 528 494 525 
241 33 403 647 513 520 500 502 242 96 506 692 683 488 513 516 249 491 512 584 535 509 526 522 
674 722 628 487 479 509 505 493 682 716 331 439 493 507 498 525 784 257 571 421 505 524 515 522 
780 619 603 411 498 512 513 496 825 551 272 456 525 478 521 506 878 167 528 473 438 550 524 515 
95 864 230 431 528 522 504 498 101 923 345 762 606 525 494 477 489 541 603 551 462 498 509 487 
0 1018 89 491 502 535 509 533 0 1024 384 692 685 604 514 509 542 482 482 473 560 509 510 502 
7 934 178 568 496 515 507 516 17 927 563 497 550 516 549 519 484 468 478 549 518 527 512 511 
295 288 457 484 509 524 500 527 304 282 465 486 530 531 486 517 340 265 462 549 503 500 497 517 
0 1024 102 650 451 499 502 513 0 1024 390 694 672 537 531 531 176 848 848 830 610 501 488 512 
0 832 223 341 507 488 534 498 2 1022 140 878 668 429 505 519 539 485 485 508 597 528 495 527 
0 599 447 526 516 516 503 532 0 1024 130 642 513 508 488 524 332 692 691 620 501 480 517 509 
501 561 481 504 400 532 512 492 507 518 615 668 419 573 485 503 659 365 658 496 474 484 537 515 
1024 757 285 492 569 551 535 526 1024 613 415 519 549 486 510 491 1023 40 875 422 432 478 499 499 
1017 783 747 372 535 439 533 518 1017 621 462 849 743 532 486 525 1013 14 974 577 527 463 558 530 
695 687 540 482 552 502 503 517 581 787 344 646 485 534 530 500 420 216 724 681 490 510 497 539 
130 316 433 525 507 504 520 514 101 438 612 508 494 539 522 505 0 312 458 601 505 497 529 527 
0 198 404 588 513 521 483 494 0 272 594 537 499 534 500 526 0 104 328 543 531 502 522 483 
0 359 573 492 497 511 502 529 0 391 621 499 525 537 489 537 0 147 528 518 505 512 508 507 
717 380 599 519 543 523 501 519 591 386 619 442 458 486 505 491 441 441 466 444 547 536 517 521 
519 547 474 528 531 525 502 507 385 628 525 536 525 533 503 515 272 377 501 507 525 493 506 516 
504 533 499 522 522 521 507 507 366 539 509 526 533 530 516 490 301 471 485 501 510 545 507 523 
541 462 509 531 524 496 498 538 423 532 518 510 531 478 504 537 109 478 461 475 500 500 501 524 
173 295 253 468 504 479 513 505 152 306 213 427 542 501 479 519 108 322 275 352 537 508 490 504 
10 294 373 410 475 497 469 497 83 491 270 421 517 513 503 537 150 552 534 415 485 487 506 470 
177 361 404 440 502 506 500 513 256 371 417 456 514 495 498 497 179 327 452 403 525 495 509 508 
780 277 437 549 533 513 471 508 774 214 319 603 606 526 522 504 774 110 329 618 532 506 484 524 
991 906 654 339 527 561 492 513 971 708 275 295 628 523 517 524 954 70 788 269 542 514 526 517 
921 834 684 424 477 518 488 524 925 723 225 381 548 470 484 508 910 118 763 355 558 474 519 512 
197 772 169 387 475 533 518 536 220 804 260 757 738 555 512 520 744 280 369 433 552 535 504 536 
0 999 98 257 464 538 520 521 0 1024 326 752 686 492 512 514 617 407 407 492 538 521 510 520 
546 945 267 495 538 518 520 499 533 810 350 594 582 525 490 517 753 316 599 516 485 479 499 502 
311 812 647 553 510 525 510 508 303 801 617 578 505 520 474 525 475 588 577 564 512 524 485 528 
528 995 543 481 556 595 573 540 525 982 406 601 555 488 487 528 796 452 509 420 505 515 500 520 
165 831 348 380 502 508 503 529 164 1005 120 776 507 472 531 514 473 580 669 633 489 489 484 532 
2 431 604 633 528 525 486 531 4 1020 74 516 531 530 474 514 393 631 632 548 477 510 547 538 
189 294 755 562 583 480 506 531 201 823 272 341 611 472 540 519 566 458 546 516 509 477 511 500 
1024 440 566 476 498 536 475 524 1024 275 721 547 251 644 536 522 1024 1 842 303 334 382 552 504 
983 482 425 454 477 521 506 501 986 401 476 542 551 516 489 500 991 72 705 477 417 520 508 488 
888 623 244 638 548 502 519 516 820 619 358 476 510 494 551 510 712 276 746 511 514 505 497 525 
125 249 378 554 509 494 515 507 122 203 384 499 519 526 536 494 114 70 471 476 496 523 517 510 
0 0 283 473 540 506 501 495 0 0 232 513 503 493 523 501 0 0 36 363 503 500 505 473 
0 4 229 455 535 515 511 526 0 6 207 433 573 511 511 508 0 0 77 259 516 474 510 505 
275 313 464 511 527 483 528 501 258 235 469 469 520 521 483 495 223 254 476 506 536 501 501 514 
542 493 484 508 506 502 493 497 431 550 475 537 495 528 511 511 245 470 522 507 508 500 532 499 
590 446 503 496 517 518 529 554 414 515 527 536 543 523 515 489 443 412 469 506 517 516 517 517 
318 628 519 524 533 519 525 511 159 638 482 518 508 529 485 480 130 478 497 489 497 489 498 501 
487 821 497 527 505 491 477 536 467 710 407 669 481 539 497 527 462 473 682 609 474 520 491 516 
586 727 678 607 530 520 504 510 586 800 437 559 534 498 541 521 651 464 641 573 514 504 527 536 
326 750 478 408 526 503 524 503 385 906 260 720 460 510 498 491 402 489 652 590 483 508 496 514 
477 552 379 510 540 513 512 515 425 636 290 658 494 494 524 506 551 426 468 505 515 496 502 504 
1002 547 547 505 522 528 526 520 940 444 258 515 546 526 539 525 907 86 465 544 519 495 512 518 
935 556 721 479 508 559 493 511 884 483 327 451 511 513 533 507 806 186 540 498 563 528 510 509 
201 911 238 421 531 535 526 531 204 886 472 619 563 502 493 491 532 507 588 607 572 519 501 539 
0 1022 116 413 562 491 527 495 12 1012 599 512 541 466 528 510 647 377 380 541 496 503 519 515 
897 877 191 579 479 507 501 532 894 309 778 588 556 509 504 505 957 87 531 453 435 504 513 519 
991 886 272 480 480 516 497 518 974 333 702 630 514 487 530 493 978 47 587 516 451 486 505 499 
998 974 610 566 542 506 509 518 992 853 311 409 507 503 529 528 981 233 761 395 566 461 499 524 
756 906 421 492 506 521 520 506 751 867 239 370 525 465 521 508 757 308 847 412 524 536 520 502 
0 652 392 493 501 509 518 521 0 1020 73 372 650 596 521 526 90 934 901 694 591 507 493 522 
121 483 597 660 501 498 527 522 189 831 238 309 572 508 472 529 396 628 635 499 545 507 545 542 
616 443 493 521 486 510 493 527 717 301 390 539 492 495 536 518 753 253 301 541 495 481 478 518 
768 389 528 508 504 501 490 488 703 367 500 489 505 530 512 510 610 335 485 549 512 533 522 499 
567 729 503 433 492 519 535 512 558 582 581 639 516 507 512 515 678 357 513 512 507 502 551 511 
188 802 514 538 503 538 500 486 281 722 544 558 452 509 515 504 427 572 487 475 494 522 509 496 
17 62 105 142 474 556 551 449 30 49 93 159 495 570 558 456 42 39 66 102 413 591 575 430 
0 0 52 274 400 677 528 501 0 0 19 276 416 636 571 515 0 0 0 156 352 666 585 533 
104 221 843 669 514 512 488 486 103 715 335 273 532 540 517 526 111 917 717 504 478 483 530 509 
788 768 745 585 481 501 486 514 754 792 301 658 617 540 516 537 723 266 806 679 563 474 530 519 
252 703 473 538 523 469 538 483 175 599 571 522 480 499 531 498 57 255 374 459 461 495 507 487 
348 584 521 531 506 510 511 530 189 629 502 534 489 525 506 536 90 466 463 453 508 516 488 504 
336 669 469 526 502 506 534 545 169 719 494 539 491 488 522 554 114 572 519 511 530 465 487 520 
702 498 549 499 492 499 521 506 634 379 584 547 542 511 508 493 596 281 335 464 527 508 494 513 
208 760 323 376 540 532 512 496 205 877 188 826 432 593 478 510 549 488 519 495 507 519 485 486 
670 536 512 495 522 514 528 550 343 610 479 544 541 537 518 515 230 521 530 507 515 559 491 515 
816 395 476 576 502 526 528 529 347 583 480 532 555 537 494 516 128 557 525 532 500 516 527 514 
545 552 494 505 500 529 508 503 363 643 458 532 534 519 521 517 361 551 506 556 509 522 520 507 
249 812 258 489 501 514 507 522 235 769 395 593 533 553 521 508 313 629 686 651 563 522 484 529 
261 785 342 500 503 499 506 546 275 757 677 433 555 540 497 513 544 480 537 680 521 496 490 505 
487 692 674 617 558 499 510 527 418 628 803 619 590 524 557 508 528 471 534 545 508 521 528 514 
924 727 302 396 535 485 537 502 885 169 870 605 505 504 529 505 880 116 394 579 472 524 504 517 
975 787 231 607 511 507 533 493 970 291 700 610 495 499 506 509 939 71 583 466 507 521 522 510 
490 775 540 529 569 498 498 486 485 860 261 579 530 553 503 525 588 454 763 530 521 528 496 511 
0 393 664 687 555 534 512 519 0 1024 74 297 700 454 493 511 122 902 895 601 592 535 487 512 
0 261 808 507 579 524 501 517 0 1015 81 129 565 527 484 519 255 769 768 510 578 496 510 486 
321 500 597 540 507 507 531 510 258 638 444 422 474 515 508 505 190 651 617 486 497 491 517 504 
532 494 501 493 507 505 514 509 305 576 486 495 504 540 505 501 137 620 533 501 512 526 537 516 
69 953 738 388 504 515 534 514 36 945 824 461 524 534 510 495 184 771 765 653 488 533 564 504 
487 815 515 570 577 544 500 526 512 773 386 609 411 459 509 528 706 295 579 597 451 503 514 501 
160 285 414 366 488 503 492 483 339 158 183 186 501 474 502 496 309 162 241 212 458 482 501 503 
44 333 281 208 291 643 555 458 103 280 273 242 343 677 571 484 123 263 257 241 332 619 555 475 
0 244 802 852 489 492 478 485 0 1024 109 120 699 575 464 559 31 993 989 573 553 486 523 515 
348 461 663 670 480 546 497 560 324 746 290 356 553 517 503 535 333 627 774 532 571 485 492 507 
838 767 430 601 397 489 516 533 790 684 344 507 472 544 537 513 710 226 678 445 483 464 510 526 
610 429 452 527 499 528 528 515 410 498 536 533 506 505 546 502 303 440 484 491 496 504 500 508 
722 433 499 495 502 517 508 505 620 376 579 455 514 535 523 517 405 439 405 526 483 497 506 523 
920 243 731 491 489 523 517 490 905 99 515 495 651 588 510 526 847 132 136 279 459 504 504 495 
355 649 377 495 551 518 527 510 242 822 284 701 592 496 503 485 370 672 633 531 467 498 522 527 
721 347 531 500 503 519 522 522 462 489 607 476 496 499 517 525 343 530 413 483 507 513 510 517 
1009 324 576 590 522 520 519 515 902 278 526 450 468 503 497 499 623 413 419 408 502 525 507 481 
886 214 659 522 541 537 505 535 863 116 481 476 558 506 498 536 572 389 379 452 509 489 505 496 
559 349 481 496 568 535 553 504 497 404 460 530 476 488 477 522 301 585 566 446 576 505 522 489 
638 396 618 506 516 497 525 523 733 346 526 506 486 488 518 540 608 434 467 526 510 482 508 514 
544 574 611 571 521 524 539 500 400 681 594 606 514 501 505 524 303 697 597 493 549 492 516 520 
456 565 594 570 491 527 509 514 383 633 533 579 499 525 521 535 334 682 595 482 526 520 493 521 
815 367 431 490 516 509 517 517 727 371 401 527 554 507 467 503 422 602 651 509 513 505 525 523 
60 946 214 304 553 496 515 515 60 982 218 684 483 482 509 476 102 924 942 658 433 511 528 518 
0 527 560 559 526 500 482 533 0 1024 81 326 615 596 509 525 106 918 914 602 553 508 530 540 
241 467 555 592 501 525 571 525 151 871 232 267 553 476 557 512 146 835 781 481 496 501 518 553 
629 483 499 502 506 531 520 530 482 449 614 489 500 504 514 521 325 541 428 516 522 487 507 552 
774 453 431 537 504 536 523 506 433 554 570 467 533 510 509 529 315 468 479 517 495 505 487 540 
508 499 496 552 511 536 538 506 290 614 551 498 510 511 524 483 197 655 459 498 514 488 524 515 
953 717 296 667 602 493 528 513 852 734 254 519 536 468 481 524 730 268 775 514 510 508 503 508 
509 569 285 515 569 536 514 519 498 570 228 365 604 545 487 528 477 243 598 446 544 482 524 500 
92 391 329 302 405 482 473 494 2 483 378 345 428 510 502 519 10 370 393 347 424 496 502 536 
562 650 603 555 533 496 498 520 530 762 347 477 566 452 513 546 477 521 682 561 525 499 461 507 
702 797 644 543 520 535 520 509 698 725 415 668 574 508 537 509 699 366 690 659 496 494 539 522 
909 871 498 553 536 488 512 502 905 538 529 728 604 588 530 510 897 134 597 669 555 509 527 536 
740 471 580 491 459 498 525 492 716 177 816 558 502 535 498 518 691 272 141 679 531 524 535 518 
419 186 807 413 453 539 512 508 414 153 849 599 480 513 546 495 397 626 315 569 508 541 514 490 
109 292 730 676 460 537 488 506 84 681 369 434 570 538 536 531 68 956 604 461 501 502 507 516 
973 263 418 405 540 502 548 509 724 452 398 489 519 513 507 511 342 717 714 712 530 538 498 500 
726 407 399 495 551 512 520 512 238 799 629 619 462 498 508 541 212 690 303 591 482 553 530 494 
1014 25 359 578 419 522 545 538 581 443 709 582 495 543 489 500 383 641 443 545 534 510 513 495 
637 584 376 391 599 528 544 500 537 450 667 609 573 492 529 517 378 604 576 728 514 494 495 510 
437 572 586 664 623 491 528 513 314 694 701 601 570 529 508 516 43 964 952 744 462 548 480 518 
778 436 570 497 512 505 544 517 695 368 687 497 465 514 523 489 467 493 532 436 517 528 501 532 
677 518 689 617 513 518 509 484 600 536 646 409 536 522 493 523 431 597 633 340 535 497 488 496 
635 490 680 565 477 514 519 530 536 577 577 559 452 519 511 496 455 581 514 496 573 534 520 548 
609 415 348 394 452 486 510 509 465 559 462 501 403 546 529 527 491 533 509 279 461 477 494 532 
293 552 326 347 464 514 521 507 326 536 232 386 514 556 516 536 371 489 468 466 459 500 469 521 
446 439 435 538 551 525 521 512 357 477 334 503 510 489 518 506 258 524 483 534 484 513 517 509 
796 471 476 469 504 528 501 499 604 443 558 491 518 508 529 487 417 513 448 467 504 527 494 514 
730 374 534 529 535 519 522 507 530 407 534 468 489 497 494 530 372 496 422 494 506 503 533 536 
501 428 475 560 537 495 525 524 342 468 523 500 510 528 501 509 287 492 466 528 470 531 525 528 
647 437 499 508 511 516 499 515 503 507 535 495 506 506 497 502 397 502 500 472 510 518 541 480 
723 714 409 579 489 520 509 481 622 767 329 409 542 513 517 488 533 357 685 407 530 532 480 516 
843 873 370 653 636 590 557 507 834 849 77 511 467 462 508 498 826 70 866 570 470 504 475 501 
2 2 18 61 237 425 501 478 1 1 5 41 263 507 483 497 0 2 5 28 240 515 473 492 
199 654 496 550 477 495 503 540 113 824 362 420 513 487 548 508 122 775 506 472 517 491 508 504 
130 564 583 592 538 544 494 516 66 814 352 371 421 517 510 520 11 699 488 481 481 507 486 504 
420 546 528 509 505 517 515 499 170 688 560 527 523 513 527 508 106 513 482 520 495 500 492 526 
367 227 580 439 547 523 518 532 208 407 670 664 424 543 486 510 160 695 426 482 468 517 508 515 
0 32 918 289 535 486 499 520 0 127 897 854 284 568 502 502 0 1024 192 595 509 529 502 529 
70 99 863 577 520 513 515 487 63 202 755 743 379 559 533 521 32 902 111 554 579 486 527 502 
941 311 290 543 492 516 531 545 749 457 406 445 496 507 491 507 321 777 769 606 561 495 516 498 
706 551 439 503 509 476 475 530 455 750 628 604 395 482 499 512 285 739 788 417 595 525 510 514 
931 228 456 420 479 496 522 478 703 347 641 635 590 484 523 509 509 515 544 566 470 510 508 546 
692 461 468 501 557 509 505 520 624 425 638 654 512 509 522 513 460 554 578 629 504 503 519 520 
931 303 291 359 523 526 509 508 710 321 644 600 535 484 509 491 415 611 581 708 504 546 501 509 
507 692 542 584 466 484 503 513 424 678 529 479 536 486 523 505 239 691 458 525 542 520 526 510 
311 524 519 596 516 528 491 495 260 530 474 549 540 491 504 531 171 475 524 529 499 502 502 529 
211 916 674 342 401 488 527 518 202 890 613 344 448 521 509 540 190 773 805 438 551 542 505 479 
29 750 525 537 494 494 527 514 3 782 561 533 514 500 553 537 37 902 540 577 516 502 523 519 
78 719 478 580 542 521 518 496 77 727 431 579 528 491 504 492 110 726 506 524 487 523 509 520 
377 174 280 545 517 502 515 513 309 200 201 454 496 528 497 505 275 204 183 367 579 459 487 531 
450 451 542 527 530 517 515 487 301 424 457 557 548 518 510 518 174 419 437 532 492 513 481 498 
810 372 564 516 530 489 530 524 633 352 520 523 530 499 504 527 386 523 445 530 509 528 541 508 
394 487 525 505 513 498 510 503 237 586 515 516 483 531 505 526 167 614 463 506 514 479 488 514 
321 650 353 457 468 521 508 508 357 603 332 564 514 553 508 515 363 594 648 413 523 522 551 503 
585 495 612 432 468 542 539 526 558 468 477 516 438 542 527 537 491 313 546 524 453 516 521 513 
1024 1023 998 25 275 536 561 524 1024 1021 3 1014 116 602 499 445 1024 0 1022 1018 76 685 539 621 
250 253 310 338 405 551 519 499 241 229 35 420 409 546 507 524 238 34 234 340 509 509 515 525 
197 625 503 545 496 512 505 521 210 547 524 472 515 554 501 517 98 420 443 499 484 463 520 477 
323 667 533 508 513 513 524 512 144 748 555 491 529 520 527 486 62 538 582 541 517 523 508 504 
686 356 432 537 509 483 527 517 442 528 501 485 529 515 476 545 303 560 457 521 494 525 505 537 
698 313 411 550 509 531 515 546 618 300 525 470 546 553 517 506 362 422 422 509 514 499 502 524 
9 28 965 185 521 511 522 513 10 104 913 641 473 488 506 524 10 1002 131 367 600 536 494 513 
0 66 902 405 518 527 490 529 0 204 775 819 541 543 497 503 0 947 357 558 523 492 523 534 
358 322 661 510 542 507 513 532 341 186 744 712 496 465 504 494 327 423 299 635 476 495 468 520 
610 517 599 524 502 512 498 519 380 679 808 713 483 500 510 496 300 660 744 354 593 526 511 533 
641 481 568 562 515 533 529 522 511 522 608 615 498 518 511 506 372 671 657 376 516 484 496 510 
714 213 629 589 480 543 495 508 769 253 570 478 538 518 512 506 671 352 367 517 497 519 513 522 
720 489 682 611 492 520 504 502 654 446 763 631 445 515 515 517 561 474 535 565 481 467 499 477 
583 889 617 565 489 531 499 496 534 868 590 335 496 490 529 524 486 573 572 464 536 530 509 512 
717 773 504 598 476 493 517 533 690 777 298 469 578 516 500 505 627 423 688 496 473 479 537 513 
32 903 181 702 622 560 505 508 32 918 339 554 512 505 513 496 31 946 778 250 551 496 516 503 
27 364 784 598 491 516 522 534 39 399 744 689 434 527 515 490 90 885 254 418 559 527 520 518 
494 523 389 383 336 559 467 510 564 453 432 294 432 524 505 547 853 171 160 379 590 588 515 516 
523 498 290 302 384 571 557 507 610 414 309 285 630 422 509 482 795 229 229 299 683 533 528 530 
123 222 220 622 482 514 503 501 146 197 187 501 485 511 542 506 202 126 146 376 516 487 553 513 
679 306 479 620 482 499 517 515 633 243 515 570 492 498 530 508 505 319 418 470 512 513 518 502 
482 309 558 540 529 519 486 521 471 303 520 703 423 548 499 507 349 671 401 559 473 496 506 499 
877 144 295 781 602 493 525 508 878 149 191 670 404 501 480 510 506 518 536 544 568 577 493 466 
994 191 590 607 540 503 509 528 983 83 674 599 553 504 501 504 880 144 408 543 501 494 478 480 
1021 871 889 185 811 312 619 497 1020 786 239 963 726 225 525 502 1019 5 827 950 769 319 366 539 
686 759 772 171 691 428 607 628 677 725 105 750 689 381 635 408 672 93 732 762 668 372 403 617 
624 842 653 373 555 496 516 517 635 730 349 685 541 453 506 515 562 321 721 568 402 513 522 504 
676 785 727 642 361 427 552 481 661 659 358 725 650 445 480 526 621 251 710 679 462 527 497 501 
797 592 503 523 477 532 503 493 703 564 445 559 566 550 503 505 610 308 612 541 535 514 536 527 
502 346 624 469 559 512 503 523 452 310 713 535 540 511 549 493 421 500 315 483 536 532 499 513 
118 166 745 639 473 519 477 510 116 268 665 696 532 479 545 512 102 898 178 623 467 492 484 510 
14 261 756 724 656 489 501 531 15 672 380 415 410 510 527 542 21 973 559 498 416 457 522 488 
3 69 155 766 461 485 528 508 3 81 154 763 427 468 500 556 6 129 136 766 403 431 531 514 
366 280 490 602 523 515 499 535 380 314 437 557 505 476 499 503 465 294 500 491 523 544 511 499 
415 412 675 583 489 536 519 510 414 294 754 726 567 550 514 494 416 627 356 659 594 522 505 494 
969 506 570 457 572 502 537 518 951 186 761 576 545 523 524 518 893 162 457 455 455 489 511 514 
606 549 580 667 526 469 507 528 595 445 637 549 555 487 507 521 582 512 409 548 463 504 481 547 
669 543 447 613 492 508 510 524 645 468 484 476 542 490 505 512 602 358 529 513 503 543 511 494 
274 304 448 592 535 512 513 518 232 336 490 462 489 515 552 520 123 636 559 504 486 481 530 512 
0 606 643 349 404 532 486 474 0 648 716 330 526 482 510 513 0 1017 611 373 495 468 524 482 
0 64 957 498 461 484 485 517 0 162 862 626 478 499 519 519 0 1022 40 395 577 474 529 511 
0 654 428 552 449 500 503 493 0 838 446 473 575 532 479 493 148 876 594 526 494 490 517 494 
0 238 804 656 430 528 529 538 1 414 664 695 527 530 496 537 29 995 277 677 420 516 515 466 
608 164 538 533 515 472 503 516 561 211 479 372 523 565 485 508 405 502 353 444 562 514 503 521 
112 144 822 401 530 506 498 520 111 198 849 454 612 487 494 489 114 880 199 367 571 520 508 499 
170 154 642 461 588 503 480 515 164 174 831 374 567 468 511 518 128 891 155 516 442 499 535 531 
875 84 102 841 520 482 426 546 878 88 101 135 867 530 548 540 39 971 886 905 612 590 533 520 
1024 559 363 372 622 512 498 515 1024 322 467 661 509 539 526 503 981 69 595 317 533 528 495 513 
1018 768 566 306 579 555 508 531 1011 494 490 798 542 509 532 509 994 34 645 749 681 476 514 509 
1014 1014 1011 69 922 596 587 714 1012 1012 17 1003 960 220 685 341 1008 24 1002 1007 887 180 421 670 
393 319 618 475 477 497 514 519 397 275 561 566 536 523 489 496 364 397 293 447 565 488 515 486 
318 171 619 481 487 539 529 526 313 203 559 538 605 486 504 487 306 664 140 300 526 535 531 490 
376 219 652 437 537 550 502 511 371 63 801 706 505 493 525 489 362 611 198 339 424 584 506 525 
582 276 741 665 558 516 519 537 580 170 852 570 513 509 499 484 579 423 138 712 501 496 513 511 
0 430 594 639 569 545 516 491 0 783 266 351 385 485 511 540 0 1024 317 682 562 481 507 507 
415 279 391 619 522 486 521 536 431 485 197 476 511 482 504 500 435 525 451 572 447 508 494 514 
27 377 356 576 518 498 508 504 53 365 378 613 515 527 490 503 179 293 402 536 528 505 482 526 
164 588 590 519 505 476 524 520 191 617 566 520 521 512 529 513 520 426 426 503 513 501 517 533 
101 348 750 709 398 470 552 485 77 454 681 743 482 583 518 506 70 953 384 671 625 505 504 522 
559 420 630 545 515 488 512 533 563 309 634 540 514 500 507 516 653 345 289 575 508 492 536 501 
418 284 675 467 530 512 510 517 402 204 722 627 491 523 480 486 396 520 268 633 521 497 487 511 
314 204 585 460 555 515 527 492 310 176 504 552 532 514 525 513 314 301 342 497 531 509 513 508 
0 274 375 444 572 526 526 543 0 276 426 436 488 533 488 511 0 376 368 500 503 513 521 495 
0 254 687 284 376 478 534 491 0 267 727 264 577 543 520 519 2 723 365 458 434 469 536 520 
0 31 981 266 558 495 529 523 0 98 918 315 610 496 494 498 0 962 58 129 508 523 518 523 
0 248 640 518 519 550 494 505 0 399 514 579 493 517 536 515 9 838 272 542 504 508 522 510 
26 110 826 475 482 515 505 478 28 169 770 613 436 553 540 514 27 845 161 436 486 540 494 479 
498 42 830 267 466 514 500 502 496 47 597 425 515 492 493 507 444 519 139 266 436 540 498 492 
0 31 736 349 399 509 496 520 0 40 997 136 477 550 510 518 0 815 230 214 467 532 511 502 
69 199 597 425 478 470 524 499 12 284 850 242 469 560 502 478 10 878 292 390 411 509 506 449 
537 144 233 688 565 465 471 494 523 174 395 221 692 504 510 520 45 921 598 682 551 564 540 543 
1024 381 393 489 649 504 521 493 1024 25 622 887 558 454 498 516 980 44 429 293 434 578 536 514 
1024 540 485 465 456 485 492 482 1024 153 839 760 463 489 501 523 1024 8 545 503 483 522 500 525 
1024 1024 940 22 883 152 683 603 1024 965 59 1000 793 229 332 657 1024 0 998 967 679 348 560 378 
0 31 836 302 531 539 510 508 1 101 923 418 523 508 489 515 1 1008 26 452 542 521 520 508 
0 9 613 552 527 482 539 501 0 77 882 224 429 518 530 524 0 860 165 303 365 506 517 524 
0 28 523 554 603 529 533 495 0 68 897 143 469 487 500 499 0 671 354 450 461 492 507 525 
585 255 711 562 441 529 500 510 580 127 887 373 505 514 545 511 580 406 168 606 511 485 510 500 
5 330 693 709 658 522 481 498 4 692 333 371 438 533 496 530 4 1014 86 879 714 483 498 500 
388 557 351 410 498 500 515 517 520 482 175 372 459 559 537 508 566 426 224 652 550 510 535 512 
352 295 264 515 509 488 515 494 393 299 259 570 513 505 527 513 422 268 296 652 487 530 509 507 
101 339 329 545 457 517 530 506 129 347 333 606 489 490 546 555 187 337 434 524 529 525 513 475 
166 645 529 496 507 517 508 535 154 711 530 492 484 529 506 511 174 523 451 563 474 535 528 493 
179 832 649 502 490 511 503 509 352 665 570 401 444 514 502 512 745 279 335 603 469 524 515 509 
610 232 498 435 515 510 522 525 701 168 299 420 597 542 522 519 758 266 196 676 529 527 487 534 
199 185 649 560 513 523 495 488 197 212 760 622 415 558 517 478 197 718 362 634 532 522 513 498 
0 153 566 534 506 497 482 501 0 248 643 582 538 524 499 494 0 816 483 497 467 509 488 514 
0 98 802 384 607 507 479 521 0 194 787 684 498 530 531 501 0 949 276 674 540 494 521 494 
4 208 688 378 568 512 497 511 1 246 688 584 494 529 510 517 18 773 249 593 556 520 532 520 
0 163 271 575 541 521 544 502 0 181 421 443 477 502 527 531 0 403 373 413 552 533 505 500 
79 28 824 302 421 520 532 513 79 72 851 273 543 532 525 520 72 680 246 392 533 511 522 512 
171 44 582 536 547 497 503 502 167 76 732 348 472 522 517 496 165 815 70 176 484 509 538 530 
0 1 813 362 448 533 535 483 0 38 982 202 630 508 496 513 0 1014 10 206 708 476 498 518 
0 68 578 512 550 505 512 510 0 129 888 246 581 520 515 496 0 973 102 316 606 525 516 503 
209 135 250 717 591 522 512 470 224 158 676 188 599 524 503 487 54 941 285 601 535 497 491 520 
1024 155 628 372 500 489 456 503 1024 83 306 715 525 510 495 507 998 26 162 290 587 542 488 517 
1024 910 64 555 445 463 540 503 1023 828 128 210 454 516 524 516 1000 40 916 271 714 510 506 511 
1024 923 638 130 529 380 541 504 1024 606 396 967 522 480 481 486 1017 7 764 816 655 417 442 535 
0 166 851 427 565 505 513 510 0 292 771 699 429 479 506 510 1 1023 221 695 614 495 497 523 
0 0 868 185 393 472 523 507 0 0 1023 321 613 501 534 539 0 1018 17 525 511 470 500 518 
0 56 828 262 404 461 499 512 0 113 909 393 571 535 527 528 0 1024 48 583 489 505 492 514 
77 65 787 487 513 486 554 491 74 62 955 458 545 526 537 520 75 945 83 682 551 519 508 473 
57 381 662 680 539 504 539 498 54 729 348 361 474 546 537 520 61 971 463 736 600 545 508 537 
337 493 538 540 522 517 494 494 341 625 412 488 510 526 520 522 392 518 526 512 521 510 515 487 
146 860 788 355 601 521 511 492 298 710 702 658 594 482 519 542 904 108 122 295 664 514 523 524 
599 366 317 490 469 511 520 511 732 254 238 646 585 488 512 519 831 150 675 335 528 521 499 523 
64 769 626 495 493 496 507 495 123 724 615 517 558 517 524 525 512 346 346 560 465 559 493 490 
587 638 651 464 565 548 500 520 668 543 388 498 463 521 523 523 720 248 483 583 504 502 523 514 
161 636 648 608 530 495 516 521 258 640 484 492 531 508 487 530 458 566 385 477 515 494 498 504 
271 294 677 664 418 508 529 507 255 293 707 721 567 515 513 506 283 723 337 654 594 520 486 493 
0 84 940 754 366 506 509 506 0 350 698 723 619 523 474 488 4 1020 809 328 462 511 508 504 
0 176 846 728 376 521 531 530 0 357 697 781 622 526 500 524 0 1024 724 382 428 513 516 534 
0 71 893 510 480 522 514 498 0 129 927 789 591 521 499 512 0 1024 452 633 548 499 501 523 
0 157 731 262 587 523 492 520 0 219 821 579 643 474 510 520 0 1024 421 602 493 496 512 500 
0 82 817 187 425 523 516 471 0 96 926 330 628 470 550 510 0 1024 83 717 454 501 528 517 
0 135 569 423 483 512 501 502 0 171 826 214 557 512 544 529 0 1019 58 585 480 533 530 473 
0 42 816 264 466 549 525 528 0 91 931 256 653 548 525 464 0 1024 2 707 489 548 525 516 
0 26 688 472 613 509 520 498 0 89 935 325 590 474 514 519 0 1022 23 385 477 540 526 504 
5 94 270 751 665 493 502 505 7 155 870 342 675 534 500 513 0 1024 283 660 654 516 506 505 
924 80 725 222 649 519 543 530 926 87 372 577 442 476 484 496 870 154 106 402 513 477 489 506 
1024 703 321 314 564 594 508 486 1024 337 686 469 377 471 506 502 1024 0 688 326 539 484 508 510 
1024 716 434 346 438 536 513 500 1024 288 710 880 533 513 488 521 1023 11 803 396 360 470 524 499 
0 322 702 732 521 556 513 521 0 717 314 397 507 486 503 517 0 1024 674 343 381 510 482 526 
0 237 807 660 541 529 503 509 0 448 640 697 524 526 527 511 1 1023 548 481 485 482 520 507 
0 117 904 637 450 497 516 495 0 314 711 738 456 548 476 479 0 1024 670 343 434 492 558 517 
0 272 752 642 456 524 536 520 0 522 503 601 536 530 512 512 0 1024 525 618 589 555 502 538 
0 253 787 671 357 543 508 481 0 860 202 223 346 560 495 534 6 1018 838 682 567 486 501 533 
273 486 534 559 471 521 510 535 270 687 330 285 513 515 501 520 272 752 647 454 511 525 510 513 
773 157 343 589 474 511 515 489 763 158 322 528 527 505 503 522 677 226 306 389 501 516 497 538 
517 467 545 550 516 507 509 499 615 347 422 488 530 495 517 521 705 225 327 498 525 497 526 511 
441 752 593 446 561 516 503 520 422 706 603 571 474 504 533 539 642 331 475 487 514 481 498 493 
716 380 347 452 521 490 510 506 695 357 284 473 524 534 506 500 561 337 583 492 543 529 538 475 
0 155 280 443 487 530 533 539 0 172 352 396 511 489 494 521 1 318 345 396 512 481 512 519 
24 142 202 273 400 460 508 482 23 152 221 266 376 443 481 488 56 176 191 281 318 417 455 458 
2 131 538 505 388 490 505 510 2 267 426 464 440 488 487 476 14 598 291 417 416 475 497 477 
0 133 891 830 595 503 517 550 0 270 758 800 575 513 537 500 0 1008 302 632 571 538 512 472 
0 173 864 772 410 521 515 528 0 298 804 789 645 452 494 511 6 1018 635 473 522 534 524 524 
0 48 975 312 625 533 502 514 0 125 899 854 335 529 532 490 0 1024 837 189 317 529 530 520 
0 121 887 307 462 535 520 512 0 188 844 762 419 500 515 556 0 1024 581 446 420 507 503 513 
0 0 924 213 490 496 525 537 0 0 1023 544 504 480 529 495 0 1024 207 759 488 498 501 505 
0 79 902 228 492 504 481 506 0 110 914 512 538 512 529 509 0 1024 168 769 440 527 513 504 
0 0 983 51 460 525 516 506 0 0 1024 431 581 551 541 532 0 1024 29 884 293 489 494 500 
0 75 892 133 441 517 533 502 0 118 908 809 499 507 524 516 0 1024 420 624 389 529 461 491 
624 87 800 204 494 490 557 525 627 127 483 772 622 503 531 510 620 404 361 374 564 541 493 490 
1024 504 520 269 681 528 492 510 1024 236 788 341 309 524 551 484 1024 0 493 527 400 356 576 487 
1018 761 171 518 486 473 517 494 1015 650 274 320 365 564 553 538 988 57 801 373 642 493 499 473 
0 258 813 808 529 503 544 521 0 624 502 474 541 540 518 524 1 1023 849 222 351 476 473 508 
0 278 797 767 419 504 487 517 0 511 624 621 635 503 505 501 3 1021 892 246 365 497 497 504 
0 318 729 661 608 523 507 515 0 713 416 409 447 509 477 497 0 1024 1024 183 497 470 509 510 
0 454 608 631 563 508 510 519 0 878 251 264 482 493 522 513 0 1024 801 414 625 563 527 483 
0 363 696 602 477 516 499 520 0 708 433 436 524 546 508 502 14 1010 850 380 532 507 515 521 
373 342 676 659 438 496 516 493 374 550 493 257 532 496 509 498 380 644 600 472 552 548 524 519 
250 320 629 514 518 469 512 540 242 417 522 622 495 511 543 501 225 798 458 557 582 508 525 530 
613 290 569 556 517 509 506 527 583 289 530 609 503 511 531 478 536 466 402 572 570 515 524 541 
654 310 608 563 595 461 540 511 604 271 717 564 521 503 504 548 507 506 404 668 581 517 512 501 
261 38 281 643 505 524 489 515 261 106 484 282 527 494 491 522 238 552 158 388 491 503 547 516 
31 26 97 197 437 534 495 516 30 28 117 208 457 524 499 541 27 32 134 188 468 536 499 539 
20 160 156 220 435 528 479 493 0 164 166 159 469 550 510 493 0 141 91 172 398 539 465 478 
12 111 438 512 472 489 505 495 4 98 362 560 512 504 515 513 2 287 180 410 532 467 532 492 
0 313 709 746 313 551 508 479 0 365 660 754 563 559 511 517 0 1011 340 668 593 498 524 527 
0 341 686 547 524 523 516 518 0 461 607 707 539 530 527 504 0 1024 811 295 343 480 526 524 
0 323 734 471 596 520 550 555 0 495 568 650 572 495 516 521 0 1024 957 141 387 492 518 529 
0 374 659 624 483 496 569 520 0 537 504 641 585 485 516 506 0 1024 831 222 457 541 485 516 
0 242 784 753 465 523 533 498 0 437 589 653 586 504 536 504 0 1024 585 443 525 516 519 495 
0 147 850 331 612 510 497 513 0 254 770 749 515 518 521 509 0 1024 480 550 570 528 495 520 
0 111 905 233 654 459 506 502 0 181 846 724 372 489 540 548 0 1024 210 806 577 464 487 476 
0 118 789 296 540 475 501 505 0 179 851 878 277 445 521 524 0 1024 409 691 551 510 490 519 
297 145 472 474 555 511 488 509 301 182 618 800 474 484 511 528 299 725 604 350 530 544 521 510 
1024 238 786 346 665 569 483 505 1024 165 792 152 215 530 553 519 1024 0 233 739 255 390 496 528 
1024 705 319 470 548 449 522 542 1024 340 682 559 338 541 470 485 1024 0 811 213 569 554 551 489 
0 135 889 885 487 528 507 511 0 711 313 313 389 530 505 513 0 1024 1022 7 556 430 487 537 
0 156 904 917 354 544 505 513 0 591 519 486 557 537 497 531 16 1008 966 179 424 590 517 526 
0 140 888 915 554 580 531 508 0 892 156 179 274 457 508 503 0 1024 1022 70 702 507 513 518 
0 161 924 893 672 449 535 508 0 858 241 251 253 433 485 480 28 996 969 126 657 502 500 525 
0 185 893 796 392 554 520 509 0 518 604 579 612 580 532 533 2 1021 956 183 656 484 531 503 
300 151 825 641 485 483 512 524 303 382 547 519 516 511 517 472 311 715 667 347 493 517 494 522 
0 309 692 768 436 503 509 498 0 613 482 524 612 493 516 504 0 1024 646 441 498 489 544 524 
177 261 766 643 445 516 513 506 177 320 703 747 471 535 475 501 179 852 259 843 699 531 509 531 
484 177 849 503 579 519 486 512 483 109 932 640 514 484 500 511 480 540 316 677 536 536 518 505 
20 85 614 395 529 481 525 498 20 113 893 410 517 485 477 497 23 999 125 808 506 521 496 504 
12 70 316 488 534 501 500 503 12 135 432 329 593 446 523 504 11 442 263 417 526 479 545 485 
0 2 55 51 551 516 518 490 0 2 57 58 560 491 537 494 0 19 51 51 566 504 517 487 
0 0 154 208 534 469 506 533 0 0 195 234 546 487 478 505 0 83 176 225 494 501 505 499 
0 221 743 732 387 523 503 538 0 297 683 779 676 525 515 513 0 926 645 335 407 497 545 542 
0 322 705 642 463 490 533 491 0 464 650 712 632 531 530 495 0 1024 860 240 477 547 498 501 
0 191 864 586 481 453 512 529 0 373 725 715 637 508 506 522 0 1024 970 179 494 527 512 533 
0 247 781 761 470 470 506 483 0 563 517 594 609 468 529 501 9 1015 973 196 558 519 559 513 
0 258 766 778 442 525 538 515 0 573 465 528 537 537 522 478 0 1024 931 144 551 497 511 531 
0 227 794 538 508 552 505 518 0 441 605 668 584 516 516 514 0 1024 836 247 440 538 509 500 
0 119 906 203 538 474 523 484 0 170 883 875 336 444 537 519 2 1022 609 439 449 486 508 531 
0 135 662 328 430 551 503 501 0 216 843 840 398 598 485 548 2 1022 813 464 535 530 511 534 
33 162 350 644 595 469 492 498 37 227 823 727 356 563 502 532 32 992 710 562 448 419 499 502 
969 40 929 189 712 600 570 551 971 40 712 319 336 635 538 468 962 62 39 814 315 620 426 474 
1024 673 351 283 459 566 487 497 1024 330 694 512 449 457 489 514 1024 0 768 325 573 455 550 498 
