0 0 72 186 544 472 498 459 0 0 210 604 556 504 493 532 0 0 245 643 468 536 470 515 
0 0 0 2 406 517 507 523 0 0 67 672 500 464 479 502 0 0 180 718 413 570 476 539 
0 0 0 13 618 471 501 540 0 0 55 809 436 404 529 540 0 0 250 678 484 548 480 504 
0 0 0 38 679 517 509 498 0 0 31 951 457 502 491 519 0 0 405 592 450 511 480 498 
0 0 0 18 740 455 498 519 0 0 19 890 523 570 494 504 0 0 388 580 554 413 511 539 
0 0 0 12 675 403 515 552 0 0 1 883 566 558 505 525 0 0 371 580 534 486 517 512 
0 0 0 2 621 488 474 494 0 0 17 861 506 598 465 499 0 0 330 626 546 469 488 528 
0 0 0 43 612 495 482 543 0 0 16 873 501 531 512 519 0 0 340 625 481 487 528 519 
0 0 0 12 458 551 467 494 0 0 1 761 516 474 492 527 0 0 210 638 466 500 491 547 
0 0 0 3 232 429 416 452 0 0 0 470 575 481 486 504 0 0 60 552 423 526 539 517 
0 0 0 9 150 381 483 396 0 0 0 315 469 630 616 609 0 0 75 299 342 628 469 588 
0 0 5 81 404 469 482 519 0 0 92 552 606 515 519 493 0 0 318 439 659 463 520 517 
31 60 76 270 415 574 505 501 44 71 252 416 616 547 510 517 47 78 352 487 551 511 539 478 
138 192 97 385 505 545 501 493 152 216 418 420 642 499 483 524 155 351 381 305 572 503 546 490 
198 337 149 478 499 511 496 534 220 382 565 533 568 531 515 501 221 418 645 432 577 477 563 500 
240 576 551 485 545 484 522 513 336 482 600 506 536 513 516 534 397 388 623 486 499 521 526 503 
938 957 690 647 447 593 507 494 937 960 719 675 539 529 532 499 936 949 664 460 471 471 482 498 
1024 988 912 741 327 645 530 477 1024 988 927 766 442 595 537 505 1024 986 818 619 440 444 495 478 
1024 1019 924 823 356 694 544 522 1024 1021 943 816 452 633 603 505 1024 1008 889 713 290 385 434 522 
1024 1014 991 818 297 638 561 581 1024 1018 996 828 419 667 604 585 1024 1012 964 641 312 372 418 586 
1024 1023 1008 969 829 265 520 489 1024 1022 1009 970 863 291 663 555 1024 1021 986 882 152 284 480 506 
1014 959 980 867 586 452 507 518 1019 953 977 882 664 417 547 496 1019 953 952 746 221 306 474 496 
1015 844 871 862 542 425 454 508 1020 840 876 865 608 464 506 512 1018 839 848 746 276 353 517 496 
1013 727 833 847 577 443 463 487 1016 727 860 823 640 389 466 545 1014 725 837 670 346 401 462 480 
1023 611 718 799 514 451 478 508 1024 613 762 790 590 436 519 484 1024 612 731 658 362 396 491 487 
1017 498 723 731 529 436 498 489 1018 496 770 724 600 415 576 497 1015 488 722 658 365 349 477 506 
1002 393 558 714 580 485 504 563 1011 384 618 702 598 435 576 508 1000 392 538 659 393 395 522 518 
928 304 637 591 592 466 486 520 933 301 688 587 551 501 488 514 926 303 610 528 444 480 511 505 
837 260 617 553 527 511 524 485 839 267 662 551 528 509 511 526 823 267 577 492 495 496 509 490 
753 185 565 519 522 493 516 516 757 201 598 523 513 483 525 524 747 201 445 530 497 525 514 509 
655 218 552 461 528 508 488 506 662 253 552 486 515 515 531 509 643 244 493 474 466 488 504 483 
629 250 484 529 533 518 490 506 653 254 502 525 529 491 540 505 591 300 436 557 507 519 509 518 
473 324 442 533 517 507 512 524 487 335 489 534 525 485 505 486 428 369 449 506 504 507 513 526 
464 390 481 511 500 507 522 522 505 367 468 513 504 537 503 513 331 533 580 548 541 471 483 500 
188 572 583 508 536 533 482 486 209 586 637 506 499 489 518 521 148 619 620 454 513 534 481 474 
14 167 493 523 506 526 516 533 31 707 424 537 544 497 497 549 18 541 457 488 524 515 537 490 
0 27 501 497 488 512 492 497 6 875 434 514 507 535 515 520 1 577 482 505 520 507 500 500 
5 106 472 542 502 536 522 505 27 723 466 532 514 494 541 530 10 666 473 505 511 514 493 528 
118 295 536 487 511 497 509 534 153 706 490 489 482 504 518 522 132 641 496 530 561 539 513 540 
50 463 505 548 487 519 533 512 181 660 597 501 485 500 511 503 135 676 603 472 550 502 519 509 
66 306 442 519 538 528 516 530 119 640 570 487 510 509 525 545 79 619 502 438 526 501 521 497 
102 323 483 487 503 537 516 472 188 612 541 489 493 523 505 532 117 629 495 516 505 490 504 496 
27 327 489 471 514 498 502 489 110 658 537 522 466 503 488 528 64 651 516 520 503 494 509 542 
482 449 462 485 547 509 531 545 551 538 494 543 500 516 534 526 510 478 502 553 503 487 502 488 
120 155 405 455 498 503 504 491 133 556 354 571 506 550 491 523 124 406 414 596 462 500 529 517 
0 58 286 398 445 489 493 512 0 410 215 570 451 533 530 515 0 239 290 509 408 488 526 541 
0 41 706 574 525 508 499 500 0 875 270 647 562 514 488 497 0 566 433 484 505 494 495 508 
0 191 596 445 509 517 509 486 0 754 395 615 520 499 519 531 0 714 206 504 515 527 522 477 
76 296 680 506 520 519 511 560 139 877 491 478 506 498 520 507 124 755 366 520 511 520 502 508 
222 511 441 516 522 528 514 506 326 698 561 478 547 503 530 491 307 717 487 518 526 517 505 506 
298 443 564 453 535 518 532 516 352 471 604 398 524 543 506 477 336 391 657 457 517 516 487 509 
761 701 543 666 345 590 484 482 818 645 514 647 400 615 541 503 812 567 588 525 498 468 532 504 
884 490 576 677 348 518 479 491 923 453 563 738 373 591 587 530 911 464 560 502 538 524 499 504 
789 454 527 597 429 484 507 504 843 404 514 650 395 588 538 541 824 420 505 472 553 546 535 499 
702 396 517 550 470 506 497 506 734 380 562 560 473 530 521 522 721 385 538 475 529 506 502 508 
706 247 420 532 526 546 547 536 736 229 467 546 518 521 502 478 716 243 415 542 539 530 516 498 
764 209 340 510 519 522 522 508 816 160 357 486 511 498 529 515 759 211 331 505 547 518 498 505 
559 383 455 512 502 488 544 534 652 299 407 491 513 516 521 540 556 387 463 527 516 517 501 502 
642 274 476 502 539 487 518 518 685 246 505 499 520 506 522 471 645 282 453 515 512 513 519 503 
690 215 399 536 513 492 518 497 723 204 410 527 533 516 488 530 676 239 381 518 511 524 523 513 
462 401 495 506 499 525 504 498 509 378 452 548 554 514 508 515 429 444 508 503 470 532 509 532 
684 213 344 516 518 490 500 515 709 207 335 528 532 510 515 521 615 286 374 470 504 518 517 487 
485 419 430 528 489 501 500 519 544 382 387 540 525 525 509 536 402 507 501 546 530 511 514 518 
830 204 470 495 533 481 509 495 852 192 497 495 500 496 525 519 766 261 441 487 512 533 525 503 
874 178 390 552 533 519 509 513 911 148 394 538 540 473 529 511 833 210 359 565 494 525 518 538 
744 281 326 518 514 506 502 509 808 217 295 521 508 480 525 487 602 423 425 540 518 510 499 525 
971 63 319 504 498 508 498 499 987 48 342 514 523 504 490 529 903 126 271 502 522 499 533 501 
689 337 358 477 492 507 525 519 754 272 311 482 488 486 532 505 514 512 519 509 544 513 484 532 
953 77 238 539 510 512 488 528 967 63 239 542 504 543 511 509 823 202 264 480 528 475 491 529 
641 319 367 504 511 512 506 503 716 245 300 462 509 495 524 510 451 506 534 550 530 518 504 519 
0 9 569 519 515 529 508 509 8 683 662 456 529 525 513 488 0 630 227 559 525 506 494 506 
0 29 489 527 520 535 538 523 56 964 677 454 503 513 527 517 0 912 230 503 515 513 500 520 
0 13 222 540 519 465 504 473 11 867 454 529 529 510 530 527 0 508 544 555 483 494 515 528 
0 33 470 509 524 486 497 543 12 861 372 540 522 514 522 498 1 712 357 526 526 509 506 502 
0 53 481 538 486 517 517 551 9 1003 567 466 499 508 513 487 1 834 296 512 535 495 511 520 
0 51 452 545 481 524 500 500 15 925 456 543 502 511 485 507 1 556 501 518 508 518 513 497 
0 18 458 510 505 521 521 525 13 953 461 514 504 491 528 501 0 563 489 513 520 540 504 520 
0 30 568 476 492 497 532 520 13 877 511 521 513 512 525 493 0 655 409 489 502 540 495 528 
38 185 634 493 493 512 510 516 100 876 532 509 507 506 492 519 59 644 426 488 519 499 501 498 
0 89 640 498 502 492 499 498 8 942 443 524 498 501 495 506 0 579 433 524 522 520 524 520 
0 120 380 699 407 502 488 499 4 471 335 724 620 434 478 495 0 404 231 698 385 531 498 524 
25 383 572 517 494 492 503 503 104 768 524 517 522 519 502 504 130 641 448 541 522 541 488 534 
28 428 493 540 509 519 507 518 98 592 497 542 545 527 548 528 127 552 453 551 510 504 517 512 
508 393 385 507 525 499 498 508 623 326 355 524 515 527 521 486 602 351 356 517 523 513 477 483 
555 384 418 480 479 517 527 521 646 310 363 494 497 518 505 518 554 395 424 511 514 515 518 520 
504 206 543 489 498 518 524 503 537 196 530 507 458 498 532 498 506 152 589 442 576 464 515 506 
475 473 362 409 427 518 519 539 526 426 350 404 468 488 497 516 484 282 539 583 566 508 507 521 
798 223 341 496 533 502 527 525 836 191 351 520 528 539 496 498 806 217 325 508 510 502 533 506 
752 270 464 513 510 500 500 506 803 220 476 502 533 506 519 496 765 257 446 505 526 497 500 517 
709 318 390 500 526 502 524 500 798 229 335 501 513 502 508 505 721 306 373 500 523 529 522 533 
753 278 442 510 507 525 511 505 828 205 424 485 529 535 509 494 792 237 400 496 528 501 533 530 
926 112 338 546 537 522 525 506 951 90 381 536 521 520 500 482 926 106 292 551 503 496 520 497 
916 108 222 509 496 501 510 489 959 67 241 552 518 497 525 544 913 111 226 488 526 512 492 518 
889 143 509 528 543 501 524 527 914 139 544 539 535 524 486 499 893 144 501 533 526 517 506 471 
899 139 508 482 532 526 504 498 919 129 562 493 525 513 544 523 898 137 464 510 508 510 480 514 
887 145 410 547 501 538 494 503 924 111 464 524 513 501 536 497 900 128 333 573 514 515 503 534 
925 114 455 514 514 472 516 481 949 96 503 501 506 522 531 498 932 101 357 542 512 528 507 496 
989 51 424 562 531 517 517 496 996 50 505 540 515 492 502 525 984 49 320 590 521 502 525 484 
895 139 376 488 512 495 534 509 930 106 389 491 526 487 505 510 859 172 338 484 508 513 548 522 
936 95 450 503 506 513 510 498 953 82 477 505 498 530 497 520 887 141 373 530 514 519 485 496 
969 60 306 509 518 530 527 543 985 46 357 531 519 498 488 525 929 99 237 537 502 505 515 531 
938 142 662 485 507 512 504 486 953 151 665 487 521 505 505 508 928 124 594 472 518 520 481 495 
1013 56 606 489 486 537 492 514 1014 64 646 479 509 546 509 534 1000 45 462 519 521 519 517 507 
872 134 625 487 496 507 525 495 890 125 628 478 521 497 496 519 822 177 502 516 510 483 498 508 
988 58 661 401 505 514 522 508 995 61 687 400 511 523 476 536 969 65 421 528 526 537 532 518 
0 7 661 525 534 497 490 484 0 473 640 652 491 517 521 503 0 263 730 274 441 496 499 492 
0 9 254 486 483 510 509 495 8 903 379 524 515 540 502 519 0 403 599 508 506 530 508 508 
0 1 196 486 468 495 490 501 0 774 401 545 515 511 518 529 0 204 686 552 521 529 489 489 
0 1 130 548 508 495 491 493 0 689 396 527 480 515 529 540 0 225 754 570 536 518 506 529 
0 6 324 516 505 527 474 511 0 773 446 493 499 525 507 508 0 486 537 504 524 526 521 490 
0 36 408 532 526 499 521 538 5 905 340 572 521 518 501 516 3 431 602 518 503 494 537 515 
0 52 484 518 499 507 523 490 1 891 364 516 536 523 508 495 0 501 556 526 531 516 470 516 
0 97 511 517 523 489 504 525 6 767 492 500 521 495 518 528 0 568 527 515 526 496 535 513 
7 482 545 521 525 528 515 503 64 882 488 508 493 538 531 496 100 814 462 511 535 510 529 529 
12 560 510 523 510 513 482 520 73 824 514 491 520 514 516 483 96 815 516 533 486 495 531 518 
16 369 230 719 547 484 500 483 48 417 404 655 692 546 519 491 54 422 386 677 470 551 524 499 
44 793 371 495 512 513 490 514 123 816 595 515 515 505 516 532 185 768 649 491 517 497 520 501 
44 389 558 579 549 475 505 484 79 596 488 514 505 522 503 515 89 584 484 560 546 500 543 488 
549 315 435 573 537 493 523 502 615 357 370 529 536 520 523 506 604 386 329 511 532 514 507 544 
750 275 352 541 499 493 531 509 840 187 305 549 506 522 481 538 785 240 334 556 504 521 514 507 
556 196 493 433 577 544 523 511 598 157 476 521 541 516 532 531 575 167 493 416 544 476 499 500 
586 345 412 481 487 490 480 516 623 314 420 491 509 510 511 520 603 190 558 614 479 535 505 527 
803 224 330 519 547 509 506 510 874 161 297 554 498 503 536 498 835 193 298 529 514 499 495 519 
821 202 377 472 505 521 505 488 868 159 396 497 539 497 524 539 846 178 369 477 525 509 478 514 
912 112 397 512 492 510 513 517 947 83 428 511 509 515 510 522 910 115 387 533 500 502 512 504 
865 174 365 544 519 538 545 498 949 97 354 535 485 489 503 529 905 131 345 530 517 489 518 513 
968 81 321 513 500 517 499 482 999 54 375 510 493 509 505 506 968 68 320 518 517 523 518 515 
931 111 479 536 515 544 483 509 957 93 531 529 533 486 490 519 928 108 471 513 528 526 515 527 
877 162 602 470 492 511 501 495 916 129 616 503 521 522 502 500 893 147 582 486 512 493 525 525 
935 102 565 520 504 519 531 519 966 82 587 564 526 503 521 511 939 94 524 512 493 514 508 534 
1020 37 710 485 513 498 542 537 1023 45 747 497 518 496 513 503 1015 23 633 478 502 518 523 530 
993 40 469 524 487 536 539 526 1004 36 547 538 518 492 514 497 983 47 409 547 501 508 492 507 
983 68 672 495 507 504 494 499 991 69 696 496 486 512 513 514 973 72 526 513 545 515 534 500 
1012 33 488 544 504 506 531 510 1019 39 529 530 511 533 481 523 992 41 412 547 498 520 539 532 
993 64 539 501 522 514 509 518 995 70 579 513 517 511 521 510 973 77 454 481 515 501 515 509 
1007 55 547 479 494 523 508 512 1014 66 574 482 508 516 509 526 980 77 446 500 520 514 549 510 
796 246 475 574 514 503 511 538 851 208 438 563 502 495 497 523 776 263 445 530 513 531 505 518 
992 53 440 480 532 487 509 534 999 50 470 489 509 502 531 512 951 80 367 480 480 529 501 529 
735 295 472 523 482 506 512 528 772 261 484 536 493 516 502 510 694 332 419 492 544 531 504 480 
871 151 417 512 511 504 501 502 887 137 410 495 531 533 533 502 781 233 362 490 518 507 507 503 
0 38 881 650 473 517 501 530 0 405 658 630 434 499 515 529 0 159 864 355 408 522 507 513 
0 1 317 497 479 489 499 493 5 795 367 564 524 482 532 506 0 326 647 499 484 516 528 499 
0 25 445 498 499 478 485 513 0 732 402 509 504 495 523 496 0 317 594 494 497 510 523 518 
0 25 439 437 491 510 506 507 0 721 380 573 524 483 540 509 0 246 677 517 488 495 506 501 
0 29 468 462 481 493 466 497 5 729 507 517 507 505 520 512 4 466 502 525 536 497 506 504 
0 138 610 510 522 490 499 532 2 811 344 527 505 517 548 486 2 773 377 491 516 517 532 517 
0 263 667 512 517 515 529 507 5 780 406 511 504 518 475 514 11 856 362 521 528 535 536 522 
1 510 570 527 503 487 509 521 46 901 388 507 518 500 517 491 56 920 406 527 481 522 497 514 
40 689 460 530 508 485 516 510 124 828 448 534 518 495 510 493 160 819 528 499 489 517 506 494 
76 816 479 528 511 529 547 526 236 761 505 491 521 494 533 521 315 691 539 490 504 515 514 501 
36 488 303 659 651 466 511 536 100 468 560 549 502 544 505 475 129 438 391 707 578 466 511 528 
96 755 447 533 525 516 506 525 205 716 620 491 507 490 537 518 255 685 606 511 519 521 503 518 
71 541 516 477 534 511 514 541 94 688 483 461 483 500 489 517 107 675 485 482 491 528 502 539 
812 418 417 556 498 495 518 513 839 446 395 576 560 522 476 498 828 452 350 567 488 503 525 509 
802 220 375 456 505 529 554 513 868 155 349 492 482 516 562 509 813 209 378 473 483 528 478 511 
624 177 458 435 563 531 502 511 684 121 434 492 536 526 506 505 644 157 441 375 538 518 484 528 
410 358 578 569 576 540 513 517 478 302 526 574 579 489 521 492 429 284 608 606 449 525 491 508 
786 240 450 463 504 524 496 489 851 175 423 498 497 513 514 527 800 225 425 494 509 509 489 532 
818 199 423 493 536 538 517 509 879 141 451 478 517 525 497 518 841 178 403 500 518 498 524 527 
648 369 412 532 505 527 526 529 739 279 373 552 504 526 475 513 685 332 397 532 520 507 514 493 
859 168 410 523 499 511 512 514 905 126 454 525 523 500 530 512 884 143 418 512 509 508 511 509 
787 241 423 542 493 510 535 513 882 152 395 526 493 536 519 505 844 184 390 541 479 491 515 526 
925 106 606 502 498 514 513 515 947 104 644 520 510 502 501 515 935 99 578 489 510 535 526 512 
872 163 444 532 531 535 517 474 903 144 515 518 488 516 475 472 879 160 426 531 506 502 503 535 
976 59 453 496 495 499 517 521 996 48 507 503 490 509 485 506 977 60 400 486 524 539 497 490 
966 68 474 530 503 513 508 515 976 60 576 498 500 509 521 519 961 68 434 537 519 521 531 531 
996 40 525 466 506 529 497 523 1009 30 573 470 516 509 526 528 993 37 432 481 506 504 486 505 
978 58 433 517 515 513 506 485 989 50 467 540 519 512 507 500 961 71 343 499 535 528 519 493 
1014 25 418 519 483 493 518 505 1018 23 487 511 467 508 497 509 985 48 307 516 533 533 513 506 
999 87 461 545 498 518 508 512 1006 93 498 535 524 507 519 532 965 90 429 515 508 524 504 505 
1023 44 718 508 532 500 519 541 1023 60 769 523 517 519 501 527 1021 22 629 489 506 534 519 523 
1011 35 465 537 516 512 504 499 1015 35 517 521 501 507 518 523 984 53 356 525 525 499 474 492 
961 70 452 500 505 500 531 540 979 57 470 508 507 521 527 484 913 113 361 498 517 487 513 545 
987 54 457 489 523 521 520 517 995 45 484 491 509 517 514 492 934 96 344 520 505 513 506 490 
940 84 383 478 489 539 490 516 944 81 403 477 485 531 500 508 874 128 274 512 547 503 530 529 
0 100 862 710 403 518 538 505 0 190 835 720 407 502 526 507 0 11 967 295 572 536 480 515 
616 351 505 548 478 534 519 517 635 543 478 548 519 500 495 515 616 414 472 466 499 546 534 525 
654 161 596 421 531 483 503 475 668 299 605 445 525 521 522 491 658 203 328 630 627 522 516 506 
137 153 553 438 488 503 512 509 143 624 456 535 512 523 514 524 142 317 572 576 533 520 539 530 
105 329 541 517 526 542 556 533 130 696 498 541 509 505 519 513 140 616 548 546 529 508 497 519 
55 635 538 535 484 521 536 541 162 773 512 518 518 501 535 511 163 804 517 494 531 502 538 509 
8 757 369 489 529 523 510 503 47 968 424 531 501 530 503 495 77 947 561 507 511 512 537 514 
169 690 437 505 518 508 537 529 289 746 513 496 496 495 499 529 318 714 586 495 512 537 506 517 
45 836 309 507 501 522 503 524 80 931 510 516 518 514 520 505 126 896 627 480 511 534 512 503 
159 798 475 541 527 540 530 502 288 752 499 495 526 510 515 493 331 727 522 482 508 497 504 509 
170 419 580 482 510 497 512 511 236 394 699 352 427 480 507 507 251 380 475 555 582 540 499 528 
498 648 451 500 501 488 506 539 552 639 427 515 526 489 522 488 583 591 444 426 518 508 526 529 
691 740 368 600 529 506 528 492 706 742 371 640 577 518 516 522 714 747 305 563 484 521 546 516 
790 891 665 302 334 387 570 515 810 873 599 375 368 414 434 481 796 879 183 721 387 648 565 483 
503 520 448 486 495 524 530 506 592 432 397 523 512 528 515 496 515 509 454 485 479 515 511 518 
528 326 516 470 547 529 505 517 641 215 440 520 493 505 503 492 579 275 472 447 530 507 530 508 
431 274 548 603 575 525 516 509 514 190 500 631 592 521 476 532 475 191 554 555 477 495 502 496 
405 619 509 517 524 526 517 534 524 500 467 503 511 496 505 485 460 564 498 511 520 519 515 505 
443 581 540 541 530 529 516 538 567 458 470 518 515 492 498 476 474 550 530 537 503 523 526 517 
812 213 384 495 519 516 484 503 877 149 397 488 501 502 485 518 821 203 370 499 523 490 526 529 
936 121 534 508 524 504 488 527 977 99 563 513 495 489 508 497 949 110 550 504 505 541 510 505 
981 53 486 492 516 497 514 501 994 49 573 493 497 551 507 499 986 49 471 509 502 517 517 494 
794 236 502 516 512 515 515 499 848 187 508 518 535 518 514 541 813 219 474 511 524 521 497 550 
866 193 478 512 496 554 505 517 929 153 471 497 511 501 501 477 900 164 462 521 497 508 512 518 
948 124 587 531 498 492 521 504 976 137 597 535 498 503 509 513 958 123 576 539 492 538 519 511 
919 143 646 510 488 499 532 514 959 131 632 531 499 511 507 532 933 133 611 495 506 511 515 491 
959 70 495 480 500 514 517 507 983 57 540 488 516 514 479 526 958 73 449 493 516 490 511 514 
950 89 517 486 497 491 520 501 978 69 546 496 518 520 518 475 942 94 472 485 497 543 488 518 
993 97 789 520 510 519 486 538 996 128 794 523 512 495 498 505 990 66 728 480 510 517 521 536 
902 132 616 504 496 530 490 491 915 123 667 519 522 504 478 506 889 136 514 487 537 516 516 492 
929 109 453 500 508 483 487 545 951 89 491 500 505 492 505 496 896 137 385 512 492 514 519 539 
951 104 472 535 504 551 487 514 972 105 487 557 511 523 506 506 931 125 426 510 494 508 521 517 
897 165 569 505 509 498 521 519 911 165 573 518 526 485 530 512 876 152 489 555 510 524 537 557 
976 70 504 497 502 512 510 524 985 64 562 484 513 490 526 547 943 99 415 499 518 534 493 529 
967 72 563 512 545 517 510 491 971 78 612 500 504 507 508 512 946 79 441 510 506 512 509 492 
82 156 852 717 423 508 504 503 80 224 802 750 415 501 531 509 78 36 974 308 603 499 499 514 
587 590 440 539 497 544 509 524 594 702 346 566 538 512 508 498 571 392 635 520 540 488 514 492 
925 106 902 679 595 520 511 518 940 95 899 781 491 470 536 502 938 64 860 212 576 549 546 509 
553 382 718 510 476 521 538 504 616 415 678 478 490 517 523 510 642 345 662 442 472 548 501 506 
738 340 730 498 560 508 528 498 799 345 682 444 501 525 509 507 811 257 674 392 448 499 492 524 
815 377 610 525 483 488 500 522 845 385 598 548 481 512 535 492 835 319 626 390 500 510 500 536 
841 404 634 608 522 506 514 517 912 363 609 629 486 499 484 507 926 309 635 378 554 527 505 493 
775 434 680 672 528 489 502 492 815 423 662 686 595 518 502 508 829 373 701 440 580 542 491 500 
791 448 671 710 592 540 526 533 805 456 704 722 632 520 531 502 828 378 746 533 486 497 518 506 
880 483 593 645 575 501 515 537 898 480 595 660 622 529 528 514 914 295 757 701 392 476 519 528 
556 197 817 376 408 490 511 500 568 189 833 422 394 541 538 511 563 174 644 419 509 525 524 514 
703 673 368 390 599 524 479 522 712 686 363 418 553 557 506 498 712 625 392 307 487 495 478 522 
870 789 273 662 518 526 505 503 876 788 299 700 551 510 516 482 879 779 268 411 547 495 497 479 
776 882 378 624 623 526 512 517 788 879 291 691 702 583 488 509 778 861 220 741 324 489 471 502 
180 840 752 549 516 524 482 491 297 726 687 538 502 507 494 526 204 817 749 554 511 479 506 515 
223 687 708 503 559 511 500 506 354 559 624 555 481 504 517 505 292 619 670 502 480 510 513 514 
133 468 826 640 545 521 523 485 232 374 749 609 579 519 529 500 176 419 800 472 520 507 497 515 
500 521 484 500 505 491 490 509 636 386 387 482 491 514 500 518 568 453 438 479 502 530 512 489 
629 395 416 503 519 512 514 496 719 305 382 505 513 551 506 524 669 355 404 508 491 526 518 526 
632 375 393 547 521 488 510 503 713 294 376 556 503 526 509 536 650 353 395 545 503 509 533 505 
643 328 435 526 497 509 500 512 699 282 409 543 500 536 519 524 655 318 426 522 477 504 504 523 
795 271 652 510 515 483 522 521 822 269 640 489 529 496 480 515 794 242 646 500 534 526 536 513 
913 194 548 518 503 531 519 539 927 214 584 498 477 497 517 528 914 183 548 523 505 521 540 497 
956 80 461 505 502 538 526 500 977 69 534 506 522 497 518 494 957 82 453 509 506 532 483 535 
934 114 520 485 528 515 480 529 970 97 542 491 499 529 532 509 945 103 508 479 534 509 517 511 
997 65 542 546 526 501 532 508 1006 76 606 525 503 513 528 519 995 64 496 543 541 504 523 491 
999 56 663 481 514 523 506 516 1005 66 706 485 528 507 501 509 998 56 617 492 488 499 525 488 
1020 47 717 515 506 531 506 527 1021 93 721 508 494 504 497 509 1013 47 673 515 502 495 520 506 
972 133 783 505 508 533 530 510 981 156 785 511 531 511 539 510 975 102 733 477 513 509 503 512 
1000 174 766 573 500 503 522 558 1003 200 752 592 513 505 522 506 998 87 799 529 514 509 505 521 
1018 47 651 524 536 506 515 513 1016 75 665 540 537 501 527 508 1006 33 569 511 477 542 535 512 
1004 81 617 487 517 507 539 525 1013 88 629 491 496 525 509 522 967 91 542 479 518 501 524 515 
990 46 561 496 541 514 541 492 999 44 579 524 521 516 521 533 956 76 481 458 485 506 526 489 
1003 35 633 521 535 521 489 483 1010 36 653 545 528 565 508 520 977 51 530 481 495 507 525 502 
1003 34 423 528 526 486 495 540 1006 33 485 537 529 499 540 513 961 69 335 492 486 504 516 500 
292 427 611 619 461 512 544 509 290 412 628 581 381 485 517 516 288 96 925 414 627 488 488 509 
564 722 322 554 492 535 536 502 569 777 278 527 476 547 505 504 549 528 507 502 558 499 499 520 
1013 673 330 361 399 503 526 508 1016 630 371 391 383 443 550 495 1015 87 900 713 310 548 493 513 
885 179 846 795 410 591 509 511 901 186 831 786 375 600 517 504 888 160 842 212 650 496 503 527 
871 181 810 746 334 480 506 511 892 167 816 799 338 532 536 491 885 161 805 239 471 559 494 535 
791 149 796 663 383 485 495 545 824 133 788 761 356 483 521 517 810 140 767 281 577 468 518 515 
687 331 804 759 367 532 511 496 878 145 659 680 393 570 507 517 899 122 602 280 579 528 521 487 
598 421 813 710 432 483 516 497 864 161 600 577 485 494 514 486 918 106 522 276 600 498 515 510 
504 501 784 637 509 519 530 518 778 247 526 611 573 513 518 484 900 116 412 387 503 523 537 510 
406 586 720 692 470 518 477 511 811 208 345 437 478 537 520 496 880 105 326 409 497 497 502 519 
486 485 571 627 530 495 495 492 911 60 258 369 448 493 499 510 929 42 260 390 545 514 519 496 
595 379 462 404 522 523 501 514 729 263 401 442 487 540 491 519 733 248 392 507 462 502 512 514 
682 488 522 536 457 505 506 545 704 508 525 574 454 543 508 505 707 470 550 429 553 541 523 526 
748 767 288 687 589 512 498 507 750 790 264 709 582 494 508 511 743 745 289 485 528 485 495 493 
119 802 570 506 475 529 521 531 162 800 579 471 518 526 501 491 137 810 574 479 503 500 542 486 
167 728 573 516 496 510 519 518 260 640 593 477 481 513 495 518 206 692 599 496 491 528 519 509 
178 362 801 494 560 534 534 511 240 304 754 517 564 539 523 542 193 340 798 367 520 506 520 533 
391 633 615 553 528 537 541 502 513 513 566 552 501 505 538 519 456 569 601 556 502 497 500 512 
587 437 448 553 508 527 510 511 703 321 389 545 502 522 496 487 632 392 422 546 507 504 523 528 
596 423 524 536 485 566 542 509 677 342 569 446 500 520 512 504 633 385 568 471 481 477 487 523 
1003 21 637 384 465 500 504 527 1012 12 876 227 555 468 519 525 1009 15 847 234 534 511 529 493 
973 40 624 398 517 563 482 490 977 37 858 293 549 555 501 510 974 38 851 279 551 531 507 502 
634 325 572 464 520 525 516 500 647 325 665 431 515 491 499 515 629 331 643 432 514 507 488 507 
948 95 609 498 502 470 515 511 966 92 645 501 533 502 518 530 946 98 583 494 478 503 510 508 
1023 30 708 495 524 532 514 464 1024 45 742 478 510 532 525 492 1021 19 627 496 503 479 526 491 
1012 47 501 495 524 482 489 530 1022 41 588 485 534 547 503 539 1012 36 486 498 517 502 526 500 
1015 29 589 482 522 490 501 489 1020 36 655 478 520 529 498 505 1012 28 519 494 517 510 502 520 
984 81 657 509 527 497 522 533 999 86 688 503 536 513 491 536 982 65 632 482 536 492 538 502 
990 84 575 479 494 494 536 534 1008 77 600 473 508 491 484 515 981 69 524 490 498 541 528 492 
902 131 369 526 504 488 551 531 943 91 365 524 505 521 499 515 861 167 338 513 499 533 531 503 
837 193 383 518 524 500 526 501 887 146 378 539 517 504 480 502 773 255 399 493 500 510 558 486 
954 82 435 490 520 507 542 532 972 67 490 476 516 520 495 492 922 107 391 483 496 505 510 522 
730 239 593 462 484 509 523 531 741 230 692 405 529 516 518 509 718 233 625 427 522 493 498 502 
788 177 426 519 500 522 510 514 795 172 589 395 537 499 542 487 759 183 532 402 553 496 490 499 
791 170 504 499 499 486 521 485 784 179 654 402 504 494 520 508 754 183 568 455 531 509 495 547 
309 509 526 566 425 496 507 529 337 550 531 530 419 535 517 512 325 332 759 409 553 522 514 503 
210 519 575 609 491 507 506 513 349 412 441 542 499 520 490 550 342 357 500 364 519 518 519 516 
422 774 671 705 482 524 502 504 979 234 110 235 328 546 500 500 1005 46 248 350 537 519 496 489 
180 843 889 618 491 548 534 498 585 439 502 570 614 544 524 512 968 56 117 170 289 492 494 513 
82 942 942 483 537 491 503 530 402 622 627 706 701 516 503 502 784 240 250 331 378 531 494 513 
25 999 999 641 416 499 523 507 321 703 703 719 728 589 500 499 815 209 209 233 281 510 513 487 
66 958 949 197 666 481 485 513 205 819 830 865 677 506 499 499 495 529 547 587 585 547 513 520 
0 1024 1024 140 808 456 509 512 72 952 952 952 878 437 525 528 671 353 353 353 356 484 509 512 
0 1024 1024 162 821 574 508 511 168 856 856 856 846 619 506 520 894 130 130 130 164 474 512 506 
0 1024 1024 648 400 492 531 519 534 490 490 490 495 517 510 520 1020 4 4 5 305 556 512 522 
91 917 895 765 332 553 551 507 750 268 256 311 319 457 509 492 889 131 122 260 500 506 504 518 
816 202 204 518 460 518 506 496 1001 17 229 604 543 527 513 509 1003 15 565 330 476 527 513 480 
658 274 410 626 478 497 544 491 674 273 650 413 450 551 504 511 672 248 724 327 562 505 534 527 
547 623 412 524 504 523 523 517 550 634 412 548 504 561 511 513 545 584 431 398 575 505 509 510 
167 666 658 506 510 492 496 525 255 587 609 490 511 518 518 517 201 635 613 513 494 504 511 497 
191 748 650 539 540 549 496 502 324 619 589 470 497 543 522 544 249 687 639 509 520 488 513 482 
193 307 805 528 538 582 519 523 251 253 759 567 503 620 508 517 209 291 790 285 665 507 495 489 
545 481 507 493 500 506 528 509 650 380 434 509 488 498 502 531 571 452 494 504 508 531 482 497 
437 586 578 526 508 530 522 518 599 426 457 472 532 513 482 520 517 506 526 496 537 508 545 528 
618 391 278 502 545 507 534 512 683 333 257 580 530 498 506 516 645 364 278 586 524 529 521 491 
1020 4 32 662 514 510 535 490 1024 0 187 708 547 527 499 487 1024 0 144 712 570 530 520 537 
1020 4 87 643 490 508 517 517 1024 0 284 682 533 539 492 530 1024 0 246 690 556 524 487 513 
492 480 473 527 520 510 529 531 533 442 516 509 527 506 508 522 504 462 508 504 539 516 494 497 
963 89 517 504 534 508 488 525 983 80 585 512 506 521 496 493 968 89 523 506 536 509 516 508 
957 119 643 455 490 503 516 540 979 107 655 488 517 536 529 494 962 108 623 467 493 478 489 483 
991 61 459 470 490 537 511 527 999 59 539 499 491 497 518 479 990 61 440 477 505 510 513 497 
999 78 662 488 490 502 536 480 1005 111 697 501 513 508 504 484 999 90 625 501 490 482 510 501 
960 126 564 521 527 503 534 536 983 126 576 518 509 513 520 535 964 109 522 496 502 529 488 528 
736 388 593 520 524 531 506 511 805 351 521 536 544 506 504 506 744 335 619 533 500 551 521 505 
944 111 602 593 491 537 493 517 959 115 613 602 532 523 514 528 924 117 568 547 514 513 515 509 
994 60 690 512 517 526 532 533 1008 68 724 524 525 501 491 509 989 65 642 438 510 542 505 515 
789 248 443 518 540 511 508 478 821 227 458 484 509 513 557 517 776 264 374 509 504 504 491 498 
981 43 581 453 522 533 499 505 983 41 936 160 494 504 502 511 980 44 841 209 516 511 491 527 
1024 0 916 110 364 508 504 499 1024 0 1023 143 704 568 515 512 1024 0 1021 39 695 538 517 508 
1024 0 900 128 369 500 481 526 1024 0 1019 133 685 541 528 522 1024 0 1016 71 630 545 535 529 
398 722 371 634 462 476 487 482 474 675 361 575 432 530 526 539 477 548 485 419 520 492 517 509 
19 493 816 738 504 543 508 538 240 283 595 515 422 560 496 527 240 240 604 237 542 521 528 529 
238 786 703 665 471 540 542 491 806 218 227 369 378 474 555 521 899 107 230 237 363 564 486 503 
1 1023 1022 341 669 554 502 536 198 826 826 831 827 596 495 523 596 428 428 460 524 508 537 508 
0 1024 1024 316 694 495 539 513 183 841 841 841 836 622 510 486 817 207 207 207 222 513 544 511 
129 895 895 685 275 434 498 507 332 692 698 822 728 606 488 493 815 209 252 326 317 456 475 501 
719 305 300 284 417 533 511 491 949 75 82 837 470 531 488 534 967 57 299 712 594 498 525 508 
631 393 396 334 504 465 519 506 814 210 288 771 531 500 519 518 968 56 250 587 548 498 514 506 
51 973 945 731 316 490 501 531 726 298 302 318 330 423 517 548 974 50 69 107 507 494 472 510 
0 1024 1024 964 178 485 515 516 926 98 98 98 176 439 542 512 1024 0 0 61 829 422 497 499 
19 916 841 417 574 540 505 490 249 729 658 627 574 557 508 506 594 402 316 326 476 529 503 521 
507 506 430 431 507 492 535 504 853 171 130 606 512 504 496 507 913 111 214 658 538 512 512 547 
400 613 495 559 485 523 506 498 568 492 481 511 544 496 531 507 644 423 473 498 471 523 534 499 
699 460 553 562 543 510 523 504 720 565 450 486 473 492 483 490 710 542 477 400 534 502 494 521 
94 657 414 564 504 512 516 529 113 664 489 536 549 512 509 485 103 650 454 566 537 527 507 492 
107 804 564 522 521 492 502 536 151 781 639 507 469 528 514 514 117 807 608 520 490 505 511 502 
351 349 716 523 493 511 485 522 376 335 729 520 522 561 509 540 359 320 739 312 569 499 513 535 
403 723 598 446 538 526 501 515 467 650 579 439 529 494 533 497 413 563 727 561 528 517 521 525 
320 645 575 503 518 526 511 514 415 569 493 516 533 519 507 524 353 620 547 513 515 492 517 514 
413 563 442 461 513 511 504 534 567 424 334 440 501 490 530 526 528 445 370 460 490 517 509 511 
754 270 272 392 458 520 512 461 973 51 66 302 565 534 532 469 951 73 84 293 563 511 508 551 
589 362 337 373 541 514 503 503 778 179 156 402 496 498 495 506 752 192 186 388 486 509 492 525 
366 567 537 517 530 514 501 491 480 471 453 438 480 525 499 503 400 518 517 500 501 516 522 520 
660 370 455 518 486 517 525 549 724 313 432 524 512 517 530 495 667 367 456 505 491 476 554 476 
920 156 390 506 495 495 527 484 935 146 432 529 554 533 531 521 924 145 393 522 509 507 530 548 
1013 65 682 500 479 508 528 544 1023 89 706 510 513 493 516 521 1016 66 659 498 491 491 512 486 
976 112 580 484 504 501 503 495 987 116 618 497 527 534 509 504 972 100 562 507 481 510 511 565 
989 88 549 539 538 531 525 503 1001 103 584 515 539 511 515 501 989 73 540 533 508 500 518 526 
915 214 575 562 519 523 510 477 942 234 541 544 497 506 525 488 906 166 601 595 530 521 517 474 
926 115 492 479 531 533 530 511 961 92 506 528 517 508 516 509 928 105 440 515 505 492 507 499 
921 111 434 488 502 492 521 508 948 86 476 501 510 520 517 501 900 127 367 495 496 507 509 491 
689 311 273 466 538 506 509 499 727 280 262 523 501 523 511 516 666 309 269 512 502 506 501 510 
1024 0 4 594 575 487 513 525 1024 0 171 752 500 539 525 512 1024 0 68 771 546 519 514 509 
1024 0 57 773 625 498 527 490 1024 0 395 601 440 467 519 530 1024 0 243 693 518 527 525 530 
1024 0 212 663 592 507 519 526 1024 0 544 473 447 522 500 495 1024 0 394 581 491 512 521 518 
573 697 301 516 522 530 520 520 590 655 370 505 519 504 531 538 570 488 529 547 500 536 505 504 
45 304 883 658 466 543 527 512 170 201 765 548 483 538 507 506 168 156 800 258 426 547 498 503 
1 920 574 340 474 505 515 510 37 909 682 624 505 510 508 498 117 767 644 613 546 475 507 514 
0 1024 680 337 527 497 512 494 27 997 997 833 526 491 535 510 293 731 731 703 529 511 490 507 
0 1024 868 248 720 519 516 489 53 971 944 857 750 533 476 533 538 486 486 393 399 430 509 513 
61 849 646 424 548 477 520 511 172 779 683 637 535 510 527 503 287 699 589 601 525 525 478 507 
98 721 812 671 581 484 486 523 581 328 332 353 565 500 530 515 665 273 254 572 468 490 520 521 
165 804 663 625 577 537 538 495 655 360 243 459 512 513 490 550 725 298 212 714 492 474 483 491 
159 793 532 471 494 513 505 520 305 714 594 544 451 496 506 505 407 627 597 491 507 505 529 508 
364 660 866 528 431 512 501 550 725 302 624 494 425 528 512 513 945 93 406 340 600 506 499 562 
557 437 696 340 520 516 521 507 632 383 830 611 534 514 521 520 802 230 688 533 503 501 513 517 
655 341 683 449 506 516 524 517 813 228 670 578 508 535 510 462 888 186 634 565 469 508 525 503 
609 415 666 545 516 524 527 537 833 258 556 496 533 504 516 533 918 212 503 475 513 494 503 519 
429 571 636 511 525 507 501 506 728 279 468 504 497 517 525 504 780 231 465 507 493 526 527 498 
258 692 689 356 513 468 509 508 384 588 688 584 529 516 529 535 350 615 696 612 535 535 501 486 
211 542 289 522 498 520 478 507 239 557 509 523 492 508 533 495 234 548 390 576 513 503 525 516 
458 560 304 504 556 527 505 511 479 537 351 551 537 520 497 509 464 427 460 491 537 503 531 525 
746 286 407 649 524 516 495 510 785 225 441 691 514 531 539 493 739 224 474 570 537 484 493 544 
806 173 261 717 467 518 512 501 832 149 531 559 607 537 520 517 826 154 385 676 599 468 516 549 
604 161 444 454 494 506 508 506 692 75 470 438 653 494 480 484 688 78 433 412 478 527 506 505 
884 99 286 384 472 497 517 494 927 56 332 568 533 562 521 530 927 54 312 510 545 524 541 520 
383 438 401 505 507 482 510 500 446 395 433 516 514 538 513 520 435 371 413 534 546 509 489 525 
327 673 592 529 550 515 515 475 402 604 558 522 529 517 505 492 325 673 595 521 543 484 527 545 
870 160 327 543 507 536 514 500 918 117 325 545 529 496 509 521 880 150 305 540 504 489 545 527 
945 102 374 528 547 513 548 520 975 92 426 526 511 520 526 520 959 95 349 520 539 502 494 511 
984 48 390 496 545 528 524 515 1016 32 489 583 506 493 528 538 996 36 375 483 503 540 526 497 
933 96 366 542 477 521 505 498 988 45 511 464 500 527 517 516 934 94 362 553 479 519 519 500 
949 76 396 495 531 501 518 520 987 44 501 478 491 520 521 526 946 78 367 527 497 467 502 524 
931 100 324 495 500 515 518 508 979 60 339 539 512 534 498 494 923 107 319 508 492 516 526 520 
575 343 380 519 530 514 512 509 612 315 379 507 542 517 512 502 553 334 398 506 503 510 503 503 
516 475 405 489 524 499 497 518 582 426 357 507 498 533 523 512 494 485 430 476 527 523 511 517 
444 468 496 441 458 500 505 497 607 304 348 373 528 476 536 502 506 385 455 399 467 562 495 525 
867 157 157 166 354 515 500 495 1024 0 0 175 693 464 532 523 1022 2 2 74 514 549 494 509 
956 68 68 84 449 534 523 504 1024 0 0 317 601 502 507 522 1020 4 4 158 574 499 516 515 
913 99 88 197 540 459 487 493 969 45 33 463 529 499 526 527 958 49 47 281 581 580 526 522 
502 725 325 456 485 524 497 526 496 701 376 501 488 516 541 524 483 554 535 531 480 561 539 516 
61 102 906 478 658 503 507 526 59 125 888 525 635 496 512 513 55 81 876 350 342 503 522 505 
0 471 636 538 501 494 540 510 0 756 400 507 500 507 528 531 0 750 377 491 485 518 522 497 
135 839 490 387 509 505 516 499 200 799 661 651 567 525 534 532 352 634 593 501 483 525 502 550 
440 487 610 429 535 543 524 523 469 599 640 666 502 456 511 475 503 577 644 639 590 499 526 543 
560 464 683 308 506 497 492 498 572 465 885 656 473 516 524 516 601 449 900 709 586 500 470 511 
675 228 507 479 511 492 497 496 708 248 719 513 508 545 520 521 727 263 748 525 509 497 481 515 
766 257 511 464 492 552 491 522 886 145 691 486 489 515 484 496 909 141 708 574 539 481 497 542 
591 433 603 521 491 500 505 499 799 227 630 460 564 493 491 505 874 162 637 473 443 541 537 514 
524 500 578 615 517 526 510 507 928 96 310 369 570 489 523 474 1000 37 278 419 540 529 543 482 
104 920 733 506 554 531 515 525 295 730 751 575 560 522 534 500 456 569 611 599 433 524 510 488 
62 961 822 554 495 531 529 473 399 625 603 482 538 485 501 518 532 492 466 521 500 512 525 507 
87 935 804 565 519 513 516 483 481 543 529 418 508 555 514 505 599 425 410 433 483 496 546 509 
43 546 826 422 488 490 523 516 185 418 789 472 473 541 497 487 208 396 727 447 449 499 511 521 
25 394 666 296 455 519 511 473 58 410 655 425 523 540 499 522 46 470 586 427 481 498 507 524 
18 643 637 377 538 489 526 533 60 622 747 508 554 520 510 528 51 637 734 429 463 493 523 521 
233 372 661 435 498 547 553 543 296 320 695 593 480 476 540 487 270 338 646 532 522 501 497 490 
298 277 537 450 443 547 487 524 298 306 649 465 641 492 496 501 298 348 549 442 455 544 534 530 
30 181 811 348 540 516 528 488 30 326 712 402 560 487 491 528 30 461 558 292 508 506 516 491 
202 89 687 495 485 551 510 545 234 155 644 473 477 477 497 505 229 185 591 388 493 553 505 527 
340 159 468 582 507 530 519 514 351 214 479 565 546 529 526 516 349 167 472 603 508 491 487 534 
18 617 618 466 501 561 519 522 41 718 536 464 501 510 496 530 20 691 543 484 511 521 514 487 
135 884 725 538 527 477 509 529 214 810 703 564 518 518 511 497 156 865 726 552 535 516 531 500 
645 380 417 503 501 517 521 525 738 288 385 492 528 515 500 521 659 365 411 500 540 522 526 491 
823 224 408 555 485 495 499 517 915 142 429 461 487 510 512 505 829 208 373 579 492 540 529 502 
737 300 363 613 481 518 530 521 822 231 409 587 545 457 507 517 732 297 367 564 476 530 532 495 
876 174 228 753 532 497 508 505 924 134 606 357 387 523 479 541 848 186 253 780 457 511 486 505 
852 239 315 786 594 479 470 526 887 217 724 347 350 459 500 490 845 225 322 759 452 546 522 519 
539 489 538 615 539 486 482 511 645 399 594 464 483 510 484 499 517 510 567 604 568 495 513 500 
629 370 439 529 517 497 501 526 663 342 489 496 495 472 490 539 586 406 428 549 516 528 544 516 
893 132 212 532 527 538 531 506 936 90 265 642 493 500 524 492 886 139 213 587 509 496 521 496 
885 136 290 400 542 515 551 491 902 119 374 666 538 500 492 501 887 128 336 636 450 500 518 502 
974 50 450 395 549 551 493 475 1024 0 519 598 524 536 489 506 1024 0 471 579 466 536 501 534 
801 162 528 395 487 527 502 510 892 76 500 467 532 485 510 517 886 74 480 421 497 497 482 496 
568 356 566 418 537 514 501 504 697 232 503 372 493 515 507 524 671 225 509 368 467 490 524 499 
386 437 523 572 545 530 484 508 380 453 524 549 521 503 521 511 367 435 480 513 491 517 512 535 
261 109 879 484 663 501 490 508 259 90 898 443 681 495 479 517 254 62 819 336 333 500 517 493 
31 647 561 512 516 530 506 516 106 675 631 475 521 535 531 523 141 640 596 482 501 505 485 508 
108 596 627 504 539 502 510 527 266 449 528 501 567 522 517 544 304 309 582 565 529 521 516 516 
323 701 599 617 498 533 491 514 656 368 415 467 514 503 524 529 751 274 392 401 488 517 500 533 
293 731 481 536 477 533 498 500 414 610 667 510 517 471 518 531 458 567 695 512 497 525 526 506 
112 912 760 400 559 515 538 522 234 790 790 692 528 509 520 533 337 687 707 680 595 551 519 521 
214 810 778 516 510 531 538 539 582 442 438 561 512 503 515 546 727 297 318 446 497 501 515 538 
79 943 756 649 470 506 524 517 425 599 547 401 497 529 523 498 571 453 379 306 474 522 497 509 
52 966 611 563 517 484 517 532 216 808 715 436 465 491 501 542 267 756 636 389 522 519 535 540 
5 991 413 460 540 496 495 517 26 992 718 487 503 513 507 527 29 986 662 506 489 503 502 487 
0 1000 203 603 510 532 508 507 9 1015 535 580 530 511 510 504 1 1022 420 659 554 529 493 502 
0 1023 487 524 471 496 532 521 20 1004 830 419 547 521 515 511 14 1010 771 394 577 496 508 521 
2 624 794 595 540 492 510 511 81 574 803 628 607 505 528 463 51 599 794 675 420 528 529 519 
0 700 313 443 512 513 538 518 0 926 133 453 513 500 510 508 0 957 142 519 517 488 511 497 
0 643 312 476 471 508 517 499 0 794 252 587 520 532 502 492 0 836 263 573 529 521 522 533 
0 94 825 460 486 530 541 497 0 110 853 692 447 507 513 507 0 170 808 285 555 516 519 531 
0 381 406 557 562 514 541 512 1 460 571 468 502 514 515 492 4 574 502 446 494 498 518 501 
0 572 446 454 507 514 507 546 0 837 266 523 513 530 513 542 0 945 244 542 530 515 519 517 
0 125 764 643 504 513 497 511 0 387 632 507 397 523 525 496 0 490 528 442 541 521 513 520 
0 645 349 480 534 502 537 520 7 752 345 588 464 519 510 517 5 721 303 608 494 480 480 519 
0 773 432 551 511 502 518 502 2 856 653 401 502 489 541 529 0 825 649 402 494 526 534 479 
87 900 706 528 484 507 517 503 309 703 555 546 487 487 523 516 258 757 590 561 507 512 485 507 
81 940 769 617 546 499 504 476 438 586 495 364 456 530 509 516 362 662 531 401 481 527 525 509 
159 865 735 581 490 500 504 523 403 621 582 489 489 480 526 521 343 681 630 504 495 517 505 508 
256 766 721 617 469 502 522 519 353 678 695 657 565 520 532 507 310 719 719 568 500 497 509 541 
506 512 530 475 520 513 486 509 571 453 582 513 508 478 518 479 528 496 574 480 509 502 485 550 
810 214 266 598 543 507 494 476 900 127 254 637 569 512 513 522 845 179 220 613 477 517 512 510 
616 344 466 513 541 490 486 501 672 296 473 521 531 509 495 511 615 344 433 533 521 525 523 504 
978 45 534 624 484 511 502 508 978 51 671 695 493 480 526 517 976 49 637 696 496 482 509 523 
1024 0 658 632 485 520 508 518 1024 14 805 673 518 519 520 509 1024 3 739 720 533 477 516 528 
1024 0 674 730 444 509 501 482 1024 23 780 737 603 551 525 489 1024 12 702 820 579 531 506 522 
1024 0 503 709 513 519 510 518 1024 23 686 665 535 542 505 516 1024 5 557 766 548 517 509 523 
559 307 324 550 503 492 520 520 572 297 392 651 535 542 492 516 555 286 303 693 484 487 508 496 
356 425 493 555 472 501 527 507 380 422 557 530 540 511 499 550 350 424 504 544 501 515 537 512 
585 305 743 582 468 490 517 503 568 343 736 510 485 524 547 512 561 326 674 321 486 502 538 523 
207 226 855 384 591 500 520 498 205 229 876 411 568 487 469 503 199 224 726 398 470 492 510 525 
1 446 628 421 580 509 522 508 2 466 780 332 589 442 476 509 2 428 676 452 458 486 490 491 
56 808 608 489 499 500 541 512 91 798 739 391 541 500 495 488 80 762 721 462 534 516 530 506 
32 992 594 595 469 491 497 505 171 853 765 347 454 518 532 504 208 816 691 376 489 505 506 501 
1 1021 394 590 512 536 514 527 27 997 767 395 513 543 486 513 46 978 734 413 430 506 541 520 
121 894 268 623 539 511 521 541 175 848 523 481 499 535 531 492 185 837 406 547 558 508 520 514 
16 938 199 436 524 525 511 521 19 1003 320 639 494 515 522 522 20 997 264 581 447 509 509 523 
0 943 99 415 555 543 505 499 0 1019 229 620 506 513 504 508 0 1011 170 551 481 512 519 511 
0 942 111 400 481 489 502 497 0 1016 170 560 530 506 520 521 0 1005 117 505 521 519 503 513 
0 868 173 480 478 534 502 522 0 1013 163 545 554 513 530 492 0 998 85 573 517 533 476 496 
7 967 286 312 485 519 477 529 19 1005 290 523 551 518 528 513 13 1005 283 456 473 506 496 536 
220 802 511 423 506 482 517 513 279 745 556 506 509 494 503 519 247 777 551 457 509 503 505 512 
108 479 735 682 502 507 522 509 163 467 700 635 571 508 494 517 140 466 726 663 432 542 537 539 
15 985 646 503 526 514 490 519 40 972 816 456 509 495 530 501 85 928 843 469 513 558 527 512 
1 317 332 685 399 548 525 512 9 360 536 570 592 535 513 536 17 451 751 425 561 511 509 513 
0 71 776 771 328 504 523 524 0 114 797 793 522 508 486 518 0 89 880 480 535 531 498 516 
0 119 507 673 468 515 548 505 3 243 610 514 559 484 512 533 11 441 584 397 511 521 508 522 
0 453 552 510 527 521 498 510 4 586 619 498 494 535 502 531 8 737 590 539 541 507 517 488 
13 581 651 467 473 525 512 468 37 638 663 611 499 534 509 498 48 738 612 570 495 513 504 509 
437 423 562 604 460 530 522 521 514 364 544 625 521 489 486 521 481 374 563 638 475 493 509 506 
749 222 410 538 536 514 485 517 830 175 483 528 530 498 504 527 803 188 479 549 527 520 503 518 
974 60 496 550 517 534 515 492 1018 121 485 571 538 507 475 523 1014 68 519 617 531 540 530 510 
868 156 348 600 539 512 507 516 959 65 518 449 477 523 517 517 918 106 465 529 493 517 522 483 
835 194 302 618 534 509 511 518 989 42 323 544 531 521 517 469 960 71 271 561 536 495 498 536 
579 444 493 511 506 523 505 506 744 280 421 584 519 523 533 485 714 310 390 557 511 516 523 518 
523 474 470 580 487 532 522 496 864 150 143 476 548 506 518 525 836 177 162 368 484 523 487 519 
452 554 468 683 490 550 518 508 711 306 288 577 557 549 514 555 660 354 302 520 519 500 553 516 
54 945 681 507 569 533 516 509 245 766 668 475 538 513 534 518 208 799 635 530 519 506 482 530 
53 868 685 443 515 531 515 497 109 818 773 624 585 503 493 517 68 854 759 664 550 512 540 518 
293 615 417 547 448 536 499 513 308 616 607 575 510 496 468 506 296 622 578 575 501 505 532 539 
547 169 220 643 455 495 524 512 553 189 361 626 511 522 519 513 547 189 340 645 485 514 514 487 
617 111 428 613 522 499 487 526 625 112 545 593 486 515 533 513 623 91 508 612 479 504 496 503 
58 573 509 512 530 526 516 502 72 602 545 496 507 512 502 493 44 573 515 529 507 500 534 505 
84 585 512 528 540 529 539 524 98 626 554 505 497 526 499 486 66 621 512 558 525 501 550 536 
201 770 586 469 527 481 527 509 255 716 556 524 498 491 513 490 163 793 594 448 499 526 493 502 
175 536 657 541 514 468 510 520 249 469 595 476 474 516 517 527 134 544 703 464 551 500 521 490 
73 484 839 342 531 486 485 512 88 473 844 393 595 467 490 520 18 517 758 473 485 504 503 498 
97 769 778 408 550 495 520 516 146 722 759 509 513 478 497 534 82 769 782 411 526 530 509 509 
15 948 377 625 527 518 511 528 20 950 676 436 502 542 531 512 8 950 515 561 501 513 494 490 
0 1014 174 699 498 515 492 495 0 1024 642 398 541 500 533 517 0 1024 494 472 469 525 534 511 
0 989 54 420 538 506 514 510 0 1023 157 708 475 523 536 509 0 1013 105 509 644 508 493 489 
0 977 147 433 392 533 514 525 0 1023 299 413 571 496 502 548 0 1010 237 364 459 533 512 508 
0 994 273 363 530 505 491 513 2 1021 321 610 538 526 522 491 0 1012 288 481 484 487 514 540 
172 851 393 577 527 486 500 518 241 783 565 433 527 487 515 523 217 807 448 547 509 503 530 496 
420 604 521 373 477 511 480 541 487 537 532 353 555 545 536 511 449 575 537 347 491 501 509 481 
732 292 313 461 532 501 519 500 849 175 242 517 529 510 522 511 761 263 310 488 539 507 506 509 
973 51 198 516 470 503 532 512 1010 15 323 516 561 522 500 535 996 29 279 529 552 465 495 493 
271 262 649 588 471 505 541 502 294 287 691 609 408 531 497 505 304 285 647 542 490 507 491 512 
8 610 548 511 502 508 508 532 32 673 696 440 551 489 488 532 96 768 616 508 532 546 505 544 
0 114 550 564 502 509 500 466 0 209 721 471 496 518 519 538 1 297 749 468 513 512 507 500 
0 105 839 751 320 582 517 534 0 191 816 695 436 575 530 512 0 103 893 595 509 510 514 492 
0 107 384 611 510 523 507 504 0 134 648 505 528 479 522 530 0 298 723 507 510 481 531 522 
10 240 647 492 516 514 549 491 16 365 729 494 497 525 504 537 35 761 409 512 503 496 501 514 
101 408 537 599 480 506 509 530 156 476 583 447 536 523 530 530 195 579 531 581 486 504 525 493 
479 156 711 517 479 501 512 514 489 196 809 655 550 510 485 521 480 301 698 600 540 505 497 535 
1001 36 506 603 524 509 497 515 1012 70 782 490 518 504 529 505 1011 53 757 514 519 507 504 507 
1015 36 783 440 515 519 524 512 1024 118 799 591 503 515 506 506 1023 98 805 555 513 524 494 541 
998 60 728 506 519 537 505 513 1008 149 763 552 498 539 494 530 1005 130 755 522 513 512 515 529 
1018 12 709 581 478 500 523 501 1021 62 802 563 529 515 503 499 1020 37 758 604 532 527 508 523 
1023 42 584 500 518 516 514 486 1023 85 721 391 515 532 538 517 1023 76 633 436 526 487 486 510 
995 29 317 532 487 511 514 529 1013 19 489 522 538 499 511 508 1009 17 401 482 553 492 498 525 
896 128 165 445 536 534 508 507 1006 18 220 615 502 528 496 503 978 46 176 556 497 510 521 523 
665 359 370 427 472 500 509 534 956 68 122 366 555 525 489 501 903 121 153 327 522 503 527 514 
149 749 733 520 544 500 504 488 384 537 544 491 498 490 531 497 300 602 627 524 507 543 499 487 
11 823 627 367 522 527 478 501 19 840 829 542 462 537 501 521 15 831 809 466 463 517 510 532 
0 685 362 610 480 501 508 506 1 740 584 468 528 497 489 514 0 703 493 536 513 522 494 499 
0 633 308 628 517 503 498 523 0 650 527 527 518 515 531 514 0 626 391 625 486 525 510 478 
0 705 380 520 514 528 537 477 1 789 504 459 524 529 500 504 1 762 464 453 527 497 500 512 
5 895 549 564 517 539 522 520 55 911 630 587 513 470 499 504 37 934 564 598 480 514 517 528 
773 251 239 449 527 539 513 516 903 121 148 507 537 524 503 505 812 212 206 445 547 540 519 509 
423 534 500 646 491 484 484 517 510 448 457 665 579 516 520 527 438 514 490 601 556 506 500 491 
151 175 840 277 545 486 513 515 202 125 798 289 440 492 499 490 151 170 583 499 550 524 515 512 
572 422 430 509 529 511 517 485 735 261 298 465 507 539 487 516 625 367 393 495 503 525 517 564 
122 814 646 458 473 499 514 526 178 760 673 415 559 509 504 527 126 795 639 464 451 517 504 496 
89 935 569 616 559 513 501 518 193 831 562 496 551 528 488 512 75 949 567 655 523 485 517 508 
260 764 465 664 482 536 516 564 336 688 515 566 547 491 514 508 268 756 454 672 515 522 541 505 
497 527 484 383 486 531 517 488 617 407 432 354 532 530 492 499 530 494 458 409 490 502 516 546 
774 250 271 435 552 494 555 502 856 168 238 498 546 550 519 513 810 214 254 466 586 520 487 524 
999 25 72 591 527 526 485 516 1019 5 231 638 498 510 521 514 1017 7 143 614 509 484 512 503 
996 28 162 471 511 517 495 526 1013 11 252 594 456 523 496 504 1005 19 221 481 469 524 532 522 
1012 12 310 578 514 505 520 513 1020 4 551 456 487 521 520 545 1017 7 488 481 498 533 504 504 
914 73 443 500 511 508 542 509 931 63 595 459 554 508 522 501 931 56 543 457 548 510 517 506 
255 509 564 458 516 482 512 498 367 519 504 523 544 514 503 503 400 511 530 463 539 499 522 520 
49 426 608 494 523 508 514 518 88 588 573 530 512 531 552 523 140 753 549 535 473 510 510 525 
7 236 591 531 491 508 520 500 13 505 565 483 510 518 493 510 76 815 481 536 520 490 512 535 
1 108 830 594 517 564 519 540 3 216 818 638 368 501 511 512 18 250 797 394 598 485 494 511 
8 308 683 535 474 489 506 503 19 376 762 494 504 514 493 550 48 571 597 548 518 507 498 520 
44 606 640 504 483 507 530 514 92 700 547 509 533 540 504 500 175 756 456 584 465 496 499 504 
17 680 449 427 518 496 542 520 26 837 430 480 557 506 508 514 42 933 355 468 468 495 524 545 
330 461 513 432 520 465 529 503 330 576 479 521 445 510 510 512 226 649 579 593 505 476 513 491 
807 58 797 477 506 507 475 508 808 71 891 698 458 525 516 522 807 60 886 635 477 531 511 535 
1013 17 806 517 474 509 499 538 1023 67 856 608 542 521 524 508 1023 45 861 592 553 509 521 500 
1021 20 771 530 516 491 527 527 1023 169 755 524 520 511 497 519 1023 139 773 513 541 508 514 526 
1023 29 834 542 525 530 507 520 1024 202 747 609 500 506 497 513 1024 148 788 604 520 507 530 516 
1023 83 789 535 533 526 489 528 1024 250 715 548 475 539 507 500 1024 203 749 532 467 516 527 535 
996 36 755 585 539 507 525 514 1021 105 785 623 522 490 495 515 1021 53 806 625 507 533 507 507 
1020 10 720 434 515 516 518 504 1024 17 894 552 467 529 507 518 1024 12 867 477 473 499 533 519 
1017 9 799 456 497 525 524 510 1023 44 877 621 522 511 507 519 1020 21 866 579 550 507 528 524 
830 168 611 508 510 501 507 516 895 178 573 571 502 528 502 483 875 164 604 549 506 534 527 538 
409 562 469 492 516 511 548 540 523 459 458 458 514 511 522 517 496 456 441 480 501 497 492 488 
268 732 647 438 559 483 522 498 383 624 573 482 484 554 530 513 345 649 592 406 528 490 481 514 
88 896 677 610 543 497 527 541 258 732 575 584 520 509 535 533 168 807 615 624 522 509 524 510 
104 835 650 592 520 521 508 533 218 737 613 473 512 496 503 505 132 790 664 542 476 527 500 490 
238 664 598 491 486 491 504 505 324 601 525 479 509 521 495 522 214 673 624 514 511 542 503 514 
831 135 526 460 405 504 510 513 837 118 690 344 571 484 520 505 809 129 635 333 502 520 518 491 
747 198 340 458 516 514 542 543 768 172 345 518 518 520 515 503 692 229 388 409 539 532 528 511 
507 170 848 467 469 518 504 511 535 142 827 544 514 547 500 510 494 169 784 581 452 519 534 511 
944 91 800 772 482 492 511 525 970 199 643 713 608 511 501 524 940 171 725 752 604 523 491 520 
962 151 834 740 468 525 508 528 973 277 693 637 533 511 514 509 956 246 754 645 508 479 530 510 
861 163 241 565 483 519 520 510 897 127 267 604 512 500 479 514 862 162 245 568 475 535 537 507 
1010 14 125 724 491 503 522 492 1021 4 251 717 557 522 507 518 1016 8 183 743 501 497 505 530 
1021 3 273 596 449 512 507 526 1024 0 407 623 526 511 510 500 1022 2 356 561 520 533 525 527 
1020 4 270 663 541 513 495 533 1023 2 484 577 476 505 501 527 1022 2 335 646 538 510 498 501 
1024 1 570 520 581 463 493 497 1024 10 725 560 505 501 515 540 1024 5 647 561 559 522 514 501 
1020 4 572 453 562 499 505 526 1022 3 806 421 452 518 523 490 1022 3 705 433 509 519 491 514 
1019 5 618 383 503 502 532 496 1024 1 814 445 532 496 531 506 1023 1 776 389 544 501 487 498 
426 65 683 498 565 512 536 494 431 161 738 335 619 538 509 515 429 68 777 424 666 454 533 522 
84 615 602 509 508 519 497 475 157 667 454 487 469 481 500 555 137 602 489 522 508 505 508 510 
389 500 556 503 516 520 501 487 428 557 457 404 499 503 510 519 339 580 540 429 491 501 526 518 
158 712 620 551 525 529 526 525 204 720 672 532 497 500 518 494 164 745 663 498 551 507 504 521 
77 398 671 447 554 513 511 537 139 515 614 495 538 524 510 509 153 531 636 408 483 529 490 508 
68 543 581 493 534 506 514 523 105 647 568 512 491 507 505 533 84 792 520 494 509 524 519 524 
141 818 319 379 471 496 532 522 157 866 266 348 539 529 520 519 64 899 354 403 426 542 489 528 
44 830 281 384 410 503 475 546 65 907 226 299 587 532 521 531 19 933 244 291 463 492 501 517 
21 394 704 726 522 529 502 533 68 531 560 590 482 523 510 500 64 406 669 689 542 492 503 506 
447 36 849 603 416 445 523 535 454 54 922 843 385 563 503 476 452 69 909 839 278 478 544 456 
1024 47 843 686 557 497 506 527 1024 399 566 500 469 508 508 508 1024 319 637 562 495 534 501 524 
1024 274 703 541 470 482 489 551 1024 642 375 389 525 513 511 531 1024 601 415 379 540 510 508 512 
1020 57 864 703 564 523 511 476 1023 432 554 445 472 513 499 560 1023 338 633 516 513 528 529 531 
1024 51 866 695 567 495 501 508 1024 328 641 557 486 515 522 492 1024 244 717 606 538 520 493 531 
1022 125 766 434 479 516 528 493 1024 267 722 391 585 502 527 483 1024 243 739 362 574 492 504 520 
1022 35 903 382 525 481 513 496 1023 121 872 477 508 540 496 539 1023 109 880 406 518 505 516 504 
1021 231 710 402 511 525 522 537 1024 431 551 328 538 505 509 530 1024 410 563 293 518 499 527 509 
1016 77 854 542 514 534 521 527 1024 211 749 542 535 510 515 505 1023 146 803 544 533 500 517 521 
1023 55 868 686 525 506 520 505 1024 319 655 559 493 503 523 529 1024 252 715 612 508 505 528 495 
991 38 758 459 519 514 538 525 1004 62 884 545 482 541 486 495 998 54 856 533 442 487 552 517 
907 123 636 444 521 500 527 524 937 100 768 426 475 510 523 505 925 109 723 435 449 501 507 492 
875 131 384 662 491 550 508 520 906 138 440 610 517 485 505 483 885 137 379 652 531 522 516 503 
998 31 653 394 498 503 498 499 1012 47 687 519 514 503 498 518 999 45 643 398 600 515 502 482 
963 35 419 623 550 534 472 549 963 35 757 297 503 494 491 445 959 35 624 406 549 486 495 522 
859 88 916 258 514 531 508 511 858 61 968 500 528 526 500 495 856 55 963 389 552 494 503 530 
804 150 872 627 480 492 491 518 804 202 817 747 498 503 529 537 802 154 862 744 471 522 513 533 
1024 161 863 833 596 522 510 482 1024 440 584 581 538 483 515 551 1024 387 637 633 550 494 528 482 
994 77 650 620 440 505 521 513 1001 91 688 621 520 521 516 538 1000 92 665 620 456 534 525 552 
592 416 518 524 525 513 523 518 671 340 523 517 505 524 506 490 628 380 527 531 509 514 509 515 
1015 9 706 397 522 490 509 547 1024 6 883 372 512 516 507 476 1023 2 783 400 526 547 513 500 
1008 27 796 529 460 515 507 506 1017 96 792 533 555 504 529 496 1014 76 781 538 538 463 489 496 
1023 14 839 381 543 523 491 501 1023 58 915 557 467 513 516 525 1023 35 923 519 468 491 511 525 
1024 2 872 474 478 521 504 508 1024 55 924 690 561 499 496 532 1024 29 943 673 516 486 520 508 
1023 6 565 492 557 515 521 509 1023 28 827 423 473 519 515 497 1023 19 719 454 516 506 525 531 
1017 12 676 497 535 515 512 515 1024 142 753 475 495 509 491 497 1024 97 743 523 499 516 529 525 
351 246 657 499 620 504 521 523 363 338 799 551 550 558 492 546 451 214 753 506 547 544 488 526 
343 453 444 544 485 496 492 532 409 472 507 493 537 531 540 536 399 443 546 529 497 524 491 492 
180 162 647 597 538 509 511 506 208 272 626 466 490 514 532 521 183 197 701 570 548 493 505 509 
0 198 641 586 540 578 501 516 1 240 683 600 593 503 520 515 0 192 656 614 534 550 497 512 
7 415 716 351 452 467 491 523 41 439 731 392 446 546 500 521 61 378 733 328 391 491 561 531 
39 263 812 511 501 526 502 474 39 454 672 439 621 492 491 502 18 418 751 414 523 507 543 516 
5 453 611 692 529 507 522 505 4 601 529 582 467 512 503 540 0 490 601 641 488 518 516 539 
0 484 506 492 502 498 516 534 1 552 547 478 475 527 482 513 0 492 530 465 500 536 545 510 
569 419 419 552 505 498 516 500 702 313 585 494 502 520 527 501 686 311 555 531 542 516 510 525 
584 378 419 506 515 501 503 485 914 68 250 652 595 520 542 492 926 51 309 708 537 524 523 518 
1020 36 723 657 520 479 502 534 1024 234 664 555 520 493 515 516 1022 180 694 615 524 518 514 508 
1024 92 822 631 526 488 516 523 1024 418 583 412 483 515 498 489 1024 340 656 456 511 526 527 512 
1024 178 770 437 524 512 482 497 1024 368 626 399 515 531 498 497 1024 348 641 368 481 506 490 532 
1024 10 895 534 559 503 520 528 1024 85 895 623 506 506 495 518 1024 55 909 578 540 520 531 480 
1021 89 861 667 552 510 532 523 1022 268 730 610 470 518 508 515 1022 173 817 644 532 523 519 505 
1014 42 831 375 567 528 503 497 1024 130 827 469 525 527 518 512 1024 109 834 401 567 501 514 527 
1024 205 769 498 565 521 505 515 1024 567 447 287 511 531 519 489 1024 551 455 274 449 507 489 529 
1023 14 942 390 574 538 528 495 1024 48 947 560 484 505 509 487 1024 34 948 450 535 525 513 528 
1020 23 867 398 543 504 504 548 1022 48 911 598 450 524 513 491 1022 37 914 471 527 489 523 500 
1021 22 931 548 498 534 517 522 1023 91 909 666 462 507 545 520 1021 58 936 611 504 525 512 511 
1007 43 869 509 525 513 523 502 1022 124 864 597 483 528 532 530 1020 84 888 550 485 509 509 518 
1023 85 893 654 595 489 510 514 1024 397 597 453 413 570 526 544 1023 311 674 410 480 482 520 500 
1020 7 802 377 482 524 499 514 1024 40 905 320 545 519 533 506 1024 26 765 397 515 514 506 497 
997 16 531 482 514 491 497 532 999 14 819 251 513 514 509 487 998 14 699 327 509 550 502 480 
814 110 877 393 563 526 483 521 811 120 906 627 462 501 479 521 809 105 881 514 497 520 487 547 
458 231 721 490 529 507 481 499 459 217 766 600 515 488 513 525 454 192 698 602 536 497 516 504 
634 191 793 583 482 494 497 530 638 221 740 638 504 512 531 510 628 196 685 685 550 522 501 521 
596 382 526 586 502 507 516 502 712 266 471 499 522 528 509 520 647 328 494 553 527 526 531 539 
885 140 510 468 523 527 502 524 918 112 638 422 537 500 536 527 903 124 571 453 563 500 508 494 
1017 9 708 436 490 500 528 491 1023 59 781 589 508 490 513 511 1023 39 749 597 483 520 524 536 
1007 26 755 583 497 514 497 503 1021 123 747 697 571 511 502 513 1018 87 751 753 525 512 499 515 
1019 14 826 360 489 524 506 494 1022 107 854 464 491 514 515 537 1022 81 856 421 495 476 488 512 
1021 9 832 481 483 521 505 523 1022 119 835 530 525 532 494 515 1022 69 863 496 555 491 529 550 
1022 93 854 692 549 513 504 519 1024 529 468 424 477 494 506 504 1023 467 527 462 470 497 502 534 
1024 199 763 454 554 517 551 550 1024 476 550 516 509 496 483 491 1024 441 578 473 514 525 510 489 
773 252 607 461 470 536 514 514 930 153 757 389 554 469 515 509 1006 76 714 374 529 521 521 518 
931 93 447 533 508 506 535 520 1012 14 792 339 448 516 536 529 1021 5 759 395 410 503 538 513 
566 210 527 503 521 490 499 516 580 242 747 366 484 510 534 518 574 222 728 409 440 521 481 502 
524 122 647 556 486 514 514 504 531 230 744 471 516 511 505 515 526 152 815 516 534 488 481 513 
73 38 940 138 444 389 465 533 75 52 955 244 659 553 543 515 73 45 964 136 569 544 449 523 
62 53 938 279 318 645 510 536 80 66 894 286 824 331 450 528 74 59 913 269 480 563 574 492 
749 191 216 619 531 507 526 520 797 176 504 442 514 531 484 530 792 155 487 465 462 518 543 488 
696 306 389 421 489 538 489 544 727 289 597 444 520 512 545 528 721 281 566 411 538 513 526 505 
763 255 320 521 504 512 502 538 837 183 540 458 511 486 531 478 831 186 501 476 513 517 496 524 
936 88 592 405 457 534 507 535 1003 35 686 616 533 515 518 517 996 42 684 618 519 495 517 520 
1022 31 887 652 487 488 514 501 1024 213 763 660 514 488 519 487 1023 177 792 685 490 480 527 520 
1015 58 815 548 534 480 525 497 1022 206 744 454 519 537 534 497 1021 178 764 451 511 524 519 497 
1022 20 861 476 522 508 509 498 1024 60 890 615 480 531 511 529 1024 48 888 543 519 514 511 520 
1021 39 911 529 505 510 514 532 1023 83 900 680 489 505 507 514 1023 63 914 614 502 480 499 487 
1023 225 732 603 552 507 492 509 1024 496 501 427 454 526 520 525 1024 424 571 460 487 539 538 512 
1024 81 839 568 501 517 533 511 1024 189 788 633 512 505 543 518 1024 168 808 582 517 514 507 499 
1017 25 874 487 525 503 507 531 1021 47 897 653 511 528 509 490 1022 35 898 567 520 520 498 513 
1022 32 920 490 536 530 518 487 1024 100 887 629 500 512 516 526 1024 72 907 545 561 484 496 542 
1024 165 815 647 515 481 513 527 1024 396 615 526 515 544 491 508 1024 287 725 598 517 502 514 521 
1019 80 845 660 531 489 501 520 1022 260 718 586 515 508 542 523 1022 164 816 638 521 504 500 476 
1009 41 911 427 514 519 509 540 1021 77 906 608 496 475 510 511 1020 59 912 446 524 494 486 496 
1017 23 912 420 512 503 540 501 1024 109 871 440 571 511 533 495 1022 61 891 425 517 518 530 511 
1021 104 735 466 529 499 517 533 1024 235 702 413 500 537 511 503 1023 201 700 385 486 506 502 500 
286 266 450 494 543 503 534 536 339 224 447 515 527 499 491 515 306 241 381 535 527 518 527 511 
32 93 322 657 553 568 523 534 35 90 574 502 575 533 517 516 34 89 486 552 513 485 519 503 
194 131 299 669 521 496 505 493 223 108 477 526 577 574 484 540 213 116 370 614 566 500 547 512 
571 210 501 436 494 491 530 504 629 158 531 500 494 510 494 529 610 172 516 483 502 523 517 497 
323 301 538 437 504 503 505 509 408 220 436 485 531 544 485 506 376 240 386 521 490 508 488 500 
865 215 242 473 535 491 499 499 927 156 308 553 512 524 531 518 890 189 305 511 492 529 510 487 
729 385 398 619 475 519 529 507 831 288 424 553 534 498 482 509 682 426 499 627 507 498 514 500 
938 245 629 464 500 506 520 499 1002 225 579 680 553 489 513 480 928 258 666 664 518 492 515 506 
1007 28 782 386 508 496 469 492 1014 53 844 565 524 492 520 500 1013 34 839 528 515 526 506 529 
1011 60 875 723 550 500 535 489 1016 365 613 533 494 514 499 522 1014 241 739 649 543 515 530 493 
1024 66 890 753 524 519 512 521 1024 475 524 485 479 498 490 508 1024 335 659 604 504 498 503 539 
1023 22 889 464 510 521 537 535 1024 132 868 698 540 509 514 510 1024 99 893 664 544 501 542 489 
992 33 502 510 518 550 501 540 1022 41 822 416 497 511 515 512 1021 35 822 390 488 490 500 496 
985 39 280 631 513 498 516 491 1022 4 812 394 512 497 476 491 1022 3 811 392 502 494 531 505 
891 133 246 707 531 485 524 480 965 72 779 356 553 537 488 502 963 76 800 419 531 497 513 540 
978 49 462 555 533 545 525 518 1021 191 632 292 566 496 518 497 1021 204 719 164 461 533 508 504 
56 629 843 412 605 486 512 547 478 248 495 471 522 562 519 519 566 161 494 466 601 515 490 512 
173 517 646 311 490 529 512 519 461 269 548 431 602 443 483 498 575 156 501 441 551 514 526 498 
841 183 356 595 513 518 533 477 987 43 677 407 513 513 508 517 1001 26 636 445 464 499 526 508 
928 118 336 578 492 520 503 517 1000 67 672 422 531 503 523 527 1003 67 680 440 509 509 498 512 
1023 1 700 408 510 507 510 503 1024 64 921 594 543 537 489 494 1024 81 912 648 525 527 550 541 
1001 23 795 340 518 527 531 505 1020 34 924 562 538 512 492 521 1022 38 922 496 560 509 514 504 
1006 106 822 716 538 518 501 519 1017 390 592 490 506 520 503 509 1020 339 640 533 512 501 513 532 
1023 254 716 659 566 503 516 490 1024 629 371 378 461 511 512 475 1024 548 449 437 488 528 525 519 
1024 102 885 732 515 482 502 481 1024 246 768 721 540 513 512 532 1024 184 829 755 528 506 514 527 
1021 233 687 533 518 510 515 495 1024 314 657 637 530 531 523 493 1024 296 665 617 527 519 524 530 
1024 111 889 733 530 506 501 516 1024 283 740 683 545 499 537 508 1024 215 809 718 544 493 489 511 
1024 184 798 681 508 502 514 534 1024 433 576 541 523 514 503 489 1024 362 649 596 515 501 497 498 
1024 128 847 726 546 541 563 528 1024 422 584 544 510 524 493 505 1024 328 675 615 528 501 495 516 
1023 274 714 578 520 480 513 518 1024 536 472 418 508 508 521 511 1024 408 599 510 554 533 484 516 
1022 245 732 627 501 526 505 512 1024 510 511 435 516 496 498 512 1024 389 633 528 528 542 511 535 
1024 182 798 618 531 495 509 516 1024 407 603 515 475 513 513 496 1024 310 696 567 512 531 519 491 
1022 146 857 725 532 504 491 516 1022 331 684 631 528 527 511 507 1022 232 779 670 531 536 510 506 
1023 167 784 509 484 487 507 538 1024 316 678 440 537 518 487 497 1024 234 736 455 486 529 573 520 
1024 338 632 555 514 502 499 527 1024 600 400 367 521 502 517 513 1024 477 508 454 513 495 526 493 
159 279 465 541 557 508 513 558 204 242 490 591 558 480 561 493 189 230 434 633 555 497 495 515 
4 120 244 658 500 503 515 494 8 129 298 666 497 492 551 496 3 85 258 554 537 537 552 499 
38 477 497 627 530 508 509 501 107 414 485 686 522 530 508 508 67 450 465 648 541 500 533 504 
131 662 653 473 508 533 528 458 180 638 640 547 538 513 497 501 150 652 622 490 491 537 513 527 
523 418 392 480 478 482 513 514 590 354 365 554 531 512 520 527 466 469 436 396 499 523 493 513 
876 187 164 656 430 512 491 522 962 101 117 750 604 518 520 505 815 247 227 408 562 495 491 518 
985 39 76 623 579 474 492 499 1012 12 247 648 511 518 517 491 932 92 97 585 435 514 539 529 
984 44 185 521 566 539 520 511 1020 8 453 401 481 513 519 530 934 94 192 541 568 522 522 507 
922 260 511 500 488 519 518 511 1011 181 569 390 570 535 483 521 924 255 482 479 490 485 536 542 
943 259 699 495 536 524 515 501 986 255 695 584 495 531 499 539 947 269 705 555 511 503 500 493 
1018 115 834 696 517 520 533 510 1022 383 606 549 507 497 512 497 1022 287 694 615 546 493 507 551 
1013 40 860 526 516 497 522 517 1019 130 811 661 505 515 525 524 1017 106 832 651 497 509 527 508 
1018 14 801 376 489 523 525 494 1024 99 849 527 530 508 515 524 1024 86 851 501 537 479 497 534 
997 28 703 349 494 521 508 506 1015 24 913 354 558 493 486 492 1013 21 912 318 551 494 480 524 
996 44 669 683 541 504 489 507 1019 366 502 342 469 534 501 518 1017 346 506 367 483 484 511 506 
993 60 451 697 557 544 507 518 1021 256 587 300 558 506 502 524 1023 262 528 342 573 526 527 533 
846 178 426 577 547 495 534 491 1016 13 733 268 488 525 490 519 1019 8 755 271 463 537 498 520 
694 330 629 473 502 504 512 507 932 103 679 440 544 521 495 496 988 46 636 505 489 515 512 526 
1005 32 812 446 512 522 518 506 1022 98 872 669 517 533 539 506 1023 89 894 647 531 507 543 515 
1023 59 863 553 506 527 495 504 1024 304 698 419 520 522 495 517 1024 248 755 447 572 494 548 512 
1021 20 882 505 495 485 526 504 1022 80 899 693 464 520 529 511 1022 69 905 616 500 528 494 521 
923 104 846 365 589 509 519 514 946 113 891 657 471 497 507 520 946 106 889 623 499 465 514 522 
875 186 876 515 524 510 513 521 924 196 822 646 518 511 514 518 945 157 811 573 527 506 522 528 
1023 262 701 443 511 506 521 467 1024 422 579 450 489 526 511 552 1024 407 586 415 500 491 495 527 
976 146 765 417 514 513 527 505 978 201 761 518 510 530 494 519 971 191 763 453 548 502 484 515 
1023 362 603 390 558 499 515 524 1024 453 546 542 507 493 506 509 1024 438 569 477 536 491 518 519 
1022 361 604 519 495 528 523 513 1023 532 458 481 540 503 538 527 1023 482 508 493 541 495 488 498 
1023 529 454 432 497 514 513 546 1024 801 197 269 524 537 517 548 1024 777 222 280 507 495 528 470 
1024 556 419 370 506 528 511 533 1024 767 242 360 535 531 513 511 1024 752 257 323 509 523 489 500 
1022 565 429 396 478 510 485 516 1023 823 196 291 525 529 520 524 1024 776 241 281 507 527 493 522 
1023 64 872 460 550 540 533 515 1023 133 865 569 536 520 511 513 1024 115 876 514 524 516 518 526 
1018 99 789 578 521 496 490 512 1021 176 781 605 516 537 514 540 1021 120 840 569 511 486 510 492 
1019 84 906 526 544 532 505 476 1020 162 844 662 487 496 525 506 1020 116 884 478 513 516 515 533 
1019 275 680 589 505 481 554 516 1023 476 514 467 516 509 482 528 1023 397 585 512 494 533 543 525 
1022 267 682 607 524 530 507 500 1024 512 471 449 478 510 532 521 1024 373 609 538 511 548 514 519 
0 860 829 334 578 552 510 521 11 858 850 646 496 509 516 502 2 850 846 513 499 518 486 521 
138 750 552 503 500 530 495 523 158 739 628 514 505 523 509 500 133 720 592 462 492 502 500 494 
582 576 462 492 508 528 514 520 598 573 521 556 503 493 497 509 522 603 521 406 538 503 497 495 
896 203 228 528 523 525 502 497 921 181 291 584 496 502 513 516 740 333 341 476 467 527 504 513 
1020 4 24 416 544 514 520 484 1024 0 46 697 489 534 510 554 911 113 119 189 470 492 526 463 
1023 1 72 702 476 505 494 502 1024 2 235 755 534 492 507 526 1018 6 36 397 560 523 524 515 
1024 0 439 573 508 496 473 525 1024 0 792 248 458 545 523 539 1023 1 136 825 588 521 481 496 
1024 0 364 633 468 495 495 516 1024 10 630 460 540 500 514 498 1023 1 237 556 580 530 513 509 
1024 7 973 457 521 502 522 483 1024 63 959 714 537 516 521 503 1024 7 978 486 523 492 501 520 
1008 71 822 680 460 480 525 510 1022 140 751 786 581 529 520 507 1001 73 823 641 464 513 486 516 
1017 324 476 596 466 496 530 509 1023 428 420 597 529 523 498 502 1009 378 430 464 456 501 493 544 
1011 118 851 566 487 533 498 536 1016 226 780 600 488 481 528 507 1015 185 781 623 521 511 509 508 
966 65 819 408 518 494 509 532 986 60 876 521 484 528 499 491 977 60 866 458 497 523 523 480 
1020 282 587 422 494 501 489 525 1024 469 486 271 517 538 505 528 1024 461 483 265 486 524 500 521 
1024 172 817 682 525 530 518 531 1024 611 402 390 526 500 511 537 1024 576 435 406 500 489 546 490 
1014 56 821 518 498 515 504 496 1017 170 778 678 514 507 464 512 1017 146 795 660 499 499 491 516 
1021 10 819 365 510 518 500 523 1023 40 921 494 526 539 514 503 1022 28 922 438 555 499 493 506 
1020 54 855 481 544 504 502 497 1022 166 829 630 448 503 509 505 1022 128 859 597 470 528 538 502 
1024 446 493 395 496 504 541 513 1024 725 274 341 506 485 517 503 1024 703 299 284 544 493 514 505 
1021 213 709 418 518 515 540 530 1024 392 584 494 529 487 506 490 1024 383 600 423 574 503 536 518 
1024 18 912 409 533 543 480 503 1024 63 927 607 509 501 513 491 1024 48 939 553 503 526 529 519 
1022 16 872 404 551 493 495 508 1024 40 908 600 502 527 489 530 1024 30 914 512 533 540 516 488 
1024 166 751 517 489 503 509 526 1024 269 704 549 484 478 550 520 1024 249 708 515 488 536 500 525 
1021 517 427 366 452 513 515 491 1024 714 263 284 543 519 506 508 1024 694 276 272 517 513 505 521 
652 421 565 432 457 515 517 513 653 495 515 435 540 524 512 518 635 466 540 405 546 513 507 518 
736 244 573 592 478 513 512 539 735 276 559 645 460 498 525 492 679 284 620 547 528 538 519 524 
1000 109 805 646 529 529 524 494 999 250 703 592 533 509 517 518 996 207 743 566 530 484 516 530 
1023 325 650 559 540 504 505 527 1024 577 430 412 491 518 514 507 1024 531 476 450 504 515 489 521 
1024 475 512 437 469 495 505 513 1024 676 336 408 570 522 519 498 1024 661 352 376 536 522 495 507 
1024 359 574 446 505 505 504 548 1024 591 396 380 491 512 517 519 1024 573 416 363 489 505 512 479 
1024 309 680 486 525 514 501 514 1024 529 483 375 475 508 527 531 1024 456 553 357 506 505 530 524 
1023 80 832 403 511 492 535 509 1024 151 820 432 545 509 507 510 1024 117 821 401 517 528 518 524 
1012 419 492 458 504 515 491 510 1016 584 375 478 503 496 506 528 1011 520 434 456 525 521 520 530 
847 532 439 413 521 508 516 499 825 698 319 442 504 513 531 508 758 719 389 362 561 510 488 497 
1024 418 568 505 489 496 488 527 1023 628 386 409 512 494 508 517 1023 540 462 432 517 539 509 502 
642 862 458 618 526 518 517 524 658 835 451 593 510 513 479 525 626 629 672 471 540 541 501 507 
1002 777 262 700 537 500 527 513 1000 759 227 679 514 516 494 517 987 553 384 334 529 522 519 517 
1024 396 462 546 530 523 490 483 1024 401 467 530 519 512 527 491 1024 262 317 494 530 476 491 478 
1024 53 306 659 515 510 527 517 1024 58 426 590 509 525 485 535 1013 25 125 536 506 540 510 520 
1021 12 273 565 488 503 543 506 1024 14 356 600 525 519 533 494 953 71 176 413 522 509 546 503 
1023 1 536 445 518 461 500 515 1024 0 668 480 476 536 510 515 1002 22 315 496 527 494 539 523 
1024 0 811 285 484 486 520 509 1024 0 999 271 480 495 505 516 1024 0 521 526 592 527 543 498 
1024 0 590 532 512 535 530 534 1024 8 792 389 554 505 535 516 1024 1 350 676 462 512 533 526 
1024 390 634 597 478 530 492 530 1024 677 347 340 548 485 515 498 1024 50 972 921 686 493 507 510 
1024 399 642 670 560 528 508 495 1024 706 336 409 474 509 513 499 1024 268 757 774 555 507 517 502 
810 688 567 503 516 535 500 527 880 685 452 416 578 496 516 504 786 644 600 581 459 492 535 517 
889 198 670 572 507 506 520 533 919 247 621 536 488 519 526 507 874 256 599 582 507 510 487 492 
1001 218 718 566 538 512 507 501 1010 361 587 525 518 500 487 515 1006 306 634 529 529 533 527 498 
1024 244 754 725 595 507 515 492 1024 602 406 425 446 521 514 510 1024 500 503 517 483 519 511 521 
1013 239 702 439 526 511 478 499 1016 366 593 515 520 517 506 495 1016 333 622 491 511 523 510 548 
1018 368 572 496 512 512 511 513 1024 655 315 342 518 516 488 510 1024 608 356 340 527 540 521 524 
1023 176 763 557 491 514 503 528 1024 360 626 505 514 515 503 486 1024 320 657 495 518 511 517 487 
1024 117 838 570 538 496 495 547 1024 241 758 625 486 522 537 530 1024 195 799 623 498 533 499 493 
1023 362 582 555 519 505 522 505 1024 674 317 340 476 521 505 535 1024 600 384 388 488 526 521 520 
1014 223 752 708 578 521 527 506 1018 523 470 437 491 561 497 506 1017 414 577 532 520 529 521 518 
1024 52 867 571 543 517 512 537 1024 150 802 642 521 493 518 507 1024 108 841 605 546 519 528 491 
1023 293 630 486 514 532 522 528 1023 464 503 412 476 507 506 517 1023 429 528 417 475 511 526 517 
1018 406 561 501 496 510 521 503 1024 648 355 342 521 507 508 513 1024 585 417 386 528 520 524 512 
1023 696 279 276 467 517 512 498 1024 828 177 343 568 505 530 484 1024 816 184 301 571 520 519 523 
729 345 654 379 527 503 498 485 729 470 555 453 529 532 528 511 729 445 567 398 471 523 465 504 
688 230 648 473 549 517 509 526 685 245 648 574 525 507 498 498 639 249 681 480 578 503 512 515 
829 246 485 484 509 533 506 539 830 283 460 497 526 491 508 511 737 344 543 443 554 498 509 504 
919 136 698 491 497 513 520 509 859 218 743 616 525 487 527 510 785 279 786 497 546 498 519 505 
692 354 613 543 524 520 518 530 664 421 642 542 515 551 531 509 624 428 663 409 524 489 518 504 
666 398 630 499 528 522 519 526 635 461 630 532 538 499 487 502 599 426 667 374 526 528 535 498 
588 509 506 544 526 503 499 505 566 611 478 471 461 478 524 517 470 614 560 509 473 499 495 510 
292 733 449 551 518 510 518 531 292 733 418 541 569 518 511 498 206 743 423 511 519 489 543 507 
106 778 414 426 482 493 513 502 108 761 425 387 541 502 529 516 69 516 593 588 481 522 536 499 
113 579 519 469 526 492 515 516 111 584 537 481 496 510 512 508 100 457 520 507 510 503 537 509 
988 47 858 266 466 517 513 519 987 61 902 318 550 506 483 512 984 53 772 330 491 523 529 538 
1024 861 168 696 514 509 543 523 1024 824 200 594 475 518 515 491 1024 456 558 398 465 518 520 524 
1024 925 104 754 557 491 504 551 1024 906 99 685 434 520 495 495 1024 608 368 345 437 528 500 543 
1024 681 325 519 517 516 506 507 1024 670 335 501 483 502 512 509 1024 346 539 498 503 520 519 504 
1024 409 516 482 487 515 500 527 1024 433 521 487 509 499 491 540 1024 197 543 519 524 504 520 502 
1024 57 854 438 460 561 494 517 1024 65 928 513 498 457 480 535 1024 21 615 453 557 547 518 503 
1024 8 1012 641 454 509 502 512 1024 24 999 900 436 523 503 507 1024 2 988 171 651 490 506 495 
1024 12 1012 558 543 522 496 508 1024 40 984 831 469 516 520 522 1024 3 1005 219 546 520 494 493 
1024 22 858 358 545 501 515 502 1024 51 914 418 527 507 501 512 1024 11 615 461 468 515 507 518 
994 403 573 571 518 490 494 519 1015 514 451 471 521 542 490 491 956 318 697 669 494 486 524 509 
655 631 644 628 504 500 503 513 741 607 531 553 479 521 473 488 591 643 730 704 505 548 542 524 
841 387 750 690 506 502 534 493 855 568 549 553 538 516 525 528 836 515 637 601 475 530 509 519 
840 381 587 587 554 513 523 523 912 485 373 397 508 544 515 530 813 544 497 490 491 546 528 511 
955 489 480 472 501 517 536 490 963 729 246 320 522 502 512 499 929 718 312 339 505 521 533 531 
821 512 503 455 527 516 485 522 832 686 333 377 522 517 482 499 762 740 393 409 505 480 527 514 
1022 491 478 314 466 507 511 500 1023 665 324 372 537 512 530 510 1023 652 335 325 549 530 536 525 
1015 143 773 399 463 545 517 497 1016 217 747 408 511 481 502 509 1016 206 743 365 484 506 511 538 
1011 359 558 442 494 528 520 519 1019 526 419 393 507 510 525 508 1019 490 449 392 507 498 506 519 
1021 211 773 685 509 515 531 538 1023 415 585 551 512 522 494 517 1023 346 654 605 493 505 508 514 
1015 222 756 623 474 527 514 505 1024 398 606 558 503 505 533 490 1022 333 671 586 474 517 509 491 
1023 99 850 675 513 506 521 535 1024 205 783 690 495 491 510 479 1024 156 828 680 478 497 529 484 
1015 250 686 434 450 517 503 526 1023 339 640 446 542 504 531 542 1023 326 657 408 517 495 499 491 
1021 475 500 418 492 536 497 510 1024 680 315 325 530 523 539 516 1024 659 334 323 491 511 498 500 
1022 60 812 579 506 514 527 504 1024 106 789 701 507 493 503 504 1007 102 820 567 535 497 541 536 
868 169 593 515 506 504 525 521 841 230 616 544 470 508 492 518 728 339 696 502 514 513 517 497 
615 376 321 552 519 507 521 497 581 379 385 542 538 526 533 503 415 457 585 540 538 524 525 514 
587 506 283 463 554 532 511 507 504 611 330 472 516 528 536 497 333 678 547 514 540 502 508 509 
529 654 391 464 506 522 543 507 509 722 358 446 527 500 523 517 389 759 473 490 545 490 527 524 
495 632 440 454 524 501 528 528 478 686 425 424 527 496 519 504 405 674 445 565 539 507 499 525 
459 686 484 401 518 503 513 534 456 748 482 355 490 510 539 509 391 719 492 544 560 497 528 513 
211 792 509 442 501 484 499 516 219 801 647 366 445 501 518 506 155 769 673 575 496 500 512 533 
43 578 603 485 484 498 520 534 38 675 585 491 517 499 506 530 19 617 597 567 491 524 508 491 
5 69 156 798 385 523 564 518 5 85 171 851 420 560 510 525 5 24 192 660 442 470 540 489 
58 380 443 552 592 514 505 489 58 386 455 545 549 513 512 543 48 189 501 652 528 529 517 508 
738 225 608 404 521 483 532 518 740 223 643 385 515 538 530 480 727 124 635 487 519 515 514 482 
931 104 675 476 512 512 506 505 954 97 729 519 513 495 519 514 940 96 653 542 490 533 519 505 
979 552 478 567 494 510 514 500 982 542 498 474 536 474 507 509 976 177 777 538 550 509 504 503 
1024 688 342 604 502 534 518 492 1024 667 357 600 508 539 504 525 1024 331 643 426 498 502 504 523 
1024 905 129 570 535 498 530 472 1024 893 132 546 531 533 510 517 1024 520 495 420 507 531 518 510 
1024 408 616 534 513 514 534 529 1024 441 584 613 434 496 497 506 1024 215 761 320 416 541 511 487 
1024 241 778 727 397 486 523 536 1024 315 704 770 423 518 513 511 1024 117 893 338 587 494 517 550 
1024 89 935 843 366 518 540 502 1024 186 838 830 575 517 522 516 1024 34 989 506 544 503 497 513 
1024 240 783 743 412 526 518 503 1024 319 705 744 606 489 544 485 1024 108 915 479 581 543 520 554 
735 548 687 680 475 523 505 514 813 510 587 619 536 536 513 479 703 505 741 563 506 507 518 521 
557 525 628 635 493 501 488 506 634 451 609 599 498 543 529 529 512 566 653 653 462 494 494 529 
899 154 719 440 511 494 533 520 904 207 730 476 488 512 515 492 902 184 688 439 527 542 524 526 
999 308 660 585 485 483 523 509 1007 600 384 365 510 519 503 529 1005 526 447 422 480 497 487 492 
774 514 580 557 555 543 505 497 906 543 319 349 503 492 499 523 771 645 478 481 486 518 507 515 
843 216 729 592 486 522 516 514 847 276 683 634 521 535 525 521 793 291 760 618 494 483 492 516 
577 378 612 489 514 519 529 499 591 404 588 488 540 507 495 497 521 435 659 467 527 508 519 534 
1013 52 864 429 515 522 525 517 1019 75 889 501 508 512 504 518 1017 58 885 442 510 540 528 520 
964 106 768 438 530 502 492 505 976 125 792 445 518 492 508 507 970 109 784 444 518 523 513 504 
1003 35 895 356 521 508 500 522 1003 52 926 515 545 506 530 514 1003 40 924 438 545 511 489 493 
1004 92 846 570 485 519 491 502 1006 181 787 624 520 514 521 527 1005 138 822 630 516 489 519 528 
995 87 823 580 527 496 487 512 1008 139 820 624 497 508 513 530 1005 112 841 585 494 510 508 500 
1016 64 683 562 547 500 480 508 1017 125 665 570 490 497 518 513 960 148 720 536 541 520 533 532 
831 202 563 525 481 529 524 504 806 221 591 493 507 528 513 513 734 236 666 462 453 497 506 493 
758 277 503 566 513 516 485 504 737 304 514 507 516 508 534 514 675 292 599 454 502 514 515 531 
724 364 465 515 478 511 507 530 694 395 481 475 505 503 530 539 563 447 646 553 553 518 498 507 
565 477 628 480 490 494 495 508 543 534 604 436 504 524 493 488 464 531 652 586 538 485 513 514 
251 639 622 474 537 496 541 506 253 640 640 484 509 521 480 533 178 663 601 619 482 532 531 500 
218 738 591 489 581 531 500 522 224 761 679 442 536 512 493 509 171 754 665 592 503 481 491 500 
23 906 619 466 546 512 529 499 24 919 811 441 563 513 511 481 5 875 788 547 518 493 517 518 
4 974 567 466 544 542 528 492 18 975 864 404 512 507 517 540 16 921 901 443 504 537 536 517 
2 1022 607 436 506 530 518 517 23 1001 935 423 502 507 495 528 22 1002 935 409 503 502 522 511 
3 929 418 571 500 536 485 501 10 965 780 400 500 503 527 500 9 960 799 398 503 508 537 516 
0 145 342 580 443 490 539 524 0 238 298 657 382 490 521 513 0 214 311 432 588 499 525 486 
78 135 399 691 469 562 518 516 83 133 446 669 563 492 508 496 79 109 277 777 390 530 483 487 
942 193 658 550 510 487 521 517 944 305 604 437 517 496 527 511 938 181 629 585 545 519 495 538 
904 231 685 618 517 507 530 515 954 360 559 557 497 494 475 521 943 266 637 611 498 522 532 477 
977 73 925 520 532 496 546 498 984 167 848 719 478 527 517 508 983 104 911 676 476 520 524 531 
296 745 742 620 502 482 481 519 340 703 709 722 488 541 503 496 271 753 742 395 581 530 540 527 
990 421 602 535 495 512 522 541 996 411 601 556 504 494 515 529 979 99 857 482 561 503 515 505 
1024 540 484 587 525 539 535 545 1024 576 448 573 506 533 510 521 1024 168 853 474 504 502 493 530 
1024 702 322 499 516 531 495 520 1024 726 298 492 511 527 499 505 1024 268 756 531 492 503 526 508 
1024 231 792 639 505 545 510 524 1024 303 721 696 456 499 518 514 1024 78 907 378 483 486 517 516 
928 387 717 671 451 494 536 526 941 461 618 681 468 536 536 491 925 248 856 407 525 491 504 519 
541 716 706 618 565 510 509 519 592 695 629 716 481 550 517 492 505 688 803 489 598 472 481 512 
701 374 749 601 530 505 508 492 712 426 699 672 481 528 521 492 698 372 742 570 558 515 510 509 
987 45 626 462 517 512 527 491 992 46 739 401 486 525 505 496 990 38 593 482 502 532 530 521 
884 158 635 467 501 529 529 510 923 144 659 432 501 516 520 530 928 128 551 498 498 506 547 522 
914 172 734 652 514 511 528 517 929 331 618 568 502 518 511 531 925 259 674 623 534 509 522 493 
845 234 942 779 506 512 524 515 870 362 771 718 594 516 518 523 844 293 887 783 497 499 532 505 
764 333 597 556 516 541 487 497 777 409 528 505 526 506 515 512 644 504 669 589 539 494 516 498 
729 351 630 529 522 505 511 506 731 452 540 490 538 530 491 512 631 499 652 562 531 507 504 507 
897 162 752 467 550 513 539 531 910 181 774 512 541 544 491 490 904 164 760 498 540 518 526 515 
1021 28 803 349 536 524 511 509 1022 39 872 366 508 500 532 519 1021 33 835 346 532 511 494 519 
977 61 702 377 511 501 518 506 978 73 752 369 505 518 540 504 916 124 778 391 499 507 499 514 
827 167 563 481 525 538 490 507 811 193 582 485 538 484 498 528 688 255 719 508 514 473 490 500 
657 345 404 497 470 544 490 498 622 347 478 480 537 499 527 511 475 413 636 540 472 532 508 522 
453 520 528 518 477 501 549 514 408 548 570 501 533 531 530 494 297 569 626 630 504 500 509 518 
405 500 670 544 464 526 530 548 388 514 707 548 475 517 508 511 299 523 776 617 527 519 499 515 
252 655 618 539 496 521 509 502 239 677 732 505 494 522 480 512 156 716 794 522 505 495 501 500 
32 879 576 551 507 526 538 526 36 872 805 485 543 518 512 524 10 852 816 485 491 494 536 538 
1 943 554 516 535 517 512 503 25 918 858 471 549 490 531 513 23 896 879 492 494 475 510 501 
1 1023 650 418 489 511 513 527 29 995 933 490 490 531 499 503 27 997 928 463 489 519 514 500 
0 1024 649 404 499 507 503 507 16 1008 976 458 491 510 517 499 16 1008 980 443 482 501 516 523 
2 1022 641 438 502 521 521 515 21 1003 981 421 517 512 480 523 23 1001 982 404 527 523 496 503 
0 1024 451 585 519 496 516 513 12 1012 942 273 531 515 538 503 11 1013 936 270 530 543 546 520 
0 1024 199 769 515 505 498 508 0 1024 882 238 493 500 515 505 0 1024 863 244 523 505 530 512 
0 483 384 609 505 505 541 516 0 620 422 574 436 485 519 512 0 593 439 507 532 534 502 503 
15 31 154 816 341 553 539 513 15 33 177 862 433 560 484 521 14 18 94 653 462 503 529 522 
715 170 605 499 529 532 513 549 748 136 735 412 492 533 535 516 740 120 598 502 499 522 512 521 
1024 1 469 574 526 499 526 514 1024 2 639 415 488 510 477 512 1024 1 274 741 521 525 531 520 
835 192 275 539 497 509 527 496 885 142 327 548 533 494 509 522 877 149 242 535 492 509 503 489 
995 39 295 526 498 523 527 537 1005 33 376 605 512 512 498 492 994 39 323 422 565 507 525 536 
9 1015 912 195 105 875 902 119 32 992 893 208 871 153 901 903 5 1019 916 143 150 875 130 106 
926 98 233 923 133 908 888 119 932 92 228 945 126 887 878 894 919 105 212 68 933 893 130 899 
1024 130 894 876 891 901 886 129 1024 135 889 879 896 899 894 902 1024 5 1009 917 132 139 137 133 
1024 906 118 133 149 143 131 898 1024 930 94 122 145 125 898 896 1024 51 973 890 133 876 118 898 
1024 107 917 922 890 909 896 146 1024 905 119 140 122 116 135 890 1024 36 988 884 128 138 904 901 
838 228 201 126 149 906 118 899 842 229 193 206 849 110 132 900 66 993 979 814 935 874 898 122 
985 49 999 132 121 893 137 891 987 54 994 178 897 130 136 895 985 47 1001 147 116 882 140 884 
1024 11 1011 916 120 124 126 891 1024 24 999 942 121 898 125 901 1024 14 1009 932 113 133 899 903 
983 45 129 901 126 914 888 125 984 46 139 898 903 126 137 135 983 45 133 897 111 895 887 136 
1008 16 143 883 892 892 129 122 1012 12 952 84 109 125 129 112 1008 16 126 894 904 133 894 902 
984 45 98 920 122 900 138 126 989 44 121 920 903 130 120 896 988 41 102 924 132 885 888 126 
1006 29 1005 169 897 898 124 887 1008 52 980 950 131 124 901 134 1006 42 993 943 125 136 122 121 
937 100 163 909 145 127 901 116 944 108 143 908 149 895 120 899 902 141 187 173 882 888 898 906 
940 80 176 899 140 130 123 140 941 87 170 916 122 133 112 888 917 101 192 156 908 904 135 908 
930 98 146 104 894 137 143 902 931 100 158 110 900 905 125 128 918 109 136 113 125 909 135 883 
1012 14 142 877 897 909 128 888 1015 13 923 102 127 132 125 127 986 40 170 883 899 122 903 125 
148 860 832 913 882 143 127 891 137 866 842 888 114 891 116 121 83 901 896 116 884 118 143 898 
39 936 941 158 137 904 122 137 30 935 955 171 136 133 903 120 17 927 196 905 874 124 127 130 
9 991 948 101 122 126 121 126 1 997 170 891 882 889 135 902 0 973 110 932 122 131 898 132 
0 917 140 176 895 129 126 908 0 921 191 160 882 902 897 901 0 897 202 142 908 120 887 129 
1 1023 125 890 887 879 899 131 3 1021 987 123 893 135 887 903 3 1021 987 116 890 131 888 128 
0 1024 930 101 112 125 129 900 9 1015 1001 127 888 889 886 132 2 1022 1005 125 894 882 129 892 
0 1024 908 116 121 133 136 122 9 1015 998 124 896 883 117 895 7 1017 997 125 899 896 119 906 
0 1024 105 911 901 895 122 892 0 1024 1005 74 916 125 888 123 0 1024 1007 77 904 125 903 124 
0 1024 132 892 885 896 903 910 2 1022 1013 90 910 898 125 117 0 1024 1017 79 919 882 143 133 
0 1024 905 122 142 132 139 116 1 1023 1010 95 892 137 888 894 2 1022 1010 102 891 900 125 115 
0 1024 67 951 909 137 903 884 0 1024 1006 43 906 125 130 120 0 1024 1005 41 135 896 892 893 
0 1024 91 933 911 890 130 912 0 1024 1013 44 918 126 134 901 0 1024 1010 39 906 142 124 129 
0 1024 34 977 898 130 123 124 1 1023 981 51 100 888 137 119 1 1023 982 55 106 890 125 904 
0 41 857 174 86 896 897 124 0 76 826 186 846 926 125 129 0 71 832 147 869 126 125 892 
52 803 90 175 148 150 136 895 54 804 115 151 136 113 903 894 50 25 856 953 867 880 129 134 
1008 26 975 95 117 907 127 887 1012 31 976 112 910 118 891 126 1008 26 980 91 124 905 889 126 
1024 0 920 108 119 127 125 130 1024 0 949 96 116 131 906 886 1024 0 124 905 896 892 896 895 
937 87 121 137 885 132 133 902 946 80 125 146 911 900 126 901 938 86 124 136 890 146 902 126 
1011 13 20 107 894 905 118 888 1012 12 25 909 141 124 131 130 1002 22 27 83 884 115 900 126 
