500 863 522 546 514 526 535 542 636 709 446 602 550 556 538 539 491 664 580 546 533 519 522 507 
537 789 585 554 590 523 507 537 663 706 482 585 542 531 526 531 470 682 633 577 537 540 570 538 
482 574 623 544 548 545 543 518 608 562 550 547 536 521 537 531 478 614 555 551 484 528 518 519 
340 480 608 528 529 530 520 517 406 460 562 526 530 511 529 505 324 521 544 509 525 516 539 509 
431 517 599 528 508 547 530 535 471 477 573 564 561 503 553 492 296 609 527 529 555 540 538 513 
357 510 576 535 554 538 522 539 497 473 506 535 521 524 545 495 411 579 523 476 549 529 534 538 
528 702 573 590 544 523 525 524 670 623 431 550 547 535 538 526 399 745 563 520 562 543 559 559 
569 809 506 554 553 537 520 544 708 656 420 530 558 560 555 530 435 759 586 565 563 558 540 523 
431 643 194 323 536 570 505 536 534 530 321 332 653 462 573 678 38 992 969 597 635 594 629 651 
929 944 852 790 760 700 667 652 955 936 813 795 746 726 654 617 885 854 801 753 743 709 655 639 
632 852 558 587 575 556 538 525 760 734 504 592 573 545 557 517 581 685 622 583 547 543 501 519 
610 783 611 601 562 560 582 542 699 750 525 576 538 513 519 537 516 704 654 585 559 565 537 538 
531 854 549 579 564 572 558 545 643 768 520 516 534 558 525 529 451 710 611 553 571 542 518 546 
483 731 568 554 536 533 529 519 629 640 479 565 563 533 539 532 437 673 559 569 524 492 565 532 
666 827 590 585 537 553 566 536 756 762 423 631 561 524 511 544 471 763 655 615 561 559 528 519 
507 678 526 535 514 514 538 497 596 625 461 536 539 557 534 514 381 744 610 516 537 527 515 529 
676 740 612 636 596 579 539 561 740 681 569 594 598 544 564 538 502 822 657 622 631 596 573 539 
1024 1016 794 760 374 701 564 450 1024 1018 822 789 485 646 643 615 1024 1018 878 761 430 592 591 536 
950 807 775 706 675 641 607 620 1004 809 741 684 628 600 580 554 954 762 725 620 619 569 531 568 
783 771 669 626 586 587 569 550 984 631 603 596 566 550 545 521 805 679 657 577 565 536 525 548 
823 935 812 793 759 767 705 705 887 852 813 742 742 707 681 657 873 755 769 719 727 748 696 699 
841 890 762 738 672 635 639 614 860 878 737 677 672 670 610 618 897 777 712 642 668 624 644 602 
804 851 687 677 619 566 577 596 822 802 655 664 621 574 562 549 700 762 722 649 628 589 571 551 
767 871 635 606 606 603 561 598 830 786 544 653 597 578 556 537 691 783 704 661 633 601 562 555 
768 697 619 627 571 555 549 579 811 646 573 619 583 539 539 522 609 739 594 581 531 533 556 532 
854 619 683 638 609 601 580 571 864 602 623 579 530 554 536 536 716 672 615 562 535 545 543 501 
1024 1006 1001 775 907 762 624 388 1023 992 978 727 675 726 639 360 1022 988 880 785 727 678 611 343 
383 568 555 560 578 576 534 549 589 628 574 519 499 533 524 515 495 681 498 565 526 508 510 525 
275 615 607 550 557 519 533 542 488 668 560 537 549 533 544 509 436 671 548 563 558 531 568 528 
795 597 652 634 630 615 576 603 988 445 629 617 621 591 572 546 1024 765 598 656 642 625 577 556 
841 540 586 626 607 598 533 546 874 537 654 629 639 608 549 500 913 893 555 645 640 594 611 600 
628 730 712 607 613 618 574 578 919 433 540 599 629 594 558 533 993 786 544 633 622 580 560 547 
594 726 710 587 608 577 545 544 958 363 519 630 555 553 559 520 1020 737 542 575 561 563 538 545 
303 616 564 539 506 515 552 536 457 636 501 512 518 537 530 493 572 433 546 559 532 518 506 516 
327 561 543 527 515 556 510 540 449 596 489 510 516 504 507 511 349 585 521 513 515 524 526 511 
864 167 508 539 436 540 571 582 905 137 397 464 569 408 568 481 815 225 375 541 565 549 490 581 
38 300 551 502 523 528 518 516 133 514 584 522 518 509 490 522 179 318 664 494 530 525 508 499 
52 530 544 563 502 525 515 483 157 531 604 500 502 528 541 531 248 460 595 530 505 501 499 508 
359 675 626 521 500 503 495 516 773 279 396 510 490 517 505 528 839 441 605 528 516 513 507 495 
467 519 546 535 498 515 477 506 712 293 451 498 506 510 552 501 523 471 464 484 475 512 477 503 
328 703 519 496 518 503 522 504 615 420 488 524 537 514 508 521 568 433 531 551 478 497 490 504 
271 658 473 518 511 498 519 511 451 455 567 498 522 527 539 509 687 411 600 499 519 505 533 515 
74 602 477 502 525 487 528 516 168 615 572 507 515 511 534 520 365 498 555 500 534 521 503 525 
29 255 537 540 518 493 473 533 50 493 607 483 514 527 508 494 67 345 606 499 523 480 506 509 
18 669 458 456 631 480 397 471 22 970 392 710 561 505 455 370 34 900 150 530 487 543 486 343 
68 324 510 523 507 537 501 553 111 528 582 506 535 532 536 513 188 384 593 455 526 488 526 504 
21 478 600 533 475 483 504 514 21 346 709 509 516 476 513 483 36 517 584 554 518 510 518 504 
322 594 522 508 520 536 537 539 290 533 644 568 536 515 521 520 347 492 583 517 510 543 505 520 
353 620 578 571 545 492 489 531 283 664 617 527 518 532 535 532 335 459 588 462 469 503 501 514 
301 584 511 555 509 539 497 498 221 659 606 492 522 512 502 509 304 413 532 490 524 529 516 522 
244 555 485 514 533 553 530 519 226 578 575 505 508 512 522 490 345 509 518 482 528 497 501 489 
35 639 469 526 519 516 481 536 34 562 539 493 491 513 508 519 89 695 452 499 506 543 522 543 
90 332 483 536 510 516 537 531 164 397 605 530 530 515 477 506 192 387 554 500 498 488 490 511 
20 828 528 457 458 511 398 516 312 678 560 447 405 543 564 364 455 582 492 540 566 623 479 656 
42 161 349 575 502 522 525 507 36 194 600 480 506 498 500 529 50 152 411 518 518 520 522 506 
28 584 492 478 502 532 508 535 32 575 560 524 529 518 500 494 219 459 536 450 490 510 525 508 
19 589 533 519 502 488 491 519 19 408 602 518 483 507 501 512 75 477 540 502 494 513 511 488 
15 308 739 487 509 532 542 520 24 230 675 443 472 519 517 512 86 252 747 436 535 544 489 519 
5 255 754 574 507 514 506 488 15 177 728 427 503 501 504 503 75 181 769 511 527 528 507 504 
14 417 575 554 496 506 504 485 16 267 640 450 550 507 491 483 36 379 627 519 489 516 520 494 
49 503 465 511 510 508 503 509 18 567 536 520 526 528 498 528 188 480 543 493 510 519 500 510 
26 215 480 536 505 509 522 505 64 288 616 537 491 532 512 512 78 235 561 475 526 501 541 512 
14 467 540 428 400 654 587 429 17 963 62 535 311 458 458 580 10 538 479 486 325 710 592 450 
235 507 448 486 502 500 513 511 322 486 426 521 506 503 524 499 315 515 463 525 529 494 518 505 
78 564 564 528 517 527 525 510 132 502 555 511 537 489 519 540 247 462 564 496 521 480 516 507 
23 574 529 503 505 514 518 509 30 421 598 596 478 532 493 515 71 490 599 537 557 514 507 510 
17 463 655 618 512 509 537 526 46 314 699 459 529 493 516 511 130 306 682 510 471 504 517 496 
26 564 574 605 487 536 521 467 48 447 702 390 503 516 544 524 137 410 740 407 509 533 501 538 
16 598 553 516 528 542 500 531 32 507 586 469 535 500 498 516 120 477 608 502 491 508 513 517 
51 661 499 516 504 486 523 505 77 635 547 504 519 522 477 515 247 535 523 511 515 522 510 494 
195 643 391 531 481 524 500 499 266 602 428 507 532 535 500 491 311 581 446 521 518 521 490 471 
16 998 218 746 471 463 542 594 17 1003 968 328 414 490 561 368 20 1002 464 700 548 517 565 396 
891 130 729 451 489 500 513 518 899 164 806 470 544 516 510 507 915 482 539 523 521 483 512 493 
721 224 581 527 521 514 521 516 781 192 600 495 504 527 519 492 852 242 596 525 507 551 491 515 
577 368 582 513 521 520 526 510 658 278 532 491 521 516 495 499 787 319 448 483 499 500 499 527 
445 475 538 492 536 499 508 506 484 424 568 503 521 498 523 475 634 347 547 517 514 497 507 529 
439 437 513 511 513 516 498 524 463 402 605 492 510 539 523 527 543 403 646 521 523 494 531 500 
407 467 615 573 486 501 496 524 455 374 695 551 533 509 518 553 564 448 500 484 502 528 514 475 
593 325 569 480 501 500 503 492 608 271 635 522 516 542 512 513 677 434 498 511 516 501 495 519 
888 118 594 489 492 521 522 497 892 125 723 482 502 500 518 542 912 342 663 556 521 515 501 493 
1013 18 989 174 486 453 481 537 1014 20 995 282 422 539 567 515 1015 41 979 865 391 517 490 516 
1008 18 1007 55 47 44 49 980 1009 27 995 58 55 973 985 47 1011 67 958 969 40 59 967 969 
1013 8 73 970 984 975 982 50 1012 12 1003 48 57 47 47 975 1014 38 984 58 972 982 975 971 
1014 8 1005 56 44 44 48 975 1013 9 1006 60 53 56 969 969 1017 60 958 959 44 965 46 50 
1013 9 1008 46 46 50 55 969 1013 9 1007 66 47 43 974 968 1014 53 968 967 50 41 44 976 
1020 5 1007 43 50 976 985 981 1020 7 1012 71 975 968 963 50 1020 59 963 966 981 973 57 53 
1015 8 1001 68 50 982 42 47 1015 24 997 56 978 48 976 973 1015 58 966 963 57 972 50 975 
1005 15 76 964 40 974 981 60 1005 20 73 988 973 983 49 972 1006 72 954 39 969 972 44 975 
1012 9 1012 44 49 44 42 57 1012 16 1012 46 46 976 54 975 1014 59 967 980 47 969 979 50 
1024 0 1024 1020 5 8 4 1015 1024 0 1024 1024 1021 6 1020 9 1024 1024 0 3 1018 2 1017 7 
