134.40223583137944 -27.67915256544333 -59.72802606526865 
167.5608347902298 -9.7512113299342 -73.7082288903396 
171.08815831898124 -5.698039190532455 0.11971818952074287 
158.36331908142432 -9.60719823216516 -8.357880498814097 
155.33889396873454 -14.031150556185963 -1.2666180412893588 
-365.342897249948 214.73701023007163 -226.98053477871545 
143.30156629894518 -21.80169658114623 -4.458387700890809 
167.41170254023626 -18.197318245814984 -40.46227217287479 
-199.08307654048147 141.98710068298837 -40.64594784916598 
174.79748883270895 73.81359697526233 -76.80237446402178 
-196.07761253797986 -60.569737727916845 126.34457019014164 
176.32686129780245 17.72758784066565 -27.48026351854472 
-140.84752174725787 -564.9062216689863 41.14195847381395 
45.28112038197192 -63.6729795430975 154.9322323551896 
168.2113755401802 -7.849767968630758 4.233771779811807 
146.62178905531036 145.41469232213302 -90.11142709265188 
-100.12284485456527 43.865269597019235 -14.758294697840356 
-459.9007289553983 -153.29861110534836 61.33685920922845 
182.0848411850339 49.75335993527803 -64.65960290361176 
157.93389480445765 -10.634471688946746 0.6553629657018636 
-623.9957560493192 -131.622151398835 -13.522297288578898 
169.5119262439764 -4.669403786573682 2.5452584697444376 
20.5637151460543 -30.22457140300871 145.5091809719289 
-108.33749679312581 -28.92292417545379 -115.78026511431673 
208.24586946463214 -35.83324156493971 258.2731593249582 
173.63673628937642 -74.04999207612195 -81.8827196812194 
-346.89221342214375 146.18014137859575 94.55304075763772 
-325.216927613055 547.0630633979727 11.447047795748475 
-91.15058280591278 359.60471720679186 72.56400677174217 
-64.86895685675829 -29.505778587892983 48.23770892553296 
167.19964245002444 -5.670345833013116 1.8099636320651964 
101.83639057337695 -4.679546746646253 -4.249932238331321 
-141.18785079279826 -181.1299774561241 -270.39853937672865 
-726.302397852445 -65.65723437854402 -97.97248158652965 
159.45436289955902 -8.978827609760728 -7.102667796000498 
-193.79689048767005 -62.076158130697415 -281.6150568211732 
172.1708359822621 -5.674627357433451 -2.864282084300484 
88.21754654184564 -9.310417523224082 55.08418523042263 
171.98474317678412 -7.992670259610605 2.0371120902301616 
171.24873365833253 -5.916030531948806 -5.49099926783401 
118.79655750612797 12.348582970111007 119.75269170371821 
167.98796574211354 -0.42893923273905443 0.6547520605123065 
173.92363382394467 -19.7823685735585 -21.013231187825866 
130.44269942398324 -43.96798035070956 -35.36054212990578 
164.68228381565723 -2.4121026357095587 -2.7415618804000044 
-136.80070248004495 -153.03350124958072 365.5921257560053 
-795.8330481389971 355.8655763483118 29.683478368350222 
173.90959918315875 -7.374652562639625 3.4471304761671853 
168.6658322886003 -6.400785995753537 10.227209487655204 
