13.10727277565386 5.526639068395662 5.234763150134057 
3.008238400551827 10.985871947065785 13.533608121294234 
9.694884022589616 9.240392509612732 1.186745467907053 
4.67349129309833 4.58020620626817 10.635128443717782 
7.896252068886406 3.8310546846166584 7.93255536434075 
2.9814426971604933 5.529232291144785 11.119269371947478 
7.155960747794949 7.325472985663708 8.441617965957617 
3.2417137551852617 6.2056483091308134 6.92966710155069 
9.318555989909866 9.029383303872203 0.9121908139322317 
10.331526312163861 4.643863870503072 15.290004144543076 
6.320105350724064 7.307220234489667 6.251420488792243 
11.721470385803231 8.349169085034958 6.421799443634664 
1.7545399467514189 9.84190490441071 20.152759831319056 
12.140555108298644 6.534845797391144 5.722464208643139 
9.024624211241868 7.984622453377839 6.108506600343053 
14.629310474685306 11.559368312400665 1.7064637518314996 
2.9837145874471367 4.711242703900485 7.165319053660431 
2.6338781665680218 4.168353597728444 15.939482198293277 
8.494734751332679 15.067339208259899 9.28159640054842 
16.179734623176063 14.170848398622041 0.16190591726706316 
7.04597918292701 4.882581337775072 7.7313363517918665 
7.720837704946124 7.860544428546252 0.3033850959543014 
8.102619193125172 16.727107764599904 3.0918714455856535 
7.713301171206808 11.263043473035887 5.919385081193135 
6.998584379181622 8.512575458657878 9.868100277263242 
4.581284046095023 4.210971845689141 14.476377906323561 
7.214363626056885 5.117825929583674 5.909119149691724 
9.71414874336019 6.316925386130632 1.8861062233652541 
0.32694473445058314 5.721026943532661 19.616765905520346 
9.500403569409565 7.576930177448466 9.137528324873891 
2.214868708890469 1.7127524570489658 5.660063570967609 
8.282318990417398 6.885850223980073 6.363337964305536 
8.729227743297283 10.204067864751451 0.20711496932874685 
9.911771354330718 9.57172456255321 2.2082664839870976 
9.508362210342746 5.583525731357159 6.924727086693057 
-2.888381294748119 9.722843914682347 13.35056970559546 
11.396568617870383 10.902115194368296 7.7337228261515945 
7.100555427660438 8.54154729867463 4.759942034700068 
-0.9185182138536132 2.3615039011177408 -0.3399377846618643 
12.307774931063166 8.762406929696006 5.187150791660848 
12.139011325266654 8.158990299566597 9.882554077038268 
9.502632646862388 4.623249986764992 3.374387161917636 
5.945962625992415 8.647948623293807 12.907369270051689 
9.655803953392883 9.11816245116725 10.260848788425768 
6.475349533049785 14.488968484037379 10.256690853009093 
8.223094461702399 7.143763174357769 7.394359546527522 
3.0933390033206747 6.1653478281948875 9.105310806388422 
