69.01140994964794 -10.860665083816201 18.757830036742654 
17.530566061851797 0.440599696481744 55.75244256427525 
55.972282005641745 -8.863542834356181 25.133368580059308 
64.25482930096717 -19.586115367250127 19.472455095428593 
64.86215403722947 -18.513549149749906 26.51668168405771 
55.14463741334784 -6.325569526185319 27.53343803556839 
52.69548201013776 -76.13470139731822 -31.23914763647266 
40.073183091320814 -19.95460126205255 10.197821810109248 
34.379704028985515 -71.55450682113948 36.49249559007606 
64.4416314355386 -16.100445062791138 24.7031382326732 
196.65143908987895 88.66197354577454 -432.7669604072332 
-46.89485263430279 54.318379804460804 9.52340035590306 
25.843246638066525 -34.3779922787164 -1.0712494541013093 
65.5908515115669 -14.654088262548335 26.746915603903673 
-111.31059012086114 41.80110109519202 -87.07883800015713 
18.21724137581623 -20.828627232282773 32.68113055555789 
-476.1200312057765 -64.72907239852773 -255.57396852830368 
51.207445892014356 -22.83297802569837 -115.56178972624136 
18.70651174783675 4.385302036226928 6.4685904381972055 
65.47715349503086 -21.080992074003625 31.447441515444307 
21.55012938930264 -11.38335403525348 7.442748521060796 
-13.806859446260116 -43.95170879378873 -6.445540734374159 
62.26578416360362 -20.01525328318715 19.993072844064347 
63.21579583601205 -21.817510248163956 29.000749733305174 
65.15751615571529 -16.914635608466572 -33.237250996429474 
69.51889624338865 -21.05065488909112 35.18562527417942 
64.9451340132901 -11.60477837118735 13.657432821020677 
65.71786296414655 -16.57776201202229 25.531894106693727 
-34.50023320256784 -43.63550847530373 -69.45494008479216 
61.78296402010716 -15.45384717443445 31.252511541856776 
-61.175394310270725 10.008405060059008 190.9390230202044 
31.018377778251384 -7.66594203621197 -19.48517131851242 
-118.6502429006666 31.65892774690085 109.13645774925678 
-75.9351611342401 -48.59486742011907 120.36310642409416 
65.45142132132686 -18.218485036927035 27.749618528738345 
-87.43181873366221 -136.12516121242447 31.233728213189114 
-23.234407119586535 28.996290077315816 34.42411322036057 
-21.795230677094906 -78.20568292137472 -16.246077963327714 
64.53381477234012 -20.624586016308662 26.488461970117605 
-40.77461425956024 -130.10817573488723 -154.4530015116419 
2.7817450815548277 -88.32536765455778 15.648102757765436 
-174.05887392355174 19.9609811651098 -131.19869646557981 
-48.99923733759992 77.56435064460217 -58.51809622142245 
65.79326508098194 -16.79421662448219 31.104353447331604 
64.13125127059958 -10.721034696576872 33.81207187309507 
67.95225506068587 -12.571243705029183 16.089555252794433 
22.552465575263454 -35.567188239110315 -203.55875683124995  
