1.0 0.0 0.0 1.0 1.0 0.0 1.0 0.0 0.0 0.0 1.0 30.0 2.0 0.0 0.0 1.0 0.0 11.0 4.0 6.0 2.0 4.0 3.0 2.0 0.0 1.0 0.0 0.0 4.0 5.0 0.0 0.0 
23.0 30.0 0.0 4.0 1.0 0.0 43.0 30.0 0.0 9.0 8.0 21.0 0.0 22.0 0.0 170.0 0.0 94.0 19.0 2.0 15.0 1.0 0.0 99.0 0.0 23.0 1.0 37.0 1.0 108.0 7.0 0.0 
1.0 8.0 0.0 3.0 0.0 16.0 0.0 1.0 0.0 1.0 9.0 7.0 8.0 0.0 0.0 0.0 0.0 10.0 7.0 2.0 8.0 7.0 0.0 10.0 5.0 0.0 0.0 1.0 2.0 37.0 7.0 0.0 
5.0 1.0 2.0 2.0 4.0 0.0 1.0 0.0 2.0 10.0 2.0 4.0 23.0 0.0 0.0 0.0 6.0 37.0 2.0 45.0 51.0 0.0 4.0 0.0 0.0 0.0 0.0 13.0 13.0 17.0 0.0 3.0 
5.0 0.0 0.0 0.0 2.0 0.0 0.0 0.0 0.0 0.0 1.0 1.0 1.0 0.0 0.0 2.0 9.0 22.0 0.0 10.0 1.0 0.0 2.0 0.0 0.0 0.0 0.0 8.0 0.0 6.0 0.0 0.0 
4.0 25.0 0.0 16.0 3.0 0.0 0.0 0.0 0.0 4.0 19.0 5.0 0.0 0.0 1.0 1.0 0.0 26.0 2.0 3.0 25.0 12.0 0.0 5.0 0.0 2.0 0.0 6.0 5.0 26.0 2.0 0.0 
98.0 11.0 0.0 57.0 87.0 3.0 5.0 19.0 0.0 145.0 30.0 153.0 129.0 0.0 10.0 6.0 0.0 156.0 191.0 105.0 127.0 114.0 41.0 60.0 9.0 27.0 0.0 34.0 139.0 129.0 5.0 10.0 
2.0 0.0 0.0 32.0 12.0 0.0 1.0 0.0 15.0 8.0 68.0 23.0 0.0 0.0 12.0 1.0 0.0 130.0 16.0 1.0 39.0 5.0 0.0 3.0 0.0 4.0 0.0 21.0 2.0 21.0 2.0 14.0 
149.0 16.0 0.0 23.0 1.0 0.0 19.0 0.0 0.0 61.0 12.0 13.0 6.0 0.0 7.0 196.0 0.0 93.0 14.0 8.0 32.0 49.0 0.0 18.0 0.0 94.0 0.0 57.0 10.0 57.0 10.0 0.0 
4.0 2.0 0.0 2.0 0.0 0.0 0.0 0.0 0.0 0.0 0.0 1.0 2.0 0.0 0.0 10.0 0.0 31.0 0.0 13.0 2.0 0.0 1.0 2.0 0.0 1.0 0.0 2.0 0.0 17.0 0.0 0.0 
196.0 1.0 0.0 21.0 14.0 2.0 14.0 14.0 0.0 76.0 11.0 1209.0 185.0 0.0 13.0 8.0 0.0 305.0 376.0 234.0 50.0 6.0 5.0 1.0 0.0 5.0 0.0 203.0 49.0 39.0 33.0 2.0 
17.0 191.0 0.0 80.0 56.0 15.0 68.0 41.0 1.0 14.0 6.0 2.0 47.0 0.0 13.0 38.0 0.0 322.0 33.0 70.0 48.0 80.0 0.0 200.0 0.0 18.0 0.0 109.0 1.0 230.0 188.0 12.0 
109.0 143.0 0.0 115.0 21.0 0.0 233.0 3.0 0.0 654.0 47.0 146.0 63.0 0.0 68.0 61.0 40.0 419.0 70.0 155.0 1450.0 348.0 0.0 76.0 0.0 147.0 0.0 77.0 71.0 325.0 83.0 17.0 
89.0 53.0 11.0 28.0 8.0 12.0 5.0 8.0 26.0 28.0 17.0 9.0 12.0 3.0 41.0 10.0 5.0 237.0 19.0 69.0 40.0 12.0 3.0 27.0 28.0 7.0 0.0 157.0 1.0 131.0 86.0 18.0 
1.0 0.0 0.0 1.0 3.0 0.0 0.0 0.0 0.0 1.0 4.0 7.0 0.0 0.0 0.0 0.0 0.0 14.0 0.0 1.0 13.0 0.0 2.0 0.0 0.0 0.0 0.0 4.0 5.0 14.0 0.0 0.0 
13.0 208.0 0.0 103.0 14.0 0.0 5.0 1.0 0.0 16.0 108.0 55.0 329.0 0.0 23.0 3.0 32.0 189.0 21.0 129.0 96.0 114.0 0.0 197.0 0.0 20.0 0.0 43.0 16.0 152.0 13.0 0.0 
27.0 12.0 0.0 8.0 0.0 11.0 19.0 9.0 0.0 10.0 37.0 45.0 73.0 0.0 0.0 2.0 95.0 37.0 29.0 44.0 8.0 1.0 0.0 91.0 0.0 7.0 0.0 130.0 21.0 52.0 0.0 0.0 
342.0 464.0 0.0 416.0 368.0 0.0 315.0 1.0 0.0 337.0 576.0 88.0 536.0 0.0 0.0 181.0 621.0 1872.0 20.0 799.0 1517.0 211.0 54.0 317.0 0.0 87.0 0.0 1042.0 352.0 884.0 350.0 0.0 
15.0 11.0 0.0 6.0 450.0 0.0 6.0 1.0 0.0 115.0 29.0 133.0 1.0 0.0 0.0 16.0 1.0 155.0 11.0 14.0 759.0 4.0 27.0 0.0 0.0 75.0 0.0 29.0 257.0 28.0 357.0 0.0 
15.0 56.0 0.0 9.0 7.0 12.0 95.0 17.0 0.0 41.0 15.0 20.0 48.0 0.0 55.0 0.0 67.0 111.0 7.0 15.0 99.0 12.0 3.0 28.0 1.0 12.0 0.0 23.0 0.0 86.0 30.0 0.0 
13.0 1.0 0.0 0.0 0.0 0.0 2.0 0.0 0.0 7.0 0.0 0.0 3.0 0.0 0.0 3.0 0.0 15.0 0.0 9.0 3.0 1.0 0.0 2.0 0.0 0.0 0.0 1.0 2.0 8.0 0.0 0.0 
38.0 32.0 0.0 12.0 7.0 10.0 9.0 0.0 20.0 15.0 27.0 0.0 23.0 0.0 52.0 5.0 75.0 58.0 0.0 28.0 30.0 32.0 23.0 54.0 7.0 26.0 0.0 111.0 0.0 97.0 20.0 29.0 
36.0 64.0 0.0 102.0 13.0 0.0 0.0 2.0 0.0 35.0 71.0 47.0 158.0 0.0 0.0 93.0 0.0 15.0 6.0 11.0 21.0 40.0 6.0 63.0 0.0 5.0 0.0 2.0 13.0 46.0 1.0 0.0 
0.0 0.0 0.0 0.0 0.0 0.0 0.0 0.0 0.0 0.0 0.0 0.0 22.0 0.0 0.0 0.0 20.0 10.0 0.0 16.0 1.0 0.0 0.0 1.0 3.0 2.0 0.0 5.0 0.0 10.0 0.0 0.0 
9.0 0.0 0.0 3.0 3.0 0.0 6.0 0.0 0.0 4.0 1.0 7.0 0.0 0.0 0.0 13.0 1.0 30.0 0.0 0.0 8.0 2.0 0.0 0.0 0.0 0.0 0.0 10.0 0.0 3.0 0.0 0.0 
4.0 6.0 0.0 10.0 4.0 0.0 8.0 1.0 0.0 6.0 17.0 68.0 0.0 0.0 34.0 1.0 0.0 262.0 22.0 3.0 159.0 26.0 0.0 1.0 23.0 2.0 0.0 35.0 71.0 86.0 27.0 4.0 
4.0 0.0 0.0 2.0 9.0 0.0 1.0 0.0 0.0 21.0 3.0 0.0 0.0 0.0 0.0 2.0 0.0 17.0 0.0 0.0 17.0 5.0 0.0 0.0 0.0 0.0 0.0 5.0 7.0 7.0 0.0 0.0 
0.0 3.0 0.0 1.0 3.0 0.0 1.0 0.0 0.0 0.0 1.0 25.0 13.0 0.0 0.0 0.0 0.0 23.0 2.0 6.0 6.0 1.0 1.0 0.0 0.0 0.0 0.0 0.0 2.0 11.0 0.0 0.0 
7.0 0.0 0.0 0.0 2.0 0.0 0.0 0.0 0.0 7.0 4.0 13.0 0.0 0.0 0.0 0.0 0.0 24.0 0.0 0.0 2.0 1.0 9.0 1.0 0.0 0.0 2.0 1.0 11.0 16.0 0.0 0.0 
33.0 25.0 0.0 17.0 38.0 0.0 0.0 77.0 0.0 6.0 4.0 93.0 186.0 0.0 13.0 493.0 0.0 144.0 73.0 64.0 268.0 13.0 3.0 66.0 0.0 56.0 0.0 10.0 12.0 177.0 29.0 0.0 
12.0 9.0 0.0 0.0 0.0 0.0 2.0 0.0 0.0 2.0 0.0 0.0 0.0 0.0 2.0 0.0 0.0 18.0 0.0 0.0 4.0 0.0 0.0 13.0 0.0 5.0 0.0 0.0 0.0 10.0 2.0 1.0 
128.0 121.0 0.0 3.0 1.0 58.0 160.0 0.0 16.0 164.0 0.0 0.0 21.0 0.0 11.0 2.0 0.0 137.0 0.0 19.0 3.0 65.0 0.0 519.0 0.0 10.0 0.0 78.0 0.0 214.0 169.0 5.0 
68.0 120.0 0.0 106.0 31.0 47.0 10.0 1.0 13.0 100.0 18.0 9.0 81.0 0.0 12.0 20.0 0.0 183.0 3.0 29.0 101.0 67.0 4.0 60.0 1.0 194.0 0.0 40.0 1.0 63.0 56.0 6.0 
68.0 60.0 0.0 56.0 15.0 0.0 542.0 5.0 0.0 64.0 44.0 392.0 0.0 0.0 2.0 393.0 0.0 370.0 211.0 0.0 52.0 74.0 5.0 12.0 0.0 19.0 0.0 248.0 134.0 270.0 29.0 7.0 
102.0 9.0 0.0 22.0 42.0 0.0 291.0 3.0 0.0 25.0 22.0 81.0 0.0 0.0 8.0 445.0 0.0 90.0 53.0 0.0 98.0 11.0 5.0 6.0 0.0 73.0 0.0 116.0 12.0 21.0 0.0 1.0 
7.0 0.0 0.0 2.0 0.0 0.0 0.0 0.0 0.0 1.0 3.0 5.0 0.0 0.0 0.0 5.0 0.0 20.0 0.0 3.0 11.0 0.0 0.0 0.0 0.0 2.0 0.0 4.0 5.0 12.0 0.0 0.0 
147.0 4.0 9.0 5.0 78.0 0.0 152.0 16.0 118.0 48.0 58.0 92.0 20.0 0.0 11.0 128.0 299.0 103.0 128.0 10.0 141.0 4.0 50.0 53.0 0.0 18.0 0.0 95.0 107.0 62.0 0.0 79.0 
2.0 56.0 0.0 10.0 0.0 1.0 16.0 13.0 0.0 0.0 105.0 32.0 99.0 0.0 2.0 0.0 1.0 33.0 42.0 68.0 12.0 29.0 0.0 125.0 1.0 0.0 0.0 16.0 17.0 65.0 23.0 0.0 
78.0 25.0 0.0 100.0 21.0 1.0 159.0 3.0 0.0 36.0 30.0 5.0 96.0 80.0 14.0 44.0 0.0 180.0 0.0 102.0 16.0 97.0 214.0 9.0 152.0 74.0 4.0 48.0 0.0 47.0 41.0 4.0 
9.0 2.0 0.0 2.0 0.0 0.0 0.0 0.0 0.0 0.0 1.0 0.0 0.0 0.0 1.0 3.0 0.0 32.0 0.0 0.0 13.0 3.0 0.0 0.0 0.0 5.0 0.0 4.0 1.0 4.0 0.0 0.0 
122.0 201.0 0.0 430.0 356.0 6.0 18.0 19.0 5.0 88.0 108.0 414.0 270.0 0.0 0.0 29.0 40.0 216.0 620.0 214.0 173.0 36.0 21.0 157.0 0.0 9.0 0.0 33.0 210.0 91.0 2.0 0.0 
147.0 22.0 0.0 142.0 59.0 0.0 0.0 2.0 0.0 65.0 128.0 26.0 17.0 0.0 8.0 54.0 52.0 90.0 5.0 45.0 36.0 17.0 54.0 30.0 0.0 38.0 0.0 50.0 51.0 57.0 2.0 3.0 
52.0 1715.0 0.0 499.0 80.0 0.0 138.0 26.0 9.0 191.0 333.0 0.0 208.0 0.0 33.0 61.0 228.0 903.0 0.0 136.0 19.0 372.0 8.0 452.0 9.0 65.0 1.0 2044.0 0.0 191.0 174.0 87.0 
159.0 38.0 186.0 111.0 272.0 2.0 105.0 26.0 45.0 163.0 105.0 71.0 278.0 51.0 62.0 296.0 5.0 285.0 64.0 152.0 141.0 75.0 218.0 358.0 0.0 909.0 2.0 208.0 26.0 128.0 158.0 242.0 
16.0 21.0 0.0 29.0 24.0 0.0 41.0 38.0 10.0 21.0 182.0 81.0 77.0 0.0 15.0 86.0 6.0 287.0 5.0 129.0 191.0 21.0 12.0 43.0 1.0 41.0 0.0 77.0 153.0 518.0 29.0 12.0 
2.0 0.0 0.0 0.0 1.0 0.0 0.0 0.0 0.0 1.0 0.0 0.0 4.0 0.0 0.0 1.0 0.0 8.0 1.0 7.0 13.0 0.0 0.0 4.0 0.0 0.0 0.0 10.0 1.0 10.0 0.0 0.0 
0.0 0.0 0.0 0.0 0.0 0.0 0.0 2.0 0.0 1.0 6.0 2.0 0.0 0.0 0.0 0.0 0.0 3.0 0.0 12.0 2.0 0.0 0.0 14.0 0.0 0.0 0.0 3.0 2.0 16.0 0.0 0.0 
2.0 0.0 0.0 1.0 0.0 0.0 0.0 0.0 0.0 0.0 1.0 24.0 11.0 0.0 0.0 0.0 1.0 21.0 0.0 18.0 4.0 0.0 0.0 0.0 0.0 0.0 0.0 2.0 1.0 2.0 0.0 0.0 
36.0 20.0 0.0 39.0 40.0 0.0 61.0 0.0 0.0 56.0 33.0 251.0 168.0 0.0 5.0 54.0 48.0 841.0 89.0 191.0 476.0 4.0 45.0 17.0 0.0 23.0 0.0 121.0 175.0 242.0 10.0 27.0 
40.0 377.0 0.0 139.0 7.0 0.0 12.0 39.0 0.0 221.0 385.0 288.0 0.0 0.0 29.0 8.0 0.0 56.0 257.0 0.0 81.0 1100.0 0.0 278.0 0.0 999.0 0.0 4.0 379.0 161.0 80.0 1.0 
