4.0 39.0 0.0 54.0 1.0 17.0 0.0 0.0 3.0 54.0 6.0 15.0 159.0 0.0 5.0 3.0 0.0 65.0 7.0 48.0 16.0 135.0 0.0 11.0 0.0 30.0 0.0 5.0 17.0 47.0 27.0 0.0 
18.0 10.0 0.0 19.0 16.0 11.0 0.0 30.0 0.0 70.0 3.0 107.0 116.0 0.0 1.0 0.0 0.0 99.0 26.0 19.0 42.0 8.0 0.0 13.0 9.0 13.0 0.0 8.0 7.0 97.0 26.0 0.0 
0.0 0.0 0.0 0.0 0.0 0.0 0.0 8.0 10.0 0.0 0.0 20.0 0.0 0.0 0.0 0.0 0.0 3.0 28.0 7.0 0.0 0.0 0.0 0.0 0.0 0.0 0.0 1.0 1.0 10.0 0.0 0.0 
30.0 13.0 0.0 35.0 0.0 0.0 21.0 0.0 0.0 10.0 10.0 9.0 2.0 0.0 64.0 56.0 0.0 93.0 6.0 32.0 11.0 32.0 0.0 3.0 0.0 31.0 0.0 103.0 2.0 20.0 4.0 1.0 
2.0 4.0 20.0 4.0 4.0 4.0 0.0 1.0 22.0 3.0 5.0 16.0 0.0 0.0 0.0 0.0 0.0 14.0 33.0 1.0 21.0 5.0 0.0 1.0 0.0 0.0 0.0 10.0 8.0 32.0 0.0 6.0 
0.0 936.0 0.0 415.0 8.0 168.0 0.0 69.0 1.0 51.0 227.0 23.0 864.0 0.0 1.0 5.0 5.0 47.0 51.0 98.0 26.0 505.0 0.0 140.0 0.0 23.0 0.0 14.0 0.0 294.0 303.0 1.0 
0.0 2.0 4.0 17.0 28.0 0.0 8.0 0.0 50.0 0.0 9.0 21.0 0.0 0.0 0.0 6.0 0.0 30.0 22.0 2.0 32.0 16.0 0.0 0.0 0.0 3.0 0.0 10.0 45.0 20.0 8.0 12.0 
42.0 4.0 0.0 3.0 30.0 0.0 0.0 25.0 0.0 49.0 9.0 22.0 0.0 0.0 21.0 2.0 0.0 202.0 5.0 6.0 179.0 2.0 20.0 23.0 0.0 4.0 0.0 22.0 11.0 86.0 1.0 0.0 
2.0 418.0 0.0 3.0 2.0 0.0 0.0 35.0 0.0 13.0 159.0 156.0 678.0 0.0 0.0 0.0 0.0 17.0 238.0 22.0 69.0 2.0 0.0 451.0 0.0 1.0 0.0 4.0 359.0 437.0 6.0 0.0 
8.0 34.0 0.0 76.0 0.0 17.0 61.0 1.0 65.0 38.0 15.0 23.0 44.0 0.0 5.0 4.0 1.0 23.0 14.0 16.0 45.0 79.0 0.0 1.0 0.0 553.0 0.0 9.0 2.0 62.0 4.0 0.0 
17.0 55.0 172.0 58.0 3.0 33.0 34.0 1.0 281.0 32.0 131.0 415.0 338.0 60.0 0.0 3.0 9.0 9.0 272.0 27.0 2.0 33.0 2.0 895.0 0.0 7.0 0.0 12.0 385.0 38.0 0.0 426.0 
2.0 8.0 0.0 14.0 10.0 0.0 10.0 4.0 0.0 115.0 38.0 126.0 90.0 0.0 0.0 1.0 0.0 54.0 54.0 43.0 17.0 61.0 2.0 67.0 0.0 59.0 0.0 14.0 67.0 114.0 1.0 1.0 
1308.0 20.0 200.0 3.0 5.0 16.0 176.0 62.0 111.0 216.0 66.0 335.0 0.0 71.0 54.0 293.0 57.0 484.0 520.0 2.0 71.0 62.0 95.0 181.0 83.0 197.0 0.0 284.0 136.0 237.0 152.0 311.0 
65.0 101.0 0.0 26.0 80.0 2.0 423.0 28.0 230.0 448.0 0.0 59.0 8.0 0.0 45.0 5.0 0.0 601.0 8.0 15.0 39.0 11.0 26.0 54.0 71.0 1.0 33.0 90.0 38.0 163.0 166.0 236.0 
10.0 1.0 0.0 1.0 0.0 0.0 0.0 1.0 0.0 2.0 1.0 3.0 0.0 0.0 0.0 0.0 0.0 17.0 1.0 0.0 3.0 0.0 0.0 6.0 0.0 0.0 0.0 16.0 2.0 17.0 3.0 0.0 
1.0 0.0 0.0 1.0 188.0 0.0 0.0 0.0 0.0 45.0 106.0 204.0 0.0 0.0 0.0 0.0 0.0 108.0 18.0 1.0 919.0 0.0 666.0 0.0 141.0 0.0 914.0 3.0 350.0 168.0 1.0 0.0 
50.0 194.0 364.0 30.0 13.0 0.0 7.0 30.0 60.0 7.0 153.0 45.0 3.0 96.0 15.0 17.0 0.0 456.0 14.0 44.0 22.0 8.0 6.0 145.0 18.0 36.0 0.0 297.0 7.0 293.0 3.0 67.0 
437.0 533.0 0.0 571.0 103.0 560.0 2.0 464.0 542.0 130.0 247.0 128.0 316.0 0.0 0.0 0.0 2.0 99.0 551.0 80.0 207.0 205.0 0.0 256.0 0.0 0.0 0.0 301.0 32.0 514.0 2.0 186.0 
3.0 2.0 0.0 1.0 1.0 0.0 0.0 3.0 0.0 1.0 23.0 195.0 0.0 0.0 1.0 0.0 1.0 66.0 67.0 11.0 44.0 3.0 0.0 37.0 0.0 1.0 0.0 123.0 19.0 196.0 30.0 0.0 
8.0 1.0 0.0 4.0 5.0 0.0 0.0 0.0 0.0 4.0 9.0 0.0 19.0 0.0 0.0 0.0 0.0 28.0 0.0 2.0 7.0 0.0 0.0 27.0 0.0 0.0 0.0 4.0 0.0 10.0 0.0 0.0 
159.0 369.0 0.0 250.0 249.0 1272.0 25.0 778.0 494.0 125.0 110.0 488.0 689.0 0.0 0.0 0.0 0.0 607.0 1306.0 38.0 372.0 44.0 219.0 464.0 7.0 40.0 0.0 75.0 703.0 602.0 316.0 0.0 
0.0 0.0 2.0 0.0 0.0 0.0 0.0 7.0 1.0 0.0 0.0 3.0 0.0 0.0 0.0 0.0 0.0 30.0 5.0 0.0 0.0 4.0 0.0 0.0 0.0 3.0 9.0 11.0 0.0 4.0 1.0 0.0 
17.0 0.0 0.0 0.0 0.0 40.0 391.0 0.0 88.0 3.0 21.0 65.0 8.0 0.0 168.0 144.0 0.0 0.0 311.0 8.0 0.0 0.0 0.0 0.0 6.0 54.0 0.0 36.0 123.0 0.0 0.0 53.0 
3.0 50.0 0.0 110.0 106.0 482.0 105.0 0.0 299.0 8.0 174.0 45.0 7.0 0.0 54.0 48.0 13.0 444.0 15.0 147.0 1388.0 15.0 1.0 26.0 0.0 14.0 0.0 59.0 115.0 146.0 2.0 12.0 
0.0 5.0 0.0 57.0 95.0 0.0 13.0 3.0 0.0 106.0 224.0 211.0 0.0 415.0 53.0 4.0 0.0 35.0 832.0 0.0 87.0 9.0 3.0 42.0 179.0 0.0 77.0 8.0 393.0 101.0 8.0 874.0 
33.0 13.0 0.0 130.0 55.0 0.0 1.0 0.0 0.0 52.0 12.0 10.0 0.0 0.0 39.0 48.0 0.0 413.0 6.0 1.0 124.0 26.0 1.0 1.0 1.0 35.0 0.0 32.0 7.0 35.0 27.0 0.0 
215.0 329.0 0.0 60.0 0.0 415.0 154.0 13.0 100.0 6.0 441.0 64.0 146.0 0.0 0.0 21.0 19.0 581.0 9.0 53.0 190.0 3.0 1.0 185.0 2.0 5.0 0.0 541.0 48.0 230.0 3.0 0.0 
50.0 1164.0 13.0 94.0 4.0 10.0 49.0 43.0 95.0 18.0 158.0 61.0 168.0 7.0 21.0 65.0 15.0 368.0 74.0 75.0 75.0 137.0 1.0 432.0 7.0 20.0 0.0 176.0 43.0 658.0 134.0 40.0 
257.0 1068.0 2.0 173.0 102.0 1.0 307.0 49.0 0.0 416.0 104.0 145.0 46.0 0.0 13.0 147.0 10.0 748.0 90.0 199.0 750.0 515.0 25.0 109.0 5.0 428.0 1.0 567.0 235.0 478.0 864.0 0.0 
13.0 30.0 0.0 150.0 130.0 71.0 419.0 1.0 27.0 67.0 84.0 217.0 209.0 0.0 2.0 13.0 69.0 399.0 125.0 65.0 147.0 22.0 18.0 159.0 0.0 0.0 0.0 321.0 163.0 112.0 0.0 39.0 
1.0 0.0 0.0 0.0 0.0 16.0 0.0 0.0 0.0 0.0 0.0 4.0 0.0 0.0 0.0 0.0 15.0 11.0 0.0 4.0 0.0 0.0 0.0 0.0 0.0 0.0 0.0 12.0 0.0 0.0 0.0 0.0 
7.0 50.0 0.0 61.0 13.0 0.0 25.0 0.0 85.0 8.0 52.0 0.0 0.0 0.0 0.0 0.0 0.0 64.0 0.0 0.0 102.0 5.0 0.0 87.0 0.0 12.0 0.0 9.0 0.0 142.0 46.0 0.0 
195.0 12.0 1.0 139.0 702.0 14.0 1.0 0.0 204.0 147.0 200.0 19.0 146.0 0.0 0.0 0.0 5.0 448.0 74.0 18.0 857.0 3.0 208.0 48.0 0.0 1.0 0.0 117.0 129.0 126.0 11.0 9.0 
0.0 271.0 0.0 288.0 34.0 321.0 0.0 16.0 0.0 12.0 884.0 378.0 1683.0 0.0 1.0 0.0 0.0 24.0 338.0 83.0 285.0 70.0 0.0 489.0 1.0 8.0 0.0 0.0 1270.0 415.0 41.0 0.0 
0.0 1.0 28.0 1.0 3.0 0.0 0.0 0.0 5.0 0.0 1.0 8.0 0.0 0.0 0.0 0.0 0.0 15.0 0.0 0.0 29.0 0.0 0.0 1.0 0.0 0.0 0.0 0.0 0.0 25.0 0.0 0.0 
50.0 347.0 1.0 404.0 47.0 160.0 27.0 88.0 263.0 92.0 83.0 5.0 723.0 0.0 1.0 19.0 0.0 148.0 21.0 131.0 135.0 309.0 16.0 115.0 0.0 404.0 0.0 15.0 10.0 228.0 40.0 6.0 
6.0 0.0 0.0 0.0 3.0 0.0 0.0 0.0 0.0 2.0 0.0 1.0 0.0 10.0 1.0 0.0 0.0 33.0 0.0 0.0 2.0 0.0 0.0 0.0 0.0 0.0 10.0 0.0 0.0 17.0 3.0 0.0 
1.0 0.0 0.0 0.0 0.0 40.0 159.0 49.0 61.0 0.0 0.0 116.0 87.0 28.0 19.0 20.0 0.0 13.0 249.0 16.0 1.0 0.0 0.0 95.0 5.0 3.0 46.0 41.0 15.0 64.0 0.0 72.0 
6.0 0.0 0.0 0.0 0.0 0.0 0.0 0.0 0.0 1.0 0.0 2.0 0.0 15.0 0.0 0.0 0.0 27.0 0.0 0.0 0.0 1.0 0.0 2.0 0.0 0.0 0.0 1.0 1.0 3.0 0.0 11.0 
0.0 0.0 0.0 3.0 0.0 0.0 0.0 0.0 0.0 3.0 2.0 12.0 6.0 0.0 0.0 0.0 0.0 28.0 2.0 4.0 16.0 0.0 0.0 2.0 0.0 0.0 0.0 2.0 0.0 8.0 0.0 0.0 
3.0 28.0 128.0 2.0 4.0 0.0 0.0 368.0 57.0 0.0 14.0 103.0 0.0 239.0 0.0 0.0 12.0 43.0 326.0 25.0 6.0 0.0 1.0 204.0 0.0 0.0 0.0 121.0 12.0 144.0 2.0 58.0 
0.0 2.0 4.0 0.0 0.0 0.0 1.0 11.0 1.0 0.0 0.0 0.0 0.0 0.0 0.0 0.0 0.0 19.0 0.0 11.0 0.0 0.0 0.0 1.0 0.0 0.0 4.0 1.0 0.0 24.0 8.0 1.0 
1.0 16.0 19.0 28.0 15.0 0.0 0.0 1.0 0.0 19.0 0.0 6.0 0.0 45.0 2.0 0.0 0.0 72.0 0.0 0.0 31.0 81.0 0.0 2.0 3.0 0.0 1.0 0.0 0.0 21.0 62.0 0.0 
37.0 0.0 0.0 32.0 10.0 1.0 0.0 0.0 0.0 15.0 67.0 14.0 110.0 0.0 0.0 4.0 0.0 39.0 4.0 21.0 327.0 0.0 2.0 7.0 2.0 0.0 0.0 26.0 19.0 31.0 0.0 0.0 
0.0 8.0 0.0 7.0 0.0 0.0 0.0 0.0 0.0 0.0 3.0 0.0 12.0 0.0 0.0 0.0 0.0 5.0 0.0 8.0 2.0 9.0 0.0 3.0 0.0 0.0 0.0 0.0 0.0 22.0 1.0 0.0 
274.0 52.0 0.0 358.0 178.0 0.0 32.0 46.0 0.0 127.0 428.0 34.0 0.0 0.0 0.0 17.0 0.0 404.0 2.0 0.0 324.0 103.0 71.0 598.0 0.0 8.0 0.0 283.0 1106.0 338.0 11.0 0.0 
13.0 1162.0 156.0 59.0 3.0 502.0 3.0 23.0 709.0 0.0 245.0 176.0 517.0 0.0 0.0 3.0 2.0 114.0 294.0 75.0 45.0 8.0 0.0 812.0 13.0 0.0 0.0 60.0 158.0 459.0 191.0 6.0 
11.0 0.0 0.0 1.0 0.0 0.0 0.0 0.0 0.0 6.0 0.0 0.0 0.0 5.0 0.0 3.0 0.0 22.0 0.0 0.0 4.0 1.0 0.0 0.0 0.0 10.0 17.0 0.0 0.0 0.0 0.0 0.0 
4.0 39.0 196.0 502.0 122.0 26.0 42.0 2.0 184.0 203.0 103.0 144.0 0.0 375.0 6.0 0.0 0.0 70.0 115.0 0.0 116.0 8.0 0.0 12.0 0.0 8.0 0.0 7.0 135.0 57.0 109.0 487.0 
4.0 0.0 1.0 0.0 0.0 3.0 0.0 0.0 2.0 0.0 0.0 2.0 2.0 3.0 0.0 0.0 0.0 8.0 1.0 8.0 0.0 0.0 0.0 0.0 0.0 0.0 1.0 41.0 0.0 1.0 0.0 0.0 
