0.0 0.0 1.0 0.0 0.0 0.0 0.0 0.0 0.0 1.0 0.0 4.0 0.0 23.0 0.0 2.0 0.0 37.0 0.0 0.0 0.0 0.0 0.0 1.0 0.0 0.0 1.0 2.0 0.0 9.0 11.0 4.0 
1.0 11.0 0.0 0.0 0.0 0.0 0.0 0.0 0.0 0.0 0.0 0.0 0.0 0.0 1.0 13.0 0.0 7.0 0.0 0.0 0.0 3.0 0.0 0.0 0.0 0.0 0.0 0.0 0.0 2.0 5.0 21.0 
1.0 0.0 0.0 0.0 0.0 0.0 0.0 0.0 0.0 0.0 0.0 9.0 0.0 0.0 16.0 2.0 0.0 14.0 0.0 0.0 1.0 0.0 0.0 0.0 8.0 0.0 0.0 0.0 0.0 6.0 0.0 7.0 
2.0 0.0 0.0 0.0 0.0 0.0 2.0 0.0 4.0 0.0 0.0 0.0 0.0 1.0 0.0 0.0 0.0 26.0 0.0 0.0 1.0 1.0 0.0 0.0 0.0 1.0 0.0 1.0 0.0 0.0 2.0 23.0 
4.0 0.0 0.0 0.0 0.0 0.0 0.0 0.0 0.0 0.0 0.0 0.0 0.0 0.0 1.0 0.0 0.0 17.0 0.0 0.0 0.0 4.0 0.0 0.0 9.0 4.0 0.0 1.0 0.0 4.0 12.0 8.0 
0.0 0.0 0.0 1.0 0.0 0.0 13.0 0.0 0.0 1.0 0.0 2.0 8.0 0.0 0.0 2.0 1.0 18.0 0.0 3.0 3.0 0.0 0.0 0.0 0.0 2.0 0.0 7.0 0.0 3.0 0.0 0.0 
4.0 2.0 0.0 0.0 0.0 0.0 0.0 0.0 0.0 0.0 0.0 4.0 0.0 0.0 1.0 4.0 6.0 7.0 0.0 0.0 0.0 5.0 0.0 5.0 0.0 8.0 0.0 8.0 0.0 6.0 4.0 0.0 
0.0 0.0 0.0 0.0 0.0 6.0 2.0 0.0 0.0 0.0 0.0 0.0 16.0 0.0 0.0 0.0 0.0 4.0 0.0 12.0 10.0 1.0 0.0 2.0 0.0 0.0 0.0 0.0 4.0 7.0 0.0 0.0 
6.0 0.0 0.0 0.0 0.0 0.0 1.0 1.0 0.0 0.0 0.0 11.0 0.0 0.0 5.0 3.0 0.0 27.0 2.0 0.0 2.0 5.0 0.0 0.0 1.0 17.0 1.0 7.0 0.0 5.0 1.0 1.0 
0.0 0.0 0.0 0.0 0.0 0.0 0.0 0.0 0.0 0.0 0.0 8.0 0.0 0.0 0.0 0.0 0.0 5.0 14.0 6.0 9.0 0.0 0.0 0.0 0.0 0.0 0.0 0.0 22.0 0.0 0.0 0.0 
0.0 5.0 0.0 8.0 0.0 0.0 7.0 0.0 0.0 1.0 2.0 8.0 1.0 0.0 0.0 0.0 0.0 34.0 2.0 4.0 5.0 0.0 0.0 0.0 0.0 1.0 0.0 7.0 0.0 8.0 3.0 0.0 
0.0 0.0 0.0 0.0 0.0 0.0 1.0 0.0 0.0 0.0 0.0 8.0 7.0 17.0 0.0 0.0 0.0 11.0 2.0 7.0 0.0 0.0 0.0 0.0 0.0 0.0 3.0 2.0 0.0 3.0 0.0 3.0 
0.0 0.0 0.0 0.0 0.0 0.0 12.0 6.0 0.0 0.0 0.0 0.0 1.0 0.0 3.0 3.0 0.0 2.0 0.0 3.0 0.0 0.0 0.0 17.0 0.0 0.0 0.0 6.0 0.0 5.0 0.0 6.0 
0.0 1.0 0.0 5.0 1.0 0.0 0.0 5.0 0.0 7.0 1.0 8.0 0.0 8.0 0.0 0.0 0.0 25.0 3.0 0.0 6.0 9.0 0.0 0.0 2.0 0.0 2.0 1.0 0.0 12.0 0.0 0.0 
0.0 1.0 0.0 0.0 0.0 0.0 0.0 4.0 0.0 0.0 0.0 3.0 0.0 0.0 0.0 0.0 0.0 22.0 0.0 6.0 1.0 0.0 0.0 0.0 7.0 3.0 0.0 1.0 0.0 8.0 8.0 0.0 
0.0 0.0 0.0 0.0 0.0 0.0 0.0 0.0 0.0 0.0 0.0 32.0 0.0 0.0 0.0 0.0 0.0 1.0 20.0 10.0 0.0 0.0 0.0 0.0 0.0 0.0 0.0 0.0 0.0 1.0 0.0 0.0 
1.0 2.0 0.0 0.0 1.0 1.0 0.0 0.0 10.0 0.0 2.0 10.0 6.0 0.0 0.0 0.0 1.0 7.0 6.0 2.0 1.0 0.0 1.0 0.0 0.0 0.0 0.0 5.0 4.0 2.0 0.0 2.0 
6.0 0.0 0.0 0.0 0.0 4.0 5.0 0.0 5.0 1.0 0.0 0.0 0.0 0.0 2.0 0.0 0.0 8.0 0.0 0.0 0.0 0.0 0.0 0.0 0.0 0.0 0.0 11.0 0.0 0.0 2.0 20.0 
0.0 4.0 0.0 0.0 0.0 0.0 0.0 2.0 0.0 0.0 0.0 1.0 0.0 0.0 0.0 0.0 0.0 10.0 0.0 0.0 1.0 0.0 0.0 2.0 0.0 0.0 21.0 0.0 0.0 23.0 0.0 0.0 
0.0 0.0 0.0 0.0 0.0 0.0 0.0 1.0 0.0 0.0 0.0 27.0 0.0 19.0 0.0 0.0 0.0 14.0 0.0 0.0 2.0 0.0 0.0 0.0 5.0 0.0 6.0 8.0 0.0 12.0 0.0 2.0 
0.0 0.0 7.0 0.0 0.0 0.0 0.0 0.0 0.0 0.0 0.0 0.0 0.0 0.0 12.0 0.0 0.0 9.0 0.0 3.0 0.0 0.0 0.0 0.0 13.0 0.0 0.0 2.0 0.0 2.0 16.0 16.0 
7.0 1.0 0.0 0.0 0.0 0.0 0.0 0.0 0.0 3.0 0.0 0.0 2.0 0.0 0.0 0.0 0.0 43.0 0.0 7.0 1.0 0.0 0.0 0.0 1.0 5.0 5.0 3.0 0.0 34.0 5.0 0.0 
0.0 13.0 0.0 3.0 0.0 0.0 0.0 0.0 0.0 0.0 0.0 0.0 0.0 0.0 7.0 0.0 0.0 2.0 0.0 0.0 0.0 16.0 0.0 0.0 0.0 25.0 0.0 0.0 0.0 13.0 17.0 0.0 
0.0 0.0 0.0 0.0 0.0 7.0 0.0 0.0 2.0 0.0 0.0 7.0 3.0 0.0 0.0 0.0 0.0 1.0 0.0 16.0 2.0 0.0 0.0 0.0 0.0 0.0 0.0 0.0 0.0 10.0 0.0 0.0 
1.0 3.0 0.0 0.0 0.0 0.0 0.0 0.0 0.0 0.0 0.0 0.0 3.0 0.0 0.0 2.0 0.0 14.0 0.0 10.0 5.0 0.0 0.0 0.0 0.0 0.0 0.0 14.0 0.0 10.0 2.0 0.0 
5.0 0.0 0.0 0.0 0.0 0.0 11.0 0.0 0.0 0.0 0.0 0.0 0.0 0.0 2.0 0.0 0.0 6.0 0.0 0.0 0.0 4.0 0.0 0.0 0.0 1.0 0.0 0.0 0.0 0.0 20.0 15.0 
0.0 0.0 0.0 0.0 0.0 0.0 0.0 0.0 0.0 0.0 0.0 1.0 0.0 1.0 4.0 0.0 0.0 41.0 0.0 0.0 4.0 0.0 0.0 0.0 15.0 0.0 0.0 8.0 0.0 6.0 0.0 16.0 
5.0 1.0 0.0 0.0 0.0 0.0 0.0 0.0 0.0 0.0 0.0 0.0 0.0 0.0 25.0 0.0 0.0 15.0 0.0 0.0 3.0 0.0 0.0 0.0 0.0 3.0 0.0 2.0 0.0 0.0 10.0 0.0 
11.0 7.0 0.0 0.0 0.0 0.0 12.0 0.0 0.0 0.0 0.0 0.0 0.0 0.0 0.0 10.0 0.0 2.0 0.0 0.0 0.0 1.0 0.0 0.0 0.0 2.0 0.0 18.0 0.0 0.0 1.0 0.0 
0.0 0.0 0.0 0.0 0.0 0.0 0.0 0.0 0.0 0.0 7.0 12.0 0.0 0.0 0.0 0.0 0.0 0.0 14.0 4.0 27.0 0.0 0.0 0.0 0.0 0.0 0.0 0.0 0.0 0.0 0.0 0.0 
8.0 0.0 3.0 0.0 0.0 4.0 0.0 0.0 11.0 1.0 0.0 6.0 2.0 0.0 3.0 1.0 0.0 12.0 0.0 4.0 0.0 0.0 1.0 0.0 0.0 0.0 0.0 4.0 0.0 4.0 0.0 0.0 
1.0 0.0 0.0 0.0 0.0 0.0 0.0 0.0 0.0 3.0 0.0 1.0 9.0 0.0 0.0 0.0 0.0 21.0 0.0 21.0 0.0 0.0 0.0 0.0 0.0 0.0 0.0 5.0 0.0 3.0 0.0 0.0 
3.0 6.0 0.0 0.0 0.0 0.0 0.0 0.0 0.0 0.0 0.0 0.0 0.0 0.0 32.0 0.0 0.0 15.0 0.0 0.0 0.0 0.0 0.0 0.0 2.0 1.0 0.0 0.0 0.0 0.0 5.0 0.0 
3.0 0.0 0.0 0.0 0.0 0.0 0.0 1.0 0.0 0.0 1.0 9.0 0.0 0.0 30.0 5.0 0.0 3.0 1.0 0.0 0.0 0.0 0.0 0.0 0.0 0.0 0.0 0.0 10.0 1.0 0.0 0.0 
3.0 0.0 0.0 0.0 0.0 0.0 0.0 0.0 0.0 2.0 0.0 9.0 0.0 0.0 1.0 4.0 4.0 13.0 7.0 0.0 0.0 0.0 2.0 2.0 3.0 6.0 0.0 4.0 0.0 4.0 0.0 0.0 
0.0 12.0 13.0 0.0 0.0 0.0 0.0 0.0 6.0 0.0 10.0 0.0 0.0 7.0 0.0 0.0 0.0 2.0 0.0 4.0 0.0 0.0 0.0 2.0 6.0 0.0 0.0 0.0 0.0 0.0 2.0 0.0 
0.0 0.0 0.0 0.0 9.0 0.0 0.0 0.0 0.0 0.0 0.0 7.0 0.0 7.0 0.0 0.0 0.0 8.0 4.0 0.0 1.0 0.0 0.0 0.0 0.0 0.0 21.0 0.0 0.0 0.0 7.0 0.0 
1.0 3.0 0.0 2.0 3.0 0.0 0.0 0.0 0.0 1.0 0.0 0.0 0.0 0.0 19.0 13.0 0.0 6.0 0.0 0.0 1.0 0.0 0.0 1.0 0.0 0.0 0.0 1.0 0.0 9.0 3.0 1.0 
4.0 1.0 0.0 0.0 0.0 7.0 9.0 4.0 7.0 0.0 0.0 15.0 19.0 0.0 0.0 0.0 14.0 25.0 21.0 16.0 0.0 0.0 0.0 3.0 0.0 0.0 0.0 8.0 0.0 17.0 6.0 0.0 
0.0 0.0 0.0 0.0 0.0 0.0 0.0 0.0 0.0 0.0 0.0 19.0 0.0 0.0 0.0 0.0 0.0 0.0 0.0 0.0 37.0 0.0 0.0 0.0 0.0 0.0 0.0 0.0 8.0 0.0 0.0 0.0 
0.0 0.0 0.0 6.0 0.0 0.0 0.0 1.0 0.0 0.0 2.0 3.0 0.0 11.0 0.0 0.0 0.0 4.0 1.0 0.0 3.0 0.0 0.0 0.0 0.0 0.0 10.0 0.0 0.0 13.0 6.0 4.0 
2.0 0.0 0.0 0.0 0.0 0.0 0.0 0.0 0.0 0.0 0.0 0.0 0.0 0.0 16.0 0.0 0.0 17.0 0.0 0.0 0.0 3.0 0.0 0.0 15.0 2.0 0.0 0.0 0.0 0.0 9.0 0.0 
1.0 0.0 0.0 0.0 0.0 0.0 11.0 2.0 0.0 4.0 0.0 5.0 1.0 0.0 2.0 7.0 1.0 4.0 0.0 2.0 1.0 6.0 0.0 0.0 0.0 5.0 0.0 5.0 1.0 6.0 0.0 0.0 
0.0 0.0 0.0 0.0 0.0 0.0 0.0 0.0 0.0 0.0 0.0 0.0 0.0 0.0 0.0 0.0 0.0 22.0 0.0 23.0 1.0 0.0 0.0 0.0 0.0 0.0 0.0 15.0 0.0 2.0 1.0 0.0 
0.0 6.0 0.0 0.0 0.0 0.0 0.0 21.0 0.0 0.0 0.0 5.0 0.0 0.0 0.0 0.0 0.0 2.0 15.0 0.0 4.0 0.0 0.0 0.0 0.0 0.0 0.0 0.0 2.0 38.0 3.0 0.0 
0.0 0.0 0.0 0.0 0.0 0.0 0.0 2.0 0.0 0.0 0.0 0.0 0.0 0.0 0.0 0.0 0.0 29.0 0.0 8.0 3.0 0.0 0.0 0.0 1.0 0.0 0.0 8.0 0.0 10.0 3.0 0.0 
0.0 0.0 0.0 0.0 0.0 1.0 3.0 0.0 9.0 0.0 0.0 1.0 4.0 0.0 0.0 0.0 0.0 12.0 0.0 8.0 0.0 0.0 0.0 0.0 0.0 0.0 0.0 4.0 3.0 12.0 0.0 7.0 
303.0 50.0 0.0 25.0 2.0 0.0 51.0 23.0 0.0 340.0 9.0 45.0 15.0 14.0 499.0 17.0 8.0 241.0 0.0 42.0 49.0 123.0 24.0 27.0 582.0 187.0 1.0 124.0 4.0 164.0 103.0 0.0 
0.0 66.0 803.0 42.0 1.0 0.0 0.0 103.0 425.0 11.0 9.0 213.0 18.0 251.0 0.0 0.0 0.0 141.0 377.0 34.0 55.0 67.0 0.0 71.0 27.0 0.0 33.0 24.0 6.0 276.0 19.0 0.0 
27.0 1.0 0.0 12.0 17.0 1.0 5.0 1.0 419.0 67.0 6.0 213.0 17.0 0.0 10.0 1.0 0.0 167.0 77.0 42.0 115.0 61.0 0.0 3.0 20.0 15.0 0.0 57.0 56.0 250.0 27.0 13.0 
