6.324931191960006 7.00383574359072 -2.097178875450374 0.3570071918929991 4.7590294070551655 
9.334691405086579 1.0232559415434732 -7.67765233907941 0.3208507981337618 1.8215024457378952 
-0.24147587633653478 -1.9089363435630444 5.125104884379561 3.675002586029101 2.225943852807851 
-2.0299102977675934 -5.325811308505774 4.44275043774397 6.171258869200483 3.1696737727179043 
2.4833040902627506 1.3764995039436534 3.175354714157499 1.3185354842324848 6.408463873752797 
5.990363572273789 -2.109898371006371 1.0298877178796255 -2.2298181234958485 -0.9290558460823017 
7.366364592325491 -1.5164134824072915 2.68327378352328 -2.916579007486517 0.23321341093630465 
9.220276551648519 -2.493902799269935 -0.91693021307987 -0.6009971646173122 2.3142791180847704 
0.683571668625035 4.614809395731345 0.5085195946913657 -3.450724972366412 2.2334159912248768 
7.339455117156691 -1.3971642463923981 -1.1496444261572414 -6.626174300578275 2.259597977578035 
8.171620553728971 -0.5755082329297649 -3.1695783276926655 -8.532895121500248 3.7140371965731958 
8.133354418698403 -1.4681655890895493 6.518124827149547 -2.9326439967991895 0.6754266523485404 
9.04144579785439 -1.9397457581996491 0.9092460186181786 -2.7446957658665565 -3.585090808382639 
0.9527249235947233 1.8774167866842255 -0.809604157110174 -6.52771404996348 8.781841543534387 
8.70336373646025 3.8179061131663126 2.818122874864037 -2.9502724491637045 3.0640462089133864 
7.520796605074016 -9.865337048087895 13.70684065150198 -9.73099641088731 -3.5663157669434558 
6.725450054240021 -2.0138724368133105 2.3913735216495455 -6.385830495069467 -1.8852175201149852 
-0.09943012326603995 -2.559085122580207 -1.9873197805040155 0.3510565734301814 -4.277601193970332 
11.896328367476787 2.1362336129445327 -3.5963014664795723 -3.4990668398015536 4.088964072039861 
5.559014640530771 5.981559125190946 -2.762217665930637 -4.035788492826541 -4.344277461964469 
1.3370128249116968 -2.579005044158845 3.0305162508906953 7.776686626689207 3.05658332163512 
4.929165022596183 11.301585109846846 -8.680543003043168 0.42746060924702656 2.9492265418545704 
2.9191096476168044 3.3972132536441535 -1.1121748914877312 0.3805373647799084 15.455686487634484 
8.785962353926069 1.5408095406806184 4.202572160157612 -3.5334177368371087 -1.4247992911338703 
10.883255255057556 0.885372575009864 -3.0040775519002967 -2.131320801083757 0.05485495139161278 
-0.9520315114263513 -4.082938312224435 6.109693030754164 5.617741330373939 3.133861049504726 
-0.8013599043479873 0.43844362922301494 -3.454851683022134 0.8106760499876104 3.9743341532537038 
0.821708421666917 -1.0813012291332669 4.5731961388065665 4.887427643204806 5.006039105941261 
12.68256457540167 -4.326052828144628 -1.162483469405227 -4.240686842293298 -6.5591578899798435 
8.456682396665187 -4.6632364403032005 -2.0117320620668546 -7.90500999299868 5.732573459251182 
5.841355983982892 1.755983333386818 6.7668149754600675 -3.6977770759303232 -4.169981939280056 
10.176536868741223 -1.6946863829311534 3.363285082009737 -2.5522174716093753 2.1459837864504934 
-1.0611881846685236 -4.290846046451774 5.068966435284872 8.373080877763977 7.3175483048143235 
-0.20453857481795445 -8.388508723506119 6.657386194396549 6.757785687919712 3.4264997548006333 
7.211424248397096 -1.7756600874762982 4.235707514506762 -4.7998488083040485 -1.3662255369935963 
9.885653779887775 -3.648871700598827 5.563344354153869 -8.59932183397277 2.6882838112907557 
7.971223462060005 2.7723349109390627 -1.9578088097584003 0.9647239614925218 0.13355980336812578 
7.439096364580273 -0.2421543886318802 1.1358692514725446 5.9170508751755815 9.368628130233741 
7.1237583960845825 -11.416960301564647 1.1694498258247563 -7.135712785177319 2.5070446030371842 
5.979419988092736 -1.9685942098374762 0.09119304561467523 -5.543604773455312 -0.6032295478895111 
9.253670228458336 3.9444399362343803 -0.8736057758806393 -2.9908483509557486 2.794745302976562 
2.6113200654509594 0.8881633689617319 5.057713809237383 2.9795126918265176 6.109245606305257 
4.5384520000754005 -0.4567237429864508 2.9019388319939203 -2.216423636888768 -0.5548070424975102 
13.197436402450677 -2.241314823820664 2.171149831067682 -4.45718941931337 0.3860719745307275 
9.458285274397138 1.452678183161714 -4.446122681361758 -4.7823667540094945 8.490557917330346 
8.467534580081757 2.1845152981579297 -3.059291839297356 -3.345759774557542 2.7373055233648387 
5.119203815115782 2.897667265782408 -0.7340661213577437 -2.632698607568871 -0.4100671257462636 
-203.3167996158196 -5.2596112018552645 -42.29379937010535 120.1461951868516 128.12245449725935 
-36.93532816471495 -74.36470483220981 30.340146488811648 10.723037544330467 -162.0905581855262 
-34.89482698953037 104.36428840685618 -38.79055773643147 -54.2272260971837 -65.57413845302892 
