-1.1479484411375855 41.112693953519276 121.12280814523798 64.51600737338094 -16.49756955716829 
15.865470288086593 57.11676809683581 114.51675251751898 71.45385579220715 -79.22688136555877 
34.132038075431446 89.53389423444875 156.17817068588835 61.45616769401528 -94.63074707282189 
34.26690036840175 80.59848364427347 125.29635386761993 65.95898655158385 -65.58164527653044 
26.40920940713623 92.12543736689705 134.93820095428217 64.79217576734686 -93.636631165764 
124.5132480708196 -287.6454582630055 -34.626180385959856 -138.2090664577114 370.490847854643 
14.10908577209835 101.72376169404151 121.38264874020092 59.94230468297565 -84.25133904173722 
25.755070540959267 95.00254253105652 44.17590937198108 77.59067211329506 -31.582708876853104 
112.21838370069577 -235.46359028070387 -56.88740289917493 14.290635911955622 65.08965634508729 
-62.82908453531755 162.0544745498554 131.06361135615447 27.402814471693066 16.24259156355477 
-131.6311266175591 -318.80547653986844 157.80326306326123 4.363260658816955 -115.14046735054912 
-14.433059965038844 23.78822048369534 100.09292081810182 45.411828711520386 -74.21094671471113 
-235.21613446855255 44.30653441898865 148.30273129331516 157.95649670816337 -85.72532730170553 
-201.06904476076716 126.86818908716594 -81.26620860114443 125.4538778208849 -103.93355997134871 
37.248507570081465 90.8659528172212 141.18033645141637 67.8914339404278 -93.74539792116717 
95.23113218742127 219.37444242181385 -688.8535140503204 264.6034907135521 -175.90170181870977 
14.549125873081696 -64.84775834973225 -18.544124930131627 31.159307652361136 -84.87436524979235 
-119.64352772159052 -24.96556156831292 -69.57441509239858 -524.3378811897838 141.49115609814356 
31.60713144824099 56.87855251833882 75.95431219291814 37.24074605979483 -134.0682642776745 
33.805029355487235 81.99718734776648 143.8711160478158 64.41909209067353 -85.94268330490314 
-332.288507836985 48.4989514788858 -334.05756307421217 -428.7807290384073 -15.508973321758702 
33.99281040217097 90.38601594204101 146.492734564939 66.22722573064381 -98.57013091586316 
-46.29999516126291 -2.74221854137436 79.78831512019372 82.14048989886501 -77.99684959818106 
25.864860901500453 200.52830076832822 -510.86634035512213 24.492128490546378 328.4887900084618 
-326.1163294100447 -258.62059531149015 18.824956718774892 103.43317566716046 201.677722684963 
9.626764911033764 162.74190534285907 32.821552928644635 45.886518812090316 18.660821959251862 
8.438180754109084 -222.43250709561013 -161.64536527271827 -292.9083811085897 -18.512760016129548 
291.16321982038255 -159.21530189288674 -98.5674157418778 -64.46643574765568 276.0412360781028 
99.5768291025191 0.5641972098044903 -582.7114132623414 148.83340596021029 541.8131881407683 
-59.56829934128392 -123.24602965160645 -67.46645058674218 -77.13791230236588 -154.5543901832958 
35.90870314490307 88.52212891860813 143.10540712041768 63.11093278002206 -105.38998044320255 
48.057357296440344 66.18221842091647 81.38177513793543 9.150999195589325 16.968571972240447 
-143.3539383479773 150.40676418550808 -410.30372242311876 90.16487012661551 200.1127192422914 
32.52655264237041 -985.083940826278 -368.55559666630796 -489.7544797018395 318.82473067400196 
35.36568414112801 94.2332766370788 132.81405925869836 76.02002115609702 -94.18427880144843 
-49.46944931304212 -5.127132648129688 17.80695162658523 -94.0519712183106 229.48489563073304 
35.29303608075336 96.62545477857628 144.15019443667302 69.2728771823601 -89.91118451796264 
-0.8159565039614449 9.606668975414873 116.83460862758429 36.52983586584946 -112.25068833072666 
30.118170347473153 93.85235237396702 151.21333116370738 70.19943448367101 -92.0007293513433 
36.53148806473423 91.4932152607692 142.4328013149024 66.28932344295859 -89.60348514612842 
21.877775085557488 20.3323443672751 183.16177487745546 -17.569131419638676 -116.7109173131113 
39.66125973856386 94.11643618751465 146.2892148677908 70.14761716090936 -92.70426356538192 
16.55781738166779 104.87034972935164 124.32358960599468 78.85458037433057 -47.29697926308365 
83.71794978361807 33.73455016010646 11.118463078555578 63.68027755016631 14.97314312194834 
37.99211804355963 86.8372904664607 148.00832138292864 65.4746020535919 -86.29213722288594 
-45.62909339504391 -161.88016836170246 -364.4237422643155 -364.0952025055593 165.47863595066295 
329.3787451761659 -338.7746493887523 6.068877769332097 -164.2523378608521 60.96003827828702 
35.42821627450241 96.38397217198745 145.2017110425734 70.79544921817953 -93.24815675924467 
-158.45467066135805 111.42957523628662 15.95247142259645 -15.109810788999617 -56.3964816477614 
41.178294729827385 84.15728494179535 144.6792080338903 64.06641947520777 -106.71612293863748 
