6.572248699916951 57.86243958425064 116.92277016791822 22.248069968995114 -92.12912669846484 
54.657686556183435 58.80576330626226 89.0774728236905 58.51074735500603 -19.082763359529096 
8.216164143087429 57.69421253219679 99.11801174045293 22.0882287145943 -75.32150645511129 
20.602918178900893 59.82688284004513 84.78855840154587 33.30314824501173 -72.30275909203807 
11.279585815253576 64.75341025780939 108.8354717112739 26.28171762570618 -89.4467991294695 
11.748719973786905 58.09062831132478 93.81095932627197 11.003424337661135 -65.06616901603246 
-80.02426767740229 -25.51987441620797 16.13905533307943 -6.674576010951052 -9.021461027648446 
-10.246834656466412 49.690083265671234 65.34164714651794 -19.31052579636943 -49.89749014359383 
15.30015409287061 91.48488129666848 93.06705515519737 73.02016806353743 -0.6921242072915987 
13.112074658246897 68.05366188367135 108.72299126065404 28.68766770583059 -80.41440558972924 
-57.67304565263211 -145.03050414557532 139.32690607967362 -69.02049213838025 -262.70619878154645 
52.33091108404155 37.76218826805436 -16.302376446840128 27.046209848548965 74.99821163555086 
40.6538354198662 -34.79566106712046 -647.2379097801539 120.33052130956065 336.8560094262832 
24.900919046241228 41.63967052269898 39.110814098900605 30.23400120138288 -29.734880375164217 
7.305040000015982 70.4665638965429 101.88213002278167 27.122630953597252 -87.51452536499315 
50.491230452096694 -124.02502252876326 16.733619812430263 -27.272790773505836 78.71638986078199 
27.30361613571228 -26.27463807536523 84.20375072451854 -8.958359736875815 -113.59297717691159 
170.0852907034103 -501.64707370802444 -1057.7458909157178 -219.67469148314407 767.333658872073 
-211.48948651370628 104.67971770631105 -307.26400697961446 181.24302587040796 203.3109887332514 
-11.627387185221032 10.642260243239456 58.82466139756546 34.671721619065856 -56.44668470649297 
9.473078500962373 65.60284950615038 113.40531047634254 28.08691837819262 -85.01586712716193 
11.10351144352758 -10.016258760587826 44.53400900778514 9.5203482289389 -64.07667730285898 
28.648853098104713 -5.447128914309779 92.3256992366549 -8.609764259695314 -6.804032134497014 
16.34152051639565 55.89266219162312 110.62082257956176 28.661588443865213 -88.79654351504976 
9.468749472771695 67.43592622605036 106.85397278833925 28.876921533832302 -82.9638657389644 
-21.344177729785738 77.30109821733706 -1.4770562305266952 32.538331426017244 -32.90308130280521 
3.568100166995233 67.94654410703805 97.94260576770836 27.502322042272098 -82.96317652767759 
7.52178472033491 59.698799591909335 111.47685031219494 25.07299027311461 -89.9530499210228 
2.4306019722318517 71.59428481451484 101.28509696236603 27.396604471323382 -90.33967271321289 
167.37041964560544 56.87320186905744 6.184962238065315 194.58947895903697 155.1175305507163 
8.905080242843123 67.63021803496042 110.1639250793036 27.736028545761105 -82.58737108250357 
14.054954670157981 20.63209872343713 16.95474217421797 58.83684106029927 -31.91552306198262 
-34.48174820611749 86.90068381769211 31.473903364783176 4.714480962889713 53.62617759305114 
-31.179216822455253 -122.73913657714849 31.322411844692496 -4.099768772010194 -103.53441830956135 
62.45888990103024 26.473313259055562 96.53333979589506 114.16454952064441 -7.38723924786283 
8.855942285672874 68.85964582255014 105.76737536097505 25.430035430751424 -84.70775381585838 
-59.10928022179453 -18.16358750871471 49.646588729616404 13.25272022815772 -114.45263106141316 
30.852025720167752 -55.54747732248886 96.7732386039431 -32.51260346997222 -12.425422661137317 
-29.887936863625704 37.748335929575376 80.57298011410424 -8.612150250656137 -31.750684952976208 
7.659769408580079 69.47545291301763 105.85592397247136 27.33243811541681 -80.82777773190537 
-84.83708689937114 -69.49850275692239 31.548733837553705 -233.00725662181875 165.74634206358454 
-10.096008840861256 31.764984197871453 56.56324223856622 -72.85706942934294 -15.128472906088644 
388.60070422303073 -611.6428947366966 -693.4593929280577 -592.2720186149207 -95.5176241672792 
-260.70630296897383 42.727358026504746 -148.72760776122544 117.45643914245633 161.65521979291566 
24.573031873369395 -25.21335509373882 -136.3313093951843 -44.42779285334565 79.75918032342058 
13.49330328931783 59.92286059023758 106.24895261691377 24.918779004845305 -83.37269173039007 
13.301579024739794 61.7593798177238 110.82651649954978 23.712418873389627 -84.9045112934252 
11.291759360475105 63.66836028187824 112.24187311550023 26.351039583666278 -89.14219781083149 
3.1854750717897105 31.28005749572567 -235.10847825368046 43.78362929421191 32.09151713436607 
-455.01674932932224 -247.07936373699323 0.6250767714243182 -258.41632612700096 535.6289312544878 
