21.966231560348813
29.85511414389351
31.139483049646167
26.606470647809832
30.422037291268108
21.186123277858304
27.72996379066123
24.658285991199328
26.02406035685795
29.499602117011843
28.997947706528997
22.12093841822303
37.759649803883214
29.48486485669215
32.69115294171546
35.014038790639894
21.029269699889188
30.34027093291361
22.34520528765214
28.22403987138779
19.29847162631878
29.75531970806903
21.479629104283756
23.278551559451028
33.63102810005345
20.264942847062954
32.890100619015264
29.889434801625498
26.17529875923828
34.89588885278183
25.417954684121806
35.20488855913352
22.13325746710924
26.292087915936136
28.975245634850655
30.51639974886717
27.274398720889454
33.50291893655833
25.93247952021796
20.70906672729034
28.698111897204637
30.83541669293039
37.2977933419023
29.542624877234214
39.67322622995848
28.0641279481197
27.47676533768539
23.119759166384934
22.09130827137904
29.12954857013033
25.449579908994288
33.13927613207323
33.52635398216022
26.81899633545576
25.451232721441382
22.251661693032325
27.603532702074276
20.82519732625874
30.037318065555368
29.432561056029257
22.17262109556849
20.285322676711665
30.125079679614487
21.538498710799185
25.83403395628216
24.180666198321646
30.206473611787636
27.218693230680316
28.976377851453112
27.10746010184273
30.991047837499938
26.723674385393686
24.938116298708607
24.044322000745698
32.39960073053347
26.650412550675142
23.460117648450865
24.50609994163942
34.93602071705005
19.76929050325817
27.29896276039541
37.00923688226477
29.945010718024978
26.822048562895883
24.836600572463123
21.213697997628888
31.82005938982633
29.212262773706648
39.99981558374004
28.04440812011843
31.826416537163126
28.404489219786022
29.265053151438458
31.014291137232036
22.918574694117634
30.518317180678693
35.21894979734185
34.84795714391681
24.232268807543353
29.455964900949912
39.41973323641113
32.33971700938881
31.587954453896025
26.188072195614037
18.49071428547546
32.70210935060768
24.877841771532097
24.87442492206771
35.79482270904142
34.8817540219117
31.93864907486124
23.15512090053173
27.544153665182296
27.14519853058562
25.933303315259053
26.008221928380664
31.3745264737329
27.48684036658529
23.35819945867208
32.11330066364149
27.169830206026447
31.754116040117587
25.617621677682898
27.786337629345542
26.074813206021478
32.94478584824224
25.764695284812095
20.025038908574892
23.054652344845643
21.66665950338901
21.01071220562276
20.007942432313854
33.6497307873339
22.72056782328334
36.39374899343619
26.84126541568338
32.750851671196955
24.842190791959176
35.45904082870709
20.73359458092285
31.61494252354727
25.6988750895688
31.409418149113076
25.490154244207627
25.422140927568517
34.34427904704961
23.715778513686324
22.257206954599567
22.075811130494355
22.726870218633685
28.487976595245716
24.69376173647774
25.402881248131376
24.87772824092704
21.553811408444766
32.41262906043804
33.634241827605706
16.61395664309733
30.813078450355057
24.583970322028375
21.9365814426043
25.050301717731067
31.072134106785477
20.290721706632347
32.03601544999887
27.014028491337296
30.983240029509737
33.70614722268398
22.02137631020839
24.20388714649387
26.45482865525589
31.34688140494716
30.568350494590433
23.135720476336388
31.494612321267223
25.10723961471155
26.727987757132183
25.8260285084368
32.06675770659505
23.966836573104768
40.86005803669806
35.432996518591956
35.1730384553435
27.41170254709952
22.93903256074213
25.422763466309853
23.864883822152564
30.445872565083548
30.804162584050882
26.62285176101221
23.787945594162625
18.039599576767074
25.916003796593372
40.89779549477663
29.184596614652957
33.31322084594958
20.288107852568718
19.778100468034147
32.42634454611608
25.18710884370556
22.778445035485976
33.1551008218097
26.0677146171785
30.076038059576465
30.433512874827642
20.09486936672544
35.77618988002175
23.977482740953654
36.60894953117483
26.135222542125913
31.704660055196683
30.890713491953388
34.04980769800466
22.1507658087345
31.920940685695275
34.75207372489656
18.948491072821213
22.324955044566433
32.81395814377093
30.92636118446368
27.353712326338755
36.99613213948697
32.40366231128411
18.47546349965209
17.43148831017538
26.391936771001593
30.930384411697254
24.47416025593218
28.67010752699513
25.576211841406696
28.65583610597517
30.432954509059496
26.985187160406223
33.61151871178983
35.386056112295975
25.95179420558019
29.521779961206132
28.911862396467995
23.40505890438934
26.768235270531274
26.98040788505536
28.814230731267497
21.008647811114574
27.795906761818625
28.44692982120387
28.986002777343664
21.913836168712336
31.562345418747174
26.949642468783214
32.331489014713355
26.402873868406278
23.31917345012608
28.15830097131271
23.932888657909796
21.716672601903035
41.519870044669936
25.763911762901216
24.257652904890897
29.526242841836247
33.0278326414344
21.68578646338408
26.65982897815667
19.92084012467063
34.89067067326676
29.81480678563874
27.716265420878923
22.502789398909904
22.187193363619635
28.008533950043162
36.32695300646969
27.865129367346423
24.109363332824135
26.22420529187663
33.45406542233442
11.696971761018004
26.725543544914636
23.33981906491
29.811066112639146
33.710059578716546
29.093587933483743
32.167779429944524
28.504126850608827
28.25403528148681
23.902996450103807
24.17359976453762
23.854405588954872
26.45281931551764
21.825577038431195
27.367457563351177
29.482679539128885
22.904813025583294
33.8254870633187
20.57495322201787
25.866495510957307
28.911551200501073
26.237256413815167
32.51317637866956
34.95598152551135
19.440450306088056
29.616178222114723
19.604593737100018
28.895699514082473
27.25098485347924
22.54470223525751
28.257461888319845
30.093761401449818
25.780553745515164
24.026490952511157
23.169732609388422
30.600715572685107
25.59489345293253
30.053490450500483
23.721309256020312
32.51178573030304
29.313463545616113
28.926379755737873
34.11488498720007
30.09732528335238
29.5220844756953
33.48031791472424
28.40877425860142
29.518155763635722
33.06568471421277
33.7658583018595
26.881368372551865
34.221742899231096
18.227281653757245
25.056741308422097
30.456737977556642
30.571147304286256
28.529430676582848
38.19666886886132
34.49044301534201
26.812463135396516
36.43649808648145
28.168937394870827
27.82836902692016
21.02070337275713
18.980423679395127
23.73129342016534
26.736057283897477
37.4218913052029
32.683682045329085
26.951405923999385
21.947758978019714
23.093401094030106
33.016395904944766
35.221713952997
26.594045977711186
29.034022319359053
28.054643750649156
31.511183774681452
33.02461852013595
26.896330387722283
24.2639870442422
31.662222761413588
26.552091684280366
32.70780303697179
28.33271174592078
28.021537828044256
28.43607863190753
26.273513905211427
31.10416010704901
26.082054937866758
25.636227450266244
30.72403829768169
22.178466820186696
29.2270369740151
24.369205046827187
22.305307789666205
27.849838202832768
29.65663653507471
28.86929606698743
33.997200561649684
30.085024956828107
