14.145090920006986
15.44009305021657
10.519582864557773
12.236689114211385
14.049466813458695
10.023563032752286
10.373502640052445
7.967734085973982
12.806043858468106
16.720925710760667
14.143172850544481
14.768436419380253
14.468628778203687
16.96127398596431
13.373390025385191
17.60882528547329
12.782956294281286
10.23064434425646
11.57356082608714
14.198262608984106
9.61895390235889
14.868812658476418
11.003156858761342
10.673917406167668
14.24105451515907
14.850437034871655
11.891712933659452
12.818657181623102
10.975062210449444
13.396650609838222
11.20988624912773
14.853873685055945
11.639279726789551
12.381819359761165
11.091057105532855
12.235505159738231
13.982189515299202
15.486440620724032
11.380515571725121
11.257184538742013
17.003798984291937
14.586067633049792
9.91767694666843
13.637534860602385
13.872829340070854
10.559561366317133
13.316395281475897
12.833977862997962
11.614277772320294
15.309818253777365
11.103225093883824
15.079614879548268
11.229794160204419
10.802859331009131
11.72518782667857
13.818526770035968
13.34724621760318
11.122424516806047
10.463874095050926
14.79902237162333
14.268852158105183
12.726096782043863
13.61441719284626
10.427544516914725
13.261535780441514
9.31725910725413
12.220609061466194
13.131999820187387
11.268840028652527
14.74171348004345
13.762371622355825
11.82287536085414
11.0553071008208
6.3607324634563716
15.031619295446845
15.417487695435117
8.42615023261974
12.14015004721843
10.826631954955431
11.576180115787949
13.725985333104234
15.069137885112532
15.48561557290658
13.14758646591882
13.28435970478363
8.261038061907808
12.837241397535983
10.21052055723127
17.462042676224495
14.625579677850025
12.104203719320074
14.58797894489555
11.936500038203594
15.902909030533815
13.36700405166799
14.571919139841839
16.042524812913907
16.539768456054297
12.564766511739307
14.863964820193894
14.766927466117416
15.443947107225654
15.738874048608336
12.046636470424643
9.058064288883955
16.35523380645169
12.803386070873055
11.093042830062128
13.268017106915229
13.770729096068907
14.687537192829113
10.479482052384
13.036188433848258
12.022858848895195
11.557318588470602
15.283768819473663
10.273025577418228
12.246798561692465
10.823402105597207
15.068248528692616
15.184675130451039
11.846246740405162
15.139666174570062
17.24699117200998
12.807231544827161
11.75945508623991
12.989450405973553
11.484852685028752
8.474912632954538
11.700953274258069
11.815405875119247
11.628258638178975
15.406790525928033
10.46407410605561
16.587929166603626
9.983852584476352
12.682718915122456
9.860776578785204
12.163520699197562
8.341002924054463
14.384056935428424
12.2342330897328
13.227345797872738
13.557750736389586
8.925818704296539
13.715492229143962
12.369061719660834
13.261803000941383
8.759238969037428
12.094138501655626
15.088618220754695
13.63084966894772
12.894436839338008
9.634729014439928
9.619390239188577
12.469642647128726
14.185356963323837
9.55052174890641
13.921922469167036
9.233383953445651
15.477327102041695
11.633001649865077
14.198889532181315
9.664400745593392
13.914110419934449
12.94781044775786
11.539059134608774
18.420083030893654
12.267728489738282
12.926534507483222
10.681536964456022
12.581422694113598
12.932533774588151
13.463739292407752
15.753020233625719
17.143043147631865
13.823237993077743
14.328292459601405
13.442149397770404
13.38326992296969
12.959407956636152
12.457391307115428
14.82800416983432
12.907248011044382
14.006344065069445
15.222019824192735
11.802387596343378
12.689340466989853
12.321216412965079
11.314236340255995
13.968295346970079
9.305454615587085
14.967237937857497
15.866277045874515
12.274049165543188
13.791547060769648
11.798109233096556
7.70146997855592
15.248405019155394
13.494100060026149
10.586759218242461
11.59439393679812
12.902371181947206
11.561392211236944
15.460581225904763
9.52233298900545
15.590924438222316
12.028316814519735
13.566680346705002
11.577430214333415
15.210492325585005
14.173289573635179
13.660251849396829
11.280627164046587
10.74269701728749
18.461883071677377
9.763969281919325
13.947822019169656
14.126057018985877
12.078626964731153
8.434269486082137
15.022794226025312
11.504317286337212
10.224202080035838
11.4747511080066
14.181987877165266
13.837973979881067
11.308975594454402
12.579013260348045
13.685230617145809
14.299066033157128
13.980582756387067
14.423847914687189
14.437994622583368
13.273336704032772
11.456004689101688
17.732932629389126
14.293360470772742
10.854589295047985
10.293211654896853
10.336484548927183
12.429620515101965
8.245102022292873
14.79642483117393
13.451735046338735
14.849041778156918
9.294439514944221
11.105143526754008
10.8742800854181
13.487639723783497
12.69614290718593
10.539347493897743
12.83600754935593
16.14712169158392
14.185467430801598
17.53670902821834
16.310612176795438
11.449654814047108
9.588631143592707
16.895799916834676
16.045749062950584
11.615320208274865
15.531976586475551
14.99952767366779
15.942864535735929
13.51710788644549
12.323740865304316
6.029561398500211
12.31309571005151
14.647973583498166
13.260376513651487
9.66506007939601
12.137898694909678
17.816901696534572
8.463535668661873
12.276047501822235
13.547267765411048
13.205209237738744
15.537264711144083
13.350138655502166
15.486138091870881
10.902981198810325
10.706279458528442
11.692799389099683
14.492132054347497
13.129627933938547
12.200454620127276
10.327479850465108
11.500297374711254
15.542014517627685
9.284056183532424
11.681171050035523
9.621199381665544
12.97393065764216
10.281393308393781
11.176619660221165
12.723190031038468
17.25018205656527
11.397621050641197
10.957146610065365
8.496618618276072
11.737500651708821
11.139659730259542
10.230152771160142
15.415472088709185
14.197533407304203
14.000210481479801
8.064767989965722
13.76011031843095
17.1499112943699
11.913281653435861
15.947966676286294
12.504326833310289
10.482604152677142
13.243699565045922
13.826342917109901
13.961167597282474
12.74004744361882
16.651124252055027
16.859903832476505
12.567857675121337
12.495847449094425
14.134936861029605
12.899329231912548
12.370972483469039
12.958972344233509
9.638119267975592
15.179544456082525
13.14755658746409
12.870803884507456
12.004951139184577
14.844950664048703
13.53492155973257
13.145378302485785
14.440505344367313
13.938453935127942
13.82149467393963
10.199447056297824
9.959578884454315
11.010746515386892
14.893990316792442
18.498683849982353
13.151929461049335
13.864578099731146
13.130733068379145
11.352040713276843
12.250604480609521
13.857508925529466
14.09442551341925
13.942370550618085
14.738131231014691
14.233291612794483
15.958167049708704
12.376139792754566
13.771855078347293
12.547615744669638
12.214565219687467
14.490235120813633
11.615328579152898
12.406196116792076
13.398428136318433
10.373810085359889
8.298296940067413
15.245300688979857
11.507926393782467
13.07410061831339
15.633833249355407
13.133878276214395
8.649901254311077
12.779084960655045
11.488768001701382
12.794592156709854
10.354281483603039
13.201231552748082
15.163105443975795
