22.65334213597422
22.32231003970749
22.648924128540877
26.384607524227874
26.713145355039664
27.591188735403133
22.033722940708746
23.726746885853963
20.531495269352575
24.860654561141516
24.62845114008168
21.793817479964197
18.83791639292011
27.49525134837324
25.50231795606873
24.52424725312535
24.206442300341973
27.35378345948309
23.52181965124568
22.80868182492872
24.7013768315777
24.957023073861492
25.328916938462754
25.285873835826095
25.808129882150368
17.647936026080295
22.242348798441284
24.436988053903036
21.19459110476744
24.480518779842722
25.201990677703954
23.044122676701114
23.486263907118204
25.25440794574257
24.81256912175209
24.505642307460107
23.671719028897808
22.895840257448533
24.723090737459852
23.421496886990774
26.012530790080966
25.02987586191109
24.105207533556925
21.456842489088302
23.26525285906784
24.600136420420505
22.674620127950206
23.229179093225298
22.48208250970618
27.10721140572764
23.316406782745112
23.214797729504873
24.189055752402254
27.079827745805183
22.08060148587211
20.03433225442952
22.715373920312402
24.017441981964225
23.295674674323735
25.047446325494654
23.12249096588763
19.643457037164918
23.58779292348211
22.59242967015817
24.962675361804735
24.895276068257253
25.323635424477775
23.725356097247882
22.132021299753042
25.181356759733745
24.093331896263265
25.0789477190152
24.536105737581643
24.496024534514135
27.340863988330796
22.460763317477607
22.39033749612986
21.901211007547374
20.272573662665806
20.772577649739567
24.100185154813396
25.873538044945317
23.5115579205288
21.933703313586275
22.389831185570976
24.958927428357413
24.12495330860277
24.77903376996955
24.04771513199585
23.132354695825327
25.49497550506827
23.079570215935714
22.159594495594597
29.51654321346209
25.066768308854346
25.53724753099743
22.369230758930932
24.978256222671952
27.619534391406972
22.784270405041394
22.911220373025742
24.74415829004652
21.77083890084201
25.12497375650803
24.810755522350053
25.516598728147244
25.86708124495705
22.739434154297978
21.974180782440445
21.608210957946476
24.154588174298297
28.2174013069734
25.72722473033654
21.688556973548337
24.000040026095423
26.22669354924016
25.616833149130905
21.60030810776376
22.729788766863756
25.523967177010995
20.30997776474539
23.650422806806663
25.81682462037282
22.56846704333243
24.021394102324326
22.07921025075724
25.837555791132054
22.93440960699281
23.49595871614463
25.175346370747473
23.323082804073298
25.71008862427644
23.528540837498323
25.567145359107577
22.359087791861555
23.035809746046844
21.931105569095344
23.29163916405329
21.365783110507707
28.22678878102536
23.913203620654862
24.18382204268412
24.00978163723468
27.878310349247283
26.126204246849717
26.581515896333606
26.588702319043193
25.515419911216277
23.972894473210083
23.891121828208526
23.280820910237257
23.151769750430084
24.797421813279136
21.610348594401948
24.243208055010136
23.146445645655028
23.960812718402856
24.69987668851025
21.431215147789967
24.626961384957877
21.82877257223474
22.72431272320382
22.21538823422796
19.3853894328726
24.68075218529492
24.57555163512898
23.640500119223837
24.982278754566302
23.18072863765157
21.927053689852904
25.507094298431404
22.659927614831005
24.201466007886978
21.678635628309202
23.548720489546163
21.399006933723367
20.751379777562526
28.02596672758443
26.3003113741432
27.23018286852166
25.693968970756888
23.008546076596822
21.98947800705951
21.123985485528348
20.980793104379114
22.32462205505348
26.43268300020248
23.826457625868883
27.772433844704196
25.82111602411984
25.72386749059443
24.14575128767787
26.144150020306306
20.808274175108295
22.18268888874165
24.68410615209256
25.0570634471082
26.43724471738225
24.302861345960356
21.77377959856277
24.364081219041566
22.087615843009278
19.870154999175647
29.566408799901815
22.363416798324675
23.10039403057811
22.74453658479937
22.485263618566794
20.050035823768813
23.701899039643287
22.390752217403012
27.096592644162833
21.14781255803887
21.096278576667455
21.459841160014783
26.26308251419291
25.95746573722292
27.49756956445276
27.061219994251935
21.382434993776446
24.03710195456094
25.09269229667266
25.41103973178284
22.48227287485138
21.520935369904894
25.774348872454674
22.701071018654865
23.47530635118717
25.34686579917132
24.63988363010245
25.83464349176492
25.311602512937156
21.52540000297394
25.209437045033805
27.868380117871116
22.769516211311664
24.229883958532454
21.62155294576618
30.329652184372268
23.89945332633455
19.432793636382755
26.576527806250603
24.383746553229933
21.480613977535388
21.120801433997162
21.93946302752277
25.867210422061625
25.817516416423246
23.762754111995754
27.04374610874421
21.14889313845753
23.068175191132354
25.312677909657843
25.206988545509276
23.508484358145942
24.782509886044824
23.13423060873958
27.80489785374282
21.72811672957607
22.757494334797506
21.91286288050366
23.252725399867543
25.62245542634519
25.47400170837136
23.719199652600935
24.080394187913118
25.763181010383413
23.285839919648716
25.018599214488688
21.16869797178571
24.673499098850854
24.492716685184632
23.54253793221758
25.05028538405877
23.044398273052536
25.559696865568657
21.30958476284703
24.10191160942263
22.690848457668714
23.874163260581618
23.27098498189685
26.05827121253106
24.170756123938467
24.892106647172064
23.307833056280256
23.88088727681917
21.081213942280545
25.644707681203975
20.00217773988669
21.55147474324716
21.905941056680923
24.280415814465393
23.988102757101178
23.87448851241154
27.161194460699562
19.484813470635476
26.4541732983771
25.534778193210684
23.10154968246377
22.027329153042775
22.14151156749589
23.80435022110965
23.333367179619458
29.97701927668568
22.654733158466605
26.87136443815556
21.99567213379596
24.95390535579088
20.102338637987234
21.993858063087835
22.305547739581122
22.17979596537831
21.479434661652224
21.218028980429338
24.5341414098216
21.74117930591963
23.771144406171295
26.895946697506496
24.378525143625488
22.09015055746331
20.539136113913973
27.775453570064585
23.230846465455286
23.251221234719054
26.32065785987168
21.61766084189825
22.68251457110081
24.865205743663573
23.156164608415786
24.296292445864964
23.356432519400606
22.73787833857833
24.69763388197046
24.912038867335813
20.625248460915834
23.87649398798076
24.908564520265728
26.532531334985997
26.499329237368222
23.557977281137724
23.26111418160456
26.00196478826084
23.510111790960956
20.916803723292574
21.27397818036029
25.111977079880848
25.647590891206228
23.561800834614573
23.067096395316536
18.558477511367723
23.84565179856459
22.52231049347403
25.32897753824627
23.448617109643315
27.80109149208176
24.030721759041604
20.84753118027013
22.54455794026946
23.390766690662222
24.768791901590454
20.756521153123714
26.74468980995597
23.601666358602156
23.650187731745024
24.647299105033824
22.562276570841227
24.355288488108894
27.574614604755283
27.4486458693711
26.203910768429374
18.68242124691764
25.797989344633972
20.713821170978648
24.711562240606142
25.505223179415125
