-17.54188617696506
-20.550048632632237
-9.164953928207701
-22.188107515672442
-10.549197024069283
-19.960487154277203
-15.558434498211078
-28.45741563895494
-10.555547521578553
-14.767217387603909
-15.092637108191212
-19.11981869596066
-16.617288664133707
-9.902819316805086
-16.33542245576482
-12.227445830896793
-20.220015698836
-18.15504781392858
-6.549296449270541
-23.408255013211296
-17.758641253322303
-15.050585659698914
-10.946280560302398
-19.59506645421162
-21.928366625956706
-21.109445361987643
-16.60610178768824
-11.93041860026688
-16.578035698201944
-16.765014598640278
-13.51048835064142
-21.980244430093233
-11.607488408036126
-13.875064635648773
-16.485963904028377
-6.291598408470751
-9.62364912574656
-16.836747266647862
-20.0206392969845
-18.485383913857184
-17.25392978617861
-15.496385018431713
-20.336513741602467
-1.5701751088253157
-12.322518211548118
-6.559222545255637
-9.529318763034812
-19.992491520907382
-23.58409490232433
-21.04133456333108
-10.205939951884833
-7.1302279273449685
-14.828801614307379
-27.0600866715424
-9.522695049120195
-9.043979645192195
-16.44208663299358
-15.823107381508775
-17.20016908317712
-18.57361468305298
-11.27847262925587
-17.12421847530655
-10.538105080218212
-18.63656165714174
-8.61090819949111
-22.4500633954651
-20.59735709924794
-20.780914789144376
-14.02719109231512
-11.021818510099124
-23.67962326331006
-15.807801311139903
-16.39707381300819
-18.465897535145018
-25.01862547497408
-18.729335570125
-1.969955951903077
-18.96143186558605
-12.173153793783088
-13.875183994785438
-26.389848941284832
-21.148962929825394
-22.241581005035204
-23.87460205373105
-10.627548176737431
-21.230681516609838
-12.839108481372637
-14.216129225721366
-9.94796744198386
-20.453998288140376
-17.170515758703992
-20.786284853057587
-16.5740894064024
-16.565153498910114
-17.3191344089727
-12.734174755212102
-14.720322954991701
-22.12106028770086
-13.050420049929897
-10.13456127782058
-15.732696770970993
-12.721303135412976
-8.492342915855648
-17.92067809665157
-17.665510679884846
-13.381716895480327
-17.145684064703875
-14.61420450036998
-17.02246987543007
-12.329669717553546
-7.177857970515299
-14.727166682826695
-13.103556095592824
-15.480808655415979
-19.24433890218953
-12.928697613964061
-16.54810875528203
-14.917021499144393
-17.556472108316502
-13.713836138809956
-14.255590975322503
-20.790703769469623
-13.269222013300526
-15.567073670761669
-19.544389033803082
-17.995934918108034
-19.59072871962823
-26.51859135352252
-24.978942217679098
-7.416453836817053
-14.975458597488792
-13.326777687672998
-20.236760602131643
-12.18254582865281
-20.817315757680706
-21.570931308488227
-7.735516376846786
-18.29858774171176
-13.087310307869878
-22.35858213993259
-24.929417751462115
-5.452937447142972
-16.64922170325658
-12.883123733844766
-14.646048758079209
-12.186070832756082
-18.749574049146496
-11.529817085574864
-19.598160434141086
-11.14838911616356
-21.10210148854252
-23.05519894107337
-21.991549407589527
-16.362503140695544
-15.315863291796372
-9.809033647709864
-17.084687230224567
-8.27927678533396
-20.46933613277889
-17.99430881402874
-11.015032491972576
-19.10559300706405
-9.839527805240596
-13.421730819392252
-16.528560203960236
-23.035930301032156
-16.51961005815695
-13.23809945756064
-16.722729638366413
-6.304878541182467
-23.845780310087097
-9.713637998928187
-12.49275824532389
-20.36706621302842
-10.369055548899087
-9.421809740554083
-24.504946318429237
-12.718454284434442
-20.978214113177838
-11.715578197044234
-14.106839122163713
-9.91403872953
-14.625604157556122
-19.130273449814045
-27.289705901887125
-16.211207849787712
-21.83303247207636
-16.591756898524917
-19.155556947694237
-25.610900513190412
-10.932949931595793
-17.049982573545886
-12.18162645542127
-22.23133489649431
-30.84571803871569
-20.026287342821085
-18.840660051846132
-20.914804271467194
-11.499048251407611
-11.84751280657957
-17.453256849649538
-14.844136520064325
-15.890136630298757
-13.849612696452057
-17.242680183695967
-11.108990594065624
-19.033879853037668
-17.552231556720788
-17.7378382013447
-7.748643901844879
-16.288020180626745
-15.772391645435334
-21.631063294095252
-19.05951272952698
-15.51897219518239
-17.06559006771219
-15.643495547828145
-5.748310277656918
-24.849083196531414
-15.509431005975864
-14.90423650335331
-13.601294857131144
-12.68261855248635
-16.87074089818065
-18.23196545261553
-24.92829992549243
-12.53407077362813
-21.71822242928503
-18.93891762795996
-15.916125711145455
-15.425796349614103
-23.926839505868706
-16.534873746611183
-9.925625261217226
-23.49130303831178
-17.420255966056608
-8.89725574873928
-6.4309561871980305
-16.312256426720893
-14.51116172875621
-9.751246421159173
-18.05208473036999
-10.613512281757313
-18.558064928841272
-17.322768876865148
-8.556191549928126
-23.422597516920604
-12.544787646602757
-9.585994155926603
-13.388796956134637
-10.92722935301914
-16.70322633866238
-16.306219323554483
-18.064983325378435
-21.57612085017951
-17.919373593983057
-11.514998147204032
-11.567322589755019
-23.679716221178033
-11.524768682517802
-8.330697995216244
-13.116785751775797
-12.018036170423514
-10.428836969083445
-17.318841870998405
-18.423252539951655
-13.930859668148367
-14.63075962921527
-19.058480241327196
-9.435181148244196
-14.693381053487332
-16.898295265913593
-15.77790903270581
-14.410395545888363
-13.492025851019683
-16.651851647169842
-15.922489027760703
-22.631485278577617
-16.44740928788342
-14.765841598454234
-12.429314126045785
-13.071697192141155
-17.480703862333545
-9.87049967828099
-13.62164674834774
-25.16474371252746
-21.93137627764063
-22.24933565586234
-16.03245824383773
-15.921185168211252
-6.213255875691961
-15.852452374383919
-6.340431665092973
-11.679727909045218
-16.779631502272327
-21.015301745153167
-19.64323857315299
-16.18682460571545
-14.6148900645931
-16.447877618197765
-19.787796917334134
-8.624026254992375
-9.415182251179655
-19.93188645459106
-14.306770498850671
-15.523299004380851
-18.754644341905703
-17.681245914248763
-20.909751307131284
-8.371806776692909
-18.294729242314574
-10.951328083505842
-22.818680651961838
-15.531658424520822
-14.90875152405021
-17.77999930064843
-20.264797074753908
-13.898451390910589
-14.917478627360044
-13.652810766169422
-5.0354148865799715
-14.441756274113251
-9.792488894118097
-12.605871996770645
-14.563220746899102
-13.946759444088265
-15.279752655163364
-20.01633046696763
-15.193090022043862
-10.50845448709131
-18.695851502939952
-8.930291959403252
-8.530509928465023
-18.592867252756733
-15.743703125194536
-15.998151758360411
-16.6256128945126
-5.069755341617908
-20.399733373279027
-11.731781415830277
-8.529376918448417
-13.005997422693358
-12.24893031166933
-21.540165848786277
-15.366831479691967
-20.405485489390763
-5.625334740774148
-11.136676917382804
-11.250009461347169
-19.254924563170487
-18.6539963497802
-13.294367778304865
-17.597836616656025
-13.905807663001028
-11.413886693002947
-7.427567313698053
-16.809716880956696
-12.205181700664987
-19.220161938488808
-16.92570469574328
-22.165658866147414
-14.967166674294017
-20.938254803316685
-20.76569428459381
-19.482646737740453
-7.926761681065044
-24.029261043274584
-16.677185008705855
-13.137538960610648
-15.196795894261285
-13.345846540072557
-11.428371651830759
-18.02961521144718
-22.77653746266126
-13.55639478570872
