-2.081630755847992
0.7241034062646285
1.9832522375793047
-3.8126545066860595
-2.604863388318277
-0.4246568544730528
-1.1124670744767546
-0.6061105672991673
0.22506824798730252
2.3433758917210947
-1.4112789446381968
-1.1872875658303284
0.15384507831500405
-6.499039053158972
-2.4099094595040293
-4.490287693584096
-1.066008895704318
3.3681871727622803
1.3845279179544847
-2.2239501318422397
-2.225593867469081
-2.561235854730553
3.134754070698399
-0.8256691708853325
-0.7463934174329944
-2.323467735174388
-6.856422699946775
3.2167639065132985
1.3230068693068282
0.4593164634738689
-5.719084004681096
0.4517558781116602
-3.832362178882018
-2.9891624259354534
0.9345068799898666
-3.6857455925968168
-1.5331609319582222
-5.946280985043214
-0.06999137836317759
-0.6721394567417969
-2.803884243948079
-1.818080658774266
0.27406259252903864
-0.9320456181178277
4.241311463584479
-0.7688978582546075
-3.6757436375949037
-1.4641449732434633
0.14626906645251525
-0.47594126620578403
1.5520014620298814
4.368130370477865
-3.191283803921144
-2.814549711659637
1.6692910500449687
-2.426891813047038
2.196844680981796
0.9932144629359207
4.713271614628199
-0.3523637561444438
2.550859867200159
3.369179361691004
-2.0078507672754213
1.4503230318720761
-3.4386112866382255
0.1926952849854282
0.6688494317209286
2.721178285116295
-2.006634339120106
-0.9847829081033987
0.7200076259997298
0.05935117458970107
-0.9501410335405922
-0.3856644505260216
-2.3728505383307112
-5.603738194884272
0.23616143413347718
-1.2875061312872096
1.0733023657739358
-0.9894411097521827
-1.2797692204662736
0.6752078846489509
4.135164727494104
-1.7226490349757726
1.75393049363665
1.9345813033450383
3.021427652520882
-3.5406855132716877
1.1592941475349645
-0.8126836162060918
-1.029158107297087
0.09344691288796625
1.5442871484444818
-2.990033976106168
-0.5419057428027614
-1.371575365318603
-0.9189296298185735
-0.11651958086296227
1.203856756842232
-6.3349454438322566
1.0993369716912553
2.5607616401735007
-0.35804958836566425
1.397104467888532
-0.702097558747544
-2.230411610405997
-3.8581584049480715
2.2612231039039012
-2.28874001315363
1.4250460082424745
-0.8220585653532293
-2.132001311342997
-2.4276719275968888
-2.6066772976997816
1.0587851789955196
-2.3821638470998447
-2.2621928571308665
-1.7531967295092903
2.1305693060214628
-3.437782556602512
-1.552372726746048
-2.5249660616722838
1.2423647091939194
-0.07505338008496226
0.09619614281212363
-1.3085711204069674
-0.6701239953444813
0.7071496351664693
2.4338290788400885
-0.8235352040107248
-2.1429260281180795
-0.18383066856385166
-2.903897685370728
-2.179751032252762
-1.5599386674624807
2.0621833229323334
0.39666554855790714
-0.026923040394976727
-1.310107753509552
0.20195915360204264
-3.9633167488307137
4.118846711127514
1.7742632968288377
-0.886182552671569
-1.9835596104643671
0.09491123590935557
-3.006435587761655
0.9146991523036437
-0.18192490816219253
0.05069835800948397
-0.6610414306719434
0.07830790685752032
-0.4323336912769291
-1.4997105137595717
0.6406923823247141
-0.6342253905971567
2.481452048335468
0.345489175025118
1.2773872455510078
-1.4422393441274948
1.4642704402302238
-4.187524497939606
-1.1961601023531951
-2.940688793245246
1.0821253395586745
2.1285155550148134
2.896840205317329
-1.6033018860175483
1.4713662216955066
-4.340610335750033
-2.198903643977016
1.1131865393061693
1.3366038520195467
2.710857074705321
-2.477641142234929
-1.5604197791599748
1.4188037750401712
-0.2848916227339986
3.314041470754108
0.15324991649504824
-0.43702708169742444
2.0110383727416283
-1.565772587184763
1.6670117209006634
-0.6374865266926558
3.20493565601781
-1.7364705535247118
0.9265941206188553
-0.9647213867976248
4.146978230933367
-1.1702834298315916
2.3074881668885823
-1.3059017783716134
-1.7305606837723322
-3.282982214734031
-1.039601241953318
1.7174874963460784
-2.5145776514832185
-4.699058392927805
1.9033097534697219
-2.8519031297010264
0.5046246763724174
-3.2849490640377783
1.5031939452039111
-0.5939472877628122
-3.0595808628230827
2.2468624578502645
-1.4893817794256892
-1.6925425960968785
-0.4210576319652255
3.70787304177948
-2.564568277454794
0.13466270146763293
-5.648922536377539
-0.741634539191403
-2.6038252037010166
-1.996096080882181
-0.7824030815331406
-4.809255431821107
2.7618164617283174
-2.391947388219744
0.6591121512122846
1.2906625932553195
-3.9501992563739847
0.6673061009667556
-1.5898377800798138
-2.950536752168462
-1.5461255861064938
0.6978401809729482
-1.9156095410755913
-4.820908065543456
-1.972187774035259
0.03937952634705266
3.307951023345646
-3.431662017135262
-2.495141961159228
2.986899874899457
-0.1571950266132489
2.898934044197076
-1.7951773961522877
2.1582962820858325
2.3411235159932127
1.654352250164675
-0.8477037692286804
-1.991588564978203
0.3360307130416519
-2.0631824037204334
-0.6846948784963747
-0.256402771343307
1.3722412228767271
-2.9277253806374093
-4.654380387198075
-1.5374608218033279
-2.377900020528054
-4.56348334510693
-2.406715661874808
-3.2373020900736544
-0.9765021231725013
2.3604109802452653
4.762092313159423
-3.0187516663176273
-1.0983246435637322
-0.9221174601150619
1.1177974082992452
3.4970858025135456
0.32066067903739714
-2.626526179985661
-0.23144573115039702
1.3327526360698323
-1.6042796887245268
-0.0900928690072813
-1.8896505413920068
0.8945427976952607
-2.862404650944119
0.29071453302177797
-1.7104622845121142
-2.5802066961343324
4.035860901426449
0.4349105937346168
1.759855667844433
-4.006709952770534
-0.6014549635839993
1.5896143629865453
0.18106515829655767
0.29440367103271403
-3.5997601591468413
-1.0598550690795432
0.34771477239640125
-5.555269110632008
0.24633956593456574
-4.235022681103404
-0.8701862848965165
-0.7591508335355786
-3.972375294109607
-1.3126248345313023
-1.7084432380529906
-0.2697658237463483
-3.405350302555598
-0.9505415898724645
2.390617367644616
-0.35905301504499265
-1.3616703579792846
0.6818003684146604
1.1210378368157838
-2.057998157909749
-2.111536156537314
-1.0902361818256732
2.787373089040761
3.1065324034465482
-2.829043043032513
-1.6292690269725725
-1.8172235258040028
2.8349236090847034
-0.10938296051932017
1.0285761937597084
-1.224467022472657
0.30150007770399334
1.4247261692281725
-0.2557117826890245
-1.1772053390290367
0.8155035941794992
1.9302601103230228
-0.4833259553895508
-5.7259317993821
-2.610360584590338
-0.6270281383466776
-1.2695895876321688
-0.16640198035201492
-1.1917944789609458
-1.460862936659284
1.417825372825257
-1.748238787862414
-2.554535671416434
0.9397306855370811
3.366267317518253
1.1816944605852608
2.16228454887748
-4.090718992023964
-2.424094093252716
1.0775466939535288
-2.570545923029978
0.4971674565005948
-4.328484020786526
2.7471072113846176
1.7869570089650832
-2.77851895719844
-4.924830831785586
-1.498982156808829
-0.6843778148606192
2.525084233586487
-1.5239889330052874
-3.628496561109645
-1.1457257802249692
-0.40824003437791667
2.3944282183886556
2.580805637359667
-0.8662130739681433
-0.3371770188009213
1.858905820513552
-1.5425293682795682
1.955285228158528
-1.5851978360422363
-0.06364377252688991
1.7432437759980433
-1.0547870428173156
-4.932008043613585
-3.44358482663954
-2.5413553213050233
3.2619233073997504
-1.6211005260097515
-1.8400911125332804
-2.4358044535046672
-1.1339058120987118
-2.543299861382094
1.0208136107349426
