-0.8715056018019448
-8.580063633371882
-8.188939244850415
-8.925227793965217
-1.3708558939206792
3.4667707931348484
-11.858781675331548
-11.686502308696959
3.5356169727543207
-3.7691104935360875
-8.88566179467632
-1.8951580286005558
-4.140215908887309
-4.59760018875979
-8.632935924268258
0.16211231387195735
0.22906442807340133
-7.130711148748428
-5.805341831606014
0.5682990006433581
0.6400714325218284
-5.436740322795867
-11.120538645213257
-11.228168158443863
-3.2726862600512296
-6.448542012120649
-1.2269597161903465
-2.269213914435398
-2.2630012295810755
-8.530084438636125
-8.589762446764741
-0.5093096034505045
-9.651147230883835
-0.22029044541556075
-13.593489132366681
-7.98335043059109
1.109204939130187
-3.1063351254149296
-10.411226398514758
-11.302972967757519
3.688790027733697
-7.2626797059220065
2.053407073826655
-1.3430097988247445
-4.871482928039209
-5.864323931028099
-5.855483286692127
0.5068754475310376
-7.294259523943553
-4.3247438611766835
-6.9531093862972035
-2.4177999750153787
-15.954803408985729
6.264001671658291
-1.2191493322741325
-9.963763882675615
-5.848870089868933
-14.23049333123762
2.0126882398802906
2.691503609771673
-9.257558268132904
0.22852418896727977
-5.7948788943551985
-1.2959242174830292
-8.451023282503694
-7.4158936821997
-6.2329393211476765
-2.822655066405673
-1.313175577243463
-7.940201627738324
-3.6739626737138726
-4.917589876425431
-3.7383375307871027
-7.776207736732684
-10.866822142804029
-9.805225281406846
1.3052431752392124
-3.535300595721247
-1.2375601623077013
0.37811472890892783
-15.806324304786472
-5.445881064351452
-6.026733085334755
-2.739201876249799
7.741496544002024
1.3429872429391443
-0.7035394599846092
1.102460386688445
-2.424216746885955
-4.9051933181205465
-7.862776047087529
-8.151216228603367
-0.4678717082826894
-1.7006786787432695
-2.855493046653498
-13.568417067511012
4.62062979058568
-1.6653857828550196
-2.1414395961651445
8.133616248277283
-6.569061350769432
-3.8942439153367143
-3.083676749220943
1.7769038339437246
-12.905328104709781
-7.629185830439998
-1.5187253577141495
-3.37614398847588
-3.8716299101475316
-8.528290332458042
-1.3324775346213038
-11.430302665294786
-6.960464241459273
1.513534355729244
-1.4606933640455602
-9.937515774881257
-9.829501680659956
-9.373956340985757
2.7153654762024506
-0.890477477739372
-7.170127447403747
-2.094084856566287
-5.894151825862138
-0.824633669007274
3.635203650466916
-1.7499308656388286
-10.164958975199115
0.6173697607170681
1.5098376960962407
-2.636820452362297
-6.517669751820802
-2.127691203098086
-5.646242490395547
-15.55645128211398
-9.067603802219711
-2.449005555768679
-10.01755144763007
-8.143416291179493
-3.188023134550058
-8.177389391081388
-7.136453184022358
0.04291363140352855
0.7576140591601287
-4.548822098795249
-1.8847513400181024
-5.407930761061572
1.340672316883629
-3.4416030511503757
-7.437384913070716
-5.973241576102844
-2.927780289954502
-2.3010250244281045
-2.0544096814880057
-1.5941925576095572
-5.649474203305735
-9.431527889254419
-3.5820750825220085
-0.0968015797065131
-1.7914005695124742
-4.967078055275955
-0.7181842762877311
-9.194681112395047
-2.483395959655252
0.3676969495667701
-2.140975396704973
2.3356584214483416
-0.1391537863135215
-3.738247137146719
-1.8222906044372331
-3.1188915509489887
-5.924754167728896
-4.009390354984406
-6.195582476750837
2.6325687476661237
-5.667950111205029
-3.842549922579689
-2.430262860121529
-17.854050128163927
-3.6587375227532357
0.0723836947798214
-8.618307951507543
-6.857597638623768
5.922624124245852
-5.789510600010358
-1.770715943659611
-6.733218465663492
-5.400050479452705
-5.072375003068002
-2.9721226126134352
-0.5939378092879393
-11.084677313005905
0.12736360348047748
-8.002495129951576
-2.7565678149910777
-11.135119798716293
-2.9160936714897456
7.655346472383018
1.5431399148950438
-11.23132942339744
-3.9735981979576183
3.1598200161823105
0.5448993296521262
-2.672047154480378
3.496412365175404
-9.91869678519179
-8.168949267783283
1.2365974530265549
-8.341872427760094
-8.186049007167595
-5.631298332668686
-5.426082881945428
-9.221985911939637
-6.87773069253565
-15.642187521212044
9.178738771221218
0.3702179871116269
-2.9974140279422725
-8.802451439887884
-15.962920617868914
-0.7244373259404941
7.235927271606122
-4.542422763283233
-3.1414196031835275
-12.12440471225229
-4.071145270508493
-7.043938548767889
-2.6204570318476934
-7.462416904561923
-5.394598192490149
-8.961335745698396
3.8359003704208834
0.04022015704762483
-5.6810730853415405
4.2427874402932995
-1.7196692563167777
-10.337299989131957
3.878482670031918
-2.8123622374813912
2.7900418466225725
1.5928647271762144
1.7286314909507763
0.024152949304789173
-6.663103414021834
-4.533238305173234
-9.30316450979892
-2.5257174276621264
-8.575548687825744
-11.169669787256936
-3.9748871312717196
-1.581771311184211
-6.245765731117059
-8.665836716834114
-9.007175643534179
-1.3944580778239297
-14.480563504496713
-7.344722726015117
-1.8468686312873683
-5.95746195369023
-4.940711021705097
1.6580286264295891
-2.6944131445950834
-2.294944030284037
-6.888235653029234
-0.6423692391222893
-3.42598120207542
-7.3638279636490065
2.4319358147800005
-2.1974701062897526
-6.0393860472700815
-2.772185852056128
-4.369895102380421
-4.512829486801397
-0.9984248703794296
-4.058876656677006
3.5357437909030565
-4.781796801386226
-4.519217253044054
1.4658908183648947
-2.1193549972610377
-6.768382303356475
-3.2547411119855187
3.046085520496709
-6.2868261383798085
2.0273635922247872
-5.1718160666629505
-6.542403419208693
3.2762352444207252
2.436656826389437
-12.426606973668
-7.739082700973809
4.883872482329169
-9.55370579280766
-1.001394515087967
-8.530218317500687
-6.783213568326721
0.5796467501878779
-6.169519888045171
2.4224448309279776
-3.065593350947812
-2.4616940364459423
-10.16800290815379
-7.324276406280527
-3.975191955194996
-6.282220753124297
-8.242482060637583
1.5351329927462292
-7.872534361722295
-3.524856912280436
-6.5085823154220535
-12.040642595650795
-5.413923682819126
-4.351591693944113
-2.3921040561189693
-11.430399678531355
-7.20075170410224
-4.047903462766261
-2.2510861019294195
-1.6100019920201785
-14.949585005684124
2.1501612967536157
3.017639414737788
-2.0295249935998605
-6.3416125544117286
-4.172916880777412
-5.400849167815371
-1.5616970178178786
-0.6617644108415841
-2.132040234903257
-7.929106804479511
-15.10309440095645
-5.263276206680649
-1.2237240155013938
-4.622685316545544
-3.3041778853418444
-4.641995480874899
-10.2377384196758
-4.66574806347593
-14.045114202289087
4.661228208399129
-1.736198895123554
-10.51327481083315
-10.890567293198146
7.088504745901666
-2.051478841294213
-2.9252322097261887
-4.979683601620655
0.6324579916739967
-4.684744174608274
0.6279475637551113
-7.377341841272261
-0.6219904601123872
-7.159459643414834
-5.652110753664207
3.9434415116103505
-6.736823745862649
7.2829816546619615
1.0477042614792873
-17.713168202575137
-2.156505522577131
-2.5896446934039457
-11.615949425105649
-7.882990840402764
-7.696701653690264
-10.54224120640303
-0.122652511911443
-5.710199928953786
-0.28908401880224055
-11.367497137276338
-7.364210786934417
-2.750236928306668
-2.8061772573401846
-2.40436566517312
-4.432265853019592
-3.7226273039316644
8.326390055006085
