0.015200058959820056
0.013538867537400627
0.17594766631372927
0.2466711998711499
0.22796054296159485
0.07645272069377453
0.17113189122167585
0.19795322728306555
0.2770449770185437
0.19109402289114408
-0.044802396344403916
0.2695142494813592
0.2016873708427775
0.05902010794181335
0.03442905412053276
0.24282762169940816
0.24641688391970373
0.2344370916900145
0.2569964588027807
0.2090336247302541
0.23882868332657886
0.12636599407769974
-0.00906590556976667
0.24601719655462034
-0.037072666959529044
0.18309095228374683
-0.06263231579040748
0.22214708649694664
0.2726177890002617
0.22141924354536374
0.2678132616312256
0.22740420766937441
0.18025202590908418
0.23838505217972247
-0.0710127975245571
-0.0597615462438575
0.08360153559195106
0.2628238875196597
0.20103169841876323
0.17089692422832925
0.18784536787375242
0.2125463189422341
0.22419584357346095
-0.07542822754174712
0.2247754593548151
0.10428234167422844
0.10479233323517093
0.06779357408364105
0.25821097584008407
-0.028613063078250824
0.2418591976745361
0.24259238561365187
0.1870025517140913
0.06650101295149141
0.06982225617943373
0.2372145225480817
-0.10062051278546764
0.09529927060557362
0.24716159822215428
0.24197051021947683
-0.09360396073989566
0.25494041982440274
0.2610940519653624
0.12849517823933007
-0.06388213687198026
0.1908166003452969
0.25937760109487557
0.22511412932389846
0.21475296043019873
0.08801761299571492
0.09032171028112096
0.16322615019619086
0.20341594706751315
0.25776353677430186
0.07737141188610908
0.04321160779729329
0.2517242660101717
0.22517467581245112
0.27116338721032507
0.24731367128959025
0.2427859846593674
0.07064482603243612
0.05915488954274033
0.2313472119445273
0.13295589084874737
0.015188900867857028
-0.09377181689816089
0.22434335071276315
0.2643834579009463
0.1859181446940727
0.2414646760635588
-0.08256427244534126
0.21619585501433078
0.2524673405287554
0.25034099483720906
0.00020891058622442976
0.22502594972668283
0.18363320756615722
0.2549848790440395
0.22200258635800857
0.25978255990823773
0.029777342577737002
0.11126489715816393
0.022093977340144354
-0.09792309277221668
0.25506326323545914
0.23680430928332125
0.23177821469470156
0.20528508671596624
0.22404298004263506
-0.024970442679349805
0.07754992978847744
0.0019084714640298373
-0.09479302832723986
-0.05194280066287479
0.07827710074913506
0.22658145292021376
-0.10667401002722302
0.2140088479683502
0.05815018008851807
0.244576013609175
0.24386216802286365
0.2048802615853798
0.2496529676853202
0.21638880468415977
-0.08342995785511118
0.13999349688653365
0.0018462012318420443
0.2044225788526514
-0.020227425475386925
0.01041334009265834
0.2608442736256154
0.13112965311822927
0.007153531998665107
0.24572153764249477
-0.046096619148428886
0.15770289343609653
0.2133610771492778
0.2544079412791645
0.2705299818682331
-0.11680971911705668
0.005778602656279025
0.21400698031681298
0.01938845580763513
0.2420305090617749
-0.013893624877519023
0.08287747497658894
-0.06939764990274716
0.06513368721826725
0.08650999028761903
0.16590814273627036
0.25967469750751104
0.24557023058968852
0.2325879306338225
0.17568164586321658
0.22124737912891504
0.14140662838739732
0.2433075847002842
0.139466146121684
0.199697370802432
0.2427263862587915
0.22949162668234646
-0.06186112050158541
0.23428040131860794
0.07785576436038988
0.21540935066904682
0.07977930190175177
0.05532214721993307
0.20659429393030188
0.15498309726611081
0.2607787678716199
0.23434217793041
0.19361346869308288
-0.005583437590694913
0.0181739916772114
0.23613728311745558
0.2745096869473086
0.2141669761936281
0.25904735716460414
0.1916756793029011
0.27153440590337274
0.23637606073058862
0.026033551523810327
0.23042632348130343
0.04582673853043156
0.24941695189834315
-0.09122353429727573
0.1291745032130307
0.048422492273195374
0.0008055912316064159
0.15951630954022517
-0.06694349762432428
-0.07032626030267766
0.06341267123068627
0.06948006284589603
0.08609459747124273
0.2286062180985617
0.1620863824715018
0.22444226432540595
0.1592523074680418
0.06708148400142908
0.22070705265314658
0.2289946354930532
0.0959850282253959
0.27551331275313984
-0.07162108234875962
0.27383897987480277
0.25936395735816176
0.09635266633269064
0.22925110176291957
0.16233911711026808
0.26747449620077923
0.21070061721782607
0.09449315946560004
0.2672967096226223
0.24616648224407686
0.2198529766578687
0.2481228288587391
-0.1086177124125414
0.2098734998665335
0.1390986753681689
0.025776431764328638
-0.06279181803994142
0.2575663511888654
0.17324042717374039
0.22442374663095221
0.20941831820724038
0.22660365508807576
0.27081746068410717
0.1881514180321578
-0.020892978926021186
-0.06059254294981496
-0.021731669192243737
0.1799753896099425
0.045710453045392216
0.23367003901983005
-0.017661442014788798
0.2431460402979075
0.2381193436130275
0.11694434585566023
0.24513418875581
-0.09150281126863802
0.26393435526832865
0.2438730983193782
-0.005206593532381669
0.2153601936054675
0.21204819487987245
0.2665357683385639
0.24802478128136426
-0.01909814366061581
0.17888074939753942
0.2119378255360163
-0.019381191910230328
0.19787737122574994
-0.0974676400279013
0.10935911934327264
0.2480690263923238
0.03067841235055107
0.2339544585130987
0.20176312353572315
0.23088554718442986
0.19173250593400665
-0.07606632699655586
0.2639089888030678
0.252863715427116
0.041277283468792766
0.23751602107844488
0.2411055316398617
0.2593645349393833
0.2266825025374429
0.24995998244468404
0.23657185466638164
0.2646467542104609
0.171729978810957
-0.0851925815680302
0.1930543565745101
-0.024496673589304484
0.2400876192476727
0.13160039555513753
0.2623449573671098
0.0407065832848381
0.2512951606510651
0.07861177768899659
0.1685777285681834
0.10268999904457186
-0.09442063265781696
0.2761660483570104
0.26505950060276895
0.02627813208423342
0.2394444209717323
0.21378566794462814
0.19709325960677543
0.06398726385055585
-0.0269856679280706
0.2482622970998998
-0.038021594444028584
0.016314653587948397
0.25767109017448964
0.06360927769413907
0.05874613516715148
-0.09790855204128968
0.23028309947374778
0.261031411521842
0.25205094761342667
0.07423120100332017
0.20264860184107958
0.14951471378894315
0.23429662357155834
-0.03335810440751487
-0.07854715400981052
0.15247179413299217
0.014345241311740219
0.23853123419250172
0.0009036756959058534
-0.06638426271990196
0.2520213610513624
0.14704544574569314
0.12309179491881699
0.0756766669761444
0.21150310752089957
0.16584457012313591
-0.03945784713483973
0.19204320002493527
-0.05266476616604306
0.24781868838924215
0.2338287794346262
0.2445596813419518
0.20099821746466834
0.26012537160301025
0.04258256779611885
0.26709212888403316
0.1709672754157316
-0.04704606245651187
0.25702034314798294
0.26033032210846924
0.2445193846855364
0.23033610998531423
0.1958402032175488
0.1994196188731893
-0.1099690859084797
0.23294047651174368
0.10747393552813347
-0.05044915721447528
0.07622850530901376
-0.09373148180839494
0.1923692960512986
-0.10680055525789038
0.21342336586269695
0.2339719215803296
0.2518883104014069
0.018149622121875354
0.24775940658252332
0.27182598046720857
0.13036750142777298
0.17792353878973832
0.23150065167683875
-0.0822015089891923
0.27906788625957557
0.26540401122075086
0.05645783187749627
0.27556536016504146
0.006363159840468237
0.24377465148088578
0.2717086879534405
0.267183933425983
-0.054887286344584944
0.1262368855334396
0.26198082195697414
0.23528067657173324
0.04828449676869177
-0.05284360510282617
0.18901237413937907
0.22568484669568945
-0.00985203936281872
0.11475096954642755
