1.765063708427798
1.970336492551489
4.410376734376954
4.931546976760161
2.955828892596103
3.071992980706083
4.514289604622195
4.134349116110658
3.554939619548983
4.65520867873884
1.0782201322780383
3.7476359249039084
4.985841881216316
3.112248678594744
2.8426853266573637
1.2411260673068205
4.413183766683321
4.041244838987386
2.1249633186977595
5.275882250013909
3.427978459538606
4.380899191701165
1.7572686579279995
2.6411934002669173
0.5787964024884804
4.917931933295764
0.09724386601634738
4.135220121270283
3.893513263656251
4.514223519060946
3.381870055058223
4.431257520725763
4.277082954900627
1.5306826337418133
-0.5582690907711704
0.3414877990432616
3.090150173212684
2.3618513726134642
4.598023573415187
4.20149037481656
4.226129406088469
4.5466474804554435
3.2737638588741786
-0.8389119990901619
3.8163085229811218
3.8062797743349903
3.7359725188989756
3.061068225929312
3.296192112784322
1.1645627231935518
1.2762789551585998
3.3768297019726967
4.754623032389105
3.3605011967818657
3.058109136565045
1.788630498074963
-0.9113647454131281
3.2236615935408603
3.429785187462543
1.4264009805666942
-1.2364144491958695
4.5359992140672
1.7708572286186748
3.7287312773645747
0.36880065514991134
4.088046652816917
1.346435841029638
4.0126540958025885
0.42512727177134146
3.6379686321896822
3.921268938540634
4.737868319610498
0.18508469224296697
2.202445567512523
3.306292192512346
2.3853337232946794
4.264076032634937
0.8235394429873233
2.2422154911651857
4.372774241388743
2.4281220385709554
2.9127426455198804
2.830784433700505
4.658765986872595
4.413498295588815
2.608242573422312
-1.483719391696269
4.530158887886626
3.364858186067763
4.299200023796852
3.0007555962862007
-1.0897568175601688
3.9488954319833174
3.079572641757546
4.058514513171065
1.3796364100416536
3.3714921063084753
4.670943190713671
2.002426254851594
0.4585518549092241
2.308427396043805
2.908675030819996
3.8596621543400618
1.9754942903883155
-1.4844521524710559
2.5779033913212306
3.8526569960509764
0.6488644073139338
4.7740525620830745
4.857631083341715
0.9153324800572306
3.557280522292912
1.9721331627698024
-1.1253057616181263
0.5607091039346372
3.537770099037579
1.4818346131611078
-1.2516009169075497
0.5010477962026882
2.838206411085626
1.803711239990709
3.9632511772420633
4.008663381909885
1.435719030807213
0.21542387094816662
-1.2267431913136826
4.032096038062686
1.6353267488917533
4.57397133227879
1.3106125739284475
2.345697979736661
3.5942444177192048
3.9802005081644105
1.7927854011636608
3.9787438492576768
0.01670291903483867
4.133136420911364
4.453126716990408
1.984927020849964
2.878138724664252
-1.5156011337077282
1.8548656696552548
0.31967417626506345
2.7157043432958288
2.61419721995509
1.3282352894107465
3.18978060071857
0.1557811101630498
3.478455439428643
3.943633815881844
4.1846574025561765
4.570661173132658
4.174177682292607
3.2919216242642446
4.0476030005876
0.9081138542779558
4.452211731746184
2.234869322743932
4.718484881782485
5.210533751143458
0.5857021157481177
1.9642852956680796
-0.004636928204281632
0.9775117329509639
3.6139652092106145
3.8240886298240686
3.244422738627598
2.867877835466168
0.39868982526611385
3.858868124677383
2.939030024681303
1.3273680030390804
4.258967515679915
1.723308573503402
2.5169653668105654
1.607493497589883
3.3514495210528077
0.25848819998604355
4.920871707663656
4.732554182637712
4.107722924300001
2.4935430910274237
2.267570900739354
1.7208420229739656
2.7320181877240226
3.2923671394464558
-0.7076515395753007
4.2145595779427705
2.6529948848369584
1.8708481250204596
4.120661103458886
-0.5350560183033262
0.23291000206615886
3.5711575252694563
3.030909592872779
3.119621677078315
2.3755476090020267
4.309740601994247
0.734554328268287
4.091749293616632
3.4564491136291715
0.34019925522358196
0.4230057387796544
3.352445161384079
2.6836960626043567
-0.34299186380098023
3.4228140039583694
2.8975988022704247
4.06150930392914
3.8619507471130703
4.97885929713247
4.767808343176388
4.351103611176574
3.620718126175162
3.293217003330069
3.610398160436807
3.6017609427094057
4.050956922220069
-1.1602629537174383
4.446806983342737
4.677541884203271
2.1530899391555556
0.416847262040919
3.3283656892514184
4.824456796791827
3.7282943704924776
5.1471834021822485
1.9700906522756576
2.277016402266983
5.231607735535533
0.9066711812380519
-0.008474629214125284
1.5640976990008744
3.924995299483319
2.9821940229443227
2.994927678959866
0.9354666646265781
2.9336087271715057
2.2337722333648973
4.103127913556163
0.6296131331551634
-0.3830750404641834
3.3075937666097213
3.2392293450909877
2.09805999139808
4.0113487993811425
4.169917734485367
4.174871658506548
1.3419609868659486
1.3434901643284847
5.06228150544241
0.7256692282002173
1.6977559261021944
5.106193652439301
-0.9568750945488972
3.397259289273827
0.8191582559688362
2.8952015224760324
1.1343478685716144
0.0623572505609411
1.3041355557850554
4.748681757113065
-1.0802738390323998
4.519390862942013
2.3021927639042925
2.622978112434058
3.7640455255867717
1.2618416245411521
2.821539619826796
5.068518945943893
3.0405841102438087
1.5807748292345098
2.5740830240190826
4.1159050559268415
-0.3437505969420475
4.269446666925485
1.5340847178532204
3.8188041511017063
4.167810034995726
4.255155649954617
2.5018415513389605
3.5186174522306004
3.645022893368971
4.130401075572687
3.8430233297105163
-1.10167784995238
3.100971185699704
2.7998666812628166
2.7902289216864924
2.2415163630279564
5.265593597980009
4.444431312410232
3.2843741493802807
0.6217464623622861
1.1423101481840712
0.47850342612866503
1.8721416160846571
2.6330878906725226
3.2573333692055733
2.962111160345212
-0.939776346280424
3.8033774106722005
1.556735735569418
1.1132214519165708
2.9933580904358865
3.898662852820981
3.9264268258288935
3.558449985916451
1.4103972388136687
-1.1409830599898738
4.015824790226314
1.945254175552229
2.058658600951529
1.3246713197922146
-0.7903641588621895
4.2576535146630645
4.282549353662124
3.6906032410007983
3.5753952967340172
3.874254918694345
4.428341454013811
0.411733753297747
4.279642358701084
0.06108358525088148
3.979856669915345
1.4623049734286893
4.086217771880285
3.852853718119835
4.101923161474808
2.8460003389757356
2.581317743884351
5.087206276425875
0.4233118459544807
4.724780475393969
3.141880951777162
2.4905615147527436
5.036399576278106
4.082490239133953
4.893779325447684
-1.4918514263208729
3.6597845199417036
3.5534594784212796
0.6081472238756891
3.2627337937446472
-1.0839029012213885
5.05630571795727
-1.0802557208834842
4.735022406440771
2.8481512739701618
2.8458625046719166
2.453854815761328
3.5924743991801473
4.423543317586998
4.639103778780337
4.908673957601284
1.156703835071598
-1.3704073826592074
3.615260189991363
4.355137090087242
3.0823147140976097
3.7713384146540876
2.354976275888478
1.3611147920168989
3.557520273524176
3.992172729621256
0.3265144033384132
3.8541984449730444
2.7719490289364686
4.571594819630815
3.1015938111106665
0.6864547091672313
4.933383851960407
4.60695078074544
1.8972161565449692
4.032605078571294
