-1.1463162910220261
-5.09241290054169
-3.568935747958938
-2.392662890412416
-3.0615037336900466
-0.6150275156912401
-5.28307046542502
-2.3433308324706195
0.5875220895094383
-3.3144527736795926
-4.908748238614415
-6.191051659803272
-0.7371863949557393
-4.2424566708310065
-5.422428839488472
-5.420440692746813
-3.0968693847506783
-2.863393643534261
-6.249351283933895
-4.301617103194151
-5.563174211293681
-3.0694755231423976
-4.816408175434356
-3.080065718603085
-5.3531884222358865
-5.640784493975494
-5.498620236703709
-5.844570986750443
-6.255928197149848
-5.588107156268759
-0.06352629262121834
-5.718865144130829
-1.0941504548476448
-1.364511774040936
-0.02609527111019372
-4.714667979964135
-1.8441898823248044
-5.441322111195471
-5.329136697961325
-4.565730980604584
-4.972952564941445
-3.1101280277212076
-2.826076196825406
-5.091078372117248
-5.680255820373284
-5.401337769724224
-5.107408825999732
-5.66893953297928
-2.552495247448765
-2.3319922295875464
-2.146067921070592
-2.816518192224316
-3.4012416624315556
-1.6209358228914108
-3.7225883418444723
-3.2716315674181793
-4.359384942554898
-3.576217799526336
-0.004370742678645567
-0.08080699875808972
-5.225467723711975
-5.581951426734207
0.175914780959173
-5.512807446719429
-1.305788823936291
-1.9253424316970489
-5.855639749003939
-5.449063332037077
-4.830367002507883
-4.885204066366093
-4.511824823857406
-0.7055502805169718
0.08080275739180232
-1.4705338850958545
-3.5274206833697064
-0.6187790761906775
-6.1217470602016935
-4.671917239381309
-2.7600801500539625
-1.84647152169427
-0.7803358837302314
-2.517634647224255
-0.9093924073803247
-5.364235312958155
-4.710752144499682
-5.507860550044542
-5.48870456715819
-5.061556162726616
-1.3769227596242959
-5.692597950506223
-0.02254420626229736
-4.608464394707702
-3.0052235357126316
-5.024587064762689
-5.148739292925695
-2.162383940180029
-5.209188370345949
-4.960268403427446
-5.537787303019644
-5.78227201179959
-5.796137441774207
-1.5152460743304068
-5.299598590683954
-5.772197851275797
-5.388554764073781
-3.9600995702618347
-6.198672314791134
-4.623929972252957
-0.9115173943574353
-1.2697970864199024
-3.4866823355353302
-5.728721184073043
-4.384319233895254
-1.9958085253847848
-1.740949935136607
-6.184824223018292
-1.5169555484923916
0.43380542483779055
-1.8263818388397133
-5.334591579023535
-2.7952020648753617
-5.731543242293432
-2.6868409794988937
-5.101627279908615
-2.8540289170700865
-3.385654511242977
-3.5236603800958712
-1.8287533248639023
-5.185955256965075
0.4830299041485904
-5.164028143776765
-5.746555488546893
-0.8239073453129675
-5.178200536107784
-5.472462775390709
-1.8627717855396668
-5.8006178085456614
-5.399432446779252
-5.445871101268489
-5.706841826363137
-5.253942836938258
-5.220582801168165
0.12337783361837473
-5.043371225332978
-2.784950142953428
-3.027395108757322
-5.318904976288869
-5.227182659087855
-5.684715344377282
-5.596618576406671
-5.065069550531124
-4.084752969601652
-5.9245320381601365
-3.5403212969683873
-5.133763064909862
-1.518494733553392
-5.37305516353334
-4.166463838082392
-2.4813118698141183
-3.3108124727036126
-3.642617624162417
-5.436215910978612
-5.935705344900993
-4.095269511101453
-5.564784287458596
-1.4496181653331495
-5.954581328515682
-2.551665986885651
-5.00679500852964
-6.167728346504305
-0.9150286307888487
0.5203123037826544
-3.469082387517516
-3.2018858581154284
-2.2236069349598546
-2.2164231895320214
-3.6851949235263968
-0.9679731790356162
-6.166202056817095
-4.631416942153977
-5.078322019143936
-1.2960087867428127
-1.105316883362014
-6.251089527325392
-6.028234294462387
-3.604643454405566
-5.370881348247403
-0.08108884962481033
-3.3325552480311367
-3.0408072033329185
-5.177195969918508
-5.419026926441401
-4.692285938079892
-4.374012910827913
-2.514458640926007
-4.509019689654791
-5.759431290416704
-5.225622559700823
-1.0108519918782273
-3.941669447326618
-5.457747368049663
-4.453661469865933
-2.506363409784642
-6.14801063939046
-2.2361675474252634
-5.67317272267278
-1.7892821907769736
-3.4327987442362033
-4.73497586303574
-3.1228724193376296
-5.148699633680788
-5.308492135272976
-4.766614260000677
-2.2394439391455423
-1.4846140995462305
-5.579646945735634
0.19605133690395132
-3.880448095131432
-5.00847694041822
-1.663726042875056
-1.1142058855288572
-5.017094286879572
-1.5076497365214268
-4.864649485485413
-5.467973817960233
-2.9839297747892846
-2.4217397988212777
-2.4528183529640097
-5.483956672582307
-2.284573631927933
-5.188902751082651
-4.816059903889773
-0.3376640225651084
-5.543144829676153
-5.527611716669258
-4.615048604119183
-2.901390391024703
-0.9437250384187906
-3.4737880751347587
-0.1820655550217687
-1.7824164193161933
-5.62245700457293
-5.0753971676797285
-1.7411751581564974
0.5947131635398576
-4.806001973452737
-3.997458369000923
-5.28001771131198
-5.766495649048872
-3.985159320173937
-6.155762220532367
-2.3818703015829215
-5.681115569824127
-5.674613587763341
-3.2435514392113687
-3.303931952405118
-3.165251606477036
-4.718764458858391
-0.12235267904919633
-6.267054660061431
-5.18618081126984
-1.4573174564168832
-1.2215629778986585
-2.4748694743858755
-4.740244548239616
-5.489974240557639
-3.840025995720173
-5.3680076978097215
-3.215064188773788
-5.08935018961691
-4.699204894097885
-4.662650398143041
-3.5852559299781808
-1.381546448076584
-3.759781702652514
-2.939443118966098
-5.0823164847365385
-1.7603191099553677
-5.965370292693427
-0.4026147939085698
-6.07348247108336
-3.3054326601525794
-3.0461399319453815
0.3373651632308137
-0.4999616278935285
0.16580493434912585
-3.148979318930105
-3.550802462646277
-2.2306982830145645
-4.322214957399661
-4.444865207426034
-5.387747425501454
-5.663730474501171
-3.1182932508645544
-3.78698271531362
-2.152361396534258
-2.0745677431073166
-3.4122771866762402
-3.930093004720395
-1.9262145185495814
-4.2272310140938805
-4.9611900963498625
-1.1425751623148657
-3.0036578005688717
-0.8246845971465293
-0.022126765797883086
-3.5602245367162424
-1.8326495162849872
-1.344000798521582
-2.0272285288397045
-5.084119659818285
-5.166559209572626
-5.659120996669543
-4.021239249230436
-4.793402725588022
-2.400358588543145
-3.720841026211375
-4.268330185617092
-3.453992711782961
-4.196441280787652
-6.210924081957644
-5.426813756714805
-3.53385011138557
-5.328584072584842
-4.792694369846173
-1.0075902718084184
-5.429578541494024
-6.218337502077153
-1.3453665652302023
-4.514252043212525
-5.01525467317556
-1.16079545080297
-0.9987032329543021
-5.623332728626718
-5.72467658651119
-2.4334855105211752
-1.3009134337867159
-0.41941579521092875
-2.784850879131078
-5.807362877729421
-3.705909150918019
-1.1461690861745177
-6.12522377049014
-3.4470254468951564
-3.8217244357189517
-3.396084206389686
-2.281567723654474
-3.83956626832805
-1.4403249100951356
-2.7532652598857332
-0.9606308296327741
-5.042742053472667
-2.2171254495736434
-4.128271155715081
-3.2161588718980854
-1.0563779531650122
-5.397540379084642
-5.026299054051692
-4.066204403792066
-5.469130287363644
-1.7846227852655896
-4.819767286666164
-1.5487956480412297
-5.456255819263267
-5.512552834825063
-3.246432765985566
-4.106457378001834
-3.586315345921877
-0.5434506979950513
-5.235310548427666
-3.358476358383815
-0.8612881041387389
-5.231130526523646
0.00899801906993758
-1.593462210164141
