0.007232617308928949
0.1802595960787765
0.08226565499711583
0.05143186253663589
0.06923192480411333
-0.003836714801417701
0.18362330255568013
0.11032690685258348
-0.041509414831158886
0.13656013294431216
0.1372713115657996
0.18363721469267832
0.001011667017735779
0.15222688066003873
0.17442623849781236
0.17277738704407802
0.06554960924831406
0.12153469020353062
0.19489012262622857
0.11642450466860708
0.16461609680401076
0.12734782292714245
0.13288519432426138
0.1253724401567049
0.17972026342767153
0.17767466758652578
0.17172828101861412
0.1938105076039378
0.18984486082968033
0.1580730929015562
-0.022849122450455537
0.1864509448014863
0.008135189868147367
0.08471601829438802
-0.024570309555847148
0.1348357514858168
0.030432730919259063
0.16943033371668295
0.1668929725351546
0.15579914031971812
0.17054462944194076
0.07020720601083598
0.06166293404726657
0.15247822649586057
0.16534878375137355
0.15449254510978683
0.17627916036785518
0.16459268914712666
0.050154001982204814
0.04181662372487571
0.03784069466913259
0.11950516847718576
0.13345208035054953
0.08804274406237206
0.1412469542352516
0.13206446791043985
0.11269277961275179
0.08970958419454363
-0.023283644999385174
-0.017717119192951616
0.15044849709270164
0.1884874363666668
-0.027766300392725624
0.15166002705198114
0.07828630941442262
0.029197377700396154
0.1639965398290713
0.15306639134662886
0.12438529545145202
0.1389670609210337
0.16708963966579882
0.00031548568036764146
-0.028686529091986285
0.01825206018493212
0.08886745033381077
-0.0025095256227416277
0.19012177665533778
0.16757028147640946
0.0633233718473773
0.09890683359931157
0.002617749151163723
0.11365657856481465
0.0011270295564697122
0.16072890451587726
0.1233777942944534
0.17458868568496935
0.1863554358978444
0.1719937131317529
0.08084882131036085
0.18237022322964241
-0.021106452296974044
0.13050932652348518
0.12564940653561338
0.1379861134653873
0.16526062250893286
0.04540138045416648
0.1508833759515616
0.15909516626036854
0.15851768316219597
0.1741442631818314
0.1738133272971185
0.0870402301829315
0.1501055448807297
0.16700113304517009
0.14494827883307262
0.14920543230334193
0.18738471956682778
0.1689462016111686
0.00578872839074672
0.010599683070225893
0.08391893724140011
0.18134964530911576
0.10954912146286302
0.09940042574605369
0.09452624105169034
0.19209114635019284
0.09178019884232058
-0.039093263531893234
0.09128233926085623
0.1480354860490345
0.12004676312839285
0.18796255159122344
0.12313829269261611
0.17426313735622345
0.12384949222535102
0.07700923249810228
0.08817730514238228
0.09850074135187377
0.17250941712604387
-0.03942388722545139
0.14166121674064258
0.1629524189086879
0.0010077155490787887
0.1406220841222687
0.1696841723396763
0.09578214647468855
0.16779232975894445
0.17746395511464721
0.14878132023933
0.16795510466740907
0.14239578391943572
0.16885683464805662
-0.023083562077607894
0.16501475667743218
0.1253401755512999
0.06911650469467444
0.17921314255463555
0.14718612619767407
0.16921948234297035
0.18564013472242719
0.15139286010120914
0.10082259728612486
0.18133089628102517
0.13453708899837485
0.14248724719904374
0.0254558744084922
0.18190101498709194
0.10706553022927942
0.052446670152291375
0.08004006725761267
0.08612009994718002
0.17510142756396677
0.18897209236937065
0.09865840871914903
0.1879412517126947
0.023298211617459336
0.17520439663919973
0.05672738132830149
0.15300640283674583
0.1963489027762696
0.006223657630017046
-0.03709437837356944
0.08127914772106734
0.13353768499833582
0.045286735784442526
0.0378559963500414
0.08526984366761836
0.006952319501408559
0.19247221559288827
0.12603191770816843
0.13743645761191128
0.01510347238135009
0.008020504734251158
0.1968644798236812
0.1811040315078542
0.09326265580999271
0.1452815337702629
-0.022670118118891313
0.08327701161243102
0.06974371492580127
0.16915953510854492
0.16089674084734717
0.16803823612811397
0.10883237165519073
0.0553630138596047
0.12288957571145202
0.17138374549614738
0.1455322310406276
0.008698920188993771
0.100267374603349
0.15443527925508801
0.1525669264250647
0.05572959014257913
0.19215117337858956
0.10934100391723836
0.17798764225098096
0.027484675122919293
0.07623611073039087
0.1717329372610448
0.12752572493146347
0.17365324395715143
0.15605064592977716
0.16017239655191878
0.04052320141931323
0.02140536111773321
0.1676355888111573
-0.02605491059720645
0.14147575502927645
0.16565628661673648
0.08790339450760636
0.010767402557498251
0.16175262820743466
0.0849706277597032
0.1671225276063259
0.16671286535585347
0.12051791100939216
0.11019222727993738
0.11016709639334123
0.17694025981105396
0.04572945179069508
0.149839439438357
0.129063625375202
-0.011663751805023843
0.15639158449690288
0.1631008168568446
0.16977187115585402
0.12362569208996477
0.0044905470222168925
0.13525964535966806
-0.015467604830290985
0.09151297451747394
0.18842689902283435
0.17284756450640315
0.09103500092261901
-0.04331869550397403
0.12322790908094375
0.15222992875119862
0.18289913248419043
0.17686250371868376
0.14623432202747633
0.18877837575172227
0.1123213439394464
0.17683566045520335
0.1851445283859292
0.13095723322384858
0.073017821212716
0.07032510971876076
0.12634093787790643
-0.018991544904293563
0.19414524389437152
0.14847895396413738
0.022121300320560044
0.07856330013802942
0.1102799113579215
0.12356503443660173
0.14866759818035666
0.14783083636462158
0.17885333378026078
0.07514316660291956
0.1656455699980168
0.16717998959633915
0.1686050829381766
0.14578252843575895
0.017242265811939828
0.14782435386012144
0.1217543748150402
0.14937677366521163
0.024866460706538737
0.17050891804228624
-0.010931852754508961
0.18642945514622275
0.08160349894566864
0.125028736844285
-0.03052422105961682
-0.012566874780914075
-0.026331688204704537
0.12575209314730698
0.1394071079826824
0.03946247197350004
0.16285828487882836
0.15325802575930397
0.17532318293801585
0.16474151697681524
0.12815014984866155
0.09011520636120814
0.039198624872782174
0.098891317766738
0.07728122003726662
0.14829690243008897
0.10165597558424777
0.15184255073292452
0.17205532707944118
0.011015869850175705
0.06760189746613005
0.0012937053502510773
-0.024415459540384217
0.08850677647243059
0.09652631223441914
0.08243536203652523
0.040735073790535065
0.16098854014933317
0.14456774394578176
0.16488025149401994
0.14771029658635398
0.1293439686231832
0.10853372918888243
0.09241677614763646
0.16218011629967158
0.08793712448650014
0.16061969445977037
0.19629367125997157
0.15587755130007783
0.0817611907686808
0.16310017297034282
0.15749954126961346
0.0061416404302188435
0.16414708168075867
0.1883772034764885
0.08599290350705104
0.11844840025384874
0.17519451178948803
0.07346722094221658
0.002758427268840853
0.1773604510881969
0.1705235581336784
0.05291019152941247
0.07807578145950214
-0.008570167619317847
0.0630374676949406
0.17876826172889942
0.13767662836824038
0.007972085641665218
0.182609321347834
0.13990492451947323
0.099994543063809
0.08482640081251526
0.048615624271911746
0.09219067016142822
0.014773998609707947
0.058394259535498955
0.007493092754302329
0.14346998460351024
0.046235328599365216
0.10035711384037226
0.07773820808194658
0.0031782745731211565
0.16664795674024047
0.15718029139737386
0.10186059179699283
0.15288142800689145
0.09149233369612324
0.1395172313106071
0.022947562982589535
0.1579970700777994
0.15264140448500083
0.07155363629260962
0.10485212645658605
0.14500581814653402
-0.006673000959475227
0.1654470427123498
0.08476919776743447
-0.0009799794179453161
0.16404064146341
-0.02289957550100919
0.09332128314388964
