0.212750357796792
-0.4660355151649263
0.4890556813944828
0.15480893408997318
0.42957571098517516
0.1980025866962135
-0.5006210427757642
0.41946714861666523
0.35449250008779815
-0.3945148026305346
-0.36787066452429906
0.027612153889956165
-0.092605881486608
-0.4617851741172484
-0.07992552651890711
0.06211857484133812
-0.35555872010451783
0.44562631475370174
0.3423130930546484
-0.4855148701435552
0.3170614201475496
0.47994400920579966
0.43416278742886805
0.5251643332737852
0.17097085760171385
0.40116775461591003
-0.195037119565327
-0.46179869838516585
-0.050710027793223755
-0.09665991247853892
0.46545757648685865
-0.620469823579989
-0.47635729546150263
-0.3495834730488294
0.4394345919478623
-0.4268784618280814
0.1812637713310466
0.41668777209513574
-0.46091606238379534
0.04646692271239983
0.49710667123821883
0.1907014234715005
0.5912313571203465
-0.48793770713122553
0.3673286618054412
-0.16983852662183613
0.30507049219984056
0.314926832527789
0.2613264000648909
0.14276588004181034
-0.1616283869791466
-0.3815549049041471
-0.39882736854871986
0.4397829693021272
0.30706966985329365
0.513456376620317
0.5832541419871954
0.40010452771670246
0.6203060347564191
-0.5031783316352394
-0.014372828906297652
0.5215184512866204
0.0704265098652492
0.3300884766972857
-0.15440200902358936
0.40333841478257304
0.3614118707398254
0.4042648060966299
0.39895472653730524
-0.3107091097816297
0.4776945314664717
-0.2679902870888018
-0.32632731374645163
0.3990476705128469
-0.12635204422377508
-0.21596752671045147
-0.4431709488926921
-0.574482008246342
0.2541611938734494
0.3668885674110881
0.00555680327579991
-0.5775560086262659
-0.1791554398098703
-0.4813818206005235
0.04859094173907219
-0.406150540264384
0.5894220699861569
0.20979556818407533
0.17823638062187047
-0.28422969461660125
0.48924344403625486
-0.22029472606262143
0.5009362973892141
-0.3412416428710762
0.15608206608609665
0.19990808849660424
0.4942802745562763
-0.4949199629114347
0.551905332540765
0.5121068131481777
-0.39108770848803165
0.25889571284731333
-0.5795401718664408
-0.0033660422683344238
0.48608316088893944
0.4859553037797702
0.3113081405710919
0.4092130067996741
-0.1725496463893646
-0.09888725610992935
0.17424143132864753
-0.17286898562684105
-0.16114532469972895
-0.07995907957454887
-0.267909918979146
0.03501007844207238
-0.2672855546329691
0.14228144928055436
-0.014637134259663037
-0.44952098890964143
-0.4174267627640877
0.3800087135915492
-0.3475894039296594
0.6123820545022279
-0.2479465618068754
-0.4957246450520895
0.505240381403481
-0.4509040944965794
-0.30457181422109986
0.502529975563396
-0.41394989785980585
0.025296078376637998
0.2568417275875993
0.4252728916462739
0.2816055379820988
-0.09959671657851515
-0.4289649524772187
0.19220588458474963
-0.6028014736208691
-0.0949232078789023
-0.13957730005401378
-0.635460218021477
-0.37294190841953506
-0.39664073148640466
0.4237395790059242
0.4392648941030875
0.2733974564446158
-0.4412468757002378
0.4693066804910351
-0.41755850136583106
-0.4530351670854976
-0.1646970311343034
0.07794837437824018
-0.32370511226721976
-0.2786727214368278
0.058760265491616226
0.17631254838736518
0.3369527259420645
-0.5836742804532
0.43629977922965835
0.627185138218387
-0.2852054842629455
0.4790987433429593
-0.1506662797084257
0.4093806831787855
0.6105923173555017
-0.34498733548095617
-0.35294791031815087
-0.25972546142881375
-0.22907840683571126
-0.39953609336811635
-0.5027183934080309
0.11547304372435477
-0.18465484121726503
-0.309422678818564
-0.2895548710564479
-0.60675812614274
-0.42152122606097786
0.40310591686919456
0.1356663374700429
0.17561228586109445
-0.33348129041899266
-0.30704456506470107
-0.4637853545873278
-0.5910125393512086
-0.07259580380176578
0.321969149341351
-0.0763288343313337
-0.5599816741986243
-0.37325755619385037
-0.20168839920684356
-0.5772938732681142
-0.4412814021037049
-0.1579902228888244
-0.4765064617453725
-0.34741556221621195
0.4071470028110533
0.49499662908123654
0.44583389825324826
0.39487355821986747
0.28231322417219606
0.312141459775166
-0.41364199845200955
0.0836284059204726
-0.27243257258260356
0.43055587899289194
-0.26568536482333904
0.22693382279514093
-0.26935093196441906
0.4486965053324972
-0.4482409762545492
0.36045716999299415
0.3604316026437312
-0.5125314542847315
0.02994898601007745
-0.3409282377672395
0.36982617617643165
0.3229873389030181
-0.4578672674029469
-0.18391869365762817
0.41163152222487276
-0.4468308426160625
-0.41735865002443895
-0.13853124709937908
0.17464892344076255
0.05438641382947046
-0.5143829622176468
0.41650680265883633
-0.1604647703004023
-0.24430535782476995
-0.2195954348475939
0.2599391655949464
-0.43531073484123506
0.6070011414158734
0.3084497670015363
0.43656204851810065
0.5897621765748039
-0.06110373983464629
-0.34587802675851453
0.33516204110395104
-0.574254601456066
0.31353459017449314
-0.505115744735953
0.4095618279731682
-0.6106714168848669
0.35932343402349765
-0.4554615995621708
-0.047104396462288145
0.10021629747281277
0.5268555684858405
0.07265892025202342
0.4673244915247817
0.13968310422154057
0.1622973970425154
-0.6042441401977465
-0.08723816670432655
-0.38671186598265006
-0.5799704603704374
0.3946906592630648
0.5277684037617821
0.497220035313738
0.16705178418998118
0.37504113855995
-0.5242539367319415
-0.5983916677926902
0.20083762914623227
-0.3293566979517843
0.43236417015124695
0.04662489362374672
-0.045213309764411125
0.22887773765566452
0.007072292096130639
0.3986276356162708
-0.44579036531749006
-0.5188907671192979
-0.6063295654782773
0.34611281575231245
0.2965679010353623
-0.41437434037703036
-0.10022826560697862
-0.5295347701462354
0.19137304340133357
-0.25211626321006075
0.34871491091815987
-0.5646089070945253
0.26956340929101263
-0.3917854758785151
0.34590461795738475
-0.3998025631231292
-0.33075349631170203
-0.5690936766015906
-0.4726313596341549
-0.6420505892608637
-0.17233285064431006
-0.3227706008497318
-0.4252903016292455
0.3884330843986901
0.33646741685760323
-0.2210901763488111
0.18136184843115638
0.3807342378183696
-0.09953486938745609
-0.4456553528453534
-0.15225038815478803
0.15836347772881834
0.5972537381034048
0.40342954173057727
-0.6090606651016945
0.4972593056655394
-0.17069031704277937
0.009015858311360758
0.16554335526517988
-0.003607671770415266
-0.021274652223396445
-0.3155103680213089
-0.5631518517823627
-0.5651885889913623
0.3725431582178374
-0.4289600101701075
-0.525948503303103
-0.44404926226967145
-0.6065134225929687
0.02853992290188645
0.31750872693874493
-0.3552477953049654
-0.37455959078666945
0.036504164284980545
-0.558656609613516
0.015602832153602364
0.5967330065652369
0.35905270133544903
-0.621374726692784
0.5713644699052675
-0.08625391074303723
-0.12771513672801785
-0.40027936097421213
-0.2867280480271587
0.38246307447566363
0.6256346820110099
-0.5004250967576258
0.3339073330665935
0.3593273682235243
-0.1674185997097192
-0.23812110325326394
-0.3995022040638411
-0.3129530425112463
0.48206195394374585
0.2560221259082215
0.5732081146735517
0.2183749482154493
0.24926227201791964
-0.2058165447583653
0.140741130767933
-0.11135204893738879
0.4183525743463229
0.40881651636844113
-0.28049088352404583
-0.2780073043406883
0.5368495948951777
0.502713337963685
-0.46166928778120875
0.09587428478479998
-0.44858005586179106
0.5870589465835344
0.018942077807828778
0.11339148575540481
-0.024802701296914115
-0.045482992254467
0.2618599089513742
-0.5178838617345187
0.5518269719574138
0.5553816061710276
0.2915632408473885
-0.44391274258503877
0.3876895793741255
0.5407310363006934
-0.43282052568564144
-0.36751309829187984
-0.33775164358018855
0.42866458154429177
0.0068089788201572965
0.47189298705689126
-0.4659643151880818
-0.12879997230445275
-0.20578202905175713
0.48109825468513256
-0.4331554931820455
-0.4085586845765936
-0.5116655904826681
-0.48751100705934747
0.2717918586179265
0.23966021413470506
0.21671180868456175
0.13384871770525814
0.4489325671217287
-0.103320311402231
-0.40181202982607955
0.1776545579766336
0.4289187180373035
-0.02331469605344122
-0.44790214960112734
0.42599591735934317
0.3913601930894719
0.5227997173741138
-0.5432389236665184
-0.19486581304570785
0.5087626044942601
-0.48299197620528445
0.39035312825643376
0.42818485189456834
0.060695354912625954
-0.21127725778303558
-0.5968381472048899
0.4739203890357625
-0.11620427959126783
0.6301656229083854
-0.39650140437357906
-0.330829512324408
0.6209756783644732
0.37607412649315475
-0.323271510951495
0.5513791636250951
-0.6286945586451831
0.2762710898960814
0.43935381537613927
-0.5518565957814836
-0.494697168457578
-0.47247118606168725
0.5050410240803606
0.10958683658870402
-0.04252713379151746
-0.04541154144434334
0.5042730437406001
0.5765728922358029
0.5971027490934255
0.4718625949562598
0.40203275349479917
0.25022705229178804
-0.43008507343157804
-0.23587762039706234
-0.4930894075298741
-0.4190874417538742
-0.332075921832617
-0.13993257939555576
0.2869400202067343
-0.18589704482214414
-0.46461858595440403
0.5165349711636721
-0.48416124854331793
0.4579947751099602
0.61307112852005
-0.4633048211871684
-0.3612095501512484
0.6311239591712149
-0.6051258284070226
-0.26385964186412125
0.304347805425756
0.3542796413245876
0.057465396350363324
-0.03110140347831014
-0.38357346875859694
0.39264965600622903
-0.04908173441074676
0.41572706121754777
-0.5581809006930254
-0.1827053708597126
0.18526634210710569
0.00975184945031482
0.5288763698399336
-0.23534417080030687
0.08197827982573994
-0.3591614868160384
-0.5587291851094098
-0.1452006384730709
-0.41929730396325693
0.3988475743061157
-0.34991448987890106
-0.5010548737402435
0.23927579808050753
-0.5086111023544175
0.3001807095190643
0.4592099383267023
0.2512503407072572
-0.537764902514456
-0.2954458081122031
0.5345820681142341
-0.41851084784058823
0.30444766271983525
-0.4790953948182951
0.49676165913829806
-0.08750438047233194
-0.5592935247869941
0.4881601398614456
0.192370331469407
-0.3095605469446322
0.39714598377736626
0.10628646551438825
0.18233042711076525
0.4683939998063571
0.19839945643475534
-0.059455048946098654
-0.5236954277661481
-0.5845110182363147
0.21979182100781555
-0.5763130951108238
0.5153627637609681
0.4466306945096511
-0.29770380340076363
-0.5011587056910483
-0.3111945735820339
-0.00852148298801192
0.3194116888416043
0.3793572469041588
-0.4990686358260927
-0.19238160928541334
-0.41736151241707564
-0.3146895562104679
0.004249565733429328
-0.1293222631706546
-0.21715752179516373
0.2893712520627428
0.17872357852326318
-0.06566888836408782
-0.20162478863097308
0.45322760399553663
0.0914676579130049
0.48336958786512274
0.04303302007837473
-0.1828651598624548
-0.17474723246170148
0.08289462970909006
0.027495859222799957
-0.5551351428724306
0.4177361753752532
-0.3374365133319014
-0.2551712206320534
-0.10440325354511182
0.47887956973432433
-0.5751295154082999
-0.6367831012242265
0.24268729559558339
0.09113357066619457
0.28808595532759185
0.1440785490038733
-0.21466189976321867
-0.2197792275607083
-0.4538535197770694
-0.3150391818246375
0.33221839925409835
0.06215975633231641
-0.02417543922581003
-0.49561997111643114
0.5194734005698496
-0.09702637903281919
-0.5770108056955596
-0.4829609040102443
-0.03753453216699512
0.17354849829153446
-0.07475892547158547
0.44625003082602205
0.4674995952394795
-0.26516480460153485
-0.4981084558261193
0.12451559101695406
0.5325494458070662
-0.09595991375408597
-0.20127803068305672
0.46041662936178923
-0.3134897020077312
0.12965558142638745
-0.1608316419978086
0.3620922809318388
0.42157326624185265
-0.4043713846734587
0.39257575248753135
0.5322854986048404
-0.009230065813710497
-0.3592360138465511
0.6362605888882736
0.34620748151519337
0.5628852662597507
-0.5378115359024346
-0.5747981352758074
0.3510486070344105
-0.5059324580289501
0.04980868178182124
-0.4387900047481928
-0.29390446296135686
0.24306926979966534
-0.418584212640758
0.3388703789061527
-0.14540294635838352
-0.35553955092046724
0.4505610050932156
-0.33724975130844037
0.5340573556157721
0.49075244227172354
0.6124469445736356
0.46800841977854196
0.5388617680239501
-0.42849980930339376
0.4014661453082897
-0.46067673711414764
-0.23016908353556859
0.13793610210998308
0.0284648474951191
-0.166331762341688
0.11627178992480472
0.08271098869582008
0.20958662614691412
-0.4338196601447782
0.4480009899470686
-0.04141171236088609
-0.31587376984533544
0.3275402193584672
-0.48295739759517414
-0.5622453785923818
0.2505367120946637
0.306191760968343
-0.1489808777840147
-0.2945307577848878
-0.45291145630094365
-0.5887721117648083
-0.13419294512353575
0.32640607450302583
-0.3931665988012082
0.23798965231608468
0.38816239080566345
-0.4567665459911031
-0.020842566539614138
-0.40302709497894124
-0.3006525843652046
-0.5492254895955231
0.49738471062026623
0.38257326379383544
-0.14099531770262658
0.2606475609301914
0.32073683065664044
0.17086270529135286
0.06370980121829978
-0.6139459287427111
0.08609476752937942
0.280819747266735
-0.05085655586493379
-0.14801267447316352
0.21236133330393067
-0.3257469988508185
0.36856947310673754
0.290845621392571
-0.034691403500297396
0.5252603847694128
-0.35951437176563505
-0.004674524776065947
-0.4764011228146816
-0.3666302379425058
-0.28373492883090173
0.28080504228376096
-0.4999288613164309
-0.5442443673689972
-0.16807270153748263
-0.38083213638811086
-0.22041206762751414
-0.2656762281208613
0.19562986898815093
-0.5465406767250516
-0.13158382827683834
0.23820315238564493
-0.493485796238174
-0.39583037455275455
-0.6069351483175438
0.634067487214004
-0.019204932668139107
-0.13323863236786326
0.012870303909196523
-0.5943567367665936
0.2007723883519551
0.06385866937875717
-0.4402369363480571
-0.4661800075987087
0.5547122772467831
0.5990076918873399
-0.4009484053268113
-0.508009711384373
0.4245021228084287
-0.6033634918313098
0.2431608645024566
0.31212335251102913
-0.09803334308812947
0.11483879069815045
-0.6346206753799155
-0.08396565572889422
0.45093729604926047
-0.6040081612718686
-0.2240818457457166
0.4621505029290213
0.13579812321470452
-0.5196327608453349
0.17629689673044938
0.06833432098687342
0.10890151081345684
-0.47175180146016565
0.3855742186757111
-0.45771092986626466
0.07549890691575115
0.38196242376716044
-0.03109403734785296
0.10865355400148377
-0.2630620776383991
0.29196727004362966
-0.3165173806735293
0.5766048413819997
0.4539198101278802
0.3032582782770161
-0.37172674229526526
-0.026542339708016005
0.42535531181619757
-0.31666101176561606
-0.3672874632995719
0.01622879025489357
0.1332723313297847
0.05933061120578054
-0.41841720820051165
0.4560157244562971
-0.06601641692902391
-0.22765827203023928
-0.44015979752882994
0.15053126705771028
-0.5099125575681991
-0.3065593277125967
0.2584744842299382
-0.4945018855137877
0.2625449021689612
0.40724224786204877
-0.11541024421149904
0.3716669875797821
-0.11712137562844444
0.6024750507951088
0.5471553921294574
0.15552121680096753
-0.4881749873619773
0.3024073381174889
0.13012350020450442
0.31782784140846243
0.5424728036445599
0.19428162741640037
-0.3442092185761189
-0.47202503671396134
-0.22005002502914195
-0.06156951488591028
-0.4733070657293541
