-0.38805799279938524
0.49712726668102564
-0.25584631069223907
0.06415756756316951
-0.20727448599276627
-0.299663422112347
0.3251339631040935
-0.21372418227013845
-0.09385619095371175
0.1614731780322635
0.33594554913197155
-0.18496952957186724
0.29455173766180237
0.26609788536918655
0.23926215812803242
-0.24905654773055064
0.4332846963452686
-0.1942701891773447
-0.06887058600364777
0.4477836734219093
-0.07461451036347586
-0.39619929888003286
-0.4082972596234259
-0.401268062345756
0.12918645967325385
-0.19785713271092828
0.35788611451590535
0.37627462398292744
-0.1431074059397523
-0.16813192387356557
-0.2920983415700539
0.46079575051399374
0.3356018362844724
0.4057611318477098
-0.4582080389666591
0.3564745435114146
-0.35176192161203323
-0.24402536224851923
0.49311703131617757
0.14971361383257625
-0.18973008545764844
0.11046611762580213
-0.4733530644659878
0.2283382613567978
-0.025475319050577372
0.29908062472479446
-0.029942090560059545
-0.33523910831892184
-0.2995888976935762
0.16087077857495286
0.34938330449714955
0.14774679104985283
0.11552888024167089
-0.3472527806100546
-0.44753825228716965
-0.3968296555060711
-0.2911260392058843
-0.3234322420760536
-0.4957060215628054
0.1723236488564789
0.2712244269892288
-0.46372549173991984
-0.24036196575296054
-0.36276399844552154
0.369635025504633
-0.0799311537651421
-0.41034535920905457
-0.44953212615508004
-0.4413022078536504
0.3974274666280424
-0.16923935275502894
0.3870748317939136
0.08309369213824637
-0.44329257562877633
0.25311253163412145
0.304352986185924
0.1310080253947067
0.3558352623816683
-0.041275304954420736
-0.10323635612335283
-0.21756358632046996
0.43657829860692937
0.2778390797409856
0.4777830129384329
0.18756783855338943
0.4227366594939129
-0.4159965515007519
-0.31738710324957553
0.13076822901413943
0.35583320484754294
-0.32857665634708566
-0.07081450092344746
-0.31180603139534624
0.4414837594054654
0.07966934916202827
0.0170479924213396
-0.30559671802295735
0.4904926758096751
-0.2678658677398708
-0.3381084730655195
0.2624869946789404
-0.02176644727021329
0.44968388122155145
-0.258400763347791
-0.32295384859766607
-0.506336513254051
-0.4100197703603289
-0.3833519061204507
-0.11092189199846464
0.3086516914163195
0.12193956702351019
-0.12936652196613663
-0.054133215161711004
0.27162223053241763
0.33589933025773117
-0.2185202979768592
-0.005747527739921654
-0.34699016018237255
0.23122846651035514
0.3841776989448696
0.264088057455534
-0.4033578685541648
0.3339651420518661
-0.38419864228521755
0.30521653715183766
0.22612445070813847
-0.2056757314799938
0.3315485425487429
-0.012495313145274523
-0.31472453134960043
0.32414397134973727
0.2500568617157375
0.05514757775836576
-0.11747092820997433
-0.3833426610047736
-0.09827823178136554
0.2996083318904593
0.13090582461332165
0.3716554080830998
-0.2036666334280561
0.3058917549354714
0.40477361016307345
0.07793311362563754
0.3436515754816448
-0.3404277211357022
-0.20709410041091575
-0.33794804933758404
0.34185046472077363
-0.13653073145453026
0.3569838787049011
0.4529765816809714
0.2654235940611698
0.11466700440691119
0.09160688120661914
-0.015669560623517875
-0.22314200041534957
-0.31661599184042477
-0.3317070535023689
0.45186886918600444
-0.34801195977862426
-0.37404954144761415
0.40192281550301334
-0.20596095349725033
-0.054901633514906706
-0.21963470318622497
-0.45238966715039475
0.4352632179708904
0.11408075871864412
-0.016491024011998867
0.31830196581806885
0.09887627735287358
0.2993706845507122
-0.282358265340539
0.3634800272181988
0.43502620807701253
0.41650250161309693
0.4093764753517818
0.18582701289483788
-0.47800599625376516
-0.32336023000183595
-0.3171656320933332
0.00041956935302625564
0.013909893118039779
0.4644387787064971
0.325378253752325
-0.20303047663428236
-0.05523664437172429
-0.18671369366655355
0.24570918491369761
0.4528818423471327
-0.11281851342854188
0.33220673909083726
0.31118898119999006
0.2744500971517741
0.2901310120098721
0.028384621054711373
-0.25347396887948653
-0.2858816216455682
-0.20123099709645437
-0.14867241016425825
-0.30961492309199223
-0.37144175181982736
0.3721696494507388
-0.27716492060199693
0.42387543217819307
-0.20392031967563742
0.013252302986849651
-0.2935118166569517
0.3120034263726992
-0.11699079900119191
0.4307585585528364
-0.16669819471331623
-0.4252135426605676
0.309261032050489
0.2508608832147079
0.402418638658386
-0.4233322825104351
-0.09380431174448634
0.30346626853344244
-0.03852948133744254
-0.4238256725253081
0.20393725530469428
0.4146187528016803
-0.14485162480508376
0.11701251117937952
-0.26903575445278854
0.2779968906212108
-0.43625722513366644
0.28414661743562236
-0.03942149013998367
0.32646878257529033
-0.37107834782923826
0.4025004277666909
-0.39350872275590987
-0.39841833654387604
-0.4293617767545463
-0.42565609638870994
-0.20955439816957994
0.0022146256873029624
-0.30976768627557616
0.42026916300664074
-0.4087058521665562
0.23620792431327925
-0.4068279960154553
0.36196964459562986
-0.014205211994049227
0.17409514926013242
-0.20588575832625364
-0.29895657775387907
-0.3971189637503485
0.22339077542516428
-0.41359735019497423
-0.3498098986445427
0.10696829166379276
0.45451543840651265
0.2593826790776238
0.4694345640294218
0.4433195341425414
-0.07327008505754466
-0.3154051396890229
-0.4930963056213293
0.0428346473271326
-0.40688093337388104
0.43999595979698836
0.36008792321070426
-0.3080759500472672
0.4313722558328504
-0.4783173264797035
-0.2949635924276195
0.29418868623983163
0.054254049384711095
-0.1934032910116972
-0.3402435084300398
0.36888948822057993
0.3235690921652046
0.4342246283208955
-0.46410110264846544
-0.03666720814418806
0.4501181252677557
-0.15902053530241522
0.382706480648999
-0.37610611716196907
0.35751474687853196
-0.07799660185073391
0.2904712268746142
-0.4217192742822303
0.28598051580749984
-0.44601936736016107
0.4293541115837298
0.4400407455432523
0.3850383702188439
0.3960497944243465
0.434774044360893
-0.04940828993302769
0.09472476266634601
0.4403518167787931
-0.05135870691055472
-0.1336282208642789
0.3531968628589568
0.04038557134111731
-0.43876168387103087
0.30355727271106514
0.3239867904864213
0.2679079958672032
-0.2985886954812189
-0.3280403157689331
-0.0877959982079951
0.49928069249088053
-0.33544904357616
0.30945618890879906
0.20181918821083705
-0.33491094245988806
0.1752013380678509
-0.16057884861007055
0.40984267659688506
0.31827985339001047
0.27188664009269364
-0.08318822707660234
0.23722994787345014
0.27148472030908066
0.10317998174921778
0.4156644081426447
-0.29082592130599694
0.018758665017095083
0.31742285966393513
0.3718273244003222
-0.25488496392064575
0.3039671567742609
0.24464940227680376
-0.3380245614979248
-0.4107003711967974
0.49563167598766833
-0.4516656912241925
-0.17238298235500632
0.27965701651281627
0.08991162107644658
0.05051764242968511
-0.12514458906407458
-0.4813352772827657
0.4481386195757534
-0.4127849609649855
-0.32059078999006785
-0.08769300737228282
0.35328376557858177
0.05670221133081557
0.05979023555783161
-0.4464814534700126
-0.29728235247759843
-0.4712269982008519
-0.28617400114209396
-0.34207744519332695
-0.07545543701365387
-0.2543510889760588
-0.12835060952103822
-0.3655358599384019
-0.42525214037760056
0.34644155172064023
0.003742883659207913
-0.30579140975483576
-0.17375703363403958
0.3877184199294782
-0.3296752188550588
0.2153120812431871
-0.28545674982749386
0.1818506445386282
0.15568236250319456
0.22345755629389716
-0.1738444697677402
-0.3614217952018229
0.49877758554173285
-0.46353853481059526
-0.3834781387090439
-0.32621518596829935
0.34386596262884056
-0.2838405382398145
-0.45719579169923447
0.14959527394800592
0.10462289645303627
0.3832021184414127
-0.10710986001078995
-0.23788770671476359
-0.18677202093407896
0.29039826157346765
-0.08628835851365117
-0.061413567868828095
-0.4781523117191336
0.25578586789873087
0.16276319947190016
0.37097893686270467
0.4384942781074422
-0.4181828477517479
-0.3230316983705701
-0.3082351121589737
-0.3097031463213694
-0.3184428414993637
0.29141138017072654
0.3724184955488971
-0.28827127894718674
-0.44033747947021884
0.2543996913146218
0.3898787058329808
-0.11788257640346023
-0.18048372323646955
-0.28222347012119986
0.4075206603057099
-0.12438579108953524
-0.4444638206738259
0.26850750987526856
-0.07690489808885563
-0.10285719103261769
0.18640195837366375
0.35431416712341895
0.45801550239393046
-0.2996700361916068
0.25581045283736376
-0.4843850700792448
0.14272753543960912
0.33626575078237764
-0.35198658151680307
-0.45287112928001383
0.3534117362427388
-0.36126923954150225
0.4622259119579625
0.02647661091118944
-0.30250525041880566
0.40549475092085485
0.29152248969163697
0.3742901470417549
-0.17272976488856462
-0.3022587324983444
-0.14407749348043142
-0.20894807416513728
-0.3810251240612221
-0.37803137938206355
-0.37860796181834677
-0.497068107801215
-0.1560960613636623
-0.010321035343944088
0.4657212951619489
-0.007231471571328779
0.4767403392856031
0.2881915851805472
0.12263133699442344
0.32520443514028596
-0.3432009514712801
0.3850185716855439
0.3324684875890443
-0.4472848555639728
0.4918387952351482
-0.4017897173739392
-0.46110792057780314
0.2787841527401764
0.3171074562437839
-0.44676769031942587
0.3157836746241107
0.027871904076085058
-0.44241719282050085
-0.39540067996234957
0.146805033736717
-0.1800659670598367
0.18728207181991247
-0.3083121772964357
-0.14075521289185108
-0.3997389616839997
0.34752139217189704
-0.023339561870849637
-0.2838975373623135
0.25784834473260576
-0.2189570787133727
0.30098092163897566
0.11377764886742064
0.14522943491193457
0.31875348848531104
-0.13841309115810752
0.0831724848673886
-0.4399114695262239
0.05627015195751407
0.4593308618466297
-0.3910698062329593
0.301710880903449
0.0072825866790675875
-0.28862325212008855
-0.2980632802222331
0.4923969037017891
0.39396301857911975
-0.42481203612410606
0.3065854797104991
-0.3544033121559266
0.44419098842984706
-0.27839340872512597
0.2877718346353447
0.29099663394207365
-0.21820676788096757
0.028145132508761994
0.3110493281677697
-0.37376979682638806
-0.24536910665178469
0.1301751848388007
-0.47029599570043007
0.053578889880492545
-0.12764655260615929
0.3635382779470743
0.4123237337867946
-0.386931811769978
0.4990039880031753
-0.426872667685504
-0.23318245159806988
0.03226590247675276
0.40490870359865916
0.3805142340012761
0.20017821865921695
-0.013666772749890255
-0.11256527963130161
0.3753679307333555
-0.07483167896569484
0.39070139555305816
0.33413636636262195
0.25183579814119106
0.33945810423501477
0.38131408314816584
-0.3309028480471602
-0.26932306942360446
-0.1279277675750419
0.33151631033165796
-0.27567942915251603
-0.2467613553032898
-0.47896909844752233
-0.26196026561131147
0.33236709513829055
0.3165435313212648
0.11273029277182889
0.25185328746257785
0.4921914095361065
-0.25985417007378764
0.0001214656605608988
0.3021034111111452
-0.1651987312218714
-0.4625777402764326
0.5086371409936946
0.4179434494387057
-0.37359425875605146
0.17538925600367705
-0.43428630168015186
-0.3216028877124378
-0.10625309384978568
0.0007897911986357031
0.49625087931511863
0.10186864024668803
-0.024860175721443806
0.16283090973285894
0.18384495718192156
0.4603353566319971
-0.3094470478486123
-0.12496119554572485
0.43196491098554846
0.18878308643936093
0.20108577552078663
-0.326787426696219
0.3061166105127149
-0.2525535545387465
-0.3786459754596783
0.39561959223340265
0.3438949066876394
0.1641378328345757
-0.3164211639742541
0.268165204782904
-0.09500013336339719
-0.49656887500031516
0.44950199699538956
-0.2504681788716969
0.2718638758647164
-0.06736237698302683
-0.2367410452916064
0.39337504439380494
-0.08309679454343778
-0.20629106646807482
-0.2670373412374554
0.03346581158268058
-0.4229389426116048
-0.38770016755777875
-0.2953507350815031
0.21919312293668577
0.38021127722097364
-0.3450411493235818
0.4331979835073097
0.22412293476536743
0.4268520773639528
0.31200644839051234
-0.3091007607652325
0.3334747825470824
-0.43300010026934704
0.2782669057322825
0.36069400202056706
-0.49873362593492415
0.423099666820606
-0.48100184032240334
-0.1832909912872823
-0.4737089699893477
-0.4205313556005206
-0.22178922074710727
0.4354574153433411
-0.0859100894618632
0.3709346307782356
-0.02909760393800656
0.08779410023608046
-0.20771819823999169
-0.10408032847409279
0.17916004762048307
0.12186532011093186
0.09537177142962239
0.39930714751959356
-0.1313581986548084
0.29778306712401187
0.43102468985072045
-0.05228492899384385
0.1697180093876708
0.3528147613509022
0.07769916968490315
-0.39140266629143544
0.30426422479844223
0.007873559485751913
0.17104342565219985
0.49135331651937175
-0.1604773334610808
-0.3283851467868653
0.37771211118229536
0.04769092932064148
-0.24529710588881493
0.2850854779730585
-0.25371975343011477
0.15916502479003433
0.0722976851858543
0.44331859661830764
-0.4169096845538601
-0.17530998131170406
0.2851008274070954
-0.30225523318222086
-0.1211880241409812
-0.3574643244046993
0.2082745482165185
0.48631219139350823
-0.26506364902746316
-0.021021727335485962
-0.170663231157884
0.2958155189998276
0.06364234905473559
0.40088528560396897
-0.3718663999564962
-0.3532464483988919
0.23442612837209514
-0.4791768585898517
0.15597807032968403
-0.17867738278827325
0.1393501434672353
0.08451048985787418
0.005048165390622805
-0.36443094965009043
0.3976197447690919
0.25925495955588224
-0.12463410537462866
0.37226331766197207
-0.019009592155963123
0.3419395392106093
0.05371372761994575
0.40294633447298145
0.32553490786117556
-0.4054191386025618
0.17828984914930315
0.10085193899261778
0.4432182227208915
-0.40979982615897054
-0.2152037174728107
0.32459935050774336
0.18054276300662636
0.39841098843501516
-0.35833131356972625
0.22810312459953555
0.4039879872243788
0.42308681268049664
-0.48903657885025426
-0.4343435901303917
0.15134677202779273
0.3751939729141038
-0.3945132754271335
0.34344014811895224
-0.019428704067329203
-0.4160545267325126
-0.11005696552201746
0.08624778999673999
0.46803837363728795
0.31999324302173315
-0.31635296280118635
0.48466937149899086
0.013178762380676029
-0.13344059165372635
0.1277509072365004
0.430037779157839
-0.38125675029961925
-0.30837889034377103
0.11584868443793134
0.2511978934549364
-0.3978969744165902
0.2359714559349616
-0.31564212530402735
-0.053912797245896135
-0.2032145673332567
0.15713198852393823
0.3227175749248717
-0.3654213761131664
0.3226358307359641
-0.33943934020493005
-0.29519799858807827
-0.3430611512108348
0.08243791663631135
0.2862234965579239
-0.10455623292867124
0.35705141850463706
0.40279931655507617
0.1988019944855643
0.12291989082339554
-0.2582384035284081
0.3634363405739392
-0.3690930402166779
-0.13192120852208045
-0.06633261068656174
0.35791969044778543
-0.34673148720875424
0.3111980390064798
0.39736764022117893
0.02341450273787299
0.3647322156707958
-0.015308655766498855
-0.33889919372036725
-0.10811347859074012
-0.4698682404814867
0.26164530624482735
-0.4102430946282496
-0.33973017770656544
0.11781108728155767
0.2805591584167728
-0.061399019732821206
-0.2977985329533905
-0.08015981685693144
-0.40009172524844666
-0.31360529660396996
0.4135150283097587
0.13854119516678043
-0.08873232110554205
0.23916825268386493
0.3273342380237613
